Device = VHR-0009
time_stamp = 1780033386566
sample_rate = 50
Data format = INT16
TYPE = 6-AXIS IMU RAW DATA
18
25
21
2161
136
3555
58495
19
18
26
2148
129
3558
59520
14
13
22
2165
132
3564
60545
3
8
20
2179
104
3574
61570
6
5
19
2171
97
3567
62595
2
1
17
2169
105
3551
63620
-4
-3
13
2169
97
3566
64645
4
-4
12
2174
97
3563
65670
12
-5
11
2169
112
3556
66695
7
-8
13
2158
126
3548
67720
-9
-16
14
2165
118
3538
68745
-11
-17
16
2171
116
3532
69770
-4
-18
17
2173
115
3529
70795
2
-18
18
2156
123
3519
71820
-7
-21
21
2151
121
3522
72845
-25
-21
24
2170
125
3510
73870
-34
-16
23
2168
113
3521
66689
-27
-9
19
2165
79
3538
67714
-5
0
17
2170
80
3546
68739
0
1
25
2151
118
3545
69764
-26
-8
22
2163
120
3544
70789
-46
-18
17
2174
96
3554
71814
-37
-18
15
2191
102
3540
72839
-31
-18
15
2201
116
3536
73864
-33
-21
18
2193
93
3534
74889
-30
-22
23
2192
73
3541
75914
-25
-20
26
2184
70
3546
76939
-25
-19
25
2170
57
3554
77964
-32
-18
19
2168
55
3544
78989
-34
-16
16
2173
65
3533
80014
-39
-14
13
2175
88
3544
81039
-43
-15
16
2168
81
3541
82064
-36
-18
24
2165
83
3533
74881
-35
-18
28
2184
86
3547
75906
-37
-18
30
2196
57
3548
76931
-23
-13
31
2185
47
3543
77956
-13
-12
29
2186
49
3530
78981
-19
-16
28
2191
45
3529
80006
-26
-19
27
2201
34
3538
81031
-24
-18
25
2218
33
3525
82056
-18
-16
29
2209
34
3528
83081
-12
-21
31
2210
72
3559
84106
-31
-29
32
2218
49
3541
85131
-38
-27
27
2218
-3
3522
86156
-20
-17
21
2204
-5
3520
87181
-14
-13
16
2199
23
3527
88206
-28
-12
14
2215
12
3520
89231
-26
-8
11
2221
1
3513
90256
-15
-3
9
2203
14
3522
83074
-17
-3
7
2201
19
3496
84099
-23
6
8
2203
17
3492
85124
-22
14
4
2193
1
3539
86149
-6
18
-4
2181
10
3542
87174
1
14
3
2163
33
3540
88199
-10
5
11
2173
50
3535
89224
-29
-4
16
2200
34
3540
90249
-30
-6
20
2208
6
3543
91274
-18
-4
21
2207
17
3520
92299
-11
-2
20
2208
14
3517
93324
-1
1
20
2195
4
3527
94349
1
0
20
2192
1
3533
95374
-15
-3
20
2209
-7
3539
96399
-17
-1
21
2200
-22
3542
97424
-11
2
19
2193
-1
3539
98449
-13
1
15
2183
6
3537
91265
-22
-2
13
2187
9
3518
92290
-29
-2
16
2201
9
3512
93315
-28
3
20
2217
0
3516
94340
-18
10
21
2217
-29
3534
95365
-1
20
16
2200
-15
3536
96390
-8
21
11
2184
-3
3548
97415
-26
10
7
2192
-25
3560
98440
-24
4
5
2210
-53
3525
99465
-3
12
6
2189
-11
3546
100490
-21
2
4
2193
-3
3550
101515
-29
-3
8
2205
-23
3546
102540
-20
-3
13
2192
-17
3545
103565
-14
-5
14
2192
-17
3553
104590
-18
-7
11
2190
-29
3557
105615
-18
-10
10
2176
-35
3558
106640
-12
-12
9
2180
-16
3544
99456
-22
-18
10
2200
-29
3538
100481
-24
-19
13
2207
-50
3531
101506
-17
-17
11
2198
-35
3522
102531
-26
-13
5
2206
-38
3520
103556
-32
-5
4
2204
-77
3525
104581
-8
16
-4
2185
-45
3529
105606
11
27
-11
2171
-17
3574
106631
8
21
-11
2172
-4
3576
107656
-1
11
5
2167
-6
3556
108681
-9
2
15
2188
5
3553
109706
-19
-5
18
2204
-30
3558
110731
-15
-1
21
2209
-58
3522
111756
-2
14
26
2192
-83
3445
112781
24
41
29
2176
-157
3368
113806
65
80
51
2133
-143
3466
114831
-19
70
75
2147
-20
3714
107647
-111
-24
65
2235
-21
3793
108672
-90
-91
123
2220
-102
3592
109697
19
-83
91
2143
-109
3605
110722
59
-77
19
2226
-53
3573
111747
142
-57
25
2180
-80
3469
112772
117
-51
-4
2168
15
3533
113797
34
-58
-5
2199
31
3504
114822
86
-15
5
2217
10
3368
115847
105
48
-17
2199
-25
3288
116872
113
59
-23
2184
-27
3469
117897
185
57
7
2172
115
3631
118922
108
38
29
2153
168
3625
119947
-63
-3
28
2168
15
3557
120972
-145
-7
27
2187
55
3592
121997
-269
13
16
2221
97
3556
123022
-371
34
-25
2266
-98
3479
115840
-262
36
-55
2362
-266
3681
116865
-179
-14
-49
2299
-279
3861
117890
137
-120
27
1885
104
4232
118915
391
-57
-151
1872
-440
3193
119940
-230
23
-111
2564
234
2453
120965
16
261
92
2199
-760
2867
121990
933
360
121
1909
-12
3695
123015
611
83
105
1878
1063
4696
124040
-622
-266
28
2378
224
3638
125065
-618
-201
61
2581
-117
2809
126090
-320
-9
107
2014
-101
3554
127115
-487
-61
-25
2158
-233
3986
128140
-449
-113
-54
2324
-285
3787
129165
-184
-98
-44
2250
-309
3582
130190
86
-60
-59
2254
-240
3434
131215
186
-2
-67
2195
-107
3413
124032
150
17
-72
2168
-82
3465
125057
155
33
-66
2179
-84
3477
126082
154
43
-35
2160
2
3505
127107
69
11
7
2129
7
3522
128132
-16
-20
35
2130
-98
3487
129157
-26
-25
37
2174
-134
3532
130182
-12
-20
32
2178
-111
3569
131207
-13
-21
23
2173
-92
3563
132232
-21
-25
16
2182
-89
3552
133257
-26
-24
10
2206
-87
3542
134282
-25
-15
5
2213
-93
3527
135307
-8
-1
1
2201
-84
3541
136332
1
4
-1
2203
-84
3561
137357
8
4
0
2221
-64
3563
138382
6
0
9
2215
-63
3562
139407
4
-6
13
2218
-74
3560
132224
3
-9
16
2215
-96
3547
133249
10
-6
16
2218
-105
3535
134274
18
-2
12
2215
-108
3526
135299
18
-3
4
2213
-95
3527
136324
8
-4
0
2213
-101
3525
137349
8
-3
1
2195
-112
3509
138374
13
0
0
2197
-94
3485
139399
9
5
-2
2200
-88
3465
140424
2
11
-9
2202
-97
3508
141449
5
19
-18
2192
-95
3517
142474
20
37
-26
2173
-72
3516
143499
30
56
-32
2179
-51
3528
144524
37
71
-26
2182
-34
3550
145549
39
70
-19
2166
-38
3584
146574
57
59
-15
2174
-79
3606
147599
70
52
-3
2154
-36
3572
140567
41
38
10
2144
5
3569
141592
-5
10
15
2164
-62
3590
142617
2
-2
18
2178
-68
3588
143642
13
-9
20
2174
-56
3571
144667
6
-18
17
2174
-65
3548
145692
7
-19
11
2189
-84
3539
146717
17
-13
7
2192
-84
3547
147742
20
-9
7
2173
-86
3557
148767
12
-8
3
2166
-69
3556
149792
-2
-11
1
2175
-72
3536
150817
-4
-9
-3
2169
-60
3539
151842
-1
-7
-7
2175
-40
3545
152867
-2
-6
-5
2180
-27
3540
153892
-4
-2
-2
2167
-26
3529
154917
2
4
-1
2166
-37
3552
155942
6
9
0
2155
-38
3558
148608
2
9
2
2154
-32
3549
149633
1
7
1
2165
-37
3558
150658
2
5
3
2156
-52
3567
151683
2
2
7
2160
-42
3555
152708
-9
-1
9
2173
-46
3544
153733
-12
-1
11
2171
-56
3540
154758
-2
0
10
2174
-65
3554
155783
7
2
10
2168
-53
3552
156808
7
1
11
2167
-42
3560
157833
-2
-2
9
2179
-51
3563
158858
-6
-6
10
2181
-66
3567
159883
3
-5
10
2166
-52
3563
160908
3
-7
6
2167
-53
3553
161933
1
-10
2
2176
-49
3553
162958
0
-7
2
2165
-68
3561
163983
6
7
2
2159
-77
3526
156800
18
35
7
2148
-52
3485
157825
57
65
13
2149
-59
3488
158850
152
96
32
2087
-112
3482
159875
248
73
49
2105
-93
3486
160900
263
50
54
2128
105
3650
161925
98
-16
43
2156
94
3713
162950
-64
-70
29
2225
57
3750
163975
-139
-85
41
2205
-67
3632
165000
-53
-75
39
2226
-108
3522
166025
41
-41
25
2185
53
3561
167050
-8
-42
16
2172
34
3531
168075
-44
-7
5
2167
38
3488
169100
-142
69
-69
2210
-63
3268
170125
135
156
-139
2338
-324
3217
171150
106
121
-73
2143
245
3978
172175
-200
-224
-66
1506
96
5200
164993
-178
-317
-237
1947
-908
3479
166018
-132
-228
-111
2844
1102
2909
167043
-210
-79
198
2082
-71
2844
168068
223
103
150
2046
-340
3213
169093
401
92
73
1965
423
4036
170118
-178
-112
38
2164
10
3880
171143
-297
-125
66
2532
54
3251
172168
-137
-17
165
2252
50
3063
173193
-131
36
109
2096
-202
3405
174218
-181
43
15
2159
-228
3709
175243
-208
13
4
2211
-214
3661
176268
-96
1
19
2185
-324
3488
177293
85
23
12
2167
-252
3420
178318
146
42
-8
2155
-126
3489
179343
95
53
-25
2136
-84
3540
180368
32
63
-42
2184
-39
3522
173183
-15
61
-38
2223
-36
3531
174208
-30
41
-10
2209
-72
3578
175233
-7
19
13
2210
-44
3617
176258
-2
6
25
2221
-37
3624
177283
-10
6
23
2218
-64
3599
178308
-5
13
8
2186
-114
3616
179333
13
16
-11
2181
-121
3628
180358
32
12
-15
2169
-107
3625
181383
31
4
-7
2144
-94
3590
182408
16
-1
-6
2151
-83
3554
183433
9
-4
-11
2167
-66
3546
184458
11
-5
-13
2168
-44
3536
185483
10
-5
-10
2162
-38
3505
186508
13
-7
-2
2140
-55
3493
187533
7
-4
6
2150
-70
3491
188558
-1
5
14
2156
-71
3491
181376
-8
14
16
2152
-96
3520
182401
-8
23
10
2156
-102
3548
183426
-9
26
4
2167
-90
3556
184451
-11
27
1
2161
-74
3563
185476
-14
27
-1
2168
-59
3545
186501
-20
26
1
2178
-67
3564
187526
-22
25
-1
2178
-82
3605
188551
-1
22
2
2161
-93
3592
189576
32
27
1
2148
-27
3572
190601
-6
18
-3
2140
-43
3601
191626
-40
2
-8
2161
-119
3610
192651
-7
3
-6
2151
-103
3590
193676
10
4
-8
2152
-72
3574
194701
-1
-3
-6
2138
-69
3590
195726
-10
-11
-5
2137
-77
3589
196751
-7
-17
-2
2135
-85
3573
189568
3
-17
-4
2142
-79
3581
190593
12
-9
-4
2137
-42
3571
191618
7
-8
0
2131
-34
3543
192643
4
-6
3
2140
-48
3535
193668
8
-4
9
2149
-63
3549
194693
11
-5
13
2146
-68
3546
195718
10
-5
16
2146
-80
3551
196743
2
-4
13
2145
-84
3553
197768
-10
-2
7
2143
-78
3565
198793
-19
-3
2
2152
-100
3586
199818
-1
-1
1
2150
-109
3589
200843
19
-1
6
2124
-58
3578
201868
-2
-8
7
2129
-32
3571
202893
-26
-15
6
2163
-77
3569
203918
-8
-13
5
2166
-69
3567
204943
8
-11
8
2162
-44
3556
197759
-3
-15
11
2158
-73
3544
198784
0
-13
10
2169
-99
3550
199809
14
-6
9
2157
-106
3567
200834
14
-1
5
2143
-84
3582
201859
-3
-6
4
2147
-82
3573
202884
-15
-9
5
2156
-84
3554
203909
-12
3
4
2165
-100
3518
204934
12
45
8
2140
-124
3435
205959
38
98
16
2083
-123
3379
206984
49
65
27
2111
-28
3561
208009
0
-23
49
2182
27
3771
209034
-44
-56
53
2165
-108
3735
210059
-10
-46
31
2195
-123
3550
211084
25
-29
38
2136
16
3626
212109
-72
-59
23
2129
-84
3687
213134
-72
-59
2
2188
-200
3607
205952
60
-24
3
2151
-114
3571
206977
61
-12
-1
2142
19
3597
208002
0
-37
10
2149
-46
3567
209027
12
-40
14
2155
-86
3548
210052
17
-27
9
2175
-69
3544
211077
-2
-18
7
2157
-38
3563
212102
-99
6
-27
2183
-99
3579
213127
-301
85
-76
2257
98
3685
214152
-890
51
-65
2102
384
3752
215177
-1294
-184
41
2044
1
3586
216202
-885
-309
55
1733
-708
3803
217227
-684
-123
-197
2293
-871
2642
218252
-452
31
-23
2458
-432
2854
219277
93
226
64
2024
-767
3348
220302
696
250
34
2165
-342
3603
221327
569
127
55
2131
179
3951
214145
-48
-82
75
2232
-233
3849
215170
-116
-135
56
2431
-468
3681
216195
43
-72
84
2272
-258
3601
217220
56
-62
53
2211
-344
3571
218245
78
-44
1
2213
-438
3588
219270
129
-28
-28
2190
-341
3566
220295
122
-19
-39
2167
-295
3504
221320
107
-5
-40
2155
-286
3494
222345
127
10
-36
2160
-262
3488
223370
146
18
-22
2135
-218
3517
224395
120
12
-13
2136
-165
3509
225420
62
2
2
2151
-158
3478
226445
9
-2
16
2155
-201
3510
227470
-14
-3
20
2160
-248
3551
228495
-3
2
20
2171
-267
3582
229520
13
8
18
2181
-257
3595
222336
26
9
11
2184
-269
3580
223361
34
7
4
2189
-250
3569
224386
29
2
4
2192
-239
3568
225411
24
-4
6
2188
-245
3569
226436
17
-10
7
2196
-247
3559
227461
9
-13
6
2198
-239
3563
228486
-1
-17
2
2188
-257
3567
229511
0
-16
-4
2193
-256
3555
230536
6
-14
-6
2170
-257
3554
231561
13
-13
-8
2174
-239
3542
232586
7
-11
-9
2178
-214
3538
233611
-1
-12
-8
2175
-231
3523
234636
6
-8
-6
2166
-217
3511
235661
3
-5
-1
2153
-198
3510
236686
-16
-4
0
2172
-214
3512
237711
-19
4
1
2168
-240
3548
230528
0
11
-1
2163
-227
3577
231553
5
7
0
2171
-217
3566
232578
-1
0
11
2161
-213
3556
233603
-10
-4
11
2185
-210
3536
234628
-10
-4
12
2190
-221
3555
235653
-5
-7
13
2199
-206
3553
236678
-10
-14
16
2202
-220
3543
237703
-6
-16
17
2205
-255
3542
238728
16
-8
14
2192
-250
3547
239753
20
-2
8
2182
-237
3548
240778
-1
-4
5
2181
-243
3553
241803
-8
-3
4
2192
-252
3549
242828
-1
0
2
2179
-243
3556
243853
4
0
1
2173
-216
3565
244878
-3
-3
0
2176
-221
3550
245903
-8
-5
2
2182
-235
3537
238720
2
-1
5
2193
-242
3544
239745
11
6
6
2172
-243
3542
240770
12
5
5
2154
-239
3545
241795
8
0
1
2164
-213
3542
242820
-9
-6
2
2180
-242
3544
243845
-5
-6
4
2181
-244
3547
244870
8
-1
6
2181
-217
3547
245895
6
5
10
2166
-218
3523
246920
7
9
13
2162
-217
3534
247945
7
8
13
2169
-228
3561
248970
6
8
15
2170
-236
3560
249995
5
7
13
2173
-236
3560
251020
13
5
10
2179
-232
3553
252045
18
7
8
2179
-217
3542
253070
2
5
5
2172
-204
3552
254095
-23
-7
1
2192
-230
3576
246912
-20
-9
4
2207
-235
3553
247937
-7
-2
7
2205
-211
3500
248962
-3
10
3
2178
-224
3521
249987
0
13
-8
2157
-266
3587
251012
22
8
-11
2188
-249
3606
252037
26
12
6
2165
-243
3543
253062
31
27
13
2179
-294
3423
254087
122
67
30
2177
-316
3430
255112
291
61
62
2147
-133
3595
256137
277
3
76
2140
28
3674
257162
80
-39
55
2094
-241
3546
258187
28
-55
4
2214
-377
3549
259212
50
-26
-5
2265
-78
3673
260237
-60
-54
31
2165
-86
3680
261262
-135
-86
29
2177
-224
3635
262287
-117
-64
8
2179
-192
3587
255105
-131
-47
-6
2159
-171
3551
256130
-178
-13
-32
2184
-179
3430
257155
-216
51
-75
2205
-371
3225
258180
0
163
-116
2291
-276
3084
259205
130
205
-156
2335
-117
3453
260230
-25
24
-72
2216
-180
4122
261255
36
-157
19
1252
-516
4473
262280
-225
-156
-250
2186
40
3619
263305
-581
-369
14
2549
414
3641
264330
-491
-271
199
2067
-802
3342
265355
209
-45
99
2341
-261
3009
266380
388
62
61
2165
107
3420
267405
-104
-3
29
2200
-190
3835
268430
-271
-64
49
2462
-431
3412
269455
30
20
84
2469
-183
2989
270480
124
128
84
2115
-297
3277
263295
33
106
-3
2094
-516
3631
264320
26
43
-31
2177
-426
3650
265345
39
-14
-3
2137
-365
3602
266370
48
-41
-12
2161
-336
3508
267395
34
-20
-8
2158
-237
3473
268420
-20
5
-3
2136
-215
3528
269445
-40
17
-12
2133
-248
3585
270470
0
17
-11
2145
-260
3592
271495
45
22
4
2191
-197
3496
272520
59
35
23
2184
-170
3493
273545
23
32
29
2177
-225
3567
274570
-10
21
23
2231
-250
3566
275595
0
16
24
2246
-279
3555
276620
19
6
20
2228
-316
3587
277645
23
-4
11
2220
-306
3574
278670
10
-11
5
2218
-298
3561
271488
0
-19
0
2213
-314
3563
272513
10
-18
-9
2211
-294
3556
273538
20
-15
-10
2189
-237
3546
274563
13
-19
-8
2178
-199
3544
275588
-8
-27
-2
2199
-197
3532
276613
-11
-22
10
2202
-222
3492
277638
8
-9
16
2190
-247
3523
278663
18
-1
16
2190
-251
3542
279688
26
2
17
2179
-254
3530
280713
15
-3
14
2174
-263
3529
281738
2
-6
12
2184
-254
3508
282763
-3
-5
9
2195
-250
3528
283788
-14
-7
9
2216
-241
3515
284813
-10
-4
15
2208
-247
3511
285838
-10
-3
16
2206
-263
3529
286863
-4
1
15
2210
-266
3533
279728
-2
4
12
2185
-276
3548
280753
-11
-1
7
2193
-276
3550
281778
-7
-1
2
2208
-290
3553
282803
2
1
-2
2209
-264
3551
283828
1
1
-2
2208
-255
3541
284853
0
1
1
2177
-252
3550
285878
-10
-10
0
2187
-259
3552
286903
-14
-11
-1
2205
-252
3535
287928
-13
-4
1
2185
-263
3540
288953
0
-1
-2
2172
-254
3552
289978
9
-3
-1
2167
-256
3543
291003
2
-8
6
2174
-250
3536
292028
-5
-14
11
2190
-253
3542
293053
-6
-14
10
2198
-259
3541
294078
-5
-12
10
2206
-239
3521
295103
-2
-11
13
2205
-252
3503
287872
5
-9
14
2215
-264
3521
288897
14
-5
15
2206
-261
3512
289922
9
-2
14
2194
-268
3524
290947
-5
-1
12
2196
-288
3536
291972
-8
0
9
2198
-283
3539
292997
-8
0
3
2207
-259
3538
294022
-14
-1
1
2226
-245
3539
295047
-18
-1
2
2222
-250
3530
296072
-11
1
2
2218
-250
3538
297097
-5
2
2
2212
-261
3556
298122
2
3
2
2196
-261
3565
299147
4
0
-1
2187
-259
3551
300172
-4
-5
-5
2196
-268
3551
301197
-6
-9
-5
2196
-271
3545
302222
-1
-13
-4
2199
-261
3535
303247
-1
-13
-3
2196
-258
3527
296065
-1
-9
0
2190
-274
3513
297090
5
-3
1
2183
-283
3523
298115
10
4
5
2178
-277
3510
299140
9
3
11
2155
-292
3498
300165
80
-9
32
2212
-247
3459
301190
154
46
60
2090
-101
3519
302215
-33
14
31
2117
-129
3592
303240
-210
-20
21
2186
-340
3577
304265
-221
-7
21
2223
-288
3535
305290
-211
-6
40
2220
-274
3537
306315
-145
-19
55
2217
-399
3598
307340
-29
-23
39
2252
-363
3635
308365
32
-16
26
2249
-319
3589
309390
44
-15
28
2227
-296
3555
310415
45
-14
33
2227
-303
3479
311440
55
-3
30
2214
-305
3486
304256
29
-1
19
2197
-331
3531
305281
6
-5
15
2199
-342
3486
306306
-53
-2
14
2177
-316
3483
307331
-176
17
0
2227
-270
3514
308356
-287
70
-54
2327
-429
3507
309381
-129
90
11
2272
-471
3447
310406
-31
0
120
2018
153
3932
311431
-260
-214
25
1801
70
4180
312456
-444
-220
-99
2400
-554
3345
313481
-505
-32
111
2371
-474
2567
314506
-97
237
126
2131
-1146
2739
315531
547
417
101
2011
-457
3538
316556
441
166
124
1908
116
4395
317581
-242
-123
65
2374
-462
3756
318606
-188
-65
78
2480
-570
3096
319631
25
49
107
2086
-403
3398
312449
-76
25
18
2147
-520
3752
313474
-121
-24
-20
2236
-608
3769
314499
-14
-39
-27
2234
-581
3619
315524
109
-11
-54
2210
-520
3520
316549
154
20
-78
2192
-434
3533
317574
138
25
-78
2150
-426
3604
318599
137
15
-68
2147
-409
3616
319624
159
10
-52
2133
-342
3559
320649
142
-8
-37
2126
-312
3502
321674
98
-24
-27
2136
-313
3508
322699
40
-25
-18
2142
-307
3515
323724
-9
-18
-10
2153
-333
3519
324749
-20
-3
-10
2163
-351
3516
325774
-13
10
-12
2164
-353
3528
326799
-8
15
-11
2156
-355
3546
327824
1
15
-6
2147
-367
3549
320641
19
11
4
2151
-357
3569
321666
20
5
7
2177
-336
3567
322691
5
3
11
2167
-324
3564
323716
-13
-6
5
2192
-347
3597
324741
-14
-13
2
2217
-369
3563
325766
10
-10
7
2185
-367
3547
326791
16
-12
6
2177
-366
3538
327816
11
-9
3
2172
-360
3533
328841
-1
-8
0
2159
-385
3559
329866
-1
-7
-4
2171
-377
3558
330891
4
-1
-4
2152
-352
3535
331916
-2
-2
-7
2150
-334
3553
332941
-6
-5
-6
2166
-338
3554
333966
4
-3
1
2147
-343
3553
334991
8
-4
3
2149
-346
3568
336016
13
-8
6
2161
-341
3568
328832
24
-10
8
2144
-351
3561
329857
26
-15
5
2161
-364
3558
330882
34
-14
6
2172
-328
3553
331907
20
-15
10
2157
-332
3546
332932
1
-18
10
2170
-348
3535
333957
-2
-16
11
2174
-356
3535
334982
1
-13
13
2173
-344
3537
336007
-1
-11
12
2182
-344
3534
337032
-4
-8
11
2172
-346
3534
338057
-9
-9
8
2169
-349
3543
339082
-9
-13
8
2178
-349
3550
340107
-6
-15
9
2175
-347
3537
341132
-10
-16
8
2181
-335
3538
342157
-22
-18
7
2192
-343
3525
343182
-21
-9
8
2187
-350
3533
344207
-11
-2
9
2168
-361
3551
337024
2
1
5
2169
-358
3554
338049
3
1
6
2156
-350
3566
339074
-10
-7
11
2161
-357
3559
340099
-16
-13
9
2199
-349
3564
341124
-14
-15
9
2205
-351
3554
342149
-6
-16
12
2185
-346
3542
343174
-8
-17
10
2187
-348
3528
344199
-7
-15
8
2167
-361
3532
345224
1
-9
9
2149
-355
3528
346249
3
-2
12
2152
-345
3523
347274
1
4
17
2164
-355
3526
348299
3
13
22
2162
-361
3530
349324
5
16
23
2152
-329
3554
350349
-6
12
20
2172
-331
3544
351374
-12
11
26
2180
-366
3545
352399
10
13
29
2202
-352
3559
345217
16
17
34
2185
-378
3553
346242
17
16
29
2177
-393
3568
347267
21
28
23
2163
-381
3541
348292
8
29
18
2166
-380
3514
349317
-9
19
20
2176
-362
3544
350342
-18
-3
32
2176
-365
3552
351367
-14
-12
32
2186
-371
3562
352392
-18
-12
26
2212
-362
3586
353417
-13
1
29
2175
-404
3562
354442
23
4
24
2158
-383
3529
355467
16
1
18
2169
-357
3581
356492
-14
-8
17
2168
-370
3575
357517
-1
-9
14
2163
-365
3516
358542
-6
0
4
2166
-370
3478
359567
-43
14
-21
2198
-351
3476
360592
-23
34
-54
2223
-548
3320
353523
155
110
-110
2276
-509
3420
354548
49
102
-102
2041
-303
4023
355573
-257
-166
-18
1578
-19
4768
356598
-515
-333
-123
2356
-516
3732
357623
-425
-296
32
2442
-351
3187
358648
-142
-97
73
2142
-634
2934
359673
261
120
17
2262
-474
3102
360698
459
193
61
2115
-135
3437
361723
246
28
84
1994
-204
3982
362748
-134
-134
56
2334
-390
3491
363773
-74
-93
75
2428
-488
3061
364798
38
22
68
2149
-427
3362
365823
-47
26
-6
2171
-557
3604
366848
-1
13
-32
2230
-503
3611
367873
48
-6
-23
2194
-368
3628
368898
-2
-35
-23
2181
-342
3597
361601
-40
-43
-29
2190
-392
3520
362626
-10
-10
-37
2195
-429
3497
363651
84
46
-41
2162
-390
3479
364676
135
59
-32
2161
-284
3523
365701
73
35
-5
2152
-264
3577
366726
2
3
19
2140
-350
3570
367751
-10
-15
23
2175
-395
3549
368776
-1
-15
22
2182
-395
3559
369801
-2
-13
13
2216
-396
3546
370826
2
-10
7
2220
-392
3535
371851
5
-7
1
2230
-398
3511
372876
9
5
3
2211
-390
3467
373901
14
15
1
2194
-390
3503
374926
11
20
-6
2202
-393
3513
375951
16
24
-6
2195
-388
3521
376976
16
18
-7
2206
-386
3535
369792
20
13
-6
2198
-364
3522
370817
14
5
-4
2174
-393
3539
371842
23
2
-8
2193
-367
3545
372867
19
7
-6
2194
-329
3530
373892
-7
15
-9
2182
-351
3547
374917
4
23
-16
2169
-375
3566
375942
43
22
-18
2157
-375
3588
376967
66
17
-9
2147
-341
3579
377992
50
8
-5
2167
-301
3576
379017
19
-1
-2
2179
-306
3575
380042
7
-8
0
2175
-330
3563
381067
9
-12
-2
2177
-340
3551
382092
12
-13
1
2167
-350
3530
383117
15
-9
3
2164
-348
3534
384142
14
-1
4
2162
-347
3523
385167
8
6
8
2155
-355
3509
377983
0
13
9
2153
-347
3493
379008
-12
21
11
2131
-345
3482
380033
-22
28
15
2133
-309
3474
381058
-37
31
23
2150
-329
3464
382083
-40
40
32
2160
-342
3493
383108
-37
51
35
2166
-322
3519
384133
-47
56
33
2198
-305
3556
385158
-45
55
31
2193
-367
3603
386183
-8
53
23
2193
-365
3623
387208
21
45
17
2176
-360
3652
388233
7
26
15
2153
-357
3670
389258
-16
1
8
2159
-385
3654
390283
-19
-15
2
2167
-397
3644
391308
-15
-24
-7
2164
-404
3638
392333
-3
-27
-16
2155
-389
3608
393358
7
-27
-22
2143
-360
3581
386177
4
-30
-24
2145
-345
3557
387202
6
-32
-22
2143
-359
3539
388227
14
-29
-19
2144
-351
3526
389252
10
-28
-15
2131
-347
3505
390277
9
-24
-9
2144
-325
3493
391302
-3
-12
0
2141
-333
3480
392327
-17
-1
0
2139
-367
3503
393352
-8
9
2
2129
-379
3523
394377
8
15
8
2137
-358
3537
395402
-3
18
14
2140
-360
3530
396427
-6
23
15
2140
-373
3543
397452
6
29
15
2149
-358
3555
398477
16
41
18
2130
-421
3477
399502
67
51
25
2150
-408
3488
400527
72
44
36
2150
-268
3710
401552
-67
-20
36
2166
-279
3821
394368
-175
-71
25
2170
-477
3662
395393
-122
-61
-14
2189
-568
3556
396418
-37
-67
-46
2229
-357
3739
397443
-72
-108
-39
2192
-324
3771
398468
-85
-121
-36
2188
-356
3582
399493
-64
-107
-39
2199
-367
3453
400518
18
-90
-34
2180
-324
3478
401543
97
-56
-22
2162
-203
3468
402568
67
-34
-10
2125
-248
3423
403593
3
-33
-8
2121
-307
3487
404618
-21
-20
1
2132
-335
3489
405643
-14
19
5
2146
-325
3405
406668
-111
45
-2
2175
-324
3379
407693
-209
71
-73
2266
-539
3468
408718
-44
84
-50
2435
-559
3347
409743
289
19
47
2002
-220
4030
402559
320
-41
21
1548
-749
3250
403584
-48
97
-89
2647
346
3182
404609
-201
132
201
2197
-150
3534
405634
52
176
198
2028
-855
3341
406659
435
190
153
2096
-171
3722
407684
-28
-3
129
1991
-16
4270
408709
-557
-197
68
2416
-586
3868
409734
-354
-140
105
2404
-597
3399
410759
-115
-47
86
2129
-560
3467
411784
-117
-19
-34
2155
-636
3618
412809
-27
-18
-75
2211
-552
3641
413834
88
-36
-50
2161
-369
3605
414859
55
-63
-52
2145
-377
3534
415884
11
-75
-57
2182
-440
3481
416909
36
-50
-51
2160
-449
3475
417934
44
-28
-47
2133
-422
3432
410752
45
-17
-35
2145
-413
3409
411777
33
-14
-15
2141
-385
3456
412802
-10
-18
2
2146
-388
3462
413827
-34
-10
16
2148
-412
3495
414852
-39
-1
17
2179
-424
3516
415877
-12
11
16
2175
-416
3526
416902
8
19
14
2181
-388
3532
417927
12
18
11
2197
-408
3549
418952
31
21
15
2198
-412
3569
419977
51
26
18
2199
-403
3589
421002
55
24
16
2202
-409
3598
422027
48
17
9
2192
-413
3592
423052
37
5
3
2198
-410
3601
424077
26
-9
-1
2192
-404
3595
425102
14
-19
-6
2173
-400
3589
426127
-3
-22
-17
2190
-399
3579
418944
-16
-33
-9
2195
-418
3529
419969
-2
-26
-10
2173
-414
3502
420994
6
-16
-13
2173
-390
3481
422019
4
-6
-8
2145
-392
3481
423044
6
-6
-6
2152
-385
3543
424069
1
-14
0
2173
-372
3549
425094
-7
-17
9
2165
-372
3524
426119
-19
-21
10
2168
-382
3522
427144
-13
-19
12
2177
-380
3542
428169
-8
-16
16
2187
-389
3528
429194
1
-7
18
2193
-386
3533
430219
2
1
17
2177
-391
3550
431244
2
1
12
2175
-405
3564
432269
4
0
16
2170
-407
3546
433294
4
1
21
2164
-403
3521
434319
4
3
17
2196
-386
3524
427137
5
4
16
2199
-400
3533
428162
12
6
15
2200
-384
3502
429187
8
4
14
2176
-392
3519
430212
-11
-3
13
2189
-403
3551
431237
-11
-6
18
2181
-411
3542
432262
-4
-4
17
2187
-410
3551
433287
-6
2
15
2179
-398
3553
434312
-5
8
15
2179
-401
3552
435337
3
14
14
2174
-374
3549
436362
3
16
15
2169
-371
3548
437387
-2
18
18
2178
-382
3528
438412
1
23
23
2174
-380
3527
439437
5
27
30
2169
-387
3542
440462
12
30
34
2145
-402
3544
441487
18
28
33
2144
-412
3541
442512
16
23
30
2148
-423
3544
435328
9
17
24
2151
-430
3557
436353
-3
11
22
2157
-420
3558
437378
-15
6
18
2170
-434
3549
438403
-14
7
13
2187
-437
3550
439428
-3
10
11
2176
-434
3561
440453
3
9
8
2163
-418
3568
441478
-2
5
6
2163
-415
3565
442503
-10
0
2
2176
-426
3568
443528
-2
-1
-2
2180
-416
3572
444553
3
-3
-3
2182
-409
3561
445578
9
-4
-3
2176
-418
3555
446603
18
-3
-1
2168
-388
3547
447628
12
2
1
2163
-394
3527
448653
5
12
2
2137
-427
3535
449678
28
25
-5
2132
-467
3534
450703
101
33
-6
2130
-470
3563
443521
151
40
4
2121
-372
3543
444546
137
42
7
2132
-373
3522
445571
101
45
8
2148
-319
3551
446596
53
40
21
2119
-320
3549
447621
18
34
18
2118
-383
3491
448646
53
38
28
2121
-426
3464
449671
112
23
40
2142
-297
3629
450696
47
-25
61
2151
-262
3718
451721
-14
-69
76
2151
-354
3719
452746
-27
-74
58
2144
-394
3677
453771
-65
-64
22
2188
-413
3581
454796
-44
-36
13
2191
-436
3484
455821
29
-11
0
2168
-343
3552
456846
11
-16
2
2143
-275
3626
457871
-11
-20
6
2157
-366
3530
458896
39
5
6
2136
-355
3502
451713
38
8
5
2099
-328
3582
452738
1
-2
-2
2127
-340
3613
453763
-33
-14
-5
2134
-371
3640
454788
-59
-21
-25
2166
-437
3663
455813
-95
-3
-55
2221
-427
3543
456838
-97
49
-97
2249
-388
3322
457863
61
66
-101
2182
-529
3386
458888
297
9
-37
1799
-156
4251
459913
111
-82
-83
1837
-530
3328
460938
-296
-26
-125
2534
-163
3004
461963
4
29
75
2058
-526
3299
462988
317
152
55
2135
-90
3540
464013
163
147
121
2063
56
3644
465038
-134
12
107
2023
-378
3830
466063
-389
-112
46
2154
-408
3906
467088
-473
-176
52
2361
-576
3635
459904
-207
-115
56
2269
-523
3485
460929
0
-49
13
2122
-504
3577
461954
46
-12
-56
2168
-425
3642
462979
15
-23
-61
2180
-319
3608
464004
-40
-54
-44
2160
-337
3558
465029
-61
-56
-36
2159
-398
3467
466054
-16
-32
-24
2133
-427
3465
467079
19
-19
-15
2130
-405
3489
468104
16
-10
-5
2138
-380
3441
469129
5
-3
5
2111
-390
3482
470154
-17
-9
8
2143
-419
3524
471179
-16
-2
19
2153
-408
3515
472204
-17
8
24
2140
-413
3522
473229
-18
8
14
2176
-416
3550
474254
-8
11
12
2188
-381
3550
475279
-13
10
16
2175
-410
3548
468096
-8
11
14
2194
-421
3568
469121
7
10
17
2185
-405
3588
470146
-2
2
14
2188
-422
3594
471171
-4
-7
7
2195
-443
3582
472196
5
-9
0
2183
-416
3571
473221
-5
-13
-5
2179
-407
3573
474246
-12
-20
-7
2193
-422
3576
475271
-4
-19
-5
2180
-426
3543
476296
5
-16
-4
2152
-417
3542
477321
-2
-20
-7
2156
-409
3541
478346
-7
-21
-5
2152
-408
3525
479371
-13
-24
-2
2153
-409
3529
480396
-15
-24
0
2178
-420
3516
481421
-9
-17
2
2177
-424
3494
482446
0
-10
5
2166
-415
3505
483471
5
-2
6
2173
-388
3499
476288
-11
6
6
2163
-402
3526
477313
-16
9
4
2160
-433
3559
478338
7
10
4
2164
-416
3556
479363
9
7
14
2152
-413
3548
480388
-9
0
17
2169
-408
3560
481413
-18
-7
13
2192
-424
3583
482438
-13
-11
10
2191
-424
3562
483463
-6
-14
9
2194
-420
3537
484488
3
-23
8
2196
-429
3535
485513
22
-26
9
2182
-425
3531
486538
12
-20
5
2179
-439
3516
487563
-2
-8
-4
2198
-444
3524
488588
3
3
-5
2190
-414
3555
489613
-10
5
-6
2185
-422
3512
490638
-8
11
-9
2171
-426
3485
491663
-5
17
-11
2170
-379
3537
484480
-22
9
-5
2178
-401
3552
485505
-22
4
3
2174
-436
3538
486530
-12
7
5
2165
-446
3561
487555
-3
9
-1
2154
-421
3574
488580
-20
2
-11
2170
-441
3569
489605
-17
-2
-12
2171
-428
3556
490630
-7
-5
-8
2168
-404
3528
491655
-9
-6
-3
2169
-397
3527
492680
-21
-6
-3
2175
-423
3542
493705
-7
-4
-1
2183
-440
3539
494730
10
4
0
2162
-413
3542
495755
0
1
-6
2159
-458
3538
496780
18
4
4
2156
-368
3550
497805
-19
-8
11
2137
-419
3542
498830
-25
-11
0
2170
-456
3547
499855
7
-6
4
2157
-400
3566
492682
-7
-6
19
2175
-400
3510
493707
-10
27
26
2153
-456
3451
494732
-5
60
38
2126
-471
3495
495757
40
62
51
2172
-395
3551
496782
57
51
74
2109
-392
3630
497807
12
2
50
2151
-449
3644
498832
-12
-26
49
2209
-466
3629
499857
18
-27
45
2178
-525
3609
500882
45
-47
23
2213
-391
3664
501907
-10
-75
18
2204
-434
3609
502932
-14
-64
19
2189
-495
3449
503957
22
-30
28
2172
-416
3361
504982
39
-4
42
2152
-331
3428
506007
8
-3
51
2145
-311
3540
507032
-58
-15
51
2159
-415
3554
508057
-167
17
30
2185
-384
3489
500864
-302
58
-61
2239
-520
3599
501889
-67
-7
-22
2395
-766
3650
502914
221
-26
92
2068
-81
3968
503939
23
-163
78
1591
-278
3498
504964
-322
-24
-51
2365
-539
3170
505989
-301
63
78
2401
-283
3365
507014
146
159
167
1987
-970
3059
508039
565
207
84
2088
-355
3439
509064
226
64
74
2058
45
4092
510089
-369
-120
53
2210
-682
3904
511114
-347
-136
51
2374
-731
3562
512139
-149
-74
60
2209
-528
3468
513164
-156
-42
2
2182
-649
3512
514189
-116
-24
-49
2181
-689
3590
515214
-42
-28
-72
2179
-604
3528
516239
-14
-32
-89
2195
-609
3457
509057
49
-15
-98
2204
-572
3396
510082
83
30
-87
2170
-452
3358
511107
33
38
-74
2130
-499
3469
512132
-29
31
-71
2148
-578
3509
513157
-33
37
-52
2168
-594
3479
514182
36
47
-22
2142
-437
3563
515207
35
26
2
2117
-386
3610
516232
-13
9
13
2131
-457
3584
517257
-32
8
13
2147
-482
3596
518282
-21
4
8
2162
-504
3600
519307
19
5
8
2163
-446
3593
520332
16
-4
11
2159
-457
3580
521357
-4
-12
12
2166
-508
3540
522382
-5
-5
13
2161
-542
3527
523407
12
-1
9
2167
-520
3556
524432
8
-3
7
2167
-510
3541
517248
-8
-5
3
2169
-529
3527
518273
-5
-7
-4
2167
-514
3541
519298
3
-11
-8
2179
-481
3539
520323
-7
-9
-8
2169
-500
3510
521348
-11
-1
-9
2166
-525
3525
522373
9
9
-15
2158
-495
3546
523398
17
8
-19
2139
-499
3548
524423
-2
4
-21
2135
-546
3522
525448
-6
4
-18
2143
-553
3524
526473
23
4
-4
2145
-414
3566
527498
-7
-12
11
2139
-429
3569
528523
-35
-21
14
2152
-503
3554
529548
-13
-13
15
2143
-511
3569
530573
1
-12
12
2145
-515
3579
531598
7
-14
11
2153
-489
3556
532623
-3
-16
12
2163
-489
3543
525440
-11
-19
11
2183
-507
3538
526465
2
-15
12
2171
-500
3535
527490
6
-18
12
2162
-506
3534
528515
2
-17
12
2173
-493
3501
529540
-9
-11
13
2166
-510
3510
530565
-13
-3
9
2146
-530
3513
531590
-4
1
3
2153
-520
3521
532615
-1
5
5
2151
-495
3514
533640
-14
6
8
2167
-491
3508
534665
-20
7
10
2192
-518
3532
535690
-2
12
13
2180
-496
3543
536715
-6
7
13
2170
-484
3542
537740
-18
-1
12
2169
-530
3552
538765
-10
-3
11
2169
-537
3548
539790
-2
-3
9
2179
-523
3557
540815
-11
-6
8
2187
-530
3582
533632
-12
-8
6
2186
-521
3583
534657
-7
-9
2
2189
-527
3561
535682
21
23
2
2192
-545
3512
536707
75
75
7
2159
-496
3478
537732
138
78
22
2138
-584
3467
538757
233
55
40
2121
-475
3557
539782
223
1
47
2133
-335
3694
540807
36
-62
33
2151
-329
3772
541832
-113
-115
22
2157
-567
3693
542857
-41
-103
8
2162
-654
3593
543882
33
-72
-10
2115
-546
3502
544907
22
-64
-24
2119
-434
3536
545932
26
-75
-19
2119
-447
3547
546957
41
-70
-21
2153
-459
3483
547982
46
-55
-17
2171
-497
3411
549007
49
-28
-16
2180
-456
3422
541824
42
-8
-4
2175
-379
3450
542849
-3
-12
6
2189
-348
3463
543874
-49
-17
10
2199
-411
3472
544899
-95
-10
-1
2196
-494
3503
545924
-152
20
-30
2255
-531
3426
546949
-40
63
-68
2361
-745
3267
547974
241
84
-23
2365
-651
3531
548999
369
-20
81
1908
4
4469
550024
632
-100
19
1809
-820
3418
551049
105
40
-40
2580
493
3108
552074
-274
115
125
2080
-338
3271
553099
8
187
52
2051
-1080
3334
554124
405
220
51
2140
-69
3736
555149
1
-2
104
2039
-91
4037
556174
-407
-156
51
2319
-562
3609
557199
-284
-122
45
2329
-497
3405
550016
-201
-68
26
2171
-462
3538
551041
-237
-49
-22
2201
-525
3637
552066
-207
-42
-35
2188
-540
3612
553091
-140
-61
-36
2177
-464
3590
554116
-130
-72
-41
2192
-447
3519
555141
-94
-65
-36
2158
-540
3490
556166
3
-41
-41
2152
-528
3527
557191
58
-18
-41
2155
-446
3482
558216
42
-4
-34
2145
-447
3438
559241
5
-2
-25
2141
-487
3450
560266
-10
5
-21
2144
-537
3433
561291
0
22
-15
2160
-513
3442
562316
7
29
-4
2169
-464
3484
563341
-6
19
1
2176
-457
3528
564366
-18
11
7
2190
-455
3526
565391
-33
6
11
2189
-487
3541
558209
-32
8
7
2203
-550
3552
559234
-5
20
0
2198
-542
3559
560259
17
23
-4
2198
-473
3581
561284
6
16
-5
2203
-440
3581
562309
-15
8
-4
2194
-478
3563
563334
-8
3
-6
2196
-494
3561
564359
13
2
-3
2202
-467
3545
565384
11
3
-2
2188
-468
3521
566409
5
8
-3
2174
-483
3532
567434
10
10
-6
2171
-466
3552
568459
14
8
-5
2163
-478
3540
569484
12
4
0
2153
-506
3523
570509
12
3
-3
2171
-482
3532
571534
-1
-1
-3
2189
-460
3526
572559
-13
-5
-1
2201
-468
3520
573584
-2
-4
-3
2193
-479
3514
566733
8
-1
-4
2185
-474
3513
567758
-4
-1
-2
2179
-481
3496
568783
-14
6
-2
2178
-519
3493
569808
5
18
-7
2177
-504
3534
570833
10
21
-10
2168
-450
3560
571858
-18
12
-13
2172
-466
3558
572883
-25
7
-13
2176
-498
3552
573908
-2
10
-12
2179
-458
3563
574933
5
11
-8
2167
-431
3569
575958
-3
3
-4
2167
-463
3574
576983
8
1
-3
2175
-472
3576
578008
13
-1
-2
2163
-457
3565
579033
5
-8
-4
2155
-466
3552
580058
5
-7
-8
2154
-476
3534
581083
9
-6
-8
2170
-464
3530
582108
8
-3
-1
2164
-467
3523
574592
11
-2
2
2162
-460
3529
575617
5
-1
3
2162
-462
3531
576642
-2
-4
4
2160
-477
3529
577667
4
-5
6
2146
-445
3538
578692
-6
-12
6
2151
-451
3541
579717
-11
-17
11
2174
-454
3546
580742
-10
-17
13
2174
-475
3530
581767
0
-11
9
2162
-482
3525
582792
-4
-7
1
2179
-476
3519
583817
-17
2
-6
2192
-492
3510
584842
-10
16
-13
2185
-504
3525
585867
6
27
-22
2163
-488
3540
586892
1
28
-23
2143
-481
3515
587917
-9
24
-21
2145
-463
3538
588942
-16
17
-20
2159
-443
3554
589967
-11
12
-15
2172
-423
3560
582784
-10
6
-9
2171
-419
3540
583809
-9
0
-2
2170
-433
3549
584834
0
-5
6
2159
-457
3573
585859
8
0
11
2148
-474
3559
586884
16
2
12
2154
-494
3553
587909
50
7
23
2171
-483
3556
588934
87
9
36
2154
-403
3603
589959
46
-6
24
2136
-394
3578
590984
1
4
-4
2117
-627
3439
592009
87
41
-30
2165
-522
3392
593034
135
52
7
2125
-320
3483
594059
12
10
0
2140
-417
3620
595084
-46
-28
-7
2235
-424
3664
596109
1
-28
18
2183
-418
3571
597134
24
-27
13
2140
-432
3533
598159
-9
-41
2
2142
-427
3613
590976
-45
-62
0
2181
-407
3705
592001
-72
-57
1
2179
-485
3610
593026
-55
-23
-19
2175
-499
3506
594051
-26
19
-43
2174
-478
3523
595076
3
65
-67
2211
-360
3574
596101
10
64
-52
2188
-404
3722
597126
-153
-38
17
2056
-364
3756
598151
-161
-164
26
2141
-358
3649
599176
55
-218
-48
1801
-532
3723
600201
-64
-105
-137
2404
-510
2919
601226
-99
83
74
2319
-325
2851
602251
60
198
124
1986
-652
3185
603276
251
200
94
2171
-228
3577
604301
49
52
148
2003
-174
3987
605326
-435
-156
81
2246
-845
3737
606351
-255
-150
33
2500
-864
3521
599168
53
-38
68
2255
-272
3553
600193
-109
-56
29
2155
-506
3614
601218
-154
-62
-50
2262
-698
3605
602243
-22
-31
-64
2222
-536
3566
603268
32
-27
-71
2173
-522
3536
604293
63
-15
-76
2185
-516
3486
605318
90
13
-57
2142
-456
3453
606343
66
9
-43
2118
-427
3493
607368
31
-9
-28
2142
-442
3513
608393
26
-11
-8
2136
-436
3487
609418
8
-10
-1
2135
-440
3472
610443
-23
-7
1
2165
-475
3480
611468
-34
7
6
2183
-497
3485
612493
-9
21
5
2197
-499
3533
613518
23
20
4
2200
-494
3554
614543
31
17
8
2185
-458
3536
607362
5
8
10
2186
-471
3551
608387
-11
-3
6
2215
-509
3571
609412
-4
-1
5
2216
-510
3555
610437
-1
-4
2
2207
-492
3551
611462
-9
-15
-3
2220
-503
3551
612487
-5
-18
-3
2206
-504
3546
613512
5
-17
-3
2187
-480
3531
614537
2
-17
-8
2177
-494
3534
615562
2
-18
-12
2179
-484
3525
616587
0
-19
-11
2180
-484
3517
617612
0
-20
-9
2177
-470
3496
618637
-3
-19
-4
2172
-472
3494
619662
-7
-12
-1
2184
-477
3469
620687
-8
2
0
2181
-483
3489
621712
-2
11
-3
2167
-486
3526
622737
5
14
-3
2174
-460
3533
615552
-4
8
6
2165
-464
3528
616577
-10
1
9
2187
-481
3533
617602
6
0
7
2231
-501
3526
618627
64
-8
27
2230
-385
3606
619652
5
-34
18
2184
-506
3582
620677
-20
-32
-20
2239
-596
3482
621702
33
-2
-15
2214
-473
3485
622727
13
-2
-11
2202
-442
3529
623752
-18
-9
-8
2209
-477
3530
624777
-21
-9
-5
2206
-487
3525
625802
-7
-5
-5
2194
-475
3523
626827
0
1
-6
2176
-445
3525
627852
-5
1
-6
2183
-437
3517
628877
-10
1
-2
2178
-464
3508
629902
0
7
2
2167
-478
3516
630927
15
12
3
2149
-480
3536
623744
13
12
2
2161
-454
3525
624769
-3
13
2
2165
-455
3504
625794
-15
11
2
2171
-470
3512
626819
-14
10
7
2189
-471
3514
627844
-3
9
11
2200
-473
3514
628869
2
9
15
2188
-459
3520
629894
-1
9
14
2183
-459
3538
630919
-10
7
14
2184
-480
3543
631944
-8
5
15
2193
-487
3544
632969
1
4
16
2182
-489
3552
633994
9
3
14
2189
-461
3536
635019
0
1
15
2188
-466
3522
636044
-3
-10
20
2196
-488
3509
637069
20
5
23
2196
-490
3520
638094
64
23
26
2203
-557
3504
639119
155
54
30
2217
-503
3492
631935
216
69
39
2183
-487
3534
632960
244
67
41
2186
-450
3571
633985
227
80
49
2143
-417
3536
635010
202
75
67
2116
-413
3504
636035
135
64
53
2147
-315
3579
637060
-19
32
52
2169
-321
3605
638085
-83
-2
50
2159
-378
3583
639110
-77
-12
59
2131
-425
3567
640135
-53
-13
55
2119
-433
3575
641160
-58
-20
40
2128
-450
3606
642185
-85
-13
28
2147
-455
3534
643210
-76
-2
26
2126
-484
3434
644235
-51
24
21
2095
-453
3471
645260
-35
22
13
2136
-457
3560
646285
-15
17
9
2147
-425
3610
647310
-31
21
5
2136
-396
3498
640128
-129
39
-18
2092
-407
3526
641153
-216
-6
-67
2146
-659
3834
642178
-112
-35
-93
2249
-588
4092
643203
-215
-105
-68
2289
-415
3895
644228
-358
-158
-57
2359
-394
3304
645253
-15
-170
15
1841
-382
3942
646278
255
-94
-90
1784
-912
3006
647303
-72
110
-111
2676
-126
2783
648328
101
248
124
2055
-507
3121
649353
503
236
120
1923
-665
3424
650378
442
119
115
2050
57
4010
651403
-269
-108
130
2080
-229
4010
652428
-522
-195
78
2383
-818
3439
653453
-204
-88
92
2252
-559
3396
654478
-185
-44
52
2107
-600
3562
655503
-202
-42
-30
2179
-740
3659
648321
-91
-34
-56
2213
-654
3598
649346
19
-18
-65
2184
-569
3546
650371
61
-10
-91
2177
-529
3583
651396
72
-9
-93
2178
-505
3543
652421
52
5
-67
2113
-511
3432
653446
30
9
-52
2104
-532
3449
654471
29
2
-40
2147
-480
3500
655496
6
-4
-11
2149
-441
3498
656521
-26
-12
11
2137
-472
3527
657546
-26
-20
14
2147
-519
3571
658571
-6
-16
14
2162
-531
3569
659596
7
-11
15
2163
-533
3554
660621
11
-9
13
2163
-548
3574
661646
12
-7
10
2172
-518
3568
662671
-1
-11
9
2174
-514
3568
663696
-7
-13
3
2182
-508
3555
656511
-5
-15
-2
2181
-500
3553
657536
1
-18
-1
2184
-475
3536
658561
-2
-18
3
2178
-476
3514
659586
-1
-15
4
2177
-514
3513
660611
12
-6
4
2163
-521
3519
661636
11
-6
2
2164
-513
3528
662661
-3
-7
-2
2165
-524
3526
663686
-4
-6
-3
2166
-521
3530
664711
-2
-7
-3
2162
-510
3537
665736
-1
-5
0
2168
-501
3508
666761
-7
-8
3
2158
-521
3533
667786
-4
-10
4
2171
-506
3553
668811
-8
-12
7
2177
-504
3557
669836
-11
-13
7
2180
-534
3540
670861
4
-9
5
2179
-531
3537
671886
7
-11
1
2170
-518
3544
664705
0
-14
2
2173
-507
3525
665730
-11
-18
6
2178
-515
3515
666755
-12
-13
3
2196
-516
3482
667780
-4
2
1
2180
-533
3508
668805
6
9
-5
2163
-525
3551
669830
7
6
-6
2158
-511
3544
670855
-5
-1
2
2155
-507
3508
671880
-15
-6
4
2178
-490
3516
672905
-18
-5
5
2189
-513
3530
673930
-4
-1
7
2189
-503
3532
674955
-3
-3
8
2173
-494
3509
675980
-11
-9
12
2162
-503
3493
677005
-9
-6
18
2159
-509
3500
678030
-13
0
21
2165
-516
3502
679055
-17
7
22
2175
-537
3511
680080
-13
14
23
2171
-531
3516
672896
-12
13
24
2176
-519
3533
673921
-14
16
25
2171
-504
3525
674946
-20
27
24
2193
-529
3530
675971
-10
61
24
2174
-553
3500
676996
17
66
24
2177
-546
3547
678021
18
39
32
2164
-496
3663
679046
-29
-5
31
2168
-516
3683
680071
-48
-22
19
2192
-588
3599
681096
-8
-8
8
2147
-598
3538
682121
-32
-24
-1
2151
-526
3562
683146
-124
-41
3
2161
-508
3567
684171
-175
-50
6
2168
-559
3526
685196
-148
-46
4
2170
-617
3500
686221
-72
-39
1
2176
-634
3514
687246
12
-33
6
2175
-512
3517
688271
-9
-29
17
2142
-526
3492
681089
-26
-25
16
2169
-596
3450
682114
5
-8
22
2154
-583
3456
683139
10
-5
25
2146
-563
3523
684164
0
-9
30
2153
-542
3569
685189
-22
-12
36
2163
-579
3506
686214
-36
1
39
2168
-650
3470
687239
-2
20
34
2167
-591
3546
688264
22
18
39
2175
-492
3596
689289
-8
-1
56
2152
-598
3584
690314
14
6
42
2165
-606
3578
691339
18
4
23
2195
-591
3565
692364
20
-3
8
2216
-655
3535
693389
51
13
1
2195
-594
3467
694414
-39
27
-49
2236
-627
3576
695439
-50
8
-75
2395
-862
3668
696464
176
-8
18
2330
-523
3523
689280
271
-134
7
1609
-167
4093
690305
-170
-125
-133
1982
-681
3009
691330
-420
-28
-32
2743
-645
2948
692355
150
206
117
2019
-879
3120
693380
468
280
82
1958
-209
3475
694405
75
85
103
1978
-134
4115
695430
-473
-149
79
2254
-609
3837
696455
-433
-133
62
2441
-817
3201
697480
-143
-4
68
2162
-653
3391
698505
-143
21
13
2111
-668
3658
699530
-159
-7
-24
2192
-802
3666
700555
-34
-31
-17
2190
-732
3629
701580
59
-30
-30
2172
-687
3560
702605
83
-16
-55
2170
-671
3511
703630
81
6
-61
2132
-656
3491
704655
87
18
-62
2126
-645
3487
697471
77
17
-54
2148
-577
3480
698496
23
17
-27
2133
-568
3418
699521
-5
4
-4
2134
-635
3473
700546
28
-2
5
2176
-567
3552
701571
24
-4
17
2167
-548
3531
702596
-8
-6
16
2147
-624
3517
703621
-1
-4
6
2175
-652
3534
704646
11
6
2
2173
-601
3538
705671
-3
12
-1
2161
-603
3543
706696
-2
12
-5
2164
-651
3580
707721
22
14
-5
2154
-626
3553
708746
22
15
-3
2149
-600
3532
709771
15
7
-5
2175
-580
3562
710796
15
-3
3
2178
-551
3568
711821
2
-19
9
2174
-577
3538
712846
0
-28
10
2167
-626
3502
705894
12
-23
9
2158
-630
3488
706919
15
-16
5
2158
-612
3509
707944
3
-11
2
2170
-616
3507
708969
-3
-3
-1
2165
-624
3516
709994
-3
4
-3
2156
-628
3515
711019
5
10
-2
2138
-594
3512
712044
6
10
-1
2143
-552
3528
713069
-12
4
4
2149
-608
3532
714094
4
7
7
2147
-593
3531
715119
13
5
12
2142
-554
3552
716144
-10
-8
15
2152
-602
3547
717169
-8
-14
12
2169
-646
3553
718194
11
-11
5
2177
-619
3542
719219
12
-13
2
2175
-604
3545
720244
5
-17
1
2184
-586
3533
721269
-4
-20
2
2182
-602
3523
713857
-5
-18
2
2171
-623
3524
714882
5
-16
2
2161
-595
3529
715907
-3
-21
2
2165
-600
3520
716932
-7
-20
3
2160
-609
3504
717957
-3
-15
3
2163
-595
3500
718982
-5
-13
3
2169
-596
3503
720007
-2
-9
5
2164
-593
3506
721032
-1
-7
8
2165
-592
3520
722057
-6
-4
8
2175
-593
3507
723082
-8
3
11
2161
-610
3514
724107
-1
6
7
2160
-615
3536
725132
5
4
4
2155
-609
3547
726157
-6
-2
12
2144
-616
3541
727182
-11
-7
12
2176
-600
3544
728207
-11
-10
11
2200
-613
3540
729232
3
-2
10
2194
-609
3521
722049
9
14
11
2179
-607
3473
723074
1
61
23
2132
-667
3356
724099
-13
67
63
2076
-722
3411
725124
-29
21
68
2190
-504
3692
726149
-94
-49
84
2234
-581
3798
727174
-93
-58
96
2205
-701
3501
728199
-22
-16
75
2175
-733
3355
729224
104
18
70
2171
-488
3625
730249
78
-14
86
2086
-366
3776
731274
-88
-74
69
2119
-662
3631
732299
-84
-55
41
2156
-846
3423
733324
53
-5
16
2146
-720
3414
734349
88
10
0
2135
-602
3506
735374
32
-2
2
2153
-583
3443
736399
-23
6
5
2148
-597
3261
737424
-106
65
-17
2159
-671
3084
730241
2
116
-100
2255
-920
3509
731266
253
78
-55
2237
-881
4026
732291
48
-105
-17
2016
-359
4303
733316
-262
-276
4
1830
-549
3344
734341
-191
-119
-77
2480
-973
3129
735366
66
-14
49
2397
-287
3584
736391
159
92
129
1964
-524
3409
737416
186
49
126
2042
-462
3653
738441
49
-57
109
2175
-471
3912
739466
-144
-112
73
2451
-628
3333
740491
-11
-3
88
2273
-475
2975
741516
-59
72
83
2027
-574
3236
742541
-197
62
6
2070
-917
3596
743566
-150
14
-32
2121
-1008
3672
744591
-42
-24
-29
2130
-865
3594
745616
-11
-45
-39
2169
-693
3508
738433
-56
-37
-45
2203
-617
3486
739458
-75
-31
-42
2195
-669
3554
740483
-47
-16
-43
2223
-666
3495
741508
-7
13
-28
2204
-675
3382
742533
32
24
-24
2187
-714
3470
743558
48
26
-21
2204
-661
3571
744583
13
14
1
2193
-647
3597
745608
-18
-10
12
2184
-711
3619
746633
-2
-21
8
2188
-691
3577
747658
3
-26
-3
2163
-677
3561
748683
-3
-32
-18
2176
-680
3559
749708
5
-21
-21
2182
-680
3468
750733
18
5
-17
2156
-700
3411
751758
55
17
-21
2154
-650
3497
752783
54
13
-12
2157
-576
3551
753808
2
-2
3
2150
-620
3490
746623
-14
-4
7
2148
-694
3431
747648
6
8
2
2151
-709
3474
748673
16
12
-3
2178
-670
3513
749698
5
13
1
2186
-636
3515
750723
-7
13
3
2195
-643
3518
751748
-7
15
1
2185
-682
3503
752773
7
18
-3
2187
-707
3524
753798
25
19
-7
2191
-663
3528
754823
16
16
-3
2175
-639
3490
755848
-10
2
0
2177
-680
3525
756873
-1
-11
0
2211
-644
3580
757898
0
-19
6
2192
-610
3572
758923
-21
-25
4
2185
-687
3532
759948
0
-10
-8
2183
-701
3479
760973
23
13
-14
2154
-658
3490
761998
15
18
-17
2146
-657
3527
754816
18
14
-12
2159
-635
3529
755841
5
9
0
2150
-649
3493
756866
1
5
2
2153
-653
3501
757891
10
6
1
2165
-629
3525
758916
4
5
2
2173
-599
3507
759941
-15
-1
5
2181
-664
3493
760966
10
2
7
2178
-662
3498
761991
23
8
11
2150
-629
3500
763016
-4
7
6
2170
-681
3532
764041
0
16
-1
2176
-697
3538
765066
9
21
5
2150
-677
3516
766091
6
19
-8
2158
-635
3520
767116
-5
14
-10
2153
-599
3555
768141
-20
5
-5
2170
-633
3541
769166
-7
7
5
2161
-624
3530
770191
3
11
8
2144
-628
3545
763008
6
11
2
2151
-645
3571
764033
4
8
-1
2143
-633
3552
765058
-5
2
-3
2139
-651
3531
766083
1
-3
-6
2154
-654
3534
767108
8
-2
-3
2155
-634
3528
768133
3
-4
2
2157
-636
3509
769158
0
-5
2
2165
-653
3521
770183
5
-3
3
2155
-659
3532
771208
3
-3
3
2154
-661
3528
772233
3
-4
2
2152
-661
3528
773258
6
-4
0
2157
-631
3534
774283
3
-8
-1
2162
-626
3534
775308
-7
-12
-1
2161
-632
3524
776333
-12
-16
0
2162
-650
3521
777358
2
-16
1
2177
-635
3521
778383
-1
3
3
2178
-646
3474
771200
-3
56
-1
2136
-706
3431
772225
34
93
-9
2082
-687
3461
773250
48
65
14
2130
-545
3566
774275
-12
33
52
2077
-572
3586
775300
-56
-11
37
2142
-742
3584
776325
27
-12
36
2175
-565
3691
777350
-2
-46
44
2143
-575
3629
778375
-37
-60
26
2169
-718
3540
779400
25
-44
31
2161
-642
3571
780425
35
-47
34
2138
-629
3542
781450
17
-37
16
2146
-692
3480
782475
21
-26
18
2136
-625
3530
783500
-14
-30
16
2145
-632
3537
784525
-25
-31
10
2155
-638
3471
785550
-14
-29
5
2156
-647
3453
786575
-10
-20
1
2158
-681
3474
779393
-16
-12
-5
2169
-683
3522
780418
-58
0
-19
2190
-572
3510
781443
-93
0
-76
2279
-800
3443
782468
170
48
-76
2237
-824
3412
783493
242
-7
-42
2022
-752
3849
784518
276
-156
-70
1799
-704
3798
785543
127
-20
-122
2478
-135
3423
786568
-204
33
74
2291
-292
3256
787593
31
109
106
2020
-933
3161
788618
333
137
72
2067
-210
3631
789643
-68
-12
72
2044
-451
3937
790668
-342
-150
54
2223
-826
3743
791693
-255
-141
45
2365
-804
3416
792718
-71
-64
44
2250
-654
3419
793743
-59
-31
5
2149
-704
3517
794768
-58
-26
-42
2192
-776
3480
787584
19
-34
-43
2171
-648
3535
788609
12
-56
-44
2186
-603
3466
789634
-19
-35
-47
2194
-628
3331
790659
-5
1
-41
2148
-667
3425
791684
18
14
-41
2151
-611
3537
792709
6
3
-20
2156
-564
3533
793734
-25
-11
3
2159
-615
3472
794759
-12
-9
5
2166
-660
3503
795784
4
-4
1
2188
-614
3562
796809
-10
-5
6
2210
-588
3567
797834
-17
-9
9
2207
-631
3515
798859
0
-6
5
2201
-676
3493
799884
19
1
-1
2190
-662
3497
800909
14
1
-2
2201
-630
3527
801934
-3
-5
1
2220
-622
3527
802959
-9
-5
5
2209
-639
3488
795776
-12
-6
-1
2186
-649
3511
796801
-11
-8
-9
2203
-609
3526
797826
-12
-7
-6
2205
-604
3506
798851
-10
-3
-2
2187
-643
3488
799876
6
3
-4
2184
-642
3505
800901
14
7
-5
2182
-623
3533
801926
5
3
-3
2176
-614
3517
802951
-2
0
-2
2173
-625
3495
803976
-3
-4
-2
2173
-650
3499
805001
1
-6
0
2184
-623
3508
806026
-8
-12
6
2190
-614
3506
807051
-14
-15
10
2189
-630
3502
808076
-7
-11
9
2198
-644
3507
809101
0
-7
5
2195
-657
3515
810126
4
-4
2
2186
-642
3524
811151
0
-7
1
2186
-635
3515
803968
-2
-7
0
2191
-622
3496
804993
-3
-9
1
2191
-627
3499
806018
-2
-7
1
2194
-628
3494
807043
-5
-8
2
2185
-625
3511
808068
-8
-8
4
2210
-628
3493
809093
-6
1
3
2191
-626
3491
810118
-5
7
-1
2177
-644
3523
811143
9
8
-6
2172
-621
3537
812168
3
3
1
2174
-635
3516
813193
-9
-2
5
2179
-647
3520
814218
-4
-5
2
2202
-614
3524
815243
-2
-7
3
2204
-610
3514
816268
-1
-10
4
2191
-619
3499
817293
4
-10
7
2189
-614
3497
818318
12
-9
10
2191
-624
3500
819343
15
-3
13
2190
-639
3503
812160
7
5
11
2183
-671
3496
813185
7
18
11
2180
-659
3492
814210
8
31
11
2175
-641
3483
815235
5
41
11
2139
-590
3484
816260
-29
13
14
2176
-536
3538
817285
-72
-12
33
2185
-615
3544
818310
-38
3
47
2155
-675
3415
819335
-2
25
47
2156
-644
3431
820360
-34
21
40
2166
-659
3556
821385
-54
-25
46
2200
-638
3671
822410
-54
-57
61
2236
-622
3662
823435
-27
-54
59
2211
-713
3523
824460
15
-25
31
2214
-736
3457
825485
34
4
8
2223
-672
3534
826510
31
6
5
2197
-638
3535
827535
20
7
14
2190
-658
3441
820352
22
23
17
2179
-708
3406
821377
31
37
8
2172
-684
3425
822402
20
37
5
2162
-645
3469
823427
-8
13
8
2165
-610
3561
824452
-37
-21
23
2169
-635
3563
825477
-43
-38
32
2172
-643
3549
826502
-37
-33
35
2162
-592
3541
827527
-58
-40
28
2143
-686
3500
828552
-54
-35
12
2188
-745
3494
829577
-40
-7
-14
2236
-768
3571
830602
38
19
-32
2320
-904
3606
831627
187
17
27
2252
-611
3626
832652
270
-132
59
1705
-286
4144
833677
213
-137
-85
2135
-932
3370
834702
-101
-55
14
2543
-314
2853
835727
90
155
23
2087
-1031
2928
828545
517
251
17
2140
-630
3274
829570
454
139
87
2117
-23
3852
830595
-250
-101
96
2133
-334
3999
831620
-551
-216
52
2430
-898
3528
832645
-290
-119
56
2333
-752
3356
833670
-185
-54
18
2195
-751
3476
834695
-132
-41
-46
2223
-826
3619
835720
-15
-39
-60
2237
-726
3572
836745
42
-33
-54
2193
-624
3481
837770
41
-33
-60
2185
-620
3486
838795
38
-22
-57
2185
-607
3457
839820
23
-3
-42
2163
-602
3412
840845
13
-1
-27
2159
-613
3434
841870
11
-11
-14
2191
-616
3448
842895
2
-14
2
2193
-628
3404
843920
-10
-11
13
2181
-661
3411
836735
-9
-3
14
2204
-661
3466
837760
-17
6
10
2223
-679
3495
838785
-15
12
5
2228
-690
3499
839810
5
11
0
2226
-662
3513
840835
-3
6
-3
2225
-654
3493
841860
-15
-1
-7
2221
-660
3497
842885
-10
-6
-12
2228
-643
3509
843910
-9
-8
-11
2218
-622
3520
844935
-16
-12
-12
2237
-634
3501
845960
-14
-8
-12
2217
-648
3496
846985
-2
-5
-18
2189
-662
3537
848010
2
-12
-21
2194
-650
3531
849035
-4
-18
-14
2198
-647
3497
850060
-6
-21
-9
2207
-663
3487
851085
5
-22
-7
2215
-621
3500
852110
-3
-25
-2
2201
-615
3480
845055
-14
-30
0
2197
-641
3463
846080
-2
-29
2
2221
-648
3451
847105
7
-22
7
2214
-631
3426
848130
0
-13
10
2204
-641
3437
849155
-3
-5
10
2226
-650
3465
850180
-5
4
12
2239
-644
3466
851205
-8
7
13
2229
-653
3464
852230
-1
10
9
2223
-625
3486
853255
-13
5
7
2233
-628
3478
854280
-27
4
5
2236
-666
3477
855305
-20
5
0
2239
-661
3493
856330
-13
7
-6
2252
-678
3489
857355
-3
12
-10
2240
-665
3489
858380
-4
11
-16
2231
-662
3498
859405
-5
10
-22
2226
-659
3502
860430
-2
7
-19
2210
-639
3498
853120
-6
2
-16
2210
-629
3489
854145
-12
-3
-14
2208
-636
3482
855170
-10
-4
-7
2206
-641
3486
856195
-1
-4
0
2200
-636
3496
857220
-2
-3
4
2187
-634
3500
858245
-3
-3
4
2198
-648
3486
859270
3
0
5
2199
-637
3487
860295
3
5
6
2208
-638
3484
861320
-1
2
8
2206
-640
3492
862345
-5
-9
14
2211
-634
3500
863370
-6
-10
16
2228
-637
3465
864395
-11
-2
13
2231
-653
3476
865420
-3
8
5
2214
-677
3502
866445
20
13
-1
2214
-641
3509
867470
6
4
4
2200
-638
3486
868495
-16
-7
7
2212
-665
3477
861313
-14
-9
6
2219
-645
3480
862338
-15
-8
6
2229
-635
3480
863363
-14
-3
7
2218
-652
3450
864388
1
21
11
2209
-669
3413
865413
13
48
12
2180
-650
3415
866438
-5
61
9
2195
-663
3419
867463
-29
61
22
2178
-674
3488
868488
-50
43
29
2199
-652
3556
869513
-63
18
36
2218
-693
3564
870538
-32
17
30
2223
-670
3510
871563
-17
25
25
2213
-646
3481
872588
-12
17
24
2230
-623
3553
873613
-18
-25
38
2218
-595
3703
874638
-26
-63
48
2188
-720
3595
875663
47
-28
26
2194
-731
3429
876688
80
2
8
2185
-602
3502
869504
15
-7
4
2172
-623
3551
870529
-57
-12
-8
2212
-732
3471
871554
74
72
-41
2244
-506
3463
872579
142
73
-49
2131
-607
3878
873604
-289
-173
-59
2211
-1196
3721
874629
16
-265
-209
2027
-1089
3620
875654
497
-70
-285
2141
-394
3241
876679
-234
-38
-125
2423
-50
3002
877704
-374
62
-15
2272
-1225
2691
878729
449
297
-54
2201
-601
3140
879754
582
261
19
2105
-34
3743
880779
98
38
94
2042
-198
4062
881804
-292
-152
110
2342
-657
3635
882829
-186
-93
129
2418
-562
3250
883854
-72
3
144
2103
-487
3442
884879
-130
4
59
2120
-794
3668
877696
-60
10
21
2146
-880
3699
878721
14
-1
8
2157
-742
3638
879746
18
-4
-21
2209
-672
3560
880771
21
0
-30
2218
-620
3545
881796
27
-5
-26
2227
-588
3494
882821
21
-10
-17
2215
-579
3439
883846
28
-15
-4
2219
-570
3419
884871
30
-11
16
2216
-569
3383
885896
22
-3
27
2195
-618
3442
886921
5
4
21
2195
-661
3521
887946
-3
17
10
2210
-667
3507
888971
2
28
1
2185
-662
3503
889996
16
27
-12
2179
-639
3514
891021
15
24
-15
2168
-618
3524
892046
4
16
-11
2166
-610
3536
893071
2
16
-8
2173
-606
3524
885889
7
15
-4
2162
-596
3542
886914
5
7
-2
2173
-587
3555
887939
2
-1
4
2172
-597
3536
888964
6
-5
7
2173
-605
3520
889989
10
-4
8
2186
-610
3515
891014
12
2
9
2189
-614
3506
892039
8
3
6
2192
-630
3522
893064
14
4
5
2190
-617
3518
894089
11
3
4
2185
-611
3510
895114
1
3
3
2190
-614
3513
896139
5
4
4
2181
-602
3500
897164
2
6
5
2180
-599
3503
898189
2
10
4
2183
-611
3503
899214
5
12
4
2169
-614
3524
900239
10
8
4
2193
-594
3530
901264
1
8
5
2185
-589
3517
894080
-7
10
1
2183
-626
3519
895105
9
14
-6
2169
-630
3547
896130
14
7
-4
2163
-616
3543
897155
-2
-5
2
2157
-608
3521
898180
-10
-12
-1
2175
-595
3520
899205
-8
-9
-1
2186
-582
3506
900230
-9
-8
-1
2176
-599
3491
901255
-1
-7
0
2176
-625
3511
902280
15
-4
3
2156
-598
3508
903305
3
-9
3
2150
-602
3521
904330
-11
-13
4
2169
-636
3527
905355
-5
-9
7
2160
-619
3531
906380
-2
-5
2
2173
-605
3529
907405
-2
-3
1
2156
-592
3515
908430
-3
-5
-1
2168
-583
3523
909455
-2
-7
5
2179
-573
3525
902271
3
-5
13
2166
-584
3525
903296
6
-6
10
2175
-601
3529
904321
13
-4
10
2179
-588
3533
905346
7
-6
11
2182
-589
3530
906371
1
-11
10
2185
-604
3517
907396
3
-12
7
2184
-619
3523
908421
5
-13
5
2197
-601
3528
909446
1
-12
5
2192
-617
3518
910471
3
-11
3
2190
-609
3505
911496
3
-10
3
2185
-589
3501
912521
-5
-10
4
2179
-605
3491
913546
-3
-9
4
2180
-613
3500
914571
2
-7
2
2174
-604
3505
915596
-6
-6
0
2165
-600
3496
916621
-11
-5
0
2177
-601
3501
917646
-8
0
2
2182
-613
3503
910464
3
3
7
2182
-603
3505
911489
0
7
7
2176
-577
3507
912514
-16
9
6
2168
-620
3532
913539
-5
6
2
2161
-625
3549
914564
10
2
5
2151
-595
3542
915589
-5
-8
14
2159
-597
3530
916614
-15
-16
14
2185
-610
3549
917639
-5
-11
12
2202
-604
3532
918664
-5
15
23
2182
-611
3468
919689
-25
62
47
2113
-680
3354
920714
-52
57
61
2116
-640
3410
921739
-105
-1
69
2246
-546
3612
922764
-133
-32
95
2253
-705
3610
923789
4
-11
100
2207
-643
3572
924814
81
-36
90
2199
-522
3639
925839
27
-72
100
2174
-628
3663
918657
26
-61
90
2156
-617
3552
919682
27
-7
54
2150
-609
3300
920707
28
45
22
2102
-678
3300
921732
44
61
0
2090
-662
3497
922757
10
40
-6
2137
-663
3589
923782
-42
6
-7
2172
-648
3579
924807
-84
-20
-18
2204
-666
3546
925832
-42
-32
-51
2263
-691
3701
926857
-22
-55
-68
2340
-669
3802
927882
-38
-86
-63
2391
-850
3395
928907
228
-134
-73
1779
-534
4127
929932
129
-74
-219
2010
-772
2994
930957
-251
61
-88
2630
-496
2594
931982
87
287
26
1964
-1183
2903
933007
706
300
8
2025
-454
3626
934032
492
95
68
2090
204
4238
926848
-316
-173
103
2151
-272
3978
927873
-543
-238
78
2404
-827
3303
928898
-193
-89
93
2238
-627
3212
929923
-105
6
47
2113
-545
3501
930948
-126
30
-20
2172
-726
3635
931973
-16
35
-26
2167
-719
3665
932998
5
11
-35
2152
-667
3674
934023
6
-18
-45
2165
-674
3654
935048
45
-27
-35
2154
-621
3583
936073
29
-23
-23
2135
-610
3453
937098
3
-20
-16
2138
-625
3408
938123
-7
-14
-11
2185
-602
3390
939148
-9
-3
0
2191
-600
3419
940173
-7
-2
7
2187
-630
3491
941198
-3
-3
6
2201
-650
3514
942223
0
-1
3
2192
-653
3519
935040
-1
-4
-1
2198
-640
3528
936065
-7
-3
-3
2186
-647
3522
937090
-16
-1
-7
2171
-674
3534
938115
-9
0
-16
2185
-633
3560
939140
-4
-1
-17
2186
-562
3573
940165
-15
-9
-12
2182
-583
3548
941190
-9
-12
-6
2178
-607
3522
942215
8
-11
-1
2160
-621
3533
943240
29
-23
3
2158
-621
3540
944265
51
-36
8
2167
-595
3539
945290
31
-29
2
2170
-620
3509
946315
4
-18
-9
2179
-655
3482
947340
7
-5
-11
2185
-611
3476
948365
1
1
-6
2182
-595
3489
949390
-3
0
1
2184
-598
3489
950415
-1
1
10
2176
-587
3496
943232
-16
1
11
2175
-615
3511
944257
-17
1
9
2184
-638
3527
945282
-5
3
5
2188
-611
3543
946307
-7
0
4
2181
-609
3543
947332
-5
-1
3
2186
-603
3529
948357
-2
-4
3
2183
-609
3523
949382
1
-4
4
2188
-616
3518
950407
7
-2
8
2190
-618
3516
951432
10
3
7
2190
-599
3503
952457
5
9
5
2185
-619
3504
953482
6
12
1
2171
-635
3508
954507
11
14
1
2164
-599
3500
955532
-4
7
7
2158
-626
3502
956557
-4
1
9
2181
-630
3518
957582
1
2
8
2190
-598
3507
958607
-9
2
7
2191
-615
3505
951423
-4
0
5
2197
-616
3517
952448
9
3
8
2188
-600
3514
953473
11
2
7
2183
-604
3521
954498
8
3
6
2185
-617
3529
955523
1
5
4
2186
-638
3540
956548
5
5
1
2181
-639
3555
957573
5
6
0
2175
-605
3538
958598
-8
2
-3
2166
-591
3523
959623
-12
2
-4
2177
-593
3507
960648
-5
7
-1
2178
-601
3502
961673
7
12
0
2175
-609
3525
962698
21
20
0
2163
-595
3544
963723
15
19
0
2150
-597
3530
964748
0
11
-2
2156
-605
3522
965773
-9
5
-2
2168
-620
3527
966798
-4
3
0
2173
-611
3512
959616
-2
3
1
2177
-606
3513
960641
-3
3
3
2167
-616
3522
961666
-1
3
5
2163
-613
3520
962691
1
7
6
2171
-624
3519
963716
-6
42
8
2147
-662
3433
964741
5
101
13
2103
-734
3316
965766
61
87
20
2158
-489
3576
966791
-20
8
41
2204
-448
3736
967816
-99
-37
67
2192
-679
3617
968841
-3
-17
60
2151
-686
3486
969866
50
-22
42
2155
-604
3612
970891
25
-61
32
2165
-574
3758
971916
-27
-78
33
2187
-585
3617
972941
-36
-43
32
2141
-645
3389
973966
6
-23
12
2100
-675
3489
974991
37
-32
0
2108
-584
3639
967808
-1
-51
12
2139
-558
3586
968833
-39
-52
18
2162
-608
3432
969858
-5
-31
14
2152
-612
3394
970883
11
-14
11
2145
-537
3457
971908
-34
-26
18
2158
-594
3499
972933
-51
-27
21
2182
-652
3463
973958
-65
21
-11
2188
-639
3440
974983
27
17
-47
2233
-695
3921
976008
-118
-117
-11
2342
-814
3961
977033
-52
-299
-28
1942
-680
3928
978058
242
-102
-181
2031
-921
2679
979083
-203
156
-22
2522
-122
2282
980108
-46
382
34
2015
-885
3008
981133
323
269
40
1972
-701
3944
982158
113
8
66
2085
-14
4412
983183
-437
-231
72
2400
-767
3813
976000
-344
-179
94
2450
-638
3225
977025
-122
-42
101
2174
-535
3297
978050
-104
9
28
2150
-706
3704
979075
-107
-17
-16
2190
-879
3760
980100
21
-25
-24
2185
-897
3548
981125
159
14
-37
2167
-721
3443
982150
161
36
-54
2157
-608
3486
983175
36
28
-58
2153
-611
3454
984200
-66
9
-34
2142
-686
3408
985225
-35
-19
-14
2153
-713
3457
986250
23
-35
0
2183
-613
3469
987275
8
-42
16
2188
-608
3493
988300
-38
-39
14
2198
-686
3486
989325
-43
-12
5
2185
-732
3456
990350
-6
13
-8
2183
-697
3485
991375
19
23
-12
2188
-647
3498
984216
16
22
-7
2173
-657
3524
985241
9
15
-5
2174
-676
3553
986266
-3
3
-2
2171
-679
3559
987291
-7
-8
1
2174
-667
3528
988316
-7
-10
4
2190
-637
3514
989341
-18
-18
7
2207
-666
3534
990366
-11
-23
6
2221
-667
3515
991391
-2
-24
6
2201
-668
3506
992416
-5
-23
0
2205
-700
3496
993441
6
-15
-5
2198
-695
3493
994466
12
-8
-7
2179
-655
3499
995491
-8
-10
-7
2174
-663
3489
996516
-15
-7
-2
2184
-671
3469
997541
-7
-4
0
2191
-666
3495
998566
-1
-2
2
2178
-613
3504
999591
-22
-3
4
2180
-644
3501
992384
-17
-2
5
2197
-661
3502
993409
3
2
8
2186
-659
3517
994434
9
8
8
2178
-659
3502
995459
3
5
8
2174
-678
3508
996484
0
-2
5
2188
-662
3524
997509
-6
-7
4
2187
-665
3523
998534
-9
-10
4
2193
-680
3504
999559
-4
-11
7
2186
-682
3497
1000584
1
-11
9
2196
-661
3493
1001609
-2
-10
12
2193
-668
3488
1002634
-4
-8
8
2194
-690
3495
1003659
1
-5
5
2195
-685
3495
1004684
2
-6
2
2188
-678
3500
1005709
-3
-7
0
2188
-661
3497
1006734
-8
-8
1
2188
-656
3475
1007759
-10
-9
2
2199
-667
3485
1000576
-8
-9
3
2192
-669
3500
1001601
-7
-11
5
2198
-674
3498
1002626
-10
-5
2
2211
-664
3487
1003651
-10
3
-2
2190
-683
3522
1004676
-1
5
-7
2187
-681
3534
1005701
1
0
-5
2182
-665
3519
1006726
-12
-8
2
2174
-688
3510
1007751
-14
-13
4
2186
-691
3512
1008776
-5
-13
1
2204
-675
3508
1009801
-3
-10
4
2200
-650
3488
1010826
-6
-10
8
2186
-655
3465
1011851
2
-7
9
2202
-685
3477
1012876
21
3
15
2189
-685
3490
1013901
22
15
18
2167
-683
3476
1014926
-3
32
21
2172
-725
3443
1015951
0
61
17
2177
-688
3458
1008769
-11
76
24
2187
-643
3416
1009794
-19
88
44
2129
-690
3420
1010819
-11
56
39
2186
-632
3556
1011844
-18
12
52
2227
-625
3661
1012869
-10
-26
68
2187
-666
3734
1013894
-9
-43
44
2200
-755
3633
1014919
14
-27
23
2190
-709
3531
1015944
11
-14
7
2179
-699
3488
1016969
23
0
-3
2177
-678
3446
1017994
30
6
11
2157
-633
3436
1019019
21
1
20
2144
-640
3471
1020044
-9
-11
24
2157
-666
3484
1021069
-19
-24
37
2163
-671
3516
1022094
-13
-26
41
2142
-646
3523
1023119
-38
-48
29
2142
-684
3556
1024144
-44
-50
5
2162
-722
3550
1016960
-27
-38
-20
2155
-747
3474
1017985
-63
-30
-52
2210
-768
3497
1019010
-101
-20
-101
2286
-802
3541
1020035
59
12
-135
2342
-764
3639
1021060
14
-30
-103
2287
-780
3627
1022085
18
-178
-102
2046
-683
4035
1023110
161
-119
-144
1994
-860
2878
1024135
-99
142
-66
2560
-200
2546
1025160
29
341
54
1991
-815
3042
1026185
346
307
19
2051
-720
3535
1027210
267
186
73
2023
-57
4149
1028235
-343
-93
94
2134
-654
4013
1029260
-436
-177
48
2394
-976
3615
1030285
-176
-101
52
2272
-730
3438
1031310
-80
-55
16
2154
-705
3552
1032335
-95
-46
-35
2176
-798
3615
1025153
-54
-53
-45
2204
-751
3585
1026178
-28
-55
-44
2202
-672
3527
1027203
-36
-32
-48
2186
-691
3423
1028228
-14
-9
-45
2169
-721
3396
1029253
18
9
-37
2167
-671
3422
1030278
26
19
-13
2133
-621
3395
1031303
-4
8
4
2122
-668
3420
1032328
-31
-4
4
2155
-743
3459
1033353
-19
5
5
2162
-739
3475
1034378
-10
14
3
2164
-716
3524
1035403
-23
8
-2
2186
-711
3533
1036428
-12
3
1
2175
-706
3502
1037453
-1
3
6
2154
-696
3507
1038478
-11
-5
4
2182
-706
3528
1039503
-13
-5
9
2204
-711
3526
1040528
-3
-2
15
2187
-715
3535
1033344
0
-7
12
2200
-719
3528
1034369
2
-9
10
2195
-728
3512
1035394
3
-13
8
2176
-732
3515
1036419
3
-22
6
2179
-702
3504
1037444
-9
-24
6
2178
-711
3488
1038469
-14
-21
2
2194
-739
3460
1039494
-1
-10
2
2182
-719
3470
1040519
-2
-7
1
2194
-701
3483
1041544
-12
-6
1
2198
-717
3479
1042569
-5
2
2
2172
-721
3482
1043594
0
7
0
2161
-713
3502
1044619
-2
-2
3
2160
-698
3524
1045644
-20
-14
12
2176
-708
3524
1046669
-21
-18
12
2199
-717
3517
1047694
-6
-16
11
2207
-722
3508
1048719
4
-16
10
2198
-715
3491
1041535
3
-19
12
2192
-699
3492
1042560
-6
-23
12
2200
-733
3490
1043585
2
-19
14
2209
-736
3479
1044610
8
-15
14
2200
-724
3467
1045635
-4
-9
8
2199
-726
3477
1046660
-10
-1
3
2212
-750
3476
1047685
-3
5
0
2186
-733
3481
1048710
0
4
-3
2172
-685
3501
1049735
-18
-1
-1
2190
-692
3489
1050760
-18
-3
5
2187
-715
3489
1051785
-4
-3
8
2188
-727
3511
1052810
9
-3
8
2192
-719
3518
1053835
6
-4
9
2182
-710
3507
1054860
-6
-6
7
2179
-727
3499
1055885
0
-6
5
2189
-740
3499
1056910
6
-7
5
2198
-711
3507
1049728
-6
-12
9
2201
-716
3499
1050753
-9
-13
9
2204
-732
3489
1051778
1
-11
8
2206
-727
3494
1052803
3
-10
6
2210
-735
3493
1053828
0
-10
3
2208
-742
3487
1054853
3
-10
1
2196
-731
3495
1055878
-3
-13
-2
2198
-722
3491
1056903
-9
-11
-5
2209
-736
3481
1057928
1
15
-3
2195
-753
3444
1058953
22
63
2
2120
-749
3361
1059978
21
48
9
2141
-694
3385
1061003
-30
-4
33
2238
-607
3496
1062028
-60
-15
65
2210
-703
3560
1063053
9
-26
60
2218
-767
3598
1064078
61
-27
32
2221
-664
3640
1065103
8
-55
29
2168
-716
3663
1058010
-62
-87
19
2192
-823
3587
1059035
-44
-67
-5
2230
-819
3428
1060060
4
-27
-15
2234
-752
3353
1061085
25
-3
-14
2209
-674
3350
1062110
21
17
1
2181
-670
3341
1063135
-5
17
15
2159
-683
3365
1064160
-59
1
26
2160
-734
3455
1065185
-77
-8
28
2179
-799
3519
1066210
-66
-14
27
2191
-752
3550
1067235
-72
-21
27
2204
-743
3557
1068260
-42
-14
23
2210
-751
3498
1069285
-11
18
6
2196
-758
3445
1070310
-45
54
-42
2248
-846
3352
1071335
132
127
-99
2287
-946
3521
1072360
241
49
-24
2223
-707
3821
1073385
72
-167
7
2082
-439
4289
1066112
101
-312
-68
1856
-917
3473
1067137
-96
-104
-99
2636
-570
2494
1068162
68
208
80
2182
-735
2661
1069187
292
263
60
1965
-819
3424
1070212
179
120
45
2140
-220
4054
1071237
-352
-132
88
2241
-721
3894
1072262
-389
-191
58
2487
-955
3294
1073287
-89
-61
70
2280
-712
3195
1074312
-69
1
21
2158
-727
3525
1075337
-121
5
-40
2228
-873
3644
1076362
-27
-14
-40
2205
-832
3588
1077387
30
-22
-37
2182
-753
3476
1078412
16
-3
-51
2187
-757
3448
1079437
46
17
-53
2189
-734
3490
1080462
71
24
-32
2174
-657
3426
1081487
32
19
-4
2141
-669
3394
1074305
-21
-4
4
2181
-742
3500
1075330
-25
-16
12
2212
-744
3512
1076355
-8
-10
21
2204
-736
3477
1077380
-6
-3
17
2218
-791
3475
1078405
14
9
3
2241
-768
3480
1079430
25
19
-1
2229
-716
3477
1080455
4
10
-2
2233
-741
3470
1081480
2
3
-4
2230
-759
3458
1082505
13
0
-3
2213
-747
3465
1083530
10
-4
-5
2210
-734
3474
1084555
-4
-4
-6
2222
-742
3470
1085580
-9
0
-5
2228
-750
3473
1086605
-1
9
-5
2213
-736
3453
1087630
0
17
-5
2185
-722
3454
1088655
-3
16
-9
2188
-729
3500
1089680
5
13
-7
2201
-708
3500
1082496
4
12
1
2185
-699
3500
1083521
1
9
4
2195
-724
3498
1084546
11
11
5
2189
-722
3492
1085571
11
8
5
2183
-724
3512
1086596
8
-1
4
2195
-734
3514
1087621
7
-4
5
2189
-718
3493
1088646
-5
-5
5
2205
-730
3465
1089671
-5
-3
4
2202
-744
3461
1090696
8
-1
4
2207
-746
3487
1091721
7
-2
4
2219
-726
3477
1092746
-3
-1
3
2222
-739
3468
1093771
1
3
2
2202
-749
3472
1094796
7
4
-3
2189
-739
3490
1095821
2
-2
-6
2199
-719
3485
1096846
-7
-6
-5
2203
-726
3467
1097871
-12
-5
-5
2213
-740
3455
1090688
0
0
-6
2196
-735
3480
1091713
5
0
-7
2200
-708
3505
1092738
-8
-1
-5
2197
-703
3477
1093763
-13
4
-3
2188
-717
3481
1094788
-4
11
-6
2184
-726
3507
1095813
10
15
-3
2183
-722
3510
1096838
11
8
7
2163
-725
3510
1097863
3
-1
9
2167
-723
3512
1098888
-6
-7
7
2194
-712
3501
1099913
-9
-10
7
2208
-719
3486
1100938
2
-10
8
2212
-708
3470
1101963
8
-13
10
2202
-703
3468
1102988
4
-15
14
2197
-722
3464
1104013
4
-10
13
2212
-749
3458
1105038
3
-3
11
2211
-764
3468
1106063
0
6
7
2207
-740
3478
1098881
-9
10
0
2205
-743
3481
1099906
-7
10
-3
2179
-729
3488
1100931
-8
5
-5
2182
-700
3501
1101956
-17
-4
-1
2195
-705
3526
1102981
-12
-10
3
2193
-714
3534
1104006
4
-5
3
2174
-741
3491
1105031
17
-1
1
2162
-699
3498
1106056
-2
-10
3
2184
-715
3508
1107081
-3
-16
7
2196
-731
3499
1108106
5
-19
13
2205
-719
3495
1109131
5
-11
16
2207
-729
3460
1110156
2
20
19
2183
-752
3424
1111181
12
57
19
2162
-758
3397
1112206
18
48
23
2184
-686
3457
1113231
-32
3
61
2186
-618
3552
1114256
-85
-47
64
2231
-814
3560
1107072
-25
-41
39
2255
-831
3495
1108097
40
-21
33
2206
-689
3505
1109122
-8
-42
21
2218
-706
3596
1110147
-48
-67
18
2244
-783
3574
1111172
-14
-54
19
2203
-774
3481
1112197
19
-37
8
2195
-727
3422
1113222
7
-5
1
2202
-699
3393
1114247
-9
19
4
2158
-740
3430
1115272
5
6
3
2151
-724
3516
1116297
-9
-18
10
2156
-724
3492
1117322
-42
-32
15
2166
-783
3407
1118347
-32
-13
11
2211
-775
3400
1119372
1
12
6
2220
-777
3402
1120397
50
22
8
2206
-769
3395
1121422
87
24
10
2179
-710
3428
1122447
21
25
-1
2211
-732
3411
1115264
-45
28
-17
2281
-811
3547
1116289
-7
21
-104
2455
-979
3659
1117314
216
22
-47
2282
-905
3751
1118339
414
-142
-49
1647
-650
3939
1119364
-26
-63
-207
2428
-555
3016
1120389
-107
105
-33
2463
-601
2905
1121414
372
285
91
1944
-855
3077
1122439
517
200
109
2017
-29
3933
1123464
-196
-125
129
2038
-202
4301
1124489
-645
-283
38
2512
-1043
3497
1125514
-303
-147
74
2354
-775
3334
1126539
-175
-85
64
2121
-746
3483
1127564
-186
-72
-21
2204
-894
3496
1128589
-100
-39
-49
2212
-868
3427
1129614
31
-24
-47
2213
-788
3431
1130639
96
-5
-47
2219
-676
3398
1123456
74
6
-28
2168
-686
3397
1124481
28
0
-19
2176
-733
3420
1125506
0
7
-11
2198
-730
3378
1126531
-1
3
4
2179
-733
3411
1127556
-6
-14
9
2205
-732
3445
1128581
-22
-12
13
2225
-729
3439
1129606
-27
0
11
2225
-750
3453
1130631
-14
9
0
2244
-778
3467
1131656
20
19
-3
2239
-729
3509
1132681
18
13
0
2229
-700
3483
1133706
-16
9
2
2221
-743
3437
1134731
-16
13
-1
2214
-770
3513
1135756
17
13
-3
2226
-703
3546
1136781
9
-2
2
2219
-700
3543
1137806
-16
-19
6
2223
-764
3513
1138831
3
-20
4
2218
-745
3498
1131649
13
-20
0
2212
-703
3486
1132674
-4
-25
0
2233
-708
3462
1133699
-5
-25
2
2230
-740
3442
1134724
10
-19
3
2215
-755
3434
1135749
21
-13
3
2214
-747
3435
1136774
15
-7
3
2219
-730
3424
1137799
-2
-5
4
2210
-737
3441
1138824
-6
-2
3
2217
-741
3442
1139849
-11
3
2
2212
-723
3445
1140874
-15
8
-2
2224
-711
3459
1141899
-7
10
-1
2233
-702
3495
1142924
-2
9
8
2230
-687
3486
1143949
-5
7
14
2219
-744
3490
1144974
17
8
11
2213
-754
3511
1145999
22
8
8
2202
-709
3521
1147024
-7
-2
6
2215
-731
3495
1139840
-8
-5
4
2227
-747
3474
1140865
5
-4
7
2233
-730
3466
1141890
7
-3
8
2245
-728
3461
1142915
9
0
10
2226
-736
3437
1143940
9
2
9
2203
-746
3453
1144965
0
0
6
2214
-739
3461
1145990
-6
0
5
2230
-739
3454
1147015
-3
5
3
2219
-750
3442
1148040
4
7
0
2210
-729
3463
1149065
-1
5
-1
2227
-716
3469
1150090
-11
3
1
2217
-737
3467
1151115
-7
4
1
2218
-735
3474
1152140
1
8
1
2223
-724
3489
1153165
3
12
-1
2231
-711
3488
1154190
-3
18
-4
2219
-718
3487
1155215
1
19
-7
2213
-736
3514
1148032
18
17
-8
2204
-738
3523
1149057
16
10
0
2185
-729
3491
1150082
3
-3
2
2186
-724
3494
1151107
-6
-6
0
2206
-720
3493
1152132
-9
-6
-2
2215
-708
3468
1153157
-5
-6
-1
2213
-700
3441
1154182
3
-7
4
2209
-715
3433
1155207
12
-6
10
2205
-728
3436
1156232
8
14
13
2207
-746
3400
1157257
9
77
9
2165
-792
3377
1158282
13
89
9
2144
-739
3398
1159307
-19
77
25
2206
-676
3423
1160332
-41
65
47
2174
-662
3574
1161357
-46
11
37
2224
-719
3653
1162382
-21
-24
44
2221
-706
3697
1163407
18
-31
35
2190
-725
3691
1156223
14
-48
21
2207
-773
3563
1157248
16
-39
13
2179
-743
3470
1158273
12
-28
3
2185
-709
3461
1159298
13
-15
0
2188
-745
3398
1160323
31
-11
6
2178
-725
3391
1161348
31
-6
19
2166
-678
3418
1162373
-6
-12
34
2157
-691
3415
1163398
-28
-19
42
2157
-744
3426
1164423
-16
-23
44
2171
-744
3449
1165448
-29
-21
32
2178
-752
3500
1166473
-102
-7
-8
2232
-924
3495
1167498
95
28
-2
2252
-725
3461
1168523
109
16
18
2152
-492
3643
1169548
-144
-66
-36
2295
-865
3677
1170573
-64
-58
-92
2417
-1015
3382
1171598
215
13
-80
2210
-859
3446
1164416
187
-38
-109
1744
-564
3794
1165441
-215
-85
-81
2400
-647
3328
1166466
-121
8
49
2432
-665
2990
1167491
391
185
90
1982
-912
3097
1168516
556
169
121
2045
-183
3830
1169541
-80
-87
135
2075
-345
4229
1170566
-485
-277
85
2500
-1035
3654
1171591
-150
-155
103
2567
-699
3053
1172616
59
-11
129
2120
-427
3204
1173641
-116
3
51
2087
-772
3502
1174666
-185
-6
-18
2206
-1004
3542
1175691
-80
-15
-29
2195
-925
3508
1176716
4
-32
-33
2161
-836
3486
1177741
-12
-49
-45
2175
-757
3472
1178766
-85
-47
-43
2185
-738
3392
1179791
-73
-40
-41
2186
-799
3362
1172608
9
-21
-38
2201
-702
3386
1173633
18
-13
-27
2199
-685
3410
1174658
-7
-8
-12
2225
-716
3409
1175683
-13
5
3
2235
-731
3406
1176708
1
9
11
2236
-772
3441
1177733
29
12
14
2238
-752
3452
1178758
22
5
18
2215
-750
3473
1179783
-15
-8
14
2233
-795
3479
1180808
-27
-7
9
2247
-802
3451
1181833
-23
2
4
2254
-785
3481
1182858
-22
-2
-5
2274
-784
3516
1183883
-5
-3
-6
2260
-762
3489
1184908
-6
-10
-7
2243
-753
3502
1185933
-17
-19
-12
2252
-781
3507
1186958
-4
-22
-12
2249
-770
3495
1187983
6
-24
-9
2248
-750
3469
1180800
7
-21
-6
2239
-744
3417
1181825
3
-17
-7
2208
-772
3431
1182850
7
-16
-9
2209
-769
3439
1183875
4
-13
-4
2223
-730
3411
1184900
-13
-5
0
2225
-751
3405
1185925
0
9
2
2211
-736
3417
1186950
7
13
4
2194
-724
3446
1187975
-13
5
12
2205
-758
3437
1189000
-9
4
17
2239
-753
3441
1190025
-6
3
14
2277
-764
3467
1191050
-5
4
10
2268
-765
3473
1192075
-5
-2
5
2252
-753
3469
1193100
-10
-10
3
2252
-775
3465
1194125
-3
-12
1
2262
-783
3470
1195150
7
-10
2
2264
-768
3471
1196175
7
-8
1
2257
-758
3459
1188993
-3
-8
0
2243
-753
3454
1190018
-14
-8
-6
2246
-774
3454
1191043
-4
-4
-9
2229
-755
3454
1192068
4
-2
-10
2227
-729
3442
1193093
-5
-1
-4
2225
-731
3431
1194118
-6
1
3
2221
-752
3436
1195143
-1
3
6
2221
-781
3455
1196168
12
5
6
2214
-764
3449
1197193
2
2
5
2213
-748
3445
1198218
-17
-3
4
2223
-755
3444
1199243
-15
-4
8
2235
-752
3449
1200268
-8
-2
10
2252
-754
3453
1201293
-5
-3
13
2254
-769
3454
1202318
-4
-3
13
2239
-773
3462
1203343
-3
-3
11
2246
-778
3468
1204368
-2
-1
5
2250
-785
3468
1197184
1
-2
0
2235
-789
3469
1198209
4
-6
-3
2239
-756
3471
1199234
-8
-13
-4
2251
-752
3454
1200259
-11
-3
1
2237
-769
3401
1201284
2
11
4
2225
-761
3415
1202309
5
32
7
2225
-761
3398
1203334
7
48
13
2224
-747
3407
1204359
-15
33
24
2219
-674
3503
1205384
-57
28
26
2209
-857
3430
1206409
10
40
14
2187
-827
3427
1207434
21
22
13
2231
-693
3533
1208459
-29
1
23
2233
-735
3554
1209484
-28
10
30
2244
-778
3476
1210509
11
20
36
2206
-754
3434
1211534
6
-10
32
2209
-707
3520
1212559
-20
-24
31
2242
-785
3499
1205376
37
15
27
2228
-814
3367
1206401
54
23
31
2203
-715
3410
1207426
2
14
29
2186
-791
3486
1208451
-12
-2
24
2181
-787
3547
1209476
-62
-23
9
2240
-876
3510
1210501
-16
-5
-16
2270
-926
3402
1211526
109
36
-19
2208
-625
3527
1212551
-33
6
-25
2277
-619
3664
1213576
-186
-77
1
2339
-980
3536
1214601
130
-93
-16
2260
-906
3591
1215626
323
-152
-62
1652
-554
3841
1216651
40
-29
-176
2474
-904
2891
1217676
-41
173
30
2474
-481
2744
1218701
254
229
75
1915
-901
3156
1219726
347
146
56
2063
-359
3956
1220751
-183
-101
78
2222
-569
3989
1213568
-341
-189
23
2525
-1099
3300
1214593
-14
-50
41
2319
-693
3163
1215618
-72
-3
11
2139
-657
3503
1216643
-216
-26
-62
2265
-877
3630
1217668
-133
-25
-67
2267
-915
3537
1218693
13
8
-68
2220
-809
3440
1219718
73
25
-75
2218
-704
3460
1220743
27
19
-58
2212
-639
3511
1221768
-33
-2
-28
2166
-697
3489
1222793
-22
-24
-18
2179
-761
3482
1223818
12
-31
-19
2203
-760
3458
1224843
31
-13
-17
2209
-721
3405
1225868
22
4
-11
2189
-745
3417
1226893
12
12
-7
2191
-769
3450
1227918
20
17
-4
2212
-731
3450
1228943
8
15
0
2205
-715
3449
1221760
-2
3
-1
2221
-731
3461
1222785
-5
-7
-2
2226
-738
3452
1223810
-10
-10
0
2229
-755
3423
1224835
-3
-3
3
2236
-747
3426
1225860
0
5
5
2249
-744
3465
1226885
0
8
4
2240
-741
3498
1227910
-7
5
3
2236
-751
3495
1228935
-14
1
1
2241
-764
3486
1229960
-6
1
-3
2215
-734
3497
1230985
-3
-3
-7
2225
-714
3503
1232010
-8
-4
-2
2215
-725
3483
1233035
-5
-8
1
2200
-743
3485
1234060
6
-9
1
2208
-733
3491
1235085
7
-14
4
2192
-731
3495
1236110
-4
-24
5
2208
-729
3482
1237135
-7
-27
8
2200
-745
3475
1229952
6
-24
6
2214
-732
3467
1230977
8
-20
10
2225
-715
3441
1232002
2
-20
14
2226
-732
3444
1233027
1
-19
14
2238
-760
3450
1234052
10
-15
16
2242
-738
3442
1235077
4
-12
17
2232
-756
3428
1236102
0
-13
11
2237
-767
3431
1237127
-5
-11
7
2239
-745
3426
1238152
-18
-11
6
2245
-763
3427
1239177
-12
-4
3
2246
-763
3430
1240202
-1
0
3
2228
-744
3455
1241227
2
-2
2
2250
-702
3463
1242252
-13
3
6
2225
-729
3468
1243277
-15
6
1
2220
-769
3495
1244302
11
8
-4
2217
-736
3490
1245327
9
0
4
2206
-723
3484
1238145
-9
-14
8
2224
-733
3502
1239170
-12
-15
7
2243
-756
3468
1240195
4
-9
8
2229
-727
3463
1241220
1
-16
8
2248
-723
3462
1242245
0
-18
12
2241
-748
3444
1243270
9
-16
12
2236
-767
3432
1244295
9
-12
9
2236
-757
3437
1245320
-5
-8
6
2240
-765
3438
1246345
-10
-4
4
2238
-776
3432
1247370
-3
3
2
2225
-758
3433
1248395
-3
7
-2
2213
-719
3454
1249420
-14
4
-4
2245
-718
3467
1250445
-15
1
3
2240
-724
3459
1251470
-4
2
10
2228
-732
3468
1252495
5
3
12
2231
-746
3495
1253520
7
1
10
2230
-759
3495
1246337
1
-1
6
2239
-770
3466
1247362
3
12
4
2229
-774
3435
1248387
12
37
4
2219
-751
3409
1249412
28
76
16
2196
-772
3337
1250437
56
71
39
2185
-679
3365
1251462
-31
21
51
2221
-650
3530
1252487
-131
-6
27
2326
-820
3587
1253512
-22
-3
51
2239
-803
3530
1254537
25
-32
44
2234
-675
3581
1255562
-37
-40
30
2226
-839
3540
1256587
8
-31
12
2218
-793
3498
1257612
22
-27
6
2219
-726
3447
1258637
4
-21
0
2207
-751
3410
1259662
-10
-21
10
2186
-754
3464
1260687
-37
-32
-1
2227
-812
3445
1261712
30
-19
-2
2236
-771
3377
1254528
82
3
14
2138
-599
3473
1255553
-87
-22
-7
2185
-773
3481
1256578
-131
-8
-51
2293
-1015
3407
1257603
61
2
-30
2341
-932
3612
1258628
72
-72
40
2430
-754
3465
1259653
325
-133
52
1734
-396
3984
1260678
272
-15
-120
2164
-865
2646
1261703
-120
181
1
2637
-278
2678
1262728
-73
349
98
1925
-1232
3014
1263753
218
305
46
2111
-861
3556
1264778
84
73
112
2194
-149
4268
1265803
-415
-179
110
2405
-727
3988
1266828
-300
-190
91
2390
-1034
3581
1267853
-54
-93
85
2220
-645
3513
1268878
-147
-72
22
2186
-731
3637
1269903
-189
-80
-23
2207
-925
3657
1262721
-47
-69
-38
2192
-928
3524
1263746
77
-31
-60
2208
-833
3327
1264771
123
14
-65
2170
-797
3284
1265796
113
30
-55
2168
-695
3350
1266821
32
14
-27
2177
-661
3348
1267846
-43
-13
6
2180
-779
3336
1268871
-29
-24
15
2207
-818
3353
1269896
-8
-10
16
2226
-787
3336
1270921
-22
17
13
2208
-795
3387
1271946
-35
28
-1
2233
-826
3499
1272971
-28
35
-11
2255
-833
3516
1273996
-9
37
-12
2226
-813
3516
1275021
7
28
-15
2230
-770
3521
1276046
2
15
-15
2233
-775
3511
1277071
-10
4
-14
2226
-785
3515
1278096
-4
-4
-14
2238
-780
3523
1270912
5
-12
-9
2227
-769
3518
1271937
6
-20
-6
2226
-765
3488
1272962
0
-18
-7
2220
-772
3464
1273987
-2
-7
-11
2210
-804
3465
1275012
17
3
-17
2208
-797
3461
1276037
28
8
-13
2182
-798
3457
1277062
23
6
-8
2176
-776
3433
1278087
10
4
-5
2185
-753
3436
1279112
-6
-1
-3
2207
-755
3456
1280137
-4
-4
0
2213
-730
3447
1281162
-9
-7
6
2212
-749
3433
1282187
-5
-5
9
2213
-782
3422
1283212
7
2
10
2219
-773
3439
1284237
3
10
11
2223
-772
3455
1285262
-10
12
9
2214
-804
3487
1286287
-7
14
4
2227
-785
3481
1279105
-10
11
0
2214
-775
3491
1280130
-11
6
-4
2223
-764
3495
1281155
-8
4
-4
2221
-758
3484
1282180
-5
0
-1
2205
-770
3484
1283205
4
2
0
2206
-768
3489
1284230
5
2
-1
2201
-779
3502
1285255
8
-1
-5
2196
-768
3486
1286280
7
-6
-4
2183
-745
3471
1287305
-5
-13
-2
2197
-769
3464
1288330
-1
-11
2
2209
-778
3447
1289355
8
-3
7
2206
-770
3447
1290380
4
0
10
2197
-763
3454
1291405
-8
-3
10
2209
-779
3467
1292430
-4
-2
8
2194
-796
3468
1293455
3
-2
7
2191
-764
3459
1294480
-11
-5
6
2204
-760
3452
1287297
-23
-5
7
2212
-786
3454
1288322
-9
-5
8
2223
-779
3464
1289347
1
-4
9
2193
-769
3469
1290372
-2
-6
6
2204
-782
3480
1291397
-3
-4
6
2215
-762
3477
1292422
-6
12
9
2183
-785
3466
1293447
2
31
9
2168
-788
3451
1294472
9
34
12
2181
-719
3507
1295497
-23
9
29
2191
-731
3514
1296522
-29
0
38
2204
-795
3482
1297547
4
27
34
2194
-821
3405
1298572
21
29
33
2185
-782
3466
1299597
1
1
32
2232
-696
3581
1300622
-37
-20
38
2216
-784
3527
1301647
-28
-30
36
2201
-866
3446
1302672
12
-14
22
2200
-836
3476
1295487
12
-10
9
2189
-773
3516
1296512
-24
-28
5
2199
-771
3531
1297537
-30
-37
7
2217
-791
3487
1298562
-8
-34
7
2201
-768
3452
1299587
1
-29
4
2184
-772
3429
1300612
4
-26
3
2196
-786
3406
1301637
8
-12
9
2190
-777
3402
1302662
1
5
14
2178
-781
3407
1303687
-15
12
14
2190
-808
3436
1304712
-22
22
13
2206
-815
3399
1305737
-56
49
-22
2329
-906
3278
1306762
-19
105
-69
2452
-1141
3133
1307787
368
59
52
1825
-676
4181
1308812
355
-210
-67
1761
-692
4144
1309837
-116
-188
-124
2815
-464
3223
1310862
36
76
76
2219
-759
2983
1303680
188
133
76
2059
-799
3189
1304705
129
71
27
2151
-513
3806
1305730
-240
-108
34
2090
-544
4180
1306755
-460
-250
27
2395
-822
3654
1307780
-358
-197
65
2371
-653
3258
1308805
-266
-123
69
2198
-803
3198
1309830
-174
-69
8
2166
-1060
3339
1310855
-24
-42
-26
2207
-1005
3375
1311880
83
-32
-32
2195
-871
3322
1312905
77
-24
-37
2204
-804
3279
1313930
0
4
-47
2212
-820
3307
1314955
-39
7
-42
2208
-832
3383
1315980
-36
-2
-24
2247
-801
3346
1317005
-11
1
0
2233
-815
3316
1318030
-7
-2
-1
2246
-825
3387
1319055
-17
0
4
2275
-788
3412
1311872
-40
8
16
2268
-793
3432
1312897
-42
5
17
2290
-866
3475
1313922
-1
7
11
2293
-888
3481
1314947
34
12
5
2286
-841
3478
1315972
13
7
1
2280
-854
3474
1316997
-8
-1
-5
2271
-879
3488
1318022
-1
-4
-12
2286
-819
3479
1319047
-8
-7
-16
2281
-802
3482
1320072
-11
-13
-18
2276
-821
3458
1321097
1
-10
-18
2254
-814
3428
1322122
17
-6
-15
2251
-795
3409
1323147
19
-1
-9
2222
-818
3420
1324172
18
-1
-6
2210
-830
3442
1325197
11
-5
-5
2207
-811
3425
1326222
0
-8
-2
2222
-804
3414
1327247
-1
-12
3
2239
-794
3410
1320064
-2
-7
11
2240
-800
3392
1321089
-1
-5
15
2240
-820
3395
1322114
-5
0
18
2253
-815
3415
1323139
-11
1
18
2259
-836
3431
1324164
-1
3
16
2262
-842
3437
1325189
4
4
13
2251
-836
3434
1326214
-3
1
10
2250
-834
3432
1327239
-5
-2
8
2254
-838
3432
1328264
-2
-4
8
2272
-822
3429
1329289
-3
-4
10
2262
-812
3431
1330314
-5
0
10
2263
-832
3419
1331339
6
8
8
2259
-827
3434
1332364
10
12
5
2265
-795
3422
1333389
0
16
3
2265
-796
3430
1334414
-6
18
-1
2269
-837
3465
1335439
14
20
-4
2255
-831
3455
1328256
21
15
-1
2224
-842
3442
1329281
11
5
-1
2231
-829
3442
1330306
-7
-3
-3
2248
-815
3446
1331331
-13
-6
-5
2261
-821
3433
1332356
-4
-4
-5
2253
-807
3400
1333381
1
2
-7
2253
-804
3395
1334406
9
11
-7
2241
-817
3401
1335431
18
21
-6
2225
-817
3431
1336456
16
19
-4
2228
-816
3456
1337481
3
12
-2
2235
-828
3458
1338506
-11
6
-3
2240
-839
3448
1339531
-13
5
-7
2238
-828
3450
1340556
-6
8
-11
2235
-788
3460
1341581
-6
7
-9
2228
-771
3463
1342606
-8
5
-3
2215
-777
3452
1343631
0
6
2
2212
-807
3459
1336447
12
7
6
2216
-801
3456
1337472
9
7
9
2215
-797
3434
1338497
0
12
11
2224
-829
3416
1339522
12
33
11
2211
-848
3400
1340547
24
36
12
2207
-809
3442
1341572
5
28
16
2245
-789
3443
1342597
-14
37
25
2215
-827
3439
1343622
-25
20
24
2237
-824
3448
1344647
-31
24
20
2241
-855
3445
1345672
-3
24
14
2228
-822
3511
1346697
-3
2
15
2237
-763
3522
1347722
-29
-2
18
2231
-832
3456
1348747
-10
-8
10
2231
-845
3492
1349772
-3
-18
12
2232
-795
3485
1350797
-5
-13
14
2183
-841
3426
1351822
6
-19
7
2194
-780
3450
1344641
-15
-14
8
2209
-792
3429
1345666
-16
0
6
2194
-857
3427
1346691
2
4
2
2189
-821
3468
1347716
-12
-8
5
2180
-827
3472
1348741
-50
-6
-25
2280
-854
3397
1349766
66
28
-48
2364
-1005
3477
1350791
93
-85
44
2081
-886
4259
1351816
432
-282
-69
1914
-1229
3450
1352841
606
-59
-186
2631
-444
2939
1353866
255
176
-14
2249
-356
2585
1354891
216
283
-18
2037
-863
2892
1355916
232
273
-3
2200
-486
3513
1356941
-11
105
71
2130
-477
4113
1357966
-248
-140
99
2196
-538
4076
1358991
-393
-240
77
2382
-872
3515
1360016
-209
-156
67
2251
-783
3395
1352832
-133
-98
12
2193
-741
3598
1353857
-205
-84
-30
2241
-838
3621
1354882
-129
-65
-37
2223
-917
3494
1355907
53
-34
-52
2241
-855
3394
1356932
146
7
-58
2228
-680
3353
1357957
106
18
-41
2200
-639
3363
1358982
29
4
-18
2213
-688
3360
1360007
-10
-13
10
2205
-723
3349
1361032
-33
-32
26
2210
-769
3385
1362057
-41
-37
32
2218
-795
3382
1363082
-35
-21
26
2232
-790
3386
1364107
-32
-2
12
2260
-795
3426
1365132
-22
16
2
2285
-787
3452
1366157
-6
28
-5
2269
-793
3461
1367182
10
28
-14
2279
-791
3471
1368207
16
23
-17
2277
-775
3446
1361024
6
9
-14
2250
-786
3468
1362049
-4
-8
-14
2255
-736
3508
1363074
-25
-29
-6
2276
-716
3493
1364099
-35
-34
-1
2267
-750
3456
1365124
-23
-22
-4
2246
-785
3449
1366149
6
-7
-14
2224
-770
3464
1367174
19
1
-13
2202
-736
3447
1368199
6
-1
-3
2191
-740
3425
1369224
-1
-5
2
2222
-731
3445
1370249
-5
-7
10
2240
-726
3448
1371274
-8
-12
17
2247
-749
3447
1372299
2
-13
20
2246
-756
3425
1373324
9
-14
22
2233
-767
3421
1374349
4
-11
21
2245
-784
3421
1375374
-2
-5
18
2267
-789
3438
1376399
-8
-1
12
2277
-803
3446
1369216
-6
3
5
2291
-788
3434
1370241
-3
8
1
2268
-777
3444
1371266
3
7
-7
2258
-754
3460
1372291
0
3
-7
2251
-729
3451
1373316
-17
-4
-3
2239
-746
3447
1374341
-14
-5
0
2244
-765
3454
1375366
2
-1
0
2238
-775
3460
1376391
9
0
-3
2229
-757
3463
1377416
3
-1
-3
2228
-741
3445
1378441
-4
-6
1
2220
-760
3446
1379466
3
-9
6
2228
-737
3448
1380491
-3
-14
13
2239
-735
3432
1381516
-14
-13
16
2247
-772
3417
1382541
-6
-6
16
2248
-781
3420
1383566
6
0
11
2255
-765
3443
1384591
-1
0
10
2249
-776
3445
1377409
-4
-1
9
2239
-780
3440
1378434
-3
-2
4
2241
-758
3445
1379459
-11
-5
4
2261
-760
3446
1380484
-9
-6
6
2265
-772
3440
1381509
0
-6
5
2250
-778
3448
1382534
0
-8
4
2246
-761
3444
1383559
-11
-5
3
2255
-762
3423
1384584
-10
2
2
2254
-790
3446
1385609
7
9
-3
2238
-774
3470
1386634
5
2
-1
2222
-752
3444
1387659
-16
-8
9
2228
-780
3442
1388684
-14
-12
10
2246
-786
3448
1389709
0
-9
7
2251
-748
3439
1390734
-13
-8
5
2250
-763
3431
1391759
-11
-8
4
2261
-763
3421
1392784
-2
-7
8
2246
-766
3425
1385599
1
-5
10
2242
-772
3431
1386624
-4
1
10
2251
-787
3423
1387649
-3
14
11
2256
-815
3429
1388674
12
52
12
2233
-826
3372
1389699
23
100
15
2178
-839
3250
1390724
14
85
17
2223
-652
3409
1391749
-102
52
14
2293
-683
3509
1392774
-166
35
18
2313
-889
3467
1393799
-66
5
32
2311
-787
3602
1394824
-19
-25
47
2265
-761
3705
1395849
-2
-46
30
2238
-824
3632
1396874
19
-58
3
2239
-799
3560
1397899
28
-53
-18
2223
-770
3478
1398924
3
-32
-35
2195
-804
3429
1399949
7
-14
-38
2209
-821
3401
1400974
45
-9
-31
2204
-724
3449
1393792
3
-29
-22
2188
-749
3463
1394817
-9
-35
-19
2200
-802
3390
1395842
46
-12
-8
2200
-721
3350
1396867
2
-11
1
2224
-757
3378
1397892
-41
-12
-6
2284
-786
3395
1398917
-84
3
-44
2352
-994
3303
1399942
93
24
-43
2310
-1009
3275
1400967
269
11
-22
1844
-490
3662
1401992
96
41
-136
2285
-841
3063
1403017
-153
182
9
2556
-410
3250
1404042
-96
245
141
1953
-950
3371
1405067
72
87
92
2016
-582
3982
1406092
-233
-140
61
2348
-772
4045
1407117
-244
-168
20
2495
-989
3461
1408142
88
-36
40
2270
-610
3213
1409167
63
18
24
2142
-702
3447
1401985
-50
-4
-25
2215
-915
3558
1403010
8
-16
-42
2218
-875
3456
1404035
93
-14
-44
2188
-817
3396
1405060
105
-19
-54
2199
-769
3410
1406085
66
-17
-51
2216
-740
3392
1407110
31
-3
-29
2198
-720
3378
1408135
6
0
-16
2199
-736
3399
1409160
-9
5
-9
2214
-743
3406
1410185
-16
16
-2
2200
-744
3435
1411210
-13
21
-3
2233
-767
3489
1412235
11
25
-4
2244
-777
3492
1413260
31
31
-1
2216
-744
3490
1414285
28
21
-4
2196
-756
3528
1415310
4
5
-6
2203
-744
3515
1416335
-14
-5
-4
2223
-762
3468
1417360
-11
-9
-3
2221
-772
3484
1410381
6
-12
-2
2241
-734
3499
1411406
4
-14
3
2246
-721
3490
1412431
-2
-17
8
2229
-757
3471
1413456
5
-16
6
2227
-781
3456
1414481
13
-13
0
2205
-762
3464
1415506
2
-15
-4
2209
-762
3454
1416531
-3
-15
-4
2203
-756
3443
1417556
-4
-15
-3
2203
-748
3439
1418581
-9
-16
-2
2209
-740
3431
1419606
-9
-12
3
2203
-736
3423
1420631
-10
-12
7
2223
-731
3428
1421656
-11
-4
11
2227
-741
3430
1422681
-10
6
11
2215
-763
3477
1423706
-4
9
7
2219
-766
3500
1424731
4
2
10
2219
-751
3497
1425756
-3
-7
18
2222
-766
3468
1418368
-6
-9
22
2222
-780
3469
1419393
-3
-8
16
2235
-768
3489
1420418
0
-9
11
2250
-729
3479
1421443
-7
-13
12
2245
-749
3453
1422468
3
-12
14
2240
-772
3436
1423493
19
-7
16
2230
-756
3454
1424518
11
-6
16
2232
-758
3456
1425543
-1
-6
15
2240
-774
3464
1426568
-2
-4
11
2248
-776
3456
1427593
-4
-1
6
2230
-784
3441
1428618
1
3
0
2225
-755
3450
1429643
-4
1
-2
2223
-741
3449
1430668
-12
-5
4
2210
-736
3464
1431693
-13
-8
8
2214
-739
3469
1432718
-10
-7
10
2223
-758
3467
1433743
-4
-6
10
2231
-762
3458
1426560
6
-6
10
2228
-766
3465
1427585
4
-7
11
2237
-765
3461
1428610
-6
6
11
2252
-807
3413
1429635
15
77
6
2219
-814
3337
1430660
43
112
7
2159
-758
3356
1431685
20
50
36
2220
-660
3514
1432710
-53
-28
60
2228
-750
3630
1433735
-61
-32
34
2248
-879
3506
1434760
3
-6
17
2221
-783
3443
1435785
-21
-13
9
2207
-731
3503
1436810
-40
-18
8
2224
-794
3499
1437835
2
-3
10
2217
-737
3475
1438860
3
9
23
2176
-723
3463
1439885
-4
11
20
2174
-789
3444
1440910
-7
13
14
2206
-743
3471
1441935
-28
7
16
2185
-795
3479
1434753
-17
7
14
2191
-822
3446
1435778
-2
18
18
2173
-766
3385
1436803
-24
18
29
2159
-774
3401
1437828
-43
9
31
2186
-786
3501
1438853
-54
-4
18
2237
-839
3546
1439878
-23
-2
-8
2260
-872
3510
1440903
90
17
-27
2273
-813
3673
1441928
-40
-72
21
2286
-1011
3688
1442953
17
-175
56
2332
-809
3659
1443978
414
-188
-7
1868
-488
3344
1445003
166
48
-159
2606
-485
2923
1446028
-9
248
157
2112
-700
3000
1447053
11
251
95
1943
-929
3235
1448078
15
127
35
2104
-744
3819
1449103
-170
-81
46
2208
-829
3955
1450128
-207
-169
14
2425
-857
3591
1442945
-74
-110
33
2277
-690
3392
1443970
-88
-68
0
2175
-820
3449
1444995
-82
-47
-49
2232
-907
3561
1446020
-7
-20
-58
2225
-842
3505
1447045
63
8
-61
2177
-762
3412
1448070
69
23
-60
2186
-709
3370
1449095
43
33
-37
2154
-704
3403
1450120
12
10
-10
2162
-732
3512
1451145
-20
-23
12
2181
-780
3511
1452170
-12
-37
25
2175
-789
3439
1453195
-3
-31
19
2176
-798
3433
1454220
-1
-17
3
2225
-787
3442
1455245
13
12
-2
2231
-764
3426
1456270
24
24
-3
2214
-751
3472
1457295
14
15
-9
2246
-775
3487
1458320
12
11
-4
2237
-776
3452
1451135
10
5
0
2233
-775
3446
1452160
-2
8
-3
2229
-786
3438
1453185
-6
13
-7
2229
-785
3484
1454210
-4
9
-11
2227
-757
3507
1455235
-6
3
-6
2208
-751
3492
1456260
-11
-1
-1
2198
-795
3496
1457285
8
1
-5
2205
-776
3495
1458310
16
2
-4
2211
-735
3482
1459335
1
-5
-1
2208
-740
3475
1460360
-3
-10
2
2210
-759
3465
1461385
10
-8
3
2206
-780
3442
1462410
19
-1
4
2187
-767
3441
1463435
5
-1
4
2201
-778
3458
1464460
-4
0
2
2227
-791
3477
1465485
-4
5
2
2222
-779
3465
1466510
-7
9
-3
2211
-768
3461
1459329
-4
14
-7
2208
-740
3472
1460354
-12
13
-9
2223
-760
3482
1461379
-4
14
-5
2216
-770
3490
1462404
12
15
-5
2197
-749
3483
1463429
10
11
-4
2192
-727
3484
1464454
-8
2
-5
2201
-763
3492
1465479
-4
-2
-7
2206
-777
3488
1466504
14
0
-8
2192
-751
3484
1467529
13
-3
-6
2181
-744
3489
1468554
8
-7
-2
2187
-756
3497
1469579
8
-12
0
2197
-760
3498
1470604
14
-12
4
2201
-749
3486
1471629
12
-11
4
2197
-747
3478
1472654
4
-10
2
2186
-754
3459
1473679
6
-13
2
2205
-735
3471
1474704
1
-15
4
2208
-749
3458
1467520
2
-15
5
2214
-780
3438
1468545
11
-9
4
2208
-748
3456
1469570
1
-8
4
2222
-730
3446
1470595
-14
-4
6
2221
-757
3431
1471620
-13
13
2
2214
-773
3438
1472645
-5
48
-1
2217
-766
3425
1473670
18
114
3
2162
-782
3338
1474695
28
111
24
2101
-718
3408
1475720
-38
44
38
2209
-605
3627
1476745
-106
7
50
2193
-815
3614
1477770
-61
-19
45
2193
-810
3566
1478795
-35
-40
39
2204
-762
3581
1479820
-32
-45
33
2194
-814
3547
1480845
-3
-40
24
2196
-768
3529
1481870
-5
-36
23
2179
-793
3476
1482895
21
-14
22
2169
-801
3421
1475711
28
-6
26
2171
-752
3441
1476736
-1
-16
30
2172
-746
3470
1477761
-20
-29
32
2151
-804
3500
1478786
-22
-53
26
2176
-759
3503
1479811
-68
-46
1
2221
-719
3385
1480836
-86
-24
-58
2265
-1058
3539
1481861
24
-98
-16
2279
-1238
3733
1482886
208
-172
-7
2141
-314
3922
1483911
282
-147
-76
1990
-846
3116
1484936
-92
-5
-50
2558
-333
2970
1485961
-44
170
105
2131
-670
3042
1486986
45
239
43
2069
-986
3189
1488011
231
199
62
2145
-697
3510
1489036
56
30
90
2166
-536
3898
1490061
-243
-132
87
2341
-818
3806
1491086
-228
-130
64
2366
-959
3462
1483905
-51
-49
32
2241
-813
3400
1484930
-48
-23
-17
2168
-890
3579
1485955
-52
-40
-60
2228
-935
3571
1486980
14
-36
-74
2232
-820
3495
1488005
37
-27
-79
2231
-741
3398
1489030
31
1
-70
2205
-707
3324
1490055
8
13
-56
2171
-730
3415
1491080
-22
3
-41
2182
-759
3457
1492105
-24
-9
-19
2158
-793
3410
1493130
-7
-10
-2
2131
-805
3391
1494155
4
-3
0
2177
-740
3438
1495180
-7
10
6
2211
-701
3489
1496205
-21
7
12
2220
-765
3533
1497230
-9
-3
10
2230
-800
3549
1498255
8
-12
9
2226
-805
3499
1499280
14
-15
7
2218
-792
3472
1492097
8
-13
4
2230
-789
3481
1493122
4
-8
2
2222
-794
3485
1494147
1
-12
0
2243
-784
3487
1495172
-1
-16
1
2258
-754
3489
1496197
-7
-17
2
2237
-755
3472
1497222
-3
-14
-3
2225
-772
3456
1498247
9
-9
-5
2224
-771
3455
1499272
11
-7
-3
2205
-768
3453
1500297
9
-5
-2
2194
-778
3468
1501322
6
-6
-2
2198
-774
3462
1502347
-2
-9
-2
2203
-766
3459
1503372
-5
-10
1
2204
-763
3443
1504397
-6
-9
6
2221
-764
3443
1505422
-2
-6
11
2221
-763
3435
1506447
6
-2
16
2219
-773
3445
1507472
10
0
18
2217
-766
3453
1500287
-2
0
15
2214
-790
3468
1501312
-7
0
8
2222
-814
3476
1502337
7
1
5
2223
-787
3464
1503362
6
-3
3
2227
-769
3471
1504387
-8
-8
1
2235
-778
3457
1505412
-8
-8
0
2220
-790
3448
1506437
2
-8
0
2219
-768
3464
1507462
0
-5
2
2223
-739
3451
1508487
-13
1
1
2217
-775
3464
1509512
-6
10
-2
2204
-798
3478
1510537
15
14
-3
2198
-762
3479
1511562
2
5
7
2189
-760
3464
1512587
-13
-4
12
2211
-782
3473
1513612
-5
-6
10
2233
-767
3474
1514637
-3
-5
9
2230
-769
3468
1515662
-5
-6
7
2226
-771
3448
1508480
-3
-6
7
2231
-776
3435
1509505
8
-4
9
2225
-788
3452
1510530
10
0
10
2226
-785
3456
1511555
-1
3
6
2226
-796
3467
1512580
-10
7
3
2209
-801
3475
1513605
-2
11
-1
2208
-773
3478
1514630
0
12
-2
2201
-750
3482
1515655
-4
10
0
2209
-744
3481
1516680
-3
8
5
2213
-758
3469
1517705
8
7
9
2208
-775
3481
1518730
15
6
8
2199
-797
3497
1519755
14
6
3
2218
-786
3484
1520780
11
45
-2
2210
-811
3411
1521805
23
82
-1
2157
-815
3359
1522830
28
80
7
2181
-732
3408
1523855
11
38
51
2185
-616
3571
1516672
-28
-23
63
2224
-802
3586
1517697
-15
-47
44
2271
-858
3513
1518722
34
-25
35
2232
-800
3516
1519747
7
-35
24
2189
-724
3594
1520772
-48
-53
15
2174
-807
3512
1521797
-23
-37
3
2192
-817
3368
1522822
17
-2
-6
2203
-742
3388
1523847
23
5
12
2192
-690
3455
1524872
-11
-2
21
2156
-767
3455
1525897
-36
-9
15
2177
-825
3404
1526922
-15
-4
4
2210
-825
3424
1527947
26
9
0
2215
-779
3497
1528972
24
21
0
2192
-745
3581
1529997
-31
7
-19
2227
-881
3576
1531022
-6
5
-11
2199
-806
3580
1532047
-1
-6
-19
2290
-725
3523
1524865
84
-32
-27
2344
-813
3553
1525890
198
-102
24
2007
-552
4167
1526915
156
-201
-72
1811
-872
3052
1527940
-50
85
-112
2646
-655
2319
1528965
140
366
85
1988
-906
2853
1529990
361
327
109
2024
-630
3522
1531015
209
135
171
2059
-260
4253
1532040
-437
-191
138
2227
-801
4065
1533065
-550
-277
40
2547
-1327
3414
1534090
-97
-130
43
2384
-765
3336
1535115
-37
-53
8
2254
-565
3519
1536140
-156
-36
-51
2251
-877
3594
1537165
-41
-32
-71
2217
-932
3597
1538190
87
-15
-78
2204
-745
3495
1539215
88
-7
-73
2167
-720
3427
1540240
70
-7
-67
2157
-759
3402
1533056
74
-1
-54
2125
-743
3397
1534081
33
-15
-37
2120
-732
3388
1535106
-14
-25
-17
2139
-760
3347
1536131
-29
-25
3
2160
-792
3370
1537156
-23
-18
7
2208
-767
3435
1538181
-16
-4
12
2222
-738
3463
1539206
-13
2
14
2222
-744
3498
1540231
-6
3
10
2219
-778
3483
1541256
4
6
6
2209
-798
3468
1542281
8
4
2
2227
-796
3483
1543306
6
4
2
2234
-776
3475
1544331
0
0
5
2227
-762
3513
1545356
-13
-11
3
2242
-756
3497
1546381
-15
-12
4
2239
-760
3489
1547406
-11
-12
1
2218
-789
3514
1548431
12
-12
-5
2219
-776
3507
1541247
13
-14
-1
2196
-770
3474
1542272
4
-18
1
2198
-776
3456
1543297
4
-15
-1
2206
-754
3461
1544322
-1
-14
-1
2210
-748
3450
1545347
-3
-16
3
2208
-747
3425
1546372
1
-16
10
2199
-739
3411
1547397
-2
-14
14
2207
-769
3414
1548422
-5
-7
16
2218
-774
3419
1549447
-8
5
17
2214
-764
3419
1550472
-18
14
15
2214
-770
3434
1551497
-21
21
12
2228
-784
3462
1552522
-10
27
11
2216
-766
3494
1553547
-8
24
10
2225
-748
3494
1554572
-14
14
9
2241
-773
3510
1555597
-5
6
7
2245
-799
3529
1556622
13
-3
4
2242
-816
3545
1549540
27
-15
-4
2223
-822
3542
1550565
15
-27
-4
2162
-742
3474
1551590
-39
-31
2
2198
-622
3380
1552615
-110
-11
12
2303
-661
3357
1553640
-73
32
20
2348
-860
3463
1554665
86
76
26
2236
-914
3554
1555690
175
68
23
2128
-779
3600
1556715
115
5
10
2133
-830
3547
1557740
17
-39
4
2164
-801
3524
1558765
-52
-70
-3
2186
-839
3520
1559790
-39
-77
-17
2230
-851
3431
1560815
25
-53
-18
2221
-698
3344
1561840
2
-36
-15
2222
-673
3316
1562865
-14
-17
-7
2251
-725
3326
1563890
14
9
7
2253
-737
3364
1564915
21
24
15
2243
-741
3413
1557633
-2
24
11
2235
-748
3456
1558658
-37
14
0
2226
-805
3508
1559683
-34
6
-12
2202
-810
3525
1560708
-23
-3
-19
2189
-752
3512
1561733
-48
-14
-11
2171
-754
3471
1562758
-55
-16
-3
2172
-771
3431
1563783
-38
-4
-1
2185
-760
3421
1564808
-26
11
-1
2189
-752
3424
1565833
-16
25
0
2192
-757
3437
1566858
-9
29
6
2190
-764
3465
1567883
-8
24
12
2200
-775
3510
1568908
-11
14
15
2215
-769
3528
1569933
-21
3
18
2215
-777
3531
1570958
-25
-8
17
2234
-768
3531
1571983
-22
-17
17
2251
-768
3517
1573008
-15
-21
18
2258
-790
3509
1565824
7
-19
16
2249
-793
3493
1566849
17
-18
11
2233
-796
3480
1567874
15
-20
6
2217
-814
3475
1568899
16
-21
3
2212
-817
3464
1569924
12
-20
-6
2214
-814
3463
1570949
8
-17
-12
2204
-803
3448
1571974
4
-13
-15
2209
-773
3429
1572999
-4
-12
-13
2202
-765
3426
1574024
-4
-11
-7
2204
-766
3428
1575049
1
-7
1
2208
-757
3422
1576074
0
-3
7
2215
-765
3435
1577099
-1
0
9
2221
-776
3461
1578124
-3
2
5
2240
-774
3470
1579149
-3
3
4
2232
-773
3469
1580174
-3
0
2
2212
-762
3475
1581199
-7
-6
1
2229
-755
3471
1574017
-15
-9
3
2244
-783
3460
1575042
-8
-4
2
2238
-810
3445
1576067
7
5
-2
2230
-794
3461
1577092
6
11
-7
2224
-788
3456
1578117
1
18
-11
2209
-785
3456
1579142
-2
21
-14
2188
-808
3476
1580167
8
21
-18
2173
-778
3497
1581192
-1
12
-11
2175
-748
3496
1582217
-17
1
-3
2186
-750
3490
1583242
-13
-2
2
2205
-749
3480
1584267
-3
3
5
2230
-751
3461
1585292
0
7
9
2232
-765
3441
1586317
11
10
8
2233
-778
3445
1587342
19
12
8
2217
-791
3461
1588367
16
13
5
2208
-791
3474
1589392
6
9
4
2208
-789
3477
1582208
-5
4
1
2219
-793
3485
1583233
-7
4
-1
2234
-777
3476
1584258
-7
7
-4
2222
-756
3465
1585283
-3
12
-7
2216
-747
3460
1586308
-5
13
-5
2218
-771
3471
1587333
2
16
-1
2203
-791
3466
1588358
14
20
-1
2194
-791
3479
1589383
16
22
-5
2182
-780
3490
1590408
5
17
-11
2191
-752
3495
1591433
-14
7
-10
2191
-751
3479
1592458
-12
1
-6
2195
-762
3475
1593483
0
0
-2
2190
-739
3481
1594508
-2
-1
1
2187
-740
3485
1595533
-2
0
6
2186
-767
3486
1596558
3
2
6
2202
-764
3488
1597583
3
4
8
2190
-766
3498
1590399
0
3
7
2197
-766
3497
1591424
3
4
9
2197
-763
3485
1592449
2
0
10
2197
-775
3484
1593474
5
-2
9
2193
-773
3480
1594499
7
-4
8
2196
-766
3486
1595524
4
-9
7
2195
-760
3482
1596549
-3
-13
8
2200
-746
3467
1597574
-8
-9
10
2195
-735
3468
1598599
-8
-3
8
2190
-749
3479
1599624
-5
6
6
2198
-758
3467
1600649
13
19
18
2196
-616
3461
1601674
-18
12
44
2138
-728
3466
1602699
-7
14
54
2148
-750
3428
1603724
18
26
60
2157
-692
3470
1604749
-15
19
67
2158
-762
3507
1605774
-11
16
71
2147
-799
3476
1598592
13
16
65
2156
-751
3479
1599617
-1
11
66
2163
-746
3486
1600642
-8
13
67
2189
-787
3485
1601667
16
32
55
2256
-787
3518
1602692
57
60
42
2265
-742
3522
1603717
84
87
34
2222
-706
3533
1604742
79
95
28
2192
-719
3548
1605767
88
94
25
2185
-726
3578
1606792
96
92
42
2164
-752
3571
1607817
113
92
67
2097
-743
3546
1608842
114
86
77
2032
-715
3513
1609867
89
76
90
2005
-730
3509
1610892
85
71
96
2038
-726
3510
1611917
82
69
105
2077
-741
3506
1612942
81
90
111
2060
-802
3468
1613967
125
113
104
2048
-769
3546
1606784
150
110
100
2065
-658
3678
1607809
151
86
110
2075
-699
3680
1608834
161
69
129
2061
-740
3599
1609859
159
56
151
2006
-747
3568
1610884
96
40
148
2028
-717
3575
1611909
38
26
140
2079
-814
3609
1612934
43
13
133
2069
-917
3628
1613959
84
5
111
2058
-890
3631
1614984
74
-9
84
2065
-859
3601
1616009
43
-19
64
2074
-894
3566
1617034
35
-21
40
2076
-881
3549
1618059
18
-24
12
2066
-833
3543
1619084
-15
-30
-8
2083
-810
3529
1620109
-23
-25
-20
2107
-816
3512
1621134
-4
-7
-18
2080
-807
3505
1622159
12
9
-23
2038
-771
3532
1614976
-7
12
-29
2041
-759
3566
1616001
-20
12
-31
2046
-747
3562
1617026
-25
9
-30
2043
-730
3566
1618051
-29
5
-30
2050
-720
3589
1619076
-22
5
-22
2044
-710
3587
1620101
-22
8
-14
2031
-707
3588
1621126
-28
9
-7
2036
-731
3596
1622151
-21
10
-3
2045
-736
3605
1623176
-9
14
0
2024
-724
3597
1624201
-15
16
-3
2021
-718
3600
1625226
-20
17
-6
2043
-702
3606
1626251
-17
20
1
2051
-707
3615
1627276
-6
18
8
2048
-715
3607
1628301
0
19
8
2040
-756
3602
1629326
3
18
8
2014
-782
3611
1630351
-2
9
0
2015
-760
3622
1623333
-24
-5
-7
2025
-778
3599
1624358
-30
-11
-16
2032
-754
3593
1625383
-26
-9
-22
2047
-731
3586
1626408
-16
-6
-20
2025
-759
3594
1627433
-4
-4
-22
2029
-721
3582
1628458
-19
-7
-22
2030
-725
3600
1629483
-22
-8
-19
2020
-753
3610
1630508
-6
-11
-18
2006
-725
3611
1631533
-20
-20
-13
2012
-723
3594
1632558
-34
-28
-13
2035
-748
3602
1633583
-26
-28
-15
2049
-756
3601
1634608
-14
-25
-18
2055
-731
3589
1635633
-22
-26
-14
2053
-732
3585
1636658
-25
-29
-13
2064
-734
3554
1637683
-39
-26
-12
2088
-723
3537
1638708
