Device = VHR-0009
time_stamp = 1779782040936
sample_rate = 50
Data format = INT16
TYPE = 6-AXIS IMU RAW DATA
-149
59
123
2554
-74
3237
107649
-189
47
147
2505
-143
3288
108674
-174
-17
171
2544
-84
3249
109699
-122
-44
167
2587
-111
3206
110724
-161
-42
143
2620
-132
3160
111749
-195
23
122
2690
-261
3166
112774
-251
67
83
2625
-154
3252
113799
-157
4
33
2543
-75
3248
114824
-4
-39
-1
2577
-123
3201
115849
53
-17
-8
2676
-167
3142
116874
44
16
-71
2652
-205
3205
117899
104
-2
-110
2494
-129
3255
118924
167
-32
-53
2513
-42
3214
119949
148
-36
-4
2601
-126
3225
120974
177
-30
-7
2645
-204
3230
121999
199
-10
-43
2651
-152
3193
123024
199
12
-33
2597
-63
3227
115841
298
12
44
2389
-19
3346
116866
647
-49
111
2539
-18
3260
117891
926
-46
211
3009
16
3293
118916
1154
-162
488
2749
269
2938
119941
999
-214
982
2157
-817
3050
120966
269
-29
9
2441
778
3117
121991
25
-51
-50
2984
337
3088
123016
-49
36
116
2515
-294
3148
124041
132
-17
4
2546
185
3133
125066
102
-26
34
2742
276
3100
126091
6
5
52
2613
142
3134
127116
8
2
63
2627
88
3163
128141
40
5
60
2601
92
3219
129166
74
-8
71
2588
83
3246
130191
78
-22
86
2619
125
3225
131216
45
-26
100
2612
113
3216
124033
45
-37
100
2579
50
3277
125058
87
-66
99
2584
60
3296
126083
106
-84
104
2609
110
3254
127108
113
-85
115
2633
104
3185
128133
112
-81
126
2690
38
3108
129158
171
-113
122
2719
-56
3033
130183
274
-147
102
2636
-12
3159
131208
273
-157
85
2646
158
3112
132233
120
-135
91
2710
277
3012
133258
-22
-105
100
2709
129
2984
134283
-21
-82
93
2715
-13
2988
135308
57
-70
91
2723
10
2975
136333
90
-43
105
2732
105
2939
137358
105
-33
118
2786
205
2989
138383
46
-22
123
2801
98
2983
139408
273
-157
85
2646
158
3112
132233
120
-135
91
2710
277
3012
133258
-22
-105
100
2709
129
2984
134283
-21
-82
93
2715
-13
2988
135308
57
-70
91
2723
10
2975
136333
90
-43
105
2732
105
2939
137358
105
-33
118
2786
205
2989
138383
46
-22
123
2801
98
2983
139408
33
-9
101
2746
-73
3113
132224
17
-18
18
2688
94
3237
133249
-11
-38
67
2627
89
3124
134274
-53
-9
94
2600
-191
3140
135299
-18
0
66
2682
-158
3247
136324
27
-25
56
2686
19
3277
137349
35
-56
73
2689
-33
3059
138374
108
-45
95
2726
-99
2844
139399
273
-55
41
2860
205
2756
140424
230
11
3
2842
242
2796
141449
137
56
-11
2760
4
2817
142474
148
91
-47
2766
15
2756
143499
73
156
-80
2791
-7
2857
144524
-31
187
-98
2719
1
3102
145549
-4
170
-72
2627
103
3148
146574
28
152
-72
2648
202
3109
147599
-20
160
-93
2654
137
3131
140602
-56
169
-114
2640
97
3075
141627
-73
178
-116
2701
125
2969
142652
-98
208
-111
2718
163
2922
143677
-117
244
-110
2574
-11
3138
144702
-92
238
-122
2503
44
3384
145727
-102
188
-123
2557
350
3444
146752
-248
189
-78
2507
393
3458
147777
-295
151
-38
2428
210
3473
148802
-276
116
-45
2455
68
3403
149827
-196
85
-51
2505
45
3331
150852
-131
69
-38
2526
36
3180
151877
-33
48
-32
2569
115
3185
152902
33
21
-36
2585
158
3247
153927
42
22
-32
2540
190
3303
154952
10
15
-43
2514
138
3328
155977
-26
50
-38
2519
78
3299
148608
-75
72
-34
2498
153
3261
149633
-229
71
-40
2528
189
3196
150658
-368
87
-37
2540
22
3196
151683
-416
93
-56
2515
-81
3263
152708
-410
85
-78
2456
-58
3377
153733
-345
53
-95
2440
-50
3337
154758
-269
36
-93
2485
-54
3218
155783
-233
66
-99
2484
-58
3260
156808
-232
46
-135
2514
27
3333
157833
-290
32
-131
2488
21
3364
158858
-303
6
-130
2448
-31
3344
159883
-257
-11
-124
2464
-23
3293
160908
-248
-6
-120
2509
32
3194
161933
-301
34
-94
2506
-40
3220
162958
-305
56
-81
2471
-101
3296
163983
-200
44
-58
2429
-131
3322
156801
-62
30
-31
2419
-175
3361
157826
5
20
-29
2454
-79
3340
158851
-32
28
-26
2461
-7
3317
159876
-89
27
-24
2446
-100
3363
160901
-97
17
-34
2474
-148
3386
161926
-68
-1
-37
2469
-117
3375
162951
-85
-24
-45
2466
-45
3334
163976
-137
-31
-50
2465
-80
3316
165001
-153
-35
-49
2463
-158
3328
166026
-101
-38
-38
2447
-130
3320
167051
-13
-38
-20
2424
-127
3330
168076
86
-56
5
2442
-107
3332
169101
130
-65
22
2495
-10
3306
170126
96
-57
41
2496
-12
3278
171151
62
-46
58
2508
-75
3234
172176
44
-33
63
2514
-63
3228
164992
11
-19
58
2493
-110
3311
166017
11
-24
53
2471
-174
3325
167042
40
-40
49
2458
-189
3326
168067
58
-50
34
2459
-157
3343
169092
40
-50
22
2464
-138
3379
170117
-25
-53
7
2467
-126
3380
171142
-105
-63
-4
2468
-140
3357
172167
-157
-79
-21
2487
-217
3339
173192
-141
-92
-35
2494
-202
3313
174217
-90
-112
-37
2514
-150
3267
175242
-72
-118
-38
2548
-107
3228
176267
-56
-110
-29
2532
-114
3208
177292
-6
-107
-15
2526
-139
3177
178317
53
-103
2
2572
-90
3181
179342
51
-86
19
2593
-40
3159
180367
32
-67
39
2565
-75
3157
173184
45
-60
51
2587
-106
3144
174209
56
-45
67
2609
-95
3118
175234
60
-30
77
2594
-96
3132
176259
72
-12
84
2573
-150
3111
177284
131
-5
97
2587
-199
3142
178309
177
-11
86
2613
-91
3205
179334
139
4
85
2585
-55
3181
180359
87
27
87
2559
-92
3135
181384
21
51
75
2615
-79
3101
182409
-47
90
68
2584
-164
3092
183434
-36
110
61
2558
-302
3166
184459
17
105
42
2563
-218
3263
185484
51
98
29
2486
-151
3334
186509
80
82
23
2466
-186
3309
187534
121
74
19
2522
-163
3259
188559
124
81
21
2540
-102
3245
181376
45
95
21
2523
-73
3272
182401
-15
97
20
2488
-87
3364
183426
-12
78
20
2463
-138
3380
184451
15
55
25
2477
-143
3325
185476
13
48
25
2489
-83
3302
186501
-15
48
28
2472
-71
3353
187526
-21
39
40
2460
-145
3381
188551
-2
27
51
2449
-156
3336
189576
-5
26
48
2496
-119
3255
190601
-16
19
31
2550
-159
3289
191626
-51
26
3
2471
-222
3322
192651
-16
19
8
2413
-217
3296
193676
15
18
21
2459
-153
3293
194701
-35
37
24
2470
-143
3328
195726
-88
46
28
2458
-206
3336
196751
-72
41
25
2426
-249
3383
189568
-17
22
11
2416
-219
3427
190593
25
-2
7
2421
-180
3452
191618
24
-30
-2
2431
-158
3429
192643
-15
-46
-19
2456
-146
3421
193668
-72
-65
-45
2459
-132
3462
194693
-142
-94
-57
2495
-99
3393
195718
-226
-116
-67
2532
-89
3303
196743
-283
-127
-85
2504
-162
3284
197768
-267
-126
-90
2439
-238
3260
198793
-225
-107
-64
2466
-223
3146
199818
-213
-82
-46
2606
-144
3108
200843
-223
-56
-48
2619
-184
3132
201868
-143
-36
-51
2484
-353
3203
202893
42
-44
-47
2494
-326
3208
203918
131
-45
-34
2594
-58
3160
204943
4
-13
-22
2580
-45
3164
197759
-125
21
-11
2510
-265
3228
198784
-32
23
-1
2489
-356
3286
199809
213
-20
11
2535
-336
3322
200834
318
-60
9
2534
-143
3303
201859
93
-114
27
2504
109
3331
202884
-312
-154
103
2629
-127
3205
203909
-564
-32
-22
2783
-1135
3159
204934
-587
154
-372
2383
-148
3085
205959
-438
184
-321
2387
-434
3166
206984
-344
226
-375
2316
-606
3180
208009
-551
171
-308
2507
51
3232
209034
-511
152
-107
2853
302
3240
210059
-434
169
-74
2496
-241
3281
211084
-203
129
-137
2407
-423
3322
212109
-44
125
-140
2484
-328
3255
213134
-127
139
-149
2497
-166
3375
205952
-81
79
-192
2440
-219
3395
206977
-77
58
-137
2513
-379
3373
208002
-84
41
-159
2372
-164
3350
209027
-97
6
-141
2539
-248
3270
210052
-186
39
-156
2492
-327
3261
211077
-97
17
-189
2352
-394
3353
212102
-102
-2
-154
2493
-390
3317
213127
-267
42
-48
2479
-234
3304
214152
-388
54
37
2462
-299
3312
215177
-379
72
57
2438
-429
3295
216202
-521
77
109
2358
-478
3276
217227
-536
56
169
2365
-512
3361
218252
-332
34
115
2317
-480
3391
219277
-156
28
109
2376
-504
3362
220302
-135
31
98
2448
-657
3327
221327
-143
31
99
2437
-627
3333
214145
-8
22
38
2390
-525
3383
215170
113
24
45
2516
-550
3349
216195
139
37
58
2499
-679
3374
217220
99
28
-15
2377
-657
3428
218245
105
10
-49
2378
-532
3422
219270
128
-21
-26
2355
-595
3475
220295
299
-95
-57
2346
-697
3594
221320
616
-163
-94
2476
-598
3522
222345
881
-167
-55
2517
-411
3399
223370
1005
-212
-219
2557
-540
3317
224395
1830
-363
-230
2486
-773
4771
225420
4036
-687
692
2441
974
1522
226445
713
118
776
2204
878
3679
227470
-794
-124
-83
2532
413
3211
228495
-459
-124
209
2744
-545
3012
229520
-170
-16
198
2443
62
3108
222336
-108
-83
204
2564
206
3073
223361
-172
-46
202
2633
-215
3045
224386
-57
-7
195
2533
-215
3257
225411
-19
-28
179
2540
149
3408
226436
-227
-29
201
2518
-5
3242
227461
-324
-13
213
2529
-294
3115
228486
-175
3
203
2526
-300
3145
229511
-32
-3
209
2543
-281
3252
230536
-22
-8
196
2529
-315
3262
231561
-13
-7
185
2514
-363
3214
232586
4
-15
156
2570
-333
3145
233611
-10
-12
137
2587
-316
3206
234636
-60
-10
96
2558
-278
3221
235661
-101
-6
90
2552
-293
3073
236686
-138
31
87
2602
-367
3068
237711
-76
43
71
2561
-410
3262
230528
47
22
60
2499
-343
3319
231553
124
14
82
2529
-244
3219
232578
99
36
88
2558
-235
3211
233603
21
50
62
2556
-259
3289
234628
-19
40
42
2531
-317
3337
235653
26
18
42
2474
-358
3337
236678
59
5
41
2434
-332
3311
237703
34
12
50
2502
-314
3238
238728
-12
24
65
2517
-352
3267
239753
-46
25
69
2503
-313
3331
240778
-73
20
60
2481
-310
3426
241803
-19
-13
61
2455
-443
3353
242828
100
-42
40
2518
-412
3261
243853
108
-49
3
2576
-283
3237
244878
4
-42
-4
2540
-269
3245
245903
-107
-28
-8
2493
-349
3308
238720
-119
-29
-9
2463
-346
3298
239745
-89
-38
-3
2520
-332
3234
240770
-45
-34
-3
2569
-394
3154
241795
42
-25
-1
2573
-371
3125
242820
56
-13
-15
2572
-268
3226
243845
-27
-6
-22
2545
-286
3257
244870
-60
3
-14
2467
-361
3211
245895
-19
3
-20
2552
-339
3229
246920
8
6
-15
2576
-321
3178
247945
17
22
-9
2524
-328
3186
248970
20
28
-17
2557
-315
3299
249995
-10
25
-16
2527
-287
3311
251020
-35
17
-8
2475
-338
3308
252045
-5
-1
-8
2514
-339
3317
253070
10
-14
-7
2517
-286
3283
254095
-32
-4
-4
2539
-307
3238
246912
-72
18
-10
2631
-297
3140
247937
-93
62
7
2604
-311
3076
248962
-122
86
11
2621
-259
3160
249987
-321
124
12
2455
-636
3545
251012
91
30
-78
2264
-970
3753
252037
692
-138
79
2468
170
3550
253062
129
-64
24
2463
664
3062
254087
-192
-17
212
2652
-253
2829
255112
-29
14
105
2346
-696
3427
256137
-304
-52
1
2501
-912
3881
257162
-208
-216
-114
2473
-336
3386
258187
-121
-230
-14
2663
-114
2534
259212
-155
-57
-90
2587
-355
2886
260237
-93
-39
-108
2682
-678
3268
261262
-11
-59
-84
2601
-464
3175
262287
23
-58
-54
2528
-387
3138
255104
62
-38
-78
2616
-318
3238
256129
62
-26
-74
2525
-155
3365
257154
-5
-48
-57
2496
-188
3400
258179
-27
-74
-32
2550
-292
3291
259204
45
-89
6
2616
-306
3117
260229
138
-83
35
2637
-315
3101
261254
99
-66
17
2637
-285
3174
262279
43
-63
21
2577
-340
3187
263304
50
-65
22
2610
-354
3192
264329
47
-59
10
2620
-298
3205
265354
31
-59
11
2581
-332
3149
266379
44
-52
10
2644
-319
3119
267404
36
-44
6
2625
-290
3139
268429
13
-37
-6
2616
-322
3165
269454
10
-26
-7
2643
-313
3099
270479
24
-8
8
2640
-263
3049
263295
12
7
10
2652
-300
3097
264320
3
28
10
2645
-312
3166
265345
2
24
5
2604
-297
3205
266370
-15
14
-1
2595
-346
3198
267395
15
8
-6
2601
-326
3176
268420
23
8
-5
2621
-294
3165
269445
1
13
-6
2611
-303
3192
270470
10
11
1
2612
-298
3214
271495
18
8
0
2602
-280
3197
272520
-4
8
-4
2597
-297
3191
273545
-8
4
-6
2614
-287
3181
274570
4
4
2
2625
-301
3128
275595
3
19
-1
2653
-323
3122
276620
4
32
-5
2613
-310
3159
277645
19
27
-7
2597
-279
3177
278670
14
29
-7
2597
-264
3196
271489
5
29
-5
2595
-270
3234
272514
16
17
5
2579
-282
3230
273539
34
9
10
2612
-290
3217
274564
43
9
12
2593
-240
3239
275589
0
1
6
2585
-285
3254
276614
-14
-12
7
2583
-318
3244
277639
-1
-23
10
2588
-281
3223
278664
-8
-27
12
2583
-282
3216
279689
-2
-32
12
2605
-293
3191
280714
11
-25
11
2615
-296
3180
281739
15
-25
13
2597
-297
3170
282764
8
-26
12
2605
-290
3153
283789
-5
-19
11
2612
-300
3156
284814
-8
-11
6
2613
-332
3173
285839
17
-13
4
2610
-325
3158
286864
28
-10
-1
2615
-275
3151
279760
8
-1
-7
2622
-253
3185
280785
-4
0
-10
2603
-269
3204
281810
9
-5
-3
2596
-250
3194
282835
12
-7
1
2616
-265
3164
283860
14
-5
3
2619
-257
3185
284885
0
-2
10
2598
-236
3192
285910
-11
-5
17
2613
-277
3191
286935
-7
-9
15
2605
-287
3177
287960
-1
-9
15
2596
-296
3162
288985
4
-7
12
2620
-306
3192
290010
5
-7
9
2599
-278
3192
291035
-7
-8
11
2599
-272
3145
292060
-15
-2
9
2636
-309
3155
293085
-16
5
3
2605
-316
3188
294110
-8
5
1
2619
-305
3195
295135
5
4
3
2612
-309
3174
287873
6
7
-1
2608
-279
3152
288898
-23
18
-7
2643
-264
3132
289923
-109
70
-13
2725
-188
2950
290948
-156
148
-5
2714
-192
2834
291973
-186
177
-8
2630
-579
3100
292998
-53
87
-39
2346
-1049
4098
294023
736
-117
-116
2304
-726
3772
295048
642
-155
24
2568
1130
3251
296073
-289
3
34
2710
300
2672
297098
-316
70
158
2731
-817
2597
298123
161
79
84
2453
-456
3562
299148
-252
-7
-64
2582
-142
3756
300173
-339
-126
-27
2469
-315
3262
301198
-43
-151
21
2607
-119
2645
302223
22
-3
2
2737
-109
2919
303248
-150
56
-19
2681
-437
3302
296064
-73
-2
20
2552
-523
3325
297089
84
-42
18
2534
-308
3290
298114
44
-47
-22
2567
-347
3266
299139
20
-42
-40
2529
-339
3269
300164
36
-48
-29
2578
-283
3240
301189
20
-45
-12
2673
-264
3190
302214
24
-43
-2
2614
-277
3105
303239
32
-34
-9
2630
-292
3075
304264
59
-13
-14
2652
-243
3182
305289
30
-11
-17
2591
-271
3246
306314
7
-26
-6
2602
-277
3194
307339
19
-31
12
2647
-224
3169
308364
14
-28
14
2625
-259
3143
309389
33
-23
8
2625
-288
3117
310414
36
-20
-3
2645
-279
3135
311439
8
-13
-2
2610
-282
3168
304256
-15
-9
-16
2622
-295
3198
305281
-1
-15
-19
2617
-330
3213
306306
30
-27
-28
2587
-323
3220
307331
32
-36
-36
2612
-290
3200
308356
9
-35
-41
2607
-278
3213
309381
0
-44
-43
2611
-294
3218
310406
-5
-56
-49
2631
-249
3156
311431
-34
-52
-44
2672
-196
3104
312456
-31
-39
-25
2664
-183
3115
313481
-9
-37
-23
2648
-217
3144
314506
-14
-32
-26
2635
-294
3137
315531
-1
-27
-25
2658
-255
3092
316556
-1
-21
-18
2684
-221
3074
317581
-28
-10
-23
2671
-254
3074
318606
-27
2
-30
2673
-251
3064
319631
-17
19
-34
2671
-231
3113
312448
5
24
-34
2648
-223
3124
313473
38
23
-20
2651
-222
3090
314498
60
27
-12
2654
-186
3116
315523
51
31
-9
2638
-192
3161
316548
33
29
-4
2635
-212
3152
317573
28
31
-6
2640
-232
3157
318598
26
34
-11
2646
-217
3158
319623
17
39
-5
2639
-206
3162
320648
14
39
-1
2613
-216
3189
321673
8
35
0
2627
-212
3171
322698
10
38
3
2626
-200
3163
323723
9
44
6
2609
-219
3163
324748
8
47
7
2645
-193
3124
325773
-25
61
1
2628
-187
3151
326798
-14
51
5
2569
-344
3219
327823
119
19
0
2574
-341
3282
320640
126
8
-10
2598
-134
3260
321665
6
16
-5
2593
-101
3229
322690
-36
10
1
2583
-203
3274
323715
12
-13
3
2566
-193
3259
324740
31
-24
12
2601
-152
3201
325765
25
-28
15
2614
-158
3170
326790
4
-24
11
2619
-182
3188
327815
-10
-21
15
2626
-197
3201
328840
-6
-20
23
2606
-224
3189
329865
7
-24
15
2592
-231
3183
330890
5
-25
9
2622
-216
3171
331915
-10
-22
2
2615
-202
3205
332940
-11
-16
6
2600
-213
3202
333965
14
-30
2
2599
-202
3198
334990
18
-37
0
2635
-173
3162
336015
5
-22
5
2633
-169
3160
328832
-20
-22
6
2628
-195
3163
329857
-3
-25
21
2649
-204
3132
330882
33
-27
28
2609
-166
3196
331907
-14
-31
9
2642
-242
3174
332932
-39
-4
3
2706
-224
3108
333957
-109
59
7
2810
38
2790
334982
-34
143
79
2726
-278
2495
336007
219
172
52
2564
-1126
3564
337032
389
31
-190
2177
-652
4352
338057
507
-156
-55
2508
797
3584
339082
-144
-106
42
2603
1188
2904
340107
-548
-65
208
2682
-482
2747
341132
-164
-45
71
2461
-1007
3254
342157
87
-109
-35
2667
-459
3352
343182
173
-191
-33
2715
280
3190
344207
-140
-178
78
2776
169
2593
337024
-356
5
28
2702
-194
2861
338049
-309
59
-23
2664
-436
3228
339074
-106
0
12
2643
-513
3187
340099
163
-40
47
2639
-364
3119
341124
225
-29
10
2658
-177
3173
342149
58
-18
-26
2623
-185
3249
343174
-64
-23
-27
2629
-228
3206
344199
-37
-22
-1
2671
-243
3129
345224
55
-15
22
2679
-248
3079
346249
103
-16
11
2667
-187
3088
347274
74
-10
9
2676
-207
3067
348299
69
-2
2
2652
-208
3126
349324
67
-1
4
2697
-194
3070
350349
57
12
12
2678
-151
3108
351374
15
18
2
2646
-196
3141
352399
21
26
7
2671
-146
3121
345216
46
21
11
2630
-113
3181
346241
14
8
-2
2650
-251
3188
347266
32
3
-5
2639
-213
3165
348291
29
9
1
2633
-142
3160
349316
10
5
8
2643
-188
3189
350341
9
-4
11
2655
-211
3163
351366
-3
-5
11
2652
-204
3148
352391
-14
-1
10
2640
-250
3167
353416
27
-10
7
2657
-204
3152
354441
24
-11
3
2656
-183
3122
355466
-4
-8
-2
2652
-221
3111
356491
-10
-4
-9
2659
-205
3133
357516
1
-4
-8
2650
-206
3152
358541
32
-7
-8
2650
-164
3134
359566
32
-8
-13
2656
-139
3137
360591
8
-5
-17
2669
-164
3154
353551
13
-3
-6
2656
-155
3136
354576
16
-8
-4
2643
-159
3146
355601
15
-11
-5
2658
-157
3145
356626
2
-9
-8
2660
-136
3150
357651
-19
-6
-7
2645
-179
3127
358676
-18
-6
-11
2675
-168
3112
359701
-27
3
-12
2673
-165
3114
360726
-23
11
-8
2627
-181
3117
361751
-8
16
-10
2645
-197
3116
362776
0
21
-11
2657
-184
3124
363801
-2
26
-9
2648
-155
3130
364826
-20
25
-14
2659
-188
3173
365851
-3
14
-18
2633
-199
3184
366876
32
2
-18
2639
-123
3176
367901
11
1
-15
2647
-110
3200
368926
-5
-2
-2
2628
-126
3168
361600
0
-2
8
2632
-139
3187
362625
1
-10
14
2635
-143
3206
363650
4
-22
20
2637
-146
3189
364675
10
-31
25
2655
-138
3126
365700
4
-30
19
2674
-119
3131
366725
-39
-30
9
2671
-128
3140
367750
-43
-32
14
2652
-186
3143
368775
0
-31
21
2642
-166
3109
369800
9
-23
20
2677
-133
3087
370825
-25
-7
21
2679
-147
3113
371850
-59
6
19
2666
-186
3144
372875
-82
22
9
2718
-226
3127
373900
-98
60
-5
2673
-263
3120
374925
-27
49
-22
2637
-341
3162
375950
90
16
30
2564
-373
3449
376975
362
-92
-53
2421
-234
3375
369793
485
-130
88
2803
146
2855
370818
-19
20
20
2737
532
2829
371843
-400
97
60
2799
-540
2785
372868
-73
105
106
2627
-410
3047
373893
-6
51
64
2556
50
3519
374918
-369
-15
-51
2509
-252
3590
375943
-271
-102
12
2558
-416
3108
376968
7
-77
6
2667
-52
2968
377993
4
-46
10
2777
-220
3037
379018
31
-18
31
2646
-268
3181
380043
19
-41
15
2621
-302
3173
381068
49
-35
-7
2700
-314
3085
382093
121
-21
-4
2673
-73
3050
383118
61
-10
7
2654
-109
3137
384143
4
-5
7
2674
-221
3168
385168
10
-3
6
2683
-215
3131
377983
40
-6
4
2662
-196
3107
379008
38
-4
-2
2677
-170
3101
380033
14
1
5
2675
-137
3134
381058
-8
6
18
2687
-107
3172
382083
-56
17
29
2638
-99
3165
383108
-121
3
22
2649
-286
3109
384133
-59
-3
13
2667
-360
3104
385158
30
-8
4
2658
-245
3119
386183
27
-11
-3
2665
-195
3134
387208
-5
-9
-2
2658
-198
3147
388233
-2
-9
-1
2671
-198
3153
389258
15
-8
0
2648
-199
3125
390283
39
-14
6
2670
-167
3134
391308
7
-12
5
2683
-186
3103
392333
-7
-6
15
2663
-210
3093
393358
6
-8
8
2670
-206
3174
386176
-9
-11
9
2664
-199
3136
387201
6
-15
14
2642
-218
3135
388226
28
-17
6
2680
-213
3127
389251
14
-11
7
2678
-165
3089
390276
-18
-3
13
2661
-227
3102
391301
7
-2
6
2683
-228
3138
392326
22
-2
4
2669
-190
3136
393351
10
-5
-2
2647
-222
3146
394376
23
-8
2
2675
-205
3115
395401
11
-4
2
2659
-166
3135
396426
-10
-5
3
2673
-215
3129
397451
8
-6
8
2682
-182
3105
398476
-7
0
8
2673
-155
3120
399501
-20
2
3
2663
-220
3139
400526
13
-1
7
2651
-218
3122
401551
27
-3
6
2667
-171
3121
394368
7
-1
6
2693
-223
3127
395393
-1
2
2
2648
-210
3144
396418
-6
-4
-5
2661
-194
3141
397443
-8
-7
-7
2684
-223
3128
398468
9
-5
-8
2657
-173
3138
399493
8
-5
-6
2665
-144
3120
400518
-14
0
1
2674
-178
3096
401543
-14
4
4
2679
-177
3124
402568
-6
3
5
2672
-163
3134
403593
-1
4
10
2669
-186
3120
404618
-1
4
10
2676
-198
3137
405643
-1
1
11
2667
-197
3144
406668
-7
-2
8
2664
-222
3155
407693
-4
-7
3
2651
-212
3169
408718
-4
-10
2
2663
-211
3138
409743
11
-12
5
2667
-211
3136
402559
-3
-13
-3
2661
-183
3144
403584
-16
-17
-2
2665
-196
3114
404609
-27
-8
-4
2696
-233
3159
405634
-45
16
-20
2709
-329
3301
406659
-72
25
27
2614
-313
3220
407684
6
16
39
2577
-509
2937
408709
571
-48
-13
2539
-486
3228
409734
807
-99
-43
2867
545
3094
410759
-87
-2
3
2714
957
2999
411784
-674
47
38
2706
-605
2917
412809
-240
38
44
2628
-661
2956
413834
119
-5
18
2600
-18
3281
414859
-147
-31
-46
2664
-94
3322
415884
-223
-46
-36
2650
-313
3145
416909
-121
-36
-10
2703
-96
3060
417934
-116
-23
14
2668
-157
3088
410752
-92
-21
14
2656
-372
3166
411777
-13
-30
4
2688
-254
3141
412802
30
-38
12
2685
-148
3109
413827
17
-38
9
2694
-207
3075
414852
45
-30
15
2688
-203
3073
415877
41
-16
9
2703
-220
3075
416902
55
-5
24
2703
-186
3077
417927
46
-4
13
2685
-219
3107
418952
1
10
0
2706
-282
3058
419977
13
19
-8
2672
-211
3095
421002
5
9
-14
2674
-230
3112
422027
18
12
-12
2677
-199
3115
423052
40
14
-1
2679
-180
3117
424077
38
17
-5
2684
-136
3154
425102
9
10
-2
2670
-138
3164
426127
-6
-3
2
2677
-221
3122
418944
13
-3
5
2673
-185
3107
419969
7
-2
3
2677
-152
3125
420994
-9
-2
5
2669
-198
3146
422019
1
-7
6
2668
-195
3141
423044
14
-9
13
2681
-187
3122
424069
8
-7
9
2679
-200
3117
425094
-10
-5
1
2679
-216
3116
426119
-10
-10
-3
2677
-203
3120
427144
2
-10
-3
2680
-197
3105
428169
13
-10
-7
2677
-173
3106
429194
-4
-9
-10
2694
-164
3095
430219
-11
-5
-7
2672
-176
3100
431244
-2
-5
-4
2677
-187
3114
432269
11
-6
-1
2687
-169
3115
433294
5
0
2
2678
-163
3101
434319
-2
4
2
2683
-183
3096
427136
8
1
0
2676
-191
3129
428161
14
-3
1
2674
-160
3119
429186
7
-3
3
2689
-162
3103
430211
0
0
4
2675
-179
3113
431236
3
1
2
2672
-185
3137
432261
10
-7
0
2683
-203
3121
433286
9
-7
0
2675
-204
3086
434311
17
-6
-3
2684
-166
3131
435336
0
-10
-4
2667
-160
3146
436361
-7
-12
3
2671
-170
3135
437386
4
-11
9
2686
-170
3118
438411
10
-10
12
2699
-141
3077
439436
-10
-5
10
2699
-156
3083
440461
-13
-2
7
2679
-195
3108
441486
14
-5
11
2674
-174
3094
442511
14
-4
10
2684
-158
3095
435328
-14
5
4
2693
-195
3097
436353
-5
9
4
2675
-218
3104
437378
21
6
2
2676
-180
3126
438403
6
4
1
2677
-144
3130
439428
-28
5
-3
2665
-200
3123
440453
-7
1
-3
2675
-206
3139
441478
26
-6
-1
2682
-142
3121
442503
11
-4
0
2684
-122
3113
443528
-22
-3
1
2679
-160
3121
444553
-20
-4
7
2674
-186
3109
445578
2
-6
9
2672
-183
3096
446603
10
-4
6
2692
-170
3113
447628
1
-2
7
2693
-154
3105
448653
-48
20
1
2706
-136
3074
449678
-86
50
-9
2747
-113
3040
450703
-55
68
-11
2612
-318
3224
443520
-106
41
-42
2635
-470
3336
444545
157
-63
-64
2417
-449
3409
445570
571
-130
29
2780
13
2862
446595
185
6
34
2825
798
2786
447620
-377
63
72
2767
-274
2939
448645
-248
43
71
2568
-589
3247
449670
-70
-13
10
2530
-259
3347
450695
-99
-67
-70
2634
-299
3337
451720
-36
-92
-41
2689
-188
3044
452745
7
-61
-9
2725
16
2959
453770
-60
-16
9
2760
-191
2983
454795
-10
8
-2
2688
-310
3104
455820
87
-2
-2
2701
-114
3114
456845
70
-8
8
2653
-42
3131
457870
7
-12
9
2691
-205
3150
458895
34
-12
16
2678
-195
3164
451712
38
-28
17
2666
-174
3146
452737
38
-41
16
2683
-188
3134
453762
39
-40
5
2687
-215
3108
454787
46
-37
6
2692
-177
3072
455812
19
-29
8
2717
-131
3087
456837
-15
-22
11
2711
-173
3082
457862
-4
-22
10
2686
-224
3055
458887
37
-20
4
2701
-167
3065
459912
35
-14
0
2713
-142
3087
460937
10
-8
-2
2704
-173
3073
461962
12
-9
-1
2699
-172
3085
462987
12
-13
-5
2702
-150
3105
464012
11
-13
-6
2697
-166
3100
465037
19
-16
-3
2706
-151
3071
466062
12
-10
-6
2708
-140
3089
467087
-2
-12
-8
2700
-137
3105
459905
4
-16
-4
2700
-146
3091
460930
9
-17
-2
2704
-116
3077
461955
-3
-12
3
2703
-118
3099
462980
-6
-14
8
2715
-139
3086
464005
-7
-12
14
2721
-149
3067
465030
-10
-11
13
2706
-172
3054
466055
2
-10
10
2724
-153
3069
467080
-6
-4
5
2718
-171
3071
468105
-5
1
2
2697
-200
3076
469130
5
1
-6
2708
-169
3080
470155
3
0
-7
2700
-144
3092
471180
-5
-1
-6
2708
-139
3087
472205
1
-2
-3
2724
-145
3070
473230
4
2
-3
2703
-106
3087
474255
0
-1
2
2709
-111
3069
475280
-5
3
8
2720
-140
3065
468096
-6
7
10
2711
-130
3067
469121
-14
9
10
2706
-151
3085
470146
-12
10
10
2702
-187
3101
471171
3
13
10
2696
-175
3099
472196
4
11
3
2697
-164
3077
473221
-5
6
-2
2714
-186
3076
474246
0
6
-6
2697
-151
3098
475271
-6
8
-4
2687
-130
3109
476296
-9
9
-1
2698
-161
3094
477321
7
6
-2
2695
-141
3106
478346
2
1
-2
2708
-122
3105
479371
-11
1
1
2690
-157
3101
480396
12
-5
7
2701
-153
3080
481421
20
0
15
2724
-102
3080
482446
-26
8
10
2716
-134
3110
483471
-50
13
6
2694
-217
3072
476289
7
16
2
2702
-228
3050
477314
43
23
0
2713
-89
3042
478339
53
15
6
2682
-126
3131
479364
-36
25
-16
2735
-171
3148
480389
-35
67
-1
2725
-122
2996
481414
-19
77
10
2681
-138
3147
482439
-118
16
-33
2539
-275
3596
483464
174
-86
-35
2554
-477
3179
484489
316
-92
-4
2698
342
2956
485514
-82
-36
-8
2899
104
2830
486539
-230
69
47
2757
-419
2899
487564
-30
81
65
2578
78
3233
488589
-213
14
62
2619
123
3405
489614
-522
-19
-10
2526
-508
3383
490639
-172
-107
-3
2636
-580
2993
491664
251
-108
11
2815
-9
2842
484480
117
-40
6
2824
-6
2906
485505
-61
13
10
2710
-347
2976
486530
39
20
8
2711
-275
3047
487555
121
20
-2
2685
-118
3129
488580
80
22
-23
2679
-188
3182
489605
85
12
-15
2667
-171
3182
490630
69
-3
-3
2684
-129
3148
491655
33
-7
-6
2687
-188
3148
492680
46
-12
-2
2695
-179
3131
493705
51
-10
2
2688
-100
3129
494730
2
-18
-4
2700
-143
3138
495755
-13
-25
-6
2696
-183
3115
496780
17
-32
-5
2703
-128
3108
497805
23
-34
-1
2707
-112
3064
498830
2
-27
0
2716
-116
3061
499855
-11
-19
1
2705
-133
3087
492711
-1
-20
9
2709
-160
3083
493736
9
-21
10
2714
-146
3069
494761
2
-16
8
2712
-133
3075
495786
-6
-9
6
2703
-159
3103
496811
2
-8
10
2706
-166
3079
497836
11
-9
10
2706
-161
3067
498861
8
-7
4
2725
-142
3084
499886
-4
-4
2
2706
-143
3083
500911
-3
-4
4
2693
-159
3079
501936
14
-6
2
2711
-154
3100
502961
17
-6
3
2706
-115
3101
503986
6
-1
8
2706
-117
3085
505011
-3
-5
8
2723
-157
3090
506036
2
-5
7
2701
-172
3084
507061
15
-8
6
2708
-145
3090
508086
-5
-7
1
2711
-142
3075
500865
-6
-5
1
2700
-157
3097
501890
9
-11
-2
2714
-137
3094
502915
3
-11
4
2704
-123
3060
503940
-13
-7
-3
2710
-152
3085
504965
-5
-8
-1
2716
-145
3087
505990
5
-10
2
2702
-153
3085
507015
8
-12
-3
2722
-147
3069
508040
2
-6
0
2720
-116
3075
509065
-6
-4
-2
2708
-148
3095
510090
5
-7
-1
2700
-146
3095
511115
7
-9
2
2708
-111
3073
512140
-3
-8
2
2719
-148
3084
513165
5
-7
4
2716
-113
3078
514190
-6
-10
7
2700
-120
3088
515215
-10
-12
8
2713
-151
3099
516240
4
-12
11
2707
-117
3084
509057
-12
-14
13
2722
-119
3069
510082
-25
-13
15
2707
-176
3076
511107
3
-12
14
2708
-158
3067
512132
16
-13
13
2724
-126
3051
513157
-8
-7
8
2715
-147
3050
514182
-15
-5
2
2724
-176
3072
515207
1
-5
-1
2696
-177
3088
516232
11
-3
-2
2705
-127
3083
517257
-39
12
-15
2790
-85
3080
518282
-14
38
12
2733
-131
2983
519307
-56
78
-20
2681
-327
3165
520332
-38
42
-57
2658
-499
3317
521357
209
-82
-80
2448
-61
3495
522382
339
-176
13
2855
52
2889
523407
63
-51
40
2784
415
2831
524432
-278
18
23
2814
-226
2824
517248
-108
41
67
2723
-268
2966
518273
47
-18
62
2639
115
3251
519298
-297
-31
-5
2702
-240
3240
520323
-226
-57
-15
2648
-496
3083
521348
74
-73
5
2739
-132
2962
522373
55
-39
-11
2810
-38
2961
523398
-64
-7
-17
2794
-292
2975
524423
19
5
-14
2705
-270
3008
525448
101
0
-18
2739
-48
3082
526473
45
1
-18
2716
-77
3100
527498
25
-4
-8
2727
-125
3075
528523
32
-3
2
2760
-40
3093
529548
-24
-1
14
2725
-84
3093
530573
-19
-11
18
2710
-171
3060
531598
42
-16
18
2738
-142
3043
532623
31
-9
18
2739
-99
3042
525440
-8
-3
26
2741
-163
3049
526465
6
-1
30
2734
-200
3053
527490
24
-1
22
2722
-131
3050
528515
1
-2
7
2728
-182
3052
529540
17
-2
2
2727
-188
3055
530565
31
-1
1
2742
-151
3042
531590
6
2
-4
2744
-124
3057
532615
-12
6
-1
2728
-151
3051
533640
-1
6
1
2733
-144
3050
534665
8
7
2
2734
-142
3048
535690
12
11
2
2727
-130
3062
536715
8
15
7
2743
-148
3057
537740
6
15
7
2728
-121
3090
538765
-21
9
1
2710
-149
3122
539790
-9
-4
-4
2707
-163
3146
540815
29
-23
-4
2701
-111
3149
533633
20
-39
-7
2724
-91
3112
534658
-16
-50
-11
2717
-105
3096
535683
-27
-63
-5
2726
-104
3069
536708
-26
-62
11
2750
-128
3046
537733
-23
-48
32
2741
-147
3029
538758
-12
-38
41
2735
-134
3028
539783
-11
-36
41
2762
-171
2988
540808
-1
-27
35
2775
-200
2957
541833
16
-15
24
2791
-167
2960
542858
1
1
14
2771
-171
2963
543883
-8
18
3
2741
-190
2990
544908
6
24
-6
2745
-185
3042
545933
31
25
-5
2732
-158
3027
546958
44
27
-2
2765
-135
3005
547983
12
39
-8
2767
-96
3018
549008
-12
43
-8
2731
-162
3063
541824
32
35
-7
2701
-166
3131
542849
53
17
-5
2733
-17
3115
543874
-29
21
3
2754
-41
3039
544899
-47
31
11
2726
-135
3038
545924
5
25
16
2747
-116
3066
546949
6
17
22
2728
-89
3094
547974
-40
13
24
2702
-148
3089
548999
-37
12
24
2726
-236
3062
550024
10
15
16
2734
-179
3079
551049
-47
41
1
2832
-31
2959
552074
-104
112
24
2802
-175
2696
553099
21
127
27
2661
-542
3103
554124
31
58
-96
2497
-530
3995
555149
356
-94
-76
2494
-270
3493
556174
332
-129
2
2718
649
2827
557199
-36
-23
45
2952
7
2531
550016
-118
112
58
2825
-209
2786
551041
-89
71
34
2510
200
3645
552066
-536
-23
9
2651
-243
3326
553091
-335
-67
8
2544
-485
3113
554116
153
-142
19
2808
-122
2768
555141
182
-67
50
2809
198
2850
556166
-118
9
50
2793
-148
3107
557191
-298
18
22
2734
-408
3194
558216
-189
-12
18
2646
-283
3078
559241
9
-29
9
2669
-342
3035
560266
182
-26
-7
2739
-276
3021
561291
181
-12
-12
2747
-73
3105
562316
-20
-9
-9
2761
-44
3117
563341
-67
-12
12
2723
-273
3043
564366
76
-10
4
2720
-259
3007
565391
140
-8
-5
2736
-109
3087
558208
59
-10
-8
2723
-81
3117
559233
-16
-13
13
2759
-111
3042
560258
-41
-6
26
2727
-222
3030
561283
25
-9
14
2707
-242
3045
562308
63
-2
0
2748
-113
3053
563333
1
5
-2
2751
-154
3046
564358
-10
6
0
2722
-222
3041
565383
28
7
0
2703
-175
3063
566408
25
1
-5
2730
-140
3094
567433
11
-1
-2
2727
-141
3102
568458
10
-1
4
2712
-152
3072
569483
6
0
-2
2733
-135
3053
570508
-6
-1
0
2739
-136
3092
571533
-5
-8
4
2712
-178
3085
572558
22
-10
10
2713
-123
3077
573583
4
-12
10
2731
-125
3072
566401
-22
-13
4
2729
-197
3069
567426
12
-12
8
2734
-179
3042
568451
21
-6
6
2734
-120
3028
569476
0
-1
1
2737
-160
3089
570501
-7
-9
-7
2710
-184
3134
571526
4
-23
-3
2736
-144
3099
572551
10
-24
0
2708
-111
3076
573576
0
-27
5
2715
-136
3044
574601
-8
-27
8
2758
-162
3051
575626
-1
-20
14
2742
-175
3083
576651
5
-20
18
2684
-142
3081
577676
-4
-32
14
2738
-177
3044
578701
2
-30
8
2767
-204
3029
579726
9
-22
2
2741
-156
3026
580751
-15
-18
-4
2738
-170
3029
581776
-7
-16
-6
2753
-179
3032
574592
12
-13
-6
2756
-146
3034
575617
7
-6
-9
2718
-124
3033
576642
-4
-5
-5
2764
-158
3021
577667
8
0
2
2756
-137
3034
578692
-8
4
1
2748
-116
3053
579717
-35
10
1
2744
-146
3029
580742
-52
29
0
2793
-92
2980
581767
-98
83
-1
2885
4
2795
582792
-168
150
18
2731
-331
2989
583817
-295
171
-87
2657
-1047
3420
584842
211
31
-148
2303
-359
3912
585867
1022
-253
-6
2588
367
3476
586892
124
-212
-7
2854
1321
2867
587917
-678
-29
42
2803
-588
2419
588942
-264
53
25
2866
-898
2550
589967
379
13
82
2850
-66
2763
582784
215
36
53
2801
378
2962
583809
-226
75
47
2710
-94
3101
584834
-272
74
13
2674
-297
3186
585859
-2
23
48
2588
-365
3218
586884
100
-22
-11
2736
-272
3328
587909
-64
-32
-9
2742
-1
3147
588934
-144
-21
25
2661
-188
3060
589959
-48
-8
12
2753
-289
3030
590984
22
-7
-11
2727
-135
3112
592009
-15
-25
-17
2712
-135
3187
593034
-51
-48
-11
2707
-204
3118
594059
15
-61
-4
2729
-214
2996
595084
80
-44
0
2792
-95
2956
596109
38
-20
9
2786
-12
3013
597134
-52
-8
13
2732
-158
3084
598159
-31
-14
10
2707
-243
3082
590977
60
-26
15
2729
-132
3007
592002
96
-22
34
2771
-113
2950
593027
43
4
27
2782
-169
3032
594052
-25
15
12
2734
-187
3093
595077
-31
4
6
2720
-228
3080
596102
31
-3
-1
2734
-228
3048
597127
63
-6
-11
2744
-153
3021
598152
28
3
-15
2751
-136
3048
599177
-22
3
-15
2756
-173
3082
600202
-7
-5
-9
2726
-140
3084
601227
13
-14
-6
2707
-95
3073
602252
-5
-14
-13
2755
-118
3055
603277
7
-12
-2
2769
-107
3025
604302
8
-7
12
2751
-128
3016
605327
8
-1
15
2748
-123
3046
606352
6
-1
15
2738
-123
3071
599168
8
-6
17
2748
-169
3055
600193
23
-5
17
2740
-146
3075
601218
13
-13
14
2729
-135
3074
602243
2
-25
9
2756
-171
3035
603268
1
-26
5
2763
-138
3043
604293
-26
-25
1
2739
-168
3036
605318
-8
-23
2
2733
-187
3080
606343
-12
-25
-4
2737
-189
3146
607368
-5
-39
-4
2723
-141
3119
608393
-5
-52
0
2753
-99
3045
609418
-26
-48
-1
2763
-143
3012
610443
-20
-44
2
2768
-138
2994
611468
-22
-38
6
2780
-154
3001
612493
-13
-34
6
2756
-196
3032
613518
-4
-37
-8
2760
-231
3070
614543
-37
-35
-39
2727
-329
3136
607359
-18
-54
-56
2765
-179
3034
608384
14
-63
-30
2767
-3
2977
609409
-25
-58
-35
2755
-149
3033
610434
-20
-60
-44
2794
-256
3033
611459
38
-64
-36
2782
-103
3002
612484
12
-65
-31
2803
-95
2977
613509
3
-61
-26
2815
-151
2937
614534
30
-53
-31
2822
-103
2926
615559
17
-42
-39
2829
-56
2941
616584
-13
-33
-35
2835
-84
2931
617609
-2
-21
-24
2828
-116
2896
618634
39
-4
-16
2820
-80
2906
619659
25
18
-10
2816
-80
2931
620684
-2
35
-7
2810
-117
2963
621709
14
35
0
2802
-116
2984
622734
31
32
0
2788
-87
2999
615552
11
31
-9
2795
-96
3025
616577
-2
25
-15
2799
-99
3040
617602
-8
22
-13
2787
-90
3037
618627
-11
23
-5
2802
-130
3009
619652
7
34
8
2815
-101
2952
620677
7
63
7
2849
-11
2962
621702
-97
106
18
2863
-117
2944
622727
-138
150
42
2738
-370
3215
623752
298
50
-38
2496
-392
3329
624777
566
-94
69
2766
370
3229
625802
-241
-21
21
2807
886
2939
626827
-663
68
130
2825
-831
2558
627852
-26
78
82
2735
-343
2810
628877
129
17
57
2787
184
3199
629902
-272
1
28
2653
-164
3377
630927
-374
-40
13
2669
-319
3112
623744
-170
-62
-5
2717
-339
3040
624769
-130
-50
-24
2845
-172
2957
625794
-155
-25
-7
2776
-219
2936
626819
-40
-37
0
2798
-400
2940
627844
66
-24
-23
2811
-206
2977
628869
9
1
-22
2791
-106
2998
629894
27
4
-8
2737
-237
3086
630919
92
-10
-9
2758
-171
3074
631944
62
-11
3
2776
-64
3043
632969
-13
-9
2
2781
-201
3031
633994
30
-7
9
2781
-250
2959
635019
109
-3
15
2795
-147
2974
636044
56
3
9
2786
-102
3031
637069
-30
7
13
2752
-187
3057
638094
-16
-1
7
2747
-263
3049
639119
50
-12
1
2762
-207
3025
631935
72
-15
-3
2783
-142
2990
632960
48
-4
-2
2788
-145
3009
633985
12
-2
-6
2765
-170
3041
635010
25
-5
0
2767
-184
3027
636035
54
-8
-2
2774
-147
3025
637060
55
-9
2
2794
-147
3009
638085
33
-2
-2
2787
-99
3027
639110
-14
0
7
2760
-152
3033
640135
-2
-6
4
2755
-171
3031
641160
27
-12
2
2783
-145
3003
642185
37
-7
3
2784
-127
2997
643210
20
-5
5
2781
-125
3014
644235
-3
-3
7
2772
-172
3002
645260
15
0
5
2782
-172
3034
646285
23
-3
-1
2775
-143
3037
647310
19
-8
-2
2781
-156
2995
640128
16
-4
-2
2788
-138
3000
641153
-4
4
-4
2771
-113
3023
642178
-1
0
2
2767
-161
3024
643203
31
-3
5
2769
-156
3002
644228
47
-2
1
2787
-110
3005
645253
33
2
2
2779
-135
3033
646278
30
-1
6
2767
-138
3031
647303
16
1
6
2782
-145
3022
648328
14
5
2
2774
-117
2995
649353
19
3
1
2779
-118
3001
650378
18
7
-4
2773
-162
3023
651403
34
9
-6
2772
-128
3003
652428
27
10
-4
2779
-100
3006
653453
13
14
-6
2768
-143
3001
654478
26
17
-5
2771
-137
3021
655503
46
17
-8
2760
-96
3051
648320
56
10
-3
2751
-90
3050
649345
52
2
-2
2780
-85
3018
650370
44
3
3
2779
-58
3021
651395
12
3
-2
2770
-75
3039
652420
-6
3
-3
2756
-109
3044
653445
18
-3
3
2758
-98
3025
654470
30
-5
7
2769
-87
3014
655495
7
-1
6
2771
-101
3011
656520
-11
8
7
2751
-142
3047
657545
10
6
13
2738
-164
3057
658570
26
4
15
2743
-150
3050
659595
20
4
9
2745
-146
3076
660620
4
0
0
2754
-148
3046
661645
13
-5
-11
2766
-109
3063
662670
17
-18
-21
2759
-105
3038
663695
5
-24
-27
2772
-76
2997
656511
-13
-15
-24
2765
-61
3019
657536
-10
-12
-20
2768
-71
3039
658561
15
-14
-9
2762
-50
3026
659586
18
-14
0
2770
-13
3014
660611
-11
-11
1
2782
-48
3023
661636
-19
-10
5
2767
-83
3023
662661
-2
-13
13
2773
-81
3027
663686
9
-16
17
2773
-80
3012
664711
1
-11
18
2775
-87
3013
665736
-8
-8
14
2765
-105
3028
666761
-7
-13
12
2769
-127
3008
667786
-1
-11
7
2773
-125
2988
668811
1
-3
4
2777
-130
2986
669836
10
3
1
2772
-116
2992
670861
3
11
-6
2795
-100
2983
671886
-3
17
-12
2787
-78
2973
664704
10
19
-16
2788
-58
2993
665729
22
23
-21
2777
-44
3015
666754
21
22
-23
2768
-4
3045
667779
9
18
-12
2737
-31
3097
668804
4
10
5
2738
-50
3080
669829
-8
10
31
2749
-63
3035
670854
-22
15
45
2753
-130
3053
671879
-4
10
54
2743
-142
3056
672904
12
2
49
2767
-147
3023
673929
13
2
22
2769
-153
3012
674954
13
-1
-11
2771
-131
3036
675979
17
-9
-31
2768
-99
3040
677004
17
-13
-38
2744
-67
3047
678029
-10
-9
-39
2738
-76
3062
679054
-14
-5
-20
2723
-108
3083
680079
16
-5
6
2719
-83
3100
672896
15
-10
19
2747
-59
3074
673921
-14
-18
17
2780
-77
3018
674946
-24
-23
1
2779
-95
3005
675971
-8
-31
-17
2791
-54
3005
676996
-5
-34
-24
2784
-22
2990
678021
-13
-26
-20
2765
-41
2999
679046
-8
-16
-9
2763
-43
2989
680071
-1
-5
9
2758
-49
3003
681096
-3
2
21
2767
-101
3009
682121
10
6
27
2763
-117
3035
683146
17
4
24
2756
-90
3060
684171
-3
1
12
2770
-112
3038
685196
-12
-6
-4
2775
-118
3023
686221
-8
-13
-15
2771
-72
3020
687246
-6
-16
-20
2768
-59
3014
688271
6
-15
-12
2777
-29
2998
681089
-6
-5
-3
2772
5
3005
682114
-23
2
14
2775
-41
3005
683139
-5
10
30
2773
-93
3004
684164
20
16
33
2777
-68
3008
685189
1
19
28
2771
-91
3021
686214
-6
17
21
2768
-133
3014
687239
-1
18
11
2772
-131
3015
688264
-8
18
-5
2763
-111
3033
689289
-16
14
-13
2751
-121
3027
690314
-5
17
-14
2767
-93
3003
691339
-13
29
-16
2759
-54
3031
692364
-30
30
-16
2748
-80
3094
693389
-12
18
-5
2735
-82
3092
694414
8
3
5
2753
-35
3049
695439
-5
4
7
2770
-35
3032
696464
-19
9
11
2755
-79
3035
689280
-7
5
15
2746
-78
3038
690305
2
0
17
2751
-83
3019
691330
5
0
13
2760
-109
3029
692355
6
2
7
2750
-90
3063
693380
-5
3
7
2741
-85
3054
694405
-15
9
5
2749
-116
3046
695430
-36
29
-5
2777
-51
3006
696455
-82
44
-5
2769
-56
3044
697480
-89
43
-8
2792
-203
3049
698505
15
32
10
2709
-45
3137
699530
-162
47
2
2795
-221
3020
700555
-79
79
-24
2615
-243
3213
701580
319
-78
-57
2524
79
3430
702605
342
-153
70
2881
69
2977
703630
-66
-41
62
2753
376
2854
704655
-332
32
82
2857
-519
2719
697471
27
75
91
2704
-246
2849
698496
98
-2
60
2703
317
3383
699521
-447
-23
-6
2661
-183
3396
700546
-321
-85
10
2578
-699
3100
701571
185
-130
10
2791
-92
2917
702596
118
-84
2
2852
178
2831
703621
-105
-30
16
2832
-247
2895
704646
-17
-11
11
2786
-309
2991
705671
107
-10
-1
2736
-154
3052
706696
81
-7
-14
2758
-83
3094
707721
20
-11
-12
2749
-69
3113
708746
-13
-26
1
2752
-135
3044
709771
16
-23
8
2798
-143
2971
710796
48
-5
14
2784
-89
2973
711821
46
1
11
2787
-91
3016
712846
12
2
10
2756
-73
3069
705919
-28
-4
10
2745
-176
3052
706944
11
-9
8
2759
-183
3047
707969
26
-17
1
2753
-131
3032
708994
13
-20
0
2785
-117
3002
710019
11
-13
-1
2770
-88
3020
711044
0
-12
1
2759
-113
3025
712069
21
-14
5
2768
-73
3013
713094
7
-11
4
2793
-97
2999
714119
-11
-3
6
2762
-124
2996
715144
12
-1
11
2786
-104
2996
716169
11
1
13
2770
-115
3006
717194
6
3
8
2769
-146
3013
718219
20
6
4
2769
-117
3038
719244
8
5
5
2775
-135
3041
720269
3
2
0
2770
-128
3030
721294
9
-3
-2
2765
-109
3046
713856
5
-7
-3
2763
-113
3020
714881
14
-5
-2
2763
-90
3038
715906
5
-7
0
2777
-106
3040
716931
5
-10
4
2766
-100
3015
717956
14
-9
7
2766
-113
3025
718981
21
-11
4
2783
-114
3018
720006
4
-10
4
2766
-109
3007
721031
-5
-10
4
2773
-126
3017
722056
12
-12
1
2786
-100
3032
723081
3
-10
-2
2763
-89
3029
724106
-6
-11
-3
2781
-101
2999
725131
-5
-8
-1
2776
-97
3006
726156
0
-5
3
2753
-96
3021
727181
13
-4
5
2782
-85
3009
728206
2
-1
9
2777
-85
2996
729231
-11
1
4
2772
-113
3004
722048
-2
0
4
2766
-130
3030
723073
9
-2
6
2763
-107
3037
724098
0
-3
4
2766
-99
3033
725123
-5
-6
4
2770
-107
3016
726148
-8
-6
4
2783
-96
3013
727173
-15
-4
3
2772
-119
3024
728198
2
-5
4
2772
-113
3017
729223
15
-5
4
2774
-82
3013
730248
-2
-2
4
2779
-102
3008
731273
-5
2
6
2781
-125
3015
732298
10
2
5
2779
-114
3025
733323
7
2
2
2770
-85
3019
734348
-13
3
3
2769
-113
3021
735373
-2
1
2
2776
-117
3047
736398
15
-3
4
2769
-79
3015
737423
0
1
5
2771
-71
3012
730241
-12
1
7
2780
-93
3022
731266
-11
-1
10
2761
-106
3015
732291
0
-5
11
2773
-108
3020
733316
-2
-3
9
2758
-111
3021
734341
-8
-4
6
2780
-116
3038
735366
-4
-6
7
2768
-123
3024
736391
-2
-6
6
2770
-111
3008
737416
-7
-1
1
2764
-103
3018
738441
-9
-3
-2
2767
-113
3037
739466
-2
-6
4
2779
-110
3012
740491
-1
-1
3
2754
-93
3014
741516
-5
-1
2
2783
-91
3013
742541
-5
3
6
2779
-111
3021
743566
-1
4
6
2762
-101
3018
744591
1
2
8
2778
-89
3019
745616
-5
4
10
2758
-100
3019
738432
-8
5
10
2767
-93
3026
739457
-26
13
7
2790
-102
3041
740482
-84
49
-1
2838
-11
3010
741507
-120
85
29
2801
67
2921
742532
-159
81
31
2686
-592
3177
743557
93
64
-27
2615
-843
3106
744582
711
-83
-61
2564
443
3361
745607
255
-145
5
2996
709
2968
746632
-495
19
54
2742
-74
2769
747657
-302
33
61
2743
-650
2851
748682
90
31
31
2803
-102
2920
749707
66
30
46
2726
266
3149
750732
-343
6
-9
2706
-91
3395
751757
-439
-43
13
2670
-438
3037
752782
-133
-41
25
2758
-309
2792
753807
126
-21
8
2889
-256
2851
746623
82
24
-30
2806
-134
2991
747648
-38
32
-25
2717
-167
3136
748673
-3
8
-16
2705
-244
3149
749698
105
-13
-16
2739
-127
3065
750723
107
-9
-19
2782
-21
3044
751748
-3
1
-9
2769
-59
3071
752773
-44
-5
9
2730
-166
3054
753798
19
-18
5
2751
-140
3073
754823
37
-23
5
2746
-93
3026
755848
30
-14
17
2774
-104
2961
756873
11
-5
18
2805
-139
2981
757898
-14
4
13
2762
-188
3016
758923
12
0
4
2744
-180
3046
759948
40
-6
-4
2755
-144
3055
760973
35
-7
-6
2762
-118
3040
761998
19
-6
-2
2766
-113
3038
754816
4
-7
-1
2766
-114
3062
755841
-3
-9
0
2748
-139
3070
756866
18
-19
2
2746
-104
3052
757891
22
-26
5
2776
-112
3007
758916
12
-20
3
2769
-105
3035
759941
-7
-18
9
2765
-134
3034
760966
5
-20
12
2758
-146
3033
761991
11
-20
5
2774
-148
3007
763016
18
-11
9
2771
-112
3004
764041
4
-14
0
2758
-145
3044
765066
-5
-21
-5
2763
-153
3025
766091
13
-24
-8
2770
-107
3017
767116
3
-21
-6
2782
-122
2996
768141
7
-14
-2
2777
-101
3004
769166
0
-12
-4
2784
-107
3011
770191
-3
-9
0
2774
-126
2994
763009
4
-4
1
2784
-125
3008
764034
9
0
0
2758
-104
3014
765059
9
-1
6
2771
-118
3015
766084
5
-2
5
2784
-122
3031
767109
-4
1
5
2779
-114
3014
768134
-2
-2
2
2772
-127
3028
769159
2
-6
-1
2767
-157
3013
770184
19
-7
0
2771
-86
3025
771209
-1
-9
0
2782
-107
3030
772234
-7
-7
3
2774
-133
3021
773259
9
-8
6
2779
-107
3001
774284
7
-5
5
2778
-106
3021
775309
-4
-5
4
2784
-100
3012
776334
-13
-2
10
2777
-124
3009
777359
1
-3
7
2774
-137
3021
778384
11
-6
4
2777
-104
3005
771200
0
-4
4
2787
-110
3004
772225
-11
0
7
2744
-110
2991
773250
-6
2
-6
2873
-130
3056
774275
-5
14
14
2647
-137
2996
775300
10
3
-5
2772
-66
3059
776325
-5
-3
4
2841
-179
3011
777350
-7
4
4
2687
-92
3034
778375
-8
-9
-1
2794
-147
3031
779400
6
-5
0
2773
-122
3016
780425
0
-8
5
2786
-87
2997
781450
-16
1
6
2744
-120
3053
782475
10
-12
5
2821
-136
3012
783500
2
-2
10
2700
-77
2986
784525
-3
-8
2
2833
-124
3038
785550
-8
1
9
2768
-147
2994
786575
-7
2
9
2720
-100
3016
779392
-6
-1
3
2854
-166
3028
780417
-63
53
-7
2810
-48
2985
781442
-139
114
-3
2875
61
2702
782467
-153
143
8
2750
-483
2872
783492
2
121
-43
2656
-1082
3487
784517
626
-32
-145
2396
-134
3582
785542
758
-175
49
2832
951
3048
786567
-206
-34
15
2859
800
2870
787592
-660
44
88
2875
-639
2625
788617
-15
40
120
2656
-239
2986
789642
38
-17
60
2746
209
3326
790667
-413
-50
49
2694
-85
3325
791692
-396
-96
21
2621
-432
3090
792717
-144
-105
37
2839
-256
2777
793742
-1
-46
30
2851
-177
2791
794767
41
-16
26
2841
-337
2890
787585
70
3
-4
2765
-260
2983
788610
39
11
-22
2775
-218
3014
789635
35
22
-33
2765
-225
3036
790660
72
27
-32
2752
-166
3033
791685
103
22
-23
2756
-150
3024
792710
100
18
-26
2823
-107
3031
793735
62
26
-14
2745
-49
3034
794760
20
23
-4
2749
-79
3055
795785
5
15
3
2777
-106
3117
796810
2
7
14
2736
-116
3079
797835
27
-5
16
2757
-112
3058
798860
18
-12
14
2757
-152
3036
799885
16
-18
10
2759
-141
3036
800910
21
-21
12
2769
-143
3020
801935
-1
-14
8
2778
-124
3030
802960
-44
-8
8
2754
-136
3034
795776
-17
-14
6
2747
-196
3067
796801
6
-18
0
2751
-157
3072
797826
-34
-20
-9
2755
-156
3037
798851
-39
-22
-2
2789
-153
2999
799876
-8
-21
1
2769
-89
3003
800901
-12
-14
2
2784
-142
2985
801926
13
0
8
2776
-107
2984
802951
32
3
14
2786
-108
2977
803976
9
19
14
2807
-170
2954
805001
5
32
11
2776
-109
2968
806026
-15
38
6
2770
-170
2999
807051
10
37
3
2764
-178
3017
808076
23
40
2
2759
-111
3011
809101
-10
50
-2
2749
-163
3042
810126
7
44
-8
2747
-165
3067
811151
23
31
-12
2759
-121
3065
803968
9
29
-18
2739
-126
3080
804993
5
21
-18
2726
-130
3083
806018
8
14
-13
2743
-91
3072
807043
0
11
-1
2744
-68
3060
808068
-10
6
6
2755
-97
3041
809093
-4
9
12
2760
-103
3016
810118
-4
16
16
2745
-108
3037
811143
2
18
19
2733
-148
3042
812168
19
18
21
2737
-158
3051
813193
14
23
17
2731
-154
3066
814218
-1
19
5
2731
-153
3089
815243
1
9
0
2736
-183
3085
816268
21
3
-6
2727
-151
3085
817293
12
4
-9
2725
-98
3098
818318
-10
0
-9
2727
-116
3075
819343
-3
-6
-8
2725
-137
3080
812160
16
-11
-6
2728
-85
3079
813185
6
-15
1
2734
-85
3072
814210
-6
-15
6
2748
-109
3061
815235
-4
-15
10
2738
-118
3061
816260
-5
-15
10
2738
-134
3061
817285
1
-18
8
2734
-143
3053
818310
2
-19
4
2745
-141
3038
819335
-1
-18
1
2738
-129
3052
820360
-12
-16
-3
2743
-140
3049
821385
-4
-12
-4
2746
-128
3033
822410
5
-12
-1
2740
-107
3044
823435
-9
-8
-2
2766
-91
3056
824460
-51
9
-5
2804
-39
3105
825485
-44
25
43
2789
66
2941
826510
-154
55
39
2642
-450
3113
827535
57
23
-68
2663
-956
3153
820352
536
-58
-109
2601
286
3468
821377
497
-176
2
2900
540
3064
822402
-178
-88
79
2730
374
2890
823427
-468
-7
48
2736
-708
2750
824452
4
25
16
2810
-655
2678
825477
331
37
-4
2869
257
2773
826502
10
63
11
2773
382
3137
827527
-484
75
-15
2579
-23
3489
828552
-609
20
-37
2575
-167
3463
829577
-341
-91
-13
2588
-478
3181
830602
152
-179
37
2832
-277
2773
831627
262
-103
28
2903
200
2772
832652
-103
-18
22
2876
-201
2883
833677
-112
18
19
2739
-455
2961
834702
126
6
13
2743
-158
2985
835727
142
10
1
2767
-87
3036
828544
64
27
-12
2747
-215
3069
829569
62
18
-14
2759
-154
3059
830594
56
15
-9
2760
-122
3038
831619
76
17
-1
2751
-114
3021
832644
74
19
-1
2758
-40
3067
833669
8
16
2
2738
-104
3111
834694
0
4
1
2731
-150
3127
835719
36
-17
9
2735
-106
3072
836744
34
-26
13
2754
-88
3036
837769
5
-23
14
2765
-105
3056
838794
-6
-22
18
2738
-120
3057
839819
3
-26
13
2758
-159
3023
840844
25
-28
13
2772
-124
3002
841869
11
-21
5
2763
-110
3014
842894
-17
-12
3
2778
-166
2988
843919
11
-6
1
2767
-127
3017
836736
20
-9
4
2773
-91
3022
837761
10
-3
9
2765
-84
3019
838786
-10
1
2
2767
-131
3040
839811
-8
0
0
2759
-121
3035
840836
13
-5
6
2752
-133
3009
841861
33
-4
10
2775
-97
3020
842886
-2
3
6
2764
-87
3065
843911
-27
-3
4
2740
-165
3063
844936
19
-16
4
2749
-145
3037
845961
27
-19
-1
2782
-89
3022
846986
-9
-11
1
2765
-103
3025
848011
-3
-15
3
2755
-118
3031
849036
12
-19
4
2779
-96
3007
850061
4
-13
5
2776
-105
2995
851086
7
-7
5
2773
-108
3024
852111
10
-7
12
2756
-100
3020
845077
8
-4
14
2768
-120
3021
846102
4
-1
11
2767
-122
3016
847127
3
-4
6
2772
-115
3025
848152
-1
-3
6
2771
-133
3027
849177
7
-3
6
2773
-107
3021
850202
4
1
4
2763
-98
3027
851227
-6
-1
-1
2764
-116
3032
852252
3
-4
0
2769
-118
3031
853277
10
-4
1
2767
-121
3031
854302
9
-2
3
2771
-81
3037
855327
-17
-3
1
2765
-113
3036
856352
-13
-7
-2
2758
-150
3044
857377
15
-11
-2
2769
-97
3031
858402
-1
-8
0
2774
-80
3021
859427
-19
-3
2
2776
-103
3015
860452
-8
0
5
2770
-106
3018
853120
-1
0
5
2772
-98
3008
854145
7
-1
7
2771
-98
3008
855170
-4
5
6
2781
-107
3006
856195
-13
11
2
2776
-108
3022
857220
-32
24
-4
2789
-115
3056
858245
-86
60
-12
2836
-72
2876
859270
-24
104
10
2761
-159
2945
860295
-33
97
-21
2772
-437
3163
861320
69
53
-54
2510
-92
3632
862345
437
-122
-5
2673
88
3135
863370
177
-98
72
2836
642
2875
864395
-346
-5
81
2876
-261
2691
865420
-221
64
75
2777
-597
2763
866445
180
17
94
2748
103
2942
867470
-74
18
56
2775
46
3209
868495
-383
25
-7
2660
-176
3377
861313
-412
-27
2
2601
-377
3229
862338
-71
-101
3
2719
-592
3009
863363
185
-94
1
2851
-13
2852
864388
34
-38
-2
2836
-24
2916
865413
-92
-3
-11
2792
-337
2963
866438
23
5
-19
2759
-152
2976
867463
38
9
-18
2785
-43
3007
868488
4
19
-16
2758
-226
3056
869513
61
16
-17
2753
-194
3070
870538
89
11
-6
2766
-89
3017
871563
55
15
1
2777
-67
3028
872588
15
17
4
2775
-145
3003
873613
41
23
9
2743
-114
3081
874638
9
10
-3
2727
-167
3133
875663
-10
-2
-4
2734
-172
3080
876688
18
-11
2
2738
-132
3071
869505
23
-20
1
2754
-133
3031
870530
17
-16
-4
2771
-80
3018
871555
-20
-8
1
2757
-141
3023
872580
10
-8
5
2747
-145
3039
873605
33
-12
3
2768
-115
3019
874630
15
-7
1
2763
-101
3025
875655
-11
-4
5
2768
-117
3018
876680
-16
1
4
2762
-160
3022
877705
10
1
5
2759
-153
3022
878730
15
0
0
2759
-124
3038
879755
-2
1
-3
2760
-151
3030
880780
5
3
-2
2755
-151
3044
881805
11
1
-2
2754
-119
3050
882830
-1
0
-3
2761
-112
3044
883855
-3
-2
-1
2746
-123
3042
884880
11
-6
2
2760
-116
3038
877696
14
-8
6
2765
-105
3037
878721
-2
-8
7
2763
-118
3039
879746
-7
-10
9
2754
-142
3037
880771
5
-12
4
2755
-146
3046
881796
8
-11
2
2763
-126
3044
882821
4
-11
3
2757
-135
3038
883846
-4
-14
-1
2773
-130
3024
884871
-8
-13
-2
2764
-125
3025
885896
1
-12
0
2752
-130
3024
886921
5
-10
-2
2763
-101
3030
887946
-3
-13
2
2779
-118
3009
888971
0
-8
3
2765
-115
3024
889996
-8
-7
2
2768
-115
3022
891021
-10
-4
4
2750
-145
3035
892046
0
-6
3
2751
-123
3044
893071
-1
-7
7
2772
-115
3026
885888
-9
-5
8
2778
-141
3010
886913
-9
-1
1
2764
-135
3046
887938
0
-4
0
2751
-150
3010
888963
32
-5
1
2777
-109
3012
889988
6
0
4
2770
-71
3032
891013
-45
4
0
2756
-154
3030
892038
-36
14
-8
2802
-177
3019
893063
-30
51
-7
2832
20
2917
894088
-106
93
14
2835
91
2843
895113
-323
145
-4
2707
-448
3279
896138
36
36
-105
2394
-887
3601
897163
747
-168
51
2748
0
3172
898188
143
-84
16
2885
1099
2742
899213
-477
55
82
2917
-640
2478
900238
-42
121
76
2731
-233
2829
901263
32
35
47
2651
393
3556
894081
-606
-22
-16
2641
-285
3480
895106
-445
-81
-1
2547
-600
3143
896131
137
-165
6
2787
-171
2888
897156
140
-102
16
2892
8
2708
898181
-27
-18
18
2870
-361
2812
899206
16
9
-6
2807
-290
2929
900231
68
15
-11
2761
-157
2997
901256
73
22
-16
2720
-251
3126
902281
97
15
-32
2720
-159
3148
903306
72
-2
-27
2768
-55
3116
904331
30
-10
-4
2764
-194
3025
905356
73
-6
0
2761
-138
3027
906381
58
-5
-4
2769
-79
3063
907406
18
-9
6
2760
-117
3051
908431
25
-14
14
2761
-152
3056
909456
30
-16
15
2756
-137
3035
902271
24
-23
15
2777
-132
3014
903296
19
-18
20
2774
-120
3020
904321
-1
-18
8
2771
-184
3022
905346
-2
-15
0
2774
-196
2985
906371
30
-13
0
2774
-133
2988
907396
16
-7
-6
2777
-146
2998
908421
2
0
-5
2768
-116
3009
909446
-1
2
-1
2772
-140
3020
910471
18
6
1
2777
-124
3008
911496
13
9
0
2772
-112
3026
912521
3
5
-1
2756
-128
3040
913546
15
-1
5
2767
-140
3020
914571
19
4
4
2780
-125
3025
915596
5
6
4
2754
-131
3038
916621
-6
2
3
2755
-161
3042
917646
14
-3
4
2761
-147
3031
910464
15
-3
-3
2775
-97
3037
911489
-7
-4
-2
2760
-131
3039
912514
5
-9
1
2758
-133
3026
913539
11
-6
5
2776
-104
3016
914564
-5
-4
4
2767
-113
3032
915589
-12
-7
5
2765
-124
3021
916614
0
-8
8
2772
-125
3026
917639
11
-6
9
2757
-133
3008
918664
7
1
8
2774
-112
3018
919689
-13
-1
7
2757
-139
3053
920714
-6
-8
6
2756
-151
3041
921739
11
-10
6
2759
-131
3030
922764
1
-10
3
2771
-118
3031
923789
-16
-11
1
2771
-143
3028
924814
-9
-11
0
2762
-143
3029
925839
1
-13
-1
2770
-126
3021
918657
-1
-12
-1
2772
-116
3021
919682
-6
-11
0
2766
-111
3010
920707
-10
-7
3
2772
-126
3008
921732
-1
-5
3
2765
-125
3029
922757
1
-5
4
2771
-126
3026
923782
-8
-3
3
2774
-146
3013
924807
-3
-5
-1
2767
-134
3017
925832
-9
-5
-1
2778
-103
3001
926857
-24
1
1
2767
-143
3016
927882
-9
3
-1
2758
-144
3037
928907
-8
4
0
2806
-86
3001
929932
-51
43
0
2864
22
2847
930957
-93
98
26
2749
-117
2900
931982
-161
88
-24
2750
-580
3163
933007
55
59
-73
2629
-444
3456
934032
322
-79
-76
2523
298
3420
926848
200
-166
51
2916
246
3045
927873
-267
-50
57
2739
115
2744
928898
-307
48
68
2869
-848
2569
929923
189
87
60
2844
-163
2617
930948
157
62
30
2782
502
3285
931973
-569
48
-32
2658
-238
3534
932998
-545
-32
-32
2500
-738
3208
934023
144
-121
-12
2729
-318
2935
935048
249
-85
-23
2918
237
2797
936073
-23
-8
4
2847
-124
2871
937098
-58
26
5
2786
-337
2968
938123
85
23
7
2758
-148
3004
939148
112
24
0
2760
-95
3062
940173
86
22
-5
2732
-185
3103
941198
102
13
9
2757
-116
3062
942223
66
6
16
2770
-61
3091
935040
-16
2
16
2752
-211
3070
936065
9
1
14
2735
-180
3070
937090
36
-9
3
2740
-156
3101
938115
25
-15
1
2758
-161
3047
939140
33
-17
6
2762
-133
3037
940165
7
-18
2
2767
-159
3019
941190
7
-7
4
2768
-120
3007
942215
8
-5
1
2760
-128
3027
943240
2
-7
-3
2761
-171
2998
944265
26
-5
1
2767
-116
3002
945290
11
1
0
2766
-122
3033
946315
-4
6
-1
2755
-142
3038
947340
8
7
0
2761
-160
3031
948365
30
6
-1
2749
-126
3034
949390
17
4
-4
2757
-110
3045
950415
-7
4
-3
2761
-134
3025
943232
5
4
0
2749
-134
3054
944257
15
0
4
2754
-115
3055
945282
4
-4
4
2753
-130
3053
946307
-7
-4
1
2751
-140
3044
947332
0
-5
2
2751
-120
3041
948357
-1
-8
4
2749
-146
3040
949382
6
-10
7
2753
-109
3023
950407
-9
-7
8
2771
-122
3018
951432
-12
-2
6
2771
-140
3018
952457
-5
-1
4
2764
-119
3031
953482
-10
-3
7
2754
-154
3029
954507
6
-2
4
2748
-170
3035
955532
20
0
0
2766
-121
3028
956557
4
4
0
2763
-129
3041
957582
-3
6
-1
2751
-149
3046
958607
6
1
-2
2752
-105
3047
951423
-3
-3
1
2750
-115
3047
952448
-8
-5
1
2758
-137
3046
953473
6
-8
5
2745
-117
3043
954498
2
-11
6
2758
-116
3053
955523
-8
-15
6
2755
-133
3045
956548
-7
-17
4
2764
-141
3013
957573
-2
-13
1
2767
-142
3033
958598
1
-11
1
2753
-125
3036
959623
7
-12
7
2764
-127
3008
960648
3
-8
3
2769
-124
3025
961673
-5
-8
0
2765
-120
3040
962698
2
-10
3
2753
-134
3042
963723
13
-11
5
2769
-130
3001
964748
6
-3
4
2775
-107
2991
965773
-4
4
5
2770
-140
3018
966798
-3
6
3
2767
-138
3039
959616
-8
5
4
2752
-117
3043
960641
-26
8
-1
2763
-166
3025
961666
-27
27
-6
2799
-131
3071
962691
-50
60
-9
2807
-35
3025
963716
-118
76
0
2727
-187
3060
964741
-76
52
-10
2653
-394
3228
965766
251
-74
-79
2485
-252
3348
966791
492
-144
11
2962
47
2767
967816
31
-12
48
2833
797
2734
968841
-450
66
52
2864
-673
2736
969866
11
84
62
2669
-453
2959
970891
188
22
34
2729
369
3346
971916
-337
10
-3
2693
-37
3359
972941
-287
-57
8
2555
-653
3195
973966
112
-102
17
2802
-274
2932
974991
124
-58
4
2850
121
2883
967808
-65
-18
-4
2817
-182
2929
968833
-35
2
-12
2761
-258
2990
969858
63
4
-15
2750
-99
3038
970883
54
10
-9
2756
-88
3043
971908
46
12
-4
2767
-121
3052
972933
17
16
-4
2761
-107
3066
973958
12
8
4
2726
-138
3088
974983
32
-7
8
2760
-131
3023
976008
32
-6
9
2754
-100
3041
977033
-1
-8
4
2769
-131
3068
978058
11
-10
15
2751
-136
3027
979083
18
-18
8
2763
-115
3043
980108
-15
-16
0
2751
-144
3051
981133
-2
-18
3
2748
-137
3039
982158
21
-16
10
2755
-143
3006
983183
20
-10
1
2779
-109
3018
976000
-9
-1
2
2769
-108
3014
977025
-10
-2
2
2746
-149
3022
978050
10
-8
0
2760
-135
3016
979075
15
-4
1
2766
-76
3025
980100
-11
2
6
2762
-127
3022
981125
1
3
7
2759
-150
3046
982150
19
1
7
2756
-113
3043
983175
4
-4
5
2763
-123
3031
984200
-9
-5
2
2757
-150
3052
985225
2
-8
-2
2745
-145
3058
986250
17
-13
4
2764
-117
3032
987275
4
-11
2
2765
-96
3026
988300
-22
-12
-1
2773
-108
3028
989325
-20
-11
0
2757
-145
3030
990350
14
-12
2
2763
-103
3023
991375
14
-11
4
2779
-70
3000
984235
-14
-3
5
2769
-121
3014
985260
-9
0
5
2769
-130
3030
986285
3
-1
9
2748
-129
3036
987310
12
-4
10
2763
-127
3024
988335
1
0
8
2772
-120
3031
989360
-13
-2
5
2759
-145
3036
990385
-5
-5
4
2766
-147
3024
991410
0
-4
2
2769
-107
3036
992435
-9
-6
0
2762
-130
3040
993460
2
-8
0
2759
-132
3026
994485
7
-8
2
2768
-119
3009
995510
-7
-5
1
2767
-111
3030
996535
-15
-4
-1
2751
-130
3042
997560
-2
-8
1
2766
-137
3018
998585
5
-5
2
2774
-122
3006
999610
-14
6
-2
2774
-96
3031
992384
-59
24
-8
2811
-128
3057
993409
-63
62
-4
2809
-148
2867
994434
-6
63
16
2737
-110
3051
995459
-74
53
-24
2695
-338
3363
996484
163
-44
-87
2537
-234
3334
997509
399
-117
55
2840
164
2787
998534
2
15
41
2929
312
2590
999559
-207
136
87
2876
-489
2545
1000584
110
111
65
2649
-40
3272
1001609
-243
20
-19
2656
140
3720
1002634
-474
-53
-38
2463
-616
3394
1003659
130
-144
-13
2718
-421
2883
1004684
307
-104
-14
2923
384
2854
1005709
-147
-34
9
2833
-26
2951
1006734
-169
-21
37
2712
-390
3045
1007759
31
-40
11
2755
-149
3066
1000576
58
-38
-8
2744
-109
3007
1001601
67
-34
-2
2801
-146
2960
1002626
57
-10
11
2826
-75
2947
1003651
-14
9
19
2795
-104
2949
1004676
-32
21
7
2764
-183
3015
1005701
25
16
-4
2760
-156
3045
1006726
46
15
-5
2752
-96
3068
1007751
5
9
2
2764
-158
3033
1008776
19
6
9
2764
-158
3026
1009801
21
5
3
2748
-113
3064
1010826
-6
-3
-6
2757
-158
3060
1011851
14
-9
-7
2763
-107
3062
1012876
16
-12
1
2764
-89
3032
1013901
7
-12
4
2770
-95
3015
1014926
0
-9
10
2764
-104
3012
1015951
4
-7
11
2765
-132
3022
1008768
14
-5
11
2773
-131
3017
1009793
14
-6
7
2762
-121
2996
1010818
3
-3
5
2772
-147
2989
1011843
4
3
-3
2778
-139
3017
1012868
8
7
0
2762
-136
3028
1013893
14
5
-4
2754
-101
3053
1014918
5
4
-4
2762
-98
3035
1015943
1
5
-3
2764
-95
3030
1016968
-1
2
0
2768
-98
3019
1017993
2
5
5
2768
-84
3013
1019018
-6
8
6
2762
-118
3037
1020043
-1
8
5
2755
-119
3047
1021068
10
4
9
2751
-127
3043
1022093
14
1
6
2759
-127
3043
1023118
-3
-1
2
2752
-119
3041
1024143
-9
-3
1
2745
-141
3056
1016960
4
-12
-1
2758
-129
3034
1017985
10
-10
1
2769
-89
3027
1019010
-8
-5
-1
2758
-107
3040
1020035
-12
-8
0
2759
-122
3026
1021060
7
-7
6
2771
-109
3011
1022085
8
-4
7
2771
-93
3019
1023110
-16
0
3
2759
-117
3034
1024135
-13
-2
3
2752
-153
3055
1025160
17
-7
6
2752
-126
3043
1026185
17
-8
6
2755
-89
3025
1027210
-7
-7
3
2775
-108
3018
1028235
-18
-8
1
2765
-148
3032
1029260
-3
-8
0
2749
-99
3031
1030285
-5
-7
1
2770
-103
3026
1031310
-8
-3
4
2760
-126
3029
1032335
4
-3
9
2765
-101
3036
1025152
1
-6
14
2770
-93
3010
1026177
-13
-5
10
2772
-128
3003
1027202
-5
0
5
2767
-131
3021
1028227
13
5
10
2770
-114
3017
1029252
15
7
11
2763
-119
3028
1030277
-4
6
2
2760
-128
3050
1031302
-6
-1
-2
2755
-146
3049
1032327
12
-5
-1
2760
-134
3037
1033352
12
-3
-4
2772
-75
3055
1034377
-15
-9
1
2756
-98
3048
1035402
-5
-13
8
2766
-96
3041
1036427
-8
-8
10
2780
-76
3124
1037452
-30
-6
26
2749
-150
3103
1038477
-46
22
28
2808
-82
2913
1039502
-60
103
-11
2833
-273
2879
1040527
26
148
-35
2698
-122
3378
1033344
256
-28
-66
2494
-397
3438
1034369
519
-181
75
2746
173
3008
1035394
-13
-60
28
2858
410
2520
1036419
-304
72
23
2948
-707
2392
1037444
92
111
1
2816
-23
2861
1038469
23
70
17
2671
308
3340
1039494
-409
37
-46
2603
-82
3592
1040519
-449
-27
-40
2573
-289
3280
1041544
-31
-112
1
2639
-394
3073
1042569
210
-127
9
2915
31
2889
1043594
10
-50
34
2820
128
2865
1044619
-132
-12
28
2798
-291
2933
1045644
-35
10
7
2768
-213
2961
1046669
23
14
-2
2742
-150
3058
1047694
58
5
6
2738
-230
3102
1048719
96
-8
2
2749
-110
3067
1041535
42
-9
2
2787
-107
3019
1042560
9
-2
-4
2743
-140
3057
1043585
2
-6
-9
2751
-137
3065
1044610
16
-11
-3
2753
-109
3090
1045635
25
-19
7
2768
-82
3036
1046660
11
-19
11
2774
-107
3008
1047685
15
-16
13
2776
-128
2989
1048710
28
-8
11
2769
-99
3015
1049735
6
-2
8
2769
-142
3023
1050760
3
-2
1
2751
-155
3022
1051785
14
-4
-1
2765
-161
3020
1052810
24
-6
-8
2767
-111
3053
1053835
13
-6
-2
2764
-116
3011
1054860
12
-3
-7
2762
-81
3043
1055885
-6
-2
-7
2780
-91
3026
1056910
9
2
6
2763
-123
3018
1049728
21
-2
1
2767
-56
3056
1050753
-26
-2
3
2758
-76
3036
1051778
-8
-6
11
2743
-163
3042
1052803
39
-12
10
2769
-131
3008
1053828
31
-4
12
2788
-73
2998
1054853
-27
2
1
2758
-131
3053
1055878
-14
-6
-3
2741
-149
3050
1056903
30
-10
3
2766
-93
3017
1057928
14
-5
-1
2770
-74
3026
1058953
-19
-4
0
2762
-99
3036
1059978
-9
-7
8
2761
-130
3039
1061003
20
-10
7
2768
-105
3041
1062028
11
-8
5
2768
-74
3024
1063053
-13
-10
7
2769
-107
3024
1064078
-14
-9
10
2756
-134
3037
1065103
7
-11
10
2779
-109
3038
1058027
8
-11
8
2762
-116
3019
1059052
-1
-10
2
2766
-127
3013
1060077
-3
-6
0
2768
-116
3012
1061102
0
-4
3
2770
-113
3024
1062127
4
-4
5
2768
-97
3021
1063152
4
-4
5
2771
-111
3028
1064177
-2
-5
5
2778
-102
3015
1065202
-3
-5
7
2767
-101
3019
1066227
-4
-4
6
2776
-122
3020
1067252
7
-3
5
2764
-100
3028
1068277
4
-4
4
2767
-112
3022
1069302
-3
-3
4
2773
-120
3016
1070327
4
-3
7
2772
-115
3017
1071352
4
-3
4
2767
-95
3033
1072377
-10
-2
1
2764
-102
3040
1073402
-9
-6
-1
2757
-115
3034
1066112
8
-10
1
2769
-112
3013
1067137
6
-6
2
2769
-72
3017
1068162
-18
-3
4
2768
-94
3011
1069187
-14
-2
4
2771
-130
3009
1070212
11
-1
4
2773
-102
3013
1071237
6
1
5
2768
-79
3022
1072262
-8
1
6
2762
-114
3026
1073287
-6
2
2
2760
-123
3040
1074312
2
-2
1
2762
-107
3037
1075337
-6
-5
2
2769
-111
3022
1076362
-11
-6
0
2776
-116
3015
1077387
-2
-4
2
2765
-100
3029
1078412
-2
-7
3
2766
-110
3023
1079437
-1
-7
2
2776
-116
3009
1080462
-4
-3
0
2780
-97
2999
1081487
-20
4
-1
2780
-100
3012
1074304
-53
26
-9
2786
-146
3051
1075329
-69
41
-14
2796
-207
2981
1076354
-26
49
-10
2776
-40
2952
1077379
-14
41
10
2756
-149
3059
1078404
20
34
-19
2703
-149
3217
1079429
20
-26
-50
2624
41
3333
1080454
134
-70
43
2832
-216
2779
1081479
58
6
26
2775
213
2839
1082504
-168
40
24
2875
-267
2877
1083529
-69
78
30
2688
-219
3033
1084554
-6
31
10
2698
140
3227
1085579
-225
-3
-2
2701
-128
3270
1086604
-156
-54
24
2604
-387
3183
1087629
101
-109
13
2736
-218
3066
1088654
78
-89
1
2853
25
2915
1089679
-34
-46
16
2819
-111
2862
1082497
-22
-18
11
2820
-228
2923
1083522
25
2
-2
2771
-154
2988
1084547
60
8
0
2755
-114
3032
1085572
65
3
-1
2772
-98
3020
1086597
39
9
-3
2784
-113
3013
1087622
11
21
-1
2770
-106
3030
1088647
7
16
0
2753
-143
3061
1089672
37
4
5
2755
-140
3058
1090697
55
10
4
2768
-75
3067
1091722
18
10
11
2749
-81
3054
1092747
-11
-6
9
2756
-137
3047
1093772
1
-15
10
2759
-148
3044
1094797
15
-15
5
2774
-112
3029
1095822
13
-6
8
2760
-90
3013
1096847
-7
-8
-1
2766
-121
3031
1097872
-6
-10
5
2762
-128
3014
1090688
14
-11
3
2768
-116
3022
1091713
6
-6
-1
2774
-87
3019
1092738
-5
-3
3
2762
-95
3015
1093763
3
-1
1
2773
-135
3007
1094788
16
7
2
2767
-106
3010
1095813
11
9
3
2780
-89
3027
1096838
-6
8
1
2764
-109
3028
1097863
-12
6
1
2756
-125
3022
1098888
0
4
-1
2758
-131
3033
1099913
2
4
-2
2753
-100
3042
1100938
-6
1
2
2760
-90
3046
1101963
-8
-2
3
2779
-113
3032
1102988
2
1
6
2762
-97
3014
1104013
7
2
5
2764
-98
3019
1105038
2
5
7
2768
-111
3044
1106063
6
3
11
2749
-112
3053
1098880
4
-1
9
2758
-123
3041
1099905
0
-2
5
2764
-116
3030
1100930
5
-1
6
2757
-119
3029
1101955
2
1
0
2759
-114
3025
1102980
-6
2
-2
2752
-102
3041
1104005
-6
-4
-1
2749
-94
3043
1105030
3
-7
2
2760
-101
3033
1106055
3
-6
3
2759
-88
3029
1107080
-6
-2
2
2774
-94
3025
1108105
-6
0
5
2761
-112
3022
1109130
2
-1
7
2755
-119
3040
1110155
0
-2
6
2750
-115
3039
1111180
-1
-4
5
2751
-136
3042
1112205
2
-8
3
2752
-117
3053
1113230
-4
-11
-1
2760
-102
3045
1114255
-8
-13
-1
2761
-118
3029
1107072
4
-14
-1
2760
-96
3035
1108097
-1
-15
2
2770
-74
3016
1109122
-11
-10
6
2764
-98
3017
1110147
-5
-6
9
2763
-104
3030
1111172
-11
-1
8
2780
-102
3049
1112197
-45
34
-6
2854
-82
2977
1113222
-63
102
20
2792
47
2860
1114247
-185
113
-10
2728
-459
3094
1115272
-9
25
-65
2484
-461
3562
1116297
461
-131
-42
2758
-102
3045
1117322
96
-73
20
2871
884
2794
1118347
-375
40
73
2862
-469
2640
1119372
-26
101
64
2740
-463
2821
1120397
183
48
55
2698
449
3331
1121422
-392
13
-5
2647
-77
3498
1122447
-304
-69
15
2552
-723
3157
1115264
221
-126
33
2774
-103
2914
1116289
126
-78
22
2894
206
2875
1117314
-161
-19
23
2796
-364
2917
1118339
-38
-9
9
2793
-366
2978
1119364
113
-2
-6
2734
-102
3017
1120389
76
0
-21
2766
-95
3039
1121414
23
15
-20
2766
-106
3035
1122439
16
12
-14
2751
-120
3056
1123464
35
1
-3
2768
-122
3050
1124489
43
10
3
2754
-98
3036
1125514
47
13
9
2751
-74
3050
1126539
12
5
7
2762
-71
3067
1127564
-27
1
16
2759
-157
3043
1128589
9
-6
14
2739
-144
3082
1129614
8
-10
7
2731
-113
3066
1130639
-1
-16
7
2743
-139
3037
1123456
20
-20
15
2775
-137
3014
1124481
19
-13
7
2762
-84
3028
1125506
-20
-7
5
2759
-134
3015
1126531
-9
-7
2
2764
-164
3020
1127556
17
-9
1
2751
-95
3033
1128581
2
-11
2
2760
-105
3019
1129606
8
-9
4
2767
-122
3015
1130631
12
-2
5
2773
-106
3021
1131656
-1
4
9
2759
-122
3022
1132681
5
2
8
2753
-127
3037
1133706
12
-3
7
2767
-121
3042
1134731
8
-1
9
2760
-126
3034
1135756
1
2
6
2747
-123
3044
1136781
-1
-3
3
2758
-128
3038
1137806
4
-11
2
2759
-127
3048
1138831
6
-12
2
2770
-105
3040
1131648
-7
-8
2
2753
-117
3038
1132673
4
-11
5
2766
-119
3017
1133698
14
-12
10
2772
-111
3015
1134723
-1
-4
6
2768
-97
3028
1135748
-16
2
5
2754
-136
3036
1136773
7
-5
4
2756
-146
3040
1137798
20
-8
7
2769
-84
3027
1138823
-14
-5
8
2768
-105
3018
1139848
-13
-5
7
2769
-153
3027
1140873
12
-5
3
2760
-109
3024
1141898
-5
-5
2
2764
-101
3026
1142923
-18
-4
1
2762
-137
3036
1143948
2
-7
1
2753
-132
3041
1144973
19
-11
5
2773
-106
3027
1145998
4
-6
4
2770
-106
3013
1147023
-7
-3
5
2768
-125
3026
1139840
1
-4
8
2764
-132
3026
1140865
11
-4
4
2764
-119
3035
1141890
5
-3
1
2765
-102
3031
1142915
-3
-3
0
2756
-121
3027
1143940
9
-7
3
2768
-106
3016
1144965
2
-4
7
2775
-88
3020
1145990
-11
1
3
2760
-119
3029
1147015
2
2
5
2753
-123
3038
1148040
7
1
6
2772
-111
3025
1149065
0
0
7
2753
-116
3039
1150090
-4
-4
4
2755
-121
3034
1151115
-8
-3
4
2769
-122
3049
1152140
-5
-5
4
2751
-132
3045
1153165
4
-9
2
2762
-108
3027
1154190
-1
-9
3
2763
-98
3019
1155215
-9
-5
2
2770
-109
3010
1148033
-4
-3
3
2775
-117
3006
1149058
6
-2
3
2765
-97
3018
1150083
9
0
7
2760
-83
3012
1151108
-20
22
7
2801
-46
3059
1152133
-121
90
-3
2865
50
2918
1153158
-274
132
12
2731
-142
3043
1154183
-168
70
0
2588
-847
3522
1155208
425
-107
-85
2344
-303
3612
1156233
712
-248
69
2976
471
2887
1157258
-113
-82
60
2839
987
2611
1158283
-552
28
123
2972
-1003
2296
1159308
125
105
118
2776
-439
2753
1160333
117
56
40
2741
558
3527
1161358
-666
32
-2
2626
-168
3432
1162383
-494
-52
13
2489
-856
3156
1163408
120
-124
0
2837
-376
2838
1156224
282
-62
4
2922
118
2746
1157249
23
13
14
2867
-41
2934
1158274
-114
24
4
2734
-278
3027
1159299
10
3
0
2712
-293
3062
1160324
102
12
-20
2759
-153
3103
1161349
43
24
-15
2777
-23
3116
1162374
-45
9
13
2732
-146
3082
1163399
-12
-10
18
2749
-285
3033
1164424
54
-12
5
2772
-142
3003
1165449
24
-13
2
2783
-81
2993
1166474
-28
-8
3
2768
-246
3066
1167499
-24
-7
-2
2756
-152
3078
1168524
-22
-17
11
2751
-55
3042
1169549
0
-20
23
2786
-164
2949
1170574
56
-3
22
2819
-120
2922
1171599
-1
19
12
2793
-133
2979
1164417
-62
29
8
2752
-281
3029
1165442
1
24
1
2726
-285
3041
1166467
64
22
-6
2741
-202
3046
1167492
68
23
-2
2767
-120
3047
1168517
22
23
-1
2781
-133
3054
1169542
-18
16
-8
2753
-188
3080
1170567
-4
2
-11
2734
-165
3088
1171592
26
-10
-4
2732
-108
3087
1172617
7
-13
-2
2750
-118
3069
1173642
-17
-18
1
2763
-161
3031
1174667
-8
-21
7
2759
-144
3015
1175692
-8
-18
9
2765
-148
3017
1176717
-18
-13
5
2752
-181
3019
1177742
-12
-8
0
2765
-166
3003
1178767
-21
2
0
2783
-155
3015
1179792
-32
7
2
2765
-165
3009
1172608
-8
3
-2
2751
-190
3017
1173633
17
3
-2
2766
-106
3019
1174658
-25
9
-3
2775
-121
3038
1175683
-35
6
1
2747
-202
3076
1176708
7
-3
4
2718
-144
3096
1177733
4
-12
9
2753
-155
3040
1178758
-5
-3
11
2772
-144
3002
1179783
-19
6
18
2771
-148
3021
1180808
-30
9
18
2767
-186
3003
1181833
29
4
28
2749
-116
2998
1182858
-5
11
17
2768
-197
3024
1183883
-29
17
7
2744
-211
3063
1184908
-23
12
11
2733
-153
3074
1185933
-4
2
19
2763
-146
3021
1186958
-15
4
12
2786
-150
2988
1187983
-67
21
-1
2770
-111
3026
1180800
-141
34
8
2751
-104
3047
1181825
-176
37
20
2724
-225
3056
1182850
-93
29
26
2717
-267
3095
1183875
0
9
25
2735
-196
3108
1184900
13
-2
34
2735
-201
3057
1185925
-2
3
35
2763
-182
2999
1186950
-35
16
33
2764
-221
2996
1187975
-50
26
26
2746
-261
3030
1189000
-36
31
21
2743
-250
3037
1190025
-42
36
6
2733
-284
3064
1191050
-27
35
-10
2721
-292
3066
1192075
0
38
-9
2757
-204
3049
1193100
-40
58
-10
2788
-135
3047
1194125
-121
94
-8
2780
-138
2985
1195150
-244
145
-9
2812
-225
2849
1196175
-222
136
-7
2556
-266
3638
1188992
250
-57
-48
2479
-625
3550
1190017
16
-127
51
2768
589
3207
1191042
-565
-29
57
2700
-326
2731
1192067
-414
81
36
2841
-1100
2588
1193092
191
99
78
2784
-90
2748
1194117
103
82
99
2699
174
3111
1195142
-433
84
25
2647
-215
3553
1196167
-711
26
-13
2534
-497
3445
1197192
-315
-73
16
2479
-824
3142
1198217
143
-105
0
2823
-501
2926
1199242
162
-53
-6
2825
-149
2978
1200267
-119
-15
-23
2730
-403
3010
1201292
-84
-12
-18
2674
-621
3043
1202317
117
-22
-31
2685
-368
3106
1203342
109
-22
-36
2730
-217
3107
1204367
21
-15
-21
2713
-322
3093
1197185
32
-16
-7
2717
-324
3074
1198210
64
-21
1
2726
-311
3070
1199235
82
-20
13
2722
-327
3049
1200260
83
-13
22
2715
-267
3065
1201285
22
-7
18
2726
-309
3092
1202310
-3
-8
18
2702
-430
3096
1203335
52
-16
22
2708
-426
3063
1204360
54
-12
12
2729
-320
3049
1205385
-4
-4
2
2725
-338
3043
1206410
-10
1
-3
2714
-381
3044
1207435
25
0
-5
2717
-358
3056
1208460
28
4
-12
2736
-325
3058
1209485
23
9
-8
2721
-291
3072
1210510
18
5
-1
2705
-269
3093
1211535
6
-1
2
2707
-286
3115
1212560
-3
-6
9
2702
-295
3117
1205376
-8
-11
18
2714
-316
3093
1206401
-7
-15
19
2719
-332
3083
1207426
-12
-18
18
2722
-311
3052
1208451
-34
-11
21
2735
-334
3042
1209476
-53
-1
18
2720
-365
3091
1210501
-74
3
13
2713
-299
3079
1211526
-119
6
8
2710
-359
3042
1212551
-107
15
6
2745
-399
3025
1213576
-129
32
10
2757
-225
2991
1214601
-260
58
8
2740
-359
2983
1215626
-257
76
7
2707
-521
3041
1216651
-112
73
12
2671
-507
3076
1217676
18
56
8
2678
-490
3073
1218701
81
50
3
2715
-398
3067
1219726
53
55
4
2702
-336
3045
1220751
-6
64
0
2699
-411
3048
1213569
-2
74
-6
2678
-438
3096
1214594
44
71
-12
2665
-431
3153
1215619
85
62
-15
2651
-379
3182
1216644
57
55
-18
2664
-332
3158
1217669
4
53
-17
2664
-336
3157
1218694
-24
44
-14
2648
-367
3189
1219719
1
27
-5
2634
-373
3219
1220744
23
8
-1
2642
-330
3200
1221769
9
0
2
2652
-330
3159
1222794
-6
-6
7
2658
-334
3163
1223819
-17
-12
10
2657
-361
3165
1224844
-3
-21
15
2642
-386
3151
1225869
9
-26
14
2663
-377
3125
1226894
-5
-22
9
2676
-380
3112
1227919
0
-22
5
2662
-427
3118
1228944
8
-23
0
2677
-359
3111
1221760
-37
-8
-5
2697
-372
3114
1222785
-44
17
-19
2716
-448
3087
1223810
25
45
-1
2680
-330
3034
1224835
-48
73
8
2727
-375
2939
1225860
-23
45
-14
2470
-440
3505
1226885
328
-85
-42
2579
-683
3304
1227910
145
-96
43
2742
436
3164
1228935
-262
-33
84
2653
-434
2910
1229960
-165
50
55
2739
-935
2828
1230985
182
45
64
2684
-32
3090
1232010
-139
-11
45
2619
-30
3485
1233035
-438
-59
8
2482
-685
3421
1234060
-64
-125
18
2563
-897
3029
1235085
252
-118
2
2813
-246
2874
1236110
76
-48
-4
2790
-137
2929
1237135
-128
-8
-8
2728
-629
3012
1229952
6
-4
-4
2649
-541
3118
1230977
83
-9
-25
2661
-326
3163
1232002
37
-5
-37
2675
-399
3132
1233027
60
2
-23
2685
-371
3105
1234052
44
4
-5
2711
-259
3114
1235077
7
4
19
2683
-358
3107
1236102
54
-3
26
2664
-351
3111
1237127
7
-3
6
2698
-374
3108
1238152
-13
1
7
2664
-439
3131
1239177
34
-14
16
2682
-378
3149
1240202
17
-17
18
2674
-352
3118
1241227
-10
-13
10
2688
-413
3087
1242252
18
-9
8
2678
-411
3097
1243277
22
-6
3
2684
-354
3092
1244302
3
-4
6
2688
-372
3081
1245327
3
-1
4
2691
-372
3120
1238144
8
-2
7
2684
-379
3085
1239169
3
-1
6
2698
-368
3067
1240194
10
4
9
2696
-372
3072
1241219
9
8
4
2679
-380
3091
1242244
12
10
5
2680
-400
3096
1243269
13
13
6
2671
-369
3119
1244294
3
11
3
2680
-390
3127
1245319
18
10
0
2675
-386
3137
1246344
27
3
4
2674
-379
3126
1247369
26
-1
1
2672
-365
3133
1248394
17
-7
-1
2675
-341
3137
1249419
-2
-4
1
2680
-351
3115
1250444
-8
-3
7
2681
-367
3090
1251469
-4
-4
4
2695
-372
3068
1252494
9
-1
5
2678
-337
3107
1253519
-3
-1
7
2675
-355
3110
1246335
-2
1
6
2672
-391
3105
1247360
2
7
2
2682
-366
3110
1248385
5
8
4
2666
-397
3119
1249410
9
7
5
2679
-371
3109
1250435
-2
10
3
2668
-362
3136
1251460
-6
4
-3
2660
-402
3135
1252485
20
-3
0
2678
-351
3105
1253510
7
0
1
2684
-339
3111
1254535
-4
0
2
2665
-352
3133
1255560
7
-3
5
2664
-368
3126
1256585
17
-3
6
2677
-352
3114
1257610
17
-2
6
2674
-356
3116
1258635
8
-5
6
2677
-369
3118
1259660
6
-4
4
2670
-365
3124
1260685
-4
-5
2
2673
-349
3119
1261710
-13
-3
2
2671
-378
3097
1254529
4
-6
0
2671
-373
3134
1255554
6
-6
1
2689
-341
3107
1256579
-11
5
-3
2683
-402
3117
1257604
-22
26
-17
2723
-353
3119
1258629
16
56
-7
2735
-298
2968
1259654
25
94
37
2666
-211
3050
1260679
-139
116
2
2613
-651
3254
1261704
85
20
-67
2380
-563
3536
1262729
554
-136
11
2741
-280
3124
1263754
4
-67
36
2777
514
2942
1264779
-426
29
43
2677
-870
2851
1265804
-39
61
38
2669
-696
2968
1266829
189
8
48
2652
100
3292
1267854
-268
-7
0
2598
-229
3461
1268879
-372
-48
-14
2500
-630
3280
1269904
39
-116
11
2612
-680
3085
1262720
167
-103
3
2806
-144
2947
1263745
0
-44
16
2740
-252
2940
1264770
-71
-2
11
2721
-555
3002
1265795
62
2
10
2667
-386
3111
1266820
42
0
-12
2670
-334
3151
1267845
23
5
-10
2663
-454
3127
1268870
80
5
-6
2674
-341
3113
1269895
41
7
-4
2696
-285
3152
1270920
-22
8
-1
2663
-364
3169
1271945
13
-6
6
2652
-420
3148
1272970
64
-10
9
2672
-320
3131
1273995
23
-6
9
2682
-300
3127
1275020
-22
-9
12
2666
-397
3107
1276045
0
-11
11
2688
-385
3095
1277070
-8
2
6
2678
-338
3091
1278095
-36
3
-6
2674
-401
3121
1270912
9
-10
-7
2672
-405
3128
1271937
40
-15
-1
2671
-325
3131
1272962
8
-17
0
2672
-324
3117
1273987
-13
-13
3
2682
-339
3094
1275012
0
-13
7
2679
-367
3106
1276037
16
-16
4
2696
-352
3078
1277062
15
-8
11
2681
-339
3059
1278087
3
-5
6
2678
-339
3101
1279112
-9
0
12
2689
-351
3087
1280137
10
3
16
2665
-399
3122
1281162
28
-4
7
2680
-379
3094
1282187
23
-3
5
2692
-319
3076
1283212
-9
3
2
2682
-373
3126
1284237
-5
4
0
2670
-377
3144
1285262
23
-5
8
2673
-347
3117
1286287
23
-7
11
2691
-329
3103
1279104
-6
-4
5
2682
-333
3148
1280129
-14
-6
8
2663
-368
3136
1281154
16
-13
10
2680
-364
3121
1282179
8
-13
5
2690
-345
3091
1283204
0
-8
3
2671
-371
3101
1284229
8
-2
-1
2686
-381
3100
1285254
-2
1
-6
2688
-372
3085
1286279
-11
1
-11
2684
-387
3116
1287304
15
-6
-10
2663
-351
3142
1288329
27
-9
-6
2677
-331
3119
1289354
3
-7
-8
2681
-335
3103
1290379
-3
-11
-6
2685
-315
3092
1291404
-3
-13
-3
2690
-326
3095
1292429
6
-12
0
2689
-331
3107
1293454
10
-11
1
2685
-335
3109
1294479
7
-12
2
2684
-340
3103
1287297
8
-11
5
2686
-334
3097
1288322
-7
-8
4
2691
-341
3103
1289347
-11
-8
4
2687
-368
3096
1290372
-8
-8
2
2685
-334
3109
1291397
-18
-7
0
2694
-347
3114
1292422
-6
4
2
2692
-363
3107
1293447
-9
21
5
2704
-343
3054
1294472
-2
33
1
2716
-313
3004
1295497
41
34
17
2677
-301
3092
1296522
-14
47
-2
2709
-425
3094
1297547
-20
58
1
2709
-327
3071
1298572
-3
76
9
2679
-288
3087
1299597
-35
105
-6
2701
-435
2980
1300622
60
77
-25
2552
-434
3534
1301647
242
-51
-43
2493
-545
3502
1302672
198
-95
38
2661
-105
3064
1295490
-77
-23
33
2731
-97
2836
1296515
-174
27
15
2759
-523
2842
1297540
38
32
33
2669
-207
3109
1298565
-60
11
25
2537
27
3581
1299590
-392
-38
4
2540
-406
3438
1300615
-257
-102
10
2521
-758
3224
1301640
128
-153
30
2750
-429
2891
1302665
159
-90
36
2805
-98
2834
1303690
-41
-27
31
2793
-431
2932
1304715
-27
9
15
2687
-574
2976
1305740
93
18
-5
2670
-360
3075
1306765
48
34
-17
2688
-337
3147
1307790
29
32
-22
2648
-399
3187
1308815
67
19
-11
2662
-286
3177
1309840
35
14
-4
2670
-277
3169
1310865
14
9
4
2674
-376
3122
1303680
48
1
5
2674
-301
3134
1304705
21
-3
11
2670
-330
3121
1305730
9
-7
11
2673
-337
3165
1306755
-7
-13
15
2666
-310
3158
1307780
-32
-11
13
2662
-369
3122
1308805
-14
-9
8
2684
-399
3091
1309830
9
1
2
2683
-308
3076
1310855
-35
2
-9
2677
-352
3128
1311880
-42
-7
-11
2671
-431
3129
1312905
20
-15
-2
2667
-363
3083
1313930
42
-12
2
2692
-293
3073
1314955
0
1
-1
2689
-298
3100
1315980
-12
8
7
2675
-357
3103
1317005
21
3
7
2679
-363
3115
1318030
34
3
7
2672
-314
3096
1319055
4
7
5
2674
-327
3097
1311872
-15
11
4
2674
-367
3121
1312897
2
9
8
2663
-368
3127
1313922
17
5
2
2672
-352
3153
1314947
14
-1
-5
2671
-339
3138
1315972
13
-4
-2
2670
-327
3129
1316997
3
-1
1
2675
-303
3152
1318022
-11
-4
4
2661
-319
3155
1319047
-3
-16
9
2676
-324
3122
1320072
2
-18
12
2674
-325
3114
1321097
3
-14
13
2669
-342
3123
1322122
2
-15
10
2677
-348
3107
1323147
-1
-13
16
2678
-339
3080
1324172
-10
-8
13
2684
-359
3091
1325197
-13
-3
6
2683
-372
3093
1326222
1
2
5
2681
-356
3088
1327247
12
4
1
2680
-353
3093
1320065
12
7
-4
2680
-334
3097
1321090
1
11
-7
2673
-336
3126
1322115
3
9
-7
2657
-362
3131
1323140
19
6
-9
2664
-328
3144
1324165
11
5
-10
2669
-294
3148
1325190
-5
-1
-8
2665
-335
3137
1326215
2
-7
-3
2669
-325
3133
1327240
7
-12
3
2674
-282
3137
1328265
-13
-14
5
2675
-311
3131
1329290
-15
-15
6
2673
-350
3118
1330315
3
-17
8
2676
-299
3094
1331340
-20
-11
6
2687
-290
3087
1332365
-60
7
3
2713
-311
3095
1333390
-43
29
-1
2702
-298
3134
1334415
-77
36
24
2652
-303
3192
1335440
-166
39
4
2611
-642
3182
1328257
137
3
-18
2609
-382
3138
1329282
332
-67
-27
2686
-57
2997
1330307
-67
-28
37
2868
79
3062
1331332
-440
29
60
2532
-409
3151
1332357
-250
24
44
2637
-1172
2990
1333382
244
42
27
2700
-333
2989
1334407
186
32
12
2693
185
3144
1335432
-240
40
1
2594
-284
3358
1336457
-290
-3
11
2523
-626
3384
1337482
-63
-82
-1
2588
-625
3220
1338507
125
-103
9
2703
-311
2968
1339532
101
-62
17
2778
-163
2878
1340557
-39
-8
21
2754
-467
2978
1341582
-30
14
6
2673
-462
3101
1342607
51
10
16
2663
-343
3162
1343632
61
7
6
2643
-366
3182
1336447
37
-3
-4
2671
-396
3151
1337472
37
3
8
2679
-380
3096
1338497
43
4
21
2673
-329
3105
1339522
-3
4
12
2677
-370
3140
1340547
8
-7
6
2649
-437
3119
1341572
55
-10
1
2673
-366
3134
1342597
18
-7
-4
2666
-359
3140
1343622
-3
-11
-10
2650
-434
3146
1344647
55
-20
-10
2661
-380
3139
1345672
62
-20
-8
2685
-301
3069
1346697
23
-6
-7
2706
-320
3032
1347722
1
7
-12
2687
-342
3111
1348747
-13
8
-11
2669
-349
3129
1349772
12
4
-3
2657
-336
3118
1350797
24
5
-1
2678
-314
3126
1351822
12
7
2
2665
-323
3129
1344640
3
3
4
2682
-343
3128
1345665
2
3
11
2658
-346
3123
1346690
0
0
8
2663
-380
3123
1347715
3
0
5
2669
-368
3124
1348740
20
-4
5
2657
-365
3130
1349765
16
-5
2
2672
-349
3114
1350790
6
-3
1
2674
-357
3121
1351815
7
-4
-2
2668
-347
3124
1352840
13
-7
-1
2672
-319
3102
1353865
6
-6
-1
2678
-317
3110
1354890
2
-3
-2
2663
-341
3126
1355915
12
-5
4
2677
-326
3108
1356940
9
-3
7
2682
-322
3115
1357965
-5
2
7
2663
-328
3119
1358990
-3
-2
6
2666
-364
3137
1360015
12
-5
6
2672
-353
3121
1352832
17
-3
5
2678
-312
3110
1353857
-5
0
1
2671
-339
3116
1354882
-10
-3
-2
2673
-359
3118
1355907
8
-5
1
2664
-335
3119
1356932
13
-5
2
2681
-316
3124
1357957
-2
-5
3
2679
-327
3118
1358982
-7
-4
2
2667
-336
3128
1360007
6
-1
6
2677
-346
3116
1361032
14
4
6
2660
-326
3127
1362057
0
-3
4
2674
-320
3135
1363082
-21
-7
4
2676
-351
3130
1364107
-4
-10
7
2671
-348
3116
1365132
0
-8
4
2677
-327
3114
1366157
-14
1
1
2677
-333
3118
1367182
-8
4
0
2661
-348
3120
1368207
3
14
-1
2681
-338
3106
1361024
13
8
7
2667
-284
3115
1362049
-18
-1
5
2662
-309
3122
1363074
-28
-7
2
2663
-368
3145
1364099
-7
-8
0
2676
-355
3110
1365124
-18
10
0
2700
-309
3090
1366149
-76
31
-10
2723
-269
3050
1367174
-97
64
-14
2671
-356
3054
1368199
-125
76
-14
2708
-427
3159
1369224
-125
85
-33
2632
-582
3311
1370249
230
-35
-48
2404
-431
3365
1371274
369
-117
15
2784
116
3161
1372299
-283
-39
27
2633
132
3084
1373324
-454
-3
19
2648
-1300
2915
1374349
107
33
3
2739
-557
2881
1375374
270
47
38
2744
245
2981
1376399
-113
78
65
2641
-7
3313
1369217
-406
47
44
2489
-284
3649
1370242
-390
-63
52
2431
-751
3372
1371267
55
-168
35
2632
-851
3065
1372292
333
-161
39
2850
-128
2779
1373317
66
-62
38
2782
-162
2872
1374342
-148
6
9
2736
-736
2975
1375367
49
29
-5
2636
-558
3068
1376392
152
17
-21
2675
-294
3143
1377417
71
28
-32
2674
-369
3163
1378442
67
28
-25
2651
-365
3135
1379467
64
18
-16
2668
-304
3114
1380492
24
19
-6
2664
-345
3132
1381517
35
18
2
2667
-338
3151
1382542
42
15
9
2675
-301
3153
1383567
24
15
13
2663
-322
3163
1384592
27
8
25
2640
-334
3171
1377408
24
-3
22
2656
-366
3143
1378433
8
-4
16
2676
-386
3117
1379458
4
-2
8
2667
-363
3114
1380483
1
-2
11
2667
-379
3098
1381508
10
3
9
2660
-375
3094
1382533
10
9
2
2660
-360
3099
1383558
13
14
0
2672
-361
3105
1384583
23
20
3
2656
-374
3119
1385608
37
24
5
2645
-343
3144
1386633
30
22
0
2648
-349
3150
1387658
18
19
-3
2646
-355
3159
1388683
20
14
-4
2636
-366
3175
1389708
35
6
-6
2638
-367
3183
1390733
56
-7
1
2642
-311
3162
1391758
35
-14
-1
2644
-295
3164
1392783
-3
-13
-1
2660
-342
3175
1385599
8
-12
4
2644
-308
3191
1386624
1
-21
5
2645
-301
3170
1387649
-5
-28
3
2651
-345
3141
1388674
3
-30
1
2664
-343
3135
1389699
12
-30
6
2658
-337
3139
1390724
6
-30
10
2649
-337
3154
1391749
5
-31
13
2653
-346
3150
1392774
4
-37
13
2664
-358
3157
1393799
11
-41
11
2659
-367
3142
1394824
39
-48
9
2669
-334
3116
1395849
35
-50
3
2684
-315
3118
1396874
15
-51
0
2677
-329
3132
1397899
21
-50
3
2665
-354
3129
1398924
43
-50
8
2671
-341
3118
1399949
46
-51
11
2698
-310
3082
1400974
28
-44
8
2697
-311
3075
1393792
11
-43
-2
2700
-334
3077
1394817
11
-40
-9
2689
-352
3070
1395842
24
-38
-13
2701
-321
3070
1396867
26
-32
-15
2721
-285
3083
1397892
14
-27
-13
2686
-307
3110
1398917
24
-34
-14
2693
-308
3122
1399942
41
-40
-10
2689
-277
3122
1400967
37
-48
-5
2693
-257
3130
1401992
19
-54
1
2692
-271
3140
1403017
17
-64
9
2707
-278
3124
1404042
10
-71
12
2712
-286
3088
1405067
0
-73
10
2717
-300
3066
1406092
1
-72
8
2726
-314
3068
1407117
-3
-71
7
2725
-324
3043
1408142
-8
-64
10
2744
-333
3008
1409167
-5
-54
6
2754
-334
2990
1401984
-8
-38
-6
2756
-344
2997
1403009
3
-27
-11
2750
-350
3000
1404034
19
-19
-14
2756
-325
3004
1405059
18
-8
-16
2743
-294
3024
1406084
8
-4
-18
2754
-309
3048
1407109
24
-4
-17
2742
-297
3050
1408134
34
-5
-17
2745
-259
3046
1409159
15
-5
-18
2752
-246
3042
1410184
0
-4
-15
2749
-258
3048
1411209
5
-7
-9
2741
-255
3059
1412234
7
-8
-2
2737
-247
3068
1413259
13
-12
4
2730
-273
3059
1414284
36
-17
7
2758
-237
3034
1415309
11
-15
7
2773
-211
3019
1416334
-35
-7
5
2749
-308
3006
1417359
-25
5
-2
2740
-382
3015
1410390
28
10
0
2758
-265
3031
1411415
15
12
5
2760
-230
3029
1412440
-29
22
-4
2745
-310
3032
1413465
-5
21
-8
2737
-318
3057
1414490
19
18
-1
2745
-274
3066
1415515
-10
20
-3
2735
-242
3080
1416540
-15
26
14
2725
-180
3037
1417565
-6
23
37
2734
-268
3039
1418590
-21
25
22
2750
-350
3065
1419615
-5
24
14
2708
-316
3080
1420640
12
15
8
2723
-308
3079
1421665
12
12
5
2717
-303
3067
1422690
1
11
-2
2715
-292
3075
1423715
-7
10
-4
2715
-313
3100
1424740
10
2
-5
2717
-292
3109
1425765
21
-10
-3
2726
-241
3083
1418368
-1
-12
-3
2732
-242
3078
1419393
-13
-15
-1
2738
-261
3067
1420418
-7
-15
5
2737
-273
3060
1421443
2
-14
9
2734
-260
3055
1422468
3
-15
14
2729
-248
3053
1423493
-8
-12
12
2739
-286
3047
1424518
-4
-7
8
2731
-300
3047
1425543
8
-5
10
2737
-301
3031
1426568
6
0
9
2746
-294
3015
1427593
-7
11
2
2741
-289
3034
1428618
-8
16
-2
2715
-319
3085
1429643
21
9
-3
2724
-277
3084
1430668
14
5
-3
2732
-252
3058
1431693
-15
6
-4
2737
-253
3053
1432718
-23
9
-3
2727
-275
3063
1433743
-4
8
0
2724
-272
3063
1426560
10
8
4
2727
-262
3062
1427585
6
11
6
2724
-268
3065
1428610
0
12
7
2726
-279
3076
1429635
-2
9
7
2717
-273
3071
1430660
-8
10
7
2709
-295
3077
1431685
-11
9
5
2716
-321
3076
1432710
-13
9
2
2721
-300
3061
1433735
-24
12
-6
2720
-305
3063
1434760
-16
13
-12
2727
-321
3050
1435785
-3
16
-20
2722
-284
3058
1436810
-4
18
-24
2725
-261
3047
1437835
-15
24
-22
2734
-240
3029
1438860
-27
35
-17
2728
-236
3036
1439885
-38
47
-11
2715
-292
3061
1440910
-22
49
-7
2690
-301
3087
1441935
-3
47
-3
2695
-273
3101
1434752
-9
46
-4
2702
-293
3095
1435777
-14
46
-7
2692
-298
3092
1436802
-20
45
-10
2687
-297
3101
1437827
-22
43
-14
2693
-292
3124
1438852
-12
37
-16
2681
-294
3131
1439877
-11
36
-14
2682
-286
3102
1440902
-17
39
-15
2695
-248
3108
1441927
-32
36
-13
2688
-256
3130
1442952
-30
34
-10
2668
-295
3119
1443977
-8
31
-5
2684
-262
3103
1445002
-16
35
-4
2692
-216
3109
1446027
-39
36
-3
2691
-259
3092
1447052
-24
38
1
2670
-295
3094
1448077
3
38
-1
2650
-302
3157
1449102
1
34
-6
2666
-289
3174
1450127
-10
30
2
2657
-279
3140
1442945
-23
31
5
2670
-307
3088
1443970
-22
37
-1
2665
-280
3107
1444995
-28
33
-11
2641
-315
3210
1446020
-23
15
-8
2627
-335
3210
1447045
6
0
6
2643
-280
3133
1448070
3
5
8
2678
-245
3096
1449095
-14
12
4
2661
-236
3157
1450120
-48
9
-2
2636
-297
3198
1451145
-26
0
-1
2626
-304
3189
1452170
17
-7
1
2633
-261
3156
1453195
22
-6
3
2662
-269
3117
1454220
5
0
6
2659
-273
3106
1455245
-11
5
10
2659
-272
3137
1456270
-11
4
10
2640
-318
3161
1457295
15
1
9
2637
-309
3143
1458320
21
-1
10
2646
-262
3141
1451135
3
-5
5
2719
-292
3146
1452160
-7
9
13
2566
-284
3153
1453185
6
-7
9
2648
-273
3163
1454210
11
-5
13
2681
-313
3156
1455235
9
-3
14
2630
-280
3152
1456260
-2
-7
7
2649
-289
3169
1457285
4
-12
4
2643
-303
3183
1458310
14
-18
8
2640
-276
3148
1459335
12
-16
8
2659
-268
3148
1460360
10
-17
11
2662
-283
3148
1461385
0
-18
13
2642
-272
3133
1462410
2
-19
13
2671
-305
3118
1463435
8
-11
14
2653
-289
3103
1464460
-7
-4
12
2653
-280
3100
1465485
-15
3
16
2674
-311
3122
1466510
6
9
26
2644
-285
3123
1459328
20
8
27
2699
-222
3066
1460353
-23
24
21
2661
-278
3087
1461378
-37
35
11
2633
-334
3150
1462403
8
30
15
2654
-326
3161
1463428
16
29
15
2642
-297
3160
1464453
-15
29
7
2621
-319
3170
1465478
-18
22
-1
2632
-364
3192
1466503
10
16
-5
2611
-310
3203
1467528
-3
7
-8
2627
-274
3189
1468553
-20
0
-7
2632
-301
3186
1469578
4
-9
-1
2639
-288
3171
1470603
15
-11
3
2645
-253
3151
1471628
5
-11
5
2640
-241
3150
1472653
-2
-13
11
2641
-283
3143
1473678
11
-12
18
2654
-297
3137
1474703
15
-11
19
2644
-274
3159
1467520
-4
-12
14
2622
-303
3168
1468545
0
-15
11
2643
-356
3146
1469570
15
-14
4
2641
-320
3150
1470595
5
-13
-1
2639
-295
3150
1471620
-10
-15
-7
2652
-318
3145
1472645
-5
-14
-8
2644
-296
3149
1473670
4
-16
-12
2650
-280
3154
1474695
12
-17
-7
2644
-292
3153
1475720
23
-18
-1
2649
-259
3144
1476745
8
-19
0
2651
-236
3154
1477770
-22
-18
1
2641
-296
3154
1478795
-7
-19
4
2641
-309
3143
1479820
10
-23
5
2655
-278
3137
1480845
-3
-21
4
2648
-281
3144
1481870
-7
-24
2
2665
-303
3145
1482895
6
-24
3
2653
-298
3125
1475712
5
-23
1
2658
-283
3122
1476737
-5
-19
-2
2658
-306
3127
1477762
0
-17
-3
2650
-308
3152
1478787
9
-20
-1
2666
-270
3141
1479812
2
-20
1
2670
-274
3117
1480837
-4
-17
-1
2669
-295
3113
1481862
2
-15
0
2677
-277
3122
1482887
-1
-13
1
2664
-289
3131
1483912
5
-14
2
2663
-287
3124
1484937
9
-10
4
2661
-289
3122
1485962
3
-8
2
2672
-284
3113
1486987
1
-4
1
2673
-295
3114
1488012
5
-5
-2
2664
-283
3135
1489037
3
-7
-3
2659
-278
3128
1490062
1
-6
-3
2671
-275
3119
1491087
2
-5
-2
2670
-264
3129
1483905
2
-7
2
2671
-268
3143
1484930
1
-8
1
2676
-257
3136
1485955
1
-8
4
2665
-255
3112
1486980
0
-8
5
2670
-276
3125
1488005
0
-6
6
2670
-284
3132
1489030
3
-4
10
2662
-292
3123
1490055
5
-3
10
2665
-287
3129
1491080
-2
-3
7
2669
-291
3120
1492105
-11
-3
3
2671
-293
3116
1493130
-6
-2
0
2667
-297
3113
1494155
0
0
-1
2671
-270
3101
1495180
0
3
-1
2671
-278
3113
1496205
2
5
0
2668
-264
3123
1497230
-1
8
4
2663
-273
3113
1498255
-2
12
6
2669
-290
3117
1499280
5
13
5
2662
-282
3138
1492096
7
9
4
2660
-278
3147
1493121
3
5
1
2663
-277
3146
1494146
-4
2
0
2651
-295
3141
1495171
-1
1
-1
2647
-287
3153
1496196
7
-5
3
2655
-267
3154
1497221
-2
-8
4
2653
-262
3139
1498246
-5
-11
4
2665
-274
3128
1499271
-5
-12
2
2658
-282
3136
1500296
1
-13
6
2648
-276
3138
1501321
0
-14
6
2671
-273
3125
1502346
-8
-11
8
2672
-268
3116
1503371
-10
-10
5
2668
-276
3141
1504396
5
-13
6
2656
-271
3140
1505421
22
-19
9
2664
-249
3129
1506446
22
-18
10
2667
-248
3144
1507471
9
-21
18
2669
-234
3159
1500288
-3
-24
26
2667
-262
3142
1501313
3
-28
32
2666
-295
3118
1502338
11
-30
28
2669
-292
3143
1503363
5
-33
23
2676
-309
3128
1504388
2
-31
22
2675
-316
3091
1505413
-1
-30
15
2693
-284
3092
1506438
-13
-25
7
2689
-307
3093
1507463
-4
-22
4
2693
-302
3074
1508488
4
-15
2
2690
-270
3058
1509513
0
-4
3
2690
-277
3064
1510538
-2
6
1
2688
-289
3082
1511563
5
9
-1
2681
-286
3103
1512588
9
10
0
2681
-285
3112
1513613
7
11
-1
2675
-279
3134
1514638
-3
7
-2
2668
-274
3142
1515663
-10
0
-3
2671
-292
3143
1508480
-6
-6
-2
2674
-295
3129
1509505
1
-9
1
2679
-273
3122
1510530
-2
-11
3
2680
-257
3125
1511555
-6
-13
5
2689
-259
3115
1512580
-2
-11
9
2687
-270
3092
1513605
0
-6
8
2684
-285
3101
1514630
8
-5
10
2685
-274
3103
1515655
1
-7
10
2695
-259
3100
1516680
-24
-4
5
2675
-319
3093
1517705
2
-3
3
2665
-322
3118
1518730
25
-5
4
2695
-260
3092
1519755
-2
2
4
2685
-263
3093
1520780
-20
4
-1
2675
-291
3131
1521805
3
0
3
2673
-303
3126
1522830
21
-3
2
2678
-251
3130
1523855
-2
-5
5
2683
-243
3116
1516672
-21
-3
11
2680
-307
3112
1517697
2
-7
13
2683
-287
3122
1518722
0
-10
12
2681
-258
3113
1519747
-20
-5
7
2683
-293
3093
1520772
-11
-2
4
2696
-305
3102
1521797
2
-3
5
2687
-292
3112
1522822
1
-2
3
2686
-267
3090
1523847
-12
4
0
2685
-310
3084
1524872
-8
6
-5
2671
-285
3134
1525897
4
0
4
2679
-281
3099
1526922
42
-3
14
2694
-236
3060
1527947
28
-9
15
2678
-210
3156
1528972
-65
-7
-9
2652
-413
3194
1529997
-3
-16
-5
2665
-325
3142
1531022
53
-27
8
2677
-162
3111
1532047
-8
-20
5
2707
-196
3078
1524864
-37
-7
12
2684
-273
3072
1525889
6
-3
20
2690
-313
3074
1526914
27
0
18
2705
-268
3082
1527939
-11
7
10
2681
-285
3114
1528964
-18
9
4
2673
-362
3100
1529989
20
7
2
2681
-312
3102
1531014
6
7
-4
2676
-265
3112
1532039
-19
9
-10
2672
-290
3128
1533064
-3
5
-7
2675
-295
3108
1534089
17
4
-4
2686
-252
3102
1535114
3
5
-1
2686
-237
3119
1536139
-11
7
4
2670
-269
3131
1537164
1
4
9
2672
-284
3122
1538189
8
2
8
2678
-270
3127
1539214
0
0
8
2680
-286
3136
1540239
1
-3
4
2684
-289
3105
1533056
2
0
2
2665
-279
3119
1534081
3
-5
2
2676
-272
3123
1535106
5
-6
5
2682
-274
3114
1536131
2
-2
6
2684
-268
3105
1537156
-3
-2
3
2681
-263
3118
1538181
-9
-3
7
2667
-299
3120
1539206
4
-4
12
2667
-287
3116
1540231
1
-3
12
2684
-268
3107
1541256
-7
-2
9
2690
-280
3104
1542281
-11
1
4
2680
-296
3102
1543306
0
3
3
2673
-289
3094
1544331
5
6
1
2675
-283
3114
1545356
3
6
0
2675
-285
3119
1546381
7
8
1
2679
-296
3107
1547406
5
8
-2
2678
-285
3130
1548431
3
6
-2
2672
-278
3133
1541247
-1
2
-3
2672
-272
3131
1542272
-8
2
-3
2662
-266
3129
1543297
-5
-1
-3
2667
-275
3136
1544322
8
-4
1
2679
-252
3115
1545347
3
-3
6
2678
-233
3104
1546372
-16
1
6
2674
-273
3113
1547397
-6
2
8
2668
-289
3127
1548422
12
2
12
2668
-267
3119
1549447
2
4
10
2672
-275
3128
1550472
-9
5
4
2671
-312
3123
1551497
-4
3
-3
2665
-305
3129
1552522
-79
25
-56
2858
-587
3006
1553547
-288
199
-324
2669
-256
3088
1554572
-245
177
-304
2626
-108
3128
1555597
-438
93
-327
2990
-180
3092
1556622
-73
298
-265
2130
-22
3267
1549545
83
70
-4
2549
-446
3149
1550570
-200
-35
-34
2642
-299
3187
1551595
-199
-53
-58
2642
-221
3177
1552620
-153
-17
-86
2647
-292
3214
1553645
-128
-65
-15
2656
-310
3169
1554670
-161
36
-36
2651
-356
3233
1555695
254
113
83
2446
-233
3278
1556720
288
-12
57
2630
-131
3199
1557745
-116
-114
-178
2800
-90
3101
1558770
-412
-27
-344
2313
-506
3174
1559795
-175
106
-21
2567
-505
3192
1560820
29
70
190
2852
-371
3199
1561845
79
41
-1
2897
-236
3094
1562870
-86
335
31
2654
-294
3215
1563895
215
354
214
2196
-189
3216
1564920
44
-124
-451
2587
-2
3128
1557632
-580
-244
-810
2785
-283
3118
1558657
-662
97
-265
2683
-153
3198
1559682
-434
47
-253
2406
-494
3173
1560707
-439
-104
-405
2638
-331
3121
1561732
-607
34
-244
3059
-119
3198
1562757
-207
384
-125
2069
-638
3302
1563782
256
297
-49
1938
-606
3224
1564807
103
-363
-113
2582
13
3257
1565832
-358
-264
-669
2910
-95
3222
1566857
-756
-94
-808
3002
-459
3258
1567882
-260
-115
-345
2478
-522
3173
1568907
-6
-195
-203
2274
-280
3151
1569932
5
-131
-339
2566
-93
3140
1570957
-164
-59
-461
2776
-164
3124
1571982
-45
133
-168
2715
-373
3157
1573007
203
190
104
2518
-154
3189
1565824
62
102
-207
2527
-90
3219
1566849
-3
87
-425
2746
18
3212
1567874
-50
133
-277
2553
-118
3236
1568899
-37
193
-167
2387
-121
3237
1569924
-151
184
-450
2644
-81
3263
1570949
-203
52
-466
2697
-153
3242
1571974
-36
-56
-393
2500
-185
3209
1572999
13
37
-521
2661
-73
3235
1574024
43
159
-556
2988
2
3228
1575049
-152
47
-15
2739
-38
3190
1576074
-186
-243
550
2530
-111
3188
1577099
343
-330
1011
2840
111
3307
1578124
1370
-274
1552
2360
121
3323
1579149
1764
-233
1713
1891
-412
3226
1580174
851
-283
1364
2884
-398
2744
1581199
-60
288
714
2815
-177
3335
1574017
858
166
927
1866
-211
3273
1575042
655
-248
463
2482
666
3223
1576067
-55
-309
328
3223
-460
3106
1577092
-85
-17
149
2782
-667
3115
1578117
123
-6
51
2402
19
3172
1579142
76
-80
63
2779
-143
3117
1580167
-1
-28
49
2650
-233
3100
1581192
22
-25
44
2642
-146
3105
1582217
9
-16
44
2693
-260
3113
1583242
52
22
84
3000
-268
3043
1584267
31
189
173
2341
-194
3156
1585292
6
-20
-19
2760
-227
3093
1586317
-130
128
-149
4008
-1041
2933
1587342
26
519
-374
2067
344
3258
1588367
-109
199
-153
1671
163
3282
1589392
-420
-113
-194
2244
27
3262
1582209
-162
114
-218
2585
-87
3255
1583234
31
-28
-375
2692
13
3219
1584259
-91
-239
-268
2766
-454
3177
1585284
-66
-171
-307
2461
-93
3193
1586309
-221
-135
-284
2779
22
3147
1587334
-324
16
-329
2938
-172
3184
1588359
-466
127
-330
2430
26
3177
1589384
-235
-183
-251
2556
-524
3102
1590409
-260
-169
-483
2644
-381
3136
1591434
-216
44
-461
2527
372
3214
1592459
-201
132
-236
2347
-116
3266
1593484
-256
85
-19
3083
-836
3187
1594509
-114
144
-178
2879
134
3193
1595534
-325
91
-322
2454
57
3258
1596559
-725
-310
-118
1976
-369
3133
1597584
-366
-431
-23
2757
-169
3120
1590400
-250
-137
-111
3319
-38
3106
1591425
-148
197
-364
2451
-200
3124
1592450
155
272
-186
1759
-287
3183
1593475
237
-57
275
2542
-377
3184
1594500
158
-68
254
3188
-506
3146
1595525
494
407
-87
2853
264
3284
1596550
370
332
97
2015
191
3297
1597575
241
-121
491
2316
-354
3221
1598600
206
-476
636
3339
-114
3100
1599625
16
-135
310
3225
-314
3081
1600650
122
236
-71
2236
29
3177
1601675
226
6
104
2215
-175
3109
1602700
348
-192
250
2807
-115
3028
1603725
453
32
130
2927
-16
3113
1604750
356
374
-23
2142
-292
3238
1605775
267
70
-111
2106
19
3264
1598592
297
-149
118
2722
-78
3231
1599617
205
-257
59
3134
302
3120
1600642
-228
82
-447
2557
-316
3246
1601667
-81
100
-253
2204
-189
3314
1602692
-126
-197
172
2500
59
3216
1603717
-225
-17
194
3069
-98
3231
1604742
-330
113
115
2910
-199
3192
1605767
-550
-4
-56
2208
-303
3173
1606792
-553
-215
51
2424
116
3142
1607817
-327
-216
88
2884
-266
3088
1608842
-218
74
-322
2716
-52
3138
1609867
-86
124
-271
2335
-143
3146
1610892
20
-92
-39
2307
-370
3148
1611917
-48
-400
24
2901
-27
3073
1612942
-263
-272
74
3310
279
3010
1613967
-110
319
100
2861
-235
3152
1606784
-373
190
-49
2196
-467
3169
1607809
-95
-104
249
2245
-375
3161
1608834
392
-39
302
2899
-545
3170
1609859
202
9
-110
2959
-212
3121
1610884
-817
-171
-277
2624
-406
3070
1611909
-143
8
72
2142
-365
3179
1612934
1184
283
452
2434
602
3233
1613959
810
85
264
3264
-339
3172
1614984
-337
-79
90
2447
-584
3101
1616009
275
-110
221
2524
-13
3182
1617034
421
-74
245
2912
-411
3155
1618059
-256
-13
-283
2890
-585
3080
1619084
-800
-52
-654
2381
194
3129
1620109
-62
53
-69
2070
113
3196
1621134
702
39
53
2822
-125
3225
1622159
28
33
21
3026
-730
3106
1614976
-155
-54
-147
2647
109
3128
1616001
-49
-182
122
2457
-29
3125
1617026
299
-90
244
2605
-347
3158
1618051
21
-94
70
2807
-332
3061
1619076
-203
-163
-93
2700
-67
3028
1620101
-148
-99
19
2682
-252
3066
1621126
221
101
65
2481
118
3133
1622151
591
317
204
3047
-823
3051
1623176
262
200
-138
2556
505
3142
1624201
451
-24
489
2004
365
3221
1625226
315
-196
904
3117
-482
3057
1626251
-354
-20
-175
2734
-5
3110
1627276
-451
164
-484
2749
100
3181
1628301
-489
225
-408
2466
-793
3260
1629326
-317
86
-281
2498
-183
3202
1630351
