Device = VHR-0009
time_stamp = 1780036729502
sample_rate = 50
Data format = INT16
TYPE = 6-AXIS IMU RAW DATA
6
-83
29
280
464
4136
3093121
8
-83
26
284
465
4165
3094146
22
-78
23
292
464
4185
3095171
30
-72
17
302
443
4197
3096196
34
-74
11
302
474
4215
3097221
36
-79
6
294
459
4214
3098246
30
-83
-5
299
439
4171
3099271
23
-82
-15
298
435
4158
3100296
33
-78
-28
296
433
4166
3101321
45
-77
-46
299
434
4182
3102346
30
-74
-63
333
453
4129
3103371
15
-67
-74
350
508
4091
3104396
11
-59
-83
369
520
4111
3105421
15
-48
-82
388
541
4140
3106446
-1
-36
-75
387
577
4099
3107471
-14
-23
-67
386
602
4079
3108496
-16
-10
-53
376
598
4089
3101313
-3
6
-42
357
592
4114
3102338
7
22
-33
344
597
4134
3103363
13
30
-21
338
614
4156
3104388
8
30
-9
332
604
4164
3105413
2
28
3
326
576
4192
3106438
2
21
14
332
565
4223
3107463
7
16
24
331
564
4218
3108488
3
11
28
332
536
4207
3109513
-3
2
29
328
531
4213
3110538
0
-8
28
330
544
4237
3111563
4
-18
29
340
501
4235
3112588
14
-26
32
338
537
4197
3113613
1
-35
27
334
537
4192
3114638
2
-43
20
330
512
4224
3115663
20
-43
21
339
541
4193
3116688
20
-48
18
334
536
4182
3109679
11
-55
15
348
541
4173
3110704
5
-54
17
353
538
4153
3111729
6
-52
16
359
523
4165
3112754
17
-49
14
375
538
4169
3113779
21
-45
12
373
546
4169
3114804
11
-43
13
366
515
4142
3115829
20
-43
12
379
537
4141
3116854
15
-42
9
382
529
4156
3117879
0
-39
1
386
503
4156
3118904
14
-36
-4
391
531
4164
3119929
28
-34
-3
388
541
4156
3120954
26
-32
-3
397
538
4169
3121979
31
-32
4
396
577
4179
3123004
21
-35
2
387
561
4191
3124029
16
-46
-3
401
561
4196
3125054
37
-48
2
403
607
4180
3117696
33
-49
6
389
592
4139
3118721
20
-51
6
400
566
4138
3119746
20
-50
7
418
576
4153
3120771
25
-43
11
420
587
4119
3121796
21
-32
10
427
570
4124
3122821
21
-30
8
406
576
4165
3123846
18
-34
3
414
573
4166
3124871
6
-28
0
433
574
4110
3125896
-11
-25
-7
436
566
4102
3126921
-22
-22
-4
437
639
4138
3127946
-27
-27
-5
429
575
4177
3128971
-5
-29
-7
437
546
4190
3129996
4
-31
-3
440
599
4154
3131021
0
-35
4
439
564
4126
3132046
3
-35
13
439
613
4120
3133071
-10
-36
15
443
594
4148
3125889
-22
-32
8
449
498
4167
3126914
24
-13
10
460
556
4147
3127939
47
0
13
452
607
4111
3128964
18
1
9
454
607
4134
3129989
5
-6
10
455
616
4185
3131014
8
-16
5
446
542
4200
3132039
47
-10
4
450
550
4160
3133064
37
-2
5
437
626
4103
3134089
-11
-7
9
432
601
4115
3135114
11
0
10
426
552
4162
3136139
26
5
4
431
594
4166
3137164
2
-1
3
450
594
4156
3138189
5
-4
5
463
581
4167
3139214
4
-8
4
476
613
4134
3140239
2
-7
6
461
601
4128
3141264
3
-5
1
439
587
4153
3134080
13
-5
5
434
596
4135
3135105
31
-4
12
440
636
4145
3136130
23
1
16
432
612
4148
3137155
13
2
19
427
589
4141
3138180
19
-4
19
441
606
4190
3139205
26
-10
16
449
612
4180
3140230
12
-15
14
464
615
4122
3141255
-2
-16
15
462
633
4122
3142280
0
-19
18
458
622
4144
3143305
-12
-19
13
457
581
4156
3144330
-14
-19
17
451
587
4136
3145355
14
-21
20
434
599
4156
3146380
12
-21
9
447
610
4156
3147405
1
-20
8
460
567
4119
3148430
11
-13
5
457
578
4138
3149455
20
-9
5
462
617
4164
3142271
28
-9
11
459
637
4161
3143296
13
-14
9
470
605
4165
3144321
1
-2
13
466
643
4134
3145346
-16
6
19
461
610
4085
3146371
7
8
25
460
626
4127
3147396
30
11
24
462
629
4161
3148421
15
14
28
469
638
4121
3149446
-14
23
43
443
687
4080
3150471
-42
22
34
438
594
4101
3151496
-11
25
21
454
570
4144
3152521
13
22
16
436
610
4183
3153546
-34
18
7
444
603
4225
3154571
-82
4
15
463
592
4218
3155596
-69
-1
37
468
609
4137
3156621
-29
2
38
453
600
4090
3157646
-12
13
32
431
607
4084
3150465
-12
27
26
439
576
4106
3151490
-2
30
27
438
571
4125
3152515
-8
23
19
440
571
4164
3153540
-58
8
-3
457
486
4161
3154565
-34
-3
-12
461
493
4205
3155590
45
-9
-17
449
583
4225
3156615
55
-4
-16
437
666
4197
3157640
-9
-8
-12
433
591
4123
3158665
-54
-4
-2
440
592
4076
3159690
-53
9
9
429
586
4084
3160715
-17
20
10
434
578
4155
3161740
19
24
11
435
652
4252
3162765
-39
22
20
435
701
4173
3163790
-94
21
29
401
605
4072
3164815
-113
31
19
431
544
4036
3165840
-115
55
8
437
554
4054
3158656
-93
70
-9
490
378
4124
3159681
-95
128
7
584
633
4175
3160706
-340
81
104
545
714
4252
3161731
-316
23
119
188
214
4368
3162756
401
-1
-23
-30
196
4794
3163781
306
-70
66
424
804
4805
3164806
-174
-133
23
445
637
3764
3165831
-313
-121
38
494
760
3725
3166856
-447
-74
37
366
607
3963
3167881
-181
-122
31
315
260
4538
3168906
89
-166
-22
409
133
4679
3169931
168
-164
-22
546
551
4001
3170956
8
-116
-2
679
717
3530
3171981
-128
-58
-15
453
225
3837
3173006
13
-12
-40
459
90
4187
3174031
266
21
-32
472
472
4370
3166848
181
-12
-42
473
445
4241
3167873
50
-27
-63
539
390
4049
3168898
61
-1
-57
522
498
4086
3169923
79
9
-49
480
613
4155
3170948
106
1
-37
476
596
4147
3171973
115
4
-43
465
586
4151
3172998
73
2
-27
475
617
4148
3174023
47
-6
-9
467
618
4177
3175048
60
-8
6
477
631
4193
3176073
90
-18
18
468
652
4229
3177098
93
-33
20
447
623
4246
3178123
47
-46
17
472
568
4188
3179148
42
-47
27
480
581
4138
3180173
63
-49
35
477
587
4170
3181198
27
-56
17
496
528
4173
3182223
9
-51
12
511
541
4118
3175041
3
-42
11
528
569
4065
3176066
6
-39
2
538
548
4130
3177091
-9
-35
-12
560
572
4181
3178116
-24
-32
-5
547
549
4086
3179141
2
-22
0
518
558
4043
3180166
5
-12
-3
489
586
4157
3181191
-40
-6
-18
483
552
4298
3182216
-44
3
-35
491
515
4192
3183241
30
12
-16
486
559
4108
3184266
44
-1
-1
491
603
4129
3185291
19
-16
-1
522
596
4191
3186316
-26
-26
-32
553
509
4215
3187341
-14
-24
-56
668
521
4116
3188366
8
-20
-30
714
580
4091
3189391
-20
-26
-4
695
582
4139
3190416
-68
-30
-1
681
560
4117
3183233
-70
-38
-18
686
506
4129
3184258
-15
-29
-31
691
519
4157
3185283
24
-20
-14
618
547
4119
3186308
12
-18
11
525
616
3999
3187333
-66
-16
13
387
687
3978
3188358
-177
-11
-37
297
508
4027
3189383
-142
6
-83
288
455
4085
3190408
-16
24
-90
273
633
4194
3191433
12
29
-75
265
693
4190
3192458
-43
37
-46
328
620
4101
3193483
-54
41
-22
432
494
4139
3194508
22
37
5
481
606
4293
3195533
36
15
27
502
623
4361
3196558
13
-12
30
532
476
4303
3197583
47
-29
26
549
525
4251
3198608
35
-55
20
550
592
4233
3191424
-2
-81
11
567
530
4173
3192449
25
-84
5
550
607
4131
3193474
22
-89
-16
567
634
4114
3194499
2
-78
-18
562
610
4037
3195524
-9
-55
-12
553
612
3956
3196549
-17
-18
-1
584
632
3909
3197574
-57
89
2
685
769
3777
3198599
-263
157
66
593
788
3887
3199624
-422
119
117
385
300
3957
3200649
250
102
-27
-36
92
4745
3201674
448
46
-15
468
739
5209
3202699
-339
-47
21
678
449
3822
3203724
-255
-6
57
658
761
3268
3204749
-323
72
81
527
636
3589
3205774
-322
83
84
354
490
4526
3206799
-325
-20
-27
419
202
5001
3199616
-70
-85
-1
464
44
4553
3200641
271
-145
13
726
586
4140
3201666
109
-118
-4
662
640
3915
3202691
-106
-82
-26
471
199
4101
3203716
-33
-51
-23
526
292
4262
3204741
78
-64
4
513
403
4216
3205766
132
-74
-13
480
442
4200
3206791
77
-66
-47
512
453
4103
3207816
13
-55
-45
527
407
4077
3208841
20
-38
-35
600
466
4031
3209866
52
-17
-5
574
564
4020
3210891
31
-7
-2
529
511
4090
3211916
-11
3
-20
568
428
4112
3212941
4
16
-16
577
446
4147
3213966
28
19
-13
566
479
4169
3214991
26
20
-15
558
453
4141
3207808
25
20
-32
533
396
4154
3208833
48
20
-40
529
462
4171
3209858
51
12
-42
533
474
4201
3210883
47
2
-41
535
455
4197
3211908
38
2
-44
538
476
4177
3212933
8
-2
-49
534
465
4175
3213958
14
-2
-43
554
537
4147
3214983
7
1
-38
531
552
4100
3216008
2
-7
-55
510
499
4159
3217033
16
-2
-65
518
533
4204
3218058
23
-11
-59
520
537
4163
3219083
43
-11
-51
529
581
4127
3220108
6
-4
-52
530
508
4072
3221133
2
6
-48
539
521
4127
3222158
21
8
-38
534
554
4169
3223183
-7
7
-31
568
539
4147
3216000
-12
8
-17
551
547
4143
3217025
14
13
-7
522
557
4143
3218050
21
11
-1
516
531
4144
3219075
22
15
4
511
561
4138
3220100
6
10
4
527
535
4164
3221125
3
8
7
518
535
4164
3222150
17
8
11
516
524
4165
3223175
26
5
8
509
530
4189
3224200
25
7
9
517
535
4171
3225225
21
2
10
501
538
4157
3226250
17
-9
8
527
552
4145
3227275
0
-7
18
524
557
4096
3228300
-14
3
24
525
576
4089
3229325
-35
9
20
507
519
4152
3230350
-20
3
3
500
409
4242
3231375
-9
2
-5
523
508
4267
3224192
-40
-5
9
527
526
4138
3225217
-28
-2
11
500
539
4069
3226242
-10
-1
-7
506
534
4120
3227267
2
2
-12
526
530
4153
3228292
21
2
-2
516
537
4162
3229317
24
3
7
523
535
4139
3230342
17
2
15
488
532
4169
3231367
10
-2
8
495
489
4194
3232392
27
-5
3
508
514
4173
3233417
27
-19
3
511
526
4177
3234442
38
-29
2
506
538
4206
3235467
32
-31
0
516
563
4176
3236492
22
-28
1
519
544
4129
3237517
27
-14
7
516
568
4090
3238542
36
-17
12
510
557
4151
3239567
35
-22
13
524
565
4196
3232383
11
-29
16
528
559
4176
3233408
9
-32
20
532
565
4146
3234433
22
-29
26
519
580
4127
3235458
19
-29
25
524
553
4118
3236483
23
-28
18
525
539
4147
3237508
24
-26
15
543
567
4128
3238533
18
-21
17
540
566
4141
3239558
1
-19
19
536
537
4164
3240583
1
-19
16
541
510
4137
3241608
33
-19
11
537
555
4152
3242633
27
-25
4
545
581
4179
3243658
-2
-31
7
554
577
4138
3244683
-1
-32
14
555
573
4130
3245708
-12
-19
16
568
657
4045
3246733
-108
19
6
608
742
3966
3247758
-308
77
-13
642
431
4163
3240576
-462
42
48
596
167
4186
3241601
-72
-20
29
233
221
4096
3242626
808
-13
-70
479
487
4427
3243651
-18
-12
-68
492
1235
4825
3244676
-912
-102
-58
734
90
3787
3245701
-392
-44
37
611
585
3746
3246726
-120
-10
55
535
975
3833
3247751
-255
-8
47
456
585
4280
3248776
-304
-66
5
399
68
4888
3249801
27
-156
20
623
5
4320
3250826
335
-109
63
805
726
3695
3251851
61
-43
57
483
598
3834
3252876
-103
-42
27
554
183
4202
3253901
64
-18
24
584
309
4395
3254926
92
-35
8
601
370
4269
3255951
73
-44
15
661
398
4005
3248769
104
-3
38
627
481
3832
3249794
98
33
33
603
446
3916
3250819
67
62
22
600
491
4112
3251844
5
55
12
590
418
4244
3252869
-3
47
14
610
415
4114
3253894
49
54
27
587
508
4022
3254919
39
56
12
562
488
4176
3255944
14
52
4
567
417
4271
3256969
37
44
11
555
416
4285
3257994
42
36
13
556
483
4212
3259019
5
29
25
556
550
4111
3260044
-29
21
29
538
508
4191
3261069
-11
18
20
540
439
4225
3262094
23
13
23
548
470
4183
3263119
21
2
29
553
494
4149
3264144
5
-1
26
560
468
4154
3256959
9
4
20
553
462
4127
3257984
12
8
9
539
417
4135
3259009
19
9
-1
556
414
4158
3260034
27
12
1
542
453
4156
3261059
14
15
-1
536
467
4133
3262084
4
13
-6
535
476
4168
3263109
18
4
-10
537
471
4229
3264134
32
-2
-3
540
494
4209
3265159
18
-17
4
532
503
4205
3266184
5
-20
5
545
524
4169
3267209
1
-22
10
553
505
4142
3268234
12
-25
11
545
469
4171
3269259
27
-27
16
546
507
4181
3270284
11
-26
20
541
500
4090
3271309
1
-16
14
536
467
4097
3272334
3
-15
-1
553
455
4192
3265152
16
-19
3
567
486
4180
3266177
12
-15
6
571
484
4101
3267202
4
-13
4
581
475
4117
3268227
4
-7
3
564
508
4160
3269252
-12
-9
3
557
452
4131
3270277
6
-8
1
555
471
4127
3271302
19
-5
-5
569
482
4115
3272327
16
5
-9
559
498
4122
3273352
13
11
-10
564
536
4131
3274377
3
8
-4
557
533
4146
3275402
-7
10
-4
544
503
4153
3276427
1
14
-2
553
493
4121
3277452
7
17
0
547
530
4157
3278477
-9
12
3
551
495
4172
3279502
-14
11
5
551
482
4164
3280527
-20
12
7
553
482
4137
3273344
-16
12
2
544
426
4154
3274369
15
8
-4
543
477
4195
3275394
10
-1
-9
552
528
4169
3276419
-6
-5
-8
544
505
4147
3277444
0
-3
-8
547
506
4140
3278469
16
-1
-5
533
515
4149
3279494
31
1
-4
526
498
4163
3280519
33
-2
-6
539
494
4172
3281544
24
-3
-2
543
507
4161
3282569
17
-7
3
544
507
4141
3283594
29
-6
2
538
524
4153
3284619
11
-7
-3
542
501
4158
3285644
8
-2
-1
547
502
4134
3286669
20
3
0
542
504
4126
3287694
11
8
-1
551
527
4133
3288719
-2
30
3
582
528
4157
3281535
-49
65
11
512
567
4181
3282560
-113
75
14
572
523
4163
3283585
-149
120
35
631
540
3918
3284610
-40
114
120
331
733
3876
3285635
279
61
37
154
362
4427
3286660
92
14
-26
614
408
4798
3287685
-368
-36
41
666
517
4128
3288710
-371
-34
91
635
520
3778
3289735
-259
-6
84
449
344
4036
3290760
-218
-73
-3
413
325
4714
3291785
-191
-123
-51
526
223
4478
3292810
145
-136
1
579
368
4023
3293835
241
-112
8
562
538
3921
3294860
53
-83
-36
480
305
3961
3295885
48
-45
-42
517
368
4116
3296910
101
-27
-29
560
505
4170
3289729
63
-24
-11
577
477
4112
3290754
45
-14
-3
562
460
4116
3291779
46
5
-8
571
486
4110
3292804
62
11
0
597
534
4109
3293829
64
27
13
579
546
4109
3294854
49
18
7
522
471
4190
3295879
36
22
-2
548
438
4140
3296904
48
23
7
527
487
4147
3297929
47
10
1
556
466
4218
3298954
40
19
11
565
552
4143
3299979
16
7
12
509
481
4187
3301004
3
-9
-5
545
435
4241
3302029
7
-25
5
558
500
4229
3303054
3
-41
9
542
499
4224
3304079
-6
-43
8
545
488
4125
3305104
3
-33
16
541
505
4057
3297920
23
-26
10
540
481
4136
3298945
19
-10
8
579
521
4132
3299970
-1
-6
17
565
492
4114
3300995
4
-3
16
561
464
4126
3302020
8
-1
14
552
481
4110
3303045
1
6
5
559
467
4113
3304070
-1
19
-1
554
476
4102
3305095
11
17
0
540
488
4164
3306120
9
18
-3
552
476
4187
3307145
5
15
-3
558
489
4167
3308170
9
9
-2
545
488
4176
3309195
11
3
-1
551
506
4174
3310220
15
0
3
545
526
4167
3311245
15
-5
6
538
539
4177
3312270
13
-10
5
525
514
4201
3313295
6
-16
9
541
525
4163
3306112
-7
-19
12
541
498
4141
3307137
2
-21
9
551
498
4153
3308162
11
-21
7
551
510
4160
3309187
-6
-21
7
554
503
4135
3310212
-15
-16
10
559
483
4101
3311237
1
-8
10
557
493
4126
3312262
6
-4
4
565
503
4144
3313287
5
-2
3
558
485
4128
3314312
16
2
2
548
507
4144
3315337
3
1
-2
539
505
4177
3316362
-13
-5
-5
560
478
4144
3317387
11
-4
-2
557
524
4139
3318412
10
-2
0
549
545
4163
3319437
-9
-2
4
545
524
4160
3320462
-2
-4
8
541
518
4158
3321487
5
-6
9
551
516
4150
3314304
-7
-5
10
558
503
4137
3315329
-10
-4
10
564
510
4144
3316354
-7
-2
11
559
496
4131
3317379
0
-1
7
559
497
4136
3318404
6
2
4
541
505
4145
3319429
-3
2
2
554
502
4150
3320454
-2
2
2
555
521
4159
3321479
-5
4
1
544
505
4149
3322504
-3
4
1
541
501
4147
3323529
1
2
1
552
514
4153
3324554
2
3
-1
554
509
4142
3325579
8
9
-4
547
526
4138
3326604
6
7
-1
547
528
4153
3327629
1
5
3
539
506
4163
3328654
0
4
7
545
505
4171
3329679
-4
1
8
549
521
4157
3322626
1
-3
7
543
503
4173
3323651
10
-6
2
542
516
4181
3324676
-10
-7
6
549
522
4133
3325701
-15
-4
8
548
517
4113
3326726
-15
5
8
549
528
4119
3327751
-16
10
7
545
525
4108
3328776
-35
26
5
563
537
4104
3329801
-92
66
-1
609
557
4123
3330826
-205
86
13
513
469
4329
3331851
-319
82
26
554
427
3973
3332876
-60
114
65
418
524
3618
3333901
311
93
30
368
511
4271
3334926
138
52
14
536
482
4881
3335951
-261
0
59
529
271
4371
3336976
-148
-16
71
581
454
3812
3338001
-29
14
59
535
585
3750
3330688
-113
62
50
401
530
4158
3331713
-268
-10
1
372
449
4899
3332738
-329
-109
-20
461
190
4773
3333763
-54
-132
8
630
256
3935
3334788
265
-82
21
559
577
3748
3335813
135
-58
-9
456
336
3942
3336838
50
-23
-16
508
312
4194
3337863
12
-5
-5
535
438
4253
3338888
-18
-14
6
570
412
4152
3339913
37
2
2
527
343
4085
3340938
87
31
-12
524
410
3992
3341963
118
41
-19
526
495
4148
3342988
36
34
-38
532
440
4309
3344013
-11
12
-17
532
442
4297
3345038
24
7
3
512
488
4168
3346063
43
15
7
494
490
4051
3338880
49
18
6
484
532
4155
3339905
8
6
3
495
446
4247
3340930
3
5
10
499
426
4219
3341955
8
-1
14
507
435
4196
3342980
10
-10
12
526
431
4169
3344005
12
-5
12
502
432
4147
3345030
12
-11
2
510
427
4198
3346055
17
-13
0
501
459
4195
3347080
18
-22
0
508
453
4187
3348105
15
-21
-2
514
464
4135
3349130
21
-19
-1
508
477
4157
3350155
17
-18
-3
519
478
4181
3351180
16
-18
0
517
483
4150
3352205
14
-12
4
514
502
4128
3353230
0
-10
6
506
464
4142
3354255
8
-11
3
511
465
4222
3347071
5
-12
8
523
481
4172
3348096
5
-14
17
527
498
4152
3349121
-4
-14
13
511
476
4138
3350146
-1
-11
10
522
445
4104
3351171
30
-3
4
527
460
4110
3352196
47
5
0
520
480
4129
3353221
39
4
-2
522
452
4185
3354246
31
5
0
532
456
4182
3355271
52
0
7
516
489
4205
3356296
43
-5
4
512
522
4208
3357321
16
-11
9
507
511
4185
3358346
17
-18
13
510
522
4181
3359371
13
-21
19
518
541
4167
3360396
2
-25
21
515
501
4168
3361421
13
-28
21
525
493
4158
3362446
15
-25
24
527
507
4132
3355265
2
-27
20
518
479
4154
3356290
6
-28
10
535
475
4176
3357315
10
-27
7
543
475
4136
3358340
24
-28
10
532
479
4138
3359365
39
-25
8
530
520
4151
3360390
26
-21
8
542
540
4133
3361415
12
-16
9
545
542
4124
3362440
9
-14
13
543
530
4137
3363465
16
-9
18
540
519
4125
3364490
12
-3
19
535
496
4134
3365515
5
-3
11
551
458
4174
3366540
2
-7
8
553
478
4183
3367565
6
-12
9
554
496
4142
3368590
6
-8
8
549
505
4121
3369615
3
-8
2
541
511
4153
3370640
13
-5
2
550
524
4164
3363456
13
-2
7
544
523
4125
3364481
2
3
4
547
494
4129
3365506
20
12
3
550
506
4141
3366531
21
19
0
543
519
4172
3367556
17
18
4
530
566
4172
3368581
1
13
4
522
519
4148
3369606
-14
13
5
546
504
4102
3370631
6
20
5
543
513
4113
3371656
25
23
9
541
554
4164
3372681
3
14
8
531
531
4185
3373706
-19
7
4
538
487
4155
3374731
-1
14
7
538
523
4134
3375756
4
37
8
591
574
4114
3376781
-130
98
26
617
694
4176
3377806
-416
85
86
459
598
3984
3378831
-158
47
91
284
349
3947
3371649
477
24
-18
331
215
4605
3372674
138
29
13
653
805
4639
3373699
-439
1
74
620
439
3712
3374724
-337
20
86
519
437
3777
3375749
-261
-10
47
400
412
4469
3376774
-253
-99
-16
443
339
4874
3377799
-70
-180
-30
502
199
4500
3378824
206
-161
8
686
473
3687
3379849
248
-81
10
460
538
3679
3380874
48
-41
-21
496
287
3985
3381899
32
3
-16
569
414
4187
3382924
68
8
0
570
492
4163
3383949
75
4
-13
573
428
4124
3384974
83
14
-17
539
418
4145
3385999
63
17
-26
548
448
4175
3387024
40
11
-22
568
484
4218
3379840
30
1
-16
558
501
4229
3380865
34
-9
-4
511
505
4186
3381890
40
-17
-7
513
469
4166
3382915
49
-7
-4
523
538
4174
3383940
1
-12
-2
528
480
4138
3384965
-7
-17
-1
559
486
4151
3385990
1
-8
-2
560
497
4147
3387015
12
-6
0
547
479
4116
3388040
24
-3
-4
559
535
4141
3389065
0
2
-1
530
503
4103
3390090
8
6
0
533
487
4139
3391115
3
15
0
532
494
4142
3392140
-4
15
2
547
477
4136
3393165
8
16
4
539
492
4166
3394190
2
14
3
539
493
4150
3395215
2
16
3
518
476
4151
3388032
6
11
-3
520
480
4189
3389057
6
7
-4
529
508
4196
3390082
-8
2
-1
533
498
4185
3391107
-13
2
5
530
520
4120
3392132
-5
1
6
516
497
4156
3393157
0
-1
0
535
489
4211
3394182
-7
0
4
539
495
4154
3395207
-11
-4
8
531
467
4135
3396232
9
2
9
502
475
4163
3397257
7
5
6
514
480
4149
3398282
-6
3
3
526
474
4167
3399307
-13
0
1
544
468
4162
3400332
-10
3
-4
543
481
4122
3401357
13
4
-7
525
514
4169
3402382
3
3
-5
529
533
4156
3403407
-18
2
6
512
508
4130
3396223
-2
6
6
501
498
4136
3397248
11
16
3
511
505
4124
3398273
4
17
4
507
498
4171
3399298
-8
14
5
517
472
4176
3400323
1
14
10
524
477
4172
3401348
4
13
8
524
461
4181
3402373
2
9
7
519
495
4181
3403398
-9
-2
5
502
487
4179
3404423
0
-7
4
503
480
4186
3405448
6
-7
0
501
492
4159
3406473
4
-9
-4
510
501
4149
3407498
2
-5
-3
514
515
4142
3408523
-4
-2
3
506
505
4139
3409548
1
-3
6
508
515
4166
3410573
-5
-4
6
523
516
4166
3411598
-5
-7
8
508
473
4154
3404416
10
-5
7
500
485
4165
3405441
5
-6
7
520
509
4167
3406466
-8
-6
8
516
477
4145
3407491
-2
-8
5
513
477
4161
3408516
6
-8
1
515
493
4153
3409541
5
-8
-2
512
500
4149
3410566
6
-9
-2
517
512
4170
3411591
-6
-3
0
528
530
4163
3412616
-13
10
7
500
505
4160
3413641
1
4
-5
504
435
4186
3414666
-1
-5
-16
534
503
4203
3415691
-70
21
-23
616
531
4156
3416716
-218
89
21
533
620
4240
3417741
-402
45
36
376
429
4013
3418766
-17
20
-33
445
58
3620
3419791
616
43
-52
369
534
4338
3412607
357
6
-39
573
802
4848
3413632
-350
-66
-2
587
409
4352
3414657
-301
-71
51
562
389
3772
3415682
-2
-35
63
451
626
3736
3416707
-32
-17
26
423
634
4135
3417732
-224
-34
4
443
509
4606
3418757
-279
-108
12
484
341
4682
3419782
-57
-149
25
613
194
4004
3420807
278
-82
37
577
548
3796
3421832
147
-31
-3
485
404
3898
3422857
46
3
-10
536
305
4092
3423882
63
17
-6
565
442
4251
3424907
32
2
-9
580
468
4226
3425932
48
-3
-8
549
425
4154
3426957
103
4
-14
524
460
4122
3427982
117
6
-21
530
519
4154
3420801
49
3
-17
536
553
4202
3421826
2
0
8
516
540
4179
3422851
-9
-6
10
513
514
4168
3423876
3
-13
-1
540
483
4164
3424901
38
-5
4
538
478
4113
3425926
39
4
12
536
520
4125
3426951
-2
-2
10
537
518
4186
3427976
-26
-6
8
543
495
4172
3429001
-2
-5
7
534
463
4133
3430026
26
0
3
519
497
4158
3431051
14
-1
-1
519
481
4155
3432076
7
-1
-1
529
488
4151
3433101
10
-3
-4
525
483
4180
3434126
2
-8
-10
550
488
4180
3435151
8
-11
-3
540
516
4154
3436176
20
-12
-1
525
517
4147
3428993
4
-10
-5
532
508
4144
3430018
-8
-13
-4
538
502
4172
3431043
1
-15
-1
528
508
4169
3432068
7
-15
-3
531
489
4115
3433093
17
-8
-3
538
504
4109
3434118
10
-6
-4
543
520
4153
3435143
3
-3
2
539
514
4131
3436168
6
0
1
519
508
4158
3437193
-2
1
-3
536
515
4148
3438218
2
1
2
537
522
4110
3439243
7
12
2
532
528
4107
3440268
-16
17
1
521
511
4147
3441293
-18
12
4
546
482
4157
3442318
12
16
9
538
482
4149
3443343
10
23
11
534
511
4151
3444368
-8
21
12
515
476
4172
3437183
-3
18
12
516
478
4175
3438208
4
22
17
523
520
4152
3439233
-13
21
16
516
504
4146
3440258
-20
22
14
524
509
4124
3441283
-21
31
17
523
515
4099
3442308
-17
38
11
513
512
4096
3443333
-31
43
-8
533
505
4083
3444358
-46
56
-20
525
509
4066
3445383
-54
72
-27
524
493
4041
3446408
-34
98
-20
498
532
4069
3447433
-21
115
-16
467
521
4108
3448458
-15
118
-14
450
513
4184
3449483
-20
114
-7
442
533
4222
3450508
-29
107
1
431
482
4197
3451533
-26
99
0
418
454
4236
3452558
-22
84
-5
415
444
4310
3445376
-14
61
-5
417
470
4329
3446401
-14
37
-6
407
470
4277
3447426
-26
27
-6
403
460
4184
3448451
-24
23
-3
383
465
4182
3449476
-8
14
-7
381
482
4250
3450501
-11
5
-5
412
521
4232
3451526
-18
-3
6
408
483
4152
3452551
-2
2
7
403
478
4134
3453576
3
13
6
395
482
4154
3454601
0
10
-1
400
456
4219
3455626
-1
2
-3
421
476
4219
3456651
1
-3
2
402
467
4176
3457676
6
-6
-3
383
458
4187
3458701
9
-13
-5
395
481
4216
3459726
4
-21
-10
409
476
4220
3460751
4
-20
-7
407
495
4198
3453569
-5
-24
-3
409
487
4178
3454594
6
-23
1
415
492
4177
3455619
16
-23
5
408
486
4191
3456644
10
-27
7
419
485
4168
3457669
1
-28
7
416
478
4161
3458694
5
-28
4
426
482
4168
3459719
8
-20
1
449
486
4173
3460744
-72
29
-14
530
547
4109
3461769
-263
100
20
441
577
4141
3462794
-315
53
43
318
363
4160
3463819
18
47
19
282
427
4045
3464844
416
39
18
313
683
4360
3465869
-45
-23
66
473
486
4558
3466894
-332
-56
57
478
-54
3898
3467919
-28
13
58
497
528
3812
3468944
-91
29
26
406
510
4161
3461783
-286
-2
21
395
542
4352
3462808
-308
-63
11
366
458
4453
3463833
-127
-92
4
295
188
4418
3464858
178
-117
-9
438
195
4097
3465883
274
-63
13
496
628
3903
3466908
34
-16
18
377
335
3895
3467933
15
14
8
418
249
4147
3468958
92
12
-12
456
420
4374
3469983
35
-2
-24
442
371
4362
3471008
-5
-17
-21
454
326
4160
3472033
44
-3
1
437
451
4064
3473058
45
11
-9
412
418
4094
3474083
72
24
-5
414
533
4186
3475108
35
25
3
411
507
4192
3476133
-1
21
10
418
430
4182
3477158
29
16
14
415
440
4261
3469952
50
8
11
410
431
4253
3470977
54
-2
6
409
440
4242
3472002
33
-18
9
419
458
4218
3473027
17
-24
13
413
424
4189
3474052
19
-26
12
409
431
4225
3475077
32
-35
11
415
459
4245
3476102
44
-45
13
418
480
4237
3477127
42
-53
22
416
515
4181
3478152
29
-48
26
423
489
4122
3479177
25
-46
22
430
463
4184
3480202
18
-49
24
458
470
4199
3481227
16
-51
28
463
458
4147
3482252
12
-46
26
445
436
4139
3483277
9
-40
22
457
446
4151
3484302
10
-30
19
454
429
4137
3485327
21
-31
11
462
458
4197
3478144
7
-28
9
476
474
4138
3479169
3
-29
15
461
457
4146
3480194
5
-20
9
475
455
4137
3481219
7
-12
11
463
453
4104
3482244
25
-14
3
452
474
4204
3483269
6
-18
-2
476
475
4182
3484294
-1
-18
5
470
480
4129
3485319
10
-11
2
463
469
4141
3486344
28
-6
0
467
495
4160
3487369
17
-3
5
475
506
4139
3488394
6
-4
6
470
494
4168
3489419
-2
-4
6
472
482
4171
3490444
4
-5
8
479
483
4171
3491469
12
-5
7
465
485
4187
3492494
3
-8
7
465
483
4160
3493519
0
-6
8
465
471
4163
3486336
-6
-5
4
471
469
4156
3487361
-6
-4
4
490
479
4137
3488386
3
3
4
484
488
4123
3489411
5
10
2
460
491
4145
3490436
-9
15
-1
469
471
4157
3491461
2
16
6
453
468
4185
3492486
13
13
10
445
485
4201
3493511
6
7
8
457
478
4216
3494536
-4
0
7
462
476
4219
3495561
7
-10
11
463
490
4190
3496586
3
-16
9
463
491
4160
3497611
-5
-20
6
464
496
4186
3498636
-4
-24
2
481
485
4165
3499661
9
-25
11
477
521
4129
3500686
-5
-22
10
469
502
4137
3501711
-9
-17
7
465
481
4160
3494528
21
-16
6
458
509
4213
3495553
33
-20
8
467
538
4201
3496578
8
-24
16
481
538
4160
3497603
-12
-25
27
481
491
4152
3498628
-8
-22
29
478
441
4158
3499653
8
-21
23
483
429
4175
3500678
15
-23
14
482
431
4160
3501703
16
-21
5
491
454
4137
3502728
6
-19
-1
487
482
4154
3503753
-3
-20
-7
484
469
4175
3504778
15
-19
-8
493
494
4170
3505803
16
-13
-6
487
542
4155
3506828
-4
-13
-1
483
532
4139
3507853
-4
-11
4
502
527
4128
3508878
0
-5
8
496
525
4152
3509903
-9
-6
10
502
518
4164
3502720
-9
-4
16
489
529
4164
3503745
-23
-9
11
486
484
4167
3504770
-5
-4
11
489
458
4156
3505795
4
9
1
495
452
4103
3506820
-5
22
1
501
482
4083
3507845
-33
36
-7
509
520
4121
3508870
-91
83
-19
538
549
4204
3509895
-309
73
-3
440
284
4432
3510920
-326
30
-15
499
90
3957
3511945
197
82
-13
370
595
3719
3512970
362
87
-33
386
856
4288
3513995
-66
11
33
518
667
4826
3515020
-331
-66
30
484
64
4397
3516045
4
-45
50
501
494
3940
3517070
47
-2
82
464
743
3616
3518095
-143
38
107
386
673
3898
3510912
-318
-7
52
330
480
4828
3511937
-405
-84
10
397
176
4915
3512962
-52
-162
19
612
17
4045
3513987
309
-84
46
585
608
3690
3515012
119
-39
15
380
328
3897
3516037
1
-12
-15
496
157
4092
3517062
71
17
-17
528
379
4219
3518087
53
14
-23
556
391
4172
3519112
72
11
-18
504
401
4165
3520137
113
20
-21
460
415
4106
3521162
152
22
-31
450
479
4168
3522187
96
34
-37
488
556
4245
3523212
-12
15
-12
467
491
4231
3524237
12
-1
3
472
469
4258
3525262
39
0
1
470
518
4212
3526287
34
-15
6
458
497
4223
3519104
5
-24
8
482
447
4177
3520129
-12
-19
16
470
451
4163
3521154
-2
-29
10
485
401
4162
3522179
23
-15
5
513
452
4126
3523204
15
-8
4
485
438
4097
3524229
27
-3
-2
472
458
4125
3525254
15
4
-6
477
467
4150
3526279
-8
9
-8
477
451
4153
3527304
4
10
-12
484
455
4145
3528329
12
12
-15
495
474
4140
3529354
5
21
-8
477
468
4136
3530379
8
23
-5
469
498
4191
3531404
-13
24
-5
462
489
4171
3532429
-10
17
-5
456
468
4175
3533454
8
18
-6
465
490
4187
3534479
3
12
1
464
487
4194
3527295
-7
8
4
471
458
4196
3528320
-7
6
4
466
457
4187
3529345
2
2
7
460
461
4179
3530370
0
1
5
459
467
4177
3531395
-4
0
4
455
460
4169
3532420
-1
0
-1
465
442
4132
3533445
12
8
1
459
487
4142
3534470
-9
7
-3
460
451
4191
3535495
-3
9
0
465
477
4177
3536520
10
9
0
447
497
4174
3537545
-4
4
-4
456
486
4170
3538570
-4
7
0
460
487
4150
3539595
2
9
6
454
474
4180
3540620
-8
10
10
448
481
4194
3541645
-21
4
6
454
438
4169
3542670
-7
2
0
455
428
4167
3535576
10
6
-4
457
452
4171
3536601
8
8
-3
444
495
4197
3537626
-16
1
-2
444
470
4179
3538651
-5
-1
1
444
472
4159
3539676
13
-1
2
441
473
4185
3540701
9
-3
5
441
479
4200
3541726
-3
-7
5
450
465
4184
3542751
-8
-9
5
455
452
4191
3543776
-7
-13
5
459
468
4186
3544801
-7
-12
5
447
450
4136
3545826
9
-9
3
448
461
4159
3546851
8
-6
0
450
475
4184
3547876
5
-7
2
452
480
4152
3548901
12
-9
6
447
506
4191
3549926
4
-8
8
449
489
4186
3550951
6
-10
13
446
479
4165
3543681
10
-13
10
449
506
4191
3544706
-11
-16
6
462
463
4170
3545731
0
-15
10
453
444
4155
3546756
13
-13
9
456
466
4172
3547781
-2
-14
8
470
444
4164
3548806
3
-11
7
459
435
4160
3549831
17
-10
3
458
466
4175
3550856
12
-11
3
459
478
4150
3551881
14
-11
1
452
469
4159
3552906
27
-11
-3
460
478
4184
3553931
37
-13
0
452
495
4195
3554956
25
-15
2
464
483
4155
3555981
18
-13
11
469
523
4137
3557006
6
-12
14
460
488
4144
3558031
7
-4
13
461
492
4162
3559056
9
-3
13
468
484
4143
3551873
19
6
16
471
506
4148
3552898
-16
22
16
498
489
4150
3553923
-89
61
17
533
480
4223
3554948
-233
42
54
420
458
4183
3555973
-182
45
44
444
438
3766
3556998
138
74
31
237
575
4147
3558023
216
24
18
448
474
4621
3559048
-133
-26
55
529
490
4577
3560073
-235
-39
80
531
384
3958
3561098
-72
14
104
411
533
3702
3562123
-103
-12
59
333
521
4331
3563148
-320
-83
-4
406
347
4841
3564173
-270
-138
-6
426
188
4525
3565198
85
-147
9
623
408
3848
3566223
206
-81
16
472
472
3637
3567248
103
-35
-4
413
223
3846
3560064
92
10
-26
509
383
4218
3561089
27
17
-26
545
475
4287
3562114
23
9
-10
522
365
4185
3563139
83
6
-14
462
385
4195
3564164
84
14
-24
474
450
4089
3565189
59
29
-16
466
490
4087
3566214
43
25
-16
467
502
4223
3567239
12
26
-5
476
505
4216
3568264
7
8
6
460
457
4264
3569289
24
-2
3
475
448
4281
3570314
17
-1
8
473
496
4194
3571339
-38
-11
18
454
442
4106
3572364
4
-18
14
460
400
4163
3573389
33
-9
0
482
459
4185
3574414
3
-14
1
488
449
4167
3575439
8
-15
4
475
439
4164
3568256
7
-10
0
460
454
4147
3569281
9
-5
-1
458
450
4152
3570306
3
2
-5
477
464
4157
3571331
-5
1
-3
472
459
4187
3572356
8
1
-3
473
463
4178
3573381
11
-2
1
472
497
4172
3574406
-5
-5
4
466
470
4178
3575431
-4
-3
5
473
460
4169
3576456
8
-6
5
460
466
4176
3577481
9
-5
0
479
452
4170
3578506
7
-4
3
467
453
4178
3579531
1
-7
2
469
455
4197
3580556
2
-10
0
466
448
4179
3581581
7
-5
-1
469
463
4134
3582606
1
-7
0
467
466
4173
3583631
3
-6
1
474
459
4202
3576447
-2
-8
3
470
468
4160
3577472
0
-12
4
472
471
4152
3578497
3
-8
2
468
464
4163
3579522
5
-4
1
465
451
4172
3580547
8
-3
0
476
465
4165
3581572
6
-4
0
479
469
4165
3582597
4
-4
0
474
457
4179
3583622
10
-3
-1
468
463
4168
3584647
14
-4
-1
466
483
4171
3585672
-1
-4
-4
470
477
4154
3586697
-5
-4
-6
477
463
4165
3587722
7
-2
-3
471
482
4176
3588747
3
-1
2
479
469
4164
3589772
-3
1
3
483
472
4157
3590797
-3
1
3
471
467
4169
3591822
9
-4
1
465
459
4191
3584640
11
-1
1
463
473
4171
3585665
-1
-5
1
469
470
4182
3586690
9
-10
2
478
478
4188
3587715
8
-8
6
470
496
4149
3588740
-9
-9
5
475
476
4143
3589765
-4
-8
5
466
472
4171
3590790
-3
-7
3
477
463
4149
3591815
-2
-1
5
466
478
4135
3592840
-18
0
2
475
457
4147
3593865
-26
6
-1
475
459
4162
3594890
-18
10
-9
491
460
4178
3595915
-15
10
-11
478
458
4182
3596940
-14
3
-12
458
456
4188
3597965
-4
-3
-6
459
473
4169
3598990
4
-6
-6
455
473
4173
3600015
-1
-4
-4
458
476
4171
3592832
-1
-3
-1
461
470
4171
3593857
4
-7
1
472
487
4198
3594882
2
-9
3
478
490
4183
3595907
-13
-14
3
477
463
4158
3596932
-11
-13
6
470
468
4141
3597957
-6
-2
6
470
486
4115
3598982
-13
10
5
470
484
4120
3600007
-35
17
1
470
495
4142
3601032
-23
13
-5
457
385
4183
3602057
16
25
-15
506
450
4186
3603082
-61
56
-7
582
601
4156
3604107
-275
97
44
499
577
4045
3605132
-359
109
33
447
349
3657
3606157
46
108
-8
171
63
4050
3607182
750
47
-60
242
368
5257
3608207
30
-43
-25
558
753
4969
3601024
-472
-90
30
587
448
3698
3602049
-193
-63
53
467
386
3361
3603074
97
-2
45
429
598
3759
3604099
-44
9
34
280
683
4625
3605124
-424
-78
-13
395
439
4927
3606149
-336
-154
51
414
74
4476
3607174
129
-147
45
583
283
3806
3608199
275
-72
9
493
509
3759
3609224
69
-47
-27
474
224
4087
3610249
42
-6
-9
504
286
4224
3611274
61
5
10
491
415
4118
3612299
42
4
-3
497
428
4115
3613324
56
20
-13
474
396
4124
3614349
78
38
-19
480
425
4096
3615374
92
49
-11
481
481
4132
3616399
46
45
-11
463
423
4199
3609216
8
33
-6
461
453
4281
3610241
16
24
-2
454
471
4287
3611266
24
17
5
455
463
4210
3612291
15
6
10
454
452
4202
3613316
17
-1
14
429
458
4239
3614341
9
-13
13
440
451
4239
3615366
-8
-23
10
474
437
4204
3616391
2
-24
17
477
462
4137
3617416
12
-21
18
457
425
4124
3618441
22
-15
6
459
411
4162
3619466
23
-9
1
462
445
4188
3620491
-2
-7
3
475
415
4114
3621516
24
-1
6
456
438
4153
3622541
23
-2
-5
450
448
4233
3623566
16
-8
-8
466
454
4215
3624591
23
-13
-1
466
481
4174
3617409
19
-19
2
462
484
4181
3618434
-2
-18
4
462
484
4137
3619459
3
-19
4
462
463
4178
3620484
8
-13
6
477
470
4183
3621509
-1
-14
15
461
444
4170
3622534
9
-19
11
470
437
4182
3623559
13
-11
11
476
466
4148
3624584
3
-16
9
474
456
4196
3625609
-4
-21
4
483
428
4189
3626634
16
-20
7
491
467
4152
3627659
20
-17
6
475
477
4140
3628684
7
-19
3
481
493
4159
3629709
-1
-16
7
474
459
4156
3630734
10
-11
7
469
464
4166
3631759
7
-13
5
476
484
4183
3632784
-3
-16
3
489
456
4166
3625600
2
-11
0
487
461
4145
3626625
7
-7
3
492
481
4150
3627650
0
0
6
478
482
4172
3628675
-10
-3
4
478
456
4150
3629700
-2
1
4
480
467
4154
3630725
-4
3
1
479
478
4174
3631750
-11
6
4
475
482
4166
3632775
-14
-2
2
465
440
4206
3633800
-6
-11
-5
481
453
4205
3634825
-3
-14
2
490
484
4148
3635850
-5
-13
10
490
506
4145
3636875
-7
-8
12
480
471
4122
3637900
-1
-5
7
474
453
4174
3638925
-4
-7
4
486
442
4202
3639950
1
-6
10
492
462
4139
3640975
0
-4
5
483
439
4137
3633792
5
2
0
490
460
4170
3634817
9
1
2
474
462
4181
3635842
9
-2
-1
473
457
4178
3636867
3
-4
0
474
479
4169
3637892
-1
-8
-1
472
484
4174
3638917
-6
-11
-5
487
478
4206
3639942
-16
-14
-3
493
483
4189
3640967
-12
-18
8
491
484
4169
3641992
-13
-9
13
481
485
4132
3643017
-38
-2
3
462
412
4141
3644042
-51
0
-26
475
286
4268
3645067
-41
6
-43
523
350
4268
3646092
6
14
-23
534
569
4135
3647117
-2
22
-15
487
562
4100
3648142
-118
55
-34
531
378
4273
3649167
-315
39
2
452
365
4317
3641984
-289
35
7
438
410
3657
3643009
330
60
54
192
512
4019
3644034
238
-8
34
484
595
5055
3645059
-332
-73
33
584
318
4157
3646084
-248
-38
49
581
482
3719
3647109
-175
30
32
502
573
3817
3648134
-217
20
39
371
469
4252
3649159
-217
-62
-21
350
245
4796
3650184
-59
-127
-12
435
115
4380
3651209
181
-124
4
669
529
3782
3652234
89
-68
-15
461
337
3916
3653259
-5
-31
-38
455
82
4150
3654284
98
3
-24
517
337
4219
3655309
84
-10
-15
497
408
4203
3656334
34
-16
-28
524
348
4138
3657359
78
6
-26
523
389
4107
3650176
119
14
-7
504
531
4185
3651201
28
6
-6
499
519
4222
3652226
18
6
-1
479
365
4100
3653251
119
27
-9
481
392
4079
3654276
101
30
-10
504
437
4211
3655301
31
23
-3
492
470
4320
3656326
2
12
6
481
426
4265
3657351
6
7
7
479
376
4137
3658376
14
10
2
488
402
4072
3659401
14
7
2
474
447
4166
3660426
-15
-1
-2
497
418
4253
3661451
-18
0
5
493
426
4192
3662476
3
-1
4
484
400
4132
3663501
20
8
1
468
435
4142
3664526
-1
8
-1
463
431
4196
3665551
1
1
-2
483
420
4189
3658368
24
8
1
485
454
4129
3659393
23
15
5
470
452
4136
3660418
6
13
0
475
439
4197
3661443
-6
7
0
469
440
4228
3662468
-8
1
2
461
443
4225
3663493
-10
-7
1
483
438
4159
3664518
-10
-2
2
475
451
4142
3665543
-15
5
2
479
402
4125
3666568
4
14
8
457
428
4187
3667593
-11
14
8
460
417
4209
3668618
-17
10
4
472
402
4194
3669643
1
9
2
480
417
4170
3670668
6
21
3
469
434
4150
3671693
-16
29
4
451
419
4168
3672718
-15
20
0
457
422
4216
3673743
-3
5
0
455
460
4246
3666579
-11
-7
-3
456
415
4177
3667604
2
-4
1
457
445
4144
3668629
-7
-2
3
445
455
4204
3669654
-24
-5
5
456
410
4189
3670679
-2
-8
6
459
416
4166
3671704
0
-9
0
461
418
4189
3672729
-4
-11
0
476
412
4154
3673754
3
-5
1
454
418
4156
3674779
2
0
-1
451
419
4184
3675804
-4
1
-3
439
430
4215
3676829
2
1
-7
457
413
4151
3677854
10
1
-9
472
447
4150
3678879
-21
8
-10
473
413
4127
3679904
-17
14
-7
466
403
4147
3680929
12
22
-3
463
427
4169
3681954
0
29
-1
451
422
4159
3674752
-2
31
4
421
405
4196
3675777
11
25
8
425
423
4258
3676802
13
12
11
422
420
4260
3677827
3
-2
9
433
435
4251
3678852
-6
-17
9
448
446
4213
3679877
5
-25
4
449
421
4192
3680902
18
-27
-4
447
456
4204
3681927
7
-29
-1
449
470
4177
3682952
-8
-32
2
440
425
4154
3683977
10
-28
7
439
417
4166
3685002
30
-18
10
428
411
4166
3686027
12
-22
6
439
395
4221
3687052
-2
-33
1
460
369
4217
3688077
13
-38
-9
470
379
4190
3689102
16
-40
-21
492
405
4155
3690127
18
-40
-23
494
424
4164
3682944
16
-36
-23
475
445
4168
3683969
-23
-9
-30
516
482
4132
3684994
-191
53
-16
535
543
4211
3686019
-394
30
12
456
339
4011
3687044
-14
-11
30
371
192
3821
3688069
669
3
-30
140
358
4245
3689094
477
-16
16
664
983
4775
3690119
-418
-88
26
534
396
4437
3691144
-321
-91
52
612
206
3980
3692169
85
-62
66
476
531
3871
3693194
30
-42
52
445
743
3948
3694219
-212
-42
32
375
591
4306
3695244
-305
-66
6
366
247
4560
3696269
-71
-88
-3
521
118
4127
3697294
200
-53
16
679
544
3825
3698319
94
-20
8
493
403
3997
3691135
16
19
2
483
274
4173
3692160
63
37
5
503
361
4259
3693185
44
21
-3
526
362
4137
3694210
50
24
0
520
389
4103
3695235
56
32
-10
488
367
4149
3696260
88
37
-20
514
427
4161
3697285
79
39
-14
508
535
4219
3698310
0
22
-4
466
506
4273
3699335
-53
4
3
450
425
4262
3700360
-25
-10
-2
437
355
4271
3701385
14
-21
-18
503
402
4202
3702410
11
-25
-12
513
464
4101
3703435
-10
-26
-7
514
437
4095
3704460
12
-17
2
497
503
4212
3705485
0
-15
0
502
449
4199
3706510
33
-10
12
492
487
4130
3699328
47
-13
19
452
513
4151
3700353
13
-12
21
475
471
4141
3701378
13
-3
22
485
454
4140
3702403
17
-8
8
507
448
4208
3703428
12
-14
8
522
483
4183
3704453
9
-12
16
506
499
4127
3705478
-10
-2
14
495
456
4097
3706503
-11
14
14
490
421
4102
3707528
10
18
14
482
423
4206
3708553
10
13
15
483
434
4224
3709578
4
4
14
483
426
4194
3710603
10
0
9
500
424
4173
3711628
5
0
5
502
423
4171
3712653
-4
-2
4
500
414
4194
3713678
-1
-8
3
495
442
4186
3714703
7
-10
3
497
474
4153
3707521
5
-8
3
479
461
4145
3708546
4
-3
1
485
475
4163
3709571
-6
-1
5
485
482
4153
3710596
-1
-8
11
503
469
4183
3711621
-1
-6
12
506
464
4177
3712646
-14
-5
12
510
461
4123
3713671
-10
6
17
485
438
4078
3714696
0
16
15
477
451
4142
3715721
-3
23
9
485
433
4165
3716746
-6
25
0
486
431
4165
3717771
6
23
-2
494
445
4159
3718796
9
26
2
483
475
4162
3719821
-16
25
2
474
448
4174
3720846
-6
25
-3
471
429
4206
3721871
8
24
-4
463
442
4198
3722896
8
22
3
456
459
4189
3715713
0
26
4
457
469
4220
3716738
-13
27
4
460
438
4205
3717763
-1
13
3
459
479
4208
3718788
-7
-7
4
469
507
4190
3719813
-24
-12
0
463
421
4136
3720838
-15
-3
-6
463
404
4096
3721863
22
12
-8
462
458
4123
3722888
3
19
-12
456
460
4161
3723913
-21
17
-13
462
443
4185
3724938
7
17
-8
449
445
4192
3725963
13
12
-7
445
449
4196
3726988
-1
6
-5
450
486
4213
3728013
-12
-5
-4
458
452
4225
3729038
1
-12
0
465
472
4201
3730063
9
-14
6
454
493
4151
3731088
-7
-13
4
455
467
4134
3723904
1
-9
7
459
469
4156
3724929
9
1
12
453
467
4156
3725954
-5
13
16
453
438
4127
3726979
-5
23
13
455
428
4153
3728004
-17
30
2
477
444
4170
3729029
-52
59
-9
556
463
4099
3730054
-198
155
14
528
588
4109
3731079
-351
100
54
327
318
3901
3732104
26
49
5
279
165
4106
3733129
582
41
-24
257
497
4745
3734154
55
-5
24
578
796
4765
3735179
-490
-73
68
515
261
3984
3736204
-156
-58
56
451
357
3817
3737229
100
-43
48
360
526
4038
3738254
-15
-41
24
357
496
4302
3739279
-187
-53
9
402
428
4491
3732096
-217
-73
33
393
346
4318
3733121
27
-76
34
474
278
3931
3734146
177
-33
7
513
401
3865
3735171
70
-10
-17
473
316
4122
3736196
15
17
-6
471
297
4238
3737221
37
26
5
456
365
4181
3738246
65
17
-6
446
373
4187
3739271
89
18
-21
444
414
4197
3740296
76
17
-26
443
438
4197
3741321
61
15
-25
434
426
4222
3742346
43
10
-10
444
482
4218
3743371
9
4
6
431
504
4167
3744396
19
2
11
419
477
4203
3745421
30
-7
2
432
449
4283
3746446
21
-21
8
447
464
4270
3747471
-2
-32
24
431
457
4190
3740288
-13
-37
26
435
426
4143
3741313
8
-30
20
443
401
4133
3742338
40
-24
8
447
421
4210
3743363
19
-31
2
464
458
4215
3744388
-4
-37
13
462
420
4136
3745413
12
-33
13
460
427
4127
3746438
17
-27
4
462
442
4163
3747463
18
-16
1
469
457
4111
3748488
24
-14
3
460
462
4153
3749513
10
-13
1
462
450
4185
3750538
11
-8
6
469
441
4175
3751563
20
-3
7
469
452
4174
3752588
6
-5
6
478
446
4179
3753613
-5
-9
4
466
445
4190
3754638
4
-16
2
454
443
4204
3755663
9
-18
-1
468
485
4165
3748481
2
-15
5
460
478
4144
3749506
-4
-15
6
458
459
4172
3750531
-8
-17
2
464
434
4161
3751556
12
-14
2
467
459
4165
3752581
12
-12
2
466
449
4180
3753606
25
-4
-1
467
467
4176
3754631
30
-8
-6
463
495
4192
3755656
16
-23
-4
482
482
4177
3756681
9
-28
-1
484
478
4170
3757706
1
-20
7
472
477
4132
3758731
1
-10
13
468
454
4107
3759756
5
1
9
469
464
4160
3760781
-15
-2
2
473
445
4185
3761806
-4
-8
1
481
422
4166
3762831
13
-5
-1
479
467
4155
3763856
-2
-4
0
474
473
4161
3756673
-9
-4
-3
475
477
4182
3757698
3
-4
2
478
469
4159
3758723
14
-5
4
470
495
4200
3759748
-8
-10
6
478
470
4181
3760773
-11
-6
11
474
456
4142
3761798
-3
-5
8
477
455
4164
3762823
3
-3
7
479
452
4169
3763848
1
-2
4
474
431
4163
3764873
6
3
-2
467
438
4175
3765898
6
0
-5
477
448
4181
3766923
7
-9
-5
471
498
4185
3767948
0
-15
-4
474
514
4155
3768973
-2
-10
0
468
508
4137
3769998
0
-5
7
465
484
4128
3771023
2
-3
13
478
474
4152
3772048
-3
0
16
484
470
4176
3764865
-8
0
11
477
435
4183
3765890
-8
-4
5
484
419
4168
3766915
8
-10
0
481
432
4172
3767940
14
-3
-4
479
495
4149
3768965
-8
3
-4
465
475
4149
3769990
-13
6
-6
488
456
4154
3771015
-4
22
-1
484
490
4126
3772040
-54
64
-16
577
532
4068
3773065
-183
120
23
518
621
4270
3774090
-253
53
33
287
173
4186
3775115
191
45
-7
199
308
4031
3776140
513
35
-49
526
590
4429
3777165
-138
4
-35
597
688
4439
3778190
-431
-25
85
545
470
3985
3779215
-127
-11
62
387
235
3920
3780240
145
7
25
383
530
4075
3773056
-31
19
31
386
642
4160
3774081
-244
-14
35
380
413
4402
3775106
-213
-77
-5
399
208
4678
3776131
-12
-101
-29
596
281
4078
3777156
217
-52
7
575
655
3853
3778181
94
-11
7
386
356
3903
3779206
64
13
0
388
268
4169
3780231
24
19
-21
481
397
4306
3781256
-23
6
-10
484
437
4309
3782281
38
-11
-3
505
383
4174
3783306
128
14
6
471
512
4034
3784331
108
28
11
436
556
3998
3785356
2
42
15
435
521
4132
3786381
-56
51
33
421
487
4230
3787406
-11
48
29
424
419
4226
3788431
53
36
14
455
427
4215
3781247
41
34
2
447
438
4190
3782272
-21
12
-6
443
395
4266
3783297
-24
-2
-9
446
428
4294
3784322
-3
-10
-2
430
438
4203
3785347
5
-12
-4
423
459
4172
3786372
-1
-14
6
417
503
4142
3787397
-8
-13
2
416
457
4173
3788422
-5
-11
-2
445
454
4158
3789447
9
-9
-2
451
471
4160
3790472
3
-5
2
441
468
4147
3791497
-5
-1
4
435
459
4159
3792522
-2
6
3
421
452
4147
3793547
-3
6
-5
425
424
4191
3794572
1
3
-5
434
456
4233
3795597
-9
-6
-7
440
447
4206
3796622
2
-11
0
436
451
4165
3789440
11
-12
-1
424
473
4200
3790465
-13
-18
-4
440
472
4188
3791490
0
-15
3
433
466
4148
3792515
22
-13
2
423
475
4176
3793540
10
-14
-1
441
489
4185
3794565
7
-20
5
426
460
4200
3795590
19
-22
8
447
443
4180
3796615
15
-21
16
439
508
4181
3797640
-14
-26
14
434
463
4198
3798665
0
-30
11
451
447
4185
3799690
15
-31
9
452
447
4158
3800715
2
-26
7
464
455
4116
3801740
-8
-17
11
463
467
4141
3802765
-8
-13
10
457
452
4163
3803790
14
-11
6
451
453
4146
3804815
20
-6
1
460
459
4137
3797632
8
0
3
454
470
4147
3798657
9
2
5
454
457
4178
3799682
11
-4
-1
451
480
4217
3800707
2
-10
-1
457
499
4179
3801732
-3
-10
2
444
478
4148
3802757
6
-8
4
446
472
4149
3803782
8
-7
4
450
478
4219
3804807
-6
-8
6
467
460
4197
3805832
-13
-16
7
456
462
4205
3806857
-9
-24
6
462
438
4190
3807882
12
-21
6
455
458
4156
3808907
10
-15
5
459
487
4125
3809932
-4
-12
9
455
466
4133
3810957
10
-8
6
460
452
4182
3811982
24
0
6
462
481
4172
3813007
7
-7
8
460
487
4183
3805824
-3
-10
9
460
481
4169
3806849
-4
-10
6
458
458
4145
3807874
-2
-10
2
473
468
4170
3808899
-32
-7
4
481
457
4183
3809924
-10
-2
10
486
401
4091
3810949
-11
25
2
491
460
4020
3811974
-41
42
7
466
515
4059
3812999
-48
66
11
475
597
4043
3814024
-72
88
21
452
496
4078
3815049
-37
85
21
449
396
4268
3816074
-8
60
34
477
458
4345
3817099
-40
60
37
487
697
4164
3818124
-123
63
106
229
709
4198
3819149
53
45
57
212
277
4469
3820174
30
-15
63
449
215
4591
3821199
-154
-38
58
530
206
3885
3814016
-130
4
51
515
585
3804
3815041
-221
2
17
376
443
4196
3816066
-292
-41
-56
274
293
4813
3817091
-230
-122
-89
401
92
4566
3818116
223
-189
-20
503
360
4152
3819141
267
-141
2
665
771
3741
3820166
-8
-70
4
354
151
3847
3821191
66
-16
-24
413
149
4356
3822216
67
5
-24
485
505
4464
3823241
-104
-11
37
470
737
3968
3824266
-39
-2
86
446
654
3792
3825291
56
34
36
514
260
3944
3826316
109
73
9
494
154
4173
3827341
119
56
-4
524
313
4354
3828366
42
32
-9
505
498
4329
3829391
-46
27
-6
430
492
4079
3822208
9
17
-18
372
386
4194
3823233
50
-1
-34
431
356
4363
3824258
59
-23
-10
438
513
4344
3825283
-3
-36
-1
462
497
4155
3826308
-21
-14
8
465
435
3934
3827333
23
16
20
439
502
3994
3828358
13
14
6
434
472
4294
3829383
-32
-1
1
466
443
4377
3830408
-29
-10
11
448
407
4171
3831433
18
-3
15
423
399
4068
3832458
24
2
10
432
438
4180
3833483
-29
-5
-3
441
404
4249
3834508
-22
-15
-3
460
374
4197
3835533
25
-10
0
454
470
4165
3836558
7
-8
-6
440
441
4160
3837583
-15
-12
-13
445
416
4167
3830400
-6
-11
-7
455
432
4182
3831425
3
-3
-3
459
455
4173
3832450
-12
-3
-1
452
465
4153
3833475
-24
-2
-3
451
404
4156
3834500
-16
4
-2
447
402
4170
3835525
-21
7
-9
465
413
4169
3836550
-17
14
-18
463
419
4207
3837575
-26
10
-11
451
507
4194
3838600
-47
-3
2
424
483
4198
3839625
-31
-9
1
431
398
4206
3840650
8
-13
2
417
430
4222
3841675
-8
-18
0
446
426
4184
3842700
-30
-19
7
448
390
4166
3843725
-14
-23
9
435
420
4210
3844750
-4
-27
1
440
416
4231
3845775
-9
-30
-4
472
386
4177
3838592
-11
-29
3
464
422
4163
3839617
-21
-33
3
469
397
4183
3840642
-30
-24
1
479
349
4147
3841667
-53
-3
26
469
372
4123
3842692
-134
16
61
474
369
4119
3843717
-191
16
62
477
364
4108
3844742
-163
17
18
468
289
4097
3845767
-42
40
-25
441
338
4079
3846792
20
47
-48
431
417
4170
3847817
-17
42
-51
445
378
4250
3848842
-60
37
-40
428
353
4231
3849867
-58
29
-38
425
347
4222
3850892
-23
25
-37
403
367
4235
3851917
-5
13
-41
410
342
4272
3852942
-4
1
-40
440
373
4282
3853967
-24
-14
-31
438
377
4265
3846785
-34
-24
-26
429
338
4227
3847810
-5
-29
-20
417
352
4201
3848835
0
-32
-20
436
360
4227
3849860
2
-31
-8
459
370
4206
3850885
19
-21
14
438
422
4183
3851910
-72
3
12
491
417
4057
3852935
-261
97
-7
500
400
3866
3853960
-406
169
-5
537
351
3929
3854985
-363
78
99
509
206
4208
3856010
186
-19
66
95
165
4585
3857035
814
-36
-72
151
304
4625
3858060
195
-76
28
584
861
4709
3859085
-625
-151
49
544
-161
3821
3860110
-228
-104
60
468
276
3773
3861135
35
-86
39
383
361
3941
3862160
-27
-50
24
408
499
4234
3854976
-296
-20
-4
374
356
4331
3856001
-234
-35
23
277
8
4505
3857026
118
-92
-29
547
-66
4297
3858051
264
-47
-18
732
698
4023
3859076
1
-46
-6
362
90
4068
3860101
48
-28
-11
464
59
4255
3861126
141
-10
20
464
381
4260
3862151
107
-14
30
464
417
4132
3863176
58
-2
37
484
392
4033
3864201
6
13
38
470
301
4105
3865226
-11
17
20
506
245
4189
3866251
58
8
23
532
317
4109
3867276
116
7
25
469
350
4158
3868301
39
8
5
453
277
4329
3869326
-28
3
-3
475
255
4341
3870351
3
-9
8
473
331
4225
3863169
32
-17
11
451
366
4157
3864194
-8
-6
-1
459
323
4047
3865219
-19
-1
-7
449
300
4228
3866244
-2
-12
-10
493
270
4358
3867269
43
-19
14
495
347
4263
3868294
26
-20
31
466
342
4138
3869319
-4
-15
29
475
312
4098
3870344
6
-13
15
483
312
4223
3871369
20
-18
9
483
350
4263
3872394
13
-32
16
479
343
4205
3873419
4
-29
21
496
334
4135
3874444
11
-11
30
464
364
4097
3875469
4
-14
17
452
307
4230
3876494
-1
-17
10
489
317
4233
3877519
-11
-18
13
480
341
4164
3878544
-8
-23
4
481
313
4177
3871359
10
-13
-4
503
352
4133
3872384
3
-2
2
483
400
4114
3873409
-21
-2
-2
492
317
4152
3874434
-7
16
3
510
291
4118
3875459
15
26
13
473
318
4175
3876484
-6
19
5
479
289
4214
3877509
-16
21
2
497
295
4192
3878534
9
17
1
462
313
4214
3879559
27
17
-4
468
334
4232
3880584
1
19
3
477
336
4161
3881609
-11
18
6
485
341
4172
3882634
2
22
5
472
358
4205
3883659
-6
27
4
443
366
4214
3884684
-36
12
-8
416
286
4273
3885709
-47
-6
-29
457
226
4285
3886734
-20
-23
-47
479
259
4269
3879552
-11
-38
-55
476
339
4212
3880577
-8
-48
-62
472
373
4175
3881602
-11
-44
-66
463
360
4143
3882627
4
-37
-60
449
381
4160
3883652
-7
-40
-55
454
404
4211
3884677
-22
-45
-41
481
390
4193
3885702
-12
-39
-22
498
372
4157
3886727
-7
-26
-8
499
342
4104
3887752
-11
-15
8
512
346
4153
3888777
-17
-11
23
505
293
4195
3889802
-6
-13
32
514
238
4169
3890827
16
-4
33
509
244
4134
3891852
17
7
31
486
243
4145
3892877
21
9
22
481
289
4223
3893902
15
1
9
480
297
4232
3894927
32
0
3
474
349
4181
3887937
30
-2
-7
476
358
4191
3888962
15
-1
-8
481
388
4220
3889987
0
-10
-4
481
395
4220
3891012
-10
-22
-4
494
365
4212
3892037
-10
-26
3
493
371
4163
3893062
-19
-22
11
494
356
4134
3894087
-36
-6
14
514
333
4138
3895112
-93
27
17
547
344
4088
3896137
-178
126
5
623
181
4052
3897162
-355
211
51
549
328
4057
3898187
-401
143
148
496
505
3633
3899212
334
75
123
66
123
4119
3900237
852
1
8
358
298
5367
3901262
-27
-60
-5
513
284
4957
3902287
-511
-85
63
665
296
3829
3903312
-346
-101
77
410
265
3708
3895935
-64
-79
18
420
227
3839
3896960
77
-26
-10
365
440
4259
3897985
-126
-26
-44
375
343
4575
3899010
-144
-50
6
441
195
4409
3900035
53
-62
-4
520
57
3987
3901060
153
-12
-38
673
351
3829
3902085
-11
7
-31
502
218
4149
3903110
-11
12
-7
462
151
4326
3904135
101
18
2
433
266
4310
3905160
75
21
-17
442
226
4155
3906185
47
9
-29
493
204
4111
3907210
39
21
-17
525
302
4085
3908235
-34
47
-10
500
234
4037
3909260
-8
46
-17
470
311
4241
3910285
5
15
-11
439
432
4491
3911310
-41
-10
8
432
377
4385
3904129
-35
-29
21
434
253
4161
3905154
37
-37
11
460
220
4162
3906179
62
-26
9
471
329
4222
3907204
-1
-32
19
475
285
4222
3908229
-21
-38
11
489
243
4199
3909254
0
-26
7
497
239
4126
3910279
31
-15
9
462
298
4121
3911304
18
-18
-1
463
274
4205
3912329
-1
-17
-6
499
274
4224
3913354
-2
-16
-4
497
269
4176
3914379
15
-10
1
480
309
4149
3915404
8
0
1
460
306
4140
3916429
-2
-3
-4
471
273
4203
3917454
-3
-5
-2
497
317
4239
3918479
-7
-10
7
485
305
4204
3919504
3
-7
5
480
291
4144
3912320
4
-2
8
474
306
4148
3913345
-16
-2
8
482
255
4221
3914370
-13
2
12
499
273
4175
3915395
-18
8
11
489
281
4119
3916420
-26
21
3
475
266
4129
3917445
-25
23
-5
476
244
4186
3918470
-9
18
-13
478
248
4256
3919495
1
15
-14
477
281
4217
3920520
9
11
-12
467
289
4172
3921545
12
14
-13
466
332
4222
3922570
-10
9
-4
458
306
4240
3923595
-4
-3
8
453
305
4244
3924620
1
-10
9
454
300
4227
3925645
3
-15
12
463
292
4199
3926670
4
-15
14
474
306
4202
3927695
-15
-21
6
477
241
4211
3920521
-7
-25
0
493
245
4198
3921546
10
-23
0
483
299
4186
3922571
1
-20
7
470
285
4163
3923596
-11
-17
6
460
274
4148
3924621
-1
-14
0
479
240
4173
3925646
8
-11
-2
491
265
4188
3926671
-4
-9
-3
492
269
4156
3927696
-4
-2
-7
478
260
4160
3928721
-5
1
-13
479
274
4191
3929746
-3
4
-15
500
304
4202
3930771
0
1
-18
517
325
4197
3931796
3
-1
-13
511
359
4171
3932821
1
-1
-3
485
338
4194
3933846
-10
-7
3
467
329
4271
3934871
-16
-22
9
454
281
4275
3935896
-13
-32
10
457
283
4196
3928704
-8
-30
17
452
292
4133
3929729
-4
-20
20
447
269
4151
3930754
-20
-9
19
466
269
4141
3931779
-28
-7
18
496
260
4167
3932804
-14
2
17
514
284
4142
3933829
8
9
19
492
298
4161
3934854
-4
9
13
492
256
4166
3935879
-20
16
13
488
224
4132
3936904
-4
28
13
480
256
4171
3937929
-23
41
11
540
326
4192
3938954
-149
113
7
594
388
4167
3939979
-269
127
43
380
153
4418
3941004
-251
42
62
428
118
3967
3942029
145
71
64
274
578
3858
3943054
354
55
37
355
47
4382
3944079
36
44
-27
541
-11
4656
3936896
-226
19
47
632
316
4084
3937921
-174
-11
70
490
309
3923
3938946
-168
-24
47
348
377
4470
3939971
-387
-79
-26
127
230
5176
3940996
-287
-189
-45
299
-298
4541
3942021
330
-207
-16
779
277
3753
3943046
247
-114
-8
612
611
3661
3944071
-155
-46
18
357
58
3943
3945096
-25
-8
31
436
114
4286
3946121
109
-11
29
522
201
4278
3947146
151
-1
54
542
319
4009
3948171
85
39
46
499
151
3848
3949196
33
82
27
505
147
3968
3950221
29
88
1
469
74
4292
3951246
82
72
-35
506
41
4437
3952271
118
48
-32
474
231
4324
3945089
58
25
-23
438
315
4156
3946114
16
15
-27
433
300
4223
3947139
21
13
-24
441
309
4330
3948164
42
-2
-12
456
317
4289
3949189
25
-15
12
449
358
4218
3950214
-8
-15
25
458
285
4135
3951239
-1
-9
25
438
256
4211
3952264
11
-17
12
457
214
4282
3953289
35
-21
15
467
254
4245
3954314
13
-22
13
450
212
4184
3955339
3
-18
4
447
181
4161
3956364
20
-15
-10
467
208
4184
3957389
39
-11
-16
472
220
4173
3958414
61
-7
-15
487
273
4117
3959439
66
-1
-6
454
282
4120
3960464
85
-11
-14
427
299
4333
3953280
75
-24
-17
455
346
4348
3954305
54
-45
-7
463
322
4252
3955330
64
-49
7
466
355
4196
3956355
49
-53
24
477
371
4133
3957380
8
-47
31
492
419
4123
3958405
-43
-45
20
536
284
4128
3959430
15
-27
21
511
258
4146
3960455
59
-8
28
475
284
4109
3961480
25
3
22
462
240
4146
3962505
-1
-2
7
485
248
4260
3963530
2
-13
-3
494
248
4233
3964555
40
-17
-4
483
327
4191
3965580
31
-18
-7
476
355
4192
3966605
7
-18
-4
475
341
4197
3967630
23
-19
4
483
367
4202
3968655
19
-23
4
496
339
4206
3961473
2
-22
9
502
323
4172
3962498
3
-19
16
492
330
4155
3963523
13
-16
16
497
295
4163
3964548
15
-11
14
508
307
4180
3965573
5
-8
15
504
301
4156
3966598
7
-9
13
495
296
4178
3967623
8
-6
8
494
290
4183
3968648
13
-1
2
504
304
4150
3969673
24
-3
-3
511
331
4170
3970698
29
-3
-5
503
354
4206
3971723
9
-6
-3
503
340
4185
3972748
10
-4
2
499
366
4173
3973773
24
-3
9
496
406
4174
3974798
39
1
21
482
421
4157
3975823
29
3
26
480
371
4187
3976848
25
2
27
477
339
4224
3969664
9
-2
23
486
323
4234
3970689
-6
-15
16
513
286
4239
3971714
4
-22
11
521
311
4195
3972739
10
-27
3
500
330
4186
3973764
2
-29
-3
500
339
4175
3974789
2
-29
-4
494
339
4168
3975814
15
-25
-1
499
370
4158
3976839
-9
-9
6
561
415
4180
3977864
-136
77
12
618
429
4154
3978889
-333
179
-9
428
390
4219
3979914
-405
102
-19
481
167
4190
3980939
19
-4
105
256
320
4303
3981964
435
-14
4
359
366
4277
3982989
161
-29
-1
631
408
4185
3984014
-202
-51
57
570
109
3983
3985039
-124
-55
88
564
283
4065
3977856
34
-51
93
516
235
4058
3978881
53
-10
73
473
444
3996
3979906
-122
-39
52
341
400
4583
3980931
-321
-109
-1
421
71
4812
3981956
-46
-181
-13
507
47
4545
3982981
238
-196
-29
741
424
4031
3984006
158
-150
-22
512
192
3773
3985031
149
-93
-11
476
160
3939
3986056
139
-64
-28
540
278
4262
3987081
19
-70
-29
614
287
4293
3988106
40
-57
-1
625
398
4084
3989131
59
-34
-4
587
425
3941
3990156
57
-5
-24
584
291
3878
3991181
96
16
-32
571
324
4137
3992206
102
3
-40
606
385
4365
3993231
55
-12
-17
586
443
4302
3986047
1
-27
-5
589
380
4117
3987072
-6
4
11
558
411
3953
3988097
19
-5
-6
522
320
4248
3989122
17
-9
-14
595
345
4341
3990147
2
-29
11
579
428
4265
3991172
-10
-50
10
581
309
4133
3992197
15
-34
6
590
329
4037
3993222
20
-28
-4
601
381
4145
3994247
-18
-23
-8
650
388
4153
3995272
-16
-20
0
629
372
4117
3996297
22
-10
2
609
387
4080
3997322
13
9
6
585
401
4056
3998347
-4
22
15
551
390
4113
3999372
-8
32
20
558
383
4149
4000397
-13
32
18
575
365
4190
4001422
-18
28
13
575
346
4182
3994240
-8
27
14
581
365
4148
3995265
-17
26
14
575
353
4141
3996290
-25
25
11
560
340
4173
3997315
-11
23
3
566
343
4188
3998340
7
23
0
561
380
4188
3999365
-7
18
0
557
369
4179
4000390
-6
14
6
558
361
4212
4001415
2
16
11
551
370
4189
4002440
-4
9
15
542
372
4180
4003465
-3
9
16
545
344
4163
4004490
7
2
13
555
351
4231
4005515
23
-9
12
569
342
4246
4006540
19
-21
10
562
358
4221
4007565
-3
-28
10
565
340
4153
4008590
13
-24
10
554
364
4126
4009615
12
-19
2
547
340
4155
4002432
10
-20
-5
562
353
4188
4003457
7
-23
-4
570
358
4185
4004482
8
-22
-4
586
379
4168
4005507
7
-20
2
583
391
4144
4006532
-4
-26
-1
578
371
4183
4007557
0
-26
1
577
377
4192
4008582
13
-27
4
572
372
4148
4009607
8
-26
-2
583
363
4145
4010632
-2
-22
3
585
379
4141
4011657
7
-22
6
588
349
4152
4012682
14
-16
2
606
350
4153
4013707
10
-13
2
597
341
4152
4014732
-5
-11
-5
584
335
4150
4015757
-12
-5
-9
586
340
4079
4016782
12
8
-15
581
363
4094
4017807
16
18
-19
566
409
4189
4010623
3
16
-15
573
406
4212
4011648
0
6
-4
577
430
4204
4012673
-18
-2
2
582
401
4173
4013698
-15
-7
4
591
384
4173
4014723
-4
-8
3
575
390
4179
4015748
-1
-12
2
572
364
4172
4016773
2
-12
7
575
384
4171
4017798
-6
-13
4
579
365
4160
4018823
-2
-3
0
580
340
4115
4019848
20
14
-1
592
345
4097
4020873
-13
56
-11
663
443
4112
4021898
-198
138
7
598
568
4179
4022923
-372
109
-29
498
70
4292
4023948
-300
68
-47
626
63
3917
4024973
124
64
27
430
495
3936
4025998
300
23
-25
344
596
4668
4018816
-59
-50
-11
641
103
4746
4019841
-202
-65
-17
650
118
4009
4020866
-100
-79
8
585
521
3900
4021891
-75
-84
59
564
386
3959
4022916
-80
-41
66
468
514
4384
4023941
-272
-80
15
424
357
4654
4024966
-198
-166
29
479
-27
4390
4025991
241
-180
14
751
177
3802
4027016
379
-91
25
720
679
3707
4028041
30
-34
15
551
202
3875
4029066
-1
12
0
639
40
4107
4030091
123
28
-5
639
295
4290
4031116
48
14
-21
666
340
4255
4032141
8
-3
-12
597
295
4201
4033166
96
-19
-15
593
284
4214
4034191
99
-9
-20
580
423
4229
4027093
18
-20
-7
611
405
4181
4028118
-9
27
30
596
448
3936
4029143
12
26
27
552
358
4149
4030168
20
27
2
637
297
4246
4031193
17
27
17
624
357
4163
4032218
13
-3
9
596
320
4259
4033243
7
-4
-1
609
286
4171
4034268
33
0
11
562
356
4138
4035293
22
4
0
591
359
4097
4036318
21
21
1
581
364
4128
4037343
13
8
-1
586
341
4236
4038368
15
2
-3
592
326
4211
4039393
34
-4
1
590
356
4153
4040418
55
-1
5
586
396
4052
4041443
25
6
2
595
404
4083
4042468
-42
3
-9
598
374
4269
4035199
-9
-6
-4
597
338
4311
4036224
34
-7
4
585
386
4237
4037249
8
-9
12
583
402
4128
4038274
-26
-7
21
567
350
4091
4039299
-25
-9
12
590
327
4211
4040324
-13
-10
5
598
322
4221
4041349
19
-19
3
614
337
4131
4042374
30
-12
-2
604
373
4092
4043399
8
-2
-3
587
387
4114
4044424
-6
5
-1
580
364
4149
4045449
7
-2
-6
581
366
4236
4046474
12
-9
-6
594
400
4210
4047499
5
-17
3
590
420
4162
4048524
-2
-19
2
589
391
4152
4049549
3
-19
7
586
401
4182
4050574
9
-21
12
580
399
4196
4043392
12
-24
15
592
380
4164
4044417
13
-28
15
595
374
4155
4045442
9
-27
10
595
357
4142
4046467
9
-29
4
594
354
4172
4047492
16
-32
1
622
365
4167
4048517
12
-26
2
616
385
4131
4049542
6
-26
8
615
389
4139
4050567
9
-23
8
613
377
4142
4051592
1
-20
6
614
371
4142
4052617
1
-19
6
624
367
4147
4053642
-2
-15
4
623
389
4148
4054667
-9
-15
5
623
375
4146
4055692
0
-12
6
622
372
4139
4056717
11
-6
8
618
397
4132
4057742
0
-2
10
609
378
4141
4058767
-3
-4
13
603
374
4181
4051585
4
-10
14
608
377
4190
4052610
5
-16
12
615
362
4178
4053635
17
-14
14
617
407
4146
4054660
5
-19
5
625
397
4166
4055685
-6
-24
-1
642
404
4162
4056710
5
-20
1
645
390
4123
4057735
16
-2
4
623
381
4080
4058760
5
9
5
600
375
4116
4059785
-1
11
1
636
341
4161
4060810
1
20
1
623
350
4160
4061835
-10
19
-4
618
337
4159
4062860
-4
20
-9
615
385
4143
4063885
-2
16
-10
613
401
4140
4064910
-4
11
-13
626
389
4161
4065935
-24
31
-20
692
466
4150
4066960
-199
88
-21
667
511
4207
4059777
-503
91
10
684
289
3858
4060802
-309
115
61
493
329
3796
4061827
625
45
-11
89
124
4928
4062852
546
-40
-32
752
449
5320
4063877
-386
-87
8
775
452
3635
4064902
-413
-111
73
690
443
3173
4065927
-128
-76
93
584
529
3822
4066952
-75
-30
75
554
503
4281
4067977
-128
-62
16
467
238
4752
4069002
-57
-126
8
515
58
4695
4070027
163
-179
32
752
186
4072
4071052
209
-114
47
817
585
3769
4072077
2
-33
31
565
269
3911
4073102
19
7
17
631
146
4178
4074127
107
15
19
640
254
4267
4075152
59
4
15
660
365
4197
4067968
23
-1
13
650
278
4140
4068993
44
14
4
675
257
4062
4070018
51
34
-10
693
371
4019
4071043
53
40
-7
655
449
4120
4072068
42
20
-20
603
370
4307
4073093
3
-1
-27
642
319
4262
4074118
29
7
3
633
465
4130
4075143
0
7
18
624
413
4055
4076168
2
10
19
623
369
4150
4077193
12
15
13
623
377
4239
4078218
-4
-4
12
646
348
4229
4079243
-14
-15
11
649
351
4163
4080268
-15
-7
11
625
346
4075
4081293
4
-2
1
612
343
4143
4082318
-2
-2
-10
647
321
4179
4083343
25
3
2
660
398
4169
4076159
-2
0
2
636
363
4148
4077184
-21
-4
-1
638
341
4155
4078209
15
1
5
609
376
4159
4079234
24
-2
-4
615
350
4178
4080259
9
-11
-10
645
379
4202
4081284
-10
-10
-5
648
385
4122
4082309
-1
-5
0
632
389
4138
4083334
1
-3
-4
643
381
4138
4084359
13
-3
3
615
417
4173
4085384
-3
-9
1
626
386
4152
4086409
0
-7
5
626
367
4140
4087434
4
-7
3
642
357
4186
4088459
-1
1
4
644
357
4126
4089484
1
1
5
643
370
4140
4090509
-10
11
3
632
379
4101
4091534
-5
9
-4
608
348
4196
4084352
-3
-2
-16
639
345
4232
4085377
3
-10
-11
638
390
4186
4086402
1
-17
-5
625
394
4152
4087427
2
-12
-2
635
387
4145
4088452
12
-9
5
634
420
4186
4089477
7
-12
13
632
395
4179
4090502
-5
-20
17
641
381
4183
4091527
-16
-24
21
643
364
4147
4092552
-10
-19
21
646
341
4097
4093577
-2
-7
14
657
333
4102
4094602
-6
2
6
651
356
4131
4095627
-9
7
1
634
345
4144
4096652
-5
11
-7
632
339
4128
4097677
1
8
-13
632
363
4187
4098702
-6
8
-14
634
370
4162
4099727
3
7
-9
623
372
4164
4092544
15
2
-9
621
423
4200
4093569
-17
-4
-12
639
374
4157
4094594
-14
-2
-4
617
377
4143
4095619
1
-5
-3
626
380
4169
4096644
-5
-8
-1
645
366
4175
4097669
-16
-3
2
642
346
4133
4098694
-16
7
1
631
358
4102
4099719
-5
6
-8
617
328
4150
4100744
10
9
-17
630
342
4173
4101769
17
11
-23
626
379
4162
4102794
23
10
-27
636
381
4155
4103819
29
11
-23
628
397
4159
4104844
19
18
-8
612
459
4136
4105869
-21
16
0
613
436
4156
4106894
-70
34
4
672
458
4114
4107919
-221
144
-5
795
438
4055
4100883
-486
217
26
637
66
4230
4101908
-241
92
89
361
-175
4062
4102933
1127
5
-29
-13
612
5107
4103958
257
-63
-59
897
1115
4951
4104983
-880
-100
60
824
310
3399
4106008
-607
-86
132
596
120
3140
4107033
43
-49
96
559
159
3865
4108058
193
1
30
598
371
4487
4109083
-23
-8
11
578
397
4512
4110108
-138
-53
47
608
350
4350
4111133
-84
-52
71
484
95
4168
4112158
133
-64
8
635
126
4093
4113183
138
-61
-18
718
347
4148
4114208
12
-51
-19
657
180
4194
4115233
58
-31
19
600
298
4146
4116258
63
-41
18
613
339
4150
4108928
35
-26
9
605
288
4120
4109953
56
-16
-3
632
354
4173
4110978
26
-26
-9
672
324
4252
4112003
9
-34
7
672
328
4253
4113028
26
-44
34
644
419
4082
4114053
44
-30
35
619
408
4002
4115078
26
4
25
609
308
4064
4116103
39
19
32
643
338
4194
4117128
32
8
39
662
318
4262
4118153
7
-2
29
691
278
4140
4119178
34
10
32
648
341
4047
4120203
27
10
7
607
262
4176
4121228
18
-6
-20
644
230
4321
4122253
36
-24
-18
657
373
4276
4123278
24
-38
-7
630
374
4137
4124303
28
-28
1
647
407
4028
4117120
42
-8
15
607
431
4112
4118145
14
-10
2
637
311
4215
4119170
27
-15
8
666
380
4188
4120195
18
-30
17
658
402
4208
4121220
-7
-30
14
661
309
4115
4122245
21
-27
9
649
347
4167
4123270
13
-24
2
671
349
4124
4124295
6
-15
11
642
346
4067
4125320
4
-13
0
652
341
4174
4126345
6
-12
-11
669
361
4180
4127370
23
-17
-10
650
385
4174
4128395
21
-18
-10
665
388
4140
4129420
6
-13
-2
659
424
4119
4130445
-25
-20
-1
656
372
4167
4131470
-10
-18
-1
671
353
4131
4132495
18
-10
2
669
378
4104
4125311
12
-3
5
662
379
4130
4126336
-7
2
8
660
388
4150
4127361
-13
-4
6
657
332
4162
4128386
9
-6
1
671
360
4159
4129411
8
-6
5
679
417
4134
4130436
-12
-1
12
669
403
4121
4131461
-16
8
12
655
375
4109
4132486
5
13
13
639
382
4123
4133511
0
14
7
656
366
4140
4134536
-12
21
2
666
342
4129
4135561
-3
21
-4
671
327
4144
4136586
6
20
-6
668
355
4172
4137611
-9
15
-8
662
354
4196
4138636
-20
8
-11
648
335
4168
4139661
-4
7
-11
630
364
4172
4140686
-4
5
-10
628
377
4168
4133505
-6
3
-8
645
401
4145
4134530
1
4
-8
649
410
4160
4135555
6
2
-3
665
401
4141
4136580
11
8
7
645
398
4109
4137605
6
9
7
627
366
4160
4138630
-5
9
1
643
367
4194
4139655
-9
5
3
628
339
4169
4140680
3
-3
-1
639
353
4194
4141705
-3
-6
-3
651
364
4190
4142730
-10
-10
-1
643
360
4170
4143755
-11
-17
-4
645
372
4170
4144780
-14
-14
-3
650
424
4117
4145805
-27
-3
-3
655
429
4088
4146830
-59
44
2
694
490
4103
4147855
-244
67
55
607
456
4233
4148880
-417
13
22
668
68
4089
4141696
-68
49
10
721
272
3814
4142721
421
68
62
490
660
4187
4143746
324
35
39
516
598
4513
4144771
-194
22
84
676
148
4254
4145796
-306
15
54
686
-77
4001
4146821
-26
23
39
637
221
4099
4147846
92
4
33
576
231
4063
4148871
-2
11
16
640
468
4034
4149896
-218
32
37
542
567
4192
4150921
-380
-64
-27
458
60
5027
4151946
-299
-163
-82
618
-166
4751
4152971
230
-173
-16
927
440
3719
4153996
289
-83
21
632
727
3655
4155021
-44
-39
-2
500
82
3891
4156046
27
21
8
615
191
4144
4157071
119
36
17
660
389
4225
4149888
68
20
21
703
337
4200
4150913
21
3
23
678
204
4162
4151938
41
21
8
663
215
4025
4152963
82
30
-14
645
276
4109
4153988
92
53
-22
642
346
4165
4155013
48
46
-15
575
356
4251
4156038
-11
5
-30
635
261
4342
4157063
-7
-1
-14
635
381
4272
4158088
25
-28
-5
612
357
4215
4159113
39
-25
-8
632
365
4123
4160138
25
-23
10
599
404
4152
4161163
6
-32
14
630
377
4196
4162188
-2
-12
18
671
341
4067
4163213
22
-11
22
637
340
4140
4164238
26
-18
7
651
282
4225
4165263
18
-17
3
653
327
4166
4158080
7
-23
1
638
330
4127
4159105
8
-20
-6
639
321
4131
4160130
17
-11
-7
637
341
4146
4161155
21
-16
-5
637
355
4198
4162180
12
-23
-6
655
369
4180
4163205
11
-19
0
652
374
4141
4164230
-1
-19
1
649
341
4134
4165255
-2
-18
-2
651
338
4139
4166280
20
-18
-1
648
353
4172
4167305
14
-22
-5
650
361
4186
4168330
2
-22
-1
653
360
4124
4169355
7
-18
2
646
356
4115
4170380
16
-13
-2
656
366
4132
4171405
9
-8
-4
654
374
4170
4172430
-10
-9
-6
662
357
4138
4173455
2
-7
0
657
366
4121
4166271
9
-6
1
664
361
4157
4167296
0
3
3
668
371
4128
4168321
-7
-1
6
649
353
4186
4169346
1
-9
1
655
324
4202
4170371
8
-9
4
648
364
4150
4171396
0
-11
2
652
360
4105
4172421
10
-2
1
656
390
4136
4173446
-4
-2
1
656
352
4170
4174471
-1
-6
2
664
365
4172
4175496
0
-11
5
658
370
4169
4176521
-1
-9
5
660
364
4140
4177546
-2
-3
5
648
372
4120
4178571
0
-4
3
657
354
4168
4179596
1
-3
4
668
357
4163
4180621
-4
-3
7
662
364
4129
4181646
-10
4
3
658
345
4120
4174464
-4
9
-3
640
335
4153
4175489
12
0
-9
653
345
4224
4176514
15
-11
-7
656
363
4212
4177539
2
-15
-2
656
386
4142
4178564
-5
-13
0
651
386
4107
4179589
4
-6
2
645
383
4156
4180614
0
-8
1
666
371
4183
4181639
6
-11
8
666
389
4160
4182664
-3
-11
12
662
373
4125
4183689
-15
-7
10
658
334
4119
4184714
-14
6
4
676
331
4129
4185739
-70
43
-11
773
368
4006
4186764
-254
189
-4
785
584
3898
4187789
-395
160
6
551
96
4243
4188814
-2
49
45
604
-30
3994
4189839
662
23
43
274
607
4541
4182657
326
-54
-23
692
780
4913
4183682
-445
-125
30
746
202
4413
4184707
-399
-136
75
661
58
3838
4185732
-44
-117
45
566
283
3787
4186757
53
-85
2
647
344
4015
4187782
-65
-32
25
700
483
4100
4188807
-212
-37
55
592
402
4482
4189832
-239
-88
26
572
104
4485
4190857
49
-95
0
836
354
3980
4191882
157
-66
-7
723
313
3760
4192907
150
-36
-3
652
134
3980
4193932
148
-16
9
671
301
4298
4194957
14
-21
9
710
290
4244
4195982
3
-8
25
716
369
4056
4197007
59
6
16
689
365
3995
4198032
94
13
7
683
259
4019
4190848
109
33
-10
703
246
4135
4191873
85
35
-13
708
417
4286
4192898
1
14
-1
707
371
4244
4193923
-6
-1
9
680
336
4189
4194948
27
-1
3
663
337
4145
4195973
46
3
6
653
411
4137
4196998
5
0
5
675
357
4138
4198023
-11
-4
10
685
314
4178
4199048
22
-4
9
708
354
4205
4200073
17
-5
11
684
365
4166
4201098
-7
-20
5
684
329
4184
4202123
-13
-15
6
697
333
4091
4203148
17
-14
7
659
377
4168
4204173
0
-16
-8
698
322
4148
4205198
0
-6
0
701
363
4079
4206223
17
-2
6
663
376
4120
4199040
7
3
-3
681
351
4138
4200065
-3
9
0
687
369
4116
4201090
-9
13
-6
698
340
4110
4202115
6
18
-6
684
318
4124
4203140
26
16
-3
667
388
4217
4204165
12
12
-6
669
370
4171
4205190
-1
14
-7
672
370
4122
4206215
-6
6
-6
663
363
4196
4207240
-5
-3
-3
675
364
4193
4208265
-1
-8
4
677
350
4150
4209290
3
-13
2
687
366
4189
4210315
-4
-7
8
680
380
4134
4211340
-13
-11
10
661
331
4134
4212365
-3
-7
0
683
348
4125
4213390
2
4
1
674
367
4103
4214415
-4
2
-4
676
357
4144
4207233
-8
6
-8
687
354
4125
4208258
-2
8
-2
672
380
4130
4209283
3
13
-2
665
371
4135
4210308
-5
22
-1
666
389
4134
4211333
-18
18
-1
652
356
4191
4212358
-7
11
-4
676
352
4198
4213383
4
8
4
672
388
4168
4214408
-21
2
10
671
347
4136
4215433
-12
8
10
653
342
4136
4216458
4
7
2
648
347
4185
4217483
1
2
-3
664
351
4170
4218508
-8
0
1
663
363
4147
4219533
-15
3
1
661
339
4139
4220558
-1
6
3
656
368
4156
4221583
1
0
1
657
352
4178
4222608
2
0
2
662
375
4157
4215423
-7
0
8
652
376
4134
4216448
-9
-1
8
654
341
4147
4217473
1
-2
4
664
349
4180
4218498
2
-6
3
668
353
4161
4219523
1
-3
4
658
350
4121
4220548
0
-3
2
658
359
4150
4221573
-1
-3
3
654
364
4186
4222598
-4
-8
1
653
340
4180
4223623
2
-14
0
659
360
4159
4224648
4
-13
3
658
378
4127
4225673
-6
-9
0
651
369
4137
4226698
-5
-8
1
663
364
4159
4227723
9
-6
8
666
359
4161
4228748
9
-8
10
658
348
4173
4229773
4
-9
10
660
356
4166
4230798
-1
-10
9
666
344
4131
4223616
12
-7
7
657
372
4122
4224641
-11
2
-4
683
339
4147
4225666
-70
61
-11
774
369
4093
4226691
-192
125
23
641
488
4194
4227716
-466
97
44
708
465
3880
4228741
-296
99
74
554
157
3699
4229766
325
56
23
344
65
4544
4230791
383
-2
-35
685
260
5014
4231816
-228
-73
-1
801
334
4395
4232841
-272
-106
58
687
378
3952
4233866
-96
-115
42
578
160
3829
4234891
51
-62
28
587
423
3887
4235916
-15
-36
11
566
442
4193
4236941
-156
-50
19
632
328
4493
4237966
-164
-91
12
595
191
4618
4238991
28
-115
-24
784
109
3946
4231808
252
-62
-15
844
419
3678
4232833
145
-19
-6
624
190
3909
4233858
72
12
-10
638
124
4163
4234883
54
32
-21
693
311
4247
4235908
39
24
-13
714
329
4169
4236933
95
10
-10
688
339
4182
4237958
99
-3
-14
664
319
4222
4238983
76
-13
-21
659
320
4208
4240008
71
-7
-16
677
395
4192
4241033
7
-7
-2
682
398
4132
4242058
7
6
24
687
381
4066
4243083
15
11
12
661
306
4169
4244108
29
6
0
682
310
4196
4245133
33
-6
4
668
369
4220
4246158
-10
-20
-7
678
260
4141
4247183
16
-8
-8
678
342
4101
4240041
-1
3
-11
673
405
4111
4241066
-52
10
5
680
447
4104
4242091
-33
17
12
672
318
4130
4243116
39
22
5
661
296
4207
4244141
39
3
-11
672
297
4268
4245166
-2
-9
1
667
379
4238
4246191
-52
-23
7
669
317
4120
4247216
-14
-21
0
660
323
4089
4248241
28
-12
-7
670
337
4126
4249266
40
-5
-6
672
368
4162
4250291
4
-2
-4
680
374
4141
4251316
-31
-3
1
671
369
4126
4252341
-12
-6
5
662
333
4152
4253366
23
-3
0
677
355
4163
4254391
19
5
1
674
364
4142
4255416
-12
10
2
677
360
4142
4248193
-24
5
4
672
327
4161
4249218
6
5
6
661
365
4163
4250243
6
-3
3
648
354
4186
4251268
5
-9
0
673
345
4172
4252293
10
-11
5
667
368
4170
4253318
-1
-14
7
679
351
4148
4254343
-11
-15
7
680
363
4142
4255368
-15
-12
10
668
329
4136
4256393
5
-7
6
666
337
4140
4257418
3
-4
4
690
314
4109
4258443
11
8
2
676
333
4119
4259468
-8
10
2
663
373
4188
4260493
-26
4
3
673
320
4160
4261518
13
11
0
671
354
4137
4262543
19
11
-1
665
366
4140
4263568
9
5
-1
667
364
4180
4256384
-1
2
1
661
353
4176
4257409
-11
-1
7
656
377
4149
4258434
-17
-3
7
665
373
4130
4259459
-3
7
9
653
355
4117
4260484
17
10
4
659
352
4164
4261509
-5
7
3
668
330
4187
4262534
-11
-2
7
671
330
4185
4263559
-1
-9
6
667
317
4157
4264584
10
-6
3
665
349
4136
4265609
-3
-3
3
650
332
4122
4266634
-6
-3
1
657
351
4167
4267659
-1
-11
-4
665
375
4214
4268684
0
-20
0
661
374
4171
4269709
3
-17
4
663
363
4099
4270734
1
-6
6
661
367
4121
4271759
-23
1
10
670
376
4181
4264576
-52
7
6
678
289
4146
4265601
-44
37
-4
705
286
4084
4266626
-16
62
27
693
398
4044
4267651
-117
75
11
681
419
4242
4268676
-320
43
21
745
184
4048
4269701
-151
60
72
501
448
4030
4270726
233
31
-22
226
148
4610
4271751
282
-77
-87
756
-109
4871
4272776
-6
-89
-84
865
320
3896
4273801
-197
-96
-36
734
727
3696
4274826
-303
-105
-4
646
383
3890
4275851
-195
-76
1
598
531
4378
4276876
-176
-104
-32
519
248
4663
4277901
9
-141
8
627
115
4273
4278926
284
-117
46
813
467
3888
4279951
141
-62
46
777
469
3764
4272768
-34
-23
49
673
120
3893
4273793
91
30
39
719
190
4124
4274818
151
60
34
710
316
4154
4275843
85
46
27
718
283
4129
4276868
79
54
14
704
283
4117
4277893
70
48
-8
682
239
4200
4278918
88
36
-30
717
276
4282
4279943
60
37
-26
684
380
4173
4280968
25
4
-18
645
408
4254
4281993
-18
1
-14
658
379
4206
4283018
-3
3
8
647
415
4168
4284043
27
-16
10
668
395
4254
4285068
-1
-24
15
711
369
4159
4286093
-16
-29
29
683
344
4103
4287118
6
-23
18
686
290
4094
4288143
20
6
8
706
322
4017
4280961
26
16
8
656
374
4129
4281986
-1
8
-6
674
320
4183
4283011
7
16
-8
691
328
4108
4284036
15
24
-6
675
389
4107
4285061
-6
19
-6
661
379
4165
4286086
-8
19
-3
673
349
4162
4287111
12
23
-2
659
367
4153
4288136
10
17
-2
660
399
4202
4289161
-13
10
6
672
359
4200
4290186
-14
6
15
661
369
4148
4291211
-9
0
8
653
355
4159
4292236
3
-6
-1
661
346
4206
4293261
-2
-14
0
667
347
4168
4294286
-8
-18
1
673
332
4123
4295311
4
-15
0
673
334
4124
4296336
7
-6
-3
676
337
4104
4289152
1
7
-3
663
354
4118
4290177
0
7
-5
658
349
4167
4291202
7
5
-7
667
350
4171
4292227
13
4
-6
663
381
4171
4293252
-1
-5
-5
662
403
4188
4294277
-23
-11
2
671
384
4116
4295302
-10
-3
9
644
366
4095
4296327
-7
4
0
664
368
4152
4297352
-13
9
1
673
347
4148
4298377
-2
9
10
662
365
4135
4299402
-1
10
11
654
363
4148
4300427
-16
13
5
656
339
4141
4301452
-14
14
1
663
349
4143
4302477
1
15
-1
660
360
4163
4303502
-5
16
2
655
358
4182
4304527
-16
8
9
647
327
4181
4297344
-3
7
11
657
336
4168
4298369
-3
3
6
644
337
4172
4299394
-15
3
1
653
330
4152
4300419
-1
-2
-1
638
357
4190
4301444
5
-2
-4
656
355
4129
4302469
8
3
-2
650
382
4118
4303494
-1
6
-1
640
383
4147
4304519
-3
6
5
636
353
4178
4305544
-1
4
6
636
355
4197
4306569
-8
-1
6
642
356
4173
4307594
-7
-3
6
645
335
4144
4308619
2
-3
1
649
333
4181
4309644
0
-3
1
649
350
4195
4310669
-2
-8
6
648
350
4157
4311694
-1
-11
-2
642
345
4152
4312719
9
-10
-4
640
366
4146
4305535
16
-12
-2
635
367
4176
4306560
11
-15
2
646
385
4186
4307585
-7
-19
7
655
363
4148
4308610
1
-17
10
649
358
4133
4309635
9
-14
6
654
355
4165
4310660
-8
-10
6
671
345
4130
4311685
-37
6
14
695
437
4049
4312710
-83
42
21
688
456
4144
4313735
-142
80
4
716
120
4202
4314760
-143
65
36
660
306
4089
4315785
-130
-8
36
607
286
3772
4316810
324
13
-31
298
370
4391
4317835
452
-9
-31
728
451
4904
4318860
-160
-48
-12
735
275
4162
4319885
-226
-36
36
778
448
3535
4320910
-146
-11
51
590
437
3799
4313729
-133
-16
31
572
373
4291
4314754
-176
-25
11
539
348
4636
4315779
-214
-83
-7
602
188
4640
4316804
2
-101
22
680
201
4123
4317829
204
-79
27
802
438
3855
4318854
85
-45
22
668
187
3873
4319879
96
-6
24
637
243
4101
4320904
122
12
33
633
425
4278
4321929
23
15
18
685
324
4180
4322954
5
30
25
707
341
4033
4323979
-3
54
13
667
341
4007
4325004
-16
62
-13
631
200
4113
4326029
48
38
-38
662
226
4272
4327054
43
12
-53
685
302
4330
4328079
0
-11
-42
664
311
4257
4329104
3
-22
-24
657
418
4164
4321920
-6
-26
-3
615
461
4114
4322945
4
-23
4
618
449
4159
4323970
12
-13
11
637
385
4123
4324995
37
-11
15
668
313
4137
4326020
28
-13
8
675
350
4198
4327045
-49
-22
18
681
413
4162
4328070
-52
-27
24
645
295
4131
4329095
40
-14
5
653
240
4128
4330120
71
2
-6
658
344
4125
4331145
-5
-5
-8
652
330
4144
4332170
-31
-5
-8
684
305
4134
4333195
11
6
-7
669
345
4138
4334220
23
5
-15
646
358
4180
4335245
17
-5
-16
660
359
4218
4336270
9
-8
-10
669
376
4173
4337295
5
-9
3
654
382
4143
4330111
4
-10
3
648
368
4180
4331136
-5
-14
5
653
374
4185
4332161
-8
-19
9
653
357
4171
4333186
-6
-26
2
672
336
4141
4334211
-14
-21
-2
675
337
4074
4335236
5
-10
2
670
329
4099
4336261
19
2
-2
665
366
4163
4337286
-10
3
-6
683
339
4158
4338311
-13
-1
-1
663
333
4153
4339336
4
4
-3
663
353
4110
4340361
-3
12
-6
655
366
4097
4341386
-12
8
-9
648
384
4153
4342411
-11
11
-6
660
393
4152
4343436
-4
13
-5
663
352
4139
4344461
10
18
-2
655
360
4152
4345486
7
22
-2
644
370
4150
4338304
-20
15
-7
660
321
4170
4339329
-9
13
-7
656
353
4183
4340354
-4
8
-3
647
358
4164
4341379
-11
8
1
648
346
4158
4342404
-10
8
3
639
364
4168
4343429
-15
3
1
653
329
4151
4344454
-4
4
1
653
350
4144
4345479
-2
5
0
645
370
4154
4346504
-11
6
-1
641
363
4142
4347529
-2
5
-3
633
347
4154
4348554
13
2
-1
633
374
4164
4349579
13
0
1
638
381
4171
4350604
-1
-3
0
641
349
4171
4351629
-3
-2
-3
649
307
4143
4352654
12
6
-3
645
322
4126
4353679
5
12
-3
642
352
4120
4346496
-8
12
-6
643
365
4165
4347521
-8
8
-8
636
345
4167
4348546
-5
5
-11
640
357
4179
4349571
-10
1
-7
637
359
4177
4350596
-10
-1
-4
632
374
4142
4351621
-5
-3
-1
631
359
4136
4352646
7
-2
-2
622
377
4163
4353671
-11
-1
-5
647
369
4149
4354696
-26
0
-1
635
348
4166
4355721
-14
1
4
644
328
4172
4356746
-9
8
7
669
371
4165
4357771
-49
44
9
702
312
4103
4358796
-114
95
7
601
478
4201
4359821
-338
36
8
647
316
4091
4360846
-172
2
77
465
139
4083
4361871
570
-4
-16
387
310
4458
4354688
378
-17
-78
843
537
4533
4355713
-267
-39
23
755
345
3859
4356738
-289
-27
57
679
278
3770
4357763
-17
3
65
541
377
4042
4358788
45
30
47
539
428
4162
4359813
-86
22
38
571
435
4291
4360838
-240
-38
51
586
293
4658
4361863
-275
-107
46
581
59
4600
4362888
-11
-129
16
779
190
4038
4363913
134
-79
8
645
372
3879
4364938
66
-67
-4
590
93
4004
4365963
102
-29
-6
628
222
4134
4366988
78
-14
5
660
396
4114
4368013
21
-8
5
707
385
4027
4369038
46
4
10
678
329
4064
4370063
95
29
3
673
289
4096
4362880
85
51
-2
643
341
4124
4363905
46
26
-5
637
362
4288
4364930
-7
19
-2
665
309
4213
4365955
-17
10
0
630
241
4184
4366980
51
-14
-7
627
362
4315
4368005
9
-29
-10
657
379
4211
4369030
-9
-38
6
634
334
4116
4370055
11
-37
3
639
362
4154
4371080
-10
-12
9
678
315
4022
4372105
21
1
15
638
363
4107
4373130
-2
-11
-7
669
350
4226
4374155
-5
-14
-6
675
310
4151
4375180
26
-3
3
637
359
4101
4376205
9
6
2
640
335
4098
4377230
5
15
1
645
302
4140
4378255
11
18
1
643
331
4181
4371072
6
8
-5
653
318
4190
4372097
13
4
-5
651
341
4188
4373122
2
-1
-6
636
344
4191
4374147
-6
-8
-7
638
362
4147
4375172
9
-10
0
631
384
4167
4376197
3
-13
2
633
373
4210
4377222
-5
-19
5
657
360
4183
4378247
-4
-18
10
651
340
4114
4379272
4
-9
10
649
331
4107
4380297
-4
-2
12
651
350
4134
4381322
-9
-7
7
655
314
4176
4382347
3
-9
3
661
341
4160
4383372
4
-3
5
646
336
4099
4384397
-7
1
-3
635
305
4132
4385422
0
1
-8
652
346
4183
4386447
5
-4
-5
651
376
4167
4379264
-5
0
-4
644
363
4129
4380289
-4
-2
0
638
378
4182
4381314
-10
-2
3
648
364
4142
4382339
-5
-3
6
648
330
4153
4383364
-3
0
3
662
340
4143
4384389
-5
1
5
651
328
4138
4385414
-8
1
3
644
335
4157
4386439
-5
2
1
649
334
4148
4387464
1
5
2
641
356
4133
4388489
-6
3
0
646
343
4149
4389514
-7
6
1
645
331
4168
4390539
-6
6
1
647
346
4178
4391564
-4
1
0
643
357
4146
4392589
-2
1
1
644
337
4139
4393614
-6
5
-2
633
353
4172
4394639
-17
6
3
641
329
4154
4387456
-1
5
7
642
318
4153
4388481
3
5
3
636
335
4183
4389506
-15
2
1
646
322
4165
4390531
-11
-3
3
639
326
4155
4391556
7
-7
1
630
348
4164
4392581
4
-6
-1
639
371
4142
4393606
-8
-2
-1
647
335
4144
4394631
16
6
4
639
357
4171
4395656
8
6
3
630
354
4167
4396681
-17
0
1
639
332
4170
4397706
-5
-1
0
649
331
4154
4398731
3
-2
0
635
329
4174
4399756
-6
-5
1
627
339
4170
4400781
-15
-5
1
638
330
4149
4401806
-7
-3
2
633
326
4156
4402831
6
-5
0
642
352
4169
4395648
0
-7
0
638
346
4152
4396673
-2
-7
-1
628
340
4171
4397698
-1
-7
1
644
331
4145
4398723
7
-3
7
641
359
4143
4399748
-21
7
-3
671
322
4190
4400773
-84
67
12
784
334
4088
4401798
-225
103
61
526
497
4335
4402823
-363
8
31
594
110
4142
4403848
26
28
29
509
360
4042
4404873
243
18
45
605
514
4307
4405898
-141
-22
18
701
77
4267
4406923
-126
-17
43
679
-15
3906
4407948
74
6
11
616
375
4038
4408973
51
0
-2
596
361
4081
4409998
3
11
1
573
400
4117
4411023
-91
12
1
548
399
4245
4403840
-117
-49
-10
532
262
4652
4404865
-30
-106
-21
610
135
4490
4405890
147
-104
-2
801
412
3947
4406915
60
-62
17
607
395
3836
4407940
-13
-51
14
579
39
4008
4408965
91
-19
-11
664
190
4252
4409990
79
-17
-21
707
308
4239
4411015
62
-15
1
680
346
4114
4412040
50
5
4
648
329
3974
4413065
37
15
-12
625
312
4114
4414090
52
15
-20
646
377
4272
4415115
36
2
-4
639
405
4249
4416140
-3
-2
12
625
337
4151
4417165
-19
2
11
634
312
4137
4418190
2
8
11
652
330
4154
4419215
32
2
13
624
356
4238
4412032
-5
-23
2
666
295
4253
4413057
-26
-25
10
663
301
4158
4414082
-13
-20
19
644
324
4096
4415107
16
-16
14
623
344
4132
4416132
12
-9
8
640
345
4140
4417157
7
2
10
636
337
4076
4418182
2
10
5
656
307
4090
4419207
8
19
-1
655
300
4154
4420232
11
17
-9
649
302
4193
4421257
0
10
-16
661
303
4172
4422282
8
8
-11
641
341
4174
4423307
1
2
-10
629
355
4219
4424332
-37
-2
-2
629
381
4168
4425357
-40
-1
8
613
352
4108
4426382
-20
1
0
632
276
4118
4427407
-9
5
-4
649
301
4155
4420223
-21
2
-10
653
279
4152
4421248
-5
11
-16
659
289
4135
4422273
16
23
-14
626
364
4148
4423298
-3
16
-11
614
377
4192
4424323
-17
5
-10
625
351
4227
4425348
-3
1
1
623
369
4191
4426373
-4
-8
9
619
336
4167
4427398
-5
-12
15
640
315
4200
4428423
-2
-13
16
641
306
4178
4429448
-4
-17
13
636
309
4159
4430473
-10
-21
6
632
307
4157
4431498
-1
-18
4
639
301
4129
4432523
15
-10
1
637
321
4124
4433548
10
-3
-2
634
335
4142
4434573
-11
1
0
640
326
4133
4435598
-8
1
1
635
323
4153
4428417
1
3
-3
634
316
4162
4429442
2
3
-2
631
336
4174
4430467
-11
-3
-4
631
324
4189
4431492
-13
-1
3
640
328
4147
4432517
-8
0
6
626
335
4158
4433542
-14
-7
-3
633
300
4189
4434567
8
-12
-9
635
286
4187
4435592
11
-7
-5
631
376
4142
4436617
-19
-9
6
630
356
4147
4437642
-7
-2
10
629
331
4140
4438667
16
-1
9
620
323
4185
4439692
9
-9
0
643
299
4202
4440717
3
-15
4
653
308
4145
4441742
3
-12
9
640
331
4117
4442767
4
-5
6
626
326
4136
4443792
-6
-2
-1
637
304
4183
4436608
5
-2
2
643
302
4148
4437633
28
3
6
639
356
4140
4438658
-2
4
4
641
349
4150
4439683
-43
18
2
672
393
4142
4440708
-122
61
-6
685
313
4243
4441733
-299
60
8
642
262
4322
4442758
-299
71
58
661
476
3736
4443783
232
49
88
153
276
4074
4444808
468
-24
-8
679
152
5104
4445833
-279
-33
-29
835
0
4123
4446858
-224
-21
18
761
169
3413
4447883
36
-3
-5
622
234
3863
4448908
126
23
-16
607
509
4267
4449933
-14
16
-4
535
530
4348
4450958
-170
-9
5
554
447
4409
4451983
-192
-57
42
453
305
4692
4444800
-87
-121
16
572
33
4274
4445825
164
-108
1
828
400
3872
4446850
45
-79
14
634
276
4009
4447875
-12
-45
32
624
88
4093
4448900
103
-20
42
642
309
4199
4449925
62
-28
16
651
339
4182
4450950
17
-27
20
679
226
4062
4451975
70
-4
18
657
238
4124
4453000
42
18
2
673
307
4080
4454025
10
24
8
668
295
4039
4455050
18
17
9
629
306
4228
4456075
23
13
4
619
296
4310
4457100
19
2
0
631
286
4244
4458125
14
1
-2
657
298
4090
4459150
18
10
4
657
333
4042
4460175
2
15
7
637
320
4194
4453244
-10
5
-2
647
269
4267
4454269
6
-5
1
649
313
4193
4455294
17
-7
6
630
328
4116
4456319
-1
-2
7
626
285
4108
4457344
-7
3
3
646
291
4184
4458369
-9
3
0
644
281
4187
4459394
5
-1
3
652
329
4178
4460419
-9
5
8
634
320
4084
4461444
-9
3
12
618
306
4165
4462469
-9
7
9
633
329
4182
4463494
-14
9
10
643
271
4141
4464519
7
7
8
632
313
4195
4465544
-12
1
-3
644
302
4160
4466569
-16
1
-5
650
255
4135
4467594
12
12
-1
620
289
4169
4468619
1
6
-2
629
293
4192
4461184
-18
10
2
633
278
4156
4462209
1
-1
1
619
312
4234
4463234
0
-12
-5
636
302
4192
4464259
4
-16
1
623
329
4146
4465284
10
-10
-1
630
329
4085
4466309
8
8
6
629
342
4081
4467334
10
8
7
610
310
4236
4468359
7
8
0
642
275
4184
4469384
8
3
4
619
308
4182
4470409
-6
-6
-4
631
265
4165
4471434
3
-3
-2
628
300
4151
4472459
7
-2
-2
623
312
4155
4473484
7
6
-1
626
318
4153
4474509
2
2
0
622
321
4218
4475534
-5
-3
-4
635
302
4167
4476559
12
-3
1
618
313
4147
4469375
14
-4
-1
619
337
4187
4470400
7
-8
3
619
350
4185
4471425
-3
-13
9
626
332
4145
4472450
6
-10
17
629
350
4128
4473475
13
-6
28
630
353
4138
4474500
18
5
35
615
339
4146
4475525
6
7
33
618
318
4186
4476550
-2
-1
32
621
309
4200
4477575
-5
-6
26
626
257
4159
4478600
14
-5
18
613
281
4167
4479625
18
-9
7
627
292
4192
4480650
6
-15
2
639
280
4169
4481675
9
-14
1
628
301
4163
4482700
6
-10
5
632
336
4154
4483725
-2
-11
7
622
314
4150
4484750
0
-9
1
631
304
4156
4477568
7
-8
-1
633
321
4150
4478593
8
-6
2
634
313
4144
4479618
9
2
4
633
303
4146
4480643
16
3
-4
633
287
4183
4481668
7
-6
-9
637
341
4218
4482693
-8
-20
-1
628
358
4220
4483718
-10
-24
2
631
325
4144
4484743
10
-21
1
635
322
4102
4485768
22
-16
1
642
338
4143
4486793
6
-10
6
648
325
4136
4487818
-10
-8
13
644
306
4124
4488843
-5
-4
24
638
412
4146
4489868
-24
-4
31
629
390
4139
4490893
-35
10
22
660
272
4129
4491918
-36
51
26
725
277
4104
4492943
-111
118
57
779
481
3893
4485760
-119
158
155
499
637
3888
4486785
138
90
69
201
96
4708
4487810
258
-1
38
688
213
4951
4488835
-70
-46
41
711
219
4065
4489860
-175
-56
26
675
213
3618
4490885
-123
-44
25
582
248
3862
4491910
-70
-23
10
584
337
4266
4492935
-168
-27
-15
538
335
4588
4493960
-222
-79
-26
594
198
4504
4494985
-47
-101
-2
594
99
4135
4496010
154
-89
-13
758
421
3905
4497035
77
-65
-10
644
364
3981
4498060
7
-35
-10
631
141
4042
4499085
111
0
-2
637
307
4143
4500110
79
-2
1
667
307
4159
4501135
12
-3
4
662
259
4128
4493952
30
0
-1
660
245
4143
4494977
67
22
-11
659
310
4121
4496002
63
17
-16
627
351
4193
4497027
22
13
-18
647
312
4191
4498052
-7
18
-1
611
347
4149
4499077
8
-1
5
616
319
4227
4500102
-2
-2
1
660
317
4185
4501127
-7
-12
6
644
312
4181
4502152
7
-1
2
644
308
4092
4503177
2
13
9
616
307
4068
4504202
1
1
-2
626
276
4233
4505227
5
-1
-11
662
268
4198
4506252
26
1
-7
631
344
4141
4507277
5
-6
-7
620
355
4158
4508302
-27
-6
-8
623
302
4136
4509327
-10
-6
-6
612
294
4170
4502144
7
-7
-13
641
319
4169
4503169
-4
-2
-8
647
325
4139
4504194
-19
3
-4
646
318
4126
4505219
-24
22
-4
647
329
4069
4506244
-23
25
-11
616
313
4156
4507269
-20
5
-22
639
265
4247
4508294
5
-6
-21
637
308
4236
4509319
0
-11
-12
618
346
4169
4510344
-15
-13
-8
607
316
4130
4511369
-1
-3
-3
618
324
4114
4512394
17
0
-2
626
329
4180
4513419
1
-5
-3
638
313
4209
4514444
-17
-15
1
641
310
4188
4515469
-13
-16
2
637
280
4116
4516494
8
-5
0
630
290
4098
4517519
3
-1
-3
616
315
4176
4510335
-10
-4
-6
639
302
4176
4511360
8
-2
-2
640
309
4118
4512385
16
-3
-4
629
336
4166
4513410
0
-4
-4
630
336
4194
4514435
-14
2
3
628
305
4121
4515460
6
5
4
614
336
4170
4516485
0
1
-2
628
333
4191
4517510
-11
-1
2
630
302
4145
4518535
1
6
6
627
314
4130
4519560
-7
7
8
625
290
4176
4520585
-12
1
8
627
277
4200
4521610
9
-2
6
624
316
4175
4522635
7
-6
7
617
317
4174
4523660
-3
-11
7
622
304
4167
4524685
18
-15
5
627
326
4172
4525710
16
-11
6
624
339
4170
4518528
3
-10
8
631
323
4158
4519553
7
-8
11
624
312
4142
4520578
15
-7
9
620
321
4168
4521603
-1
-8
8
624
309
4168
4522628
-2
-17
6
628
293
4207
4523653
7
-18
2
639
283
4169
4524678
13
-18
2
632
327
4151
4525703
1
-19
1
639
331
4136
4526728
-4
-14
4
630
310
4133
4527753
8
-9
1
623
309
4169
4528778
14
-11
1
635
343
4164
4529803
4
-10
5
637
348
4152
4530828
-2
-12
5
635
323
4181
4531853
5
-19
7
644
320
4184
4532878
13
-20
10
640
333
4179
4533903
3
-23
8
645
326
4163
4526721
7
-20
11
640
316
4140
4527746
9
-16
8
638
294
4127
4528771
11
-11
4
639
308
4135
4529796
7
-8
2
642
321
4140
4530821
3
-13
-2
653
311
4178
4531846
17
-15
-2
653
340
4157
4532871
14
-9
-2
655
332
4126
4533896
5
-4
0
632
338
4157
4534921
4
-7
2
640
348
4169
4535946
-9
-6
-1
657
343
4127
4536971
-22
20
-6
708
351
4138
4537996
-124
55
5
660
362
4256
4539021
-281
44
13
642
254
3994
4540046
39
39
47
591
186
3922
4541071
450
18
25
352
385
4529
4542096
139
-5
15
783
503
4442
4534912
-286
-16
39
722
120
3860
4535937
-107
2
13
690
249
3825
4536962
73
6
14
567
405
4130
4537987
-16
-3
-15
632
387
4283
4539012
-128
-13
1
617
440
4299
4540037
-217
-50
13
569
280
4497
4541062
-147
-85
0
505
31
4566
4542087
70
-107
-35
803
306
4021
4543112
76
-67
-5
737
676
3816
4544137
-99
-49
8
570
85
3952
4545162
58
-10
19
606
120
4154
4546187
133
2
15
663
385
4283
4547212
-14
-20
-4
728
195
4161
4548237
11
-6
5
704
296
4058
4549262
48
8
1
637
314
4059
4550287
42
15
-19
648
257
4114
4543105
43
24
-24
655
326
4197
4544130
31
13
-3
641
361
4240
4545155
-10
0
6
668
341
4193
4546180
-30
-3
13
661
344
4110
4547205
0
0
7
646
309
4127
4548230
39
9
5
641
309
4204
4549255
13
7
2
656
301
4185
4550280
-20
-2
2
660
279
4166
4551305
-16
-3
2
659
293
4135
4552330
16
-1
0
644
317
4153
4553355
27
-3
-9
653
303
4190
4554380
6
-7
-9
660
338
4188
4555405
-18
-9
3
649
352
4142
4556430
-19
-4
6
647
320
4099
4557455
-5
4
3
639
329
4152
4558480
3
3
-3
658
300
4160
4551296
18
10
-3
662
316
4130
4552321
-13
20
6
644
347
4119
4553346
-37
10
6
640
267
4192
4554371
-7
12
3
653
286
4184
4555396
15
12
3
628
329
4176
4556421
-10
5
-2
641
307
4160
4557446
-12
2
-1
639
301
4169
4558471
3
2
-4
636
326
4173
4559496
-4
3
-6
636
334
4146
4560521
-14
5
1
638
320
4146
4561546
-7
11
7
623
309
4141
4562571
-4
13
0
632
307
4154
4563596
-2
13
-4
644
285
4160
4564621
6
14
-4
648
300
4161
4565646
0
15
-4
636
302
4176
4566671
-15
9
-2
626
303
4181
4559489
-14
6
-6
617
306
4163
4560514
4
6
-8
614
320
4163
4561539
7
5
-7
614
341
4193
4562564
-3
-2
0
625
331
4195
4563589
-7
-10
4
626
320
4201
4564614
-1
-13
7
631
334
4153
4565639
1
-12
13
625
322
4133
4566664
-5
-12
11
633
302
4184
4567689
-5
-10
7
636
293
4180
4568714
2
-8
7
636
281
4111
4569739
6
-5
4
624
297
4104
4570764
-6
-2
-2
634
285
4178
4571789
10
7
-2
630
320
4178
4572814
7
-3
-6
636
302
4174
4573839
2
-6
-5
632
337
4186
4574864
-3
1
2
619
331
4142
4567680
8
-3
2
630
326
4167
4568705
18
-6
1
617
343
4226
4569730
-10
-14
2
631
326
4162
4570755
-11
-12
7
633
294
4114
4571780
18
-5
6
627
324
4207
4572805
-11
-8
14
626
377
4210
4573830
-32
-17
19
635
279
4162
4574855
10
-10
16
638
265
4152
4575880
14
-6
12
619
317
4130
4576905
3
-15
6
639
301
4167
4577930
6
-9
-4
650
268
4149
4578955
10
-1
-7
636
332
4109
4579980
8
2
-7
627
336
4108
4581005
20
11
-8
619
316
4144
4582030
17
15
-5
624
336
4168
4583055
1
16
-7
632
326
4149
4575872
-2
16
-6
644
337
4100
4576897
-14
23
-12
667
328
4154
4577922
-57
13
-2
661
297
4315
4578947
-98
-11
34
687
309
4210
4579972
-83
15
84
594
504
3891
4580997
138
34
28
251
349
4466
4582022
168
-41
-42
692
-113
4794
4583047
-29
-75
-30
785
95
4138
4584072
-99
-39
-13
737
536
3515
4585097
-191
-15
13
618
493
3649
4586122
-123
4
7
564
460
4300
4587147
-147
-3
-20
496
401
4659
4588172
-177
-50
-33
632
270
4377
4589197
-42
-104
-4
536
34
4382
4590222
161
-113
6
893
392
3952
4591247
55
-63
30
671
340
3808
4584064
-26
-32
7
556
68
4030
4585089
127
7
5
639
248
4180
4586114
145
11
19
689
337
4170
4587139
24
1
24
691
370
4194
4588164
-40
-11
24
680
249
4167
4589189
37
-10
8
669
257
4184
4590214
67
-2
-9
667
331
4175
4591239
37
-1
2
622
379
4148
4592264
14
-7
15
621
332
4165
4593289
17
-9
13
651
295
4209
4594314
25
-4
14
691
320
4168
4595339
9
2
18
685
297
4115
4596364
-16
16
8
668
305
4056
4597389
-54
18
2
641
272
4126
4598414
-9
6
-8
663
240
4247
4599439
55
6
-11
657
327
4216
4592256
12
3
-5
656
371
4107
4593281
-23
11
5
634
347
4076
4594306
0
10
-3
621
281
4205
4595331
19
8
-8
650
332
4263
4596356
-6
2
1
660
333
4194
4597381
-32
-2
8
659
321
4112
4598406
-27
-5
11
646
303
4125
4599431
5
3
9
641
312
4178
4600456
10
1
5
643
317
4182
4601481
-15
-7
5
661
311
4170
4602506
-18
-7
14
657
306
4117
4603531
3
-3
15
644
274
4099
4604556
25
15
7
651
299
4108
4605581
24
37
2
631
313
4081
4606606
18
41
-14
621
269
4185
4607631
-3
27
-25
656
284
4272
4600449
0
12
-19
646
330
4268
4601474
-4
-5
-13
625
345
4211
4602499
-5
-12
-8
620
360
4157
4603524
1
-8
0
607
352
4150
4604549
3
-11
1
617
331
4199
4605574
-2
-17
5
648
338
4186
4606599
-4
-18
15
644
323
4118
4607624
-8
-12
15
631
295
4113
4608649
4
1
5
642
311
4114
4609674
3
4
-1
632
300
4166
4610699
6
4
-8
637
294
4178
4611724
0
10
-5
643
314
4156
4612749
-18
9
-1
637
294
4157
4613774
0
10
-3
641
289
4155
4614799
18
12
-2
623
368
4184
4615824
-10
2
-4
624
318
4187
4608640
-14
-2
-2
634
328
4181
4609665
1
-5
1
629
326
4180
4610690
17
-4
-1
628
328
4172
4611715
12
-6
1
630
354
4166
4612740
-1
-14
5
620
320
4206
4613765
-3
-13
7
633
322
4167
4614790
-13
-13
7
625
301
4130
4615815
-2
-16
3
638
307
4139
4616840
14
-10
0
640
316
4141
4617865
14
-2
0
632
327
4157
4618890
3
-1
-1
638
340
4174
4619915
-7
-7
2
634
338
4175
4620940
4
-6
4
623
331
4153
4621965
16
-6
3
622
353
4179
4622990
11
-13
6
629
341
4222
4624015
0
-18
12
631
320
4183
4616832
-4
-23
13
638
303
4160
4617857
-1
-25
11
646
312
4157
4618882
-2
-20
10
651
315
4129
4619907
6
-18
7
644
307
4156
4620932
11
-14
3
644
318
4148
4621957
-6
-9
3
645
309
4114
4622982
-1
-3
1
646
322
4140
4624007
7
-1
-2
649
306
4149
4625032
11
-2
-1
650
333
4170
4626057
4
-4
0
641
341
4152
4627082
-10
5
1
640
322
4114
4628107
-3
12
4
644
340
4138
4629132
4
14
6
642
409
4184
4630157
-29
13
8
640
322
4157
4631182
-3
11
13
633
288
4154
4632207
20
8
15
657
352
4215
4625024
-41
21
10
723
311
4181
4626049
-167
55
27
715
374
4113
4627074
-326
120
100
726
368
3466
4628099
-6
156
143
214
80
4048
4629124
378
46
47
445
133
5360
4630149
-20
-7
-11
798
233
4472
4631174
-353
-15
36
772
670
3693
4632199
-521
-72
50
517
413
4152
4633224
-391
-91
0
526
152
4525
4634249
-98
-108
-45
534
208
4480
4635274
127
-151
-10
559
237
4181
4636299
134
-169
-3
695
-15
3868
4637324
143
-95
-6
849
275
3678
4638349
0
-10
-4
641
269
3930
4639374
10
34
14
651
137
4067
4640399
159
42
21
655
247
4196
4633217
91
30
7
639
221
4240
4634242
22
21
3
669
224
4199
4635267
61
12
4
664
227
4232
4636292
88
23
-6
682
274
4178
4637317
71
19
1
624
325
4170
4638342
34
13
5
612
305
4206
4639367
-15
7
12
622
268
4207
4640392
23
-6
13
644
261
4282
4641417
33
-20
8
659
293
4247
4642442
-9
-27
10
669
268
4110
4643467
2
-5
15
644
244
4013
4644492
31
7
7
625
287
4140
4645517
11
13
2
640
301
4174
4646542
-11
13
5
650
293
4160
4647567
-12
12
5
652
274
4143
4648592
-8
23
8
647
289
4086
4641408
-2
31
9
623
281
4152
4642433
8
28
-1
620
299
4250
4643458
-8
15
3
636
289
4218
4644483
-4
11
10
609
264
4164
4645508
9
14
14
613
288
4159
4646533
-4
15
13
648
276
4169
4647558
-20
14
17
645
260
4164
4648583
-13
18
23
626
304
4125
4649608
-12
26
22
623
279
4087
4650633
7
40
20
627
326
4101
4651658
-10
51
18
614
277
4093
4652683
-6
61
17
604
261
4131
4653708
2
71
18
587
274
4165
4654733
-4
65
11
587
232
4202
4655758
4
57
1
590
252
4232
4656783
17
47
1
575
273
4218
4649599
22
40
3
581
305
4201
4650624
30
29
9
565
292
4264
4651649
25
18
15
552
307
4276
4652674
4
6
26
555
323
4211
4653699
9
-12
27
579
279
4213
4654724
39
-17
28
586
307
4228
4655749
48
-22
34
565
311
4189
4656774
56
-19
40
559
305
4152
4657799
59
-21
41
575
274
4170
4658824
61
-22
38
569
259
4193
4659849
60
-23
34
567
293
4173
4660874
71
-25
26
600
322
4167
4661899
60
-22
19
645
346
4119
4662924
22
-11
24
635
375
4097
4663949
-25
8
29
575
299
4108
4664974
-40
16
14
545
189
4169
4657792
0
16
-9
572
214
4186
4658817
48
9
-29
590
239
4217
4659842
66
5
-34
606
323
4210
4660867
37
-13
-29
598
380
4258
4661892
13
-31
-23
592
379
4252
4662917
24
-41
-8
576
388
4205
4663942
44
-46
-2
555
384
4204
4664967
46
-49
8
563
381
4215
4665992
25
-59
18
594
336
4215
4667017
21
-65
27
632
359
4178
4668042
35
-66
34
642
366
4133
4669067
38
-66
37
634
389
4115
4670092
13
-53
34
634
371
4050
4671117
-3
-35
30
628
333
4070
4672142
1
-19
28
639
355
4083
4673167
19
-6
26
639
350
4068
4666192
9
9
17
628
354
4077
4667217
-15
22
12
632
341
4086
4668242
-5
30
10
626
328
4119
4669267
-5
42
4
625
340
4110
4670292
-12
52
3
613
363
4116
4671317
-14
57
6
605
363
4138
4672342
-8
59
8
598
347
4170
4673367
1
59
11
584
361
4191
4674392
-13
54
10
588
343
4177
4675417
-25
50
10
596
318
4169
4676442
-15
50
3
596
300
4169
4677467
-13
54
0
584
323
4117
4678492
-23
61
-3
575
332
4116
4679517
-14
65
-7
576
325
4157
4680542
12
73
-6
568
361
4152
4681567
7
78
-3
540
340
4153
4674175
18
76
2
522
335
4182
4675200
27
75
2
525
323
4168
4676225
37
78
-4
525
335
4205
4677250
35
72
-6
514
398
4225
4678275
-1
64
0
528
394
4168
4679300
-17
62
0
507
357
4203
4680325
14
55
-5
489
350
4265
4681350
33
47
5
494
434
4260
4682375
-9
30
7
477
368
4276
4683400
-31
9
4
500
359
4286
4684425
-24
-7
4
489
330
4264
4685450
-5
-19
1
498
325
4248
4686475
-9
-32
5
494
367
4229
4687500
-38
-42
9
501
335
4191
4688525
-15
-39
10
506
360
4181
4689550
19
-41
7
507
385
4185
4682368
24
-44
8
526
365
4207
4683393
17
-44
18
524
350
4164
4684418
3
-48
29
515
340
4174
4685443
-4
-52
29
522
298
4183
4686468
23
-48
25
534
327
4163
4687493
35
-46
18
550
359
4127
4688518
7
-38
18
548
400
4139
4689543
-31
-27
23
544
396
4117
4690568
-49
-18
27
555
345
4091
4691593
-43
-7
29
571
342
4150
4692618
-57
5
34
568
340
4106
4693643
-77
16
37
557
326
4073
4694668
-91
38
24
541
315
4055
4695693
-101
58
8
546
285
4040
4696718
-83
79
-9
555
252
4030
4697743
-27
103
-17
530
244
4058
4690560
9
128
-13
507
280
4067
4691585
11
150
-9
485
279
4097
4692610
32
161
-10
468
252
4170
4693635
85
164
-12
441
229
4246
4694660
122
155
-18
396
251
4347
4695685
134
127
-18
402
296
4409
4696710
144
89
2
384
298
4441
4697735
98
53
29
384
434
4425
4698760
-21
20
42
401
431
4329
4699785
-79
1
40
431
368
4169
4700810
-79
8
30
434
385
4098
4701835
-89
14
0
460
306
4136
4702860
-73
23
-22
486
323
4122
4703885
-66
30
-37
448
331
4129
4704910
-85
39
-57
377
292
4165
4705935
-86
37
-77
369
288
4177
4698752
-30
34
-96
381
300
4225
4699777
25
28
-112
391
385
4285
4700802
20
5
-114
396
409
4298
4701827
25
-14
-100
397
395
4322
4702852
52
-29
-69
374
406
4317
4703877
49
-49
-42
386
412
4313
4704902
30
-72
-13
377
401
4361
4705927
22
-94
12
372
375
4339
4706952
19
-116
24
400
338
4259
4707977
31
-126
31
440
317
4205
4709002
49
-131
37
448
316
4175
4710027
56
-127
33
463
319
4148
4711052
53
-115
24
482
324
4108
4712077
50
-104
12
508
321
4076
4713102
61
-85
7
505
351
4073
4714127
61
-64
2
486
360
4082
4706945
49
-46
0
483
382
4073
4707970
30
-29
-9
496
351
4084
4708995
44
-12
-15
504
371
4114
4710020
49
-2
-19
512
392
4128
4711045
34
7
-19
501
414
4138
4712070
19
15
-17
495
423
4124
4713095
23
18
-17
494
430
4159
4714120
20
23
-8
504
451
4139
4715145
21
31
4
477
469
4148
4716170
7
35
11
462
434
4184
4717195
-11
37
15
482
387
4147
4718220
9
39
20
466
358
4190
4719245
36
40
19
443
383
4230
4720270
5
29
6
455
337
4225
4721295
4
15
-4
468
356
4244
4722320
26
6
-7
467
394
4231
4715135
32
-3
-6
450
410
4236
4716160
15
-14
0
445
445
4222
4717185
-4
-19
11
461
442
4178
4718210
-5
-16
20
454
419
4170
4719235
4
-15
22
459
430
4188
4720260
-2
-20
20
466
432
4192
4721285
-5
-21
17
470
397
4170
4722310
18
-20
14
476
404
4170
4723335
38
-21
12
473
403
4179
4724360
42
-23
19
468
427
4201
4725385
35
-27
26
469
444
4187
4726410
17
-24
27
471
426
4172
4727435
5
-27
28
475
413
4166
4728460
7
-26
27
483
415
4129
4729485
-5
-13
24
492
412
4079
4730510
-8
0
16
486
399
4118
4723328
-6
4
2
499
367
4160
4724353
11
10
-3
478
358
4158
4725378
20
16
-16
464
376
4170
4726403
29
8
-31
467
388
4230
4727428
46
-4
-42
456
425
4260
4728453
37
-20
-57
470
440
4231
4729478
28
-32
-61
479
452
4209
4730503
25
-35
-45
477
458
4189
4731528
40
-37
-29
473
495
4217
4732553
29
-45
-23
475
462
4209
4733578
35
-51
-15
481
455
4193
4734603
55
-53
-2
495
454
4164
4735628
44
-49
11
501
494
4174
4736653
-26
-48
11
519
461
4143
4737678
-31
-44
6
523
447
4125
4738703
-2
-35
-7
511
407
4114
4731520
19
-32
-16
517
443
4199
4732545
13
-39
-13
523
492
4214
4733570
6
-47
1
509
465
4152
4734595
12
-41
10
485
465
4140
4735620
8
-37
9
494
482
4166
4736645
8
-44
9
518
483
4192
4737670
18
-49
6
534
483
4159
4738695
12
-49
4
559
515
4125
4739720
-1
-49
2
571
478
4137
4740745
9
-39
8
557
517
4107
4741770
5
-36
10
544
478
4116
4742795
11
-25
14
536
458
4110
4743820
23
-10
21
517
449
4102
4744845
17
-6
20
530
451
4150
4745870
3
-4
18
556
430
4173
4746895
-1
-2
14
553
383
4141
4739713
9
0
4
557
393
4116
4740738
22
8
-9
544
386
4128
4741763
33
16
-20
540
417
4145
4742788
36
14
-34
549
454
4172
4743813
30
9
-46
555
453
4154
4744838
30
8
-50
544
502
4178
4745863
36
1
-44
532
542
4213
4746888
38
-9
-33
531
604
4211
4747913
5
-19
-22
524
594
4187
4748938
-13
-24
-13
520
539
4161
4749963
9
-29
-11
524
514
4168
4750988
29
-35
-11
556
494
4177
4752013
35
-36
-4
542
502
4155
4753038
25
-37
1
535
508
4162
4754063
16
-38
0
544
491
4135
4755088
39
-40
3
542
550
4165
4747904
18
-48
-10
561
512
4172
4748929
-3
-47
-9
585
505
4146
4749954
11
-43
1
571
525
4126
4750979
23
-34
3
564
528
4099
4752004
13
-22
4
565
530
4075
4753029
3
-20
1
557
521
4151
4754054
-12
-28
-2
581
492
4192
4755079
5
-35
2
579
526
4183
4756104
9
-35
4
576
559
4128
4757129
-6
-29
0
573
535
4090
4758154
-4
-32
-8
588
525
4153
4759179
24
-34
-7
609
513
4167
4760204
36
-26
1
599
542
4124
4761229
10
-24
11
577
549
4127
4762254
-7
-23
17
583
536
4123
4763279
9
-11
16
585
542
4106
4756097
16
-12
11
582
535
4149
4757122
9
-16
12
605
544
4154
4758147
4
-18
21
606
556
4144
4759172
-1
-17
25
594
552
4122
4760197
5
-16
22
607
562
4123
4761222
13
-10
22
606
543
4101
4762247
19
-7
26
614
517
4128
4763272
22
-4
36
608
575
4151
4764297
-19
-5
41
592
533
4126
4765322
-38
-6
42
591
510
4112
4766347
-29
0
33
594
481
4110
4767372
-9
9
21
607
470
4111
4768397
-2
14
10
601
475
4118
4769422
-1
17
6
597
481
4134
4770447
11
17
8
586
519
4167
4771472
12
11
3
596
545
4170
4764288
13
3
-4
613
564
4170
4765313
15
0
3
588
568
4141
4766338
15
-3
17
580
570
4156
4767363
6
0
30
589
565
4179
4768388
-19
-5
38
576
549
4168
4769413
-44
-12
34
584
507
4122
4770438
-35
-10
23
608
451
4114
4771463
-5
-5
11
609
469
4143
4772488
7
-7
-1
595
486
4150
4773513
3
-9
-8
596
490
4144
4774538
7
-11
-8
589
504
4151
4775563
26
-11
-4
580
537
4165
4776588
39
-15
2
589
580
4170
4777613
27
-21
5
611
601
4147
4778638
12
-24
17
610
601
4143
4779663
-7
-26
29
603
571
4156
4772480
-23
-26
38
599
542
4122
4773505
-26
-23
37
606
498
4084
4774530
-17
-12
30
605
471
4068
4775555
-14
0
15
607
446
4073
4776580
6
12
3
611
437
4093
4777605
11
17
-9
599
452
4143
4778630
3
14
-20
603
494
4171
4779655
1
6
-28
615
518
4158
4780680
18
1
-27
606
572
4147
4781705
41
-1
-14
596
620
4184
4782730
21
-4
8
596
629
4182
4783755
-26
-13
32
599
621
4163
4784780
-57
-17
44
593
549
4119
4785805
-41
-11
38
586
466
4107
4786830
-13
-4
22
601
447
4112
4787855
