Device = VHR-0009
time_stamp = 1780034646427
sample_rate = 50
Data format = INT16
TYPE = 6-AXIS IMU RAW DATA
10
0
3
2713
-1059
2962
132225
-3
-4
5
2708
-1081
2964
133250
-5
-8
4
2709
-1091
2960
134275
-2
-8
2
2715
-1085
2949
135300
-4
-8
2
2720
-1082
2944
136325
-4
-9
2
2710
-1089
2942
137350
3
-8
2
2719
-1085
2937
138375
3
-5
4
2721
-1072
2940
139400
-3
-5
3
2716
-1095
2940
140425
2
-3
1
2710
-1093
2957
141450
4
-3
2
2712
-1088
2958
142475
3
-5
2
2710
-1088
2963
143500
-2
-8
2
2711
-1078
2972
144525
-7
-10
2
2709
-1084
2958
145550
-6
-10
1
2718
-1082
2933
146575
0
-7
1
2720
-1077
2940
147600
6
-4
4
2719
-1068
2942
140575
4
-4
4
2725
-1051
2939
141600
-6
-3
5
2720
-1083
2941
142625
3
-1
8
2708
-1084
2949
143650
6
0
6
2712
-1077
2947
144675
-3
0
3
2720
-1071
2945
145700
-11
1
2
2718
-1090
2944
146725
3
2
4
2713
-1090
2957
147750
12
2
7
2715
-1067
2961
148775
-5
-2
9
2714
-1070
2958
149800
-11
-5
7
2720
-1100
2951
150825
5
-3
6
2709
-1088
2955
151850
4
-5
4
2719
-1080
2949
152875
-3
-5
2
2723
-1093
2954
153900
-4
-4
2
2707
-1086
2947
154925
-3
-5
2
2716
-1096
2941
155950
12
2
7
2715
-1067
2961
148775
-5
-2
9
2714
-1070
2958
149800
-11
-5
7
2720
-1100
2951
150825
5
-3
6
2709
-1088
2955
151850
4
-5
4
2719
-1080
2949
152875
-3
-5
2
2723
-1093
2954
153900
-4
-4
2
2707
-1086
2947
154925
-3
-5
2
2716
-1096
2941
155950
5
0
1
2718
-1085
2948
148609
3
1
2
2706
-1075
2943
149634
-6
0
2
2713
-1087
2944
150659
-7
1
1
2725
-1095
2952
151684
8
2
4
2712
-1072
2950
152709
6
0
3
2706
-1060
2959
153734
-2
-2
4
2729
-1077
2971
154759
-2
-4
5
2706
-1080
2966
155784
-5
-8
6
2700
-1075
2950
156809
-6
-8
3
2714
-1088
2949
157834
0
-6
3
2723
-1083
2952
158859
0
-7
2
2708
-1076
2951
159884
-6
-7
0
2717
-1090
2944
160909
-7
-4
2
2710
-1086
2939
161934
-3
-4
1
2711
-1079
2943
162959
2
-4
0
2712
-1077
2959
163984
-1
-4
4
2710
-1075
2964
156800
-4
-4
5
2717
-1078
2943
157825
-2
-3
5
2714
-1084
2954
158850
6
-5
6
2704
-1080
2957
159875
5
-5
4
2716
-1066
2954
160900
-4
-6
4
2717
-1073
2951
161925
-4
-7
4
2709
-1088
2947
162950
5
-5
4
2704
-1092
2951
163975
3
-4
2
2718
-1078
2957
165000
-11
-4
-3
2723
-1078
2948
166025
-12
-4
0
2716
-1089
2939
167050
5
-1
4
2718
-1078
2950
168075
7
1
3
2717
-1050
2949
169100
-13
-1
3
2709
-1065
2949
170125
-10
0
5
2707
-1098
2950
171150
14
2
7
2716
-1078
2971
172175
13
-2
8
2702
-1060
2977
164992
-10
-7
8
2712
-1077
2958
166017
-14
-10
5
2721
-1099
2944
167042
1
-8
3
2709
-1097
2949
168067
1
-5
1
2713
-1088
2937
169092
-3
-3
0
2723
-1080
2934
170117
-4
-3
-1
2725
-1077
2945
171142
-5
-3
-2
2711
-1084
2941
172167
3
0
-1
2696
-1066
2950
173192
-2
2
1
2706
-1055
2954
174217
-9
-1
1
2724
-1077
2956
175242
-2
-2
4
2707
-1076
2960
176267
5
-3
6
2705
-1072
2965
177292
3
-5
7
2711
-1066
2971
178317
-7
-9
6
2714
-1082
2947
179342
-6
-10
5
2713
-1088
2943
180367
-3
-10
2
2711
-1082
2946
173185
-2
-7
0
2716
-1079
2951
174210
-5
-7
0
2715
-1088
2945
175235
1
-7
1
2718
-1086
2950
176260
-3
-5
2
2705
-1077
2947
177285
-3
-3
3
2710
-1081
2947
178310
1
-2
2
2716
-1089
2961
179335
1
-4
1
2713
-1095
2961
180360
-1
-5
0
2710
-1080
2967
181385
-4
-8
-1
2712
-1094
2956
182410
4
-9
-4
2710
-1088
2952
183435
5
-12
-6
2727
-1070
2938
184460
2
-7
-4
2720
-1049
2955
185485
-8
-6
-3
2713
-1061
2951
186510
-2
-5
0
2709
-1058
2935
187535
-1
-4
2
2733
-1055
2947
188560
-11
-4
4
2715
-1075
2955
181377
4
-2
5
2708
-1084
2952
182402
10
-2
5
2718
-1051
2954
183427
-10
-6
5
2725
-1059
2955
184452
-17
-9
5
2718
-1102
2940
185477
8
-3
8
2706
-1096
2940
186502
15
-1
6
2718
-1058
2946
187527
-6
-5
3
2724
-1075
2949
188552
-13
-4
4
2719
-1105
2948
189577
13
-2
3
2710
-1097
2953
190602
23
-6
-3
2720
-1057
2974
191627
-4
-14
-8
2726
-1060
2979
192652
-16
-20
-12
2711
-1087
2955
193677
-1
-20
-12
2705
-1072
2958
194702
4
-19
-6
2721
-1069
2955
195727
0
-18
7
2710
-1073
2938
196752
1
-13
17
2701
-1085
2920
189568
5
-6
16
2749
-1071
2934
190593
1
-6
9
2759
-1046
2929
191618
-11
-6
4
2737
-1041
2897
192643
-5
3
8
2722
-1065
2920
193668
4
13
14
2739
-1021
2935
194693
-14
11
17
2738
-1031
2904
195718
-21
14
21
2734
-1087
2882
196743
6
29
27
2708
-1120
2910
197768
30
44
30
2701
-1093
2925
198793
16
45
22
2730
-1080
2954
199818
-10
39
15
2727
-1125
2965
200843
2
40
12
2690
-1117
2960
201868
25
41
8
2672
-1086
2996
202893
28
36
5
2690
-1043
3040
203918
-2
20
8
2686
-1048
3024
204943
-22
8
10
2690
-1079
2980
197759
-4
8
12
2682
-1092
2973
198784
24
6
12
2693
-1073
2996
199809
22
0
14
2697
-1053
3006
200834
2
-10
17
2686
-1063
3006
201859
-9
-17
14
2686
-1102
2991
202884
3
-13
10
2698
-1063
2961
203909
-11
-13
10
2702
-1070
2937
204934
-7
-13
8
2709
-1111
2954
205959
7
-7
7
2697
-1069
2988
206984
-10
-10
6
2680
-1087
2977
208009
-9
-13
-1
2691
-1093
2964
209034
6
-10
-2
2697
-1081
2972
210059
2
-12
1
2698
-1057
2977
211084
-14
-17
4
2689
-1096
2980
212109
3
-19
4
2698
-1111
2989
213134
19
-18
5
2694
-1061
2983
205952
-1
-23
4
2691
-1064
2957
206977
-7
-23
4
2705
-1085
2951
208002
5
-19
7
2708
-1071
2948
209027
6
-18
6
2719
-1077
2937
210052
0
-16
8
2710
-1074
2937
211077
-12
-13
7
2704
-1084
2936
212102
-9
-8
4
2706
-1099
2936
213127
7
-3
5
2713
-1055
2939
214152
-3
2
10
2710
-1057
2928
215177
-14
9
13
2727
-1077
2920
216202
-7
14
15
2706
-1106
2930
217227
9
17
14
2697
-1091
2960
218252
0
17
14
2704
-1083
2969
219277
-17
21
14
2709
-1067
2938
220302
-28
27
13
2707
-1101
2899
221327
-12
38
15
2710
-1100
2927
214145
-20
56
24
2729
-1008
2890
215170
-156
126
19
2806
-1045
2658
216195
-298
253
14
2947
-1423
2461
217220
-206
429
46
2844
-1266
2982
218245
175
381
128
2289
-453
4025
219270
108
98
48
2483
-965
3967
220295
125
-57
-27
2260
-1940
2499
221320
281
40
-90
2466
-1275
2279
222345
-139
49
-12
2767
-897
2610
223370
-434
43
53
2697
-1169
3458
224395
-426
-29
10
2594
-1316
3829
225420
-119
-85
33
2374
-946
3141
226445
99
-50
20
2431
-674
2772
227470
-52
-50
3
2740
-957
2872
228495
-219
-14
48
2775
-1344
3010
229520
-148
24
54
2726
-1514
2915
222335
33
48
48
2572
-1268
2944
223360
16
19
19
2545
-1232
3089
224385
-41
-3
-11
2602
-1284
3192
225410
-24
-11
-11
2545
-1179
3247
226435
-54
-40
-13
2542
-1083
3207
227460
-110
-70
-15
2601
-1152
3052
228485
-77
-75
-13
2620
-1234
2955
229510
-16
-61
-8
2654
-1213
2920
230535
14
-47
-3
2662
-1213
2900
231560
37
-34
-3
2644
-1179
2915
232585
41
-24
-4
2619
-1164
2956
233610
27
-16
-1
2622
-1202
2966
234635
18
-5
2
2623
-1187
2971
235660
-6
4
2
2637
-1190
2964
236685
0
1
1
2641
-1230
2974
237710
23
6
-1
2634
-1193
3004
230528
19
0
-4
2597
-1209
3027
231553
22
-4
-10
2626
-1178
3052
232578
5
-11
-12
2616
-1184
3063
233603
16
-24
-8
2613
-1184
3034
234628
5
-18
-5
2641
-1134
2931
235653
-23
-14
0
2638
-1200
2901
236678
20
-11
4
2645
-1189
2979
237703
39
-10
9
2646
-1186
3033
238728
15
-11
7
2623
-1190
3032
239753
15
-14
8
2606
-1159
3014
240778
-5
-12
8
2636
-1157
2947
241803
-15
-12
7
2645
-1210
2964
242828
15
-14
7
2646
-1200
3016
243853
15
-12
7
2628
-1159
3002
244878
-13
-13
4
2621
-1177
2962
245903
-9
-9
6
2637
-1199
2963
238720
9
-6
7
2643
-1203
2993
239745
11
-5
6
2633
-1189
2995
240770
3
-7
3
2633
-1188
2985
241795
5
-5
2
2634
-1173
2991
242820
5
-6
5
2634
-1167
2987
243845
9
-8
10
2634
-1174
2985
244870
6
-3
12
2629
-1162
2998
245895
-3
-8
12
2621
-1207
2998
246920
17
-7
11
2636
-1185
2992
247945
19
-5
9
2640
-1175
2987
248970
0
-7
7
2630
-1181
2980
249995
0
-6
6
2626
-1199
2983
251020
15
-4
2
2639
-1178
3005
252045
2
-5
-3
2637
-1169
3004
253070
-6
-9
-2
2628
-1181
2999
254095
10
-10
4
2635
-1162
2986
246913
16
-8
9
2643
-1136
2985
247938
-5
-8
10
2639
-1144
2985
248963
-11
-9
9
2626
-1216
2992
249988
13
-7
10
2624
-1207
3009
251013
11
-6
11
2631
-1164
2984
252038
-5
-10
6
2649
-1196
2986
253063
2
-12
6
2641
-1179
2996
254088
0
-12
2
2636
-1172
2980
255113
4
-8
0
2635
-1181
2970
256138
8
-6
1
2635
-1165
2981
257163
3
-8
3
2644
-1180
2989
258188
-1
-6
2
2634
-1177
2990
259213
-3
-4
1
2637
-1169
2980
260238
-2
-2
-1
2651
-1162
2969
261263
1
1
2
2640
-1146
2979
262288
2
1
5
2636
-1150
3004
255104
2
1
8
2639
-1166
3002
256129
1
0
13
2627
-1170
3007
257154
7
-4
17
2641
-1161
2989
258179
-1
-5
14
2642
-1172
2989
259204
-10
-6
10
2633
-1210
2996
260229
1
-4
7
2622
-1195
2997
261254
8
-5
3
2636
-1189
3000
262279
-4
-5
0
2646
-1180
2985
263304
-19
-4
-2
2639
-1179
2966
264329
-10
0
-2
2640
-1181
2961
265354
3
12
-2
2652
-1137
2940
266379
-65
60
-9
2764
-1096
2763
267404
-131
167
-16
2906
-1170
2435
268429
174
213
83
2642
-1569
3344
269454
840
61
18
2231
-1489
4322
270479
1066
-70
-206
2542
-806
3618
263295
737
-89
-254
2402
-1329
1928
264320
255
36
-189
2641
-682
2396
265345
-489
38
-66
2820
-816
2502
266370
-577
61
16
2677
-1040
3429
267395
-501
5
-26
2538
-1282
3664
268420
-108
-24
-11
2433
-885
3219
269445
168
-10
-12
2491
-636
3094
270470
-13
-39
17
2699
-762
3025
271495
-261
-30
72
2651
-1119
3039
272520
-239
0
70
2749
-1181
2992
273545
-175
8
104
2637
-1058
2996
274570
-244
-24
111
2583
-1129
2931
275595
-190
-30
92
2600
-1352
2998
276620
-22
-14
53
2619
-1355
3174
277645
77
-23
30
2594
-1175
3205
278670
45
-49
17
2579
-1068
3150
271489
-46
-69
6
2614
-1097
3041
272514
-89
-65
1
2647
-1194
2957
273539
-68
-48
-4
2661
-1246
2924
274564
19
-33
-6
2653
-1194
2930
275589
62
-14
-7
2638
-1082
2928
276614
9
-5
-10
2638
-1099
2941
277639
-34
3
-11
2653
-1160
2962
278664
3
13
-7
2637
-1170
2972
279689
33
20
-7
2626
-1116
3002
280714
15
19
-10
2624
-1112
3031
281739
1
13
-8
2618
-1130
3024
282764
4
9
-2
2615
-1135
3028
283789
11
5
3
2622
-1114
3032
284814
2
-1
4
2624
-1123
3043
285839
-11
-7
3
2627
-1162
3054
286864
-3
-11
3
2626
-1138
3027
279735
7
-16
2
2623
-1129
3029
280760
-8
-21
-1
2625
-1155
3015
281785
-7
-21
1
2631
-1121
2994
282810
-6
-19
6
2640
-1140
2992
283835
7
-16
12
2642
-1141
2991
284860
12
-9
14
2640
-1130
2989
285885
11
-6
12
2630
-1144
2997
286910
6
-6
6
2635
-1164
2998
287935
11
-4
4
2634
-1141
2998
288960
11
-4
5
2636
-1130
3016
289985
8
-4
6
2629
-1110
3018
291010
-10
-6
6
2627
-1146
2998
292035
-3
-6
5
2641
-1157
3012
293060
14
-4
4
2635
-1124
3039
294085
-3
-6
4
2623
-1130
3006
295110
-11
-6
3
2634
-1140
2999
287872
-3
-4
4
2641
-1128
3007
288897
-8
-5
6
2627
-1125
3004
289922
-9
-4
7
2628
-1149
3008
290947
6
-2
8
2635
-1128
3022
291972
-2
-5
10
2629
-1134
3007
292997
-8
-7
10
2625
-1151
3002
294022
-1
-7
7
2631
-1150
3017
295047
-3
-8
4
2634
-1157
3005
296072
-1
-8
2
2635
-1138
3008
297097
-4
-6
0
2632
-1136
2994
298122
0
-4
-2
2644
-1145
2988
299147
5
0
-2
2643
-1126
3007
300172
-1
1
-1
2624
-1129
3025
301197
-1
-2
1
2624
-1130
3018
302222
5
-2
5
2627
-1117
3015
303247
-3
-2
8
2635
-1124
3005
296065
-6
-5
9
2635
-1146
3022
297090
8
-8
9
2632
-1148
3011
298115
5
-7
9
2629
-1115
3008
299140
-17
-6
7
2629
-1136
2991
300165
-10
-4
4
2631
-1160
2984
301190
6
-4
3
2636
-1152
3002
302215
2
0
3
2635
-1127
3005
303240
-13
1
3
2631
-1147
2996
304265
-5
3
5
2628
-1143
2997
305290
8
6
9
2628
-1124
2984
306315
2
12
8
2638
-1124
2996
307340
-21
9
9
2637
-1139
3018
308365
-15
13
12
2650
-1154
2996
309390
-2
31
13
2668
-1180
2941
310415
30
87
29
2752
-1017
2712
311440
-79
226
60
2980
-938
2261
304256
47
334
230
2838
-1184
2941
305281
443
219
244
2035
-1160
4587
306306
694
16
56
2459
-761
3539
307331
1010
-10
73
2364
-960
2225
308356
678
46
150
2465
-1020
2558
309381
-207
107
206
2533
-1059
3495
310406
-781
19
122
2519
-1603
3715
311431
-558
-96
-14
2446
-1956
3444
312456
28
-122
-69
2461
-1280
2837
313481
132
-45
-93
2405
-679
3050
314506
-201
-67
-165
2672
-1059
3007
315531
-237
-17
-109
2627
-1000
3046
316556
-259
-9
-37
2599
-975
2964
317581
-305
-5
13
2614
-980
3030
318606
-357
-8
50
2581
-1064
3157
319631
-341
-13
75
2551
-1096
3210
312448
-289
-17
91
2550
-1072
3098
313473
-236
-17
97
2575
-1099
2968
314498
-194
-7
104
2614
-1170
2910
315523
-126
3
125
2591
-1326
2935
316548
-51
17
138
2534
-1397
2998
317573
-7
27
135
2484
-1412
3066
318598
13
25
117
2482
-1403
3075
319623
39
22
97
2504
-1373
3025
320648
76
18
81
2531
-1338
3022
321673
119
12
78
2556
-1265
3079
322698
99
12
82
2560
-1148
3104
323723
17
-1
91
2532
-1201
3081
324748
-35
-6
100
2538
-1236
3016
325773
-73
7
102
2565
-1209
2946
326798
-98
21
106
2551
-1291
2914
327823
-76
43
117
2532
-1333
2920
320640
-64
71
132
2495
-1395
2944
321665
-57
88
139
2480
-1448
2974
322690
-54
105
133
2487
-1477
3018
323715
-58
100
108
2474
-1555
3059
324740
-41
95
71
2449
-1527
3102
325765
-28
85
43
2441
-1491
3108
326790
-7
78
30
2440
-1467
3108
327815
11
72
23
2421
-1399
3155
328840
-3
57
18
2443
-1340
3153
329865
-17
44
25
2447
-1339
3133
330890
8
40
41
2436
-1347
3111
331915
35
39
56
2424
-1351
3099
332940
48
32
69
2423
-1387
3117
333965
37
27
75
2419
-1359
3136
334990
-4
14
77
2417
-1400
3116
336015
-7
8
76
2408
-1446
3102
328832
13
3
67
2418
-1467
3144
329857
14
-7
55
2416
-1475
3162
330882
5
-19
39
2393
-1463
3136
331907
-10
-21
26
2395
-1460
3092
332932
-14
-23
14
2427
-1466
3090
333957
-7
-21
8
2430
-1448
3086
334982
6
-22
7
2420
-1425
3051
336007
14
-14
2
2438
-1418
3062
337032
8
-9
2
2420
-1442
3076
338057
27
-7
7
2393
-1421
3102
339082
23
-8
3
2408
-1450
3094
340107
13
-4
-1
2441
-1437
3075
341132
15
-4
-1
2415
-1426
3103
342157
30
-15
-7
2406
-1439
3136
343182
37
-18
-12
2430
-1415
3105
344207
21
-17
-14
2429
-1382
3088
337024
1
-20
-15
2419
-1399
3098
338049
14
-23
-11
2426
-1413
3086
339074
17
-16
-9
2435
-1396
3064
340099
1
-9
-9
2433
-1374
3052
341124
-8
-8
-17
2446
-1419
3079
342149
16
-6
-11
2425
-1408
3083
343174
32
-4
-3
2404
-1367
3092
344199
9
-6
-8
2426
-1379
3126
345224
-11
-11
-12
2448
-1391
3128
346249
-7
-17
-14
2438
-1383
3112
347274
-3
-22
-16
2424
-1393
3105
348299
0
-25
-15
2423
-1391
3105
349324
7
-27
-10
2431
-1385
3104
350349
-8
-27
-9
2434
-1357
3095
351374
-32
-33
-10
2439
-1388
3085
352399
-16
-34
-8
2444
-1423
3091
345217
11
-27
-4
2448
-1358
3067
346242
-35
-7
-5
2519
-1264
2936
347267
-128
82
1
2708
-1320
2704
348292
-222
237
74
2847
-1452
2670
349317
-178
284
206
2088
-1621
4128
350342
-260
151
8
2052
-1108
4375
351367
-527
-41
-10
2276
-1194
2712
352392
-483
-91
51
2193
-1707
2414
353417
-467
-109
66
2375
-1782
3190
354442
-342
-186
83
2410
-1867
3239
355467
13
-217
9
2467
-1759
2883
356492
204
-156
-45
2400
-1376
2704
357517
111
-102
-94
2463
-1408
2861
358542
-77
-79
-97
2570
-1589
2797
359567
-28
-39
-79
2482
-1703
2899
360592
133
-22
-70
2517
-1537
2948
353528
129
-13
-48
2476
-1419
2929
354553
3
-20
-42
2469
-1490
2971
355578
-54
-24
-31
2490
-1541
3044
356603
9
-29
-16
2458
-1534
3126
357628
59
-40
-20
2459
-1518
3116
358653
95
-47
-17
2437
-1500
3046
359678
119
-47
-19
2449
-1465
3004
360703
85
-35
-22
2501
-1468
2994
361728
43
-29
-15
2502
-1527
2983
362753
59
-15
-19
2484
-1494
2931
363778
57
-2
-33
2502
-1494
2931
364803
68
4
-38
2494
-1520
2968
365828
123
7
-42
2481
-1463
3008
366853
141
7
-43
2478
-1432
3035
367878
128
7
-43
2487
-1374
3029
368903
90
13
-48
2511
-1327
3054
361600
27
13
-47
2500
-1354
3045
362625
-7
16
-30
2481
-1417
2990
363650
2
31
-10
2505
-1387
2958
364675
9
43
0
2509
-1351
2979
365700
11
40
4
2499
-1396
3047
366725
12
37
5
2475
-1429
3082
367750
27
34
7
2457
-1403
3109
368775
17
24
10
2446
-1390
3112
369800
-7
8
10
2444
-1441
3110
370825
-12
-2
8
2456
-1441
3097
371850
-26
-10
5
2462
-1477
3083
372875
-17
-18
0
2458
-1479
3061
373900
-2
-20
-5
2463
-1436
3069
374925
-13
-26
-13
2473
-1467
3039
375950
-2
-22
-20
2487
-1439
3007
376975
-9
-17
-32
2500
-1407
2988
369793
-26
-15
-37
2496
-1449
3006
370818
10
-9
-34
2467
-1425
3009
371843
25
5
-34
2485
-1331
3014
372868
-24
4
-34
2501
-1359
3021
373893
-35
8
-25
2491
-1342
3009
374918
-17
7
-17
2487
-1372
3055
375943
5
8
-10
2492
-1347
3077
376968
-22
2
-2
2485
-1323
3069
377993
-49
-11
10
2472
-1384
3062
379018
-27
-15
21
2469
-1425
3036
380043
-4
-10
25
2472
-1418
3030
381068
-2
-13
22
2488
-1457
3042
382093
2
-16
9
2501
-1473
3056
383118
1
-19
1
2480
-1455
3028
384143
5
-22
-10
2482
-1439
3044
385168
1
-24
-14
2484
-1389
3069
377983
0
-30
-11
2492
-1370
3038
379008
0
-30
-4
2496
-1373
3024
380033
-7
-27
9
2504
-1369
3008
381058
-11
-25
19
2501
-1392
2997
382083
-10
-20
24
2496
-1419
2992
383108
2
-14
27
2492
-1427
2977
384133
14
-7
25
2495
-1426
2993
385158
8
-1
19
2503
-1422
3010
386183
-7
-1
13
2508
-1441
3018
387208
-7
1
6
2498
-1458
3003
388233
10
4
2
2490
-1440
3019
389258
17
7
-2
2494
-1416
3018
390283
17
10
0
2483
-1396
3028
391308
12
5
2
2474
-1410
3040
392333
18
0
6
2498
-1405
3069
393358
27
0
17
2524
-1420
3021
386177
47
-1
35
2501
-1418
2957
387202
90
1
40
2470
-1323
3047
388227
25
9
27
2546
-1328
2990
389252
-38
72
40
2726
-1353
2769
390277
-143
232
133
2863
-1249
2535
391302
-36
266
221
2128
-1625
3442
392327
376
95
66
2302
-1651
3972
393352
310
28
100
2217
-982
3324
394377
50
-83
50
2103
-1703
3111
395402
-58
-97
45
2496
-1506
2667
396427
-311
-36
89
2487
-1156
2981
397452
-544
-85
86
2437
-1519
3265
398477
-348
-115
61
2454
-1497
3020
399502
-121
-80
37
2402
-1295
2829
400527
-85
-73
4
2368
-1533
2954
401552
-72
-71
-60
2504
-1695
2982
394368
-32
-46
-67
2604
-1579
3027
395393
-38
-36
-26
2465
-1558
3040
396418
-51
-41
-31
2484
-1567
2948
397443
-38
-24
-40
2491
-1567
2931
398468
20
-20
-40
2453
-1576
2978
399493
45
-6
-47
2508
-1507
2971
400518
43
1
-39
2490
-1499
2998
401543
67
2
-37
2460
-1468
3020
402568
41
12
-42
2479
-1416
2985
403593
20
7
-35
2491
-1503
3015
404618
72
3
-23
2471
-1498
3037
405643
76
9
-25
2492
-1409
3048
406668
37
-7
-20
2463
-1513
3073
407693
72
-14
-19
2460
-1462
3082
408718
47
-11
-23
2486
-1405
3028
409743
11
-20
-19
2477
-1473
3006
402559
44
-22
-17
2503
-1442
3011
403584
33
-17
-12
2499
-1430
3015
404609
43
-21
-7
2476
-1459
3019
405634
62
-16
-8
2492
-1416
3039
406659
36
-14
-4
2484
-1393
3031
407684
7
-15
-9
2487
-1414
2998
408709
-24
-14
-9
2491
-1441
2994
409734
-15
-12
-9
2501
-1439
3010
410759
8
-12
-5
2498
-1416
3031
411784
6
-12
-6
2494
-1405
3001
412809
-11
-8
-8
2501
-1419
2993
413834
-11
-10
-4
2505
-1446
3018
414859
-3
-10
3
2496
-1439
3021
415884
2
-12
4
2490
-1430
3027
416909
6
-11
2
2489
-1420
3009
417934
-16
-10
-2
2501
-1423
3012
410752
-18
-13
1
2501
-1458
3007
411777
9
-7
2
2494
-1417
3004
412802
-13
-8
-3
2503
-1428
3005
413827
-12
-5
3
2495
-1438
2982
414852
17
2
7
2497
-1401
3010
415877
12
-3
6
2499
-1423
3029
416902
0
-2
6
2495
-1417
3019
417927
-15
-3
9
2498
-1431
3018
418952
-4
-4
11
2487
-1427
3020
419977
2
-5
6
2492
-1428
3023
421002
-4
-4
7
2501
-1435
3021
422027
-5
-6
12
2487
-1424
3003
423052
-7
-8
15
2486
-1433
3005
424077
-11
-8
15
2500
-1429
3015
425102
-7
-8
15
2487
-1442
3011
426127
-1
-9
13
2502
-1453
3007
418944
-1
-6
10
2507
-1442
3009
419969
-14
-7
8
2491
-1452
2993
420994
0
-6
7
2494
-1459
3009
422019
7
-4
6
2499
-1461
2999
423044
3
1
5
2497
-1426
3009
424069
-9
-1
4
2488
-1439
3004
425094
4
-2
2
2493
-1450
3028
426119
11
-1
2
2502
-1438
3012
427144
1
0
1
2501
-1417
3009
428169
-8
-5
1
2494
-1422
3022
429194
-10
-8
2
2488
-1438
3016
430219
-8
-7
5
2490
-1452
3007
431244
2
-4
6
2488
-1435
3008
432269
1
-6
5
2496
-1442
3016
433294
-5
-7
3
2495
-1462
3015
434319
-6
-8
1
2489
-1459
3014
427136
3
-7
-3
2493
-1444
3014
428161
1
-6
-6
2507
-1417
3010
429186
0
-7
-3
2502
-1407
3006
430211
0
-6
1
2506
-1417
3001
431236
-4
-3
9
2503
-1408
2978
432261
6
-5
23
2526
-1406
2971
433286
-5
19
35
2640
-1424
2914
434311
-15
112
71
2787
-1449
2661
435336
93
181
189
2719
-1485
2649
436361
369
122
156
2062
-1851
3823
437386
643
-11
-17
2293
-1328
4352
438411
569
-98
-34
2151
-1335
2997
439436
482
-166
-92
2341
-1577
2466
440461
164
-118
-2
2608
-1046
2559
441486
-365
-69
97
2621
-1031
3099
442511
-606
-99
109
2430
-1417
3425
435328
-388
-128
63
2392
-1345
3154
436353
-144
-71
-23
2366
-1316
2880
437378
-74
-42
-127
2577
-1485
2895
438403
-179
-29
-136
2665
-1419
2984
439428
-247
-48
-87
2598
-1622
3018
440453
-147
-49
-77
2545
-1474
3024
441478
-142
-65
-96
2533
-1344
2939
442503
-153
-66
-81
2538
-1401
2765
443528
-63
-39
-68
2550
-1486
2791
444553
47
-8
-42
2572
-1411
2917
445578
76
7
-8
2545
-1340
3011
446603
46
5
5
2521
-1350
3051
447628
13
9
5
2537
-1382
3020
448653
19
11
14
2520
-1400
2988
449678
38
9
21
2522
-1393
2995
450703
36
7
19
2544
-1433
3023
443520
16
5
20
2536
-1473
3021
444545
14
1
15
2525
-1461
3015
445570
12
-6
7
2528
-1443
3006
446595
15
-7
0
2538
-1441
2961
447620
16
-2
-3
2542
-1438
2944
448645
15
4
-7
2524
-1424
2955
449670
21
7
-8
2528
-1435
2981
450695
37
12
-8
2534
-1405
3003
451720
28
9
-10
2540
-1380
3009
452745
18
5
-8
2513
-1381
2987
453770
26
1
-6
2535
-1398
2989
454795
48
1
-4
2547
-1396
3009
455820
72
1
-1
2519
-1343
3003
456845
64
-4
4
2531
-1366
2993
457870
39
2
10
2533
-1377
3004
458895
2
9
12
2509
-1358
3015
451712
-32
3
8
2526
-1419
3006
452737
-17
4
10
2530
-1416
2998
453762
3
5
7
2528
-1388
2987
454787
-6
5
6
2534
-1382
2987
455812
-6
6
5
2528
-1396
3004
456837
6
7
2
2524
-1367
3032
457862
-7
4
4
2515
-1386
3014
458887
-2
4
7
2515
-1395
2996
459912
9
7
10
2517
-1375
3001
460937
1
3
14
2533
-1388
3005
461962
1
2
14
2520
-1412
3022
462987
-2
-1
9
2502
-1412
3019
464012
-1
-4
5
2503
-1399
3016
465037
5
-1
3
2540
-1377
2996
466062
2
3
4
2536
-1378
2987
467087
3
1
4
2513
-1395
3009
459905
12
2
7
2512
-1377
3013
460930
9
5
9
2515
-1368
3003
461955
-2
2
3
2515
-1389
3030
462980
-9
-2
1
2523
-1400
3029
464005
0
-7
4
2516
-1408
3034
465030
3
-11
4
2506
-1397
3036
466055
-11
-14
2
2521
-1383
3008
467080
-17
-15
6
2534
-1401
2989
468105
-5
-12
5
2531
-1390
2989
469130
0
-8
5
2521
-1380
2984
470155
3
-3
5
2518
-1386
2974
471180
2
-2
3
2533
-1398
2979
472205
-2
2
1
2531
-1397
3007
473230
-3
2
-1
2512
-1406
3010
474255
11
0
-3
2516
-1397
3032
475280
8
-4
-3
2520
-1372
3044
468096
-11
-9
1
2513
-1372
3018
469121
-11
-12
6
2512
-1381
3001
470146
-1
-11
9
2524
-1385
3004
471171
6
-9
10
2532
-1386
2996
472196
-1
-9
9
2533
-1388
3006
473221
-4
-10
6
2524
-1386
3005
474246
-2
-8
4
2520
-1391
2988
475271
-1
-4
3
2524
-1379
2980
476296
-7
0
1
2529
-1388
2981
477321
-4
3
5
2523
-1392
3000
478346
5
4
8
2523
-1376
2996
479371
0
7
8
2544
-1362
2977
480396
-14
24
12
2613
-1368
2932
481421
-88
128
59
2959
-1224
2754
482446
-218
286
273
2709
-1158
2867
483471
360
220
185
1826
-2250
3614
476288
1028
33
30
2438
-1411
3508
477313
797
9
31
2255
-1024
2956
478338
44
-35
40
2384
-1228
2448
479363
-374
-29
55
2521
-1406
3138
480388
-367
-25
88
2549
-1472
3298
481413
-148
10
59
2454
-1028
3066
482438
-104
32
32
2360
-928
3028
483463
-158
-22
-23
2327
-1654
3216
484488
-69
-26
-78
2571
-1549
3189
485513
-126
-7
-33
2511
-1322
3173
486538
-262
-42
-13
2470
-1492
3051
487563
-245
-54
-25
2489
-1495
3033
488588
-171
-56
-24
2464
-1503
3018
489613
-78
-60
-36
2474
-1527
3006
490638
19
-55
-38
2511
-1442
2989
491663
56
-40
-24
2495
-1387
2962
484481
51
-30
-24
2500
-1410
2985
485506
19
-20
-27
2516
-1432
3023
486531
13
-4
-26
2515
-1404
2971
487556
18
7
-31
2512
-1368
3005
488581
25
1
-27
2482
-1438
3051
489606
47
5
-26
2489
-1400
3053
490631
28
6
-20
2475
-1378
3056
491656
6
4
-14
2489
-1352
3037
492681
-12
1
-12
2507
-1399
3079
493706
1
-6
-5
2470
-1433
3069
494731
19
-12
-9
2469
-1362
3070
495756
-10
-22
-10
2492
-1385
3065
496781
-31
-25
-6
2514
-1414
3039
497806
3
-27
0
2486
-1399
3028
498831
11
-25
-7
2503
-1388
3008
499856
-15
-24
-7
2504
-1398
2999
492690
-10
-20
-4
2494
-1390
2984
493715
-13
-10
-5
2518
-1393
2980
494740
-5
-2
2
2504
-1399
2990
495765
21
5
1
2507
-1368
3022
496790
7
7
-3
2503
-1352
3026
497815
-10
4
-4
2506
-1347
3040
498840
-22
0
-1
2502
-1367
3045
499865
-25
0
6
2498
-1387
3030
500890
-11
1
10
2500
-1376
3023
501915
-13
0
12
2504
-1390
3029
502940
-8
3
14
2488
-1414
3016
503965
-4
7
14
2495
-1398
3019
504990
-12
5
11
2497
-1400
3024
506015
-18
4
6
2504
-1393
3038
507040
-25
2
6
2506
-1386
3029
508065
-24
3
11
2497
-1367
3006
500864
-29
6
15
2503
-1391
3012
501889
-25
4
23
2487
-1443
3021
502914
2
4
25
2475
-1420
3053
503939
-1
2
19
2487
-1413
3046
504964
-9
-2
13
2503
-1431
3019
505989
0
-6
10
2490
-1416
3051
507014
4
-14
6
2492
-1429
3061
508039
1
-13
5
2500
-1377
3032
509064
-13
-14
10
2491
-1386
3015
510089
-9
-13
16
2491
-1404
3015
511114
-4
-10
20
2501
-1421
3007
512139
-7
-9
20
2493
-1437
3021
513164
-3
-10
14
2488
-1460
3022
514189
12
-5
8
2494
-1430
3023
515214
1
-3
2
2500
-1428
3008
516239
-5
-3
-3
2496
-1433
3013
509057
5
-3
-6
2492
-1430
3034
510082
15
-5
-9
2489
-1403
3039
511107
11
-6
-8
2500
-1393
3034
512132
11
-7
0
2483
-1375
3020
513157
7
-7
4
2490
-1371
3022
514182
5
-8
9
2497
-1404
3043
515207
11
-6
13
2500
-1402
3037
516232
1
-6
12
2490
-1409
3000
517257
-10
-7
6
2497
-1439
3004
518282
6
-4
4
2498
-1432
3024
519307
14
-3
2
2486
-1405
3029
520332
5
-4
-2
2490
-1392
3015
521357
-12
-5
-3
2499
-1408
3023
522382
-2
-5
0
2494
-1409
3029
523407
12
-7
5
2499
-1383
3029
524432
2
-5
8
2495
-1377
3010
517247
-10
-3
10
2498
-1368
3006
518272
-28
-1
5
2502
-1372
2996
519297
-52
15
6
2535
-1300
2919
520322
-70
55
17
2603
-1261
2831
521347
-50
122
53
2757
-1167
2790
522372
17
141
172
2617
-1254
2971
523397
218
74
128
2055
-2103
3848
524422
707
23
-117
2222
-1650
4283
525447
754
-66
-111
2402
-1230
2642
526472
512
-105
-89
2376
-1477
2167
527497
-43
-16
-75
2688
-1238
2316
528522
-333
45
11
2624
-1469
2934
529547
-230
53
-1
2475
-1424
3488
530572
-37
26
-20
2374
-1066
3370
531597
59
22
-26
2295
-957
3240
532622
-9
-6
-48
2467
-1270
3202
525440
-116
-18
-25
2526
-1415
3163
526465
-85
-28
6
2519
-1484
3193
527490
-10
-46
18
2492
-1355
3192
528515
-58
-72
14
2459
-1318
3100
529540
-117
-71
-2
2471
-1374
3027
530565
-123
-49
-12
2493
-1306
3064
531590
-93
-62
-12
2484
-1374
3078
532615
-3
-61
-25
2501
-1402
3021
533640
33
-44
-32
2511
-1337
3020
534665
13
-36
-29
2526
-1324
2968
535690
-16
-16
-27
2540
-1291
2930
536715
-25
-3
-18
2515
-1340
2977
537740
19
13
-15
2508
-1337
3013
538765
25
25
-16
2504
-1295
3039
539790
9
22
-9
2496
-1326
3078
540815
20
21
0
2504
-1284
3094
533632
-4
15
3
2505
-1320
3093
534657
-13
7
8
2491
-1342
3082
535682
3
3
3
2487
-1325
3087
536707
5
-4
0
2486
-1356
3091
537732
8
-8
2
2494
-1316
3089
538757
-8
-17
0
2498
-1327
3095
539782
-27
-22
-4
2498
-1341
3047
540807
-13
-23
-5
2488
-1354
3034
541832
1
-18
-11
2512
-1348
3038
542857
-8
-11
-11
2508
-1313
3030
543882
-29
-13
-16
2507
-1324
3028
544907
-7
-10
-12
2515
-1349
3024
545932
17
3
-10
2515
-1289
3021
546957
9
1
-8
2501
-1312
3057
547982
0
-4
-7
2515
-1300
3094
549007
-6
-10
2
2486
-1309
3073
541824
0
-14
4
2485
-1304
3068
542849
-10
-18
2
2509
-1320
3060
543874
2
-18
6
2504
-1323
3051
544899
2
-19
4
2519
-1309
3032
545924
-20
-20
3
2511
-1361
3028
546949
-10
-14
1
2502
-1344
3026
547974
-3
-9
-3
2518
-1308
3030
548999
-13
-6
-4
2523
-1323
3036
550024
-14
-7
-4
2515
-1326
3034
551049
3
-2
-1
2508
-1294
3036
552074
-8
1
2
2519
-1291
3037
553099
-14
3
8
2510
-1290
3031
554124
-12
2
12
2520
-1330
3039
555149
-4
3
15
2517
-1328
3063
556174
-6
0
11
2498
-1330
3077
557199
-9
-5
8
2496
-1349
3052
550017
0
-8
6
2512
-1349
3053
551042
-6
-8
6
2517
-1325
3053
552067
-11
-11
8
2506
-1334
3040
553092
-3
-13
7
2509
-1337
3045
554117
-2
-11
9
2512
-1340
3036
555142
-2
-10
13
2509
-1331
3024
556167
7
-10
12
2500
-1335
3027
557192
1
-7
8
2518
-1335
3034
558217
-7
-4
7
2530
-1338
3016
559242
4
0
8
2512
-1329
3022
560267
5
2
4
2518
-1323
3043
561292
-7
2
4
2513
-1338
3042
562317
2
1
6
2506
-1329
3059
563342
3
-2
5
2502
-1306
3064
564367
-10
-7
5
2503
-1327
3067
565392
4
-10
13
2500
-1331
3040
558208
8
-10
16
2513
-1319
3046
559233
-16
-10
10
2512
-1348
3034
560258
-15
-10
11
2504
-1385
3010
561283
15
-1
9
2513
-1349
3044
562308
11
0
3
2511
-1332
3054
563333
3
-5
6
2518
-1299
3031
564358
-1
-6
13
2547
-1293
3007
565383
-6
28
33
2739
-1283
2905
566408
-119
146
157
2968
-1048
2640
567433
64
166
302
2079
-1625
3645
568458
671
28
86
2225
-1690
4161
569483
559
-28
7
2295
-1073
2906
570508
257
-52
-52
2404
-1365
2028
571533
100
28
3
2690
-1271
2348
572558
-190
110
63
2671
-1161
3297
573583
-558
99
44
2363
-1157
3750
566741
-597
-1
-13
2256
-1365
3493
567766
-185
-63
-20
2278
-1412
3084
568791
71
-62
-24
2366
-1250
3165
569816
-46
-85
-50
2569
-1342
3105
570841
-160
-85
-29
2636
-1465
3077
571866
-193
-85
5
2512
-1514
3015
572891
-155
-95
-2
2471
-1512
2922
573916
-77
-85
-15
2501
-1438
2927
574941
-47
-67
-25
2517
-1376
2982
575966
-46
-57
-23
2526
-1377
2959
576991
-29
-40
-28
2548
-1388
2954
578016
-10
-20
-22
2533
-1384
2928
579041
36
-11
-18
2506
-1376
2985
580066
34
2
-29
2540
-1346
3031
581091
2
9
-20
2514
-1392
3041
582116
29
8
-12
2476
-1378
3067
574592
41
6
-17
2488
-1352
3071
575617
6
1
-17
2517
-1364
3054
576642
-15
-3
-7
2521
-1373
3038
577667
1
-1
-2
2535
-1346
2985
578692
3
-6
-2
2525
-1405
3011
579717
29
-8
-2
2493
-1379
3075
580742
12
-10
-1
2510
-1351
3054
581767
-2
-12
3
2509
-1352
3003
582792
8
-14
0
2510
-1337
3017
583817
-1
-15
0
2522
-1373
3019
584842
2
-7
8
2528
-1371
3004
585867
23
-4
14
2511
-1351
3025
586892
12
-7
8
2525
-1379
3018
587917
-5
-4
5
2517
-1381
2997
588942
-2
0
7
2516
-1393
2989
589967
17
6
2
2518
-1370
3027
582784
13
5
-3
2512
-1357
3033
583809
-12
5
-4
2535
-1367
3018
584834
-6
6
5
2515
-1382
3012
585859
25
9
5
2504
-1344
3049
586884
9
5
0
2509
-1343
3048
587909
-8
3
1
2508
-1346
3025
588934
-6
1
9
2516
-1353
3017
589959
15
5
14
2507
-1339
3046
590984
-2
2
11
2505
-1370
3042
592009
-3
-1
12
2514
-1374
3036
593034
5
0
13
2513
-1368
3029
594059
-7
-1
7
2508
-1381
3028
595084
-11
-4
6
2497
-1383
3037
596109
-2
-3
3
2509
-1376
3035
597134
-1
-2
3
2514
-1369
3005
598159
3
2
3
2515
-1349
3026
590977
-2
1
6
2499
-1376
3033
592002
5
2
7
2513
-1361
3025
593027
-2
3
8
2499
-1376
3045
594052
-1
-1
5
2507
-1389
3061
595077
2
-3
3
2509
-1370
3050
596102
0
-7
2
2510
-1378
3038
597127
5
-8
2
2506
-1369
3029
598152
2
-6
3
2511
-1354
3023
599177
-4
-5
6
2500
-1350
3032
600202
-2
-6
5
2502
-1368
3043
601227
1
-7
4
2514
-1368
3046
602252
-7
-7
2
2514
-1366
3020
603277
-1
-6
2
2506
-1380
3022
604302
13
-3
6
2502
-1362
3034
605327
6
-2
7
2513
-1333
3036
606352
-15
-5
3
2505
-1363
3039
599168
-10
-6
3
2506
-1390
3031
600193
17
-3
6
2505
-1367
3046
601218
7
-7
5
2512
-1362
3043
602243
-13
-13
4
2515
-1371
3027
603268
-6
-13
5
2496
-1378
3038
604293
1
-12
0
2500
-1375
3035
605318
-4
-10
-1
2510
-1373
3004
606343
0
-9
-2
2526
-1374
2973
607368
14
2
1
2561
-1366
2990
608393
-4
36
21
2692
-1303
2885
609418
-31
104
109
2791
-1124
2771
610443
-94
190
142
2415
-1498
3087
611468
323
160
16
2264
-1549
3302
612493
694
-1
-59
2220
-1694
3555
613518
658
-77
-115
2413
-1664
3001
614543
368
-69
-92
2435
-1268
2919
607359
-157
-85
-68
2511
-1091
3124
608384
-435
-52
-14
2538
-830
3140
609409
-386
-52
33
2474
-893
3126
610434
-216
-28
76
2463
-813
3007
611459
-163
-18
66
2406
-1267
3075
612484
-134
-14
32
2666
-1536
3028
613509
-189
9
66
2551
-1470
3113
614534
-274
-25
75
2487
-1558
3089
615559
-272
-39
42
2475
-1527
3039
616584
-236
-49
2
2456
-1552
2995
617609
-142
-52
-16
2500
-1543
2946
618634
-16
-43
-27
2521
-1494
2920
619659
47
-20
-31
2545
-1377
2919
620684
47
-11
-22
2509
-1383
2995
621709
32
-7
-31
2521
-1404
3022
622734
7
3
-31
2536
-1376
3024
615553
14
5
-15
2484
-1384
3018
616578
36
11
-18
2500
-1339
3034
617603
4
11
-22
2517
-1351
3023
618628
-13
5
-6
2518
-1413
3046
619653
28
2
8
2490
-1393
3072
620678
17
-1
5
2519
-1367
3053
621703
-14
-9
4
2502
-1396
3021
622728
-10
-12
-1
2516
-1380
3024
623753
-11
-12
2
2505
-1415
3011
624778
15
-13
0
2497
-1382
3046
625803
11
-20
-4
2505
-1365
3049
626828
-4
-26
-3
2517
-1387
3008
627853
-13
-23
0
2516
-1381
2993
628878
-15
-20
3
2514
-1394
2986
629903
-5
-14
3
2526
-1406
2976
630928
-1
-8
1
2526
-1392
2982
623744
-10
-2
-1
2524
-1396
2977
624769
-7
3
-1
2514
-1380
2987
625794
-12
8
-5
2529
-1392
3004
626819
0
10
1
2511
-1387
3023
627844
9
12
0
2511
-1363
3021
628869
-21
9
-1
2522
-1377
3015
629894
-22
6
3
2501
-1382
3032
630919
-5
3
2
2509
-1383
3038
631944
-9
1
4
2533
-1405
3020
632969
-3
2
12
2511
-1377
3014
633994
-14
-2
7
2512
-1396
3027
635019
-18
-2
7
2511
-1404
3020
636044
0
-3
7
2509
-1400
3017
637069
6
-1
7
2503
-1366
3013
638094
-16
0
5
2521
-1388
3001
639119
-18
2
13
2515
-1404
2997
631935
-4
4
12
2505
-1406
3002
632960
-13
6
5
2511
-1410
3004
633985
-12
8
5
2511
-1402
3015
635010
4
10
8
2511
-1404
3016
636035
12
11
9
2506
-1371
3019
637060
-8
8
9
2510
-1394
3035
638085
-9
4
12
2503
-1404
3035
639110
5
2
11
2501
-1401
3038
640135
9
-1
11
2497
-1400
3042
641160
0
-5
9
2509
-1393
3024
642185
-14
-8
9
2504
-1412
3017
643210
-1
-12
9
2492
-1423
3042
644235
13
-12
5
2499
-1384
3038
645260
-6
-13
2
2506
-1397
3007
646285
-4
-11
6
2502
-1408
2984
647310
5
-5
9
2511
-1392
3003
640128
0
-4
9
2520
-1413
3003
641153
2
1
9
2513
-1401
3010
642178
5
-1
7
2502
-1399
3033
643203
11
-4
7
2498
-1407
3025
644228
17
-3
9
2502
-1401
2993
645253
20
2
6
2506
-1399
2998
646278
19
-1
2
2523
-1411
3034
647303
10
-8
7
2501
-1408
3038
648328
27
-13
10
2503
-1392
3018
649353
32
-9
10
2516
-1385
2994
650378
37
-14
16
2502
-1401
3027
651403
52
-17
21
2498
-1346
3099
652428
14
-20
22
2504
-1354
3073
653453
-18
-9
24
2566
-1395
2943
654478
-29
36
49
2714
-1346
2853
655503
-77
93
144
2781
-1294
2887
648320
-90
120
152
2135
-1616
3319
649345
358
34
-54
2330
-1934
3782
650370
462
-3
-69
2298
-1265
3469
651395
237
-51
-118
2446
-1428
2405
652420
137
12
-64
2651
-1219
1914
653445
-95
82
19
2642
-1126
2907
654470
-415
73
47
2484
-1152
3576
655495
-408
11
26
2363
-1339
3445
656520
-27
-29
18
2260
-1302
3106
657545
112
-29
-23
2342
-1198
3045
658570
-88
-58
-80
2567
-1507
3058
659595
-178
-60
-77
2688
-1608
3027
660620
-78
-53
-25
2552
-1506
3044
661645
-4
-66
-4
2470
-1414
2986
662670
-7
-72
-17
2475
-1413
2971
663695
-9
-55
-20
2515
-1376
3011
656511
-29
-38
1
2540
-1351
2989
657536
-5
-26
16
2520
-1351
2996
658561
-12
-17
13
2534
-1351
3016
659586
-28
-14
21
2510
-1416
3038
660611
0
-9
18
2503
-1412
3030
661636
0
-4
14
2509
-1411
2973
662661
-11
7
9
2520
-1424
2935
663686
-22
21
4
2530
-1434
2932
664711
-4
29
4
2505
-1451
3013
665736
26
31
-1
2505
-1415
3061
666761
33
30
-6
2504
-1396
3050
667786
3
30
-14
2489
-1388
3021
668811
-12
26
-17
2485
-1399
3056
669836
4
21
-12
2503
-1399
3083
670861
17
13
-8
2495
-1379
3088
671886
9
1
-3
2493
-1356
3072
664704
4
-8
3
2488
-1362
3065
665729
-7
-14
5
2484
-1382
3047
666754
-11
-20
6
2493
-1400
3042
667779
-16
-21
5
2518
-1406
3030
668804
-1
-20
9
2502
-1397
3011
669829
8
-17
3
2514
-1386
3001
670854
-5
-16
3
2500
-1405
2997
671879
-1
-11
2
2510
-1391
2998
672904
-12
-7
-2
2520
-1412
3007
673929
5
-6
5
2494
-1414
3006
674954
20
-1
1
2494
-1375
3025
675979
-19
1
-3
2502
-1387
3020
677004
-27
-2
-4
2507
-1414
3022
678029
2
2
0
2503
-1405
3015
679054
18
3
2
2503
-1381
3032
680079
1
1
4
2506
-1377
3042
672897
-9
-2
7
2502
-1383
3043
673922
2
-5
9
2492
-1388
3032
674947
0
-6
5
2510
-1410
3029
675972
-5
-5
6
2505
-1404
3009
676997
6
-4
6
2500
-1391
3007
678022
7
-3
3
2497
-1405
3020
679047
-5
-2
1
2509
-1402
3029
680072
-10
-1
5
2502
-1395
3014
681097
9
0
6
2496
-1371
3020
682122
0
1
3
2509
-1395
3023
683147
-3
7
7
2509
-1390
3031
684172
-7
2
7
2505
-1399
3028
685197
1
-3
6
2502
-1400
3036
686222
5
-4
4
2490
-1390
3046
687247
-9
-6
2
2502
-1397
3029
688272
-7
-5
5
2498
-1399
3005
681088
0
-1
7
2508
-1397
3008
682113
-1
0
6
2508
-1401
3028
683138
2
0
1
2512
-1402
3024
684163
10
2
2
2492
-1373
3004
685188
3
3
3
2496
-1384
3023
686213
-4
6
7
2509
-1384
3039
687238
-5
4
12
2500
-1414
3037
688263
6
2
12
2476
-1420
3056
689288
19
-2
5
2483
-1404
3059
690313
17
-6
3
2488
-1391
3048
691338
0
-12
1
2500
-1384
3045
692363
0
-18
1
2504
-1381
3026
693388
19
-18
4
2503
-1377
3030
694413
9
-21
3
2497
-1368
3050
695438
-4
-25
6
2489
-1382
3029
696463
-9
-20
9
2498
-1395
2996
689280
-8
-13
10
2506
-1395
2985
690305
-3
-7
8
2510
-1401
2998
691330
-6
-4
1
2512
-1405
3032
692355
-5
-4
3
2514
-1405
3011
693380
-5
1
2
2497
-1389
3003
694405
-17
10
0
2577
-1364
2983
695430
-60
61
31
2798
-1262
2933
696455
-181
164
174
2851
-987
3093
697480
-228
226
142
2020
-1783
3475
698505
350
107
-59
2308
-2039
3388
699530
644
56
-142
2331
-1505
2801
700555
340
-34
-110
2399
-1502
2452
701580
-119
-44
-69
2498
-1144
3046
702605
-527
-40
-33
2451
-1188
3401
703630
-480
-55
-41
2375
-1293
3444
704655
-135
-68
-10
2448
-1059
2925
697471
46
-31
45
2450
-812
2812
698496
-104
-41
53
2450
-1448
3053
699521
-89
-51
-3
2694
-1730
3002
700546
-22
-21
22
2611
-1527
3029
701571
-81
-47
46
2419
-1526
3020
702596
-106
-72
15
2460
-1576
3012
703621
-48
-66
3
2465
-1532
3136
704646
-20
-64
-6
2486
-1444
3114
705671
-5
-63
-10
2509
-1408
2983
706696
7
-51
-11
2528
-1433
2919
707721
32
-34
2
2527
-1420
2905
708746
47
-21
10
2544
-1433
2935
709771
43
-4
9
2526
-1411
2986
710796
6
10
5
2508
-1388
2984
711821
-11
20
12
2492
-1416
2974
712846
9
27
19
2492
-1450
2974
705665
15
33
17
2515
-1457
3007
706690
-14
32
9
2509
-1492
3036
707715
-9
25
2
2494
-1446
3041
708740
-3
22
-12
2521
-1382
3031
709765
-6
11
-10
2511
-1425
3013
710790
29
9
-4
2470
-1394
3044
711815
9
8
-9
2492
-1396
3039
712840
-14
1
-3
2495
-1432
3056
713865
7
-8
0
2483
-1418
3088
714890
-6
-19
-5
2504
-1432
3078
715915
-15
-29
-1
2494
-1445
3043
716940
10
-32
2
2499
-1397
3031
717965
-4
-36
-3
2518
-1418
3004
718990
-16
-35
0
2505
-1425
2972
720015
-18
-27
3
2510
-1444
2941
721040
-15
-14
6
2520
-1464
2938
713857
3
1
7
2511
-1446
2947
714882
6
11
3
2519
-1464
2954
715907
11
21
-6
2513
-1451
2998
716932
10
24
-8
2496
-1437
3033
717957
10
25
-10
2477
-1419
3041
718982
7
20
-11
2511
-1408
3040
720007
-9
16
-7
2517
-1374
3025
721032
-15
3
-6
2497
-1384
3062
722057
-8
-7
-3
2507
-1408
3056
723082
4
-12
1
2502
-1406
3030
724107
5
-17
0
2512
-1381
3028
725132
-13
-21
-3
2520
-1397
3009
726157
-15
-18
1
2507
-1424
2966
727182
2
-10
5
2502
-1410
2981
728207
-4
-2
8
2524
-1402
2974
729232
-20
4
13
2515
-1432
2964
722049
-16
12
16
2503
-1441
2979
723074
-10
20
12
2493
-1462
2995
724099
1
30
7
2502
-1441
2994
725124
16
29
5
2503
-1459
3010
726149
23
28
-3
2506
-1437
3054
727174
-3
26
0
2476
-1421
3033
728199
-8
25
3
2478
-1415
3006
729224
-4
26
5
2503
-1427
3000
730249
10
27
9
2487
-1420
3028
731274
5
28
8
2480
-1422
3028
732299
-3
28
10
2478
-1428
3017
733324
7
27
11
2477
-1422
3022
734349
0
24
4
2486
-1419
3057
735374
-11
20
-2
2483
-1415
3055
736399
-3
16
-2
2471
-1397
3050
737424
7
8
5
2472
-1393
3057
730241
2
5
10
2472
-1391
3066
731266
-14
1
14
2468
-1419
3064
732291
-2
-5
14
2462
-1431
3065
733316
13
-15
9
2464
-1450
3071
734341
6
-24
5
2455
-1442
3080
735366
-3
-35
2
2478
-1438
3072
736391
-1
-40
3
2482
-1431
3042
737416
7
-38
7
2477
-1424
3010
738441
14
-37
12
2476
-1422
3017
739466
10
-36
15
2489
-1409
2998
740491
5
-33
17
2506
-1424
2993
741516
8
-27
19
2500
-1439
2975
742541
14
-21
18
2485
-1437
2976
743566
20
-14
10
2478
-1441
3005
744591
22
-8
1
2501
-1435
3008
745616
13
-7
-1
2491
-1427
2995
738433
7
-8
-3
2482
-1441
3007
739458
1
-3
-3
2493
-1426
3008
740483
2
-1
-4
2492
-1387
3036
741508
-4
-7
-7
2498
-1399
3037
742533
-7
-8
-5
2500
-1386
3038
743558
-13
-4
3
2500
-1344
2992
744583
-41
23
9
2634
-1346
2859
745608
-113
114
66
2849
-1172
2670
746633
-107
149
218
2460
-1506
3196
747658
393
65
68
1954
-2368
3963
748683
870
15
-78
2501
-1355
3136
749708
602
8
-83
2326
-1053
2597
750733
-5
-26
-51
2519
-1242
2475
751758
-268
-2
17
2564
-1269
3071
752783
-312
9
39
2432
-1331
3450
753808
-161
-32
12
2355
-1342
3282
746623
56
-48
-3
2375
-1176
3108
747648
20
-48
-24
2387
-1286
3176
748673
-121
-68
-67
2542
-1517
3080
749698
-188
-46
-66
2610
-1456
2987
750723
-144
-38
-29
2518
-1481
2975
751748
-33
-41
-22
2476
-1413
2983
752773
11
-43
-30
2493
-1407
3017
753798
-26
-27
-27
2513
-1383
3052
754823
-49
-22
-15
2493
-1349
3040
755848
-25
-14
-8
2502
-1308
3032
756873
-35
-14
-6
2493
-1360
2989
757898
-26
-7
0
2524
-1386
3001
758923
10
-1
12
2502
-1368
3054
759948
15
-2
13
2492
-1367
3082
760973
-9
-6
13
2480
-1377
3060
761998
-3
-12
14
2479
-1384
3038
754817
11
-15
14
2496
-1394
3040
755842
-10
-15
11
2513
-1413
3061
756867
-27
-17
14
2499
-1440
3018
757892
4
-10
12
2492
-1406
3007
758917
-1
-5
1
2518
-1404
2988
759942
1
3
-3
2510
-1389
2975
760967
3
12
-7
2512
-1392
2993
761992
5
10
-5
2486
-1416
3041
763017
29
12
-2
2485
-1348
3062
764042
1
8
0
2494
-1356
3053
765067
-19
4
4
2489
-1378
3035
766092
11
2
11
2488
-1368
3041
767117
13
1
11
2486
-1371
3062
768142
-6
-4
11
2499
-1386
3041
769167
-2
-7
12
2501
-1390
3025
770192
4
-4
13
2492
-1384
3017
763008
8
-3
12
2493
-1380
3019
764033
4
2
12
2509
-1380
2999
765058
2
9
13
2501
-1385
2991
766083
5
17
16
2496
-1379
2998
767108
10
27
21
2503
-1361
2999
768133
14
33
27
2503
-1363
3011
769158
9
40
29
2477
-1401
3044
770183
16
42
29
2465
-1399
3068
771208
23
39
26
2474
-1394
3059
772233
16
34
20
2476
-1395
3076
773258
22
29
21
2451
-1387
3089
774283
42
23
25
2458
-1374
3091
775308
43
18
30
2474
-1367
3089
776333
22
13
32
2466
-1371
3107
777358
6
8
31
2463
-1417
3052
778383
22
9
29
2458
-1417
3047
771200
28
14
22
2449
-1395
3059
772225
15
19
14
2469
-1365
3029
773250
-2
25
11
2486
-1351
3020
774275
2
31
15
2466
-1369
3057
775300
17
35
20
2445
-1356
3086
776325
9
39
25
2433
-1379
3077
777350
1
37
28
2432
-1391
3100
778375
3
28
29
2438
-1411
3142
779400
3
18
26
2419
-1436
3152
780425
8
9
21
2404
-1435
3154
781450
12
-3
14
2418
-1430
3140
782475
17
-13
10
2435
-1420
3127
783500
18
-20
8
2423
-1406
3129
784525
1
-24
6
2422
-1400
3076
785550
7
-21
8
2443
-1389
3037
786575
21
-16
12
2461
-1392
3036
779393
18
-6
11
2452
-1387
3030
780418
12
3
7
2445
-1410
3031
781443
30
8
1
2440
-1421
3080
782468
39
14
1
2447
-1351
3109
783493
10
12
2
2438
-1355
3090
784518
8
11
0
2439
-1378
3086
785543
17
12
5
2443
-1359
3105
786568
3
12
8
2432
-1357
3103
787593
-23
22
4
2503
-1382
3060
788618
-53
59
35
2665
-1258
2994
789643
-226
177
133
2698
-1076
3096
790668
-611
264
102
2097
-1525
3423
791693
-335
107
-108
2164
-2260
3913
792718
352
-14
-165
2141
-1926
3341
793743
674
-68
-214
2301
-1446
2327
794768
439
-17
-231
2503
-1080
2182
787584
-96
51
-170
2663
-1304
2596
788609
-402
108
-119
2472
-1231
3417
789634
-449
59
-105
2254
-1165
3764
790659
-152
-16
-88
2302
-1301
3265
791684
228
2
-45
2266
-1049
3217
792709
122
-35
-48
2400
-1172
3184
793734
-115
-57
-46
2583
-1412
3129
794759
-128
-50
8
2480
-1540
3050
795784
1
-55
38
2415
-1382
3013
796809
-15
-67
24
2424
-1401
3109
797834
-54
-68
2
2419
-1497
3180
798859
9
-60
-2
2413
-1411
3186
799884
53
-62
1
2429
-1329
3158
800909
55
-70
6
2444
-1337
3089
801934
30
-69
9
2486
-1341
3065
802959
1
-61
14
2465
-1362
3056
795776
4
-50
18
2452
-1371
3059
796801
4
-43
15
2464
-1376
3066
797826
10
-39
17
2464
-1363
3077
798851
9
-29
21
2446
-1322
3076
799876
-8
-23
20
2470
-1332
3069
800901
-20
-20
14
2478
-1354
3069
801926
-17
-21
12
2474
-1376
3058
802951
-14
-18
8
2471
-1372
3048
803976
-7
-15
7
2468
-1375
3046
805001
10
-12
9
2446
-1361
3079
806026
6
-12
8
2456
-1357
3106
807051
-11
-14
8
2462
-1377
3100
808076
-18
-17
7
2465
-1366
3087
809101
-10
-23
8
2463
-1381
3079
810126
-2
-22
7
2473
-1359
3060
811151
-1
-23
8
2462
-1361
3070
803968
0
-27
6
2473
-1362
3107
804993
-15
-32
10
2469
-1398
3069
806018
-2
-31
10
2467
-1374
3050
807043
-10
-31
4
2478
-1385
3050
808068
-9
-27
7
2491
-1373
3024
809093
0
-25
7
2484
-1373
3023
810118
8
-22
3
2476
-1365
3058
811143
-4
-22
0
2491
-1369
3066
812168
1
-23
6
2476
-1373
3046
813193
3
-22
1
2485
-1372
3050
814218
-13
-23
0
2484
-1392
3063
815243
-3
-26
-1
2472
-1389
3089
816268
2
-32
-6
2481
-1366
3068
817293
-10
-34
-5
2501
-1359
3029
818318
-9
-31
3
2492
-1361
3036
819343
-11
-30
5
2485
-1347
3040
812159
-14
-30
6
2492
-1361
3045
813184
-22
-26
6
2504
-1365
3026
814209
-34
-22
13
2505
-1357
2999
815234
-20
-18
22
2510
-1375
2991
816259
-3
-11
27
2508
-1364
3020
817284
-13
-8
26
2497
-1388
3025
818309
-8
-3
29
2491
-1415
3007
819334
17
-2
26
2497
-1407
3045
820359
25
-6
23
2485
-1407
3054
821384
36
-9
29
2466
-1398
3070
822409
49
-14
35
2483
-1355
3081
823434
27
-23
35
2518
-1338
3074
824459
-6
-27
38
2508
-1372
3026
825484
11
-27
40
2479
-1385
3014
826509
11
-24
25
2509
-1333
3023
827534
-18
-22
16
2546
-1385
2998
820352
-17
-15
18
2529
-1408
2950
821377
-5
-2
21
2489
-1424
2948
822402
7
13
24
2456
-1452
3009
823427
23
20
21
2475
-1453
3047
824452
16
19
10
2492
-1455
3064
825477
9
13
-1
2477
-1409
3087
826502
9
-1
-5
2481
-1418
3095
827527
16
-10
-7
2474
-1421
3092
828552
17
-15
-7
2466
-1368
3079
829577
1
-26
-9
2489
-1370
3075
830602
8
-36
-7
2506
-1392
3082
831627
23
-41
-5
2487
-1382
3069
832652
17
-47
-7
2482
-1362
3071
833677
-5
-50
-6
2504
-1353
3038
834702
-7
-44
2
2540
-1342
2993
835727
-11
-30
6
2609
-1334
2923
828544
-74
35
16
2747
-1141
2791
829569
-242
92
91
2702
-1297
2759
830594
-143
66
130
2251
-2032
3612
831619
287
50
-51
2377
-1660
3714
832644
315
33
-20
2352
-1086
2773
833669
113
-46
-93
2357
-1674
2658
834694
75
-56
-48
2540
-1368
2592
835719
-91
-20
-4
2524
-1148
3098
836744
-295
-36
24
2460
-1313
3311
837769
-251
-64
32
2465
-1224
3092
838794
-92
-57
49
2410
-1189
2999
839819
-9
-37
9
2438
-1309
3012
840844
-49
-36
-52
2618
-1406
3025
841869
-123
-55
-36
2616
-1583
3054
842894
-60
-61
-2
2496
-1519
3022
843919
-36
-80
-10
2518
-1472
2947
836735
-72
-74
-26
2577
-1501
2865
837760
-44
-53
-33
2531
-1528
2887
838785
43
-40
-32
2555
-1411
3021
839810
35
-34
-26
2544
-1370
3056
840835
26
-32
-23
2511
-1338
3049
841860
13
-35
-28
2537
-1328
3015
842885
-3
-37
-16
2550
-1372
2994
843910
20
-37
-2
2520
-1380
3002
844935
14
-39
-2
2561
-1352
3034
845960
-37
-43
15
2545
-1400
2966
846985
-22
-39
24
2535
-1358
2930
848010
-48
-38
6
2639
-1348
2940
849035
-94
-31
7
2628
-1395
2900
850060
-62
-16
19
2549
-1384
2854
851085
-27
9
37
2547
-1401
2806
852110
-18
38
58
2544
-1445
2850
844928
-14
59
67
2567
-1438
2929
845953
-20
65
59
2577
-1513
2949
846978
-9
70
39
2543
-1527
2920
848003
1
77
23
2513
-1499
2915
849028
24
84
15
2521
-1487
2957
850053
45
84
3
2528
-1477
3005
851078
46
80
-5
2507
-1457
3042
852103
37
72
-9
2490
-1432
3071
853128
43
58
-8
2475
-1419
3076
854153
55
43
-4
2486
-1397
3088
855178
53
24
0
2496
-1397
3088
856203
35
14
5
2511
-1381
3112
857228
5
5
17
2476
-1365
3065
858253
-12
0
19
2490
-1352
3021
859278
-33
-6
23
2502
-1412
3017
860303
-24
-6
27
2501
-1426
3025
853121
-21
-6
23
2492
-1468
2995
854146
-10
-1
20
2498
-1478
2978
855171
3
5
15
2490
-1489
3001
856196
7
7
6
2495
-1480
3019
857221
2
5
2
2477
-1491
3022
858246
14
3
-5
2478
-1442
3045
859271
-1
-2
-12
2489
-1446
3062
860296
8
-10
-12
2477
-1425
3069
861321
16
-19
-13
2493
-1396
3062
862346
3
-28
-15
2499
-1396
3050
863371
-5
-35
-13
2499
-1400
3035
864396
4
-38
-10
2496
-1404
3018
865421
10
-39
-8
2505
-1413
3014
866446
-1
-39
-9
2515
-1414
3010
867471
-7
-39
-8
2502
-1413
2989
868496
2
-34
-6
2511
-1411
2978
861314
-1
-27
-6
2528
-1388
2980
862339
-16
-23
-5
2525
-1399
2968
863364
-3
-17
0
2525
-1400
2982
864389
5
-11
6
2519
-1384
2991
865414
-11
-8
8
2521
-1399
2995
866439
-24
-4
10
2525
-1438
2987
867464
-13
-6
8
2510
-1454
3000
868489
-3
-13
3
2517
-1445
3017
869514
8
-11
0
2514
-1430
3002
870539
7
-8
-1
2511
-1410
2992
871564
-2
-5
3
2520
-1422
2953
872589
13
3
6
2533
-1406
2994
873614
4
-3
4
2512
-1415
3056
874639
-7
-15
1
2499
-1430
3033
875664
0
-16
3
2510
-1411
2993
876689
4
-16
6
2525
-1389
2990
869505
0
-15
7
2544
-1394
2984
870530
-5
-12
11
2530
-1411
2967
871555
-5
-5
13
2512
-1405
2955
872580
0
2
10
2526
-1414
2961
873605
-14
21
9
2605
-1449
2917
874630
-56
72
36
2789
-1382
2856
875655
-62
134
183
2797
-1371
2880
876680
70
194
135
2157
-2108
3424
877705
367
163
-72
2278
-1192
3592
878730
17
66
-103
2349
-1110
3001
879755
-209
-5
-95
2424
-1699
2369
880780
-176
-6
-66
2540
-1399
2711
881805
-413
-31
-24
2492
-1248
3299
882830
-583
-69
-31
2427
-1340
3454
883855
-411
-83
-36
2342
-1418
3217
884880
-161
-82
-22
2383
-1445
2993
877696
-154
-47
-28
2512
-1465
2921
878721
-141
-42
-26
2687
-1556
2871
879746
-88
-44
16
2602
-1504
2833
880771
-49
-50
48
2489
-1580
2876
881796
-41
-45
29
2556
-1590
2858
882821
-40
-22
33
2546
-1615
2800
883846
42
-11
34
2483
-1639
2898
884871
108
-5
6
2524
-1598
2967
885896
102
7
2
2537
-1564
2928
886921
147
7
-3
2482
-1562
2985
887946
203
-3
-17
2492
-1514
3020
888971
217
-8
-18
2511
-1514
3010
889996
197
-8
-16
2508
-1476
2991
891021
183
-10
-20
2509
-1467
2991
892046
159
-15
-25
2509
-1462
3035
893071
137
-21
-27
2519
-1445
3052
885889
119
-24
-29
2516
-1407
3021
886914
94
-24
-29
2520
-1391
3000
887939
60
-17
-21
2528
-1370
2983
888964
44
-14
-10
2532
-1356
2999
889989
20
-13
-3
2546
-1357
3003
891014
-8
-8
7
2541
-1348
2956
892039
-20
-1
11
2541
-1366
2939
893064
-19
12
20
2533
-1412
2925
894089
0
27
25
2515
-1441
2934
895114
-2
36
22
2514
-1466
2985
896139
-12
41
19
2492
-1501
2995
897164
-10
43
4
2500
-1495
3021
898189
3
40
-8
2503
-1465
3046
899214
12
40
-17
2514
-1418
3029
900239
3
38
-21
2519
-1382
2995
901264
-19
48
-22
2521
-1375
2938
894081
-5
46
-15
2505
-1423
2994
895106
26
41
-5
2505
-1359
3083
896131
-8
31
4
2484
-1360
3089
897156
-28
20
14
2468
-1402
3060
898181
-25
15
21
2484
-1433
3036
899206
-5
11
26
2479
-1453
3005
900231
12
5
22
2486
-1451
3047
901256
8
-2
14
2488
-1463
3068
902281
4
-6
6
2477
-1440
3065
903306
3
-11
4
2473
-1433
3044
904331
7
-14
-1
2488
-1429
3037
905356
8
-17
-2
2490
-1410
3052
906381
11
-20
2
2488
-1408
3031
907406
9
-19
4
2487
-1401
3016
908431
6
-17
7
2490
-1404
3016
909456
3
-18
9
2485
-1421
3028
902271
1
-20
7
2497
-1428
3016
903296
-5
-19
3
2502
-1441
3018
904321
-1
-16
0
2492
-1443
3007
905346
7
-13
-5
2500
-1413
3003
906371
-1
-15
-10
2507
-1414
3014
907396
-5
-13
-7
2500
-1415
3012
908421
9
-10
0
2494
-1398
3018
909446
16
-11
2
2504
-1374
3024
910471
-8
-16
4
2501
-1412
3015
911496
-14
-18
5
2504
-1418
3030
912521
-2
-21
9
2492
-1438
3022
913546
14
-19
8
2495
-1421
3006
914571
0
-17
3
2516
-1430
3000
915596
-11
-11
3
2525
-1432
2955
916621
0
-6
2
2514
-1437
2971
917646
-12
-4
0
2515
-1445
2994
910464
-19
-7
-5
2493
-1412
3063
911489
-27
-15
-5
2491
-1404
3060
912514
-15
-15
3
2496
-1385
2989
913539
3
-13
7
2513
-1381
2985
914564
-12
-10
11
2526
-1409
2999
915589
-22
-5
11
2519
-1415
2998
916614
-23
-2
11
2494
-1423
3001
917639
-11
-1
10
2506
-1442
2978
918664
-1
6
10
2522
-1417
2964
919689
-23
21
11
2543
-1380
2962
920714
-136
83
13
2683
-1252
2957
921739
-500
190
61
2757
-982
2958
922764
-907
175
137
2393
-1471
3339
923789
-631
208
-72
2031
-2398
3771
924814
145
62
-220
2537
-2323
2651
925839
521
4
-224
2240
-1936
2489
918858
195
-47
-202
2527
-1362
2764
919883
-256
-10
-122
2528
-1079
3004
920908
-421
7
-70
2429
-1358
3172
921933
-169
3
2
2511
-1041
2779
922958
27
49
73
2530
-804
2715
923983
97
51
85
2419
-1383
3135
925008
138
-7
58
2597
-1651
3128
926033
140
-24
104
2465
-1668
3167
927058
71
-53
86
2397
-1743
3157
928083
54
-74
43
2434
-1709
3036
929108
70
-78
13
2476
-1647
3007
930133
109
-86
1
2480
-1589
2981
931158
140
-88
-2
2513
-1478
3000
932183
116
-80
6
2522
-1447
2995
933208
89
-58
14
2483
-1378
2979
934233
20
-38
10
2498
-1380
2973
926848
-21
-29
17
2531
-1469
2972
927873
13
-8
25
2494
-1484
2952
928898
12
4
9
2500
-1518
2940
929923
-17
16
-4
2518
-1557
2967
930948
-24
29
-7
2484
-1526
2992
931973
-52
33
-24
2484
-1491
3004
932998
-101
31
-35
2495
-1538
3021
934023
-100
26
-37
2477
-1498
3071
935048
-79
7
-43
2483
-1475
3063
936073
-37
-8
-41
2483
-1470
3024
937098
4
-15
-37
2494
-1417
2999
938123
-11
-22
-33
2510
-1458
3000
939148
-20
-24
-21
2498
-1491
3016
940173
-17
-23
-14
2497
-1450
2988
941198
-22
-23
-12
2510
-1493
2942
942223
-8
-16
-13
2508
-1482
2961
935040
-7
-13
-17
2503
-1488
2975
936065
-6
-10
-18
2522
-1475
2962
937090
1
-7
-12
2509
-1462
2957
938115
22
-6
-8
2509
-1442
2975
939140
9
-5
-3
2522
-1464
2983
940165
-1
-1
4
2506
-1463
2981
941190
1
-2
3
2498
-1458
2983
942215
4
-2
0
2513
-1457
2973
943240
8
0
2
2517
-1454
2975
944265
11
1
5
2513
-1455
3008
945290
-9
-1
11
2508
-1487
2995
946315
-6
3
15
2499
-1463
2969
947340
-29
4
6
2500
-1472
2949
948365
-38
5
-2
2501
-1510
2974
949390
-12
5
0
2502
-1500
3015
950415
15
0
9
2494
-1446
3030
943232
-7
-6
13
2505
-1431
2993
944257
-22
-9
17
2517
-1470
2976
945282
-12
-9
20
2511
-1492
2985
946307
-4
-12
22
2500
-1494
2987
947332
7
-12
23
2504
-1502
2972
948357
15
-5
23
2509
-1482
2956
949382
15
0
23
2496
-1473
2962
950407
14
0
24
2504
-1491
2987
951432
17
0
24
2504
-1493
2990
952457
44
2
27
2499
-1515
2982
953482
62
12
31
2497
-1437
2981
954507
3
9
42
2502
-1427
2955
955532
-41
16
44
2512
-1461
2927
956557
-4
21
42
2508
-1521
2956
957582
47
22
38
2481
-1505
3009
958607
39
21
29
2486
-1492
3023
951423
-2
15
24
2479
-1529
3020
952448
5
10
22
2469
-1515
3034
953473
12
3
17
2479
-1517
3022
954498
3
-2
8
2485
-1507
3031
955523
-13
-9
4
2481
-1514
3013
956548
3
-12
5
2473
-1486
3013
957573
14
-12
5
2477
-1462
3004
958598
-5
-8
6
2493
-1460
2977
959623
-15
-6
12
2503
-1480
2961
960648
-3
-5
16
2497
-1490
2994
961673
3
-3
20
2491
-1475
3001
962698
-9
8
22
2510
-1420
2966
963723
-61
40
36
2612
-1307
2904
964748
-113
93
104
2767
-1380
2757
965773
-117
97
252
2523
-1592
3181
966798
290
39
231
1970
-1982
3650
959617
480
-8
98
2403
-1302
3432
960642
5
-25
48
2343
-1491
2767
961667
-246
-58
66
2421
-1631
2610
962692
-340
-80
53
2461
-1581
3086
963717
-399
-112
24
2411
-1705
3243
964742
-274
-124
-24
2379
-1653
3053
965767
-66
-119
-49
2407
-1529
2873
966792
24
-79
-67
2466
-1442
2837
967817
-41
-52
-102
2593
-1567
2796
968842
-65
-28
-87
2651
-1655
2812
969867
11
-12
-50
2539
-1686
2844
970892
71
-4
-50
2514
-1589
2827
971917
53
9
-51
2499
-1589
2874
972942
39
20
-48
2488
-1605
2951
973967
54
27
-39
2485
-1537
2991
974992
65
23
-38
2503
-1496
3030
967809
59
19
-29
2494
-1492
3020
968834
59
18
-21
2484
-1466
2993
969859
35
14
-16
2486
-1487
3020
970884
8
8
-7
2479
-1532
3016
971909
11
3
-4
2476
-1512
3010
972934
-8
-6
-7
2498
-1551
3002
973959
0
-9
-2
2491
-1539
2971
974984
17
-12
-3
2496
-1513
2990
976009
16
-14
0
2486
-1532
2987
977034
21
-10
0
2497
-1503
2970
978059
-3
-10
0
2508
-1536
2959
979084
10
-11
4
2477
-1527
2971
980109
13
-8
-4
2497
-1507
2963
981134
7
-7
-4
2511
-1539
2972
982159
29
-7
0
2488
-1493
3000
983184
9
-9
-7
2506
-1512
2993
976000
-13
-9
-3
2495
-1541
2983
977025
13
-8
3
2478
-1502
2973
978050
25
-10
-5
2497
-1490
2961
979075
19
-10
-4
2518
-1510
2953
980100
22
-4
2
2498
-1492
2979
981125
30
-6
4
2492
-1503
2988
982150
23
-5
3
2511
-1488
2990
983175
-3
-4
3
2510
-1511
2972
984200
-1
-2
5
2489
-1520
2959
985225
8
-2
1
2500
-1502
2980
986250
1
-3
2
2497
-1518
2979
987275
9
-4
2
2498
-1498
2971
988300
8
-1
-1
2499
-1494
2980
989325
-8
0
-1
2500
-1495
2985
990350
1
0
3
2499
-1486
2985
991375
3
2
7
2502
-1504
2979
984193
6
1
6
2493
-1498
2986
985218
4
0
4
2503
-1508
2984
986243
2
0
5
2496
-1501
2984
987268
0
0
4
2493
-1489
2976
988293
-4
0
5
2507
-1511
2977
989318
2
0
6
2491
-1503
2988
990343
10
-1
4
2496
-1494
2993
991368
7
-1
5
2488
-1488
2995
992393
1
-1
9
2496
-1485
2982
993418
-5
-3
12
2488
-1516
2991
994443
-2
-1
11
2500
-1518
2985
995468
-6
-1
11
2494
-1538
2983
996493
7
-2
4
2480
-1523
2991
997518
1
-2
-2
2505
-1506
2986
998543
-3
-4
2
2501
-1504
2978
999568
15
-2
6
2482
-1481
2981
992385
1
-3
4
2493
-1490
2989
993410
-10
-3
5
2501
-1502
2993
994435
-2
-5
7
2493
-1517
3003
995460
16
-7
6
2486
-1491
2995
996485
5
-8
4
2487
-1487
2993
997510
-8
-7
8
2489
-1489
2973
998535
-1
-11
7
2492
-1494
2969
999560
19
-11
4
2494
-1508
2985
1000585
17
-6
3
2498
-1503
2978
1001610
9
-2
7
2498
-1474
2976
1002635
5
-4
11
2493
-1497
2985
1003660
0
-4
10
2502
-1498
3002
1004685
-7
-2
11
2496
-1501
2998
1005710
-11
-2
9
2482
-1503
2981
1006735
-21
-2
1
2490
-1528
2982
1007760
-16
-1
0
2504
-1523
2972
1000576
-6
3
2
2500
-1463
2969
1001601
-16
11
5
2511
-1433
2944
1002626
-31
35
23
2561
-1333
2869
1003651
-68
87
69
2660
-1220
2734
1004676
-46
106
167
2662
-1257
2782
1005701
117
65
216
2320
-1611
3225
1006726
355
20
55
2220
-2247
3744
1007751
607
32
-19
2427
-1704
3285
1008776
536
27
-21
2454
-1426
2110
1009801
264
-25
-79
2375
-1712
2897
1010826
-107
-42
-75
2575
-1421
3384
1011851
-226
-67
-20
2358
-1352
3458
1012876
-161
-92
-40
2307
-1445
3337
1013901
26
-107
-33
2383
-1179
3091
1014926
9
-98
-9
2438
-1059
2983
1015951
-167
-82
-31
2478
-1410
3007
1008768
-202
-62
-62
2657
-1582
2908
1009793
-129
-34
-12
2627
-1503
2896
1010818
-92
-23
20
2520
-1473
2834
1011843
-101
-10
10
2506
-1506
2753
1012868
-40
6
-4
2512
-1550
2903
1013893
-11
13
-12
2539
-1566
3022
1014918
24
18
-6
2482
-1460
3039
1015943
38
13
-19
2465
-1439
3072
1016968
19
9
-36
2492
-1451
3064
1017993
-1
6
-26
2492
-1457
3059
1019018
9
1
-11
2472
-1446
3049
1020043
-13
4
-15
2503
-1369
2986
1021068
-64
0
-14
2530
-1480
2949
1022093
1
-4
2
2487
-1510
3022
1023118
53
-5
-1
2491
-1428
3055
1024143
10
-13
-7
2495
-1473
3018
1016961
-1
-14
-5
2511
-1444
3016
1017986
-1
-16
6
2496
-1451
2979
1019011
-6
-16
6
2489
-1456
2979
1020036
-18
-9
0
2509
-1447
2989
1021061
-12
-4
-1
2510
-1458
2983
1022086
12
1
-4
2504
-1449
2970
1023111
11
7
-8
2514
-1438
2976
1024136
-16
14
-6
2515
-1448
2940
1025161
-19
19
-3
2510
-1462
2949
1026186
0
18
-1
2499
-1446
3031
1027211
0
10
0
2495
-1449
3052
1028236
-15
7
1
2501
-1463
3019
1029261
-3
3
8
2483
-1436
3025
1030286
-4
-4
6
2497
-1433
3030
1031311
-22
-12
6
2496
-1467
3007
1032336
-10
-11
8
2495
-1451
2990
1025152
-4
-10
6
2512
-1476
2980
1026177
2
-8
9
2495
-1475
2981
1027202
-2
-7
8
2502
-1467
2996
1028227
-17
-5
7
2507
-1484
2975
1029252
-1
2
10
2491
-1450
2960
1030277
8
4
8
2499
-1445
2989
1031302
1
10
10
2501
-1435
2996
1032327
-11
8
12
2494
-1459
2990
1033352
-11
8
13
2490
-1475
2996
1034377
-3
7
13
2501
-1465
3021
1035402
-7
5
13
2491
-1479
2998
1036427
-1
7
11
2487
-1447
2990
1037452
-8
5
11
2493
-1471
2988
1038477
2
6
8
2497
-1464
3015
1039502
-6
7
5
2490
-1468
3014
1040527
-4
6
7
2475
-1472
3008
1033346
-1
6
8
2492
-1464
2997
1034371
2
6
11
2498
-1446
3004
1035396
3
4
14
2483
-1458
3013
1036421
9
5
14
2479
-1458
3026
1037446
1
4
16
2484
-1469
3018
1038471
1
0
15
2483
-1469
3024
1039496
-1
-4
14
2487
-1486
3015
1040521
-4
-3
10
2478
-1488
3000
1041546
5
-5
7
2484
-1489
3007
1042571
10
-4
4
2484
-1478
3013
1043596
8
-2
5
2477
-1464
3011
1044621
7
-4
3
2479
-1467
3000
1045646
8
-1
1
2495
-1461
3002
1046671
8
3
2
2490
-1462
3025
1047696
12
3
5
2478
-1474
3020
1048721
21
-1
6
2477
-1457
3007
1041535
12
-3
5
2489
-1444
3014
1042560
0
-6
5
2484
-1446
3011
1043585
1
-10
7
2484
-1465
3011
1044610
5
-8
10
2491
-1475
3006
1045635
4
-5
9
2476
-1459
3020
1046660
-8
-8
3
2479
-1489
3024
1047685
-10
-7
3
2478
-1459
3005
1048710
5
-11
1
2482
-1476
3025
1049735
7
-11
2
2481
-1434
3036
1050760
-7
-15
6
2477
-1461
3004
1051785
2
-13
10
2490
-1453
3008
1052810
8
-13
17
2489
-1435
3002
1053835
1
-11
17
2488
-1466
2988
1054860
-1
-9
16
2488
-1488
2995
1055885
-2
-3
19
2496
-1482
2992
1056910
4
3
22
2494
-1475
2978
1049728
17
10
25
2502
-1474
2964
1050753
39
22
30
2508
-1450
2981
1051778
56
37
45
2530
-1377
2957
1052803
24
71
68
2606
-1319
2871
1053828
-60
139
119
2708
-1121
2801
1054853
-144
112
209
2332
-1490
3396
1055878
229
46
92
2103
-2278
3863
1056903
597
34
5
2356
-1434
3023
1057928
433
17
-60
2352
-1570
2493
1058953
49
-2
-46
2573
-1515
2443
1059978
-250
-1
6
2551
-1302
3078
1061003
-413
-25
5
2368
-1404
3532
1062028
-288
-63
-37
2278
-1442
3499
1063053
27
-87
-38
2262
-1343
3161
1064078
68
-62
-74
2354
-1266
2987
1065103
-91
-60
-99
2606
-1424
2957
1058018
-163
-56
-50
2661
-1582
2929
1059043
-56
-44
8
2528
-1536
2955
1060068
12
-41
15
2469
-1435
2904
1061093
-47
-22
-1
2514
-1492
2833
1062118
-40
2
7
2475
-1533
2935
1063143
24
12
-1
2470
-1490
3055
1064168
24
17
-13
2504
-1459
3084
1065193
-1
15
-8
2456
-1482
3061
1066218
22
10
-13
2431
-1451
3080
1067243
6
2
-22
2462
-1441
3092
1068268
-23
-3
-20
2476
-1492
3068
1069293
-6
-10
-12
2451
-1466
3064
1070318
-12
-17
-14
2494
-1455
3025
1071343
-22
-18
-4
2472
-1495
2995
1072368
31
-19
-2
2458
-1458
3054
1073393
13
-23
-15
2467
-1459
3036
1066112
-17
-21
-20
2498
-1466
2976
1067137
1
-18
-13
2477
-1469
2980
1068162
42
-16
-10
2473
-1425
3018
1069187
21
-9
-15
2497
-1414
3006
1070212
-23
-6
-13
2499
-1439
2994
1071237
-19
-4
-9
2486
-1466
3014
1072262
8
-3
-7
2473
-1445
3027
1073287
19
-6
-8
2481
-1429
3041
1074312
0
-8
-10
2490
-1421
3032
1075337
-17
-7
-2
2479
-1430
2994
1076362
-5
-7
4
2476
-1460
3013
1077387
1
-7
5
2493
-1451
3038
1078412
-8
-9
3
2480
-1456
3027
1079437
-10
-8
-2
2488
-1459
3004
1080462
-3
-6
1
2490
-1466
2996
1081487
20
-5
5
2483
-1422
3014
1074304
2
-5
4
2489
-1432
3000
1075329
-14
-2
4
2494
-1458
2996
1076354
-9
2
5
2482
-1461
3006
1077379
11
2
6
2481
-1461
3019
1078404
9
2
3
2494
-1443
3024
1079429
-4
1
2
2480
-1448
3026
1080454
-3
-1
4
2471
-1448
3020
1081479
6
0
4
2488
-1436
3018
1082504
2
-1
6
2486
-1447
3035
1083529
2
-3
11
2477
-1434
3028
1084554
1
-6
13
2478
-1454
3016
1085579
3
-4
11
2489
-1455
3020
1086604
3
-6
9
2484
-1459
3020
1087629
2
-8
7
2482
-1459
3019
1088654
2
-7
4
2485
-1438
3000
1089679
2
-6
5
2482
-1442
3003
1082496
6
-4
5
2479
-1445
3016
1083521
4
-4
5
2491
-1460
3025
1084546
0
-2
7
2485
-1452
3029
1085571
-4
-5
6
2480
-1454
3023
1086596
3
-5
4
2479
-1446
3018
1087621
7
-3
6
2479
-1429
3025
1088646
3
-1
10
2483
-1442
3029
1089671
9
-4
12
2474
-1444
3033
1090696
0
-7
12
2471
-1454
3037
1091721
-8
-9
7
2482
-1474
3023
1092746
8
-10
4
2486
-1458
3013
1093771
12
-9
2
2491
-1441
3002
1094796
10
-6
4
2490
-1425
3021
1095821
1
-5
4
2489
-1435
3015
1096846
0
-6
7
2479
-1425
3004
1097871
10
-7
12
2466
-1450
3018
1090689
12
-3
15
2488
-1420
3003
1091714
-6
0
18
2501
-1425
2934
1092739
18
13
19
2447
-1391
2944
1093764
32
15
-2
2493
-1397
3125
1094789
-48
-3
2
2516
-1486
3149
1095814
-1
-13
40
2450
-1459
3012
1096839
54
-11
40
2463
-1425
3039
1097864
-28
-15
25
2491
-1486
3045
1098889
-41
-15
26
2487
-1504
2982
1099914
-9
2
21
2514
-1468
2941
1100939
-60
45
6
2652
-1491
2856
1101964
-108
130
56
2771
-1186
2741
1102989
-150
132
174
2481
-1388
3229
1104014
124
62
28
1941
-2302
3738
1105039
838
-19
-54
2399
-1621
3406
1106064
819
-52
-96
2306
-1531
2569
1098880
407
-60
-86
2577
-1364
2178
1099905
-103
-3
-29
2597
-1049
3011
1100930
-458
2
1
2451
-1143
3671
1101955
-379
-20
5
2341
-1237
3503
1102980
-72
-16
30
2332
-1042
2974
1104005
-5
6
30
2367
-1051
2961
1105030
-129
-21
4
2505
-1579
3107
1106055
-136
-23
-1
2664
-1582
3143
1107080
-155
-31
36
2483
-1531
3087
1108105
-182
-53
28
2433
-1525
2969
1109130
-159
-61
-7
2451
-1609
2945
1110155
-69
-43
-34
2493
-1593
2965
1111180
-24
-22
-40
2512
-1473
2975
1112205
16
-17
-27
2490
-1441
2976
1113230
26
-4
-28
2488
-1393
2989
1114255
-21
7
-30
2494
-1401
2980
1107072
-15
14
-16
2484
-1436
3028
1108097
30
22
-2
2479
-1374
3052
1109122
13
18
0
2473
-1404
3070
1110147
-8
7
4
2472
-1468
3073
1111172
5
6
4
2467
-1441
3048
1112197
-12
-2
0
2467
-1472
3024
1113222
4
-7
-2
2477
-1461
3053
1114247
13
-9
-5
2475
-1404
3056
1115272
-25
-15
-8
2487
-1447
3039
1116297
-34
-10
0
2479
-1447
2997
1117322
10
-1
6
2477
-1399
3010
1118347
1
-4
-1
2489
-1443
3020
1119372
-13
-1
0
2489
-1434
3016
1120397
-17
1
3
2473
-1421
3004
1121422
-20
3
3
2467
-1457
3005
1122447
1
4
5
2467
-1480
3035
1115264
14
7
5
2477
-1435
3067
1116289
-15
0
3
2467
-1452
3030
1117314
-13
-2
1
2475
-1452
3019
1118339
-6
-1
1
2477
-1446
3016
1119364
2
0
2
2465
-1428
3029
1120389
-11
0
0
2471
-1445
3020
1121414
-22
2
3
2479
-1440
3024
1122439
-16
4
6
2472
-1446
3025
1123464
-6
5
4
2484
-1446
3014
1124489
-12
4
3
2475
-1436
3039
1125514
-20
0
2
2471
-1449
3053
1126539
-13
-2
4
2470
-1448
3059
1127564
-7
-6
4
2472
-1432
3040
1128589
-14
-8
4
2473
-1442
3005
1129614
-12
-9
3
2475
-1487
3016
1130639
14
-6
2
2478
-1460
3025
1123456
7
0
2
2473
-1416
3011
1124481
-22
-4
2
2485
-1473
3019
1125506
6
-5
9
2465
-1462
3024
1126531
24
-3
8
2467
-1423
3034
1127556
-9
-5
6
2481
-1441
3037
1128581
-11
-4
7
2476
-1469
3019
1129606
10
-3
6
2478
-1450
3021
1130631
5
-2
4
2473
-1444
3017
1131656
4
-3
4
2470
-1449
3037
1132681
0
-5
4
2479
-1447
3045
1133706
-9
-7
3
2464
-1450
3035
1134731
-1
-11
4
2471
-1442
3032
1135756
8
-10
7
2483
-1427
3030
1136781
-1
-8
8
2470
-1442
3016
1137806
-8
-11
7
2470
-1472
3024
1138831
-2
-9
8
2481
-1468
3029
1131648
0
-8
8
2481
-1441
3011
1132673
3
-6
6
2482
-1437
3001
1133698
15
-5
6
2480
-1432
3024
1134723
10
-4
9
2462
-1430
3028
1135748
4
-7
8
2472
-1450
3034
1136773
6
-8
8
2481
-1474
3034
1137798
10
-11
5
2467
-1476
3036
1138823
8
-14
0
2476
-1465
3014
1139848
6
-12
-3
2480
-1448
3016
1140873
7
-10
-1
2478
-1425
3029
1141898
1
-9
5
2476
-1416
3024
1142923
-4
-7
10
2484
-1433
3012
1143948
2
-4
14
2487
-1436
3028
1144973
1
-5
11
2483
-1452
3021
1145998
-7
-6
7
2481
-1457
3014
1147023
-1
-5
6
2467
-1447
3023
1139841
0
-5
3
2475
-1432
3009
1140866
-4
2
3
2479
-1436
2992
1141891
-15
6
5
2506
-1424
2998
1142916
-20
4
13
2491
-1460
3049
1143941
-3
-2
10
2474
-1457
3029
1144966
6
4
6
2486
-1437
2975
1145991
-29
43
5
2637
-1256
2847
1147016
-113
106
49
2757
-1093
2826
1148041
-205
85
144
2464
-1603
3228
1149066
153
100
12
2185
-1935
3656
1150091
369
51
-81
2267
-1557
3426
1151116
127
-25
-126
2339
-1831
2535
1152141
8
-77
-105
2416
-1487
2643
1153166
-186
-134
-57
2421
-1420
3290
1154191
-314
-128
-32
2451
-1159
3521
1155216
-317
-116
-2
2438
-1114
3193
1148032
-180
-77
41
2506
-1062
2742
1149057
-51
-37
61
2454
-1482
2850
1150082
13
-24
2
2576
-1794
2957
1151107
24
-16
-28
2630
-1656
2966
1152132
-2
-27
-9
2478
-1614
2933
1153157
8
-33
-26
2469
-1611
2892
1154182
33
-6
-48
2531
-1497
2885
1155207
42
6
-47
2518
-1472
2922
1156232
121
4
-41
2498
-1436
2993
1157257
154
6
-42
2504
-1384
3037
1158282
94
17
-37
2520
-1330
3044
1159307
31
21
-12
2481
-1383
3040
1160332
61
14
-2
2491
-1395
3049
1161357
45
12
1
2516
-1367
3048
1162382
11
0
13
2476
-1449
3073
1163407
28
-8
15
2469
-1397
3107
1156223
-6
-18
5
2482
-1442
3054
1157248
-16
-25
1
2491
-1468
3011
1158273
4
-27
-3
2505
-1436
3002
1159298
-13
-23
-14
2535
-1430
2999
1160323
-21
-23
-11
2518
-1475
2975
1161348
39
-17
-8
2492
-1397
2995
1162373
13
-10
-14
2502
-1381
2973
1163398
-21
-8
-15
2504
-1414
2977
1164423
-6
-4
-15
2498
-1432
3003
1165448
14
-3
-21
2505
-1444
3009
1166473
7
-2
-21
2516
-1422
3022
1167498
4
-4
-9
2494
-1425
3015
1168523
21
-1
-4
2501
-1379
3002
1169548
-11
0
-5
2521
-1395
2995
1170573
-1
2
2
2501
-1410
2995
1171598
24
5
5
2507
-1364
3019
1164416
-3
5
7
2517
-1383
3005
1165441
-7
6
16
2501
-1393
3001
1166466
-1
8
19
2515
-1406
3007
1167491
7
11
23
2491
-1428
3012
1168516
13
10
18
2498
-1418
3033
1169541
-3
6
9
2497
-1460
3046
1170566
-7
2
5
2496
-1445
3033
1171591
7
-1
4
2481
-1435
3026
1172616
6
-4
-6
2505
-1394
3014
1173641
-10
-7
1
2504
-1426
3015
1174666
19
-2
12
2488
-1374
3026
1175691
5
0
12
2501
-1366
3011
1176716
-19
-3
14
2517
-1451
3010
1177741
1
-3
15
2492
-1430
3025
1178766
6
-4
11
2490
-1423
3013
1179791
-4
-3
7
2494
-1444
2992
1172609
5
1
5
2501
-1430
3000
1173634
6
4
2
2499
-1421
3006
1174659
3
7
3
2490
-1410
3014
1175684
6
7
5
2498
-1400
3007
1176709
14
10
8
2491
-1389
3023
1177734
-4
8
8
2502
-1406
3044
1178759
-16
4
8
2496
-1441
3048
1179784
-3
-3
6
2479
-1444
3051
1180809
6
-6
3
2495
-1414
3038
1181834
-1
-8
2
2492
-1403
3015
1182859
-9
-9
2
2502
-1403
3010
1183884
-3
-7
8
2502
-1419
3000
1184909
6
-3
11
2496
-1410
3012
1185934
-3
0
9
2489
-1430
3024
1186959
0
-2
6
2504
-1441
3025
1187984
3
-2
5
2486
-1430
3026
1180800
-4
-4
0
2481
-1425
3017
1181825
1
-3
-1
2492
-1424
3012
1182850
13
-3
0
2496
-1400
3037
1183875
7
-4
3
2495
-1396
3038
1184900
1
-6
7
2494
-1412
3039
1185925
-2
-6
9
2491
-1408
3024
1186950
-2
-8
10
2492
-1416
3008
1187975
4
-7
10
2492
-1425
3025
1189000
6
-6
7
2493
-1423
3035
1190025
4
-6
4
2501
-1431
3009
1191050
7
-7
3
2492
-1418
3028
1192075
9
-7
0
2488
-1397
3022
1193100
-2
-5
5
2491
-1405
3017
1194125
-1
-5
12
2503
-1404
3019
1195150
6
-4
13
2490
-1420
3027
1196175
-2
-3
10
2496
-1414
3018
1188993
-15
0
11
2500
-1417
3023
1190018
0
-2
19
2484
-1389
3005
1191043
16
-4
23
2498
-1406
3019
1192068
3
6
25
2519
-1422
2977
1193093
22
14
40
2490
-1383
3010
1194118
29
7
50
2491
-1408
3035
1195143
22
9
56
2503
-1396
3015
1196168
8
19
67
2480
-1376
3011
1197193
-27
31
74
2496
-1328
3023
1198218
-113
61
88
2569
-1237
3025
1199243
-416
130
124
2775
-1136
2960
1200268
-898
155
284
2863
-1344
2989
1201293
-742
179
393
1899
-1841
3669
1202318
-11
181
171
2165
-1630
3472
1203343
283
133
77
2266
-1910
2378
1204368
332
54
6
2330
-2263
2229
1197184
103
15
-10
2545
-1851
2735
1198209
-360
-14
-49
2425
-1868
3303
1199234
-477
-20
-115
2176
-1728
3525
1200259
-198
-62
-148
2246
-1531
3309
1201284
201
-89
-117
2261
-1327
3186
1202309
312
-87
-123
2353
-1214
3116
1203334
172
-89
-90
2650
-1211
2992
1204359
-9
-81
-2
2536
-1459
2931
1205384
-21
-75
41
2485
-1560
2878
1206409
-25
-55
59
2503
-1509
2837
1207434
-75
-34
60
2457
-1665
2806
1208459
-33
-12
36
2464
-1718
2845
1209484
33
4
14
2467
-1746
2944
1210509
136
10
6
2419
-1745
3006
1211534
215
19
-15
2423
-1594
3031
1212559
178
23
-39
2424
-1551
3082
1205375
131
5
-56
2429
-1599
3138
1206400
119
-8
-67
2424
-1564
3150
1207425
101
-16
-66
2420
-1493
3124
1208450
70
-25
-54
2429
-1451
3098
1209475
46
-36
-42
2447
-1444
3097
1210500
30
-44
-33
2455
-1450
3074
1211525
8
-46
-21
2451
-1439
3050
1212550
-7
-44
-8
2464
-1446
3000
1213575
2
-37
2
2467
-1456
2972
1214600
9
-31
9
2476
-1474
2979
1215625
2
-24
10
2486
-1497
2994
1216650
-8
-16
9
2464
-1504
2978
1217675
-5
-9
3
2467
-1514
2970
1218700
6
-3
-2
2473
-1508
2984
1219725
2
5
-2
2468
-1483
2997
1220750
3
6
-4
2459
-1484
3029
1213568
-6
5
-1
2477
-1488
3034
1214593
4
3
9
2449
-1474
3054
1215618
1
0
7
2453
-1472
3049
1216643
-22
-1
3
2482
-1492
3008
1217668
-6
-3
10
2456
-1507
3017
1218693
16
-5
6
2449
-1484
3039
1219718
-16
-6
1
2494
-1501
3019
1220743
-21
-6
9
2453
-1522
2989
1221768
19
-4
7
2443
-1468
3025
1222793
4
-4
0
2475
-1494
3030
1223818
-13
-1
4
2472
-1507
3017
1224843
2
0
10
2446
-1479
3012
1225868
1
-2
5
2464
-1498
3014
1226893
-5
-2
3
2458
-1493
3023
1227918
-3
-2
1
2453
-1497
3035
1228943
4
0
3
2461
-1489
3019
1221760
7
-2
3
2454
-1490
3029
1222785
-9
-4
2
2470
-1495
3034
1223810
-14
-3
7
2463
-1513
2994
1224835
14
-1
6
2454
-1478
3020
1225860
2
-2
0
2461
-1484
3033
1226885
-7
-1
3
2457
-1481
3021
1227910
2
0
5
2457
-1477
3030
1228935
-3
-1
4
2461
-1489
3007
1229960
-3
-1
3
2454
-1488
3030
1230985
-11
-4
1
2458
-1495
3045
1232010
0
-4
6
2460
-1496
3028
1233035
9
-2
7
2461
-1464
3014
1234060
-8
-6
7
2452
-1512
3031
1235085
3
-6
11
2447
-1499
3032
1236110
6
-7
8
2450
-1492
3026
1237135
-2
-10
5
2460
-1492
3034
1229952
1
-13
4
2471
-1487
3030
1230977
2
-14
6
2459
-1491
3014
1232002
5
-12
6
2452
-1495
3012
1233027
7
-10
7
2455
-1486
3005
1234052
-1
-9
4
2471
-1512
3013
1235077
-3
-6
2
2473
-1516
3014
1236102
9
-4
-1
2465
-1490
3008
1237127
11
-2
-3
2459
-1481
3026
1238152
-1
-3
-1
2466
-1473
3035
1239177
-9
-4
1
2458
-1467
3027
1240202
-11
-6
1
2465
-1483
3022
1241227
-3
-6
1
2466
-1487
3037
1242252
7
-8
4
2459
-1483
3025
1243277
6
-8
5
2463
-1486
3017
1244302
-1
-5
3
2462
-1491
3017
1245327
-4
-7
5
2457
-1495
3006
1238145
2
-5
5
2459
-1493
3013
1239170
4
-2
5
2468
-1478
3021
1240195
0
0
5
2458
-1477
3024
1241220
-4
2
6
2497
-1486
3009
1242245
-32
35
35
2682
-1469
2923
1243270
-47
123
132
2742
-1296
2803
1244295
-243
139
198
2429
-1284
3112
1245320
-152
20
112
2013
-2540
3615
1246345
574
8
27
2312
-1434
3311
1247370
402
-36
49
2385
-920
2597
1248395
-102
-98
68
2374
-1564
2778
1249420
-194
-111
47
2501
-1731
3200
1250445
-100
-94
43
2353
-1446
3235
1251470
-152
-96
-6
2318
-1486
3110
1252495
-145
-85
-47
2356
-1519
3049
1253520
-53
-59
-90
2477
-1490
3007
1246335
-40
-40
-67
2590
-1387
2904
1247360
-149
-25
-42
2511
-1459
2892
1248385
-147
-24
-34
2528
-1652
2880
1249410
-51
-2
-33
2494
-1579
2805
1250435
-3
7
-45
2452
-1581
2876
1251460
11
3
-55
2535
-1667
2978
1252485
27
18
-47
2486
-1643
2975
1253510
83
29
-52
2437
-1508
3046
1254535
69
27
-64
2444
-1484
3060
1255560
22
33
-64
2491
-1468
2986
1256585
-3
33
-49
2487
-1528
2971
1257610
40
28
-31
2480
-1510
3005
1258635
46
25
-19
2487
-1479
3029
1259660
48
13
-6
2440
-1498
3085
1260685
62
1
-7
2448
-1443
3125
1261710
21
-6
-13
2464
-1479
3043
1254529
5
-12
-9
2459
-1479
3042
1255554
16
-20
-2
2460
-1453
3036
1256579
4
-23
-4
2487
-1475
2992
1257604
-13
-15
0
2486
-1489
2968
1258629
3
-9
4
2468
-1468
2994
1259654
3
-4
1
2480
-1480
2996
1260679
-7
2
0
2488
-1498
2987
1261704
-4
5
2
2470
-1497
3008
1262729
6
5
1
2460
-1488
3027
1263754
0
2
-2
2478
-1493
3020
1264779
6
3
3
2457
-1480
3025
1265804
8
2
4
2458
-1461
3029
1266829
-2
0
4
2466
-1474
3015
1267854
0
1
5
2475
-1492
3010
1268879
-5
0
5
2488
-1499
3005
1269904
1
1
4
2468
-1483
3016
1262721
-5
2
0
2472
-1496
3012
1263746
1
3
1
2471
-1477
3019
1264771
12
2
1
2463
-1472
3031
1265796
-1
-1
-1
2478
-1477
3034
1266821
-11
-3
3
2465
-1488
3025
1267846
5
-2
7
2470
-1479
3015
1268871
6
-5
5
2466
-1481
3018
1269896
-5
-5
3
2476
-1473
3017
1270921
-13
-6
7
2479
-1503
3022
1271946
14
-4
13
2453
-1472
3017
1272971
8
-5
6
2463
-1477
3010
1273996
-7
-6
4
2468
-1491
3009
1275021
-5
-4
3
2472
-1485
3022
1276046
-6
-5
5
2469
-1508
3011
1277071
6
-2
3
2470
-1493
3004
1278096
-5
0
-3
2475
-1503
3021
1270971
-1
0
-3
2471
-1476
3021
1271996
4
0
-1
2463
-1477
3021
1273021
5
-1
1
2464
-1458
3035
1274046
-10
-1
2
2471
-1465
3012
1275071
-6
-3
7
2462
-1482
3019
1276096
13
-5
8
2471
-1474
3031
1277121
9
-8
7
2465
-1497
3047
1278146
-4
-11
5
2472
-1485
3038
1279171
-7
-14
5
2464
-1489
3014
1280196
-4
-15
2
2468
-1492
3009
1281221
2
-13
1
2474
-1476
3004
1282246
8
-11
3
2474
-1469
3006
1283271
0
-8
3
2470
-1472
3008
1284296
-5
-6
6
2474
-1477
2999
1285321
1
-2
9
2470
-1489
2996
1286346
-2
2
7
2469
-1494
3001
1279104
-4
2
3
2474
-1513
3027
1280129
6
-1
1
2473
-1502
3039
1281154
6
-2
0
2464
-1479
3036
1282179
1
-6
1
2459
-1479
3020
1283204
6
-9
1
2464
-1457
3033
1284229
-7
-13
2
2476
-1459
3035
1285254
-12
-12
4
2474
-1479
3001
1286279
4
-8
6
2471
-1478
2984
1287304
8
-7
4
2473
-1480
3009
1288329
-1
-7
1
2475
-1470
3030
1289354
-11
-7
-1
2474
-1485
3007
1290379
3
-6
3
2468
-1483
3003
1291404
14
-2
8
2485
-1450
3002
1292429
5
0
10
2481
-1457
3005
1293454
5
1
12
2461
-1492
3018
1294479
31
-2
12
2459
-1486
3050
1287297
26
-6
11
2471
-1465
3057
1288322
3
-10
11
2468
-1472
3006
1289347
3
-13
9
2476
-1498
2996
1290372
11
-15
9
2481
-1484
3021
1291397
16
-9
9
2471
-1464
2980
1292422
28
1
11
2474
-1430
2981
1293447
17
-1
20
2511
-1443
3031
1294472
8
10
43
2571
-1490
3002
1295497
10
53
110
2647
-1320
2950
1296522
-79
111
188
2602
-1118
2915
1297547
-355
121
198
2404
-1272
3071
1298572
-229
126
-14
2064
-2382
3706
1299597
482
79
-58
2382
-1854
3279
1300622
568
20
-58
2315
-1563
2467
1301647
119
-36
-71
2418
-1487
2552
1302672
-262
-65
-14
2494
-1323
3083
1295489
-397
-72
15
2383
-1373
3498
1296514
-239
-70
-8
2312
-1414
3377
1297539
42
-68
15
2365
-1213
2956
1298564
65
-33
10
2385
-1310
2966
1299589
-47
-8
-21
2590
-1533
2940
1300614
-119
3
10
2657
-1491
2861
1301639
-106
4
46
2486
-1700
2900
1302664
6
0
24
2428
-1696
2976
1303689
51
-2
-11
2433
-1679
3031
1304714
65
-10
-32
2394
-1605
3104
1305739
74
-18
-48
2440
-1511
3098
1306764
37
-14
-44
2502
-1480
2989
1307789
56
-9
-24
2439
-1481
3007
1308814
99
-17
-25
2452
-1441
3097
1309839
62
-17
-23
2479
-1417
3104
1310864
-11
-19
-13
2438
-1437
3097
1303680
-27
-24
-6
2438
-1456
3052
1304705
-30
-24
-3
2469
-1472
3007
1305730
-22
-25
8
2469
-1524
2984
1306755
22
-19
12
2474
-1480
3022
1307780
-5
-17
3
2483
-1486
2995
1308805
-12
-14
6
2450
-1517
2987
1309830
24
-6
6
2451
-1472
3034
1310855
1
-2
-1
2473
-1466
3016
1311880
-27
-2
3
2482
-1499
2989
1312905
-1
-4
9
2449
-1479
3035
1313930
8
-7
2
2455
-1485
3038
1314955
-8
-5
-1
2470
-1481
3018
1315980
-11
-4
2
2465
-1484
3017
1317005
7
-4
6
2454
-1473
3029
1318030
-11
-4
2
2467
-1489
3016
1319055
-23
-1
3
2469
-1507
3007
1311873
-2
0
7
2457
-1494
3004
1312898
9
0
5
2459
-1472
3020
1313923
-8
1
1
2457
-1504
3019
1314948
-4
4
1
2462
-1489
3028
1315973
6
-1
4
2456
-1499
3046
1316998
1
-3
1
2454
-1504
3036
1318023
-6
-3
-1
2459
-1454
3035
1319048
-6
-8
-1
2462
-1498
3011
1320073
16
-7
2
2455
-1479
3023
1321098
17
-10
3
2468
-1478
3044
1322123
-4
-9
2
2460
-1483
3023
1323148
-11
-8
0
2461
-1475
3000
1324173
-9
-5
-2
2466
-1491
3007
1325198
5
-2
1
2465
-1475
3011
1326223
9
-2
6
2467
-1476
3027
1327248
-3
-2
9
2467
-1477
3033
1320064
-8
-3
7
2461
-1482
3027
1321089
-6
-3
3
2460
-1498
3028
1322114
-1
-4
1
2463
-1488
3023
1323139
6
-4
2
2466
-1477
3028
1324164
0
-6
2
2468
-1486
3028
1325189
-2
-9
1
2460
-1482
3036
1326214
-4
-10
-1
2461
-1480
3027
1327239
-3
-9
-4
2464
-1483
3017
1328264
4
-8
-2
2467
-1483
3024
1329289
2
-7
1
2479
-1460
3027
1330314
-13
-8
0
2457
-1469
3009
1331339
-11
-6
1
2462
-1499
3002
1332364
11
-3
5
2465
-1475
3020
1333389
12
-4
7
2473
-1469
3036
1334414
-2
-7
7
2473
-1477
3041
1335439
-14
-9
5
2459
-1488
3023
1328256
-3
-10
4
2455
-1502
3003
1329281
10
-8
-1
2471
-1492
3004
1330306
8
-4
-3
2466
-1481
3019
1331331
1
-5
-3
2470
-1473
3009
1332356
2
-4
0
2464
-1479
3015
1333381
8
-2
1
2461
-1464
3027
1334406
2
-1
2
2465
-1462
3021
1335431
0
-4
3
2471
-1474
3022
1336456
4
-3
5
2475
-1469
3037
1337481
5
-4
5
2457
-1462
3034
1338506
6
-6
3
2467
-1482
3027
1339531
2
-5
6
2467
-1460
3017
1340556
1
-4
7
2472
-1467
3010
1341581
1
-3
6
2471
-1478
3008
1342606
9
-5
4
2470
-1482
3034
1343631
10
-5
5
2462
-1474
3033
1336447
2
-4
6
2469
-1456
3017
1337472
2
-5
9
2461
-1455
3008
1338497
6
-3
11
2470
-1439
3023
1339522
-1
0
16
2468
-1448
3025
1340547
-9
4
24
2472
-1467
3010
1341572
-9
11
34
2488
-1448
2983
1342597
-47
48
32
2618
-1426
2846
1343622
-163
147
46
2840
-1135
2770
1344647
-304
119
199
2455
-1492
3273
1345672
141
61
72
1996
-2526
3789
1346697
681
101
-13
2394
-916
3220
1347722
117
17
-12
2257
-1412
2481
1348747
-277
-85
-5
2366
-1755
2801
1349772
-304
-123
33
2421
-1544
3193
1350797
-373
-161
2
2399
-1630
3397
1351822
-246
-166
-41
2382
-1659
3243
1344641
117
-152
-44
2384
-1416
2992
1345666
198
-107
-52
2364
-1467
2981
1346691
82
-35
-97
2587
-1309
2839
1347716
-103
10
-75
2703
-1195
2753
1348741
-141
7
-6
2557
-1644
2809
1349766
23
20
11
2490
-1694
2840
1350791
120
33
-9
2496
-1635
2882
1351816
173
43
-15
2465
-1609
2914
1352841
247
50
-20
2465
-1525
3014
1353866
228
49
-24
2505
-1462
3068
1354891
174
45
-21
2440
-1433
3155
1355916
152
31
-29
2420
-1394
3215
1356941
98
15
-35
2455
-1380
3178
1357966
15
2
-25
2471
-1376
3172
1358991
-21
-18
-5
2437
-1394
3143
1360016
-20
-31
-4
2459
-1380
3088
1352833
-18
-44
2
2468
-1448
3065
1353858
8
-49
3
2467
-1416
3060
1354883
-12
-49
-1
2497
-1425
2994
1355908
-22
-43
7
2493
-1462
2952
1356933
20
-27
11
2473
-1408
2977
1357958
14
-13
0
2487
-1438
2965
1358983
0
3
-2
2505
-1432
2962
1360008
6
12
3
2487
-1428
2993
1361033
22
20
3
2467
-1406
3033
1362058
3
25
0
2480
-1419
3038
1363083
-6
21
5
2465
-1431
3063
1364108
9
15
8
2456
-1411
3089
1365133
2
5
6
2464
-1427
3075
1366158
-4
-2
8
2454
-1435
3073
1367183
2
-8
8
2456
-1426
3075
1368208
3
-15
5
2475
-1443
3062
1361023
-3
-17
5
2474
-1423
3043
1362048
-3
-18
3
2464
-1414
3015
1363073
-10
-15
0
2484
-1427
3008
1364098
-3
-9
5
2487
-1419
3016
1365123
2
-4
4
2470
-1414
3009
1366148
-8
2
1
2488
-1430
3003
1367173
-2
7
5
2471
-1443
3025
1368198
22
8
4
2469
-1410
3067
1369223
5
7
5
2478
-1411
3054
1370248
1
1
11
2461
-1406
3052
1371273
0
-2
9
2466
-1427
3061
1372298
-6
-5
9
2461
-1442
3057
1373323
-5
-10
5
2469
-1449
3052
1374348
-10
-10
1
2481
-1458
3028
1375373
7
-8
1
2465
-1422
3013
1376398
7
-7
-4
2481
-1422
3024
1369216
-3
-3
-2
2480
-1413
3030
1370241
-3
-1
3
2476
-1409
3032
1371266
-3
1
5
2473
-1422
3044
1372291
4
1
6
2471
-1425
3056
1373316
5
-1
4
2469
-1422
3055
1374341
-2
-4
3
2469
-1430
3049
1375366
-4
-7
4
2465
-1418
3041
1376391
-4
-7
5
2473
-1426
3031
1377416
2
-6
4
2469
-1426
3035
1378441
1
-7
2
2475
-1435
3040
1379466
-4
-6
2
2480
-1432
3039
1380491
-2
-6
2
2470
-1423
3030
1381516
-1
-6
1
2470
-1426
3021
1382541
6
-6
3
2483
-1414
3037
1383566
6
-3
4
2471
-1409
3039
1384591
-3
-2
7
2475
-1426
3032
1377408
-5
-4
9
2476
-1446
3044
1378433
-1
-4
6
2474
-1427
3060
1379458
-4
-6
2
2468
-1447
3043
1380483
3
-4
0
2481
-1429
3034
1381508
-1
-5
0
2472
-1413
3035
1382533
0
-6
2
2469
-1412
3029
1383558
4
-5
6
2468
-1409
3050
1384583
3
-5
6
2474
-1416
3060
1385608
-1
-8
6
2476
-1418
3036
1386633
0
-8
9
2468
-1440
3031
1387658
12
-5
7
2471
-1424
3015
1388683
16
-1
5
2488
-1411
3031
1389708
18
-1
4
2472
-1410
3055
1390733
13
-2
12
2457
-1416
3051
1391758
1
0
15
2481
-1430
3034
1392783
-20
9
23
2498
-1346
3027
1385599
-22
12
42
2499
-1418
2987
1386624
28
39
59
2600
-1406
2902
1387649
-41
79
113
2741
-1392
2879
1388674
132
-4
258
2203
-1696
3155
1389699
1132
-36
63
2190
-1929
3677
1390724
1545
11
52
2548
-865
3006
1391749
660
49
-5
2488
-1065
2564
1392774
-257
77
-18
2642
-1171
2130
1393799
-500
116
36
2353
-1294
3632
1394824
-568
99
8
2222
-1377
3750
1395849
-414
42
-47
2274
-1257
3487
1396874
-207
-36
-58
2280
-1387
3489
1397899
-13
-74
-65
2280
-1305
3410
1398924
-139
-96
-112
2535
-1325
3100
1399949
-285
-84
-84
2598
-1367
2974
1400974
-244
-92
-20
2480
-1424
2911
1393792
-94
-93
2
2496
-1428
2836
1394817
-23
-61
2
2487
-1367
2902
1395842
-71
-35
3
2548
-1425
2844
1396867
-42
7
25
2518
-1397
2877
1397892
13
27
21
2443
-1374
3063
1398917
3
34
4
2458
-1408
3101
1399942
-13
42
6
2468
-1444
3111
1400967
38
34
11
2416
-1415
3175
1401992
31
17
-4
2422
-1395
3195
1403017
-23
3
-13
2441
-1442
3163
1404042
-17
-13
-8
2424
-1438
3162
1405067
18
-27
-12
2444
-1372
3136
1406092
-4
-38
-22
2479
-1397
3065
1407117
-17
-37
-17
2471
-1402
3021
1408142
12
-32
-12
2450
-1378
3061
1409167
3
-29
-19
2483
-1378
3047
1401985
-10
-24
-16
2474
-1400
3009
1403010
4
-12
-10
2456
-1368
3013
1404035
3
-4
-10
2487
-1356
3026
1405060
-4
1
-3
2479
-1360
3040
1406085
4
5
1
2462
-1349
3071
1407110
-2
5
3
2472
-1374
3077
1408135
7
3
8
2461
-1372
3092
1409160
-2
-3
9
2468
-1381
3089
1410185
-7
-9
8
2463
-1400
3098
1411210
-11
-14
7
2463
-1394
3069
1412235
-6
-14
6
2455
-1400
3055
1413260
-1
-13
1
2478
-1396
3061
1414285
-9
-9
2
2468
-1383
3030
1415310
-5
-7
-1
2467
-1390
3039
1416335
-2
-3
-1
2487
-1382
3048
1417360
5
3
7
2466
-1364
3040
1410176
8
6
9
2466
-1363
3047
1411201
-10
8
8
2478
-1399
3044
1412226
1
8
11
2458
-1395
3085
1413251
0
5
8
2466
-1387
3101
1414276
-6
-2
5
2465
-1399
3068
1415301
0
-2
5
2467
-1370
3061
1416326
-4
-4
5
2457
-1382
3077
1417351
3
-4
7
2463
-1374
3074
1418376
-2
-5
7
2469
-1386
3069
1419401
-10
-4
5
2462
-1388
3058
1420426
-12
-3
2
2466
-1406
3033
1421451
6
0
3
2451
-1385
3050
1422476
8
1
5
2467
-1376
3062
1423501
-3
4
6
2473
-1396
3055
1424526
-8
7
5
2457
-1397
3079
1425551
-4
3
5
2452
-1407
3078
1418368
3
0
0
2468
-1398
3081
1419393
1
-4
0
2464
-1378
3087
1420418
-5
-9
1
2449
-1388
3069
1421443
0
-9
2
2461
-1386
3083
1422468
1
-13
4
2463
-1376
3088
1423493
-5
-15
1
2465
-1389
3058
1424518
-8
-14
1
2475
-1380
3036
1425543
-3
-11
4
2467
-1387
3043
1426568
2
-7
3
2476
-1370
3056
1427593
-4
-7
1
2464
-1384
3052
1428618
-4
-4
5
2457
-1401
3053
1429643
5
0
6
2471
-1385
3068
1430668
-3
-2
5
2469
-1376
3077
1431693
-9
-8
2
2466
-1394
3090
1432718
-2
-10
4
2465
-1375
3076
1433743
6
-11
7
2454
-1372
3059
1426560
6
-12
8
2465
-1390
3048
1427585
1
-11
7
2474
-1406
3051
1428610
0
-10
5
2473
-1409
3051
1429635
8
-8
1
2472
-1398
3047
1430660
13
-6
-1
2474
-1377
3032
1431685
9
-3
1
2479
-1353
3047
1432710
1
0
5
2473
-1352
3073
1433735
-3
2
8
2471
-1373
3061
1434760
4
4
9
2459
-1382
3060
1435785
8
0
8
2466
-1375
3076
1436810
4
-2
9
2469
-1372
3068
1437835
0
-4
11
2464
-1382
3046
1438860
6
-2
9
2456
-1380
3067
1439885
4
-2
8
2464
-1380
3080
1440910
-2
-2
10
2464
-1358
3060
1441935
-5
-1
13
2473
-1377
3028
1434752
16
10
15
2510
-1304
3023
1435777
2
37
51
2561
-1041
2993
1436802
-113
86
143
2777
-850
2904
1437827
-407
169
335
2851
-349
2907
1438852
-756
128
507
2034
-1342
3336
1439877
-213
115
338
1949
-2389
3875
1440902
361
129
300
2313
-1672
2752
1441927
197
71
245
2331
-2026
2273
1442952
-141
16
165
2432
-2172
2780
1443977
-310
-17
89
2424
-1841
3219
1445002
-358
-48
-4
2198
-1798
3426
1446027
-174
-72
-91
2145
-1729
3465
1447052
105
-74
-120
2214
-1683
3320
1448077
232
-67
-151
2356
-1601
3150
1449102
122
-56
-142
2498
-1372
3014
1450127
-97
-56
-80
2509
-1441
2932
1442945
-89
-53
-32
2443
-1607
2949
1443970
21
-44
-40
2422
-1574
2976
1444995
27
-30
-53
2454
-1606
2909
1446020
41
-4
-60
2410
-1631
2899
1447045
69
13
-77
2420
-1582
3015
1448070
34
17
-81
2441
-1586
3087
1449095
49
15
-75
2378
-1568
3096
1450120
98
6
-93
2390
-1529
3104
1451145
110
-6
-103
2422
-1517
3092
1452170
98
-11
-92
2425
-1466
3056
1453195
85
-16
-86
2408
-1417
3106
1454220
46
-30
-84
2438
-1438
3167
1455245
24
-38
-66
2427
-1427
3141
1456270
34
-46
-55
2420
-1380
3096
1457295
16
-54
-48
2461
-1418
3043
1458320
11
-52
-33
2448
-1397
3033
1451135
7
-50
-24
2453
-1392
3033
1452160
-1
-43
-18
2438
-1413
3003
1453185
1
-30
-15
2479
-1400
2996
1454210
-19
-19
-6
2469
-1449
3001
1455235
-4
-12
-3
2469
-1449
3005
1456260
7
-6
-4
2475
-1439
3008
1457285
10
-3
-1
2443
-1441
3048
1458310
-3
1
-5
2466
-1428
3045
1459335
-8
1
-1
2440
-1444
3049
1460360
6
-1
-3
2448
-1451
3069
1461385
-10
-6
-2
2467
-1458
3069
1462410
-2
-9
2
2451
-1445
3063
1463435
-1
-10
0
2467
-1440
3013
1464460
-7
-7
8
2468
-1450
3008
1465485
11
-3
13
2451
-1422
3041
1466510
-8
-1
2
2455
-1451
3032
1459329
-11
2
-4
2466
-1463
3026
1460354
8
7
-1
2456
-1450
3026
1461379
11
9
1
2468
-1435
3036
1462404
-6
11
2
2465
-1438
3044
1463429
-13
8
4
2460
-1462
3064
1464454
3
9
7
2438
-1437
3061
1465479
8
6
2
2459
-1427
3071
1466504
-5
-2
3
2454
-1452
3068
1467529
-7
-5
5
2442
-1439
3060
1468554
-12
-6
4
2445
-1466
3051
1469579
-2
-4
3
2451
-1450
3041
1470604
-2
-4
0
2456
-1461
3026
1471629
3
-3
-3
2456
-1445
3044
1472654
6
-2
-3
2449
-1450
3044
1473679
6
0
0
2446
-1436
3043
1474704
-9
0
-2
2450
-1456
3043
1467520
0
0
-3
2444
-1444
3061
1468545
7
-4
-5
2448
-1451
3052
1469570
14
-3
-4
2456
-1448
3060
1470595
-1
-4
-6
2442
-1426
3060
1471620
-10
-9
-8
2453
-1437
3066
1472645
-1
-11
-6
2455
-1437
3077
1473670
2
-15
-1
2447
-1417
3064
1474695
-1
-17
1
2453
-1421
3046
1475720
1
-14
3
2461
-1419
3038
1476745
-3
-13
7
2462
-1430
3025
1477770
1
-11
8
2457
-1439
3024
1478795
1
-10
8
2471
-1451
3033
1479820
6
-8
11
2459
-1463
3053
1480845
13
-8
10
2441
-1447
3057
1481870
6
-10
5
2451
-1442
3058
1482895
0
-11
0
2459
-1442
3035
1475711
7
-10
0
2447
-1424
3033
1476736
7
-11
-1
2466
-1427
3047
1477761
-3
-10
4
2478
-1413
3054
1478786
-13
-8
10
2453
-1430
3034
1479811
-4
-7
9
2459
-1454
3032
1480836
4
-6
4
2464
-1459
3044
1481861
-7
-6
3
2462
-1450
3050
1482886
-10
-7
0
2454
-1460
3043
1483911
1
-11
-3
2459
-1431
3046
1484936
-13
-19
-1
2481
-1430
3033
1485961
-22
-22
1
2467
-1456
3067
1486986
-2
-27
4
2462
-1473
3071
1488011
26
-19
13
2472
-1420
3036
1489036
22
-13
16
2461
-1417
3034
1490061
-15
-9
7
2485
-1442
3023
1491086
-4
4
16
2461
-1435
2994
1483904
13
15
15
2467
-1422
3013
1484929
5
26
15
2488
-1416
3006
1485954
16
42
26
2500
-1397
3001
1486979
-43
81
33
2637
-1218
2950
1488004
-365
122
91
2736
-968
2947
1489029
-510
-1
153
2112
-2120
3354
1490054
519
-23
-69
2033
-2691
3844
1491079
1172
4
-107
2447
-999
3007
1492104
602
-3
-32
2508
-821
2125
1493129
-171
0
10
2601
-1272
2532
1494154
-388
23
52
2549
-1488
3206
1495179
-224
45
67
2333
-1226
3415
1496204
-142
15
18
2260
-1295
3408
1497229
-37
-2
-24
2239
-1422
3354
1498254
9
-21
-68
2460
-1498
3259
1499279
-94
-35
-49
2546
-1445
3104
1492096
-189
-55
-20
2488
-1499
2981
1493121
-138
-74
-10
2488
-1526
2958
1494146
-40
-70
-16
2477
-1508
2981
1495171
-19
-48
-20
2471
-1464
2916
1496196
12
-24
-22
2442
-1403
2958
1497221
11
-7
-32
2487
-1422
2990
1498246
-20
15
-21
2531
-1412
2973
1499271
-4
29
-1
2439
-1420
3016
1500296
17
26
-12
2438
-1411
3093
1501321
6
23
-16
2469
-1440
3107
1502346
15
22
1
2433
-1417
3100
1503371
27
11
1
2441
-1388
3123
1504396
0
-2
-4
2454
-1437
3092
1505421
-2
-10
3
2439
-1447
3100
1506446
-1
-13
0
2459
-1405
3079
1507471
-18
-22
-7
2459
-1441
3055
1500287
-7
-28
-7
2438
-1429
3075
1501312
-13
-31
-12
2458
-1428
3052
1502337
-16
-28
-10
2478
-1425
3040
1503362
-8
-24
1
2474
-1398
3030
1504387
-8
-20
6
2468
-1400
3011
1505412
-10
-17
5
2470
-1424
3025
1506437
-7
-10
6
2471
-1448
3028
1507462
6
-3
7
2463
-1419
3031
1508487
-2
1
3
2478
-1447
3032
1509512
0
4
5
2466
-1445
3049
1510537
-3
2
2
2455
-1423
3062
1511562
-14
0
-2
2468
-1443
3062
1512587
-5
1
1
2457
-1410
3043
1513612
-1
-3
-1
2454
-1445
3051
1514637
-7
-5
-6
2464
-1455
3067
1515662
11
-9
-5
2467
-1444
3055
1508480
5
-8
-13
2464
-1432
3041
1509505
-7
-7
-15
2467
-1391
3034
1510530
-11
-8
-7
2468
-1412
3035
1511555
1
-4
-3
2479
-1415
3022
1512580
11
-2
1
2459
-1386
3061
1513605
-5
-3
-2
2464
-1408
3056
1514630
-11
-2
-1
2463
-1402
3052
1515655
-16
-3
3
2469
-1424
3031
1516680
-1
-3
6
2458
-1424
3042
1517705
-2
-2
2
2473
-1418
3057
1518730
-21
-4
6
2473
-1450
3030
1519755
11
-2
11
2453
-1429
3051
1520780
7
-2
3
2463
-1415
3055
1521805
-16
-5
-2
2462
-1420
3049
1522830
-8
-5
0
2479
-1430
3037
1523855
13
-3
6
2466
-1404
3045
1516672
3
-3
5
2468
-1416
3045
1517697
-11
-2
3
2456
-1414
3050
1518722
-4
-5
5
2469
-1437
3049
1519747
10
-5
7
2480
-1415
3055
1520772
1
-8
5
2460
-1409
3065
1521797
-13
-8
6
2468
-1443
3030
1522822
4
-6
10
2467
-1418
3050
1523847
8
-8
11
2462
-1425
3064
1524872
-8
-9
7
2482
-1431
3044
1525897
-11
-10
8
2472
-1432
3028
1526922
10
-9
7
2460
-1419
3016
1527947
10
-6
5
2467
-1426
3032
1528972
-4
-3
4
2472
-1441
3044
1529997
-8
-4
2
2472
-1448
3041
1531022
8
-5
0
2465
-1441
3054
1532047
13
-5
-2
2461
-1417
3069
1524864
1
-6
-1
2476
-1410
3044
1525889
-4
-7
4
2468
-1411
3049
1526914
-5
-8
4
2464
-1411
3055
1527939
-8
-9
2
2470
-1433
3047
1528964
6
-10
1
2467
-1413
3039
1529989
9
-8
2
2481
-1403
3031
1531014
-7
-7
5
2469
-1422
3042
1532039
-8
-5
5
2464
-1431
3051
1533064
4
-3
5
2468
-1444
3044
1534089
9
-1
1
2483
-1421
3021
1535114
-3
7
3
2504
-1388
2936
1536139
-10
25
15
2628
-1365
2782
1537164
-44
80
51
2833
-1062
2893
1538189
-441
71
159
2718
-530
3131
1539214
-664
-85
215
1715
-2538
3596
1540239
480
2
-68
2199
-2443
4123
1533056
679
66
38
2652
-625
2034
1534081
-36
-35
13
2358
-1802
2089
1535106
-161
-52
49
2612
-1542
2805
1536131
-245
-28
80
2495
-1333
3280
1537156
-323
0
33
2296
-1454
3757
1538181
-173
5
-10
2208
-1480
3569
1539206
-79
58
-71
2369
-1419
3086
1540231
-232
50
-104
2500
-1198
2979
1541256
-355
-59
-63
2480
-1947
3129
1542281
-23
-110
-29
2511
-1710
3223
1543306
90
-141
-51
2412
-1486
3075
1544331
18
-159
-86
2465
-1659
2744
1545356
68
-123
-94
2580
-1583
2620
1546381
99
-83
-81
2600
-1504
2724
1547406
125
-59
-59
2518
-1461
2828
1548431
155
-30
-56
2515
-1412
2932
1541247
141
-2
-52
2530
-1431
2952
1542272
153
23
-39
2519
-1393
2912
1543297
164
44
-25
2536
-1350
2923
1544322
139
59
-6
2511
-1352
2972
1545347
107
71
9
2496
-1339
3042
1546372
77
75
22
2501
-1379
3080
1547397
58
77
29
2473
-1368
3118
1548422
7
61
23
2484
-1402
3099
1549447
-8
43
26
2461
-1457
3089
1550472
11
29
24
2451
-1434
3114
1551497
-10
17
22
2484
-1434
3069
1552522
-22
11
22
2440
-1437
3072
1553547
-21
6
16
2455
-1457
3040
1554572
-1
12
11
2480
-1434
3014
1555597
12
15
8
2482
-1432
3039
1556622
20
9
5
2474
-1430
3065
1549440
21
2
-1
2459
-1420
3077
1550465
14
-2
-5
2458
-1387
3068
1551490
10
-5
-2
2455
-1392
3056
1552515
11
-4
5
2469
-1413
3046
1553540
7
-2
8
2459
-1414
3049
1554565
-13
-6
9
2477
-1421
3048
1555590
-24
-7
10
2472
-1448
3025
1556615
-16
-5
2
2472
-1439
3029
1557640
-1
-2
-7
2465
-1434
3037
1558665
2
2
-7
2475
-1423
3035
1559690
0
7
-2
2472
-1407
3030
1560715
-7
10
-5
2487
-1401
3045
1561740
-15
9
-4
2466
-1426
3044
1562765
-2
6
-4
2454
-1428
3051
1563790
18
3
-6
2451
-1394
3097
1564815
1
-3
-4
2481
-1396
3076
1557632
-12
-6
5
2465
-1409
3031
1558657
-1
-9
11
2454
-1413
3069
1559682
-12
-10
7
2460
-1426
3069
1560707
-21
-13
0
2472
-1444
3057
1561732
-9
-11
1
2469
-1426
3012
1562757
0
-5
-3
2467
-1409
3016
1563782
-11
-1
-4
2485
-1430
3014
1564807
7
1
1
2463
-1415
3051
1565832
8
5
-1
2480
-1404
3054
1566857
-4
5
0
2467
-1425
3051
1567882
-2
4
5
2465
-1401
3057
1568907
-3
4
7
2468
-1398
3042
1569932
-4
3
9
2470
-1406
3048
1570957
-1
5
12
2470
-1426
3052
1571982
1
2
10
2463
-1413
3074
1573007
-7
-3
4
2452
-1420
3070
1565824
-12
-7
5
2463
-1422
3055
1566849
-10
-7
6
2463
-1434
3033
1567874
-5
-7
0
2464
-1447
3043
1568899
-8
-7
-5
2474
-1449
3042
1569924
-1
-7
-4
2458
-1434
3037
1570949
6
-4
-6
2466
-1406
3027
1571974
1
0
-6
2467
-1416
3029
1572999
0
2
-3
2471
-1416
3054
1574024
4
2
-3
2469
-1422
3058
1575049
-3
6
-4
2467
-1391
3066
1576074
-13
8
2
2467
-1394
3048
1577099
-3
6
0
2459
-1424
3062
1578124
3
-5
-3
2455
-1440
3102
1579149
7
-17
-2
2449
-1434
3101
1580174
14
-20
-3
2450
-1404
3064
1581199
-3
-21
-10
2466
-1407
3056
1574016
-18
-19
-4
2479
-1411
3027
1575041
-8
-12
0
2463
-1400
3015
1576066
4
-10
1
2484
-1406
3020
1577091
9
-9
4
2469
-1391
3029
1578116
0
-5
7
2470
-1385
3046
1579141
-18
-3
8
2465
-1419
3040
1580166
-28
5
5
2481
-1414
3000
1581191
-20
9
4
2474
-1435
2995
1582216
1
12
-1
2478
-1428
3031
1583241
13
13
3
2453
-1414
3059
1584266
2
13
4
2458
-1395
3056
1585291
-11
20
7
2473
-1395
3055
1586316
-13
17
11
2468
-1415
3054
1587341
-4
9
12
2444
-1445
3074
1588366
6
4
12
2450
-1425
3096
1589391
-1
0
10
2455
-1419
3075
1582208
-15
-2
3
2457
-1418
3073
1583233
-23
-4
-4
2456
-1430
3048
1584258
-17
0
-4
2472
-1421
3024
1585283
-12
3
-5
2458
-1441
3066
1586308
-18
-5
-11
2457
-1468
3091
1587333
2
-13
-8
2448
-1416
3089
1588358
14
-20
-13
2442
-1384
3114
1589383
-24
-30
-16
2471
-1408
3079
1590408
-24
-35
-7
2461
-1403
3041
1591433
-12
-25
-2
2480
-1386
2993
1592458
-15
-21
5
2483
-1437
2996
1593483
-6
-23
5
2468
-1446
3063
1594508
-23
-21
1
2492
-1430
3033
1595533
-23
-12
5
2458
-1442
2987
1596558
8
-10
0
2460
-1429
3052
1597583
-4
-12
-7
2493
-1425
3045
1590399
-14
-13
2
2470
-1433
3010
1591424
5
-10
4
2465
-1413
3029
1592449
-2
-10
-2
2493
-1415
3030
1593474
-6
-6
0
2470
-1406
3033
1594499
-1
-4
1
2484
-1424
3031
1595524
16
-1
8
2475
-1403
3033
1596549
7
-7
9
2490
-1392
3056
1597574
-10
-8
10
2477
-1412
3041
1598599
-4
-10
9
2469
-1414
3028
1599624
0
-9
8
2475
-1431
3022
1600649
4
-4
10
2491
-1426
3005
1601674
-5
2
9
2480
-1441
3004
1602699
0
10
4
2483
-1441
3020
1603724
11
14
3
2471
-1437
3040
1604749
16
15
2
2463
-1424
3067
1605774
11
9
2
2480
-1409
3041
1598592
7
9
3
2479
-1428
3040
1599617
7
10
5
2465
-1419
3078
1600642
-2
4
4
2454
-1420
3065
1601667
4
-1
1
2474
-1422
3069
1602692
13
-5
3
2465
-1402
3066
1603717
3
-12
4
2465
-1423
3056
1604742
2
-12
6
2474
-1415
3040
1605767
6
-10
8
2475
-1421
3026
1606792
7
-9
3
2471
-1436
3050
1607817
13
-9
-1
2475
-1427
3057
1608842
5
-9
1
2458
-1403
3025
1609867
-4
-8
-1
2462
-1422
3019
1610892
7
-4
-1
2471
-1419
3061
1611917
13
-5
-1
2463
-1392
3073
1612942
3
-6
-3
2482
-1406
3040
1613967
4
-4
2
2475
-1401
3037
1606784
3
-6
2
2467
-1414
3056
1607809
2
-10
2
2469
-1419
3076
1608834
5
-11
1
2463
-1413
3057
1609859
7
-12
2
2465
-1412
3012
1610884
7
-12
-2
2485
-1406
3022
1611909
-1
-10
-2
2485
-1403
3052
1612934
1
-8
1
2472
-1411
3054
1613959
4
-4
5
2481
-1400
3027
1614984
8
-4
9
2484
-1384
3030
1616009
-2
-5
7
2481
-1416
3040
1617034
-7
-3
3
2471
-1413
3055
1618059
-5
-2
-2
2472
-1431
3047
1619084
2
-1
-2
2478
-1431
3045
1620109
8
-2
-3
2476
-1407
3052
1621134
-8
-5
-5
2482
-1404
3030
1622159
-7
-3
-3
2469
-1392
3027
1614976
2
-3
2
2481
-1404
3039
1616001
13
1
10
2473
-1384
3042
1617026
5
1
8
2483
-1399
3050
1618051
-12
1
7
2480
-1425
3028
1619076
10
-1
7
2455
-1411
3071
1620101
8
-3
0
2478
-1400
3075
1621126
-10
-3
4
2471
-1411
3035
1622151
1
-3
4
2473
-1395
3053
1623176
2
-3
3
2481
-1394
3037
1624201
-3
-3
3
2475
-1397
3027
1625226
-6
0
6
2493
-1408
3045
1626251
0
5
11
2474
-1396
3044
1627276
0
6
9
2455
-1401
3044
1628301
-11
7
8
2466
-1426
3032
1629326
-2
9
8
2482
-1413
3068
1630351
-2
7
9
2465
-1416
3050
1623341
4
4
5
2456
-1424
3068
1624366
-3
1
-1
2471
-1420
3095
1625391
-3
-2
3
2461
-1405
3068
1626416
1
-3
3
2475
-1411
3036
1627441
1
-3
4
2467
-1397
3042
1628466
-1
-7
2
2475
-1401
3064
1629491
1
-8
4
2469
-1409
3060
1630516
5
-4
6
2470
-1397
3033
1631541
-1
-4
5
2470
-1407
3038
1632566
-6
-5
1
2465
-1411
3067
1633591
0
-4
2
2469
-1413
3043
1634616
10
-1
5
2471
-1406
3054
1635641
3
-3
5
2481
-1388
3065
1636666
-11
-6
7
2465
-1405
3047
1637691
-6
-6
8
2456
-1426
3061
1638716
11
-4
5
2469
-1411
3052
1631360
4
-6
1
2472
-1412
3052
1632385
-9
-6
0
2477
-1406
3045
1633410
-1
-6
2
2473
-1410
3038
1634435
6
-3
2
2462
-1414
3040
1635460
7
-2
0
2466
-1407
3061
1636485
-2
-3
1
2482
-1407
3051
1637510
-1
-3
2
2460
-1395
3051
1638535
-4
-4
-2
2479
-1416
3058
1639560
4
-1
1
2475
-1384
3048
1640585
1
0
2
2460
-1378
3030
1641610
4
2
5
2477
-1379
3046
1642635
0
3
10
2472
-1406
3061
1643660
-8
3
9
2466
-1401
3062
1644685
-6
0
6
2470
-1435
3057
1645710
4
-2
2
2458
-1409
3072
1646735
-2
-7
-4
2472
-1413
3074
1639552
-1
-9
-4
2469
-1402
3073
1640577
-3
-10
-1
2461
-1379
3060
1641602
-11
-12
3
2456
-1404
3044
1642627
2
-11
5
2475
-1395
3048
1643652
6
-9
6
2472
-1387
3047
1644677
-3
-8
7
2479
-1404
3036
1645702
-3
-3
6
2466
-1401
3035
1646727
-3
-1
2
2473
-1416
3047
1647752
3
2
1
2474
-1418
3047
1648777
7
4
3
2463
-1386
3046
1649802
-3
3
2
2470
-1395
3040
1650827
-5
2
3
2459
-1404
3059
1651852
7
0
5
2455
-1393
3068
1652877
2
1
8
2468
-1390
3054
1653902
-4
-1
6
2466
-1386
3065
1654927
-12
-5
6
2470
-1420
3046
1647744
4
-5
7
2462
-1409
3057
1648769
4
-4
6
2467
-1391
3062
1649794
-6
-5
6
2460
-1397
3039
1650819
-4
-5
4
2466
-1419
3047
1651844
-4
-4
5
2472
-1407
3071
1652869
-1
-5
5
2455
-1418
3066
1653894
3
-5
1
2477
-1395
3039
1654919
-3
-5
1
2472
-1402
3036
1655944
7
-5
3
2459
-1385
3044
1656969
9
-1
2
2464
-1384
3058
1657994
-7
0
1
2470
-1390
3058
1659019
-8
0
5
2469
-1400
3050
1660044
-1
0
6
2474
-1390
3057
1661069
2
1
9
2468
-1386
3056
1662094
3
3
12
2464
-1379
3054
1663119
