Device = VHR-0009
time_stamp = 1779699557913
sample_rate = 50
Data format = INT16
TYPE = 6-AXIS IMU RAW DATA
17
-1
-4
-1017
442
4149
58496
10
-1
-10
-998
452
4154
59521
-8
7
-6
-990
431
4159
60546
-3
6
3
-1001
413
4140
61571
15
-2
9
-1006
434
4130
62596
18
-5
11
-1011
441
4134
63621
14
-9
9
-1032
438
4143
64646
16
-11
5
-1018
437
4152
65671
19
-11
2
-1009
451
4177
66696
7
-2
-1
-1001
454
4184
67721
1
6
1
-1006
458
4171
68746
-4
15
-3
-1017
449
4155
69771
-4
17
-6
-1010
441
4152
70796
4
13
-5
-1018
454
4133
71821
5
8
-4
-1012
452
4116
72846
4
4
-4
-1016
434
4127
73871
7
-3
-3
-1037
417
4126
66688
9
-9
-3
-1045
403
4133
67713
11
-13
-2
-1037
393
4151
68738
6
-11
2
-1020
403
4154
69763
-3
-6
9
-1012
422
4168
70788
-8
0
15
-1016
443
4168
71813
-4
2
13
-1017
462
4172
72838
3
4
5
-1003
459
4170
73863
13
7
-3
-994
482
4166
74888
9
14
-9
-1014
478
4154
75913
8
16
-14
-1024
455
4152
76938
14
15
-15
-1017
462
4153
77963
19
13
-15
-1021
468
4148
78988
16
16
-13
-1040
445
4138
80013
16
15
-13
-1047
431
4134
81038
11
12
-9
-1039
423
4146
82063
8
10
1
-1030
418
4139
74881
1
11
7
-1032
440
4134
75906
3
10
13
-1052
435
4137
76931
15
3
6
-1056
443
4134
77956
23
0
-4
-1035
459
4148
78981
13
5
-5
-1025
466
4158
80006
1
14
-5
-1038
453
4159
81031
7
16
-3
-1055
445
4152
82056
23
14
-3
-1043
464
4161
83081
27
16
-5
-1027
473
4155
84106
22
26
-7
-1037
464
4133
85131
31
27
-8
-1057
453
4139
86156
39
22
-11
-1063
441
4145
87181
44
21
-14
-1052
449
4133
88206
38
27
-9
-1065
464
4133
89231
21
32
-3
-1075
473
4129
90256
9
33
0
-1083
471
4107
83071
15
27
6
-1093
490
4099
84096
15
17
11
-1076
482
4104
85121
18
10
13
-1047
471
4113
86146
19
5
11
-1042
499
4133
87171
6
8
4
-1057
516
4129
88196
0
13
-4
-1082
497
4124
89221
10
12
-12
-1102
476
4133
90246
20
9
-9
-1093
478
4128
91271
8
12
1
-1086
489
4111
92296
-12
18
9
-1079
464
4105
93321
-1
10
16
-1077
457
4115
94346
18
-1
12
-1058
479
4119
95371
15
-1
7
-1084
517
4120
96396
-9
6
4
-1115
517
4113
97421
-14
5
1
-1114
478
4128
98446
10
-2
-3
-1082
476
4149
91264
27
-1
-7
-1055
525
4160
92289
13
14
-14
-1046
507
4155
93314
6
25
-21
-1073
504
4134
94339
8
22
-27
-1088
507
4104
95364
10
17
-27
-1113
510
4080
96389
14
6
-29
-1122
472
4095
97414
17
-2
-28
-1118
467
4085
98439
-1
-6
-23
-1109
471
4083
99464
-22
-6
-9
-1100
437
4105
100489
-15
-11
6
-1086
442
4116
101514
-6
-16
14
-1086
463
4114
102539
-7
-15
17
-1082
473
4126
103564
-16
-13
19
-1093
473
4116
104589
-22
-13
23
-1110
472
4100
105614
-16
-18
21
-1102
472
4113
106639
-13
-24
19
-1083
497
4119
99456
-24
-19
20
-1082
508
4118
100481
-29
-16
18
-1085
480
4139
101506
-19
-20
15
-1079
474
4144
102531
-7
-18
9
-1055
470
4157
103556
-3
-12
8
-1059
481
4160
104581
-8
-2
7
-1068
475
4157
105606
5
4
8
-1075
467
4150
106631
14
5
9
-1086
498
4128
107656
1
13
16
-1110
490
4124
108681
1
11
23
-1110
481
4122
109706
15
5
22
-1075
468
4141
110731
24
4
17
-1028
457
4190
111756
29
10
7
-1024
494
4160
112781
42
30
7
-1116
504
4179
113806
38
39
2
-1088
447
4246
114831
53
52
8
-1032
457
4359
107647
23
104
29
-1101
539
4353
108672
-12
160
31
-1160
471
4152
109697
7
186
14
-1154
519
4116
110722
0
203
4
-1173
535
4124
111747
18
191
3
-1153
472
4039
112772
55
163
10
-1172
511
3952
113797
38
133
10
-1187
544
3930
114822
11
104
8
-1209
498
3943
115847
27
64
6
-1235
515
3958
116872
46
31
0
-1237
602
4011
117897
15
21
-16
-1202
641
4061
118922
-16
32
-29
-1209
592
4108
119947
-5
35
-41
-1215
593
4122
120972
-22
43
-42
-1232
558
4087
121997
-89
50
-39
-1266
540
4019
123022
-199
56
-28
-1270
449
3994
115840
-216
58
-5
-1298
249
4027
116865
-49
19
14
-1330
294
4031
117890
109
-39
4
-1271
529
3986
118915
91
-58
-6
-1200
570
3961
119940
4
-56
3
-1227
496
4020
120965
-50
-58
20
-1259
427
4044
121990
-33
-76
39
-1243
442
4049
123015
-22
-82
55
-1218
478
4094
124040
-30
-82
58
-1205
500
4131
125065
-40
-77
42
-1209
492
4144
126090
-40
-66
8
-1190
447
4150
127115
-20
-53
-11
-1164
445
4176
128140
-12
-40
-5
-1159
490
4189
129165
-46
-22
1
-1170
512
4148
130190
-67
-8
4
-1182
494
4118
131215
-68
-7
0
-1163
509
4147
124032
-100
4
0
-1180
512
4176
125057
-159
26
2
-1216
438
4152
126082
-209
43
4
-1220
424
4148
127107
-259
61
10
-1185
403
4150
128132
-292
80
17
-1186
314
4134
129157
-253
78
18
-1214
267
4115
130182
-184
65
16
-1226
254
4093
131207
-134
50
13
-1217
286
4063
132232
-135
40
16
-1231
321
4092
133257
-164
34
17
-1236
289
4069
134282
-159
28
11
-1257
276
4052
135307
-133
22
-2
-1297
267
4101
136332
-92
9
-10
-1285
250
4091
137357
-59
-6
-9
-1261
278
4061
138382
-69
-17
-4
-1229
305
4037
139407
-90
-24
4
-1226
265
4036
132224
-67
-51
14
-1219
232
4075
133249
-28
-76
20
-1210
251
4102
134274
-6
-86
18
-1200
263
4121
135299
5
-86
7
-1185
234
4147
136324
17
-78
-6
-1181
209
4185
137349
42
-73
-14
-1187
236
4217
138374
41
-58
-15
-1204
283
4195
139399
10
-37
-18
-1211
283
4192
140424
-17
-13
-15
-1213
251
4182
141449
-20
-3
-10
-1201
260
4168
142474
-25
2
-12
-1177
268
4130
143499
-34
5
-16
-1169
247
4123
144524
-26
0
-21
-1188
228
4134
145549
-5
-8
-24
-1189
233
4115
146574
10
-15
-23
-1194
233
4110
147599
11
-20
-22
-1192
232
4121
140600
13
-23
-21
-1182
226
4140
141625
20
-25
-20
-1171
237
4154
142650
26
-22
-20
-1169
254
4165
143675
17
-17
-19
-1183
251
4173
144700
4
-8
-19
-1196
246
4168
145725
5
1
-19
-1197
239
4164
146750
7
6
-17
-1188
260
4147
147775
-2
11
-17
-1185
265
4135
148800
-5
13
-17
-1190
249
4139
149825
8
10
-18
-1175
242
4154
150850
24
7
-21
-1165
257
4145
151875
22
9
-25
-1166
261
4131
152900
15
14
-29
-1192
248
4145
153925
17
13
-34
-1213
235
4135
154950
19
10
-38
-1215
244
4114
155975
8
9
-40
-1216
275
4115
148609
-9
13
-39
-1215
263
4118
149634
3
10
-39
-1201
272
4142
150659
13
12
-39
-1199
264
4151
151684
12
21
-46
-1204
265
4177
152709
13
31
-42
-1206
221
4169
153734
19
29
-37
-1199
238
4130
154759
12
32
-32
-1213
233
4104
155784
10
30
-31
-1221
223
4111
156809
13
24
-26
-1224
241
4119
157834
10
21
-24
-1234
256
4121
158859
8
23
-28
-1247
250
4141
159884
20
23
-37
-1242
252
4133
160909
24
25
-42
-1221
256
4144
161934
15
35
-41
-1231
236
4137
162959
19
37
-39
-1230
243
4128
163984
19
36
-38
-1243
248
4108
156800
16
34
-36
-1250
253
4093
157825
15
28
-32
-1256
256
4101
158850
25
22
-33
-1256
264
4122
159875
43
20
-31
-1245
281
4154
160900
33
28
-32
-1255
325
4146
161925
7
51
-43
-1290
282
4156
162950
28
56
-53
-1294
259
4150
163975
51
57
-64
-1254
296
4131
165000
32
70
-70
-1266
311
4058
166025
27
72
-68
-1274
203
4015
167050
25
72
-70
-1332
275
4106
168075
5
75
-67
-1328
209
4056
169100
27
51
-48
-1307
242
3962
170125
11
44
-39
-1321
240
3913
171150
9
37
-39
-1365
172
3969
172175
52
17
-48
-1373
216
4138
164993
79
6
-43
-1374
227
4106
166018
121
-6
-56
-1351
209
4015
167043
136
9
-101
-1292
352
4166
168068
80
78
-121
-1299
351
4287
169093
87
116
-135
-1351
337
4252
170118
27
148
-161
-1363
360
4133
171143
18
148
-197
-1376
215
3868
172168
85
145
-247
-1403
450
4309
173193
-295
204
-215
-1380
591
4617
174218
-678
276
-163
-1394
105
4181
175243
-489
172
-133
-1429
-1
3571
176268
-299
58
-118
-1452
98
3676
177293
-255
-20
-118
-1475
267
4386
178318
-692
25
-100
-1368
100
4591
179343
-631
126
8
-1235
-242
4145
180368
430
-20
135
-1454
31
3788
173183
93
-60
5
-1642
276
3287
174208
-203
-67
-103
-1541
-263
3203
175233
267
-294
-103
-1654
-189
3345
176258
634
-383
-140
-1509
89
3716
177283
308
-189
-118
-1251
244
5176
178308
13
25
59
-1446
117
5382
179333
161
33
82
-1509
436
4131
180358
92
34
-9
-1223
385
3623
181383
-42
61
-26
-1187
79
4036
182408
1
9
-24
-1292
62
4271
183433
74
-61
-37
-1365
129
4051
184458
188
-102
-64
-1405
130
3861
185483
305
-120
-82
-1455
189
3866
186508
276
-133
-86
-1442
235
3963
187533
151
-115
-63
-1412
190
4090
188558
78
-88
-22
-1412
136
4193
181376
62
-75
5
-1407
147
4192
182401
103
-84
19
-1360
144
4024
183426
105
-95
30
-1294
166
4005
184451
82
-77
35
-1315
155
4150
185476
104
-92
36
-1346
211
4151
186501
77
-87
23
-1333
249
4115
187526
64
-65
22
-1343
325
4170
188551
57
-50
20
-1315
342
4197
189576
34
-29
22
-1308
341
4154
190601
-3
-23
22
-1280
317
4077
191626
-23
-21
17
-1254
260
4059
192651
14
-28
7
-1255
278
4145
193676
20
-33
-1
-1272
311
4151
194701
-16
-22
-12
-1301
279
4099
195726
-21
-21
-20
-1332
232
4045
196751
28
-25
-29
-1330
231
4101
189568
46
-23
-27
-1290
279
4218
190593
-5
1
-16
-1271
268
4186
191618
-35
17
2
-1259
273
4107
192643
-21
13
14
-1258
266
4048
193668
8
-7
15
-1278
276
4025
194693
22
-20
7
-1298
314
4070
195718
-2
-18
0
-1315
325
4105
196743
-23
-8
-4
-1327
295
4127
197768
-13
-5
-2
-1323
286
4119
198793
1
-5
2
-1305
282
4115
199818
-5
2
5
-1303
261
4110
200843
-13
2
9
-1300
241
4081
201868
-13
-1
12
-1276
248
4088
202893
-1
-3
15
-1266
265
4129
203918
-1
0
20
-1281
285
4151
204943
-8
6
18
-1288
296
4115
197759
-13
7
11
-1297
296
4067
198784
-9
-1
4
-1297
265
4051
199809
4
-7
0
-1297
258
4087
200834
3
-6
3
-1303
272
4141
201859
-13
-1
10
-1310
252
4113
202884
-14
-1
13
-1307
246
4079
203909
0
-8
12
-1300
271
4084
204934
-3
-7
11
-1303
259
4114
205959
-7
-8
11
-1293
279
4109
206984
-9
-9
12
-1292
292
4101
208009
-8
-9
11
-1287
299
4090
209034
-11
-8
5
-1298
288
4087
210059
-4
-10
2
-1296
289
4110
211084
-5
-5
5
-1280
275
4131
212109
-9
0
10
-1278
283
4116
213134
-20
6
15
-1279
274
4112
205952
-52
13
15
-1301
276
4087
206977
-53
16
14
-1304
237
4080
208002
-34
9
18
-1312
241
4056
209027
-28
8
24
-1303
219
4040
210052
-32
27
24
-1321
242
4060
211077
-29
26
33
-1318
306
4053
212102
-61
40
38
-1306
226
4049
213127
-16
57
24
-1311
198
4077
214152
62
45
8
-1331
280
3983
215177
141
38
-47
-1326
217
3922
216202
188
62
-82
-1328
239
4185
217227
14
119
-70
-1354
463
4549
218252
-300
183
-44
-1284
407
4645
219277
-433
202
8
-1396
243
4310
220302
-484
158
3
-1487
271
4273
221327
-745
171
-85
-1205
-60
4659
214145
-626
117
-17
-1005
2
4359
215170
102
-81
93
-1472
202
3334
216195
-70
-117
-40
-1545
55
3021
217220
35
-181
-178
-1551
-350
2715
218245
596
-317
-252
-1408
331
3425
219270
297
-168
-150
-1108
226
5291
220295
-197
-11
110
-1532
-17
5352
221320
-112
-27
162
-1615
173
4071
222345
-2
0
119
-1337
-18
3670
223370
-18
24
116
-1237
-54
4242
224395
-113
25
121
-1209
136
4490
225420
-129
27
119
-1252
125
4180
226445
50
-17
68
-1256
149
3882
227470
162
-25
9
-1292
197
3884
228495
108
-14
-22
-1342
192
4025
229520
43
-10
-30
-1362
146
4123
222335
79
-21
-14
-1390
164
4116
223360
118
-26
-2
-1384
170
4076
224385
110
-24
6
-1366
136
4063
225410
78
-36
16
-1325
125
4060
226435
34
-32
22
-1310
113
4116
227460
9
-29
31
-1298
107
4143
228485
9
-20
38
-1313
136
4155
229510
-9
-10
42
-1317
177
4144
230535
-15
-5
43
-1337
184
4109
231560
-4
-27
40
-1318
175
4015
232585
32
-26
35
-1318
167
4094
233610
57
-34
28
-1300
244
4145
234635
55
-23
20
-1300
250
4150
235660
29
-15
9
-1302
266
4133
236685
15
0
-10
-1321
227
4131
237710
21
6
-26
-1311
216
4145
230528
5
11
-32
-1299
192
4131
231553
2
17
-28
-1298
166
4131
232578
35
12
-26
-1296
207
4119
233603
26
16
-23
-1322
192
4077
234628
22
5
-24
-1335
161
4052
235653
25
-2
-21
-1338
167
4083
236678
12
0
-16
-1327
172
4122
237703
5
6
-8
-1338
160
4112
238728
8
1
-2
-1332
170
4079
239753
16
-2
-4
-1334
161
4089
240778
20
-3
-2
-1319
193
4130
241803
9
4
-1
-1314
170
4115
242828
7
2
0
-1320
194
4100
243853
0
4
0
-1314
205
4095
244878
-1
6
-2
-1332
223
4113
245903
4
8
-9
-1341
210
4102
238720
7
6
-13
-1331
214
4097
239745
2
8
-14
-1335
209
4091
240770
1
6
-13
-1325
188
4082
241795
3
3
-9
-1338
177
4074
242820
6
0
-6
-1331
181
4102
243845
7
1
1
-1337
183
4114
244870
17
-1
6
-1330
196
4095
245895
16
-3
6
-1330
192
4092
246920
8
-3
3
-1336
186
4087
247945
10
-4
-1
-1337
209
4093
248970
3
-2
0
-1348
204
4112
249995
-1
0
2
-1347
182
4103
251020
2
-3
4
-1331
206
4092
252045
-6
0
12
-1320
199
4080
253070
-12
-2
18
-1323
241
4049
254095
-17
-5
22
-1325
272
4042
246912
-26
-2
35
-1338
191
4084
247937
-28
5
43
-1345
142
4154
248962
-44
45
31
-1363
112
4159
249987
-12
64
22
-1355
191
4097
251012
15
62
21
-1333
224
4092
252037
17
45
15
-1364
198
4074
253062
38
2
-6
-1375
175
3997
254087
112
-42
-29
-1329
162
3896
255112
113
-16
-31
-1368
230
4038
256137
-18
33
-22
-1377
220
4303
257162
-42
51
-6
-1373
205
4365
258187
15
30
17
-1381
274
4282
259212
-82
22
28
-1450
284
4216
260237
-394
50
-38
-1296
301
4377
261262
-628
79
-19
-935
76
4337
262287
-51
-26
93
-1569
224
3548
255104
-227
-94
-30
-1358
80
3448
256129
-139
-91
-42
-1447
-346
3598
257154
518
-236
-89
-1512
-21
3573
258179
604
-159
-148
-1171
442
4688
259204
39
53
-12
-1307
304
5159
260229
-70
76
95
-1572
391
4333
261254
-57
69
34
-1307
203
3754
262279
22
64
24
-1223
66
3946
263304
18
42
18
-1241
166
4226
264329
-40
18
20
-1289
204
4185
265354
-28
-21
16
-1329
149
4000
266379
54
-52
-3
-1370
186
3932
267404
74
-59
-17
-1379
167
3972
268429
50
-53
-13
-1392
187
4105
269454
12
-46
4
-1379
179
4118
270479
31
-31
16
-1381
155
4119
263295
41
-26
22
-1336
254
4127
264320
-19
-12
26
-1299
215
4097
265345
6
-26
24
-1294
160
4059
266370
82
-67
16
-1292
179
3993
267395
96
-59
3
-1316
212
4127
268420
60
-46
-1
-1311
269
4217
269445
28
-21
-2
-1327
192
4193
270470
48
-4
-2
-1345
247
4186
271495
3
18
-3
-1327
245
4122
272520
-20
36
-9
-1322
172
4088
273545
3
30
-11
-1301
215
4119
274570
-16
24
-7
-1302
184
4074
275595
13
6
-5
-1310
179
4039
276620
25
-16
2
-1330
244
4008
277645
1
-24
7
-1350
167
4000
278670
10
-24
7
-1359
243
4172
271488
-8
-14
12
-1347
259
4170
272513
-3
-12
11
-1341
197
4085
273538
26
-19
4
-1302
279
4117
274563
-8
-1
-1
-1288
229
4134
275588
-4
7
-4
-1301
194
4139
276613
10
6
-5
-1315
212
4112
277638
-9
12
-3
-1334
199
4080
278663
-11
9
1
-1347
184
4072
279688
3
-4
9
-1342
219
4076
280713
-7
-8
16
-1333
214
4083
281738
-10
-7
21
-1323
246
4097
282763
-10
-8
20
-1312
216
4077
283788
10
-15
14
-1307
237
4104
284813
7
-16
8
-1296
256
4121
285838
-7
-10
8
-1312
198
4097
286863
-1
-9
3
-1331
216
4112
279762
-6
-11
7
-1331
220
4100
280787
0
-11
9
-1334
203
4111
281812
-1
-4
10
-1316
244
4151
282837
-10
6
16
-1312
230
4097
283862
-7
5
16
-1296
226
4070
284887
-5
1
14
-1307
249
4094
285912
-3
-7
7
-1318
239
4074
286937
-4
-12
0
-1328
232
4087
287962
-4
-11
-2
-1331
206
4109
288987
2
-13
0
-1325
184
4112
290012
-2
-6
7
-1331
158
4120
291037
-2
-4
14
-1319
197
4125
292062
-8
4
20
-1320
216
4114
293087
3
2
20
-1314
229
4095
294112
8
2
14
-1318
247
4112
295137
5
2
9
-1318
244
4112
287872
7
-1
3
-1322
245
4088
288897
11
1
-2
-1320
259
4115
289922
9
3
-8
-1316
256
4106
290947
7
4
-13
-1323
231
4100
291972
12
5
-14
-1321
235
4114
292997
7
9
-12
-1328
216
4105
294022
7
8
-8
-1321
201
4087
295047
12
6
-5
-1342
216
4083
296072
5
4
-5
-1345
203
4075
297097
1
-3
-8
-1338
212
4083
298122
-1
-9
-5
-1325
227
4087
299147
-5
-10
1
-1320
221
4105
300172
-7
-7
8
-1327
238
4110
301197
-7
-6
14
-1334
232
4078
302222
-2
-10
10
-1325
246
4095
303247
-4
-11
4
-1326
242
4105
296064
4
-21
-2
-1326
212
4070
297089
17
-25
-8
-1320
183
4068
298114
93
-25
-8
-1326
125
4002
299139
233
-43
-10
-1320
177
3937
300164
310
-18
-20
-1341
245
4051
301189
271
18
-20
-1356
424
4278
302214
27
74
-18
-1317
439
4352
303239
-49
113
-16
-1323
269
4196
304264
66
60
-20
-1308
408
4066
305289
-29
38
-17
-1343
443
4194
306314
-329
43
-50
-1416
396
4524
307339
-900
127
-79
-1194
156
4347
308364
-352
87
51
-1136
-330
3649
309389
847
-194
123
-1623
319
3506
310414
85
-180
-54
-1363
644
3702
311439
-161
-38
-74
-1415
-243
3536
304257
290
-134
-8
-1425
97
4151
305282
105
-38
2
-1248
259
4905
306307
-13
34
96
-1406
451
4663
307332
-12
42
87
-1375
477
3984
308357
-18
53
38
-1217
262
3848
309382
-14
34
4
-1201
298
4112
310407
-80
25
-12
-1240
313
4221
311432
-78
8
-1
-1321
214
4042
312457
47
-36
-1
-1363
237
3939
313482
65
-38
-12
-1375
256
3989
314507
6
-20
-16
-1401
248
4123
315532
-8
-15
-9
-1382
187
4124
316557
41
-19
8
-1373
248
4112
317582
14
-12
17
-1324
322
4086
318607
-35
7
19
-1302
247
4067
319632
-18
0
19
-1299
279
4108
312447
-21
-11
15
-1299
295
4060
313472
1
-23
9
-1309
256
4024
314497
23
-35
3
-1329
329
4099
315522
-17
-24
-3
-1331
288
4111
316547
-8
-21
-6
-1340
248
4134
317572
1
-26
-10
-1329
261
4110
318597
-4
-13
-13
-1328
231
4134
319622
-10
-3
-14
-1314
266
4164
320647
-23
15
-10
-1331
209
4114
321672
13
4
-5
-1322
212
4055
322697
31
3
-3
-1304
254
4117
323722
-9
14
2
-1306
262
4159
324747
-9
16
6
-1329
220
4081
325772
36
-5
1
-1322
298
4052
326797
5
-6
-3
-1327
305
4051
327822
-15
-8
-6
-1346
254
4059
320641
2
-25
-5
-1339
267
4062
321666
6
-29
0
-1331
263
4097
322691
-6
-27
6
-1325
252
4110
323716
-3
-18
10
-1324
242
4127
324741
-4
-14
9
-1308
282
4134
325766
-14
0
4
-1310
273
4129
326791
-7
7
-1
-1315
293
4123
327816
1
11
-5
-1310
274
4097
328841
8
9
-5
-1307
263
4078
329866
16
6
-6
-1308
258
4092
330891
11
3
-8
-1317
278
4088
331916
-2
5
-12
-1327
234
4078
332941
10
-3
-17
-1330
244
4097
333966
13
-4
-17
-1336
246
4098
334991
1
-5
-15
-1339
250
4077
336016
-10
-4
-8
-1333
249
4086
328832
-10
-3
-1
-1339
252
4100
329857
-9
-6
4
-1335
276
4093
330882
-6
-2
11
-1338
285
4093
331907
-1
-2
12
-1327
280
4086
332932
-1
-4
11
-1312
284
4089
333957
0
-7
11
-1303
274
4097
334982
0
-7
5
-1307
266
4113
336007
1
-5
-3
-1325
239
4118
337032
0
-1
-8
-1334
249
4123
338057
-11
8
-4
-1348
231
4105
339082
-16
9
2
-1335
237
4081
340107
-13
10
6
-1331
233
4088
341132
1
3
10
-1326
257
4077
342157
9
-4
8
-1317
290
4076
343182
-1
-5
6
-1326
271
4082
344207
2
-7
4
-1329
273
4100
337024
0
-6
1
-1338
260
4102
338049
6
-8
0
-1337
246
4096
339074
13
-5
3
-1332
244
4108
340099
4
2
8
-1334
254
4087
341124
3
4
11
-1331
249
4086
342149
0
8
14
-1328
246
4115
343174
-1
6
13
-1331
259
4091
344199
9
0
10
-1323
253
4083
345224
7
0
11
-1316
285
4094
346249
-7
4
14
-1335
275
4081
347274
3
-5
15
-1337
295
4053
348299
-3
-11
12
-1344
302
4053
349324
-7
-16
8
-1344
275
4068
350349
-7
-20
8
-1344
270
4097
351374
-9
-18
10
-1336
223
4082
352399
0
-19
10
-1314
259
4120
345217
-13
-8
12
-1316
266
4132
346242
-28
-3
10
-1329
259
4087
347267
-22
-4
5
-1337
258
4079
348292
-11
-5
2
-1326
272
4124
349317
-9
-1
6
-1320
262
4133
350342
-3
4
11
-1320
262
4110
351367
4
4
7
-1326
246
4080
352392
12
-5
1
-1319
247
4044
353417
28
-11
-1
-1337
217
3989
354442
63
-17
-7
-1339
223
3940
355467
87
-1
-22
-1321
313
4056
356492
18
52
-39
-1334
320
4184
357517
11
75
-42
-1353
302
4234
358542
-2
60
-11
-1389
365
4237
359567
-110
65
25
-1489
253
4272
360592
-185
72
-48
-1318
116
4411
353555
-142
42
-28
-1030
288
4273
354580
194
-5
115
-1395
12
3788
355605
127
-131
54
-1451
674
3608
356630
-119
-53
-64
-1305
87
3512
357655
211
-118
-24
-1449
161
3656
358680
227
-98
-46
-1264
375
4338
359705
15
13
14
-1348
253
4769
360730
11
10
67
-1451
418
4364
361755
31
29
27
-1344
289
4013
362780
24
40
15
-1299
281
4068
363805
-36
30
3
-1252
297
4148
364830
-70
15
6
-1268
264
4105
365855
-14
-27
8
-1316
278
3981
366880
42
-50
-9
-1339
327
3962
367905
7
-37
-18
-1350
328
4086
368930
-36
-19
-15
-1361
256
4118
361600
26
-23
-1
-1365
295
4114
362625
37
-26
7
-1353
303
4040
363650
5
-19
5
-1337
281
4028
364675
1
-20
2
-1313
288
4113
365700
-20
-24
8
-1310
304
4090
366725
-29
-31
15
-1317
245
4023
367750
3
-40
12
-1326
301
4100
368775
-21
-37
14
-1328
314
4071
369800
1
-31
8
-1338
232
4098
370825
61
-34
0
-1297
375
4214
371850
-6
0
-1
-1299
322
4164
372875
-11
13
-7
-1310
259
4104
373900
21
12
-17
-1295
303
4129
374925
-5
22
-17
-1297
294
4095
375950
-16
23
-7
-1325
253
4025
376975
2
4
1
-1339
250
4034
369792
5
-9
7
-1341
300
4085
370817
-5
-15
17
-1334
280
4053
371842
8
-20
25
-1328
272
4067
372867
14
-23
22
-1304
353
4141
373892
-13
-13
19
-1300
321
4116
374917
-5
-4
10
-1310
326
4137
375942
-7
4
2
-1306
335
4136
376967
-11
14
-6
-1312
301
4101
377992
4
12
-13
-1308
300
4090
379017
6
11
-12
-1313
283
4093
380042
13
10
-9
-1316
299
4105
381067
7
7
-5
-1323
281
4065
382092
13
3
-4
-1332
287
4078
383117
11
0
-3
-1325
306
4083
384142
4
-2
-4
-1332
289
4058
385167
-5
-4
-4
-1339
270
4094
377983
-5
-5
1
-1344
271
4101
379008
-2
-5
9
-1331
251
4083
380033
7
-7
16
-1317
296
4102
381058
0
-9
23
-1323
307
4077
382083
1
-11
16
-1312
323
4089
383108
-4
-10
9
-1319
345
4090
384133
-8
-11
1
-1335
291
4075
385158
0
-15
-10
-1318
315
4117
386183
-12
-8
-7
-1326
293
4105
387208
-13
-4
-2
-1333
280
4101
388233
-13
-1
1
-1327
300
4101
389258
-8
-2
5
-1318
291
4092
390283
1
-8
6
-1306
306
4101
391308
-6
-5
5
-1309
287
4090
392333
-3
-7
3
-1311
258
4092
393358
2
-11
2
-1319
287
4109
386176
-9
-7
4
-1317
269
4095
387201
-6
-4
7
-1326
293
4111
388226
-8
-1
11
-1331
293
4097
389251
-9
-1
11
-1328
290
4077
390276
5
-5
10
-1309
315
4099
391301
7
-9
11
-1299
316
4084
392326
-1
-4
9
-1297
322
4123
393351
-7
1
3
-1318
303
4112
394376
6
-1
-6
-1326
300
4088
395401
10
-2
-9
-1325
295
4095
396426
4
0
-7
-1328
284
4095
397451
1
1
-2
-1317
280
4090
398476
3
-2
4
-1320
273
4081
399501
8
-7
6
-1323
286
4098
400526
8
-8
6
-1318
301
4098
401551
1
-5
6
-1319
291
4096
394368
1
-4
5
-1319
289
4097
395393
2
-3
5
-1321
300
4112
396418
2
1
7
-1326
298
4104
397443
5
0
7
-1327
302
4090
398468
9
-7
5
-1327
287
4067
399493
22
-8
3
-1318
289
4028
400518
32
-5
0
-1313
307
4066
401543
18
14
-4
-1310
300
4108
402568
31
25
-2
-1348
295
4105
403593
56
16
-8
-1342
275
4039
404618
82
7
-14
-1318
349
4081
405643
41
11
-15
-1302
373
4169
406668
-20
21
-5
-1323
354
4181
407693
-48
16
9
-1381
377
4181
408718
-182
17
-19
-1391
324
4329
409743
-292
54
-49
-1183
116
4261
402559
133
-18
81
-1178
130
3907
403584
432
-183
119
-1593
728
3477
404609
-85
-128
-48
-1292
153
3414
405634
72
-132
-27
-1474
-18
3696
406659
254
-128
-72
-1282
433
4559
407684
103
45
-21
-1229
413
5088
408709
2
96
91
-1402
503
4460
409734
-2
104
57
-1291
333
3830
410759
24
84
25
-1181
314
3940
411784
-50
62
4
-1163
404
4178
412809
-91
37
7
-1268
348
4123
413834
-20
-11
16
-1358
323
3941
414859
38
-45
9
-1395
418
3924
415884
-38
-38
-1
-1394
357
4000
416909
-49
-30
4
-1394
306
4111
417934
-14
-40
23
-1367
351
4106
410753
-31
-29
34
-1324
319
4047
411778
-25
-25
33
-1284
332
4083
412803
-34
-25
34
-1255
355
4103
413828
-33
-29
29
-1259
316
4084
414853
2
-37
14
-1269
363
4107
415878
12
-43
6
-1296
350
4083
416903
13
-31
-7
-1320
355
4150
417928
-17
-2
-9
-1331
343
4200
418953
-7
18
-3
-1332
281
4148
419978
22
20
0
-1315
296
4095
421003
6
25
4
-1296
311
4061
422028
-8
26
10
-1301
285
4057
423053
9
8
12
-1297
308
4047
424078
13
-11
13
-1299
349
4033
425103
-5
-20
14
-1307
354
4041
426128
-7
-27
12
-1306
393
4097
418944
-13
-25
10
-1309
403
4094
419969
-8
-25
3
-1309
402
4097
420994
-2
-21
-8
-1301
385
4133
422019
9
-15
-18
-1286
371
4151
423044
9
-6
-21
-1276
325
4124
424069
8
10
-22
-1297
303
4162
425094
4
23
-22
-1301
300
4158
426119
0
32
-18
-1320
281
4086
427144
10
30
-13
-1323
294
4066
428169
14
22
-5
-1318
311
4053
429194
12
7
4
-1311
306
4019
430219
7
-2
9
-1313
336
4074
431244
1
-6
12
-1330
349
4086
432269
11
-13
13
-1317
362
4073
433294
9
-18
10
-1309
362
4076
434319
5
-15
5
-1312
360
4134
427135
0
-6
2
-1307
350
4125
428160
-1
2
4
-1309
345
4106
429185
-3
9
2
-1309
354
4106
430210
-8
12
0
-1300
354
4098
431235
2
7
-1
-1302
340
4066
432260
18
-1
-5
-1306
363
4088
433285
4
2
-8
-1318
350
4095
434310
3
4
-10
-1332
334
4077
435335
5
-1
-10
-1336
333
4073
436360
-1
0
-8
-1326
308
4090
437385
3
0
-2
-1315
330
4095
438410
3
-1
8
-1315
318
4059
439435
10
-7
10
-1309
355
4074
440460
1
-9
8
-1319
345
4072
441485
7
-13
3
-1326
353
4091
442510
4
-12
2
-1332
346
4083
435329
2
-10
-2
-1333
332
4104
436354
-6
-8
-3
-1314
338
4088
437379
-13
-5
0
-1311
331
4085
438404
-6
-8
4
-1300
361
4085
439429
-5
-8
7
-1305
365
4076
440454
1
-10
6
-1298
381
4092
441479
-2
-11
4
-1303
372
4101
442504
-1
-8
0
-1307
367
4103
443529
-1
-5
-5
-1318
355
4094
444554
-3
-2
-7
-1317
338
4097
445579
-7
-1
-8
-1306
331
4092
446604
-11
1
-1
-1318
309
4080
447629
-9
0
7
-1318
306
4077
448654
-7
-2
14
-1314
326
4077
449679
-7
-4
20
-1306
341
4087
450704
-6
-6
23
-1300
366
4098
443521
-9
-6
18
-1296
372
4092
444546
-4
-6
10
-1325
364
4105
445571
3
-9
-2
-1322
355
4115
446596
2
-5
-4
-1320
319
4100
447621
6
-13
-4
-1320
323
4084
448646
5
-33
-3
-1331
303
4023
449671
56
-65
-11
-1304
296
3942
450696
24
-18
-18
-1285
400
4148
451721
-69
73
-22
-1327
287
4321
452746
-11
68
-8
-1333
381
4255
453771
-4
60
-5
-1303
471
4110
454796
-114
73
-9
-1340
540
4100
455821
-356
127
-53
-1292
320
4239
456846
-337
103
-27
-1195
108
3939
457871
234
-43
86
-1385
-61
3563
458896
198
-162
19
-1472
677
3885
451712
-237
-39
-79
-1326
-5
3921
452737
162
-76
-29
-1445
132
3994
453762
252
-17
-44
-1174
526
4626
454787
-65
121
89
-1413
254
4581
455812
-47
72
75
-1493
455
3986
456837
-16
48
0
-1240
352
3888
457862
25
20
-5
-1227
351
4088
458887
-19
-14
-7
-1255
356
4131
459912
-84
-33
7
-1337
309
4036
460937
-12
-70
-9
-1364
283
3941
461962
87
-85
-22
-1347
345
4046
462987
26
-58
-9
-1359
337
4123
464012
-8
-32
0
-1365
215
4098
465037
66
-33
7
-1338
292
4139
466062
21
-14
12
-1308
346
4122
467087
-37
8
19
-1315
279
4051
459905
-3
-3
12
-1303
312
4083
460930
8
-18
15
-1292
375
4087
461955
-3
-23
17
-1310
319
4039
462980
38
-35
11
-1321
379
4107
464005
14
-30
8
-1325
385
4126
465030
-13
-18
6
-1342
299
4093
466055
17
-20
-4
-1330
315
4126
467080
10
-9
-1
-1320
313
4126
468105
1
1
3
-1313
260
4108
469130
7
3
5
-1300
307
4124
470155
-11
12
12
-1307
279
4090
471180
4
8
13
-1307
293
4075
472205
9
0
15
-1301
351
4061
473230
-2
-1
17
-1315
341
4065
474255
12
-9
13
-1319
381
4088
475280
2
-15
10
-1327
369
4064
468096
-2
-14
4
-1327
348
4105
469121
-7
-9
3
-1315
346
4125
470146
-12
-4
5
-1314
309
4096
471171
1
-4
6
-1296
314
4101
472196
-3
-3
9
-1309
318
4093
473221
0
-4
9
-1306
308
4080
474246
8
-4
8
-1311
337
4106
475271
3
-2
4
-1325
329
4088
476296
-3
-3
-2
-1318
335
4072
477321
-10
-2
-5
-1301
341
4096
478346
-9
-2
-1
-1309
313
4083
479371
-3
-6
2
-1310
328
4088
480396
-12
-3
6
-1309
329
4095
481421
-3
-5
8
-1308
332
4087
482446
5
-8
9
-1300
344
4085
483471
-2
-7
11
-1307
317
4090
476289
0
-8
11
-1312
327
4108
477314
-3
-5
8
-1311
313
4096
478339
-2
-2
8
-1307
332
4106
479364
-4
0
11
-1312
334
4097
480389
-6
0
11
-1316
326
4085
481414
-4
-3
10
-1305
330
4088
482439
-4
-4
10
-1300
337
4101
483464
-5
-2
10
-1305
347
4102
484489
-6
0
9
-1321
337
4085
485514
-6
-1
3
-1317
344
4086
486539
-2
-2
2
-1307
329
4086
487564
5
-5
3
-1308
330
4085
488589
0
-6
2
-1315
324
4093
489614
5
-6
2
-1320
333
4104
490639
7
-5
3
-1314
318
4096
491664
10
-6
4
-1310
326
4090
484480
4
-2
2
-1313
334
4106
485505
-3
0
-1
-1307
331
4100
486530
0
-1
-1
-1301
334
4083
487555
-2
-2
-2
-1311
343
4066
488580
-2
-3
-2
-1311
324
4084
489605
10
-9
-1
-1312
336
4107
490630
10
-7
3
-1308
338
4099
491655
2
-3
3
-1305
339
4093
492680
-2
-1
2
-1307
335
4089
493705
3
-4
1
-1321
327
4084
494730
11
-11
-2
-1324
333
4079
495755
0
-11
-4
-1321
316
4082
496780
-5
-14
-5
-1316
309
4076
497805
2
-20
-3
-1313
306
4044
498830
32
-25
-4
-1294
329
3983
499855
76
-14
-4
-1312
328
3945
492717
105
-8
-21
-1306
407
4077
493742
26
34
-29
-1318
413
4178
494767
-11
56
-42
-1350
430
4119
495792
-15
48
-71
-1321
455
4154
496817
-27
31
-74
-1316
413
4159
497842
-103
18
-62
-1378
337
4232
498867
-335
34
-89
-1374
371
4542
499892
-699
103
-99
-1109
126
4333
500917
-42
-15
48
-1168
-106
3663
501942
470
-178
68
-1582
614
3689
502967
-201
-62
-73
-1274
69
3530
503992
80
-67
-19
-1429
-10
3797
505017
260
-83
4
-1294
335
4532
506042
64
28
55
-1327
309
4787
507067
35
48
95
-1430
460
4260
508092
34
54
35
-1279
424
3910
500865
7
56
5
-1211
343
3996
501890
-21
25
-14
-1209
335
4117
502915
-39
0
-13
-1280
303
4086
503940
3
-29
-10
-1352
269
3971
504965
69
-48
-13
-1366
298
4023
505990
25
-34
-6
-1369
289
4105
507015
-19
-22
8
-1378
220
4080
508040
40
-26
22
-1358
266
4112
509065
34
-22
30
-1322
368
4116
510090
-24
-6
29
-1308
295
4058
511115
6
-13
16
-1279
309
4096
512140
21
-20
10
-1268
382
4110
513165
-7
-10
8
-1290
312
4092
514190
14
-13
-1
-1315
331
4111
515215
16
-12
-6
-1328
342
4109
516240
1
-9
-9
-1345
290
4084
509056
12
-10
-14
-1319
317
4109
510081
-4
-5
-5
-1306
309
4089
511106
-8
-6
2
-1310
282
4072
512131
-1
-7
3
-1299
342
4101
513156
-13
-2
9
-1310
326
4082
514181
3
-6
5
-1306
333
4095
515206
4
-9
3
-1290
347
4111
516231
2
-7
3
-1301
303
4097
517256
11
-9
-3
-1302
336
4119
518281
-8
-4
-4
-1301
296
4081
519306
-3
-2
-4
-1299
283
4101
520331
-14
11
4
-1319
303
4126
521356
-16
13
14
-1336
308
4070
522381
-1
0
17
-1315
319
4041
523406
-6
-4
15
-1299
336
4098
524431
-2
-9
13
-1293
338
4106
517247
8
-13
9
-1300
330
4070
518272
5
-11
1
-1308
342
4129
519297
-4
-4
-1
-1311
325
4122
520322
-8
2
1
-1315
297
4091
521347
1
7
1
-1317
309
4104
522372
5
6
0
-1307
324
4093
523397
5
7
-1
-1306
305
4076
524422
4
0
-4
-1300
325
4070
525447
-2
0
-4
-1307
305
4085
526472
1
-2
-2
-1324
305
4093
527497
1
-5
2
-1330
298
4081
528522
-4
-4
7
-1332
304
4086
529547
-6
-1
12
-1325
306
4096
530572
-1
-5
18
-1312
312
4076
531597
7
-8
19
-1294
325
4093
532622
9
-11
19
-1292
346
4105
525440
3
-7
13
-1301
323
4102
526465
6
-4
5
-1312
338
4119
527490
10
0
-1
-1329
317
4096
528515
8
2
-9
-1324
326
4100
529540
-7
8
-6
-1323
316
4084
530565
-5
8
3
-1324
300
4086
531590
-3
4
10
-1317
330
4082
532615
-1
1
14
-1318
327
4064
533640
9
-5
14
-1300
343
4093
534665
6
-7
12
-1300
344
4102
535690
4
-7
8
-1310
322
4104
536715
9
-8
5
-1311
327
4108
537740
5
-1
2
-1307
327
4111
538765
-2
6
2
-1321
319
4104
539790
-6
10
7
-1330
315
4083
540815
-3
8
10
-1337
326
4068
533633
-5
4
9
-1317
343
4084
534658
-6
4
10
-1312
319
4074
535683
1
-1
10
-1315
326
4091
536708
-2
-2
7
-1314
314
4068
537733
13
4
0
-1322
311
4054
538758
33
9
-3
-1321
317
4053
539783
52
10
-5
-1322
320
4014
540808
98
17
-8
-1341
313
4001
541833
96
15
-17
-1341
401
4141
542858
-13
39
-22
-1330
400
4251
543883
-8
51
-10
-1363
336
4183
544908
18
32
1
-1373
399
4119
545933
-144
30
-1
-1457
433
4251
546958
-395
53
-62
-1263
269
4366
547983
-177
37
10
-1077
-16
3963
549008
512
-134
100
-1516
470
3731
541825
-78
-106
-20
-1302
589
3696
542850
-197
-1
-39
-1425
-72
3610
543875
256
-111
-13
-1379
299
4058
544900
159
-47
20
-1300
393
4512
545925
-17
40
60
-1315
339
4602
546950
12
50
78
-1410
447
4172
547975
18
44
17
-1282
404
3950
549000
-19
39
-12
-1209
353
4015
550025
-31
18
-18
-1237
356
4067
551050
-29
-7
-10
-1321
338
3995
552075
2
-34
-12
-1364
326
4004
553100
19
-41
-12
-1369
374
4119
554125
-20
-30
-2
-1369
335
4095
555150
-10
-30
6
-1358
298
4071
556175
20
-38
12
-1331
378
4118
557200
-8
-33
11
-1302
352
4071
550017
-9
-28
-3
-1289
315
4089
551042
11
-24
-8
-1289
361
4135
552067
-2
-13
-6
-1309
312
4109
553092
3
-9
-7
-1312
319
4123
554117
11
-4
-5
-1315
353
4117
555142
-4
6
-1
-1329
319
4087
556167
3
10
-2
-1323
307
4096
557192
13
8
3
-1311
330
4104
558217
5
11
8
-1322
303
4064
559242
17
4
7
-1327
332
4072
560267
5
3
9
-1334
345
4061
561292
-6
-1
12
-1333
335
4040
562317
6
-11
11
-1327
352
4075
563342
12
-15
15
-1325
380
4103
564367
3
-11
13
-1320
368
4095
565392
9
-8
5
-1300
400
4124
558208
-1
0
0
-1303
376
4104
559233
-2
7
-12
-1318
358
4103
560258
-1
15
-17
-1317
358
4095
561283
3
20
-16
-1323
319
4064
562308
7
17
-11
-1329
329
4080
563333
0
15
0
-1341
303
4043
564358
20
11
0
-1328
328
4068
565383
12
7
1
-1327
336
4058
566408
3
0
5
-1347
322
4051
567433
3
-11
5
-1339
324
4064
568458
-3
-15
8
-1334
332
4085
569483
-6
-16
16
-1337
339
4090
570508
-8
-16
19
-1327
367
4099
571533
-13
-7
20
-1325
374
4100
572558
0
-6
15
-1310
388
4087
573583
8
-8
7
-1305
395
4089
566401
2
-3
0
-1321
365
4098
567426
4
-3
-8
-1328
381
4100
568451
-5
2
-10
-1338
342
4084
569476
-4
3
-12
-1330
334
4082
570501
-3
2
-5
-1332
312
4081
571526
-1
1
1
-1327
332
4085
572551
-9
3
10
-1329
330
4075
573576
-11
0
16
-1332
335
4065
574601
-8
-4
19
-1319
352
4082
575626
-6
-5
17
-1331
358
4087
576651
1
-7
12
-1337
360
4078
577676
2
-7
5
-1336
360
4083
578701
-6
-4
3
-1329
346
4089
579726
-2
-3
4
-1334
336
4096
580751
0
-2
5
-1335
343
4078
581776
4
-3
6
-1326
350
4076
574592
6
-7
6
-1316
351
4081
575617
9
-7
4
-1316
355
4092
576642
10
-7
0
-1317
360
4087
577667
5
-2
-6
-1328
370
4101
578692
-6
6
-8
-1339
353
4091
579717
6
2
-10
-1331
360
4062
580742
3
0
-7
-1322
360
4062
581767
3
-1
-4
-1326
355
4063
582792
0
-4
-1
-1338
354
4057
583817
4
-6
-1
-1340
324
4059
584842
5
-8
-1
-1334
339
4074
585867
5
-6
-1
-1340
327
4060
586892
0
-9
-3
-1333
359
4078
587917
-16
2
0
-1335
324
4040
588942
37
-6
5
-1330
319
3954
589967
45
-2
3
-1322
393
4049
582785
-50
39
-5
-1349
410
4268
583810
-43
54
-4
-1341
337
4246
584835
57
31
-2
-1318
390
4071
585860
50
30
-10
-1307
403
3977
586885
0
28
-20
-1325
373
4024
587910
-19
15
-20
-1360
329
4062
588935
0
-10
-14
-1368
352
4065
589960
-32
-17
5
-1394
339
4125
590985
-169
-8
9
-1456
408
4429
592010
-304
8
-49
-1254
331
4163
593035
134
-38
16
-1032
114
3621
594060
476
-174
114
-1606
719
3633
595085
-333
-67
-68
-1235
172
3763
596110
-36
-51
-4
-1489
-104
3928
597135
342
-141
29
-1366
352
4242
598160
67
6
61
-1255
378
4701
590976
-42
93
129
-1420
481
4505
592001
12
70
88
-1336
539
4016
593026
33
57
31
-1198
476
3923
594051
-10
42
-1
-1185
464
3993
595076
-30
14
-24
-1237
389
3990
596101
-6
-19
-25
-1314
360
4041
597126
7
-45
-17
-1370
370
4048
598151
3
-46
-19
-1396
336
4055
599176
-2
-37
-11
-1401
328
4131
600201
-24
-29
15
-1387
313
4064
601226
-5
-21
28
-1333
306
4055
602251
-6
-12
36
-1308
383
4112
603276
-34
-7
36
-1287
370
4068
604301
-17
-15
28
-1284
365
4050
605326
1
-28
12
-1293
400
4086
606351
-9
-44
5
-1318
371
4009
599168
30
-55
-4
-1314
349
4074
600193
17
-40
2
-1303
433
4193
601218
-46
-2
12
-1338
350
4147
602243
-14
5
11
-1313
365
4124
603268
2
6
9
-1290
399
4073
604293
-9
6
3
-1280
378
4066
605318
-10
0
-4
-1288
375
4074
606343
-13
-4
-4
-1312
350
4060
607368
-7
-12
-4
-1312
345
4066
608393
0
-18
0
-1324
336
4083
609418
-1
-12
7
-1333
363
4115
610443
-14
-8
10
-1323
365
4081
611468
-12
-9
12
-1294
342
4068
612493
-1
-6
13
-1286
386
4123
613518
-6
-2
11
-1289
367
4100
614543
8
-5
4
-1295
381
4094
607359
3
-3
-3
-1302
391
4091
608384
-9
4
-7
-1305
340
4078
609409
3
2
-5
-1320
347
4079
610434
10
-2
-2
-1317
354
4078
611459
9
-1
1
-1310
378
4095
612484
0
5
3
-1303
364
4078
613509
9
3
1
-1301
363
4085
614534
8
6
-3
-1294
366
4084
615559
3
3
-4
-1299
360
4055
616584
2
5
-3
-1304
372
4088
617609
-6
5
1
-1315
363
4075
618634
-2
4
3
-1327
347
4048
619659
14
-6
4
-1313
374
4058
620684
3
-6
5
-1303
361
4086
621709
-1
-6
4
-1298
362
4084
622734
9
-8
3
-1313
369
4075
615552
4
-8
-2
-1316
376
4090
616577
-8
-4
-6
-1311
361
4091
617602
-6
-1
-3
-1318
362
4084
618627
-3
-1
-1
-1313
382
4083
619652
-8
3
2
-1312
381
4082
620677
-1
-2
3
-1298
379
4069
621702
6
-5
1
-1292
377
4072
622727
5
-6
0
-1297
373
4090
623752
6
-4
-2
-1316
377
4096
624777
4
-2
-4
-1322
356
4088
625802
3
0
-7
-1310
354
4087
626827
0
4
-2
-1313
358
4091
627852
-6
8
2
-1325
351
4074
628877
-2
5
3
-1313
366
4060
629902
2
0
6
-1305
359
4064
630927
5
-3
7
-1300
383
4090
623744
0
-1
7
-1308
383
4064
624769
3
-7
2
-1313
386
4071
625794
3
-7
-4
-1320
390
4104
626819
-7
3
-5
-1331
353
4088
627844
6
3
-7
-1324
361
4074
628869
1
3
-3
-1321
358
4051
629894
-2
0
-1
-1311
355
4078
630919
0
-1
3
-1314
364
4083
631944
11
-6
5
-1318
363
4062
632969
10
-6
2
-1314
390
4075
633994
3
0
-1
-1317
389
4095
635019
0
3
-5
-1325
389
4095
636044
-2
9
-7
-1327
383
4082
637069
1
12
-7
-1315
376
4075
638094
8
6
-3
-1311
363
4070
639119
11
1
1
-1319
361
4077
631935
7
-3
5
-1315
369
4067
632960
10
-4
3
-1337
367
4055
633985
19
-9
-5
-1340
383
4062
635010
10
-8
-12
-1330
364
4067
636035
29
-4
-15
-1314
395
4094
637060
46
4
-15
-1326
387
4003
638085
23
26
-29
-1310
403
4087
639110
-1
55
-28
-1352
363
4129
640135
29
49
-29
-1336
362
4086
641160
4
50
-17
-1341
411
4106
642185
-111
55
-4
-1402
447
4151
643210
-205
57
-39
-1415
345
4302
644235
-207
63
-52
-1145
216
4331
645260
-42
2
78
-1254
365
3947
646285
53
-95
64
-1521
542
3711
647310
-96
-81
-54
-1323
217
3447
640129
137
-98
-28
-1393
184
3720
641154
267
-116
-9
-1369
324
4036
642179
123
-33
4
-1238
371
4736
643204
-52
70
61
-1361
456
4783
644229
-24
75
57
-1438
532
4072
645254
8
69
-1
-1255
409
3831
646279
-9
50
-12
-1227
369
3974
647304
-22
18
-24
-1279
380
4089
648329
-48
-13
-17
-1352
351
4009
649354
4
-47
-13
-1392
327
3944
650379
35
-58
-9
-1396
352
3990
651404
-8
-45
4
-1405
275
4046
652429
29
-39
20
-1388
316
4121
653454
18
-27
38
-1350
391
4142
654479
-25
-4
42
-1332
363
4072
655504
-8
-4
32
-1302
396
4077
648320
-6
-10
25
-1282
421
4081
649345
-3
-19
19
-1292
366
4014
650370
23
-32
6
-1312
397
4045
651395
1
-25
4
-1332
399
4103
652420
-15
-11
6
-1358
343
4117
653445
18
-13
8
-1361
387
4111
654470
-3
-5
7
-1349
380
4058
655495
-28
3
0
-1323
377
4061
656520
-31
0
3
-1315
376
4066
657545
-13
-9
4
-1308
372
4051
658570
-12
-13
6
-1318
377
4070
659595
-13
-14
3
-1315
349
4071
660620
0
-16
4
-1302
371
4102
661645
-9
-10
10
-1317
362
4086
662670
-8
-13
12
-1330
348
4054
663695
-6
-12
8
-1328
385
4110
656511
-26
-4
11
-1332
362
4083
657536
-19
-6
14
-1338
330
4051
658561
-7
-12
12
-1324
367
4081
659586
-21
-12
15
-1304
346
4076
660611
-6
-18
18
-1306
348
4082
661636
-1
-19
19
-1303
384
4100
662661
-19
-8
17
-1318
376
4096
663686
-11
-7
10
-1323
383
4101
664711
-9
-3
3
-1315
389
4090
665736
-5
0
1
-1313
372
4082
666761
5
-5
0
-1312
360
4068
667786
-4
-3
-2
-1304
361
4092
668811
-9
-2
-2
-1316
345
4080
669836
7
-11
-3
-1317
339
4075
670861
8
-12
-1
-1315
358
4097
671886
0
-8
3
-1315
334
4077
664704
6
-8
4
-1313
363
4092
665729
-4
-2
8
-1314
366
4083
666754
5
-6
7
-1313
379
4076
667779
9
-9
5
-1305
393
4081
668804
2
-8
3
-1303
387
4090
669829
2
-6
-1
-1304
374
4101
670854
8
-5
-3
-1308
357
4094
671879
13
-6
-5
-1323
368
4089
672904
4
-4
-9
-1323
362
4091
673929
-7
-1
-10
-1309
361
4076
674954
-7
3
-6
-1306
356
4081
675979
-6
-2
-3
-1311
371
4072
677004
0
-7
-4
-1308
379
4074
678029
3
-9
-3
-1308
374
4095
679054
6
-10
-5
-1308
373
4090
680079
3
-8
-8
-1306
371
4090
672896
2
-3
-7
-1319
344
4092
673921
10
-3
-9
-1321
350
4086
674946
4
-4
-11
-1312
344
4078
675971
3
-4
-8
-1306
345
4073
676996
1
-6
-3
-1319
351
4084
678021
-5
-5
3
-1315
358
4078
679046
1
-7
6
-1313
367
4089
680071
8
-8
6
-1303
369
4090
681096
7
-7
4
-1305
381
4098
682121
5
-4
0
-1303
395
4092
683146
-2
3
-3
-1317
381
4092
684171
0
2
-7
-1316
357
4093
685196
8
1
-10
-1321
341
4071
686221
10
1
-9
-1315
343
4070
687246
1
7
-4
-1316
341
4092
688271
5
7
1
-1317
351
4064
681088
12
3
5
-1317
375
4043
682113
11
4
4
-1327
353
4028
683138
44
-2
2
-1318
354
4033
684163
11
1
-2
-1309
420
4161
685188
-36
25
3
-1345
327
4149
686213
25
3
6
-1334
357
4029
687238
35
-6
2
-1322
366
3943
688263
6
3
-9
-1306
364
4106
689288
0
20
-8
-1317
395
4212
690313
9
28
-3
-1329
435
4226
691338
-65
53
0
-1379
401
4254
692363
-146
68
-62
-1334
401
4303
693388
-64
23
-86
-1152
405
4030
694413
188
-58
13
-1396
275
3646
695438
-21
-100
-19
-1384
434
3723
696463
-150
-45
-15
-1346
13
3886
689280
149
-122
54
-1439
218
4051
690305
218
-115
61
-1332
433
4097
691330
91
-4
60
-1274
476
4364
692355
-42
73
76
-1304
468
4434
693380
-7
54
61
-1324
519
4125
694405
18
45
-2
-1197
474
4054
695430
-7
42
-22
-1236
440
4065
696455
-13
24
-39
-1289
381
4066
697480
-11
7
-37
-1341
374
4126
698505
-34
-12
-25
-1372
331
4026
699530
18
-26
-13
-1377
332
3991
700555
11
-21
9
-1361
367
4019
701580
-33
-9
30
-1358
326
4004
702605
4
-17
34
-1330
370
4072
703630
9
-22
35
-1308
427
4091
704655
-18
-13
30
-1308
392
4069
697471
-2
-18
21
-1305
406
4085
698496
7
-23
13
-1309
411
4085
699521
-1
-18
8
-1319
397
4092
700546
-8
-5
3
-1319
384
4139
701571
2
2
4
-1315
381
4121
702596
8
9
4
-1308
371
4102
703621
9
15
3
-1302
396
4082
704646
-3
16
2
-1319
392
4049
705671
-4
9
-3
-1331
396
4043
706696
-6
-4
-1
-1334
390
4031
707721
-7
-12
2
-1331
369
4048
708746
-6
-14
12
-1323
368
4076
709771
0
-19
24
-1321
373
4073
710796
6
-20
26
-1307
388
4101
711821
-7
-8
20
-1319
396
4104
712846
-10
-6
12
-1318
401
4072
705930
-9
-6
3
-1314
403
4070
706955
-19
-5
-1
-1305
385
4076
707980
-9
-6
2
-1324
375
4078
709005
-2
-16
4
-1314
393
4064
710030
-17
-11
10
-1328
384
4076
711055
-14
-9
11
-1325
385
4082
712080
-7
-15
13
-1306
385
4074
713105
-9
-11
11
-1301
371
4085
714130
0
-14
10
-1304
388
4086
715155
-6
-12
6
-1305
375
4078
716180
-13
-8
4
-1301
390
4101
717205
-17
-2
8
-1316
373
4082
718230
-20
-4
9
-1314
375
4069
719255
-22
-7
10
-1317
374
4066
720280
-17
-10
16
-1307
373
4069
721305
-12
-14
17
-1302
381
4084
713856
-14
-12
19
-1305
379
4087
714881
-17
-12
14
-1311
369
4077
715906
-11
-14
10
-1305
373
4089
716931
-14
-15
9
-1301
354
4078
717956
-7
-16
10
-1300
358
4102
718981
-3
-12
15
-1300
366
4101
720006
-4
-8
14
-1303
383
4094
721031
-5
-5
10
-1299
393
4103
722056
-4
-2
5
-1298
395
4098
723081
0
-2
0
-1297
404
4089
724106
-2
-3
-5
-1302
386
4077
725131
-3
-1
-8
-1301
386
4088
726156
-7
-1
-7
-1307
369
4089
727181
3
-6
-4
-1312
359
4070
728206
7
-10
-1
-1305
363
4078
729231
6
-9
-1
-1295
361
4094
722047
-1
-6
2
-1293
364
4098
723072
1
-4
5
-1298
360
4084
724097
12
-5
4
-1310
376
4085
725122
6
-6
0
-1310
382
4074
726147
-7
-2
-4
-1298
377
4087
727172
-5
-2
-2
-1301
369
4090
728197
3
-4
-1
-1298
391
4074
729222
-3
0
1
-1305
381
4080
730247
5
-4
2
-1305
384
4088
731272
10
-8
-3
-1294
390
4082
732297
6
-5
-7
-1299
376
4090
733322
11
-4
-10
-1305
367
4082
734347
25
3
-12
-1310
342
4023
735372
43
8
-9
-1307
356
4020
736397
30
8
-10
-1301
386
4085
737422
-4
17
-3
-1316
384
4147
730240
-7
24
0
-1321
355
4084
731265
34
15
-3
-1320
409
4077
732290
-7
25
-6
-1297
420
4143
733315
-7
32
-5
-1298
354
4096
734340
34
18
-7
-1305
392
4044
735365
15
20
-12
-1320
379
4014
736390
-13
27
-20
-1322
380
4071
737415
-31
43
-16
-1342
359
4141
738440
-8
40
-7
-1356
382
4078
739465
3
30
0
-1332
410
4037
740490
-50
24
14
-1353
494
4166
741515
-304
48
5
-1385
372
4486
742540
-489
89
-22
-1277
112
4307
743565
30
-31
49
-1164
226
3602
744590
576
-206
90
-1510
518
3507
745615
-140
-152
-45
-1247
536
3806
738432
-193
-50
-41
-1415
13
3933
739457
256
-124
-5
-1350
342
4267
740482
113
-12
24
-1255
390
4661
741507
-42
86
86
-1379
345
4460
742532
-24
80
74
-1355
486
4047
743557
-28
88
27
-1234
375
3995
744582
5
54
6
-1227
396
4050
745607
-6
19
-15
-1272
403
4047
746632
-44
-15
-24
-1332
396
4012
747657
-21
-38
-33
-1362
371
4015
748682
10
-55
-29
-1359
363
4011
749707
14
-52
-15
-1356
304
4034
750732
21
-49
5
-1349
367
4098
751757
-16
-31
21
-1334
339
4068
752782
-2
-23
23
-1316
315
4071
753807
22
-25
22
-1276
377
4153
746623
-11
-9
23
-1277
370
4150
747648
-9
-11
21
-1298
343
4045
748673
13
-17
11
-1298
386
4070
749698
-9
-7
6
-1312
399
4127
750723
-14
-2
5
-1318
357
4111
751748
11
-6
6
-1305
380
4089
752773
13
-5
5
-1303
388
4074
753798
2
0
-3
-1306
392
4100
754823
0
4
-9
-1308
373
4106
755848
10
3
-12
-1307
364
4092
756873
5
3
-13
-1318
349
4074
757898
0
4
-12
-1315
338
4089
758923
5
3
-8
-1319
365
4086
759948
7
-5
-4
-1308
349
4040
760973
10
-5
-7
-1301
367
4094
761998
-1
2
-6
-1304
372
4113
754816
5
2
-4
-1311
356
4081
755841
8
-1
-1
-1317
364
4059
756866
1
3
-3
-1317
369
4116
757891
-7
5
0
-1326
353
4065
758916
-3
-3
5
-1322
350
4038
759941
-11
-2
9
-1317
366
4073
760966
-14
-4
15
-1319
355
4054
761991
-2
-18
20
-1313
363
4039
763016
-3
-25
23
-1307
370
4078
764041
-6
-23
20
-1303
362
4114
765066
6
-17
15
-1306
357
4123
766091
3
-9
9
-1309
368
4104
767116
-15
1
3
-1303
376
4086
768141
-16
7
2
-1306
376
4088
769166
-7
1
3
-1306
377
4057
770191
0
-5
1
-1297
389
4071
763009
1
-5
1
-1302
390
4096
764034
10
-8
1
-1299
359
4078
765059
22
-11
-1
-1299
356
4100
766084
17
-5
-1
-1304
370
4117
767109
3
3
0
-1315
353
4087
768134
0
6
-1
-1305
365
4110
769159
-12
13
4
-1316
356
4086
770184
-9
13
9
-1331
346
4045
771209
0
5
11
-1317
375
4053
772234
-6
-2
15
-1303
387
4064
773259
-5
-7
17
-1303
376
4058
774284
1
-9
16
-1308
390
4086
775309
-12
-4
13
-1318
372
4089
776334
-7
-4
7
-1308
364
4094
777359
2
-7
7
-1307
362
4091
778384
5
-2
7
-1307
356
4105
771200
4
6
6
-1308
373
4109
772225
-3
10
4
-1320
372
4077
773250
-4
7
1
-1324
370
4054
774275
3
0
1
-1314
356
4062
775300
10
-6
2
-1309
363
4086
776325
4
-4
6
-1323
360
4080
777350
-4
-1
6
-1331
360
4076
778375
-13
1
8
-1333
352
4073
779400
-5
-6
13
-1315
359
4071
780425
2
-10
18
-1306
376
4075
781450
4
-10
21
-1313
392
4072
782475
0
-12
16
-1309
394
4063
783500
-7
-17
9
-1307
388
4064
784525
-5
-17
2
-1308
371
4083
785550
5
-18
-3
-1315
366
4090
786575
6
-19
-5
-1308
378
4079
779393
-5
-15
-4
-1315
353
4066
780418
6
-18
1
-1315
360
4067
781443
21
-14
0
-1296
378
4076
782468
44
-2
4
-1315
361
4072
783493
66
-6
0
-1308
436
4087
784518
53
10
-6
-1290
363
3895
785543
194
1
-17
-1282
393
3981
786568
58
19
-29
-1291
547
4296
787593
-121
80
-33
-1326
341
4229
788618
7
54
-40
-1340
442
4047
789643
-5
50
-45
-1332
483
3984
790668
-179
61
-40
-1360
525
4017
791693
-389
63
5
-1417
455
4177
792718
-594
103
4
-1332
138
4454
793743
-505
94
23
-1195
147
4331
794768
180
28
112
-1311
-329
3876
787585
412
-120
131
-1520
721
3872
788610
-370
35
12
-1305
229
3790
789635
-128
18
17
-1415
161
3867
790660
274
-28
-4
-1307
357
4069
791685
248
40
-10
-1270
466
4425
792710
70
95
24
-1327
363
4491
793735
-24
97
34
-1434
364
4113
794760
9
70
-22
-1348
298
3962
795785
6
30
-28
-1330
321
3978
796810
-43
-11
-23
-1357
319
4012
797835
-54
-43
-19
-1387
297
3999
798860
21
-72
-8
-1397
249
3928
799885
96
-85
-2
-1395
310
4006
800910
44
-69
3
-1387
315
4091
801935
14
-57
14
-1387
337
4098
802960
27
-59
21
-1349
336
4043
795776
54
-54
16
-1323
310
4087
796801
32
-48
12
-1329
379
4115
797826
-11
-37
3
-1325
301
4055
798851
44
-35
-8
-1323
319
4090
799876
31
-30
-7
-1327
412
4129
800901
-30
-5
1
-1347
307
4070
801926
14
-14
-2
-1337
346
4071
802951
13
-13
1
-1325
388
4087
803976
-9
-4
6
-1341
334
4065
805001
15
-13
2
-1326
358
4054
806026
11
-15
3
-1330
356
4056
807051
1
-16
-3
-1324
327
4080
808076
0
-12
-6
-1325
346
4109
809101
-15
-8
1
-1333
328
4064
810126
-5
-8
3
-1336
333
4071
811151
-7
-9
7
-1331
361
4103
803969
-10
-11
8
-1320
346
4063
804994
8
-14
2
-1301
365
4088
806019
-5
-4
-2
-1318
362
4121
807044
-10
-1
-5
-1335
319
4079
808069
0
-2
-10
-1334
325
4071
809094
-9
-1
-6
-1340
311
4061
810119
-4
-6
-2
-1333
307
4076
811144
7
-9
2
-1328
338
4083
812169
1
-9
6
-1329
337
4062
813194
-7
-10
6
-1326
349
4075
814219
-1
-9
4
-1315
357
4088
815244
11
-15
0
-1324
370
4078
816269
7
-13
-10
-1311
368
4093
817294
-14
-7
-21
-1318
364
4064
818319
-16
-11
-29
-1320
350
4042
819344
-13
-21
-27
-1315
342
4041
812159
-4
-31
-20
-1327
324
4047
813184
1
-40
-7
-1351
317
4071
814209
-13
-41
6
-1353
283
4077
815234
-38
-33
20
-1333
261
4093
816259
-52
-27
48
-1343
261
4082
817284
-52
-29
71
-1333
266
4082
818309
-36
-35
80
-1292
290
4095
819334
-17
-42
78
-1263
335
4112
820359
-35
-33
68
-1279
343
4122
821384
-56
-20
58
-1319
312
4140
822409
-33
-19
52
-1306
254
4153
823434
24
-27
47
-1268
286
4120
824459
33
-16
42
-1235
337
4140
825484
4
5
39
-1263
369
4151
826509
11
13
29
-1282
380
4129
827534
39
10
12
-1271
419
4122
820352
40
12
-2
-1270
428
4093
821377
24
19
-11
-1298
408
4072
822402
10
21
-12
-1326
359
4077
823427
14
18
-11
-1325
306
4063
824452
23
9
-2
-1313
293
4064
825477
17
2
8
-1296
282
4052
826502
6
-6
13
-1295
304
4049
827527
-10
-11
23
-1306
305
4063
828552
-10
-15
31
-1324
316
4079
829577
-7
-21
39
-1317
346
4079
830602
-12
-22
39
-1289
377
4082
831627
-16
-22
32
-1275
371
4079
832652
2
-28
25
-1275
372
4102
833677
7
-25
25
-1286
364
4132
834702
10
-18
25
-1285
341
4142
835727
19
-10
14
-1267
349
4130
828544
13
-1
3
-1267
346
4124
829569
19
5
2
-1281
341
4122
830594
30
6
10
-1309
314
4129
831619
42
11
12
-1302
319
4129
832644
38
23
17
-1292
348
4094
833669
7
37
28
-1315
357
4040
834694
2
31
35
-1323
359
4031
835719
35
8
32
-1297
373
4017
836744
66
-8
27
-1294
396
4017
837769
24
-9
18
-1288
420
4117
838794
-9
-2
14
-1292
340
4109
839819
49
-9
8
-1268
392
4066
840844
19
6
9
-1275
459
4085
841869
-22
21
14
-1322
395
4106
842894
17
7
7
-1340
410
4140
843919
26
-7
2
-1307
427
4077
836735
-9
-7
3
-1297
418
4102
837760
-82
5
-1
-1361
376
4261
838785
-108
13
-52
-1189
292
4373
839810
-12
14
-21
-1172
370
4046
840835
214
-97
45
-1357
440
3624
841860
30
-126
-10
-1373
466
3551
842885
-83
-41
-51
-1308
122
4066
843910
-10
-48
14
-1395
304
4371
844935
-27
-20
47
-1296
317
4308
845960
33
4
76
-1268
377
4187
846985
9
8
71
-1236
535
4092
848010
-66
20
34
-1191
405
4058
849035
-23
-1
14
-1199
386
4092
850060
4
-17
3
-1252
413
4116
851085
5
-20
-1
-1316
380
4144
852110
28
-34
1
-1331
382
4100
845092
61
-31
2
-1316
376
4084
846117
46
-21
4
-1278
406
4118
847142
2
4
4
-1258
386
4129
848167
-8
15
3
-1255
397
4116
849192
0
15
-1
-1261
404
4088
850217
10
12
-5
-1268
419
4064
851242
0
9
-11
-1288
403
4035
852267
-9
6
-11
-1300
415
4066
853292
-8
3
-5
-1307
391
4066
854317
5
-5
0
-1292
392
4067
855342
16
-13
1
-1264
394
4065
856367
5
-16
-4
-1263
390
4055
857392
-22
-17
-11
-1263
366
4066
858417
-25
-25
-10
-1300
341
4063
859442
-3
-32
-5
-1296
345
4112
860467
-4
-26
3
-1285
364
4122
853121
-6
-15
9
-1278
371
4121
854146
3
-10
11
-1252
412
4130
855171
-5
-2
12
-1250
414
4107
856196
-3
2
5
-1261
412
4096
857221
-6
0
-3
-1262
409
4093
858246
-9
-2
-7
-1271
401
4080
859271
-8
-3
-9
-1265
402
4092
860296
-8
-2
-12
-1272
404
4093
861321
-6
-3
-10
-1284
384
4107
862346
4
-3
-7
-1277
372
4117
863371
13
1
-8
-1269
372
4115
864396
3
9
-9
-1275
369
4103
865421
-1
13
-10
-1289
364
4098
866446
2
12
-9
-1296
372
4078
867471
1
7
-5
-1289
379
4045
868496
-1
-1
1
-1283
384
4057
861313
4
-10
9
-1286
366
4078
862338
9
-16
12
-1276
372
4091
863363
15
-16
5
-1256
389
4124
864388
19
-10
-5
-1257
408
4139
865413
16
2
-14
-1267
418
4154
866438
18
15
-22
-1278
418
4131
867463
12
26
-34
-1289
429
4086
868488
-2
33
-39
-1303
408
4063
869513
-2
26
-33
-1316
371
4042
870538
11
6
-23
-1289
349
4016
871563
8
-5
-8
-1284
342
4037
872588
15
-17
5
-1285
373
4092
873613
21
-20
9
-1293
382
4091
874638
10
-16
0
-1274
398
4118
875663
11
-6
-3
-1270
378
4153
876688
17
4
-8
-1283
385
4146
869505
33
10
-16
-1306
461
4050
870530
18
12
-22
-1292
439
4069
871555
-15
14
-14
-1320
385
4040
872580
-5
6
-11
-1309
361
4045
873605
13
-3
-2
-1285
381
4077
874630
3
-6
8
-1284
359
4062
875655
7
-14
11
-1266
372
4065
876680
4
-17
10
-1290
374
4089
877705
-8
-16
6
-1317
384
4102
878730
-14
-11
6
-1304
385
4096
879755
-15
-3
15
-1298
395
4094
880780
-20
1
23
-1290
404
4082
881805
-24
0
26
-1287
401
4070
882830
-16
-4
26
-1287
386
4062
883855
1
-13
23
-1274
416
4099
884880
-6
-11
23
-1272
412
4106
877696
-8
-9
17
-1290
399
4103
878721
-4
-7
8
-1287
420
4096
879746
-17
2
1
-1293
411
4115
880771
3
4
-7
-1286
431
4134
881796
11
8
-12
-1287
447
4111
882821
8
16
-20
-1280
404
4115
883846
20
20
-26
-1286
390
4108
884871
23
24
-30
-1293
383
4097
885896
18
27
-26
-1298
354
4067
886921
26
22
-17
-1301
377
4063
887946
26
24
-9
-1315
352
4043
888971
22
27
-10
-1316
384
4057
889996
15
29
-4
-1319
377
4057
891021
2
22
3
-1327
381
4072
892046
8
14
13
-1340
386
4062
893071
12
1
12
-1318
417
4072
885889
-12
1
14
-1326
424
4042
886914
-60
0
22
-1328
398
4045
887939
-68
-11
23
-1393
391
4079
888964
-60
-30
-5
-1276
438
4246
889989
-63
-6
0
-1184
349
4111
891014
79
-42
43
-1266
355
3840
892039
100
-81
31
-1438
554
3701
893064
-26
-14
-58
-1189
266
4139
894089
-18
57
-15
-1241
410
4697
895114
-68
110
46
-1428
433
4332
896139
-53
95
32
-1415
411
3888
897164
-9
55
9
-1314
399
3896
898189
31
9
-7
-1242
383
4024
899214
26
-32
-13
-1253
428
4078
900239
-40
-48
-15
-1363
388
3989
901264
-33
-75
-18
-1408
362
3967
894080
-4
-86
-9
-1374
358
4051
895105
-20
-72
8
-1336
307
4103
896130
-22
-63
27
-1290
323
4105
897155
-19
-50
41
-1269
352
4093
898180
-12
-37
49
-1262
383
4154
899205
0
-28
46
-1268
387
4150
900230
37
-24
27
-1268
432
4138
901255
31
-12
8
-1267
470
4142
902280
-13
9
-12
-1277
431
4115
903305
2
16
-29
-1272
437
4119
904330
14
16
-33
-1285
420
4083
905355
14
18
-38
-1296
400
4074
906380
-5
21
-32
-1309
384
4068
907405
-15
16
-24
-1314
353
4027
908430
5
-1
-19
-1301
360
4039
909455
10
-13
-8
-1306
370
4041
902271
-3
-18
2
-1325
356
4037
903296
8
-28
4
-1303
378
4084
904321
0
-28
9
-1300
375
4093
905346
-7
-28
7
-1316
347
4097
906371
-1
-28
-2
-1281
362
4141
907396
-16
-17
0
-1271
371
4127
908421
-22
-5
3
-1278
373
4112
909446
-27
1
7
-1289
385
4101
910471
-24
1
7
-1304
382
4067
911496
-4
-16
11
-1300
384
4007
912521
3
-24
14
-1298
379
4066
913546
-14
-23
24
-1293
375
4106
914571
-23
-23
32
-1298
347
4074
915596
-10
-29
30
-1267
377
4088
916621
-27
-20
35
-1261
388
4101
917646
-13
-19
33
-1260
428
4140
910464
-11
-19
23
-1287
441
4093
911489
-18
-14
4
-1271
428
4103
912514
-7
-5
-5
-1256
405
4154
913539
15
0
-12
-1239
410
4158
914564
27
10
-24
-1235
423
4156
915589
23
26
-40
-1258
420
4152
916614
27
40
-56
-1275
381
4149
917639
47
48
-68
-1282
384
4147
918664
52
54
-78
-1278
405
4094
919689
28
61
-84
-1323
434
4032
920714
-8
67
-78
-1387
381
4003
921739
14
46
-65
-1389
320
4013
922764
62
11
-52
-1327
316
4023
923789
46
-4
-49
-1287
360
4003
924814
-26
5
-40
-1312
362
4018
925839
-36
2
-19
-1341
291
4077
918657
42
-27
-2
-1314
318
4090
919682
71
-37
-1
-1281
405
4097
920707
25
-12
-7
-1312
425
4126
921732
-3
6
-11
-1347
392
4126
922757
19
6
-13
-1318
381
4130
923782
47
6
-18
-1301
416
4096
924807
19
17
-28
-1325
444
4022
925832
-33
22
-34
-1361
405
3990
926857
-39
5
-31
-1346
363
4020
927882
-9
-15
-19
-1320
354
4017
928907
3
-28
-8
-1316
378
3986
929932
8
-30
1
-1316
392
4023
930957
-17
-23
7
-1289
420
4205
931982
-38
-7
10
-1313
390
4174
933007
15
-9
2
-1303
406
4084
934032
26
6
-9
-1304
412
4108
926848
72
21
-21
-1307
374
4099
927873
81
26
-29
-1319
463
4091
928898
-28
61
-33
-1349
395
4119
929923
-74
80
-24
-1389
325
4158
930948
-59
76
-7
-1481
380
4219
931973
-165
68
-72
-1247
497
4392
932998
-385
107
-72
-1078
442
4302
934023
103
9
69
-1330
-16
3838
935048
363
-179
27
-1557
842
3454
936073
-127
-89
-110
-1273
263
3340
937098
124
-116
-56
-1483
68
3679
938123
287
-170
-60
-1322
369
4161
939148
95
20
-53
-1273
423
5131
940173
-99
118
66
-1469
429
4687
941198
-4
115
38
-1363
374
3923
942223
34
106
15
-1205
389
3929
935040
-56
90
15
-1215
424
4156
936065
-112
46
20
-1303
393
4107
937090
-34
-22
21
-1423
368
3899
938115
88
-98
4
-1423
429
3773
939140
133
-109
-8
-1380
392
3854
940165
54
-83
0
-1372
443
4130
941190
-45
-42
16
-1347
332
4191
942215
34
-27
25
-1332
382
4184
943240
65
-11
18
-1309
489
4132
944265
1
7
2
-1294
437
4046
945290
10
6
-18
-1289
445
4069
946315
4
8
-27
-1317
454
4087
947340
-3
10
-35
-1327
403
4082
948365
19
8
-35
-1345
443
4101
949390
9
18
-27
-1359
427
4082
950415
3
21
-21
-1359
386
4053
943232
23
12
-17
-1348
401
4054
944257
24
2
-11
-1334
401
4028
945282
9
1
-11
-1333
393
4048
946307
-9
1
-12
-1350
422
4041
947332
-18
-1
-11
-1366
414
4028
948357
-14
-10
-9
-1366
412
4045
949382
0
-18
-4
-1349
425
4053
950407
-2
-20
-2
-1339
432
4057
951432
-5
-20
-6
-1330
414
4076
952457
3
-17
-14
-1331
429
4114
953482
-5
-9
-20
-1334
401
4103
954507
6
-4
-26
-1342
383
4095
955532
14
0
-25
-1346
396
4096
956557
13
0
-23
-1332
377
4064
957582
25
6
-24
-1317
400
4093
958607
30
29
-28
-1366
437
4058
951423
26
27
-32
-1357
400
4041
952448
14
14
-28
-1345
408
4081
953473
17
8
-22
-1353
401
4087
954498
26
2
-18
-1343
424
4089
955523
12
8
-11
-1346
432
4063
956548
7
12
-6
-1359
428
4072
957573
18
7
-7
-1363
441
4066
958598
21
8
-13
-1357
433
4049
959623
20
11
-20
-1359
442
4070
960648
13
12
-25
-1364
418
4057
961673
16
6
-29
-1373
403
4041
962698
27
1
-28
-1364
411
4054
963723
18
3
-21
-1361
419
4071
964748
8
11
-20
-1377
415
4068
965773
10
11
-21
-1368
439
4046
966798
3
12
-19
-1366
430
4043
959616
3
11
-14
-1362
418
4043
960641
15
7
-8
-1378
419
4036
961666
15
0
-7
-1385
417
4030
962691
14
-4
-7
-1381
405
4042
963716
7
-5
-6
-1380
407
4064
964741
0
0
2
-1381
390
4073
965766
-7
5
11
-1395
391
4040
966791
-6
3
15
-1388
405
4030
967816
4
-1
18
-1373
438
4042
968841
7
-5
14
-1368
455
4038
969866
16
-6
6
-1352
458
4036
970891
43
-3
-1
-1364
432
4010
971916
60
-6
-10
-1363
482
4038
972941
6
25
-10
-1405
438
4094
973966
4
38
-16
-1424
402
4089
974991
19
42
-19
-1401
464
4087
967809
2
61
-21
-1390
419
3988
968834
30
47
-22
-1375
455
4011
969859
-17
46
-18
-1378
445
4119
970884
-8
29
-16
-1405
417
4052
971909
27
-5
-19
-1405
513
3988
972934
-64
-2
-23
-1422
629
4160
973959
-302
52
-52
-1412
484
4557
974984
-601
154
3
-1427
-23
4271
976009
23
-15
93
-1310
232
3525
977034
561
-229
112
-1466
708
3387
978059
-269
-147
-6
-1331
519
3820
979084
-350
-69
-12
-1428
-2
4038
980109
209
-208
50
-1510
255
3985
981134
345
-200
26
-1367
443
4080
982159
162
-36
1
-1315
482
4531
983184
-10
62
47
-1398
596
4614
976000
-101
104
33
-1350
423
4149
977025
10
86
1
-1255
424
3932
978050
50
65
-16
-1254
485
3958
979075
-24
48
-26
-1322
479
4044
980100
-44
24
-26
-1390
387
4028
981125
24
-19
-25
-1420
413
3991
982150
25
-40
-28
-1420
374
3959
983175
6
-40
-19
-1418
368
4042
984200
-13
-37
8
-1418
374
4064
985225
-17
-39
32
-1406
362
3987
986250
-18
-40
44
-1386
381
4024
987275
-42
-44
60
-1346
396
4064
988300
-18
-51
65
-1340
390
4052
989325
21
-61
54
-1316
511
4128
990350
-8
-46
39
-1331
515
4086
991375
-24
-38
16
-1343
482
4082
984253
-2
-29
1
-1341
486
4136
985278
-11
-13
-9
-1340
441
4091
986303
-3
4
-21
-1335
422
4112
987328
0
15
-25
-1329
430
4125
988353
-7
24
-22
-1336
372
4066
989378
11
17
-23
-1337
382
4050
990403
15
8
-18
-1349
385
4036
991428
9
0
-13
-1366
357
4024
992453
13
-8
-6
-1364
382
4062
993478
3
-7
8
-1370
378
4055
994503
5
-7
17
-1370
370
4043
995528
6
-8
21
-1362
415
4079
996553
-10
-5
27
-1355
400
4058
997578
5
-10
26
-1350
408
4045
998603
8
-13
21
-1331
440
4081
999628
-15
-7
17
-1331
449
4080
992384
-14
-9
13
-1338
442
4048
993409
3
-11
4
-1337
464
4092
994434
-6
-1
2
-1339
474
4121
995459
-7
7
2
-1346
416
4075
996484
12
9
-1
-1332
434
4114
997509
-1
19
0
-1332
414
4078
998534
2
24
-1
-1351
395
4062
999559
5
21
-1
-1365
417
4060
1000584
-3
14
0
-1368
393
4014
1001609
-2
7
3
-1364
410
4041
1002634
8
1
8
-1362
432
4082
1003659
15
-1
3
-1369
436
4055
1004684
-3
9
-3
-1341
461
4117
1005709
-7
23
-2
-1364
403
4088
1006734
10
17
-6
-1347
417
4055
1007759
15
23
-7
-1351
417
4097
1000576
10
25
-11
-1381
417
4039
1001601
-2
25
-12
-1387
401
4019
1002626
10
16
-5
-1387
394
4038
1003651
20
6
1
-1377
413
4023
1004676
4
3
9
-1378
412
4019
1005701
0
-1
12
-1386
422
4044
1006726
6
-5
8
-1377
440
4064
1007751
5
-6
6
-1377
444
4050
1008776
1
-6
5
-1367
437
4056
1009801
-5
-1
3
-1368
430
4076
1010826
-6
0
-1
-1371
420
4059
1011851
-3
0
-1
-1372
425
4049
1012876
-1
2
1
-1378
421
4055
1013901
2
3
4
-1371
424
4022
1014926
17
6
6
-1371
417
3995
1015951
28
0
5
-1383
439
4052
1008768
6
4
1
-1402
421
4043
1009793
32
7
-1
-1407
380
3946
1010818
80
-2
-3
-1396
436
3931
1011843
17
18
-15
-1382
510
4165
1012868
-78
65
-18
-1387
424
4288
1013893
-37
78
-15
-1389
405
4188
1014918
27
66
-18
-1383
506
4034
1015943
-58
54
-27
-1365
618
4095
1016968
-281
75
-59
-1399
441
4347
1017993
-434
103
-61
-1392
267
4345
1019018
-300
69
19
-1451
108
3700
1020043
398
-143
45
-1273
311
3480
1021068
507
-244
70
-1601
725
3616
1022093
-300
-95
-60
-1335
302
3988
1023118
-191
-50
14
-1559
91
4155
1024143
174
-149
50
-1435
284
4071
1016961
201
-67
47
-1324
473
4226
1017986
66
43
51
-1379
582
4406
1019011
-122
96
51
-1399
477
4199
1020036
-122
91
22
-1318
310
3978
1021061
-8
40
9
-1300
373
3956
1022086
7
-3
2
-1321
424
3975
1023111
-36
-25
12
-1389
389
3978
1024136
-6
-55
24
-1429
384
3987
1025161
-4
-68
29
-1435
409
4039
1026186
-19
-63
31
-1425
375
4085
1027211
-5
-60
39
-1386
444
4134
1028236
-6
-41
40
-1350
415
4086
1029261
44
-36
26
-1330
481
4127
1030286
-5
-22
8
-1324
457
4128
1031311
-11
-13
-6
-1318
380
4113
1032336
4
1
-12
-1328
426
4160
1025153
-12
23
-8
-1360
351
4097
1026178
13
23
-9
-1369
388
4071
1027203
7
26
-5
-1390
393
4060
1028228
6
14
-6
-1396
370
3972
1029253
33
-12
-9
-1367
384
3971
1030278
23
-27
-4
-1366
412
4051
1031303
-2
-23
3
-1374
381
4071
1032328
7
-13
12
-1379
425
4112
1033353
3
0
19
-1386
419
4059
1034378
6
2
12
-1359
444
4061
1035403
6
1
7
-1337
425
4048
1036428
21
-8
0
-1333
434
4065
1037453
8
-1
-8
-1347
430
4093
1038478
-5
9
-10
-1373
406
4072
1039503
4
10
-9
-1376
387
4059
1040528
13
10
-4
-1381
396
4084
1033344
13
7
4
-1380
389
4036
1034369
18
6
4
-1371
407
4063
1035394
-1
13
10
-1369
414
4078
1036419
0
14
11
-1387
402
4035
1037444
14
3
7
-1373
425
4036
1038469
15
1
2
-1377
442
4069
1039494
8
-1
0
-1377
417
4039
1040519
12
2
-1
-1378
416
4068
1041544
7
10
1
-1380
429
4082
1042569
6
10
2
-1380
417
4028
1043594
17
4
-1
-1367
429
4048
1044619
10
4
-2
-1373
435
4044
1045644
4
5
-6
-1382
421
4037
1046669
1
3
-5
-1384
419
4066
1047694
0
3
-1
-1392
405
4055
1048719
5
1
4
-1389
407
4041
1041535
6
0
11
-1388
404
4052
1042560
7
-2
16
-1387
418
4042
1043585
4
-4
15
-1386
429
4043
1044610
-2
-4
11
-1382
431
4056
1045635
4
-5
7
-1391
430
4055
1046660
7
-9
4
-1384
428
4048
1047685
-13
-5
3
-1391
427
4047
1048710
-11
-5
3
-1397
418
4054
1049735
-3
-10
7
-1385
428
4047
1050760
1
-10
11
-1380
430
4044
1051785
7
-6
10
-1372
443
4042
1052810
5
0
6
-1368
447
4071
1053835
1
-2
0
-1379
432
4070
1054860
18
-9
-7
-1384
429
4061
1055885
18
-11
-12
-1379
440
4046
1056910
2
-11
-14
-1380
425
4029
1049728
-5
-7
-9
-1388
407
4077
1050753
-4
-1
-1
-1399
395
4066
1051778
3
-3
8
-1394
403
4041
1052803
14
-8
13
-1377
415
4046
1053828
29
-11
14
-1364
430
4041
1054853
17
-7
8
-1365
449
4074
1055878
-1
1
-2
-1376
443
4060
1056903
14
1
-6
-1382
442
3999
1057928
24
1
-5
-1387
448
4021
1058953
27
-2
-1
-1408
457
4037
1059978
5
-8
-2
-1396
440
4037
1061003
6
-11
6
-1407
412
3960
1062028
32
-26
3
-1385
451
3984
1063053
13
-30
-11
-1352
438
4046
1064078
44
-26
-23
-1360
470
4119
1065103
58
-11
-27
-1353
426
4175
1058047
59
0
-26
-1360
522
4156
1059072
-9
39
-25
-1385
478
4189
1060097
-91
65
-31
-1456
408
4352
1061122
-395
100
-82
-1301
563
4392
1062147
-299
78
-5
-1338
140
3755
1063172
480
-136
54
-1261
386
3704
1064197
292
-167
44
-1550
922
3746
1065222
-392
-23
-77
-1353
212
3685
1066247
-81
-75
-12
-1534
184
3787
1067272
222
-142
-1
-1416
361
3942
1068297
97
-42
6
-1331
409
4471
1069322
-34
63
48
-1430
473
4651
1070347
-40
67
53
-1397
527
4163
1071372
8
60
19
-1265
448
3943
1072397
2
42
6
-1238
484
3987
1073422
3
16
-3
-1290
457
4029
1066112
37
-24
-12
-1364
456
4002
1067137
41
-44
-22
-1404
478
3998
1068162
30
-35
-26
-1433
401
3995
1069187
18
-19
-22
-1437
439
4144
1070212
-33
12
-3
-1427
379
4142
1071237
10
13
17
-1395
373
4037
1072262
37
6
21
-1336
484
4063
1073287
-22
15
25
-1327
457
4052
1074312
-7
-3
18
-1337
436
3997
1075337
32
-28
4
-1347
507
4016
1076362
-2
-31
-4
-1377
452
4030
1077387
17
-34
-12
-1383
417
4077
1078412
30
-25
-8
-1389
465
4117
1079437
-6
2
0
-1399
437
4091
1080462
0
12
2
-1380
463
4061
1081487
-3
18
2
-1368
475
4026
1074304
-9
15
-3
-1357
471
4023
1075329
8
-4
-9
-1351
455
3993
1076354
15
-16
-15
-1361
450
4021
1077379
-7
-15
-15
-1381
426
4054
1078404
-2
-14
-11
-1392
373
4037
1079429
27
-12
-1
-1374
421
4121
1080454
-3
4
15
-1386
416
4079
1081479
-1
10
18
-1379
437
4046
1082504
8
4
18
-1369
469
4027
1083529
4
-3
14
-1363
462
4013
1084554
7
-9
2
-1364
506
4068
1085579
-10
-8
-5
-1379
488
4032
1086604
-1
-12
-10
-1382
484
4044
1087629
-5
-10
-12
-1377
489
4067
1088654
-13
-8
-12
-1367
458
4039
1089679
-2
-6
-10
-1358
457
4092
1082497
-6
-6
-3
-1362
450
4057
1083522
-2
-7
-1
-1371
414
4009
1084547
5
-11
-3
-1367
444
4051
1085572
1
-13
-3
-1371
429
4049
1086597
-8
-10
-2
-1369
439
4062
1087622
-13
-5
2
-1377
423
4054
1088647
1
-10
7
-1374
438
4044
1089672
-2
-10
10
-1364
440
4059
1090697
-2
-8
12
-1367
455
4063
1091722
3
-8
10
-1362
472
4063
1092747
-1
-6
6
-1359
475
4048
1093772
-3
-5
1
-1370
477
4063
1094797
-1
-6
-1
-1369
458
4040
1095822
-1
-3
-4
-1371
459
4065
1096847
-7
2
-4
-1371
447
4066
1097872
3
0
-4
-1371
443
4044
1090688
10
-5
-2
-1366
443
4036
1091713
4
-4
-1
-1360
444
4069
1092738
-4
-1
-2
-1368
433
4056
1093763
4
-1
-2
-1368
444
4053
1094788
-2
3
0
-1375
442
4042
1095813
-3
0
0
-1377
441
4033
1096838
-4
-5
2
-1373
437
4037
1097863
-5
-8
5
-1375
438
4035
1098888
-1
-14
9
-1367
439
4039
1099913
-3
-16
13
-1371
447
4052
1100938
0
-17
12
-1372
433
4053
1101963
10
-19
10
-1371
456
4067
1102988
-2
-13
5
-1366
453
4075
1104013
-14
-10
-2
-1364
458
4048
1105038
-11
-9
-6
-1365
449
3996
1106063
-4
7
-5
-1369
432
3937
1098881
41
10
-1
-1397
432
3814
1099906
35
-18
-19
-1401
596
3846
1100931
-118
17
-36
-1377
618
4077
1101956
-149
50
-36
-1398
332
4144
1102981
-119
-10
-32
-1358
496
4203
1104006
-190
-19
-16
-1367
567
4198
1105031
-315
-18
-15
-1424
393
4242
1106056
-632
56
-46
-1166
227
4541
1107081
-613
128
73
-1319
-98
4233
1108106
247
-53
149
-1398
-20
3839
1109131
248
-131
81
-1503
815
3806
1110156
-326
7
-29
-1343
141
3617
1111181
34
-54
22
-1419
159
3820
1112206
292
-67
19
-1383
255
4158
1113231
326
-4
0
-1333
373
4469
1114256
259
23
28
-1401
696
4459
1107072
-54
88
9
-1369
429
4107
1108097
-46
83
-20
-1317
334
3999
1109122
48
35
-32
-1283
381
3985
1110147
51
5
-26
-1312
357
4024
1111172
10
-19
-18
-1387
339
4045
1112197
3
-40
-18
-1421
347
4064
1113222
22
-54
-16
-1430
342
4050
1114247
44
-62
-9
-1426
311
3995
1115272
70
-67
1
-1393
377
4028
1116297
20
-58
11
-1356
404
4078
1117322
-27
-47
18
-1353
346
4044
1118347
23
-53
15
-1353
355
4073
1119372
31
-62
16
-1344
399
4097
1120397
22
-66
18
-1324
353
4018
1121422
53
-56
19
-1339
368
4070
1122447
37
-51
16
-1341
442
4119
1115264
-15
-28
12
-1343
413
4111
1116289
-11
-17
11
-1340
430
4135
1117314
-11
-11
4
-1328
426
4068
1118339
5
-9
-7
-1311
428
4029
1119364
-10
-4
-9
-1308
421
4113
1120389
-18
-3
-9
-1321
378
4089
1121414
11
-14
-10
-1320
366
4058
1122439
18
-14
-7
-1327
384
4089
1123464
-3
-10
-2
-1346
357
4079
1124489
2
-7
-3
-1338
349
4082
1125514
10
-2
4
-1330
391
4104
1126539
-7
2
12
-1341
371
4045
1127564
-1
1
10
-1332
380
4052
1128589
8
-5
12
-1319
404
4090
1129614
12
-10
11
-1309
403
4078
1130639
13
-7
7
-1318
431
4102
1123457
7
-2
2
-1336
416
4081
1124482
10
4
-5
-1344
428
4112
1125507
3
14
-8
-1343
404
4094
1126532
15
12
-12
-1330
418
4070
1127557
10
14
-14
-1329
413
4065
1128582
0
14
-13
-1333
386
4053
1129607
11
4
-12
-1338
376
4045
1130632
15
-3
-7
-1344
379
4071
1131657
5
-4
-1
-1355
374
4066
1132682
4
-6
2
-1350
388
4058
1133707
-4
-3
4
-1338
403
4081
1134732
-12
1
9
-1344
388
4067
1135757
4
-8
10
-1340
407
4038
1136782
-1
-12
10
-1331
417
4043
1137807
-7
-12
7
-1335
405
4059
1138832
2
-17
5
-1340
390
4071
1131649
10
-17
5
-1342
388
4080
1132674
12
-15
3
-1334
403
4085
1133699
-5
-10
0
-1345
404
4079
1134724
-12
-7
0
-1335
408
4077
1135749
-8
-7
2
-1341
407
4090
1136774
-3
-7
2
-1328
425
4076
1137799
-1
-8
3
-1324
429
4070
1138824
-2
-8
2
-1322
431
4079
1139849
-4
-7
0
-1327
410
4081
1140874
1
-5
-2
-1332
400
4081
1141899
-7
-2
-4
-1333
385
4065
1142924
-15
-1
-5
-1331
382
4071
1143949
-23
-2
0
-1343
358
4044
1144974
-9
-10
8
-1343
380
4052
1145999
-12
-15
13
-1332
381
4054
1147024
-15
-20
17
-1323
382
4063
1139840
-8
-25
22
-1323
404
4072
1140865
-6
-26
19
-1314
429
4093
1141890
-12
-21
15
-1319
429
4108
1142915
-14
-15
8
-1326
414
4103
1143940
-10
-11
-4
-1325
420
4099
1144965
-10
-3
-7
-1324
388
4085
1145990
8
5
-11
-1320
383
4028
1147015
40
14
-16
-1324
367
3948
1148040
53
15
-22
-1343
422
3988
1149065
-18
43
-32
-1347
386
4091
1150090
19
45
-35
-1371
364
4061
1151115
34
42
-38
-1331
477
4150
1152140
-87
70
-29
-1341
388
4145
1153165
-55
50
-30
-1357
399
4060
1154190
-12
15
-30
-1331
484
3984
1155215
-104
0
-20
-1338
492
4013
1148033
-218
-36
-12
-1363
695
3983
1149058
-483
-49
5
-1419
680
3938
1150083
-903
30
-12
-1285
310
4037
1151108
-1065
120
29
-1387
-231
3860
1152133
-170
-19
18
-1239
-278
4127
1153158
338
-169
-30
-1452
633
4341
1154183
-540
45
-154
-1293
9
4259
1155208
-429
106
-112
-1455
-233
4044
1156233
134
56
-93
-1370
-110
4131
1157258
219
71
-74
-1258
-101
4459
1158283
277
62
-17
-1346
84
4456
1159308
271
35
-9
-1403
165
4266
1160333
239
-15
-17
-1382
274
3980
1161358
175
-78
-9
-1363
320
3802
1162383
136
-128
-14
-1359
183
3796
1163408
211
-190
-12
-1367
203
3882
1156223
299
-232
-6
-1371
202
3956
1157248
353
-246
3
-1345
237
4074
1158273
291
-220
18
-1319
320
4182
1159298
197
-174
29
-1289
313
4244
1160323
165
-138
35
-1235
342
4293
1161348
125
-94
30
-1217
382
4274
1162373
60
-62
18
-1229
444
4152
1163398
-1
-31
-2
-1211
393
4065
1164423
-7
-8
-17
-1226
357
4102
1165448
-7
-4
-20
-1259
344
4108
1166473
3
-2
-22
-1285
307
4080
1167498
18
-3
-19
-1284
346
4095
1168523
-7
8
-9
-1282
314
4110
1169548
-13
5
2
-1276
281
4081
1170573
12
-10
14
-1261
291
4041
1171598
24
-11
22
-1243
338
4109
1164416
-11
-2
31
-1268
326
4096
1165441
-14
-6
35
-1261
313
4079
1166466
8
-9
38
-1258
365
4129
1167491
-5
-12
42
-1256
348
4080
1168516
8
-15
32
-1240
366
4078
1169541
0
-16
26
-1225
418
4115
1170566
-26
-5
19
-1243
389
4134
1171591
-7
-10
10
-1265
381
4101
1172616
-11
-18
2
-1256
359
4047
1173641
-24
-14
-7
-1250
355
4077
1174666
-31
-22
-3
-1254
317
4059
1175691
-9
-28
-1
-1237
329
4137
1176716
-16
-16
12
-1246
344
4182
1177741
-19
-9
19
-1245
321
4121
1178766
-5
-1
19
-1230
354
4113
1179791
7
14
17
-1241
365
4048
1172609
11
13
9
-1240
385
4136
1173634
-37
21
3
-1249
370
4181
1174659
-19
13
1
-1263
322
4107
1175684
14
-5
-4
-1251
348
4090
1176709
-14
-9
-4
-1255
306
4064
1177734
-7
-20
-4
-1250
265
4080
1178759
15
-29
4
-1244
315
4115
1179784
-3
-26
16
-1242
305
4107
1180809
0
-20
22
-1250
334
4139
1181834
-2
-11
26
-1255
360
4136
1182859
4
-7
20
-1243
381
4130
1183884
6
-5
10
-1227
373
4120
1184909
7
1
1
-1224
358
4143
1185934
11
12
-6
-1220
325
4185
1186959
14
19
-1
-1227
338
4155
1187984
23
25
3
-1257
303
4083
1180800
32
22
-3
-1244
359
4084
1181825
7
35
-4
-1255
350
4133
1182850
3
33
0
-1267
330
4096
1183875
25
22
3
-1250
342
4093
1184900
21
18
9
-1251
379
4072
1185925
8
19
11
-1272
365
4077
1186950
-1
13
15
-1277
364
4079
1187975
-3
5
16
-1265
345
4073
1189000
8
-6
17
-1259
361
4070
1190025
1
-11
14
-1263
363
4076
1191050
-18
-17
11
-1255
373
4104
1192075
-33
-15
15
-1267
355
4116
1193100
-17
-17
16
-1287
354
4084
1194125
-14
-19
13
-1263
373
4105
1195150
-20
-15
12
-1258
363
4105
1196175
-6
-19
6
-1239
347
4111
1188993
9
-16
1
-1221
362
4164
1190018
0
-1
-2
-1249
332
4170
1191043
12
7
-9
-1254
327
4176
1192068
13
19
-12
-1243
345
4158
1193093
3
34
-7
-1252
352
4140
1194118
-3
42
-2
-1253
343
4112
1195143
7
41
-1
-1250
271
4154
1196168
28
29
13
-1289
340
4074
1197193
9
26
18
-1284
340
4035
1198218
9
20
34
-1301
325
3993
1199243
32
8
42
-1293
314
3944
1200268
61
12
42
-1310
359
3946
1201293
74
-1
32
-1304
400
3931
1202318
55
1
14
-1301
395
3983
1203343
49
31
-2
-1317
395
4107
1204368
30
64
-12
-1303
432
4190
1197208
-37
105
-19
-1294
401
4314
1198233
-124
123
-33
-1324
525
4337
1199258
-273
122
-52
-1385
767
4263
1200283
-782
233
-85
-1057
276
4536
1201308
-922
327
30
-950
-318
4848
1202333
-50
102
190
-1516
148
4454
1203358
-279
77
54
-1441
351
3393
1204383
-222
62
25
-1504
-253
2434
1205408
292
-152
37
-1441
-90
3185
1206433
381
-186
25
-1372
177
4202
1207458
385
-134
30
-1332
379
4731
1208483
290
-88
80
-1304
645
4822
1209508
112
-15
98
-1502
579
4201
1210533
40
11
22
-1423
441
3879
1211558
-5
13
-31
-1321
360
3983
1212583
-58
16
-47
-1270
290
4211
1205375
-77
5
-37
-1260
176
4149
1206400
35
-36
-23
-1250
173
3945
1207425
118
-41
-15
-1257
187
3884
1208450
74
-27
-3
-1315
266
4070
1209475
9
-17
15
-1354
284
4138
1210500
84
-19
36
-1392
294
4104
1211525
125
-26
33
-1398
422
4095
1212550
71
-14
12
-1364
405
4088
1213575
59
-10
-7
-1331
381
4127
1214600
36
-10
-24
-1296
336
4092
1215625
45
-15
-42
-1275
312
4100
1216650
31
-13
-44
-1299
303
4108
1217675
-5
-3
-39
-1333
259
4073
1218700
-2
-8
-27
-1345
307
4102
1219725
-16
-2
-6
-1361
327
4068
1220750
-12
0
8
-1370
348
4040
1213568
-11
-5
16
-1357
408
4064
1214593
-47
2
23
-1361
383
4044
1215618
-33
-10
25
-1344
348
4031
1216643
-3
-27
27
-1328
362
4071
1217668
-10
-34
33
-1316
325
4062
1218693
-14
-35
29
-1300
303
4092
1219718
-18
-35
23
-1302
299
4119
1220743
-24
-34
19
-1299
290
4109
1221768
-26
-34
18
-1320
278
4088
1222793
-2
-41
14
-1315
269
4066
1223818
11
-38
13
-1297
326
4142
1224843
-11
-17
14
-1303
347
4170
1225868
-11
-6
7
-1312
335
4123
1226893
-4
0
-7
-1313
362
4119
1227918
-22
9
-15
-1316
328
4075
1228943
-20
5
-21
-1310
296
4053
1221760
-18
-3
-12
-1301
315
4081
1222785
-32
-3
4
-1319
281
4072
1223810
-22
-14
17
-1316
309
4060
1224835
-20
-19
30
-1315
321
4076
1225860
-17
-23
35
-1307
307
4084
1226885
3
-29
33
-1284
308
4116
1227910
10
-31
33
-1277
326
4119
1228935
4
-22
26
-1283
322
4134
1229960
-12
-12
13
-1295
324
4124
1230985
-19
-3
3
-1304
311
4117
1232010
-10
-2
1
-1303
304
4111
1233035
-5
-1
4
-1302
319
4109
1234060
-4
3
8
-1284
319
4104
1235085
-6
2
13
-1291
318
4067
1236110
-14
0
11
-1297
314
4076
1237135
-15
-2
10
-1301
331
4082
1229952
-18
-7
12
-1315
322
4078
1230977
-10
-20
13
-1310
312
4053
1232002
-5
-28
14
-1304
311
4083
1233027
-24
-18
18
-1305
298
4150
1234052
-17
-16
20
-1302
295
4120
1235077
-9
-17
16
-1285
315
4107
1236102
-16
-9
11
-1266
319
4140
1237127
-17
-3
6
-1271
306
4125
1238152
-5
-3
-1
-1274
328
4127
1239177
-13
1
0
-1288
336
4110
1240202
-16
5
-1
-1303
325
4076
1241227
-4
-1
-1
-1298
325
4080
1242252
0
-9
-1
-1290
310
4073
1243277
10
-19
-4
-1281
296
4075
1244302
10
-24
-7
-1280
285
4098
1245327
4
-23
-8
-1293
256
4107
1238145
8
-27
-9
-1296
248
4105
1239170
3
-26
-5
-1291
243
4125
1240195
6
-22
1
-1288
257
4138
1241220
14
-14
9
-1272
320
4191
1242245
21
1
16
-1284
337
4129
1243270
62
-7
7
-1275
378
4011
1244295
65
-3
-15
-1270
372
3956
1245320
121
-2
-32
-1305
364
3976
1246345
117
-10
-61
-1273
396
4069
1247370
65
36
-69
-1301
275
4131
1248395
95
52
-64
-1326
325
4168
1249420
95
70
-59
-1285
361
4094
1250445
34
96
-62
-1290
468
4088
1251470
-73
113
-70
-1246
501
4273
1252495
-239
116
-30
-1346
569
4280
1253520
-430
159
-28
-1341
112
4351
1246335
-401
193
-16
-1229
-108
4435
1247360
62
67
99
-1179
93
4137
1248385
243
-59
116
-1608
555
3689
1249410
-362
-40
-5
-1435
360
3291
1250435
-209
-82
-30
-1455
8
3295
1251460
284
-176
-35
-1331
150
3911
1252485
286
-161
-13
-1270
316
4564
1253510
189
-122
39
-1301
426
4736
1254535
-17
-81
62
-1368
384
4252
1255560
-51
-69
27
-1317
353
3944
1256585
-21
-84
-7
-1230
297
3997
1257610
-11
-103
-24
-1227
298
4130
1258635
-48
-111
-30
-1256
322
4113
1259660
-68
-107
-38
-1281
283
4087
1260685
-68
-109
-44
-1299
249
4069
1261710
-18
-111
-44
-1276
166
4083
1254528
45
-111
-36
-1245
255
4223
1255553
-14
-85
-21
-1244
285
4176
1256578
-56
-62
-20
-1240
223
4122
1257603
-23
-67
-14
-1218
315
4179
1258628
-38
-69
-2
-1201
338
4138
1259653
-31
-84
1
-1192
265
4021
1260678
19
-91
-12
-1178
305
4115
1261703
-1
-85
-14
-1180
326
4175
1262728
-31
-73
-16
-1195
219
4159
1263753
14
-63
-19
-1182
230
4213
1264778
1
-44
-12
-1196
265
4213
1265803
-43
-21
-14
-1199
215
4155
1266828
-24
-11
-20
-1181
260
4189
1267853
-40
0
-18
-1188
271
4133
1268878
-43
4
-21
-1176
233
4127
1269903
-17
-6
-20
-1165
261
4136
1262720
-30
0
-15
-1189
261
4123
1263745
-46
2
-13
-1198
230
4114
1264770
-29
-9
-13
-1191
200
4118
1265795
-9
-15
-8
-1183
211
4156
1266820
-10
-20
2
-1174
223
4137
1267845
4
-22
2
-1172
194
4107
1268870
27
-17
-3
-1170
282
4195
1269895
-3
-1
-1
-1196
293
4192
1270920
-4
5
-8
-1191
265
4143
1271945
17
2
-15
-1174
288
4141
1272970
5
5
-20
-1174
258
4121
1273995
8
4
-29
-1175
212
4135
1275020
10
3
-32
-1172
203
4153
1276045
-2
8
-23
-1182
173
4140
1277070
5
12
-13
-1183
177
4172
1278095
14
4
7
-1201
229
4120
1271000
13
1
17
-1204
220
4094
1272025
16
5
18
-1191
278
4150
1273050
2
7
19
-1212
282
4120
1274075
-4
3
7
-1208
268
4111
1275100
-16
0
1
-1176
271
4104
1276125
-19
-7
2
-1188
225
4100
1277150
-2
-16
1
-1177
220
4130
1278175
0
-24
8
-1185
210
4119
1279200
11
-29
14
-1188
188
4133
1280225
10
-21
17
-1193
233
4186
1281250
-4
-9
26
-1207
219
4160
1282275
9
-9
27
-1184
252
4159
1283300
7
-3
28
-1176
281
4156
1284325
-11
2
25
-1166
292
4133
1285350
-12
3
18
-1182
293
4115
1286375
-13
-4
10
-1196
257
4099
1279104
-14
-13
4
-1193
244
4117
1280129
-13
-19
8
-1183
226
4127
1281154
-21
-17
19
-1168
200
4138
1282179
-16
-17
28
-1176
199
4142
1283204
-15
-19
31
-1170
232
4142
1284229
-17
-17
32
-1184
232
4117
1285254
4
-25
26
-1182
272
4150
1286279
4
-23
20
-1173
281
4162
1287304
7
-18
10
-1163
260
4156
1288329
12
-15
2
-1152
273
4146
1289354
-1
-9
-2
-1164
279
4138
1290379
-10
-3
-5
-1185
271
4160
1291404
7
-3
-13
-1188
277
4190
1292429
26
-5
-23
-1159
294
4174
1293454
12
3
-36
-1146
280
4143
1294479
-11
22
-44
-1152
243
4173
1287296
1
28
-42
-1180
230
4170
1288321
4
28
-40
-1172
195
4114
1289346
11
28
-33
-1172
178
4078
1290371
24
27
-22
-1196
194
4055
1291396
15
27
-12
-1234
171
4031
1292421
25
23
-6
-1240
156
4043
1293446
33
17
10
-1235
166
4025
1294471
1
25
21
-1214
222
4165
1295496
-67
57
27
-1204
253
4295
1296521
-44
65
28
-1233
364
4332
1297546
-74
46
12
-1278
460
4339
1298571
-337
55
-85
-936
437
4442
1299596
-244
73
-2
-890
-90
4394
1300621
360
-112
112
-1572
362
3742
1301646
26
-146
-45
-1169
295
3177
1302671
56
-85
-44
-1297
-158
3432
1295489
308
-186
-17
-1258
239
4087
1296514
99
-85
-6
-1117
290
4793
1297539
-52
47
56
-1141
215
5053
1298564
-10
75
97
-1268
431
4390
1299589
12
92
25
-1111
351
3929
1300614
-10
96
-7
-1053
268
4016
1301639
-51
75
-18
-1113
265
4139
1302664
-47
48
-18
-1209
239
4105
1303689
12
13
-18
-1277
220
3986
1304714
80
-27
-24
-1275
242
3980
1305739
42
-27
-20
-1257
260
4110
1306764
-17
-15
-4
-1254
192
4124
1307789
22
-24
7
-1225
220
4131
1308814
29
-20
14
-1194
284
4155
1309839
-10
-14
15
-1188
251
4097
1310864
15
-25
2
-1156
252
4111
1303680
37
-32
-1
-1159
303
4154
1304705
12
-24
0
-1198
270
4121
1305730
24
-20
-7
-1208
269
4158
1306755
23
-8
-7
-1199
295
4204
1307780
16
3
-4
-1210
238
4135
1308805
41
1
-14
-1192
268
4114
1309830
7
9
-14
-1188
279
4094
1310855
-16
13
-13
-1211
230
4093
1311880
-4
4
-6
-1216
262
4136
1312905
-8
5
7
-1217
252
4131
1313930
8
-4
17
-1209
271
4113
1314955
9
-8
24
-1205
284
4087
1315980
5
-11
19
-1189
293
4118
1317005
2
-12
14
-1188
305
4136
1318030
-5
-9
12
-1210
283
4119
1319055
-7
-14
6
-1209
270
4101
1311872
-7
-17
5
-1209
252
4102
1312897
-7
-14
6
-1212
251
4153
1313922
-10
-10
11
-1208
250
4148
1314947
-5
-7
16
-1194
261
4130
1315972
-5
-4
19
-1189
283
4125
1316997
-3
-3
18
-1199
299
4123
1318022
-3
-4
9
-1199
296
4121
1319047
-2
-2
0
-1203
291
4144
1320072
-2
0
-6
-1195
273
4133
1321097
2
-1
-6
-1197
270
4104
1322122
11
-5
-5
-1191
254
4111
1323147
21
-8
-3
-1188
269
4145
1324172
16
-9
1
-1200
271
4127
1325197
10
-6
0
-1201
278
4134
1326222
8
-3
0
-1208
283
4143
1327247
11
-2
0
-1200
283
4138
1320064
11
-1
0
-1190
290
4120
1321089
6
3
1
-1196
281
4131
1322114
8
2
0
-1198
286
4124
1323139
15
-1
0
-1201
281
4116
1324164
16
-6
-1
-1198
284
4125
1325189
3
-4
0
-1213
281
4114
1326214
3
-7
-1
-1210
263
4106
1327239
5
-12
0
-1195
296
4130
1328264
-4
-7
6
-1209
279
4129
1329289
0
-11
5
-1199
300
4138
1330314
-2
-6
6
-1190
290
4137
1331339
2
-6
6
-1178
303
4144
1332364
2
0
2
-1182
330
4147
1333389
-1
2
-1
-1206
302
4116
1334414
5
2
-9
-1199
313
4136
1335439
-1
3
-13
-1204
278
4118
1328256
-1
4
-15
-1199
284
4125
1329281
-6
6
-5
-1206
271
4110
1330306
-4
0
1
-1207
253
4096
1331331
4
-8
6
-1200
275
4125
1332356
2
-12
10
-1201
260
4114
1333381
12
-12
7
-1190
308
4174
1334406
-2
2
4
-1197
292
4160
1335431
2
9
-1
-1205
309
4149
1336456
1
14
-4
-1207
309
4128
1337481
-1
14
-7
-1205
300
4116
1338506
6
7
-8
-1206
278
4106
1339531
9
2
-6
-1208
277
4102
1340556
3
-1
1
-1219
264
4093
1341581
4
-5
8
-1220
251
4109
1342606
8
-12
14
-1214
281
4116
1343631
-1
-11
19
-1220
285
4129
1336447
-2
-11
19
-1206
312
4134
1337472
-6
-11
17
-1203
306
4122
1338497
0
-11
13
-1198
307
4123
1339522
0
-9
11
-1199
303
4136
1340547
3
-8
10
-1199
298
4148
1341572
9
-9
5
-1199
295
4129
1342597
13
-8
1
-1202
295
4132
1343622
15
-8
-4
-1204
299
4134
1344647
7
-8
-7
-1184
329
4116
1345672
-6
-5
-6
-1218
311
4103
1346697
1
-18
-14
-1203
346
4075
1347722
-3
-28
-23
-1214
375
4025
1348747
-12
-47
-40
-1209
374
3999
1349772
-11
-68
-60
-1200
308
4027
1350797
42
-94
-73
-1176
237
4109
1351822
87
-89
-63
-1179
170
4155
1344640
164
-79
-43
-1193
153
4150
1345665
211
-53
-18
-1196
182
4187
1346690
59
-7
5
-1188
413
4381
1347715
-108
75
23
-1179
254
4305
1348740
-25
70
54
-1217
356
4321
1349765
-143
50
24
-1178
552
4335
1350790
-447
129
-31
-965
224
4360
1351815
-185
108
77
-1056
31
4186
1352840
232
-52
146
-1362
399
3759
1353865
-12
-95
14
-1266
517
3439
1354890
-100
-56
-23
-1211
-33
3610
1355915
246
-154
18
-1288
152
4004
1356940
250
-122
4
-1135
431
4527
1357965
57
44
24
-1178
466
4901
1358990
-64
95
67
-1235
471
4363
1360015
-62
113
23
-1146
290
3938
1352832
-1
80
-3
-1036
321
4064
1353857
-42
66
-1
-1097
303
4161
1354882
-51
40
0
-1204
261
4091
1355907
-1
4
1
-1251
293
4036
1356932
22
-16
1
-1264
317
4066
1357957
11
-29
5
-1256
299
4086
1358982
4
-32
15
-1233
290
4122
1360007
0
-34
26
-1214
322
4132
1361032
-1
-38
26
-1198
314
4088
1362057
9
-41
18
-1159
315
4107
1363082
-1
-34
14
-1148
347
4138
1364107
-21
-27
12
-1175
312
4103
1365132
4
-26
2
-1177
340
4163
1366157
2
-11
2
-1189
350
4199
1367182
-16
4
-1
-1190
298
4169
1368207
7
3
-8
-1166
281
4131
1361023
29
3
-7
-1169
307
4118
1362048
4
16
-9
-1181
302
4162
1363073
4
20
-6
-1202
276
4127
1364098
26
13
-5
-1205
313
4116
1365123
0
22
-2
-1199
334
4109
1366148
-18
22
0
-1203
292
4066
1367173
13
3
-1
-1191
314
4092
1368198
9
-3
4
-1188
338
4097
1369223
-2
-3
3
-1202
318
4102
1370248
5
-7
0
-1197
345
4142
1371273
-5
-2
0
-1197
310
4116
1372298
1
-3
-3
-1196
308
4126
1373323
-5
-8
-1
-1202
311
4109
1374348
-13
-4
-2
-1212
295
4131
1375373
-14
0
1
-1200
292
4124
1376398
-1
-7
7
-1203
281
4090
1369216
15
-14
8
-1190
304
4098
1370241
28
-19
8
-1183
306
4098
1371266
18
-12
4
-1193
378
4211
1372291
-35
18
0
-1210
326
4208
1373316
-1
18
-4
-1209
290
4138
1374341
23
5
-7
-1182
339
4100
1375366
0
6
-8
-1176
315
4090
1376391
0
0
-5
-1183
331
4109
1377416
-9
-6
0
-1209
312
4084
1378441
-4
-12
-1
-1204
299
4099
1379466
3
-22
-1
-1198
314
4094
1380491
2
-25
-1
-1204
316
4112
1381516
-6
-25
2
-1211
333
4143
1382541
-12
-18
3
-1230
302
4141
1383566
-1
-16
-1
-1201
319
4161
1384591
-2
-7
0
-1177
324
4160
1377409
4
-3
1
-1162
329
4145
1378434
1
6
-2
-1161
346
4152
1379459
0
10
-8
-1182
325
4143
1380484
9
12
-14
-1193
323
4135
1381509
6
13
-17
-1202
302
4110
1382534
7
12
-18
-1199
300
4124
1383559
8
16
-15
-1199
307
4126
1384584
7
20
-10
-1198
322
4140
1385609
9
20
-7
-1191
316
4104
1386634
12
15
-9
-1181
347
4141
1387659
11
21
-14
-1187
337
4153
1388684
35
20
-22
-1215
369
4178
1389709
37
29
-42
-1225
375
4143
1390734
7
47
-57
-1238
368
4141
1391759
2
55
-57
-1250
295
4127
1392784
18
47
-53
-1246
305
4096
1385599
10
46
-46
-1241
285
4051
1386624
-6
35
-32
-1254
246
4020
1387649
-4
12
-12
-1245
225
4033
1388674
7
-11
7
-1265
261
4044
1389699
2
-24
17
-1261
288
4073
1390724
0
-31
24
-1255
305
4105
1391749
5
-35
25
-1240
330
4128
1392774
-4
-26
21
-1221
349
4150
1393799
-8
-13
16
-1216
360
4166
1394824
-9
0
9
-1213
351
4137
1395849
0
6
3
-1207
348
4124
1396874
5
5
-1
-1231
350
4111
1397899
-2
5
-5
-1230
317
4100
1398924
5
-1
-5
-1242
302
4092
1399949
9
-12
-6
-1255
293
4073
1400974
1
-28
-4
-1253
293
4060
1393792
-1
-40
2
-1250
283
4068
1394817
11
-49
6
-1237
302
4125
1395842
27
-57
7
-1231
310
4107
1396867
76
-62
2
-1217
329
4077
1397892
111
-40
-5
-1188
379
4069
1398917
85
11
3
-1227
355
4157
1399942
-44
62
16
-1213
427
4397
1400967
-202
84
26
-1274
456
4393
1401992
-284
83
-42
-1236
449
4242
1403017
-329
180
-12
-1046
-5
4269
1404042
-122
159
160
-1110
-134
4228
1405067
269
-7
169
-1460
439
3965
1406092
-278
53
28
-1258
264
3556
1407117
-196
69
69
-1387
47
3416
1408142
251
-40
70
-1325
338
3828
1409167
226
11
63
-1158
300
4613
1401984
-34
122
113
-1218
332
5034
1403009
19
120
150
-1393
409
4428
1404034
111
52
94
-1316
595
3692
1405059
33
14
20
-1154
556
3627
1406084
5
-32
-26
-1129
418
3993
1407109
50
-92
-32
-1225
323
4157
1408134
94
-135
-27
-1321
255
4005
1409159
145
-158
-31
-1326
296
3958
1410184
76
-136
-24
-1316
326
4125
1411209
-3
-99
-8
-1287
271
4271
1412234
9
-74
7
-1259
293
4293
1413259
8
-60
18
-1264
341
4108
1414284
55
-74
12
-1212
303
3908
1415309
94
-77
10
-1156
352
4057
1416334
32
-55
14
-1154
423
4283
1417359
-21
-18
19
-1197
385
4267
1410176
-14
5
13
-1222
374
4122
1411201
7
17
-4
-1228
432
4128
1412226
-13
17
-19
-1217
398
4088
1413251
-17
10
-34
-1200
366
4074
1414276
-12
-1
-36
-1205
392
4071
1415301
-7
-12
-29
-1207
353
4079
1416326
7
-21
-16
-1221
347
4108
1417351
2
-22
-3
-1232
335
4121
1418376
-3
-26
9
-1230
319
4100
1419401
18
-29
13
-1209
336
4120
1420426
12
-27
16
-1199
365
4135
1421451
-4
-16
11
-1187
376
4134
1422476
0
-10
4
-1197
399
4138
1423501
-4
-4
-1
-1210
400
4136
1424526
4
-8
-10
-1209
378
4112
1425551
20
-12
-16
-1189
383
4119
1418368
14
-3
-17
-1185
374
4152
1419393
7
10
-13
-1187
353
4156
1420418
11
18
-10
-1211
362
4118
1421443
13
20
-10
-1220
372
4100
1422468
7
19
-13
-1230
375
4081
1423493
2
13
-19
-1233
351
4076
1424518
7
2
-18
-1246
342
4091
1425543
-3
-8
-9
-1244
305
4048
1426568
0
-13
0
-1231
320
4092
1427593
-11
-11
15
-1223
346
4127
1428618
-11
-10
24
-1220
353
4110
1429643
0
-12
24
-1199
410
4123
1430668
-9
-5
21
-1204
402
4111
1431693
-1
-7
6
-1195
404
4115
1432718
8
-11
-7
-1197
400
4106
1433743
7
-6
-17
-1202
390
4149
1426560
-5
5
-19
-1211
364
4154
1427585
1
8
-15
-1213
349
4103
1428610
8
3
-6
-1213
356
4094
1429635
8
-2
-1
-1211
345
4094
1430660
12
-6
0
-1224
365
4107
1431685
7
-6
0
-1234
376
4115
1432710
1
-10
1
-1220
378
4116
1433735
-3
-7
3
-1212
371
4118
1434760
5
-6
2
-1209
375
4144
1435785
13
1
2
-1210
371
4146
1436810
17
9
-1
-1199
354
4156
1437835
17
22
-3
-1202
369
4143
1438860
26
33
-7
-1213
387
4162
1439885
51
34
-26
-1226
425
4166
1440910
46
41
-45
-1192
464
4147
1441935
27
58
-56
-1214
469
4093
1434752
14
59
-69
-1240
463
4086
1435777
20
50
-88
-1262
442
4057
1436802
24
35
-109
-1276
460
4014
1437827
12
27
-131
-1230
361
4087
1438852
26
18
-122
-1217
317
4099
1439877
38
18
-91
-1245
261
4084
1440902
38
23
-59
-1279
273
4102
1441927
26
33
-32
-1312
306
4110
1442952
27
33
-13
-1337
320
4051
1443977
13
27
0
-1311
362
4047
1445002
1
28
11
-1301
363
4065
1446027
14
14
16
-1264
389
4061
1447052
14
5
19
-1249
417
4039
1448077
4
-1
18
-1259
435
4052
1449102
10
-11
10
-1270
445
4045
1450127
9
-17
2
-1263
433
4088
1442944
-3
-10
-1
-1281
412
4143
1443969
-9
-2
-7
-1293
384
4116
1444994
-12
-3
-8
-1297
370
4085
1446019
2
-16
-4
-1300
350
4053
1447044
17
-22
-4
-1299
372
4003
1448069
39
-30
-13
-1276
339
3873
1449094
105
-26
-28
-1288
349
3798
1450119
203
-39
-51
-1305
386
3740
1451144
133
-23
-65
-1305
415
4052
1452169
11
28
-58
-1289
372
4402
1453194
14
54
-48
-1242
496
4535
1454219
3
111
-35
-1265
560
4551
1455244
-87
141
-35
-1330
707
4371
1456269
-280
173
-65
-1288
538
4226
1457294
-584
207
-88
-1093
321
4313
1458319
-308
134
-19
-1096
-181
4052
1451135
488
-130
27
-1574
605
3577
1452160
5
-148
-51
-1379
326
3129
1453185
-128
-129
-42
-1397
-3
3376
1454210
88
-149
-20
-1340
290
4202
1455235
-100
-55
50
-1318
221
4886
1456260
-152
9
130
-1433
331
4781
1457285
-46
23
120
-1427
497
4151
1458310
42
23
74
-1248
415
4006
1459335
17
-8
51
-1142
442
3982
1460360
-52
-31
27
-1107
430
3995
1461385
-72
-41
12
-1201
339
3975
1462410
-3
-76
-8
-1286
358
4007
1463435
6
-92
-13
-1328
302
3987
1464460
20
-86
-8
-1349
230
4052
1465485
88
-88
2
-1354
296
4142
1466510
115
-67
16
-1313
331
4193
1459328
97
-33
30
-1282
371
4229
1460353
25
-9
45
-1262
409
4165
1461378
-18
-8
46
-1229
359
4003
1462403
4
-22
38
-1205
387
3976
1463428
6
-32
28
-1202
412
4055
1464453
-1
-39
22
-1236
434
4128
1465478
-8
-43
14
-1269
439
4120
1466503
-14
-39
7
-1280
413
4106
1467528
-7
-38
-4
-1256
377
4114
1468553
8
-37
-12
-1224
334
4109
1469578
7
-35
-8
-1202
357
4129
1470603
-12
-19
5
-1223
357
4124
1471628
-4
-23
12
-1242
342
4085
1472653
23
-36
0
-1203
354
4050
1473678
44
-35
-5
-1215
407
4016
1474703
13
-34
2
-1260
443
4083
1467521
-3
-40
7
-1281
398
4125
1468546
-8
-55
1
-1273
377
4072
1469571
-14
-62
-13
-1215
304
4074
1470596
29
-69
-13
-1164
315
4143
1471621
29
-66
-2
-1151
352
4208
1472646
-25
-40
13
-1180
330
4183
1473671
-40
-34
19
-1201
335
4072
1474696
-30
-35
19
-1235
349
4047
1475721
-17
-39
14
-1231
407
4136
1476746
-43
-34
15
-1203
414
4127
1477771
-54
-35
13
-1175
412
4070
1478796
-47
-47
9
-1175
399
4053
1479821
-35
-64
-3
-1154
382
4081
1480846
-20
-66
-12
-1134
387
4162
1481871
-32
-55
-14
-1141
357
4211
1482896
-31
-41
-14
-1168
320
4186
1475711
-12
-32
-19
-1160
323
4170
1476736
-4
-18
-22
-1145
338
4202
1477761
-17
-2
-15
-1152
346
4152
1478786
-15
7
-15
-1163
345
4137
1479811
2
0
-17
-1158
367
4134
1480836
4
-6
-20
-1148
351
4112
1481861
10
-8
-24
-1151
335
4120
1482886
15
-12
-24
-1157
326
4107
1483911
7
-8
-24
-1171
328
4132
1484936
-11
-5
-15
-1183
300
4112
1485961
-4
-6
-7
-1176
289
4132
1486986
4
-9
5
-1157
311
4133
1488011
6
-10
14
-1155
337
4123
1489036
12
-12
16
-1146
362
4124
1490061
12
-9
12
-1170
373
4139
1491086
12
-6
-4
-1161
382
4151
1483905
10
-4
-15
-1149
375
4140
1484930
-1
3
-19
-1152
352
4151
1485955
-1
8
-19
-1144
343
4132
1486980
-2
11
-11
-1153
323
4112
1488005
0
9
-1
-1161
320
4096
1489030
15
3
6
-1163
354
4107
1490055
10
1
13
-1157
360
4100
1491080
12
-2
15
-1174
327
4097
1492105
23
-10
9
-1169
386
4143
1493130
-8
-2
8
-1176
370
4145
1494155
-16
-3
7
-1175
346
4113
1495180
3
-10
4
-1164
352
4104
1496205
4
-11
4
-1149
374
4140
1497230
-20
0
5
-1146
362
4155
1498255
-1
-1
5
-1157
369
4090
1499280
30
-6
-1
-1148
393
4001
1492096
20
6
-1
-1169
378
4055
1493121
-47
17
-4
-1205
362
4117
1494146
-178
33
-7
-1183
374
4165
1495171
-268
71
1
-1224
247
3983
1496196
-156
63
-5
-1226
238
3884
1497221
-164
64
-16
-1211
228
3945
1498246
-139
21
0
-1246
182
4037
1499271
-54
-52
13
-1208
227
4120
1500296
-23
-93
25
-1112
288
4328
1501321
-20
-99
54
-1117
346
4395
1502346
-114
-76
75
-1186
363
4510
1503371
-264
5
40
-1155
139
4848
1504396
-341
75
43
-1016
66
4554
1505421
184
-31
123
-983
172
3966
1506446
257
-134
126
-1356
813
3517
1507471
-357
-3
-28
-1106
-58
3362
1500287
-31
-67
-28
-1206
14
3758
1501312
210
-87
-43
-1142
265
4280
1502337
100
37
-33
-1018
264
5106
1503362
-108
123
60
-1296
401
4697
1504387
-164
132
22
-1282
387
4014
1505412
-177
117
-22
-1103
255
3912
1506437
-161
92
-29
-1083
144
4019
1507462
-69
44
-35
-1095
142
4153
1508487
20
4
-27
-1151
178
4131
1509512
97
-27
-31
-1183
172
4018
1510537
137
-32
-31
-1207
173
4065
1511562
103
-28
-20
-1240
158
4045
1512587
111
-30
-10
-1235
148
4059
1513612
139
-27
11
-1231
243
4185
1514637
83
-14
29
-1237
261
4165
1515662
56
-12
35
-1202
204
4087
1508480
124
-24
31
-1148
283
4136
1509505
146
-45
30
-1120
267
4034
1510530
192
-57
20
-1126
207
4037
1511555
218
-59
19
-1139
371
4196
1512580
84
-20
25
-1184
348
4216
1513605
9
12
21
-1192
291
4214
1514630
33
22
24
-1184
335
4203
1515655
23
34
26
-1180
320
4114
1516680
32
33
17
-1154
320
4093
1517705
42
27
17
-1143
360
4103
1518730
21
30
21
-1163
353
4105
1519755
23
26
18
-1172
369
4117
1520780
16
20
16
-1193
373
4083
1521805
13
15
8
-1199
363
4063
1522830
16
8
6
-1194
387
4094
1523855
2
8
11
-1204
354
4084
1516672
13
1
15
-1202
353
4123
1517697
12
-3
20
-1201
356
4127
1518722
0
-2
24
-1197
332
4099
1519747
-3
4
19
-1204
326
4136
1520772
-3
-4
14
-1191
316
4096
1521797
9
-10
8
-1167
300
4095
1522822
4
-7
12
-1158
373
4156
1523847
-26
12
18
-1194
330
4130
1524872
0
9
10
-1194
375
4139
1525897
0
12
5
-1199
393
4108
1526922
-9
13
1
-1192
367
4085
1527947
4
4
1
-1191
360
4088
1528972
5
-4
6
-1203
340
4104
1529997
-2
-8
7
-1201
320
4100
1531022
10
-9
3
-1194
354
4154
1532047
-5
1
1
-1206
361
4136
1524864
-28
11
2
-1207
325
4106
1525889
-9
9
4
-1190
307
4128
1526914
11
2
8
-1173
360
4126
1527939
-3
7
8
-1175
360
4101
1528964
-2
10
1
-1196
375
4117
1529989
1
6
-4
-1203
388
4103
1531014
-2
4
-10
-1207
378
4095
1532039
-2
5
-8
-1209
367
4112
1533064
-4
4
-6
-1227
346
4087
1534089
-3
-6
-5
-1219
318
4061
1535114
-3
-9
-2
-1212
309
4116
1536139
-10
-10
3
-1206
314
4112
1537164
-11
-11
5
-1200
303
4100
1538189
-4
-16
6
-1181
339
4107
1539214
-6
-19
7
-1185
338
4100
1540239
0
-21
5
-1187
363
4150
1533056
2
-15
0
-1181
371
4160
1534081
8
-7
-8
-1198
372
4133
1535106
8
-2
-16
-1208
363
4128
1536131
8
0
-19
-1207
342
4122
1537156
20
-1
-21
-1191
336
4124
1538181
26
-2
-23
-1185
337
4122
1539206
10
-2
-26
-1189
339
4094
1540231
-13
0
-26
-1211
324
4078
1541256
-14
-9
-17
-1217
299
4081
1542281
-3
-22
-5
-1211
314
4085
1543306
0
-26
8
-1207
327
4118
1544331
-4
-23
14
-1209
338
4127
1545356
-5
-22
15
-1180
347
4127
1546381
-4
-15
16
-1172
356
4158
1547406
-4
-9
11
-1178
359
4144
1548431
-8
-3
3
-1185
359
4124
1541247
-5
2
0
-1187
346
4133
1542272
-2
5
0
-1192
336
4131
1543297
-4
6
1
-1197
332
4125
1544322
-4
6
3
-1198
326
4104
1545347
-3
4
7
-1184
338
4098
1546372
-3
11
12
-1193
338
4040
1547397
26
6
15
-1208
360
3996
1548422
9
-2
11
-1188
411
4126
1549447
-37
13
7
-1205
339
4192
1550472
22
-3
8
-1219
310
3974
1551497
104
-26
4
-1179
356
3945
1552522
45
-8
2
-1192
367
4132
1553547
-14
17
1
-1219
306
4161
1554572
88
4
4
-1219
313
4225
1555597
117
-3
-3
-1181
456
4255
1556622
66
12
10
-1212
439
4161
1549440
-15
7
10
-1305
487
4185
1550465
-252
20
-86
-1093
465
4542
1551490
-506
112
-21
-1022
131
4322
1552515
117
-69
106
-1114
224
3760
1553540
172
-208
35
-1337
899
3694
1554565
-417
-102
-126
-1111
-98
3543
1555590
8
-224
-90
-1378
-135
3533
1556615
394
-293
-126
-1059
307
4410
1557640
-32
-21
-12
-993
291
5495
1558665
-360
171
129
-1527
399
4488
1559690
-360
146
43
-1304
490
3624
1560715
-368
152
18
-1019
75
3889
1561740
-190
103
56
-1063
46
4211
1562765
25
6
63
-1042
316
4150
1563790
23
-22
65
-1097
391
3976
1564815
-36
-25
57
-1184
374
4017
1557632
-15
-42
41
-1242
311
4025
1558657
112
-74
13
-1232
273
4088
1559682
236
-90
-2
-1184
315
4218
1560707
263
-73
-8
-1185
283
4202
1561732
253
-54
-13
-1161
317
4248
1562757
138
-28
-10
-1129
364
4238
1563782
-9
-1
-1
-1118
298
4119
1564807
-16
12
2
-1115
219
4126
1565832
25
1
8
-1148
284
4176
1566857
41
-3
12
-1168
315
4160
1567882
62
-8
16
-1176
327
4105
1568907
75
-19
15
-1182
317
4049
1569932
114
-34
12
-1167
340
4054
1570957
99
-32
10
-1133
362
4128
1571982
38
-22
13
-1117
397
4193
1573007
-9
-11
18
-1140
375
4158
1565824
-10
-8
19
-1156
385
4085
1566849
-11
-8
17
-1175
363
4073
1567874
-7
-11
13
-1184
370
4130
1568899
-6
-8
11
-1163
364
4172
1569924
7
-6
9
-1116
358
4169
1570949
6
6
12
-1110
370
4163
1571974
-2
15
10
-1129
337
4133
1572999
12
12
4
-1147
325
4116
1574024
15
5
-3
-1138
316
4111
1575049
9
6
-5
-1139
321
4144
1576074
3
14
2
-1155
332
4159
1577099
6
22
8
-1155
355
4172
1578124
14
25
11
-1168
382
4125
1579149
13
26
9
-1172
383
4085
1580174
13
24
7
-1163
398
4119
1581199
4
25
8
-1156
374
4124
1574017
2
21
11
-1160
358
4104
1575042
-6
19
15
-1180
337
4077
1576067
-18
15
23
-1200
324
4091
1577092
-19
1
34
-1193
312
4112
1578117
-29
-13
49
-1175
278
4043
1579142
-19
-37
57
-1159
282
3968
1580167
-10
-54
75
-1176
305
4064
1581192
-22
-56
102
-1188
327
4214
1582217
-33
-43
119
-1184
346
4236
1583242
-21
-37
111
-1152
387
4172
1584267
9
-30
85
-1095
388
4147
1585292
10
-26
64
-1099
416
4106
1586317
-28
-9
48
-1114
381
4144
1587342
-17
-10
45
-1117
358
4168
1588367
19
-17
40
-1146
377
4153
1589392
25
-21
30
-1135
420
4150
1582208
-14
-5
32
-1155
351
4091
1583233
-6
-10
32
-1138
347
4130
1584258
5
-15
38
-1133
371
4161
1585283
-5
-11
42
-1129
397
4153
1586308
-34
0
47
-1129
395
4119
1587333
-44
5
45
-1127
381
4117
1588358
-30
0
45
-1106
409
4153
1589383
-27
3
44
-1115
408
4140
1590408
-29
5
36
-1138
409
4108
1591433
-74
3
21
-1150
421
4095
1592458
-120
9
12
-1160
372
4112
1593483
-110
4
10
-1149
304
4135
1594508
-70
-8
17
-1130
302
4138
1595533
-49
-15
30
-1117
323
4119
1596558
-51
-9
36
-1112
287
4147
1597583
-22
-11
41
-1114
285
4168
1590399
-7
-13
37
-1104
333
4174
1591424
-9
-2
33
-1115
317
4140
1592449
0
-2
28
-1112
314
4157
1593474
14
-6
25
-1116
327
4167
1594499
25
-7
24
-1127
346
4176
1595524
18
-1
23
-1135
332
4132
1596549
25
-1
23
-1131
293
4146
1597574
30
-2
34
-1139
304
4135
1598599
35
-6
45
-1123
310
4147
1599624
40
-5
49
-1120
346
4165
1600649
34
-2
45
-1107
358
4120
1601674
26
1
44
-1105
357
4100
1602699
20
2
44
-1121
361
4102
1603724
25
2
41
-1133
376
4140
1604749
28
-4
40
-1140
401
4164
1605774
24
-6
38
-1142
392
4155
1598592
18
-5
32
-1125
372
4115
1599617
13
0
29
-1107
369
4124
1600642
8
4
20
-1098
350
4152
1601667
20
0
14
-1094
390
4173
1602692
12
8
14
-1099
366
4140
1603717
18
10
13
-1107
364
4139
1604742
19
12
18
-1137
356
4119
1605767
19
6
25
-1139
356
4104
1606792
6
5
35
-1152
352
4083
1607817
-9
-5
39
-1155
356
4037
1608842
-31
-16
42
-1161
350
4046
1609867
-11
-38
52
-1111
353
4142
1610892
17
-13
76
-1074
436
4149
1611917
-34
52
56
-1114
521
4177
1612942
-66
24
45
-1293
388
4180
1613967
25
-119
2
-1104
426
4189
1606784
24
-60
-9
-1006
418
4158
1607809
-5
10
14
-1099
351
4121
1608834
9
-21
33
-1116
327
4115
1609859
7
-22
23
-1096
343
4117
1610884
-6
-2
25
-1102
336
4115
1611909
-4
-3
33
-1094
359
4124
1612934
-15
19
40
-1075
400
4161
1613959
-23
31
51
-1045
459
4136
1614984
-28
38
136
-1126
395
4148
1616009
-50
52
67
-1162
393
4166
1617034
-33
52
50
-1025
448
4154
1618059
-54
97
121
-1154
379
4150
1619084
-45
63
101
-1171
368
4125
1620109
-13
12
73
-1198
310
4097
1621134
52
-60
59
-1294
276
4112
1622159
46
-104
-222
-1289
232
4086
1614976
59
-77
-176
-753
636
4091
1616001
-55
68
106
-1160
310
4130
1617026
-15
29
123
-1046
402
4162
1618051
24
-9
187
-1170
401
4151
1619076
2
-20
-22
-1400
293
4191
1620101
-33
0
-243
-873
538
4158
1621126
-47
52
20
-1180
340
4108
1622151
-37
70
-24
-1089
385
4130
1623176
-48
103
-13
-1129
359
4144
1624201
-34
88
24
-1166
346
4124
1625226
-17
44
12
-1194
391
4102
1626251
-12
13
46
-1141
281
4105
1627276
21
-11
98
-1117
384
4118
1628301
-3
11
98
-1133
398
4101
1629326
-48
63
53
-1137
386
4119
1630351
