Device = VHR-0009
time_stamp = 1780033456628
sample_rate = 50
Data format = INT16
TYPE = 6-AXIS IMU RAW DATA
-22
7
-1
1570
-19
3879
1852544
-13
13
-1
1570
3
3888
1853569
-16
11
1
1559
8
3898
1854594
-17
11
3
1563
7
3893
1855619
-14
9
5
1570
-8
3904
1856644
-5
8
8
1567
3
3899
1857669
-5
7
11
1558
-13
3882
1858694
-3
10
12
1554
-3
3888
1859719
-9
9
8
1549
-12
3894
1860744
-6
8
5
1543
-24
3913
1861769
-2
9
4
1555
-13
3914
1862794
-6
5
5
1545
-10
3924
1863819
-7
-1
5
1532
-10
3906
1864844
-10
-2
3
1546
-1
3899
1865869
-24
-6
0
1553
-27
3896
1866894
-26
-5
0
1545
-36
3895
1867919
-10
-4
3
1541
-31
3905
1860736
-4
-2
3
1551
-16
3910
1861761
-15
-3
2
1560
5
3908
1862786
-36
-7
0
1562
7
3905
1863811
-37
-18
0
1554
-20
3923
1864836
-8
-19
4
1556
-5
3919
1865861
8
-18
9
1547
12
3896
1866886
-2
-22
14
1552
-8
3901
1867911
-5
-24
21
1553
-35
3899
1868936
0
-22
24
1554
-46
3882
1869961
4
-17
20
1566
-47
3865
1870986
1
-15
15
1573
-35
3873
1872011
-7
-12
9
1588
-26
3870
1873036
-13
-6
4
1577
-30
3869
1874061
-16
-4
-2
1571
-45
3882
1875086
-13
-2
-6
1569
-32
3888
1876111
-8
0
-7
1568
-27
3888
1868929
-7
2
-7
1557
-14
3892
1869954
-14
0
-5
1554
-10
3899
1870979
-18
-3
-1
1564
-18
3901
1872004
-10
-5
4
1566
-17
3908
1873029
-5
-6
6
1561
-9
3908
1874054
-9
-8
9
1562
-13
3902
1875079
-16
-12
12
1567
-32
3893
1876104
-10
-12
11
1569
-38
3885
1877129
-9
-7
10
1564
-51
3868
1878154
-11
-4
5
1577
-48
3874
1879179
-10
-1
3
1571
-43
3881
1880204
-11
5
2
1568
-41
3869
1881229
-13
6
-3
1572
-45
3888
1882254
-18
6
-10
1569
-59
3894
1883279
-16
8
-10
1557
-49
3886
1884304
-18
7
-6
1558
-30
3905
1877120
-18
5
-5
1573
-38
3913
1878145
-13
5
-5
1559
-36
3900
1879170
-13
0
-6
1561
-17
3896
1880195
-14
-3
-5
1564
-35
3903
1881220
-4
-2
-2
1551
-34
3906
1882245
6
-1
2
1546
-21
3905
1883270
0
-2
11
1541
-30
3898
1884295
-7
-4
14
1549
-49
3887
1885320
-9
-1
10
1569
-54
3893
1886345
-11
-2
3
1583
-64
3884
1887370
-8
0
2
1568
-53
3872
1888395
-16
1
-1
1561
-44
3887
1889420
-17
3
-5
1557
-57
3893
1890445
-14
7
-10
1547
-49
3893
1891470
-12
5
-10
1553
-35
3900
1892495
-9
1
-7
1556
-42
3909
1885312
-1
1
-2
1552
-32
3915
1886337
-7
1
1
1561
-20
3905
1887362
-13
-3
4
1566
-45
3891
1888387
-9
0
8
1559
-79
3883
1889412
9
16
12
1568
-76
3840
1890437
28
59
18
1558
-157
3638
1891462
171
90
39
1509
-127
3720
1892487
257
86
43
1544
120
4042
1893512
75
-10
26
1544
-30
4208
1894537
-58
-79
-44
1692
-138
4011
1895562
-11
-33
-17
1572
-42
3741
1896587
-34
-46
8
1479
78
3920
1897612
-108
-95
-4
1515
-88
4087
1898637
-17
-61
-12
1512
-23
4025
1899662
6
-68
-9
1478
32
3997
1900687
1
-90
-2
1565
33
3851
1893504
15
-83
20
1583
67
3882
1894529
-14
-79
15
1609
-22
3856
1895554
29
-41
0
1620
-19
3729
1896579
48
-24
-1
1585
25
3810
1897604
23
-26
-6
1603
20
3887
1898629
5
-13
-5
1590
7
3911
1899654
-29
-18
-7
1560
-37
3923
1900679
-24
-1
-15
1596
-44
3755
1901704
0
27
-9
1572
0
3781
1902729
-22
28
-8
1589
-24
3868
1903754
-29
31
-9
1593
-29
3915
1904779
-9
22
-9
1607
16
3992
1905804
-54
20
-20
1587
45
3991
1906829
-145
17
-34
1605
-31
3848
1907854
-299
114
-114
1625
-102
3911
1908879
-369
113
-156
1725
-420
4125
1901696
-188
49
-40
1438
422
4745
1902721
168
-79
-11
904
-515
3799
1903746
-369
66
-134
1843
719
3052
1904771
-589
-67
117
1787
-455
3027
1905796
357
128
132
1641
-1016
3465
1906821
769
233
137
1504
466
4518
1907846
-39
-55
-7
1508
239
4723
1908871
-411
-223
-67
1808
-249
3655
1909896
-136
-83
21
1485
119
3592
1910921
-242
-61
-12
1281
-94
4065
1911946
-401
-84
-71
1560
-252
4168
1912971
-343
-90
-46
1579
-205
4090
1913996
-192
-99
-18
1612
-124
3922
1915021
-25
-102
27
1583
-213
3766
1916046
116
-67
25
1581
-276
3677
1917071
196
-16
-1
1625
-216
3720
1909887
199
5
-3
1668
-145
3810
1910912
138
3
6
1672
-122
3855
1911937
98
2
15
1613
-175
3851
1912962
87
16
-1
1572
-235
3804
1913987
101
40
-19
1557
-235
3801
1915012
123
45
-28
1591
-170
3892
1916037
139
38
-22
1607
-86
3978
1917062
93
25
-14
1589
-4
4023
1918087
3
-9
-12
1592
-17
3993
1919112
-29
-30
-4
1574
-65
3922
1920137
-11
-32
3
1577
-65
3882
1921162
10
-30
13
1571
-68
3878
1922187
14
-24
20
1557
-82
3855
1923212
-4
-23
18
1601
-100
3838
1924237
-5
-19
18
1614
-148
3836
1925262
22
-5
15
1615
-123
3836
1918081
24
6
7
1612
-101
3848
1919106
-3
6
-3
1613
-98
3864
1920131
-12
7
-7
1598
-118
3872
1921156
-8
10
-11
1587
-105
3884
1922181
-13
9
-14
1581
-85
3897
1923206
-22
6
-13
1586
-79
3903
1924231
-20
3
-7
1583
-83
3890
1925256
-3
2
0
1581
-95
3898
1926281
13
2
4
1586
-79
3909
1927306
8
1
8
1575
-65
3895
1928331
-14
-4
3
1587
-97
3885
1929356
-17
-8
0
1599
-126
3892
1930381
1
-3
0
1599
-96
3878
1931406
-2
-5
4
1584
-98
3887
1932431
-5
-4
1
1600
-100
3885
1933456
-1
-3
0
1596
-88
3889
1926272
-9
-6
-3
1599
-71
3879
1927297
-16
-10
-2
1591
-86
3874
1928322
-3
-5
-1
1596
-90
3875
1929347
8
0
4
1589
-81
3867
1930372
9
0
8
1577
-84
3884
1931397
10
-2
16
1573
-94
3899
1932422
10
0
18
1579
-116
3887
1933447
12
15
11
1592
-135
3840
1934472
32
32
6
1593
-116
3832
1935497
37
35
5
1595
-67
3885
1936522
7
18
9
1605
-78
3913
1937547
-1
17
15
1591
-131
3870
1938572
47
29
15
1551
-139
3846
1939597
50
11
12
1572
-57
3940
1940622
-12
-38
19
1620
-75
3986
1941647
-17
-27
27
1567
-75
3902
1934463
2
-9
25
1544
-90
3776
1935488
40
4
44
1564
-20
3838
1936513
4
-14
30
1574
-49
3958
1937538
-36
-30
29
1625
-94
3945
1938563
-20
-10
36
1595
-110
3838
1939588
0
-4
13
1572
-91
3858
1940613
-17
-20
6
1579
-74
3946
1941638
-11
-27
15
1587
-52
3960
1942663
10
-21
17
1563
-40
3902
1943688
1
-10
7
1558
-87
3800
1944713
-25
0
3
1579
-80
3832
1945738
-32
-5
7
1596
-89
3915
1946763
-34
4
3
1587
-11
3968
1947788
-153
23
-11
1588
58
3932
1948813
-416
65
-76
1614
-28
3935
1949838
-550
54
-111
1616
-381
4125
1942656
-485
-22
-74
1648
-286
4133
1943681
-24
-125
13
1206
-291
3981
1944706
247
117
-138
1570
-158
3142
1945731
-507
210
77
1739
655
3071
1946756
-671
91
133
1545
-1245
3304
1947781
464
211
90
1726
-997
4109
1948806
917
224
49
1632
334
4732
1949831
291
4
2
1530
258
4389
1950856
-75
-87
-2
1466
-156
3932
1951881
-139
-71
0
1337
-160
3969
1952906
-260
-114
-26
1459
-253
4094
1953931
-260
-102
-36
1539
-301
4029
1954956
-168
-83
-27
1541
-205
3906
1955981
-97
-93
-19
1574
-204
3854
1957006
-19
-85
-6
1607
-222
3811
1958031
48
-44
10
1577
-183
3730
1950848
56
-13
19
1543
-212
3757
1951873
37
-6
12
1585
-253
3828
1952898
31
7
11
1599
-247
3858
1953923
34
15
15
1561
-252
3905
1954948
20
5
4
1564
-282
3950
1955973
6
-3
-8
1575
-266
3920
1956998
-1
-2
-16
1563
-240
3873
1958023
-22
-1
-27
1560
-250
3874
1959048
-36
-8
-37
1587
-259
3912
1960073
-15
-6
-33
1592
-191
3904
1961098
-9
-2
-22
1559
-160
3881
1962123
-16
-8
-21
1570
-158
3886
1963148
-15
-11
-16
1564
-186
3920
1964173
-17
-16
-9
1545
-225
3932
1965198
-11
-19
1
1548
-218
3923
1966223
-15
-23
4
1572
-216
3903
1959041
-15
-24
5
1585
-215
3874
1960066
-9
-22
1
1579
-242
3890
1961091
-2
-21
-9
1604
-245
3854
1962116
10
-7
-9
1585
-221
3855
1963141
-6
-7
-14
1583
-233
3872
1964166
-2
-1
-9
1570
-235
3866
1965191
0
3
-4
1556
-216
3875
1966216
-8
6
-4
1567
-202
3884
1967241
-15
5
-8
1578
-216
3901
1968266
-7
4
-9
1588
-198
3903
1969291
-1
0
-4
1579
-199
3900
1970316
-2
-4
1
1577
-207
3900
1971341
0
-4
3
1560
-210
3900
1972366
-4
-6
1
1562
-207
3894
1973391
-5
-7
1
1567
-219
3891
1974416
-2
-8
2
1578
-245
3893
1967232
14
-6
4
1580
-224
3900
1968257
12
-6
7
1577
-208
3898
1969282
7
-8
8
1578
-225
3886
1970307
8
-9
8
1579
-233
3892
1971332
14
-8
6
1575
-214
3893
1972357
10
-9
6
1561
-219
3899
1973382
-2
-15
3
1584
-220
3894
1974407
2
-16
3
1592
-218
3887
1975432
12
-12
4
1583
-211
3866
1976457
17
-8
4
1588
-192
3879
1977482
6
-7
6
1577
-197
3863
1978507
-5
-3
4
1575
-222
3871
1979532
-5
-1
-1
1589
-236
3870
1980557
4
2
-1
1572
-230
3898
1981582
10
1
1
1566
-209
3911
1982607
2
-3
1
1591
-201
3919
1975700
5
-8
3
1593
-197
3909
1976725
8
-1
5
1589
-189
3873
1977750
10
18
8
1583
-219
3809
1978775
62
57
13
1554
-303
3712
1979800
186
60
30
1547
-234
3806
1980825
157
0
43
1618
-66
4080
1981850
42
-42
24
1637
-260
4082
1982875
56
-35
8
1592
-208
3951
1983900
30
-34
4
1532
-78
3897
1984925
-96
-73
1
1526
-183
3893
1985950
-103
-77
-17
1549
-349
3877
1986975
-21
-39
-38
1611
-279
3789
1988000
42
0
-39
1595
-210
3772
1989025
-2
8
-49
1595
-109
3923
1990050
-92
-21
-45
1616
-167
3928
1991075
-36
-16
-28
1590
-197
3843
1983616
48
14
-35
1575
-48
3877
1984641
1
16
-36
1575
24
3899
1985666
-150
29
-30
1567
-51
3883
1986691
-209
56
-59
1680
-222
4028
1987716
-260
140
-53
1552
-206
4275
1988741
-546
-38
-22
1447
-177
4073
1989766
162
-183
-40
1349
-942
3391
1990791
681
281
-84
1844
491
3253
1991816
-41
250
247
1442
293
3348
1992841
-213
65
189
1562
-785
4114
1993866
-79
-20
84
1585
-277
5102
1994891
-491
-201
-83
1827
-272
4114
1995916
-415
-145
-34
1630
-259
3250
1996941
-240
-61
4
1273
-301
3838
1997966
-374
-102
-63
1512
-375
4198
1998991
-433
-119
-55
1580
-439
4064
1991808
-299
-92
-50
1608
-404
3826
1992833
-76
-61
-29
1641
-460
3681
1993858
162
-20
-8
1630
-416
3689
1994883
276
11
-8
1616
-331
3766
1995908
293
21
-13
1625
-342
3806
1996933
270
43
-12
1633
-281
3838
1997958
196
44
2
1592
-298
3854
1998983
137
36
9
1567
-358
3865
2000008
114
37
5
1576
-358
3897
2001033
109
34
-9
1590
-342
3949
2002058
96
28
-27
1612
-256
3971
2003083
53
13
-29
1579
-203
3960
2004108
-5
-7
-25
1564
-195
3945
2005133
-49
-22
-18
1569
-243
3905
2006158
-31
-29
-6
1563
-273
3896
2007183
7
-25
2
1570
-238
3890
1999999
13
-23
9
1566
-232
3876
2001024
2
-22
13
1579
-242
3847
2002049
-5
-15
17
1593
-280
3839
2003074
5
-9
15
1607
-310
3852
2004099
16
0
13
1613
-285
3856
2005124
8
5
8
1599
-284
3856
2006149
-1
6
0
1594
-283
3882
2007174
-8
8
-6
1581
-288
3893
2008199
-8
5
-9
1577
-277
3909
2009224
-2
2
-6
1578
-252
3905
2010249
0
-2
-3
1583
-238
3911
2011274
-5
-7
-1
1588
-246
3887
2012299
-2
-10
4
1584
-253
3892
2013324
1
-10
7
1583
-265
3877
2014349
9
-6
7
1588
-251
3889
2015374
-3
-10
5
1586
-281
3889
2008192
-2
-8
3
1590
-282
3874
2009217
5
-4
6
1583
-286
3870
2010242
1
-3
4
1604
-271
3881
2011267
-8
-3
1
1606
-284
3881
2012292
-9
-5
-4
1603
-269
3881
2013317
-6
-5
-6
1585
-254
3882
2014342
-7
-5
-5
1595
-244
3875
2015367
2
-3
0
1587
-242
3881
2016392
6
-3
4
1576
-253
3897
2017417
9
-2
12
1570
-261
3887
2018442
7
-3
14
1580
-289
3877
2019467
-4
-3
7
1597
-276
3889
2020492
-14
-7
2
1591
-275
3884
2021517
-16
-9
-5
1600
-294
3873
2022542
-13
-6
-8
1599
-271
3874
2023567
-13
-8
-6
1597
-272
3884
2016384
4
-2
-5
1577
-276
3870
2017409
21
17
-6
1567
-269
3841
2018434
45
38
-8
1558
-306
3795
2019459
65
35
-9
1601
-243
3857
2020484
18
-3
8
1599
-253
3952
2021509
0
-49
5
1642
-265
3985
2022534
33
-59
11
1612
-204
4001
2023559
14
-76
0
1575
-236
3982
2024584
-13
-78
-5
1572
-265
3877
2025609
26
-56
6
1549
-272
3769
2026634
38
-40
7
1590
-190
3792
2027659
-4
-41
15
1615
-193
3820
2028684
-5
-24
11
1640
-280
3768
2029709
115
0
17
1668
-224
3779
2030734
133
8
24
1620
-81
3944
2031759
-31
-18
3
1608
-239
3938
2024575
-70
-10
-6
1607
-316
3833
2025600
-55
13
-13
1594
-220
3839
2026625
-166
21
-37
1623
-240
3828
2027650
-201
81
-70
1711
-278
3649
2028675
-116
170
-97
1663
-417
3989
2029700
-132
68
-36
1474
-200
4701
2030725
114
-163
-2
1200
-401
4463
2031750
169
18
1
1904
470
3174
2032775
-21
83
257
1484
-345
2871
2033800
537
23
207
1481
-1039
3934
2034825
723
4
85
1647
2
4766
2035850
115
-167
-77
1846
-329
3618
2036875
82
-93
-38
1784
-114
3204
2037900
-87
14
10
1415
161
3972
2038925
-506
-46
-96
1645
-290
4125
2039950
-449
-13
-113
1643
-369
4090
2032769
-276
-20
-99
1541
-174
4073
2033794
-220
-70
-62
1568
-205
3861
2034819
-73
-50
-19
1592
-233
3730
2035844
118
8
-7
1586
-171
3753
2036869
216
47
4
1583
-131
3831
2037894
178
55
24
1629
-97
3856
2038919
70
44
49
1646
-181
3884
2039944
-16
23
49
1628
-359
3923
2040969
2
12
33
1653
-372
3932
2041994
34
14
13
1610
-343
3924
2043019
15
3
-15
1601
-298
3897
2044044
-6
-5
-23
1603
-223
3885
2045069
-34
-10
-21
1588
-192
3874
2046094
-50
-13
-19
1593
-210
3871
2047119
-24
-11
-14
1596
-197
3877
2048144
9
-6
-6
1598
-183
3880
2040960
21
0
-2
1582
-197
3865
2041985
11
-2
7
1578
-196
3870
2043010
-4
-8
10
1608
-218
3889
2044035
8
-11
11
1623
-255
3891
2045060
23
-9
13
1607
-256
3889
2046085
17
-10
9
1607
-250
3882
2047110
7
-10
0
1629
-234
3866
2048135
-12
-9
-7
1628
-233
3853
2049160
-21
-8
-10
1627
-226
3864
2050185
-12
-5
-10
1616
-200
3869
2051210
3
-2
-4
1609
-182
3873
2052235
10
6
4
1593
-185
3865
2053260
21
5
15
1588
-200
3876
2054285
26
3
23
1592
-212
3890
2055310
20
3
25
1585
-236
3880
2056335
20
0
19
1609
-220
3864
2049153
23
-2
14
1601
-219
3868
2050178
-1
-2
1
1604
-229
3865
2051203
-20
-4
-6
1627
-236
3867
2052228
-14
-1
-8
1617
-239
3865
2053253
-1
2
-9
1602
-215
3870
2054278
-5
4
-10
1589
-192
3873
2055303
-14
4
-7
1592
-201
3872
2056328
-9
9
-2
1599
-212
3878
2057353
3
22
5
1603
-210
3862
2058378
30
51
13
1595
-244
3807
2059403
95
86
17
1551
-255
3774
2060428
128
67
18
1588
-222
3851
2061453
56
22
20
1681
-108
4038
2062478
-66
-13
22
1621
-282
4022
2063503
-1
-16
13
1563
-235
3964
2064528
9
-31
-4
1544
-141
3937
2057344
-58
-53
-4
1552
-94
3972
2058369
-117
-58
8
1549
-153
3954
2059394
-67
-52
9
1564
-306
3743
2060419
71
9
15
1581
-166
3682
2061444
11
6
15
1600
-148
3841
2062469
-40
-11
6
1661
-277
3865
2063494
48
24
11
1616
-244
3845
2064519
72
45
12
1576
-174
3829
2065544
5
43
1
1584
-203
3870
2066569
-100
56
-29
1654
-141
3893
2067594
-132
125
-74
1724
-258
4128
2068619
-351
45
-97
1514
-345
4666
2069644
-151
-253
-96
1178
-556
4658
2070669
276
-74
-162
1659
122
3044
2071694
-18
-4
127
1673
513
2724
2072719
-127
134
149
1386
-737
3268
2065536
199
240
126
1733
-414
3944
2066561
216
140
94
1655
-90
4527
2067586
-154
-41
-6
1605
-260
4483
2068611
-281
-162
-33
1691
-473
3842
2069636
-76
-98
2
1527
-122
3744
2070661
-146
-88
-10
1434
-172
3958
2071686
-210
-101
-23
1515
-298
4024
2072711
-162
-103
-9
1537
-200
4001
2073736
-120
-103
-2
1582
-278
3874
2074761
-1
-77
13
1630
-358
3710
2075786
122
-24
25
1624
-330
3689
2076811
132
-2
21
1661
-338
3755
2077836
129
14
19
1687
-312
3824
2078861
106
24
11
1645
-312
3900
2079886
63
16
-7
1625
-338
3907
2080911
57
15
-14
1596
-283
3889
2073729
37
10
-17
1568
-236
3904
2074754
-8
1
-27
1590
-251
3904
2075779
-12
-1
-26
1595
-218
3893
2076804
-8
-1
-19
1593
-209
3894
2077829
-9
-4
-12
1610
-221
3894
2078854
3
-7
3
1609
-230
3866
2079879
11
-5
8
1601
-227
3861
2080904
0
-9
9
1599
-259
3872
2081929
6
-8
10
1598
-263
3880
2082954
-7
-8
12
1608
-267
3873
2083979
-15
-13
9
1636
-285
3864
2085004
6
-5
6
1620
-253
3858
2086029
-14
-5
-6
1611
-255
3868
2087054
-28
-5
-13
1621
-264
3856
2088079
-7
4
-9
1613
-246
3855
2089104
8
12
-1
1597
-225
3852
2081921
11
14
7
1588
-252
3883
2082946
13
18
12
1594
-267
3890
2083971
12
20
13
1600
-239
3904
2084996
-21
5
7
1616
-255
3927
2086021
-37
-5
-3
1612
-279
3887
2087046
-29
-3
-8
1610
-249
3865
2088071
-27
5
-11
1606
-243
3837
2089096
-27
9
-8
1601
-233
3858
2090121
-30
4
-5
1595
-262
3874
2091146
-10
7
-3
1582
-285
3861
2092171
13
15
-3
1582
-246
3870
2093196
-3
12
-2
1588
-259
3872
2094221
-7
11
1
1606
-262
3896
2095246
-2
8
5
1600
-282
3907
2096271
9
5
5
1604
-272
3899
2097296
9
3
7
1595
-257
3893
2090111
8
-2
8
1581
-279
3884
2091136
17
-1
5
1594
-253
3892
2092161
14
-5
7
1584
-230
3900
2093186
-1
-10
6
1582
-242
3886
2094211
-11
-7
4
1590
-275
3832
2095236
1
-1
2
1598
-260
3849
2096261
7
6
3
1590
-246
3876
2097286
-5
11
1
1585
-257
3875
2098311
-13
14
-5
1595
-289
3876
2099336
-5
22
-6
1599
-292
3867
2100361
19
41
1
1586
-303
3849
2101386
71
81
3
1570
-318
3776
2102411
165
76
18
1547
-317
3782
2103436
244
20
30
1646
-109
4006
2104461
122
-32
49
1640
52
4220
2105486
-73
-79
44
1550
-208
4078
2098304
-67
-79
35
1526
-224
3945
2099329
-75
-92
39
1491
-240
3958
2100354
-74
-106
33
1552
-334
3917
2101379
-6
-66
28
1592
-292
3783
2102404
19
-24
15
1604
-225
3660
2103429
-5
-4
9
1619
-245
3623
2104454
-30
14
-14
1649
-243
3790
2105479
-66
29
-37
1683
-215
3903
2106504
-175
62
-70
1630
-210
3964
2107529
-210
71
-100
1679
-261
4200
2108554
-398
28
-60
1571
-137
4024
2109579
-251
-84
-6
1368
-228
3959
2110604
286
22
-142
1310
-835
3438
2111629
128
162
37
1750
519
3628
2112654
-319
76
211
1653
-254
3601
2113679
83
96
141
1602
-1022
3788
2106497
361
85
66
1537
-90
4595
2107522
-275
-136
-38
1707
-235
4299
2108547
-292
-176
-11
1764
-418
3579
2109572
6
-54
46
1370
-171
3763
2110597
-100
-59
-19
1425
-251
3950
2111622
-187
-74
-25
1560
-320
3943
2112647
-120
-67
4
1580
-384
3937
2113672
16
-47
2
1621
-412
3862
2114697
129
-31
8
1665
-367
3788
2115722
166
-7
14
1649
-327
3766
2116747
146
8
4
1618
-376
3800
2117772
111
22
-8
1632
-361
3841
2118797
70
29
-13
1626
-335
3863
2119822
30
34
-16
1593
-338
3880
2120847
10
21
-26
1587
-350
3919
2121872
22
11
-33
1609
-258
3946
2114859
16
7
-23
1578
-227
3937
2115884
3
-4
-15
1569
-248
3915
2116909
6
-14
0
1581
-217
3928
2117934
-4
-27
17
1578
-266
3910
2118959
5
-28
27
1592
-306
3846
2119984
16
-19
26
1588
-303
3856
2121009
0
-19
15
1606
-305
3853
2122034
-10
-10
8
1616
-311
3822
2123059
-8
1
4
1608
-316
3817
2124084
3
14
-3
1612
-318
3828
2125109
11
26
-9
1609
-304
3850
2126134
13
26
-14
1602
-294
3891
2127159
5
21
-14
1588
-281
3919
2128184
-3
11
-12
1581
-275
3932
2129209
-9
0
-6
1576
-266
3927
2130234
-12
-10
1
1578
-264
3910
2122880
-8
-16
9
1585
-273
3893
2123905
3
-15
15
1583
-287
3877
2124930
9
-12
15
1593
-293
3861
2125955
8
-11
14
1603
-296
3863
2126980
6
-7
11
1595
-302
3870
2128005
0
-5
3
1606
-303
3864
2129030
-10
-5
-2
1614
-306
3855
2130055
-6
-3
-6
1610
-297
3870
2131080
-1
4
-3
1590
-275
3857
2132105
-6
5
-5
1582
-282
3877
2133130
-9
8
-7
1576
-302
3890
2134155
-2
9
-7
1573
-269
3906
2135180
-16
0
0
1588
-282
3903
2136205
-18
-4
5
1611
-287
3884
2137230
-10
-5
8
1597
-280
3875
2138255
-4
-7
7
1588
-292
3873
2131073
9
-8
9
1593
-282
3876
2132098
9
-8
9
1599
-277
3883
2133123
12
0
9
1584
-316
3848
2134148
34
12
12
1576
-297
3849
2135173
20
4
18
1591
-264
3908
2136198
-6
-7
22
1599
-294
3928
2137223
-5
-11
16
1593
-295
3897
2138248
0
-11
4
1590
-282
3866
2139273
-1
-10
4
1585
-281
3857
2140298
1
-2
9
1590
-276
3824
2141323
9
11
12
1580
-289
3825
2142348
11
16
7
1576
-307
3900
2143373
15
12
-1
1601
-271
3935
2144398
0
10
-2
1597
-301
3880
2145423
-3
8
0
1579
-277
3886
2146448
-6
-4
1
1588
-286
3921
2139264
-6
-11
1
1602
-278
3941
2140289
-10
-15
4
1580
-279
3907
2141314
-15
-19
8
1570
-294
3857
2142339
-2
-14
10
1577
-289
3860
2143364
4
-2
13
1585
-299
3858
2144389
8
9
15
1601
-295
3855
2145414
8
27
11
1605
-296
3813
2146439
21
44
15
1592
-333
3789
2147464
58
31
23
1588
-269
3927
2148489
41
8
15
1621
-250
4012
2149514
7
2
10
1576
-280
3930
2150539
1
-2
4
1546
-289
3877
2151564
-2
-26
9
1558
-229
3936
2152589
-36
-50
28
1561
-213
4017
2153614
-36
-55
35
1570
-287
3948
2154639
12
-35
29
1561
-271
3829
2147456
4
-35
18
1574
-261
3799
2148481
-42
-40
9
1603
-300
3810
2149506
-53
-25
7
1635
-288
3797
2150531
-88
29
-14
1631
-241
3758
2151556
-243
55
-81
1707
-477
4032
2152581
-207
9
-40
1665
-551
4189
2153606
111
-54
-17
1299
-214
4271
2154631
189
33
-98
1526
-165
3464
2155656
-118
66
90
1664
54
3168
2156681
-71
121
101
1539
-581
3484
2157706
219
153
65
1693
-484
3964
2158731
196
78
50
1586
-155
4509
2159756
-171
-106
-28
1613
-297
4387
2160781
-221
-150
-52
1669
-417
3832
2161806
-56
-87
-9
1463
-238
3745
2162831
-110
-77
-14
1461
-257
3896
2155648
-173
-66
-18
1527
-353
3889
2156673
-97
-51
-6
1589
-368
3846
2157698
28
-24
-4
1632
-374
3792
2158723
110
14
-3
1647
-322
3758
2159748
103
25
1
1633
-325
3804
2160773
61
18
-4
1630
-375
3862
2161798
66
21
-9
1613
-364
3873
2162823
59
22
-21
1582
-347
3923
2163848
12
11
-36
1590
-338
3936
2164873
-21
-1
-33
1579
-301
3929
2165898
-31
-3
-24
1567
-281
3881
2166923
-32
0
-20
1556
-297
3864
2167948
-25
-1
-22
1595
-301
3892
2168973
-7
-2
-12
1603
-287
3910
2169998
10
-3
6
1580
-299
3887
2171023
21
-3
11
1572
-310
3878
2163839
12
-6
6
1592
-314
3896
2164864
-10
-11
-1
1605
-318
3897
2165889
-18
-15
-2
1607
-329
3870
2166914
-2
-12
0
1596
-324
3863
2167939
12
-5
-1
1582
-314
3872
2168964
11
-2
-2
1585
-309
3875
2169989
4
-2
4
1584
-308
3877
2171014
2
-1
9
1586
-300
3861
2172039
-2
2
10
1590
-308
3872
2173064
-5
1
4
1596
-321
3883
2174089
1
2
1
1586
-303
3890
2175114
-2
-1
0
1584
-305
3897
2176139
-2
-5
1
1588
-306
3898
2177164
3
-7
4
1586
-305
3892
2178189
1
-11
5
1592
-309
3891
2179214
2
-11
6
1587
-307
3875
2172033
3
-11
7
1587
-295
3865
2173058
0
-9
9
1604
-297
3860
2174083
-2
-7
13
1599
-309
3866
2175108
5
-4
15
1599
-327
3881
2176133
11
-3
14
1594
-319
3890
2177158
8
-5
13
1585
-322
3882
2178183
8
-5
12
1583
-322
3882
2179208
11
-6
9
1584
-320
3878
2180233
9
-6
6
1596
-307
3883
2181258
0
-9
4
1599
-310
3870
2182283
-5
-9
1
1601
-312
3856
2183308
1
-5
0
1599
-305
3873
2184333
5
-1
2
1588
-296
3864
2185358
-3
1
3
1583
-282
3864
2186383
-12
-1
-1
1581
-321
3885
2187408
5
0
-1
1574
-321
3900
2180223
14
2
4
1581
-300
3899
2181248
4
-4
7
1600
-299
3902
2182273
-3
-8
9
1603
-294
3895
2183298
-9
-13
7
1600
-296
3886
2184323
-8
-18
5
1604
-308
3875
2185348
10
-11
7
1597
-296
3865
2186373
16
-7
9
1589
-298
3852
2187398
14
7
14
1588
-327
3835
2188423
24
42
20
1586
-358
3800
2189448
52
83
17
1580
-361
3772
2190473
80
91
19
1584
-327
3832
2191498
88
59
9
1614
-275
3947
2192523
31
11
-4
1669
-210
4054
2193548
-35
-23
16
1590
-236
4004
2194573
-39
-59
38
1523
-235
4039
2195598
-34
-93
56
1498
-249
4021
2188418
-56
-100
50
1509
-210
3934
2189443
-92
-100
46
1542
-322
3804
2190468
-61
-63
36
1567
-371
3741
2191493
-120
-11
12
1628
-245
3772
2192518
-245
7
-32
1744
-464
3920
2193543
-236
25
-48
1734
-546
4217
2194568
-177
-42
27
1563
-225
4056
2195593
111
-113
5
1051
-386
3958
2196618
169
3
-238
1782
-802
2738
2197643
135
223
39
1923
372
3269
2198668
-49
164
126
1476
-696
3748
2199693
349
179
47
1784
-516
4232
2200718
392
106
50
1490
102
4859
2201743
-154
-164
-21
1645
-224
4261
2202768
-131
-151
-6
1615
-306
3564
2203793
-39
-66
41
1331
-226
3763
2196608
-243
-99
0
1482
-358
4024
2197633
-308
-105
1
1599
-423
3963
2198658
-182
-75
2
1624
-431
3820
2199683
-29
-44
-16
1665
-429
3730
2200708
58
-11
-23
1693
-356
3691
2201733
67
22
-10
1652
-330
3713
2202758
57
35
-10
1609
-392
3805
2203783
68
43
-21
1617
-370
3881
2204808
75
44
-19
1590
-325
3941
2205833
55
27
-17
1570
-336
3986
2206858
24
5
-17
1575
-330
3972
2207883
-1
-9
-5
1576
-313
3918
2208908
-13
-15
3
1570
-333
3878
2209933
-8
-16
2
1585
-333
3869
2210958
-1
-18
-1
1619
-307
3888
2211983
-8
-19
3
1627
-307
3875
2204801
-9
-18
7
1614
-333
3846
2205826
2
-10
6
1606
-343
3832
2206851
11
-3
4
1592
-338
3849
2207876
-6
-3
0
1596
-340
3862
2208901
-21
-1
-2
1602
-344
3860
2209926
-14
6
-3
1620
-335
3843
2210951
-8
9
-5
1612
-342
3869
2211976
-8
6
-5
1613
-339
3886
2213001
-8
5
-2
1601
-312
3887
2214026
-15
2
1
1585
-319
3876
2215051
-13
1
2
1584
-343
3869
2216076
-3
2
3
1586
-335
3878
2217101
-3
2
4
1595
-329
3880
2218126
-8
-3
6
1607
-339
3881
2219151
-8
-5
5
1615
-341
3872
2220176
-12
-3
4
1614
-336
3857
2212992
-19
-6
0
1611
-358
3873
2214017
-9
0
0
1602
-357
3859
2215042
-7
4
-2
1592
-330
3867
2216067
-23
1
-7
1599
-355
3871
2217092
-21
3
-8
1592
-360
3865
2218117
-8
8
-4
1580
-355
3872
2219142
2
11
1
1589
-338
3865
2220167
2
9
2
1601
-332
3897
2221192
-11
2
0
1613
-334
3902
2222217
-11
-2
-3
1608
-339
3891
2223242
-2
-3
-4
1605
-337
3874
2224267
4
-2
0
1592
-328
3866
2225292
-1
-2
2
1582
-344
3871
2226317
-3
-1
6
1574
-357
3874
2227342
-4
1
9
1583
-355
3863
2228367
-7
5
6
1598
-353
3861
2221184
-12
8
-2
1605
-351
3873
2222209
-14
7
-8
1601
-344
3884
2223234
-16
7
-8
1591
-341
3879
2224259
-15
8
-6
1581
-335
3873
2225284
-12
9
-5
1572
-327
3877
2226309
-14
7
-4
1576
-335
3873
2227334
-9
7
0
1579
-330
3878
2228359
14
-1
3
1591
-332
3897
2229384
25
1
3
1602
-348
3905
2230409
8
0
3
1604
-357
3927
2231434
-5
15
-3
1594
-418
3812
2232459
25
42
6
1560
-414
3778
2233484
41
63
8
1569
-347
3847
2234509
43
40
17
1615
-341
3922
2235534
70
31
41
1568
-318
3935
2236559
72
26
25
1563
-328
3886
2229375
107
11
14
1579
-333
3845
2230400
135
9
28
1571
-241
3873
2231425
123
-3
42
1551
-232
3952
2232450
22
-41
45
1544
-202
4154
2233475
-84
-93
32
1571
-329
4077
2234500
-55
-72
26
1555
-386
3779
2235525
-13
-51
23
1537
-363
3669
2236550
-33
-39
29
1565
-270
3814
2237575
-152
17
14
1632
-251
3845
2238600
-355
143
-89
1698
-607
3936
2239625
-317
137
-37
1690
-588
4427
2240650
-384
-140
94
1329
611
5627
2241675
-445
-300
5
1210
-448
3369
2242700
-263
-84
157
1729
-157
2043
2243725
-301
198
272
1386
-102
2909
2244750
-416
216
260
1651
-1385
3412
2237568
591
288
229
1817
-1295
4041
2238593
1037
290
172
1701
-352
4461
2239618
546
139
54
1566
-62
4422
2240643
-100
-44
1
1503
-153
4254
2241668
-421
-157
-26
1496
-590
4066
2242693
-293
-142
-30
1441
-561
4016
2243718
-232
-128
-48
1438
-449
3985
2244743
-280
-137
-55
1475
-494
3855
2245768
-217
-114
-46
1526
-527
3760
2246793
-65
-71
-39
1593
-531
3678
2247818
96
-12
-31
1618
-505
3689
2248843
164
22
-38
1627
-533
3753
2249868
163
51
-42
1609
-564
3766
2250893
200
64
-39
1582
-533
3830
2251918
246
59
-42
1565
-451
3952
2252943
229
46
-45
1536
-365
4017
2245760
147
24
-39
1513
-312
4049
2246785
46
-4
-32
1502
-306
4012
2247810
-21
-27
-27
1498
-349
3963
2248835
-33
-43
-24
1535
-422
3934
2249860
1
-42
-18
1569
-406
3891
2250885
26
-33
-7
1562
-362
3864
2251910
28
-37
-3
1563
-376
3877
2252935
17
-33
-5
1580
-378
3867
2253960
2
-27
-12
1572
-394
3859
2254985
-2
-17
-15
1571
-383
3829
2256010
11
-6
-13
1548
-375
3832
2257035
14
-3
-16
1555
-415
3878
2258060
8
2
-22
1589
-402
3897
2259085
9
6
-17
1582
-365
3902
2260110
8
4
-13
1556
-351
3872
2261135
13
1
-11
1530
-370
3896
2254020
18
-3
-14
1557
-387
3930
2255045
23
-4
-8
1558
-363
3926
2256070
19
-12
2
1557
-361
3917
2257095
11
-17
10
1562
-366
3897
2258120
12
-16
15
1567
-363
3878
2259145
4
-15
11
1574
-370
3866
2260170
-8
-10
2
1581
-379
3853
2261195
-14
-4
-3
1578
-400
3847
2262220
-6
0
-3
1582
-379
3857
2263245
8
-3
1
1575
-354
3912
2264270
5
-8
-1
1566
-351
3933
2265295
-7
-9
-1
1546
-355
3908
2266320
-11
-10
-3
1541
-367
3876
2267345
2
-6
-1
1552
-363
3870
2268370
9
-3
5
1570
-344
3888
2269395
-1
-5
9
1578
-365
3889
2262144
2
-1
8
1576
-379
3880
2263169
5
-2
3
1586
-383
3882
2264194
1
-1
2
1567
-377
3884
2265219
-6
-4
0
1569
-378
3888
2266244
-5
-4
0
1562
-358
3894
2267269
-3
-5
0
1570
-357
3890
2268294
4
-5
0
1563
-357
3885
2269319
8
-2
0
1559
-354
3881
2270344
4
-4
-1
1566
-371
3898
2271369
4
-7
-1
1576
-382
3905
2272394
3
-5
4
1563
-362
3879
2273419
-4
-8
2
1564
-358
3887
2274444
-4
-10
-1
1571
-375
3894
2275469
3
-5
-1
1561
-357
3886
2276494
-2
-4
4
1552
-373
3874
2277519
-1
1
6
1580
-395
3866
2270337
12
18
8
1581
-394
3858
2271362
18
36
6
1565
-361
3856
2272387
3
25
5
1572
-338
3887
2273412
-16
-4
12
1584
-360
3908
2274437
14
7
13
1564
-424
3853
2275462
70
11
14
1556
-334
3898
2276487
72
-28
32
1571
-256
3974
2277512
51
-51
62
1536
-265
4028
2278537
-20
-60
50
1520
-399
3922
2279562
-13
-39
23
1570
-424
3736
2280587
40
-16
37
1555
-356
3787
2281612
0
-34
15
1606
-394
3917
2282637
-21
-25
9
1642
-349
3956
2283662
-41
6
6
1575
-347
3854
2284687
-143
33
-19
1539
-372
3822
2285712
-322
67
-61
1598
-474
3867
2278531
-420
158
-100
1650
-478
4197
2279556
-700
102
-21
1547
50
4385
2280581
-1045
-195
170
1156
250
4527
2281606
-1027
-221
34
1391
-955
3327
2282631
-805
-55
129
1782
-821
3083
2283656
-500
94
175
1668
-1100
3369
2284681
-11
115
188
1735
-1269
3664
2285706
464
91
165
1611
-575
4138
2286731
317
-18
41
1609
-571
3950
2287756
112
-27
7
1596
-676
3712
2288781
57
1
14
1474
-612
3817
2289806
-25
-8
-15
1515
-805
3959
2290831
17
-10
-51
1551
-943
3993
2291856
121
-17
-80
1561
-799
3983
2292881
165
-24
-97
1595
-609
3889
2293906
133
-17
-88
1569
-564
3806
2286720
94
-15
-83
1558
-636
3805
2287745
108
-4
-75
1578
-649
3799
2288770
128
31
-52
1539
-606
3748
2289795
142
37
-37
1537
-650
3813
2290820
200
27
-38
1609
-610
3932
2291845
244
24
-25
1588
-479
3971
2292870
210
16
-8
1529
-411
3947
2293895
106
-9
-9
1528
-480
3931
2294920
34
-21
-13
1562
-541
3907
2295945
1
-15
-6
1541
-558
3861
2296970
-16
-21
-4
1538
-609
3850
2297995
-4
-16
-10
1577
-580
3852
2299020
5
-4
-14
1577
-535
3852
2300045
-3
-3
-21
1572
-539
3868
2301070
-3
2
-25
1551
-525
3868
2302095
-2
7
-26
1551
-506
3865
2294913
-9
4
-22
1564
-508
3886
2295938
-1
4
-14
1549
-511
3879
2296963
10
6
-8
1537
-507
3894
2297988
8
-1
5
1551
-503
3904
2299013
10
1
8
1559
-462
3886
2300038
-6
-4
16
1541
-525
3846
2301063
3
-1
17
1555
-555
3862
2302088
24
8
7
1580
-541
3896
2303113
29
7
0
1580
-543
3904
2304138
31
-3
-1
1577
-535
3917
2305163
21
-9
-1
1567
-515
3904
2306188
3
-15
-1
1547
-513
3882
2307213
-2
-19
-5
1552
-525
3876
2308238
5
-12
-7
1556
-506
3865
2309263
5
-8
-5
1561
-507
3853
2310288
1
-6
-2
1555
-521
3844
2303105
15
2
-2
1557
-512
3860
2304130
14
4
-1
1557
-516
3862
2305155
7
5
-5
1561
-513
3885
2306180
-1
-1
-9
1568
-523
3905
2307205
-1
-5
-6
1552
-518
3895
2308230
3
-5
-1
1546
-513
3880
2309255
4
-7
-2
1561
-513
3888
2310280
6
-9
-1
1576
-484
3895
2311305
5
-11
4
1567
-465
3883
2312330
7
-12
9
1559
-470
3857
2313355
12
-7
14
1566
-490
3855
2314380
28
-2
19
1566
-500
3862
2315405
37
3
24
1550
-505
3885
2316430
22
-1
25
1554
-535
3885
2317455
10
-4
20
1570
-551
3873
2318480
12
-2
10
1579
-533
3871
2311296
9
0
2
1572
-506
3880
2312321
3
3
-2
1555
-486
3865
2313346
6
7
-2
1550
-478
3854
2314371
14
9
-3
1553
-478
3881
2315396
10
6
-3
1548
-484
3927
2316421
-5
-2
-1
1557
-489
3921
2317446
-10
-10
1
1559
-504
3907
2318471
-6
-16
2
1556
-496
3901
2319496
-5
-19
2
1554
-493
3901
2320521
-4
-20
3
1552
-495
3879
2321546
1
-11
6
1550
-488
3848
2322571
0
-2
8
1552
-505
3839
2323596
8
17
10
1551
-510
3823
2324621
14
30
10
1557
-502
3855
2325646
6
9
16
1588
-500
3905
2326671
20
15
23
1565
-514
3882
2319487
41
5
21
1559
-462
3896
2320512
13
-26
18
1587
-447
3971
2321537
6
-30
27
1537
-514
3951
2322562
37
-30
27
1518
-476
3895
2323587
10
-41
32
1527
-437
3895
2324612
-23
-45
33
1537
-532
3883
2325637
10
-32
18
1565
-554
3820
2326662
31
-11
9
1586
-448
3821
2327687
-8
-9
16
1567
-477
3785
2328712
-58
26
7
1606
-479
3737
2329737
-261
158
-69
1622
-670
3812
2330762
-228
160
-80
1719
-880
4115
2331787
113
-42
107
1256
-24
5142
2332812
132
-268
-79
1165
-511
4237
2333837
-33
-120
-42
1967
-302
2627
2334862
310
144
248
1364
-143
2805
2327813
92
120
226
1524
-638
3644
2328838
-12
71
139
1794
-772
4305
2329863
-30
20
59
1645
-386
4630
2330888
-357
-123
-22
1670
-635
4045
2331913
-293
-121
-25
1533
-587
3696
2332938
-253
-89
-39
1419
-541
3796
2333963
-258
-98
-71
1509
-718
3949
2334988
-133
-79
-65
1555
-656
3952
2336013
14
-38
-61
1577
-562
3821
2337038
112
-7
-59
1601
-537
3708
2338063
156
18
-50
1606
-540
3689
2339088
168
26
-46
1633
-615
3771
2340113
190
44
-45
1651
-614
3832
2341138
211
58
-38
1587
-558
3886
2342163
190
44
-40
1562
-506
3959
2343188
140
26
-36
1550
-436
3975
2335873
69
13
-23
1520
-402
3949
2336898
-5
-5
-17
1524
-458
3932
2337923
-14
-16
-18
1571
-496
3895
2338948
20
-12
-11
1578
-447
3889
2339973
15
-16
-2
1581
-426
3891
2340998
-2
-22
3
1580
-483
3850
2342023
13
-19
4
1587
-484
3855
2343048
18
-13
7
1567
-459
3867
2344073
-1
-9
7
1561
-470
3838
2345098
-10
-3
3
1574
-495
3847
2346123
-8
5
-4
1582
-489
3850
2347148
-6
7
-6
1574
-489
3871
2348173
-7
7
-4
1584
-485
3884
2349198
-5
8
-5
1581
-477
3888
2350223
-7
5
-7
1570
-473
3880
2351248
-6
1
-9
1565
-452
3884
2344064
-1
-2
-8
1565
-459
3891
2345089
7
0
-2
1570
-463
3884
2346114
17
1
3
1571
-451
3885
2347139
16
-4
8
1571
-467
3896
2348164
6
-6
11
1567
-484
3874
2349189
-1
-6
9
1568
-486
3861
2350214
-10
-5
1
1582
-478
3867
2351239
-16
-2
-5
1577
-476
3855
2352264
-22
2
-10
1576
-476
3853
2353289
-19
5
-12
1573
-476
3871
2354314
-12
8
-10
1565
-468
3889
2355339
-11
7
-7
1563
-469
3896
2356364
-10
3
-5
1558
-472
3890
2357389
-8
3
-2
1563
-460
3877
2358414
-15
-1
-1
1574
-464
3882
2359439
-16
-3
1
1573
-479
3887
2352256
-7
-1
5
1559
-485
3877
2353281
1
-1
4
1572
-483
3877
2354306
3
0
2
1572
-471
3872
2355331
-6
-1
3
1564
-472
3873
2356356
-13
0
2
1560
-481
3875
2357381
-10
0
1
1575
-495
3889
2358406
2
2
1
1569
-462
3884
2359431
-1
-2
3
1569
-455
3879
2360456
-8
-3
2
1566
-494
3872
2361481
6
11
2
1548
-502
3855
2362506
24
25
8
1518
-516
3820
2363531
43
28
5
1595
-498
3838
2364556
76
57
12
1591
-500
3864
2365581
124
48
14
1547
-547
3857
2366606
150
21
16
1588
-422
3933
2367631
63
-12
24
1547
-365
4022
2360449
-9
-62
34
1548
-388
4071
2361474
-9
-83
36
1530
-384
4083
2362499
-18
-98
37
1519
-397
3921
2363524
-45
-85
35
1522
-414
3776
2364549
-91
-72
31
1556
-469
3732
2365574
-97
-51
24
1608
-495
3761
2366599
-134
-9
13
1643
-402
3810
2367624
-343
71
-20
1673
-443
3544
2368649
-325
167
-54
1678
-888
3934
2369674
-251
4
-25
1546
-596
5095
2370699
328
-232
-36
1239
-616
4554
2371724
269
-119
-104
1669
157
3498
2372749
-189
-35
114
1473
-448
2210
2373774
75
183
158
1407
-676
2695
2374799
168
222
112
1740
-762
3726
2375824
211
149
63
1857
-704
4714
2368640
174
43
-2
1644
-324
4946
2369665
-74
-97
-60
1639
-271
4136
2370690
-131
-124
-24
1439
-304
3755
2371715
-257
-132
-31
1352
-479
3917
2372740
-379
-150
-43
1485
-659
3968
2373765
-264
-122
-15
1545
-686
3850
2374790
-4
-74
-9
1613
-608
3735
2375815
177
-25
-12
1663
-489
3676
2376840
173
4
-9
1668
-494
3695
2377865
108
15
-13
1690
-587
3726
2378890
109
42
-21
1676
-592
3757
2379915
151
58
-28
1612
-553
3846
2380940
143
57
-41
1567
-494
3914
2381965
72
49
-49
1537
-437
3924
2382990
3
36
-46
1526
-433
3913
2384015
-22
21
-42
1545
-464
3937
2376832
-3
10
-28
1575
-445
3960
2377857
15
-2
-10
1583
-409
3951
2378882
20
-19
6
1580
-401
3943
2379907
17
-34
16
1588
-416
3912
2380932
14
-36
24
1588
-424
3845
2381957
17
-31
31
1568
-474
3805
2382982
26
-25
27
1584
-501
3830
2384007
30
-15
23
1599
-486
3850
2385032
20
-6
22
1594
-488
3849
2386057
3
-4
11
1608
-496
3839
2387082
-2
3
1
1596
-484
3830
2388107
-6
8
-12
1586
-468
3853
2389132
-8
8
-18
1594
-451
3880
2390157
-5
8
-13
1597
-432
3895
2391182
-6
8
-7
1565
-438
3883
2392207
-1
4
-2
1556
-453
3876
2385025
10
2
1
1577
-427
3885
2386050
8
0
6
1580
-439
3905
2387075
2
-7
6
1587
-459
3896
2388100
3
-9
8
1607
-444
3890
2389125
-1
-12
9
1599
-453
3851
2390150
3
-5
10
1565
-453
3829
2391175
-2
-2
6
1579
-461
3850
2392200
-7
1
1
1590
-457
3870
2393225
1
5
3
1579
-467
3877
2394250
3
3
1
1574
-457
3886
2395275
-4
-2
-1
1585
-441
3888
2396300
-10
-7
-1
1587
-458
3878
2397325
-13
-8
-4
1596
-465
3883
2398350
-5
-10
-3
1588
-461
3882
2399375
0
-8
1
1581
-444
3856
2400400
0
-5
2
1564
-442
3863
2393216
-7
-6
0
1566
-457
3862
2394241
-9
5
0
1576
-464
3840
2395266
-6
21
8
1571
-519
3801
2396291
32
33
17
1575
-514
3778
2397316
123
-3
32
1638
-420
3870
2398341
196
12
53
1587
-327
4004
2399366
100
-25
28
1588
-412
3981
2400391
14
-32
15
1626
-380
3913
2401416
-42
-30
32
1519
-413
3888
2402441
-89
-63
24
1564
-479
3921
2403466
-61
-58
29
1596
-496
3863
2404491
-5
-27
32
1571
-446
3816
2405516
-18
-26
28
1581
-389
3880
2406541
-44
-29
24
1593
-454
3853
2407566
-14
-11
18
1604
-454
3816
2408591
0
4
18
1611
-453
3828
2401408
-6
15
16
1612
-471
3813
2402433
-17
26
9
1588
-496
3831
2403458
-12
24
-2
1597
-474
3840
2404483
0
49
-1
1609
-318
3749
2405508
-84
76
-22
1609
-261
3790
2406533
-228
66
-124
1712
-650
4146
2407558
-211
-19
-115
1556
-684
4730
2408583
6
-170
-41
1188
-667
4418
2409608
-102
-136
-177
1788
-343
3452
2410633
-348
-97
77
1674
-146
2956
2411658
-119
22
114
1439
-836
3180
2412683
318
136
49
1671
-601
3839
2413708
307
140
46
1704
-394
4115
2414733
79
48
39
1602
-334
4209
2415758
-65
-47
0
1683
-474
3882
2416783
55
-11
17
1553
-544
3767
2409600
68
23
8
1463
-466
3921
2410625
-14
4
-16
1544
-496
3958
2411650
-3
-17
-8
1574
-495
4014
2412675
19
-35
-12
1611
-476
3997
2413700
30
-40
-6
1609
-434
3883
2414725
27
-42
2
1602
-446
3821
2415750
16
-31
2
1604
-464
3764
2416775
14
-1
4
1574
-446
3737
2417800
-2
11
-5
1594
-491
3808
2418825
7
18
-16
1643
-497
3872
2419850
36
28
-10
1615
-447
3884
2420875
28
24
-6
1573
-453
3896
2421900
1
14
-8
1564
-463
3895
2422925
-9
11
-11
1575
-447
3871
2423950
-16
14
-12
1584
-432
3862
2424975
-22
7
-12
1583
-452
3886
2417792
-11
8
-8
1585
-441
3860
2418817
2
11
-2
1559
-445
3875
2419842
-3
4
-3
1572
-456
3912
2420867
-4
-1
-2
1586
-451
3904
2421892
-2
-6
1
1582
-444
3898
2422917
-4
-9
2
1577
-443
3873
2423942
1
-7
6
1573
-444
3862
2424967
-2
-3
4
1592
-444
3869
2425992
-10
-2
6
1587
-461
3868
2427017
-3
-2
6
1584
-470
3869
2428042
7
0
5
1583
-458
3885
2429067
3
-1
5
1579
-449
3888
2430092
-5
-2
7
1570
-455
3872
2431117
-3
-3
4
1582
-472
3876
2432142
2
-3
2
1586
-468
3878
2433167
4
0
2
1578
-454
3878
2425985
6
0
1
1579
-446
3869
2427010
2
4
4
1561
-436
3854
2428035
-10
1
-1
1574
-467
3874
2429060
-11
0
-6
1594
-473
3903
2430085
2
-1
-1
1583
-455
3891
2431110
6
-3
7
1575
-448
3858
2432135
7
-3
8
1574
-464
3874
2433160
9
-3
5
1578
-453
3890
2434185
10
-6
4
1587
-430
3897
2435210
4
-11
5
1591
-437
3883
2436235
14
-7
9
1578
-446
3865
2437260
20
-4
12
1566
-443
3872
2438285
15
-7
15
1574
-455
3896
2439310
13
-7
17
1578
-460
3891
2440335
10
-8
15
1574
-468
3877
2441360
-3
-9
5
1583
-475
3872
2434175
-8
-9
-3
1589
-461
3868
2435200
-3
-4
-5
1574
-448
3868
2436225
-5
-4
-9
1575
-450
3873
2437250
-4
-4
-11
1592
-444
3879
2438275
1
-6
-11
1573
-450
3907
2439300
2
-11
-11
1581
-435
3899
2440325
-4
-16
-4
1577
-426
3888
2441350
-4
-20
-1
1579
-437
3880
2442375
4
-20
3
1582
-424
3869
2443400
3
-20
8
1582
-424
3856
2444425
2
-13
12
1596
-444
3839
2445450
19
24
15
1582
-488
3776
2446475
54
69
17
1535
-529
3717
2447500
94
47
11
1645
-408
3871
2448525
49
7
41
1634
-372
4032
2449550
29
-21
33
1599
-472
4005
2442370
59
-20
15
1548
-423
3886
2443395
80
-94
28
1538
-428
3845
2444420
162
-118
39
1574
-474
3944
2445445
242
-63
28
1572
-407
3886
2446470
231
-27
20
1578
-299
3825
2447495
92
-23
21
1609
-205
3916
2448520
-82
-41
0
1615
-413
3902
2449545
-49
-32
-19
1654
-512
3832
2450570
44
10
-18
1606
-332
3873
2451595
-61
0
-30
1597
-285
3916
2452620
-261
16
-75
1632
-326
3923
2453645
-335
58
-116
1705
-390
3988
2454670
-315
3
-74
1624
-462
4006
2455695
-32
-123
-53
1207
-535
4470
2456720
166
48
-246
1600
-842
2719
2457745
224
237
95
1844
246
2866
2450560
196
265
212
1437
-548
3554
2451585
394
214
136
1713
-525
4485
2452610
90
9
94
1565
94
5240
2453635
-510
-287
-38
1714
-559
4303
2454660
-306
-228
2
1576
-373
3567
2455685
-210
-157
72
1269
-252
3683
2456710
-361
-170
28
1456
-518
3859
2457735
-305
-131
16
1619
-645
3804
2458760
-59
-61
11
1698
-627
3716
2459785
140
3
-3
1730
-540
3636
2460810
227
43
-7
1711
-490
3665
2461835
225
56
-19
1700
-516
3747
2462860
204
72
-32
1673
-478
3809
2463885
164
82
-38
1601
-426
3894
2464910
92
61
-44
1574
-394
3986
2465935
32
36
-36
1549
-363
4007
2458752
-8
12
-24
1530
-355
4001
2459777
-31
-17
-19
1574
-375
3979
2460802
-17
-30
-8
1604
-351
3925
2461827
-1
-38
7
1606
-359
3879
2462852
7
-45
15
1617
-392
3862
2463877
18
-39
23
1607
-403
3814
2464902
18
-27
23
1602
-407
3782
2465927
5
-17
14
1615
-440
3800
2466952
5
-4
3
1625
-441
3813
2467977
5
8
-1
1621
-433
3835
2469002
-2
13
-7
1631
-439
3853
2470027
-1
15
-12
1631
-405
3876
2471052
-8
13
-13
1612
-374
3883
2472077
-20
7
-13
1601
-369
3891
2473102
-14
1
-9
1586
-389
3895
2474127
7
1
-1
1585
-380
3889
2466972
14
1
9
1579
-380
3886
2467997
4
-5
16
1587
-406
3891
2469022
-3
-9
20
1605
-411
3878
2470047
-9
-9
17
1615
-426
3858
2471072
-12
-6
8
1620
-416
3845
2472097
-11
-1
1
1614
-406
3836
2473122
-10
6
-4
1615
-397
3842
2474147
-9
12
-4
1606
-397
3854
2475172
-8
15
-3
1591
-410
3878
2476197
2
13
-3
1594
-413
3889
2477222
-1
10
-4
1598
-392
3902
2478247
-15
1
-3
1606
-399
3898
2479272
-16
-2
1
1594
-400
3885
2480297
-14
-6
4
1595
-394
3875
2481322
-13
-8
6
1603
-405
3866
2482347
-7
-5
8
1600
-412
3867
2475136
-4
-1
7
1598
-419
3868
2476161
-3
0
5
1596
-425
3856
2477186
-9
0
3
1601
-421
3867
2478211
-14
0
-1
1609
-420
3865
2479236
-16
0
-2
1610
-412
3864
2480261
-11
1
-2
1607
-415
3863
2481286
-5
3
-3
1601
-420
3862
2482311
5
4
-2
1589
-401
3887
2483336
-6
2
3
1581
-395
3883
2484361
-15
1
4
1578
-410
3888
2485386
-16
-3
2
1590
-430
3884
2486411
-4
-2
2
1602
-414
3879
2487436
-1
0
7
1603
-417
3856
2488461
-1
20
10
1608
-424
3794
2489486
7
53
9
1594
-425
3777
2490511
10
57
4
1597
-425
3840
2483328
1
57
6
1604
-440
3880
2484353
43
51
24
1590
-420
3841
2485378
77
41
39
1571
-358
3908
2486403
45
-11
36
1576
-368
3998
2487428
48
-64
56
1603
-295
4151
2488453
17
-85
69
1505
-320
4159
2489478
-36
-100
46
1509
-432
3913
2490503
-56
-78
38
1527
-450
3708
2491528
-56
-58
28
1583
-486
3634
2492553
-34
-24
20
1641
-451
3717
2493578
-35
2
14
1680
-394
3790
2494603
-126
69
-55
1697
-400
3947
2495628
-312
97
-139
1714
-729
4055
2496653
-85
-9
-15
1544
-626
4232
2497678
320
-58
-44
1067
-195
4313
2498703
51
9
-185
1740
-301
2775
2491520
39
224
105
1682
-80
2973
2492545
74
255
127
1501
-769
3775
2493570
276
161
95
1819
-463
4643
2494595
95
-20
76
1614
-257
4811
2495620
-150
-163
-47
1665
-443
3929
2496645
-23
-101
-30
1424
-244
3666
2497670
-190
-113
3
1338
-249
3934
2498695
-386
-155
1
1511
-544
3921
2499720
-257
-127
14
1559
-598
3847
2500745
-51
-86
-3
1620
-539
3791
2501770
99
-42
-14
1661
-459
3736
2502795
142
-5
-9
1651
-396
3701
2503820
99
15
-6
1642
-436
3718
2504845
71
28
-11
1631
-497
3818
2505870
62
35
-16
1609
-485
3898
2506895
53
31
-16
1579
-468
3948
2499712
46
18
-20
1572
-450
3970
2500737
28
5
-22
1577
-382
3939
2501762
-9
-9
-16
1584
-345
3916
2502787
-32
-26
-8
1583
-388
3907
2503812
-11
-30
1
1601
-405
3884
2504837
26
-23
12
1600
-386
3843
2505862
32
-22
20
1579
-397
3857
2506887
14
-24
23
1600
-437
3855
2507912
14
-15
24
1609
-440
3830
2508937
10
-10
16
1598
-450
3833
2509962
4
-1
1
1616
-429
3836
2510987
-8
5
-6
1613
-414
3843
2512012
-16
8
-10
1617
-411
3856
2513037
-12
12
-10
1607
-406
3868
2514062
0
14
-8
1587
-402
3883
2515087
0
10
-4
1575
-397
3897
2507904
-6
3
1
1581
-396
3906
2508929
-14
-3
5
1594
-404
3887
2509954
-7
-4
9
1593
-418
3867
2510979
-4
-4
12
1605
-413
3860
2512004
-11
-4
10
1607
-436
3857
2513029
-7
-2
3
1604
-452
3865
2514054
-1
1
-4
1604
-429
3877
2515079
-6
0
-5
1596
-413
3889
2516104
-9
-1
-3
1587
-409
3878
2517129
-6
-2
0
1587
-401
3875
2518154
-4
-2
2
1588
-410
3884
2519179
2
-3
4
1594
-410
3872
2520204
3
-3
6
1602
-412
3863
2521229
1
-3
6
1603
-423
3865
2522254
5
-1
6
1594
-430
3870
2523279
-1
-2
6
1593
-417
3865
2516096
-10
-4
2
1598
-430
3871
2517121
-5
-3
-1
1591
-427
3873
2518146
3
0
2
1581
-411
3877
2519171
1
-2
7
1600
-400
3879
2520196
-2
-4
10
1608
-408
3884
2521221
3
-3
11
1609
-416
3865
2522246
6
1
10
1591
-410
3850
2523271
4
4
9
1587
-419
3866
2524296
9
9
9
1593
-429
3875
2525321
17
15
14
1588
-421
3858
2526346
24
39
21
1570
-454
3819
2527371
51
61
23
1568
-484
3798
2528396
60
58
37
1595
-427
3888
2529421
18
12
35
1628
-403
4011
2530446
-18
-23
30
1638
-387
4009
2531471
0
-17
54
1559
-312
3881
2524287
22
-13
77
1487
-301
3787
2525312
8
-30
88
1508
-318
3890
2526337
-1
-27
83
1558
-443
3920
2527362
36
1
72
1586
-484
3853
2528387
34
7
57
1609
-460
3814
2529412
5
-5
50
1633
-467
3811
2530437
-1
1
39
1615
-446
3841
2531462
-5
6
16
1582
-439
3886
2532487
-74
31
-10
1564
-355
3777
2533512
-213
95
-68
1564
-504
3790
2534537
-146
92
-108
1647
-738
4358
2535562
-74
-75
-110
1665
-487
4777
2536587
74
-240
-89
1182
-221
4515
2537612
-38
-185
-162
1634
10
3604
2538637
-399
-132
103
1634
-190
2642
2539662
-177
89
145
1459
-861
2636
2532480
238
244
134
1660
-695
3421
2533505
386
171
92
1868
-503
4382
2534530
204
34
41
1779
-380
4767
2535555
48
-48
-7
1626
-369
4143
2536580
37
-27
-2
1365
-213
3828
2537605
-167
-73
-23
1332
-476
3893
2538630
-244
-91
-48
1502
-638
3959
2539655
-156
-60
-30
1585
-532
3941
2540680
-40
-47
-27
1650
-485
3864
2541705
59
-27
-34
1688
-392
3806
2542730
60
-17
-28
1669
-361
3762
2543755
18
-12
-17
1607
-454
3750
2544780
10
6
-22
1591
-518
3780
2545805
32
31
-32
1593
-492
3809
2546830
51
41
-32
1563
-459
3869
2547855
46
32
-29
1567
-457
3926
2540672
13
18
-26
1591
-419
3944
2541697
-14
7
-19
1589
-402
3915
2542722
-16
-4
-20
1580
-402
3920
2543747
-16
-12
-19
1574
-399
3917
2544772
-15
-17
-10
1579
-408
3887
2545797
-7
-20
2
1569
-438
3882
2546822
10
-19
6
1579
-437
3876
2547847
18
-12
11
1579
-411
3846
2548872
6
-10
10
1589
-412
3855
2549897
-7
-10
4
1615
-450
3861
2550922
0
-2
2
1611
-432
3846
2551947
-1
0
0
1606
-423
3849
2552972
-16
1
-4
1599
-430
3863
2553997
-19
4
-5
1585
-442
3867
2555022
-10
9
-5
1581
-431
3855
2556047
-1
14
-2
1562
-427
3871
2548864
-3
9
0
1573
-433
3894
2549889
-5
5
1
1591
-429
3908
2550914
-5
-1
2
1598
-426
3894
2551939
-3
-5
4
1592
-429
3880
2552964
-3
-7
3
1592
-430
3871
2553989
-8
-9
2
1582
-448
3864
2555014
-2
-6
2
1588
-437
3863
2556039
-5
-1
3
1586
-427
3845
2557064
-11
2
2
1584
-439
3848
2558089
-12
6
-3
1581
-456
3868
2559114
-3
8
-7
1583
-451
3884
2560139
-1
6
-2
1572
-450
3897
2561164
-3
1
1
1584
-441
3895
2562189
-8
-5
-1
1592
-423
3885
2563214
-13
-8
0
1586
-406
3872
2564239
-17
-12
-2
1587
-420
3865
2557057
-2
-10
0
1580
-427
3860
2558082
13
-4
6
1575
-420
3863
2559107
16
-1
11
1573
-426
3874
2560132
8
0
15
1569
-443
3876
2561157
-3
-1
13
1592
-449
3872
2562182
-11
-1
6
1592
-451
3865
2563207
-11
2
-2
1598
-446
3865
2564232
-11
2
-6
1585
-432
3860
2565257
-15
4
-4
1580
-419
3862
2566282
-13
4
-2
1587
-438
3883
2567307
3
9
-1
1573
-428
3883
2568332
10
12
4
1558
-409
3892
2569357
4
10
6
1571
-435
3889
2570382
9
12
10
1581
-436
3885
2571407
8
17
17
1579
-453
3884
2572432
8
26
19
1569
-483
3853
2565249
24
26
20
1586
-483
3870
2566274
43
8
28
1603
-405
3895
2567299
5
-5
33
1578
-391
3938
2568324
-5
-11
18
1567
-469
3890
2569349
22
-8
17
1573
-401
3869
2570374
16
-14
31
1535
-407
3873
2571399
-11
-38
40
1552
-397
3921
2572424
-24
-42
49
1573
-429
3912
2573449
-2
-20
43
1561
-418
3870
2574474
-19
-24
37
1576
-419
3910
2575499
-17
-34
40
1599
-466
3872
2576524
25
-14
35
1571
-453
3789
2577549
19
-2
15
1572
-452
3800
2578574
3
-14
3
1599
-453
3877
2579599
-7
17
-17
1581
-323
3757
2580624
-68
131
-79
1603
-107
3618
2573439
-243
74
-130
1694
-630
4084
2574464
-293
-100
-135
1597
-1221
4878
2575489
-245
-217
-293
1207
-1000
4542
2576514
-271
-180
-263
1939
148
3524
2577539
-391
-166
61
1643
52
3360
2578564
-230
-66
135
1354
-828
3131
2579589
430
130
136
1568
-283
3382
2580614
467
169
182
1554
-30
3829
2581639
86
72
201
1619
-360
4073
2582664
-64
9
173
1747
-612
3888
2583689
60
43
124
1691
-692
3851
2584714
106
60
72
1545
-664
4029
2585739
23
9
3
1565
-711
4095
2586764
-34
-34
-37
1590
-614
4037
2587789
-89
-67
-61
1581
-507
3966
2588814
-130
-79
-75
1600
-477
3848
2581632
-85
-55
-64
1582
-484
3770
2582657
-13
-24
-51
1577
-486
3770
2583682
34
4
-38
1609
-447
3789
2584707
66
21
-16
1617
-456
3828
2585732
86
26
2
1621
-493
3859
2586757
102
38
8
1599
-492
3778
2587782
149
42
7
1550
-575
3801
2588807
171
44
-17
1590
-547
3914
2589832
117
35
-22
1624
-442
3983
2590857
32
9
-17
1602
-423
3989
2591882
-21
-18
-18
1585
-436
3957
2592907
-23
-28
-13
1566
-428
3886
2593932
-3
-24
-6
1557
-403
3868
2594957
-2
-25
0
1573
-402
3861
2595982
1
-22
11
1580
-395
3842
2597007
1
-15
15
1594
-412
3854
2589825
-1
-9
13
1613
-430
3827
2590850
14
3
16
1586
-422
3820
2591875
-4
3
12
1602
-468
3858
2592900
-16
3
5
1635
-492
3882
2593925
-2
8
6
1605
-470
3888
2594950
7
3
3
1578
-450
3874
2595975
9
1
5
1557
-432
3875
2597000
3
-3
5
1558
-432
3902
2598025
2
-9
8
1584
-458
3911
2599050
17
-6
14
1581
-449
3888
2600075
20
-8
17
1586
-462
3866
2601100
11
-11
12
1598
-463
3869
2602125
-4
-12
5
1610
-465
3869
2603150
-13
-10
-6
1607
-456
3855
2604175
-13
-5
-12
1597
-452
3835
2605200
-13
0
-14
1594
-437
3837
2598016
-16
3
-14
1597
-441
3857
2599041
-7
7
-12
1587
-440
3867
2600066
3
8
-7
1568
-419
3879
2601091
3
5
-3
1576
-414
3899
2602116
4
2
2
1593
-417
3899
2603141
8
-2
8
1581
-418
3907
2604166
1
-11
11
1591
-438
3906
2605191
0
-17
16
1592
-439
3880
2606216
-1
-20
16
1596
-446
3864
2607241
1
-19
15
1586
-447
3848
2608266
1
-14
12
1584
-446
3838
2609291
-4
-9
9
1607
-444
3843
2610316
-6
-2
7
1600
-443
3853
2611341
-9
2
3
1602
-458
3860
2612366
-8
5
-2
1605
-463
3857
2613391
-6
11
-5
1599
-450
3862
2606208
-22
35
-1
1565
-468
3807
2607233
-21
67
8
1560
-518
3747
2608258
47
93
16
1567
-538
3800
2609283
106
44
30
1642
-354
4006
2610308
30
-33
64
1640
-312
4157
2611333
-24
-77
68
1557
-404
4101
2612358
-3
-89
55
1513
-456
3988
2613383
8
-91
38
1515
-485
3868
2614408
-14
-81
32
1548
-410
3813
2615433
-51
-86
37
1611
-474
3791
2616458
-11
-53
26
1642
-497
3750
2617483
13
-11
8
1643
-458
3684
2618508
-5
17
-6
1648
-465
3650
2619533
-20
43
-15
1638
-475
3748
2620558
-30
56
-17
1634
-382
3826
2621583
-93
111
-37
1627
-178
3707
2614400
-198
183
-117
1618
-519
3772
2615425
-73
119
-81
1570
-902
4302
2616450
3
-86
-64
1357
-231
5306
2617475
-67
-236
-120
1444
-528
4038
2618500
-162
-131
7
1789
24
3180
2619525
-296
-38
159
1440
-438
3041
2620550
-58
23
152
1497
-917
3393
2621575
388
74
109
1652
-593
4102
2622600
244
-1
48
1736
-477
4372
2623625
-61
-61
5
1887
-511
3761
2624650
36
33
46
1574
-268
3470
2625675
-7
45
17
1363
-548
3761
2626700
-94
29
-70
1565
-745
4005
2627725
-37
48
-81
1634
-601
4098
2628750
11
33
-71
1608
-405
4036
2629775
7
-7
-60
1606
-344
3940
2622593
-18
-27
-40
1571
-379
3872
2623618
-30
-24
-17
1544
-456
3831
2624643
-5
-9
-6
1531
-490
3815
2625668
26
6
-4
1576
-452
3848
2626693
22
8
2
1615
-454
3881
2627718
12
-3
9
1604
-509
3904
2628743
10
-6
9
1597
-528
3885
2629768
6
-3
-5
1590
-511
3849
2630793
-2
-2
-17
1591
-494
3844
2631818
-9
-1
-26
1609
-454
3851
2632843
-8
1
-22
1590
-443
3867
2633868
-5
-3
-17
1576
-448
3900
2634893
6
-4
-8
1569
-448
3904
2635918
20
-2
5
1555
-436
3873
2636943
21
-8
14
1556
-451
3888
2637968
17
-11
18
1585
-469
3883
2630784
8
-13
16
1595
-479
3884
2631809
1
-15
7
1607
-481
3879
2632834
1
-13
2
1601
-467
3850
2633859
-4
-11
-1
1593
-461
3838
2634884
-6
-6
-2
1588
-479
3841
2635909
5
0
-3
1588
-472
3867
2636934
5
0
-2
1602
-459
3884
2637959
1
-1
2
1599
-441
3869
2638984
-6
-3
5
1590
-447
3876
2640009
-10
-9
6
1600
-469
3888
2641034
1
-4
9
1590
-470
3866
2642059
6
-5
11
1571
-481
3866
2643084
5
-8
10
1586
-470
3881
2644109
1
-8
9
1594
-458
3881
2645134
-8
-10
7
1594
-470
3862
2646159
-4
-8
4
1601
-479
3854
2638975
7
-3
-1
1609
-465
3847
2640000
5
1
-3
1601
-464
3843
2641025
-1
2
-5
1599
-461
3868
2642050
-1
7
-1
1587
-447
3861
2643075
-3
10
-1
1584
-444
3864
2644100
-10
5
-4
1585
-474
3884
2645125
3
7
-4
1581
-460
3891
2646150
3
3
3
1580
-464
3892
2647175
5
-3
8
1596
-459
3898
2648200
7
-6
10
1595
-429
3902
2649225
-9
-16
12
1588
-444
3873
2650250
-5
-19
15
1594
-468
3859
2651275
23
-10
16
1595
-444
3845
2652300
32
-5
21
1580
-436
3854
2653325
18
-5
25
1574
-462
3865
2654350
10
-3
24
1583
-478
3859
2647169
9
2
22
1596
-490
3856
2648194
2
8
14
1604
-499
3849
2649219
1
15
5
1601
-473
3850
2650244
-5
9
2
1595
-446
3887
2651269
-15
1
1
1589
-452
3901
2652294
-7
3
2
1569
-463
3892
2653319
-3
1
-1
1572
-443
3894
2654344
-7
-10
2
1583
-443
3895
2655369
-2
-15
7
1581
-443
3893
2656394
-2
-17
9
1584
-445
3879
2657419
-6
-19
9
1588
-467
3868
2658444
-1
-18
7
1598
-472
3853
2659469
6
-14
9
1604
-465
3854
2660494
-1
-13
7
1601
-480
3859
2661519
-1
-11
2
1600
-487
3860
2662544
4
-4
-1
1591
-458
3857
2655360
0
0
0
1581
-454
3847
2656385
3
10
1
1606
-450
3833
2657410
19
38
3
1600
-467
3809
2658435
50
68
5
1573
-458
3825
2659460
65
46
19
1571
-403
3931
2660485
-2
-9
14
1617
-388
4027
2661510
-53
-32
6
1617
-496
3988
2662535
-3
-15
8
1541
-477
3884
2663560
27
-26
14
1517
-384
3849
2664585
-6
-34
28
1538
-457
3785
2665610
15
-7
26
1587
-473
3797
2666635
15
2
22
1626
-405
3878
2667660
-46
-3
9
1630
-468
3915
2668685
-71
37
-73
1765
-555
3919
2669710
-80
84
-41
1553
-570
4031
2670735
-96
-123
-3
1253
-522
4624
2663551
129
-202
-165
1440
-640
3957
2664576
88
-52
-79
2012
9
3121
2665601
106
101
116
1370
-470
2930
2666626
177
116
73
1580
-581
3485
2667651
203
99
43
1831
-427
4156
2668676
96
30
19
1688
-271
4599
2669701
-105
-92
-28
1590
-395
4302
2670726
-116
-117
-23
1543
-342
3871
2671751
-110
-104
26
1407
-310
3768
2672776
-142
-102
27
1469
-484
3792
2673801
-72
-59
22
1572
-516
3835
2674826
4
-25
16
1657
-471
3829
2675851
46
-5
5
1708
-477
3769
2676876
69
11
-4
1722
-475
3734
2677901
68
29
-9
1670
-472
3749
2678926
49
36
-21
1611
-490
3835
2671745
19
37
-38
1596
-455
3914
2672770
-9
33
-39
1577
-408
3936
2673795
-26
16
-32
1566
-392
3951
2674820
-30
-1
-24
1582
-391
3944
2675845
-18
-7
-10
1601
-385
3879
2676870
3
-5
4
1598
-396
3862
2677895
27
-8
14
1601
-397
3888
2678920
14
-21
20
1616
-390
3897
2679945
-12
-33
21
1615
-439
3882
2680970
-5
-27
16
1601
-463
3840
2681995
3
-16
8
1588
-458
3804
2683020
-7
-8
3
1610
-459
3809
2684045
-12
-1
-3
1639
-453
3839
2685070
-11
8
-8
1632
-427
3845
2686095
-13
10
-13
1619
-402
3851
2687120
-15
9
-15
1613
-398
3858
2680179
-12
10
-11
1600
-399
3874
2681204
-3
7
-4
1589
-411
3897
2682229
6
3
5
1583
-427
3904
2683254
9
-2
16
1582
-427
3893
2684279
-7
-10
17
1608
-441
3885
2685304
-26
-16
8
1626
-452
3876
2686329
-28
-15
-1
1625
-452
3852
2687354
-20
-12
-5
1621
-447
3831
2688379
-11
-6
-7
1612
-438
3828
2689404
-5
3
-8
1596
-430
3839
2690429
-9
8
-10
1590
-431
3859
2691454
-18
8
-11
1599
-437
3857
2692479
-12
12
-10
1603
-424
3855
2693504
-14
12
-9
1603
-407
3881
2694529
-22
4
-6
1611
-438
3895
2695554
-11
2
-2
1613
-444
3885
2688128
-4
1
-1
1607
-420
3873
2689153
-7
-3
4
1596
-420
3875
2690178
-8
-6
5
1597
-438
3868
2691203
-3
-6
7
1595
-432
3872
2692228
-3
-7
7
1599
-427
3871
2693253
-8
-7
7
1608
-433
3858
2694278
-9
-5
2
1612
-447
3842
2695303
-3
0
0
1607
-454
3850
2696328
-2
4
-3
1606
-448
3868
2697353
-5
8
-3
1587
-423
3861
2698378
-22
6
-6
1596
-425
3870
2699403
-24
4
-8
1614
-450
3875
2700428
-4
8
-3
1589
-447
3875
2701453
3
13
2
1569
-455
3861
2702478
8
23
3
1569
-448
3838
2703503
10
22
4
1597
-450
3858
2696321
12
7
6
1651
-382
3913
2697346
-3
0
18
1604
-389
3939
2698371
-23
-17
17
1606
-417
3912
2699396
6
-16
21
1565
-479
3876
2700421
43
-27
19
1561
-414
3953
2701446
9
-56
31
1598
-402
3961
2702471
8
-63
47
1592
-474
3863
2703496
53
-49
43
1589
-422
3845
2704521
11
-48
25
1609
-448
3782
2705546
1
-13
9
1621
-531
3682
2706571
26
19
7
1633
-438
3755
2707596
31
20
10
1655
-406
3866
2708621
35
15
15
1612
-360
3931
2709646
-1
-3
16
1575
-400
3931
2710671
-15
-19
6
1583
-455
3899
2711696
37
-13
18
1583
-388
3873
2704512
31
1
41
1557
-382
3818
2705537
6
-5
49
1618
-444
3786
2706562
24
-17
56
1635
-416
3970
2707587
-21
-40
49
1643
-363
4093
2708612
-149
-28
-11
1696
-525
4166
2709637
-225
-9
-24
1622
-702
4209
2710662
-145
-110
80
1555
-362
3933
2711687
0
-210
11
1211
-163
4110
2712712
67
-69
-227
1730
-775
2841
2713737
189
223
103
1806
-75
2455
2714762
181
286
165
1549
-458
3098
2715787
113
186
100
1879
-674
4264
2716812
197
75
37
1826
-562
5027
2717837
77
-27
-58
1665
-316
4656
2718862
12
-89
-49
1432
-269
3976
2719887
-71
-115
-14
1307
-251
3738
2712704
-258
-136
-5
1408
-434
3761
2713729
-295
-117
4
1551
-565
3834
2714754
-152
-75
8
1672
-559
3836
2715779
41
-26
-2
1728
-511
3754
2716804
143
9
-14
1734
-399
3711
2717829
100
18
-17
1712
-404
3696
2718854
47
27
-21
1638
-530
3756
2719879
33
38
-39
1617
-545
3872
2720904
11
39
-49
1615
-454
3930
2721929
-16
24
-41
1575
-406
3960
2722954
-30
0
-37
1563
-374
3961
2723979
-34
-16
-28
1583
-362
3923
2725004
-23
-25
-14
1599
-394
3893
2726029
7
-26
-1
1618
-396
3877
2727054
26
-29
15
1607
-388
3862
2728079
24
-30
25
1613
-407
3840
2720896
16
-25
28
1613
-443
3826
2721921
12
-19
20
1638
-458
3827
2722946
7
-12
10
1651
-458
3831
2723971
1
-6
1
1647
-455
3827
2724996
-9
0
-6
1637
-434
3826
2726021
-18
3
-10
1635
-422
3839
2727046
-18
5
-14
1627
-434
3855
2728071
0
10
-12
1608
-406
3862
2729096
4
11
-8
1606
-401
3872
2730121
2
9
-1
1620
-402
3868
2731146
3
6
7
1612
-417
3874
2732171
1
-3
6
1627
-458
3907
2733196
16
-5
7
1633
-436
3891
2734221
8
-8
7
1624
-402
3850
2735246
-24
-16
1
1635
-434
3841
2736271
-24
-14
-2
1629
-458
3837
2729087
0
-3
-2
1610
-442
3838
2730112
9
3
1
1607
-442
3832
2731137
9
7
-1
1628
-428
3849
2732162
-6
5
-2
1643
-424
3864
2733187
-7
0
-3
1631
-426
3872
2734212
2
-1
-2
1615
-417
3871
2735237
9
-2
0
1613
-410
3856
2736262
14
-1
3
1604
-418
3870
2737287
14
-3
5
1609
-436
3864
2738312
13
-3
9
1623
-416
3851
2739337
7
-4
9
1627
-425
3849
2740362
0
-2
3
1623
-423
3863
2741387
-13
-5
-4
1625
-425
3864
2742412
-18
-4
-7
1624
-421
3853
2743437
-12
-3
-4
1627
-413
3846
2744462
0
1
1
1609
-407
3847
2737280
7
3
5
1602
-408
3862
2738305
2
3
6
1610
-419
3882
2739330
-5
-1
6
1630
-428
3883
2740355
-5
-4
5
1643
-434
3872
2741380
-3
-6
5
1634
-425
3857
2742405
-5
-7
6
1617
-423
3858
2743430
-12
-9
3
1625
-435
3865
2744455
-8
-5
0
1620
-432
3855
2745480
-9
-3
0
1614
-428
3857
2746505
-16
-5
0
1616
-430
3843
2747530
-11
-2
2
1612
-437
3845
2748555
-5
0
-1
1624
-428
3861
2749580
-12
-1
-6
1635
-426
3863
2750605
-18
-2
-9
1631
-441
3855
2751630
-14
-3
-8
1624
-426
3867
2752655
-14
6
-2
1609
-427
3821
2745472
-9
18
0
1608
-438
3820
2746497
-12
27
-1
1623
-455
3835
2747522
9
58
4
1597
-463
3819
2748547
36
46
13
1586
-414
3900
2749572
-22
-10
18
1680
-370
3981
2750597
-37
-23
21
1608
-473
3945
2751622
14
-33
15
1582
-471
3901
2752647
24
-61
10
1603
-365
3909
2753672
-15
-93
22
1620
-352
3925
2754697
-26
-93
29
1602
-414
3888
2755722
-6
-64
19
1596
-498
3737
2756747
30
-28
5
1630
-482
3669
2757772
8
-15
3
1679
-422
3734
2758797
-8
-15
9
1718
-417
3820
2759822
16
15
4
1656
-405
3879
2760847
-16
12
-18
1625
-441
3877
2753665
-25
5
-26
1634
-456
3842
2754690
0
10
-7
1604
-389
3880
2755715
0
-2
11
1606
-368
3916
2756740
2
-7
21
1606
-371
3898
2757765
-7
-14
24
1604
-413
3864
2758790
-10
-15
22
1632
-441
3809
2759815
4
-4
25
1645
-437
3807
2760840
-53
16
-2
1680
-416
3937
2761865
-252
29
-89
1762
-696
4085
2762890
-174
16
-69
1761
-680
3979
2763915
198
-78
51
1135
-37
4659
2764940
111
-85
-142
1514
-586
3130
2765965
-119
56
46
1955
-62
2711
2766990
-62
160
78
1583
-863
3417
2768015
187
214
32
1889
-717
3788
2769040
409
238
54
1680
-315
4143
2761856
268
97
19
1513
-259
4444
2762881
15
-51
-11
1549
-86
4432
2763906
-218
-163
12
1501
-337
4021
2764931
-154
-145
33
1465
-455
3829
2765956
-91
-102
34
1475
-420
3842
2766981
-92
-95
32
1581
-477
3860
2768006
-67
-82
32
1681
-501
3799
2769031
-18
-60
21
1724
-510
3728
2770056
26
-34
-2
1730
-510
3712
2771081
43
-8
-24
1712
-490
3718
2772106
35
27
-36
1644
-447
3731
2773131
7
37
-45
1609
-487
3810
2774156
9
41
-52
1616
-448
3897
2775181
17
40
-38
1603
-376
3921
2776206
-1
20
-22
1591
-384
3943
2777231
-16
0
-13
1614
-405
3934
2770049
-7
-11
-4
1623
-384
3918
2771074
8
-19
6
1610
-382
3906
2772099
14
-29
15
1613
-405
3868
2773124
13
-31
21
1629
-420
3836
2774149
14
-28
24
1635
-446
3831
2775174
16
-20
19
1638
-449
3818
2776199
14
-12
11
1642
-444
3809
2777224
5
-6
3
1650
-433
3816
2778249
-5
2
-4
1651
-422
3832
2779274
-18
6
-8
1645
-425
3835
2780299
-18
10
-9
1639
-416
3838
2781324
-8
13
-7
1619
-413
3860
2782349
1
14
-4
1605
-416
3866
2783374
7
11
1
1606
-409
3883
2784399
4
2
7
1620
-402
3901
2785424
0
-6
11
1624
-405
3894
2778239
-1
-14
13
1630
-424
3877
2779264
5
-15
10
1640
-432
3856
2780289
6
-12
8
1645
-423
3823
2781314
4
-10
5
1636
-426
3836
2782339
0
-2
3
1623
-422
3818
2783364
-10
5
-1
1629
-419
3828
2784389
-18
4
-8
1644
-454
3851
2785414
-2
10
-10
1634
-420
3865
2786439
-2
10
-4
1610
-416
3872
2787464
-13
3
-3
1627
-423
3875
2788489
-12
-1
-2
1642
-415
3889
2789514
-15
-10
0
1624
-410
3885
2790539
-13
-16
1
1626
-405
3861
2791564
-8
-17
4
1628
-413
3845
2792589
2
-13
7
1628
-418
3838
2793614
11
-10
12
1626
-430
3847
2786432
15
-4
16
1621
-437
3837
2787457
8
-4
14
1643
-427
3850
2788482
-10
-5
8
1646
-426
3844
2789507
-21
-5
0
1636
-428
3831
2790532
-17
7
-1
1632
-431
3808
2791557
-2
27
5
1624
-420
3794
2792582
18
50
9
1614
-434
3804
2793607
31
54
12
1606
-407
3866
2794632
-3
9
22
1626
-377
3998
2795657
-44
-30
19
1644
-436
4017
2796682
-5
-16
16
1606
-468
3847
2797707
37
-13
20
1605
-378
3796
2798732
-1
-42
29
1636
-387
3857
2799757
-20
-56
39
1632
-453
3914
2800782
2
-49
35
1630
-456
3873
2801807
36
-17
25
1624
-455
3766
2794624
45
5
22
1610
-441
3732
2795649
21
-5
21
1655
-426
3831
2796674
6
0
15
1673
-477
3844
2797699
39
29
12
1632
-416
3829
2798724
25
3
10
1625
-397
3888
2799749
14
-22
6
1630
-406
3959
2800774
4
-26
11
1614
-370
3974
2801799
-15
-28
18
1591
-418
3855
2802824
-11
-22
19
1614
-399
3795
2803849
-6
-18
22
1639
-390
3827
2804874
-13
-15
20
1622
-390
3900
2805899
-111
-1
-23
1674
-465
4026
2806924
-197
-5
-99
1816
-676
4117
2807949
-128
20
-45
1622
-505
3908
2808974
8
-91
15
1226
-166
4249
2809999
73
-5
-157
1523
-753
2716
2802817
120
250
-31
2006
-75
2812
2803842
132
242
93
1625
-555
3666
2804867
322
176
42
1849
-678
4155
2805892
516
144
65
1589
-120
4797
2806917
91
-52
-1
1472
-66
4649
2807942
-222
-201
-18
1555
-365
3992
2808967
-189
-162
39
1413
-254
3701
2809992
-252
-154
55
1445
-394
3761
2811017
-239
-135
37
1599
-599
3808
2812042
-74
-77
28
1705
-530
3779
2813067
32
-34
14
1736
-443
3723
2814092
44
-5
-3
1729
-415
3642
2815117
21
22
-15
1680
-453
3653
2816142
-10
32
-33
1660
-496
3796
2817167
-21
48
-48
1651
-471
3873
2818192
-4
73
-50
1578
-418
3874
2811008
-10
55
-47
1575
-383
3942
2812033
-39
24
-34
1613
-383
3987
2813058
-29
12
-17
1613
-382
3946
2814083
-5
6
-2
1604
-372
3921
2815108
-3
-16
10
1597
-371
3908
2816133
-5
-30
20
1613
-389
3868
2817158
-4
-35
24
1621
-422
3847
2818183
0
-34
23
1641
-438
3828
2819208
-3
-25
16
1646
-461
3781
2820233
-4
-14
7
1635
-482
3790
2821258
0
-5
-5
1641
-441
3838
2822283
-19
0
-13
1642
-425
3837
2823308
-37
3
-19
1642
-426
3832
2824333
-26
9
-21
1625
-430
3863
2825358
-3
14
-15
1595
-425
3882
2826383
2
10
-4
1593
-416
3900
2819199
-3
-1
2
1625
-400
3907
2820224
-7
-10
7
1627
-402
3913
2821249
-10
-21
6
1633
-415
3888
2822274
-1
-21
6
1641
-427
3839
2823299
12
-14
10
1629
-418
3809
2824324
7
-10
8
1628
-428
3836
2825349
-3
-9
5
1633
-456
3859
2826374
-1
-5
6
1625
-453
3854
2827399
-2
-1
5
1638
-434
3832
2828424
-16
-1
-1
1633
-428
3845
2829449
-16
0
-7
1635
-427
3859
2830474
-9
2
-8
1623
-423
3863
2831499
-6
1
-4
1611
-418
3861
2832524
1
0
1
1621
-426
3875
2833549
6
-3
4
1611
-421
3879
2834574
0
-10
5
1623
-429
3875
2827394
0
-13
5
1645
-424
3868
2828419
4
-12
7
1641
-419
3849
2829444
5
-14
7
1639
-418
3843
2830469
1
-13
8
1633
-422
3849
2831494
-1
-10
8
1636
-435
3852
2832519
-1
-8
4
1640
-434
3846
2833544
4
-6
5
1634
-429
3853
2834569
3
-4
6
1628
-423
3854
2835594
9
-3
7
1642
-415
3859
2836619
12
-2
9
1637
-397
3853
2837644
3
-5
8
1628
-423
3863
2838669
4
-2
9
1632
-447
3846
2839694
21
9
10
1629
-432
3841
2840719
19
14
10
1620
-404
3839
2841744
1
13
8
1633
-417
3844
2842769
-12
24
6
1623
-463
3814
2835584
1
15
5
1646
-430
3869
2836609
0
-7
13
1627
-411
3930
2837634
-12
-15
14
1619
-422
3906
2838659
-7
-10
10
1623
-421
3835
2839684
10
-11
14
1632
-403
3832
2840709
7
-24
21
1644
-378
3882
2841734
1
-28
28
1635
-418
3883
2842759
37
-10
29
1611
-442
3823
2843784
72
-25
33
1610
-386
3831
2844809
46
-56
42
1646
-384
3934
2845834
-20
-52
26
1655
-525
3845
2846859
14
-17
16
1660
-467
3757
2847884
18
-7
11
1648
-360
3849
2848909
-22
-21
6
1652
-411
3847
2849934
1
3
10
1636
-372
3810
2850959
-57
30
-6
1643
-354
3876
2843777
-203
89
-102
1756
-613
3914
2844802
-8
99
-19
1685
-555
4076
2845827
74
-46
37
1235
-63
4878
2846852
-24
-176
-179
1495
-589
3592
2847877
-63
-31
24
2000
23
2618
2848902
61
104
143
1418
-644
3114
2849927
71
146
49
1783
-708
3699
2850952
268
176
45
1793
-472
4235
2851977
163
65
14
1612
-249
4546
2853002
-132
-90
-53
1649
-402
4196
2854027
-147
-123
-23
1566
-379
3856
2855052
-144
-103
13
1442
-330
3835
2856077
-164
-103
4
1528
-495
3866
2857102
-59
-66
7
1612
-437
3874
2858127
-12
-48
11
1694
-381
3828
2859152
-3
-33
16
1723
-444
3723
2851968
37
-3
20
1695
-499
3679
2852993
52
17
3
1704
-508
3741
2854018
46
36
-12
1679
-476
3791
2855043
27
43
-24
1616
-465
3883
2856068
-10
27
-36
1616
-444
3950
2857093
-30
14
-36
1633
-402
3939
2858118
-29
1
-23
1612
-388
3905
2859143
-23
-14
-17
1613
-383
3892
2860168
-13
-20
-10
1629
-373
3867
2861193
6
-21
2
1630
-401
3860
2862218
29
-19
11
1642
-407
3857
2863243
34
-16
21
1637
-406
3844
2864268
20
-13
27
1632
-440
3816
2865293
5
-16
19
1659
-488
3830
2866318
11
-11
9
1677
-449
3847
2867343
2
-8
-1
1660
-408
3835
2860160
-22
-9
-7
1647
-414
3815
2861185
-18
-4
-11
1648
-418
3822
2862210
-4
1
-7
1640
-411
3846
2863235
7
4
-1
1639
-402
3860
2864260
5
4
3
1631
-409
3863
2865285
-5
-1
6
1629
-420
3862
2866310
-3
-4
7
1641
-440
3869
2867335
8
-3
9
1648
-435
3852
2868360
4
-5
9
1649
-435
3842
2869385
-9
-7
6
1657
-439
3838
2870410
-10
-6
4
1659
-442
3836
2871435
-6
-2
0
1645
-437
3821
2872460
-3
4
-3
1633
-428
3831
2873485
-5
6
-7
1637
-426
3850
2874510
-5
7
-6
1649
-406
3862
2875535
-4
6
-3
1649
-408
3864
2868351
-8
3
-3
1649
-413
3850
2869376
-9
1
-2
1644
-425
3854
2870401
-1
1
0
1634
-425
3861
2871426
4
2
3
1626
-404
3847
2872451
-10
-2
3
1631
-420
3852
2873476
-17
-4
0
1639
-431
3860
2874501
-7
-3
2
1641
-425
3867
2875526
4
-5
5
1634
-432
3861
2876551
13
-5
10
1642
-403
3857
2877576
6
-7
12
1641
-398
3848
2878601
-6
-10
11
1651
-416
3846
2879626
-3
-7
10
1651
-435
3854
2880651
7
-4
8
1651
-449
3844
2881676
12
-3
5
1645
-451
3847
2882701
8
-2
4
1635
-438
3849
2883726
-1
-1
4
1633
-436
3844
2876544
-11
2
3
1643
-437
3836
2877569
-11
13
1
1645
-436
3804
2878594
-3
46
2
1621
-447
3749
2879619
24
82
3
1605
-476
3756
2880644
59
48
9
1675
-367
3942
2881669
1
-12
27
1674
-350
4074
2882694
-12
-43
26
1629
-419
3964
2883719
43
-28
26
1571
-407
3860
2884744
16
-57
18
1598
-371
3915
2885769
-11
-64
26
1608
-473
3831
2886794
49
-19
31
1622
-387
3707
2887819
-23
6
28
1656
-314
3806
2888844
-316
63
-82
1814
-593
3845
2889869
-293
161
-84
1747
-827
3900
2890894
-37
38
85
1314
-23
4918
2891919
-382
-281
-44
1243
-125
4786
2884736
-717
-278
-182
1967
-835
2452
2885761
51
27
87
1603
-610
2373
2886786
228
203
104
1622
-555
3137
2887811
288
229
94
1931
-677
3728
2888836
522
211
98
1774
-376
4540
2889861
351
35
10
1605
-143
4933
2890886
-64
-137
-30
1563
-342
4254
2891911
-160
-155
11
1446
-507
3678
2892936
-117
-123
17
1426
-581
3649
2893961
-94
-88
-3
1547
-610
3797
2894986
-40
-46
-9
1685
-502
3884
2896011
5
-23
-12
1751
-446
3846
2897036
42
-12
-17
1746
-422
3752
2898061
51
-6
-25
1720
-415
3723
2899086
41
5
-34
1667
-484
3747
2900111
52
25
-38
1627
-506
3785
2893129
73
42
-34
1602
-458
3840
2894154
64
35
-21
1605
-440
3887
2895179
51
21
-5
1615
-417
3923
2896204
36
3
6
1627
-414
3953
2897229
18
-12
4
1645
-419
3914
2898254
12
-19
1
1630
-402
3867
2899279
2
-25
1
1628
-408
3843
2900304
-3
-29
7
1651
-444
3829
2901329
11
-21
12
1638
-454
3817
2902354
21
-14
9
1628
-440
3844
2903379
16
-12
3
1647
-437
3821
2904404
11
-6
2
1658
-407
3818
2905429
0
-5
2
1670
-426
3832
2906454
0
1
3
1671
-422
3822
2907479
2
7
5
1646
-415
3832
2908504
-7
4
2
1646
-431
3854
2901120
-2
5
2
1630
-428
3865
2902145
-1
3
3
1625
-425
3869
2903170
0
-3
4
1643
-428
3879
2904195
5
-5
8
1639
-421
3870
2905220
5
-8
9
1639
-420
3861
2906245
2
-12
7
1644
-432
3840
2907270
9
-8
7
1655
-426
3850
2908295
6
-7
6
1650
-423
3832
2909320
-2
-3
5
1649
-417
3815
2910345
-12
-1
1
1645
-443
3840
2911370
-11
-1
-4
1645
-458
3851
2912395
6
4
-4
1631
-435
3857
2913420
2
2
-2
1642
-419
3866
2914445
-8
-2
-2
1663
-406
3864
2915470
-7
-5
1
1643
-405
3857
2916495
-4
-8
3
1641
-399
3849
2909312
3
-8
5
1643
-410
3843
2910337
18
-6
9
1634
-425
3852
2911362
26
-4
12
1635
-418
3858
2912387
18
-5
15
1636
-426
3851
2913412
3
-8
14
1660
-433
3847
2914437
-2
-7
10
1656
-444
3849
2915462
0
-7
2
1654
-425
3846
2916487
-1
-5
-2
1645
-407
3841
2917512
-9
-5
0
1641
-408
3836
2918537
-7
-4
2
1652
-424
3847
2919562
4
0
5
1652
-424
3858
2920587
4
0
6
1639
-417
3858
2921612
2
-1
5
1639
-417
3857
2922637
3
-3
6
1644
-427
3855
2923662
-1
-3
7
1647
-426
3840
2924687
-3
-2
6
1654
-427
3828
2917504
-4
12
8
1668
-426
3790
2918529
11
52
11
1635
-472
3754
2919554
34
68
7
1625
-418
3823
2920579
32
28
22
1635
-433
3909
2921604
47
7
22
1656
-445
3851
2922629
87
10
24
1626
-390
3864
2923654
91
-24
24
1644
-338
3949
2924679
73
-57
37
1634
-303
3987
2925704
25
-64
52
1592
-316
3917
2926729
-37
-77
47
1588
-451
3791
2927754
2
-70
42
1663
-463
3777
2928779
100
-24
39
1667
-341
3888
2929804
40
-20
37
1649
-272
3994
2930829
-130
-68
36
1619
-549
3833
2931854
-87
-45
-3
1695
-633
3644
2932879
26
10
-24
1690
-384
3751
2925697
-76
46
-79
1739
-249
3945
2926722
-203
46
-122
1684
-504
4228
2927747
-214
-9
-102
1657
-570
3976
2928772
35
-67
-125
1460
-507
3837
2929797
372
7
-186
1430
-487
3154
2930822
11
174
-24
1989
474
3228
2931847
-246
92
184
1648
-720
3576
2932872
327
194
110
1725
-651
4040
2933897
502
142
100
1501
-92
4735
2934922
-61
-130
14
1633
-331
4426
2935947
-268
-187
-17
1756
-547
3739
2936972
-110
-101
39
1473
-300
3674
2937997
-159
-104
28
1498
-375
3852
2939022
-210
-102
2
1646
-526
3882
2940047
-110
-64
-2
1706
-487
3760
2941072
31
-9
-15
1714
-442
3631
2933888
90
18
-18
1732
-356
3696
2934913
40
18
-9
1732
-364
3790
2935938
0
19
-2
1673
-457
3856
2936963
20
24
-11
1640
-462
3886
2937988
47
25
-13
1608
-388
3889
2939013
25
17
-14
1591
-394
3912
2940038
-19
-3
-16
1643
-411
3904
2941063
-25
-9
-6
1655
-403
3866
2942088
-11
-13
-3
1664
-400
3853
2943113
2
-17
-6
1685
-387
3846
2944138
3
-14
-3
1669
-376
3826
2945163
-8
-13
-1
1656
-407
3828
2946188
-4
-9
0
1652
-404
3813
2947213
-7
4
4
1641
-396
3798
2948238
-19
3
2
1649
-421
3828
2949263
-16
4
-4
1673
-429
3852
2942080
-9
10
-5
1663
-416
3846
2943105
-12
10
-3
1660
-413
3841
2944130
-12
7
-6
1661
-406
3849
2945155
-13
6
-8
1656
-399
3868
2946180
-14
4
-8
1644
-394
3852
2947205
-11
2
-6
1636
-410
3845
2948230
1
6
-4
1644
-413
3853
2949255
8
8
3
1643
-396
3861
2950280
6
6
9
1637
-396
3852
2951305
0
6
12
1636
-405
3838
2952330
-13
5
9
1648
-420
3824
2953355
-21
7
1
1676
-420
3831
2954380
-18
12
-4
1663
-418
3836
2955405
-16
16
-8
1640
-418
3837
2956430
-13
14
-9
1639
-415
3853
2957455
-7
15
-8
1640
-405
3870
2950272
-4
14
-5
1622
-395
3869
2951297
-6
10
-5
1627
-399
3871
2952322
-6
6
-2
1643
-406
3877
2953347
-1
2
3
1643
-402
3877
2954372
3
-2
7
1639
-396
3866
2955397
5
-4
11
1630
-404
3855
2956422
4
-8
13
1633
-416
3862
2957447
4
-7
11
1636
-417
3861
2958472
5
-5
10
1634
-432
3842
2959497
12
-3
10
1638
-423
3853
2960522
18
-5
7
1639
-408
3869
2961547
16
-2
5
1640
-413
3840
2962572
30
14
6
1629
-440
3795
2963597
68
40
11
1622
-411
3792
2964622
89
54
19
1609
-427
3805
2965647
84
7
34
1681
-338
3948
2958463
18
-56
41
1716
-287
4127
2959488
-27
-64
26
1619
-461
3944
2960513
18
-35
19
1568
-353
3790
2961538
-21
-43
26
1577
-404
3766
2962563
-6
-28
19
1642
-477
3735
2963588
54
17
20
1660
-373
3743
2964613
26
25
23
1679
-371
3781
2965638
14
35
13
1688
-392
3836
2966663
-1
24
9
1662
-358
3909
2967688
-41
20
5
1646
-328
3806
2968713
-145
118
-57
1632
-391
3695
2969738
-148
144
-70
1697
-775
4030
2970763
29
-66
20
1448
-298
5354
2971788
-53
-279
-133
1210
-287
4689
2972813
-317
-302
-57
2051
-97
2728
2973838
146
-12
167
1507
-381
2324
2966657
365
189
170
1453
-493
3168
2967682
248
157
95
1929
-606
4017
2968707
139
80
36
1800
-516
4630
2969732
-76
-52
-64
1776
-504
4157
2970757
-64
-54
-60
1646
-217
3594
2971782
-124
-33
-22
1384
-201
3790
2972807
-232
-64
-64
1519
-510
4103
2973832
-162
-61
-56
1626
-378
4154
2974857
-100
-72
-14
1629
-275
4005
2975882
-50
-90
12
1666
-377
3804
2976907
21
-76
35
1697
-433
3715
2977932
66
-50
47
1707
-469
3690
2978957
102
-16
41
1686
-480
3701
2979982
94
9
19
1694
-480
3748
2981007
47
21
-1
1707
-462
3773
2982032
13
29
-13
1694
-467
3805
2974848
-4
32
-29
1672
-460
3860
2975873
-6
32
-42
1666
-399
3879
2976898
-16
31
-39
1635
-340
3859
2977923
-39
20
-33
1632
-344
3872
2978948
-29
10
-21
1635
-373
3884
2979973
10
7
0
1629
-369
3874
2980998
38
6
17
1626
-378
3878
2982023
36
-2
19
1658
-386
3886
2983048
28
-11
22
1663
-394
3868
2984073
11
-20
18
1669
-400
3859
2985098
-1
-24
12
1684
-413
3821
2986123
0
-19
8
1667
-411
3818
2987148
0
-12
2
1665
-404
3816
2988173
6
-5
1
1649
-412
3828
2989198
9
-1
2
1643
-393
3821
2990223
4
2
3
1639
-390
3834
2983039
-4
2
2
1648
-403
3851
2984064
-2
3
1
1651
-390
3864
2985089
-3
-1
1
1664
-400
3865
2986114
-1
-4
1
1670
-394
3862
2987139
3
-8
4
1656
-387
3853
2988164
2
-8
7
1642
-386
3843
2989189
-2
-10
5
1643
-395
3844
2990214
0
-9
2
1658
-404
3836
2991239
2
-6
1
1668
-396
3832
2992264
-2
-5
1
1678
-385
3828
2993289
-8
-4
2
1663
-397
3832
2994314
-10
-4
2
1654
-402
3852
2995339
-11
-4
2
1656
-397
3847
2996364
-7
-4
2
1653
-397
3848
2997389
-3
-3
3
1651
-389
3850
2998414
-4
-7
5
1655
-385
3838
2991232
-3
-4
5
1658
-392
3840
2992257
-3
-2
3
1668
-389
3840
2993282
-5
-2
2
1669
-401
3834
2994307
0
-1
4
1664
-404
3845
2995332
2
2
6
1654
-399
3845
2996357
-6
3
4
1650
-388
3834
2997382
-16
1
1
1650
-417
3845
2998407
-6
2
-1
1648
-408
3848
2999432
2
4
1
1649
-399
3863
3000457
-6
-1
4
1661
-395
3871
3001482
-13
-7
4
1663
-407
3858
3002507
-8
-7
3
1664
-395
3829
3003532
3
25
6
1652
-426
3761
3004557
36
66
11
1616
-407
3761
3005582
45
47
14
1674
-383
3814
3006607
91
26
53
1638
-394
3798
2999424
86
8
48
1645
-192
4044
3000449
-245
-67
11
1721
-305
4173
3001474
-380
-77
20
1640
-454
3994
3002499
-380
-68
19
1564
-378
3818
3003524
-396
-103
31
1612
-518
3717
3004549
-285
-91
42
1640
-591
3742
3005574
-112
-61
33
1713
-624
3723
3006599
38
-6
25
1713
-526
3698
3007624
23
26
11
1708
-427
3704
3008649
-94
81
-36
1774
-414
3727
3009674
-225
139
-85
1749
-527
4068
3010699
-428
29
-48
1509
-504
4414
3011724
-321
-190
-35
1141
-948
4054
3012749
-380
-93
-158
2122
-423
3209
3013774
-340
-25
121
1777
-374
3316
3014799
-53
47
102
1550
-1198
3483
3007616
381
226
6
1768
-585
3793
3008641
282
124
30
1605
-482
4230
3009666
-36
-70
15
1657
-581
4376
3010691
-109
-141
5
1747
-674
3904
3011716
24
-78
33
1573
-499
3592
3012741
-10
-51
21
1531
-607
3658
3013766
-32
-31
-7
1662
-702
3809
3014791
17
-22
-6
1728
-663
3853
3015816
63
-21
-9
1769
-633
3799
3016841
106
-1
-12
1721
-637
3730
3017866
147
4
-22
1704
-671
3719
3018891
214
29
-19
1670
-633
3727
3019916
261
53
-14
1624
-566
3797
3020941
237
49
-22
1662
-481
3880
3021966
160
39
-14
1667
-413
3915
3022991
51
15
-10
1648
-467
3922
3015808
-2
-6
-13
1670
-524
3888
3016833
9
-10
-8
1662
-503
3873
3017858
14
-15
0
1662
-492
3862
3018883
9
-16
8
1648
-507
3830
3019908
13
-16
15
1638
-522
3823
3020933
18
-14
14
1664
-509
3808
3021958
27
-11
13
1672
-521
3793
3022983
43
-5
9
1677
-529
3798
3024008
55
2
4
1689
-503
3796
3025033
50
7
2
1678
-500
3801
3026058
43
10
-1
1665
-501
3823
3027083
50
15
0
1656
-488
3829
3028108
57
19
-1
1646
-478
3840
3029133
49
15
-3
1662
-473
3862
3030158
40
10
0
1661
-464
3870
3031183
30
2
5
1660
-464
3862
3024000
26
-4
8
1666
-464
3868
3025025
21
-7
11
1655
-463
3849
3026050
17
-10
11
1655
-475
3846
3027075
15
-12
10
1661
-474
3840
3028100
15
-12
10
1657
-469
3830
3029125
13
-9
8
1667
-465
3832
3030150
7
-7
7
1669
-469
3822
3031175
3
-4
4
1671
-479
3804
3032200
8
1
-1
1666
-477
3829
3033225
9
6
-1
1656
-461
3827
3034250
-3
5
-2
1655
-460
3826
3035275
-8
5
-3
1664
-473
3848
3036300
6
5
-2
1652
-463
3854
3037325
10
4
1
1635
-457
3853
3038350
4
1
3
1654
-449
3839
3039375
1
-1
6
1667
-446
3846
3032287
0
-4
7
1670
-452
3858
3033312
1
-6
8
1656
-445
3839
3034337
5
-6
7
1655
-465
3831
3035362
11
-5
7
1667
-466
3837
3036387
14
-2
10
1649
-458
3834
3037412
10
-1
13
1640
-463
3841
3038437
3
-2
14
1649
-473
3838
3039462
2
0
11
1655
-479
3843
3040487
3
0
2
1659
-471
3847
3041512
0
0
-1
1662
-447
3846
3042537
5
-5
0
1666
-462
3833
3043562
26
0
3
1662
-452
3851
3044587
32
0
6
1651
-447
3872
3045612
33
-1
8
1642
-457
3854
3046637
34
-2
10
1646
-445
3850
3047662
23
1
15
1648
-448
3833
3040384
21
37
22
1667
-489
3742
3041409
81
106
31
1592
-599
3625
3042434
199
101
27
1706
-513
3699
3043459
285
72
61
1690
-395
3911
3044484
252
22
58
1666
-288
4061
3045509
70
-27
55
1628
-144
4145
3046534
-107
-75
63
1538
-277
4020
3047559
-56
-59
50
1513
-422
3824
3048584
0
-29
32
1581
-394
3728
3049609
-50
-32
34
1645
-478
3739
3050634
-52
-31
22
1727
-520
3807
3051659
-2
-18
14
1722
-396
3870
3052684
-8
2
4
1661
-282
3716
3053709
-115
65
-43
1650
-204
3433
3054734
-190
149
-131
1706
-617
3522
3055759
-128
77
-152
1803
-939
4650
3048576
-162
-151
-122
1158
-309
5954
3049601
-573
-319
-213
1489
-340
3477
3050626
-381
-298
61
2076
285
3055
3051651
-290
-132
235
1359
-588
3048
3052676
195
49
197
1689
-822
2887
3053701
674
248
208
1679
-449
3375
3054726
405
168
163
1653
-479
4383
3055751
-23
-1
74
1882
-877
4373
3056776
69
-8
12
1890
-688
3815
3057801
192
44
-23
1564
-373
3787
3058826
-5
5
-87
1478
-433
4045
3059851
-196
-54
-112
1579
-460
4120
3060876
-206
-72
-93
1623
-425
4005
3061901
-107
-65
-72
1643
-419
3813
3062926
23
-45
-39
1666
-373
3712
3063951
75
-22
-2
1672
-374
3732
3056769
84
-2
18
1691
-422
3751
3057794
109
19
22
1666
-463
3808
3058819
88
22
5
1667
-502
3858
3059844
46
13
-6
1686
-516
3853
3060869
21
6
-8
1682
-500
3848
3061894
5
10
-11
1674
-446
3804
3062919
9
28
-12
1663
-413
3734
3063944
39
43
-19
1629
-451
3791
3064969
54
40
-32
1665
-442
3881
3065994
72
39
-22
1658
-387
3907
3067019
74
29
-8
1629
-362
3895
3068044
60
17
-1
1614
-351
3897
3069069
14
-1
4
1631
-359
3901
3070094
-26
-17
9
1648
-413
3881
3071119
-15
-20
13
1649
-415
3856
3072144
-6
-17
11
1632
-402
3829
3064960
-23
-17
3
1646
-419
3817
3065985
-25
-14
-3
1651
-452
3826
3067010
-8
-4
-10
1658
-430
3818
3068035
-4
8
-8
1647
-397
3805
3069060
-17
9
-9
1666
-403
3825
3070085
-12
13
-6
1652
-407
3850
3071110
-8
12
-5
1641
-386
3859
3072135
-11
8
-5
1644
-382
3843
3073160
-8
8
0
1637
-389
3859
3074185
-3
4
4
1648
-408
3864
3075210
5
2
9
1646
-425
3877
3076235
5
1
12
1630
-437
3858
3077260
-2
0
9
1631
-425
3845
3078285
-22
-3
-1
1637
-440
3839
3079310
-29
-3
-9
1655
-434
3839
3080335
-21
3
-11
1654
-412
3830
3073151
-16
6
-10
1648
-392
3817
3074176
-12
11
-9
1637
-393
3838
3075201
-12
16
-7
1624
-393
3853
3076226
-12
20
-5
1619
-393
3849
3077251
-12
16
-1
1628
-408
3868
3078276
-6
12
3
1630
-420
3887
3079301
3
7
8
1625
-421
3894
3080326
9
-1
14
1627
-420
3879
3081351
14
-7
16
1624
-420
3857
3082376
28
-8
18
1636
-429
3842
3083401
41
-1
16
1632
-430
3840
3084426
40
1
11
1640
-422
3835
3085451
33
5
6
1646
-404
3837
3086476
16
6
4
1637
-400
3851
3087501
6
6
1
1639
-424
3845
3088526
10
12
-3
1622
-415
3853
3081344
13
13
-3
1624
-389
3889
3082369
4
8
1
1615
-384
3878
3083394
-5
4
1
1622
-385
3879
3084419
-13
0
0
1635
-411
3876
3085444
-6
-4
3
1623
-418
3868
3086469
7
-2
8
1604
-411
3863
3087494
7
-4
6
1617
-408
3863
3088519
2
-6
2
1630
-405
3869
3089544
-5
-8
-2
1635
-402
3852
3090569
-9
13
0
1606
-426
3784
3091594
20
32
9
1577
-500
3730
3092619
152
34
26
1670
-461
3733
3093644
397
30
75
1652
-253
4050
3094669
256
-14
57
1595
-126
4148
3095694
-75
-71
20
1617
-409
3888
3096719
-57
-59
25
1612
-443
3784
3089536
13
-72
22
1618
-285
3973
3090561
-45
-98
23
1623
-381
4001
3091586
-24
-68
9
1600
-470
3834
3092611
-1
-32
-11
1617
-361
3658
3093636
-6
-26
-12
1666
-368
3655
3094661
38
-11
10
1691
-271
3858
3095686
18
-11
20
1679
-241
3947
3096711
-62
-13
2
1644
-320
3919
3097736
-164
-6
-31
1666
-390
3748
3098761
-39
64
-69
1702
-483
3683
3099786
23
126
-60
1676
-361
4168
3100811
-198
-93
-17
1548
-395
4775
3101836
45
-196
-99
1213
-682
4196
3102861
-74
-42
-137
1947
64
2868
3103886
-182
-2
74
1687
-427
2749
3104911
158
132
48
1624
-955
3245
3097728
652
269
25
1908
-324
3831
3098753
682
218
53
1660
59
4490
3099778
194
22
-13
1587
-61
4596
3100803
-136
-105
-9
1627
-176
4095
3101828
-179
-108
44
1443
-234
3783
3102853
-163
-102
37
1450
-376
3873
3103878
-118
-81
14
1563
-351
3987
3104903
-111
-74
20
1649
-278
3928
3105928
-129
-83
23
1715
-337
3806
3106953
-93
-74
18
1730
-426
3716
3107978
-7
-41
10
1724
-411
3667
3109003
37
1
0
1676
-356
3709
3110028
10
19
-15
1659
-356
3763
3111053
-5
34
-23
1666
-355
3827
3112078
-1
39
-24
1635
-351
3895
3113103
-11
27
-21
1640
-327
3924
3105920
-22
13
-9
1641
-309
3911
3106945
-24
0
-5
1636
-321
3897
3107970
-14
-9
-5
1638
-300
3901
3108995
-10
-16
3
1634
-297
3883
3110020
-6
-22
13
1639
-322
3860
3111045
2
-22
20
1656
-340
3846
3112070
10
-19
23
1656
-360
3832
3113095
12
-13
18
1656
-362
3822
3114120
0
-10
8
1667
-372
3824
3115145
-11
-5
0
1671
-365
3828
3116170
-16
0
-4
1672
-349
3820
3117195
-11
6
-5
1655
-332
3824
3118220
-10
9
-5
1651
-318
3842
3119245
-8
11
-1
1645
-324
3851
3120270
-2
10
3
1634
-333
3878
3121295
3
7
7
1640
-326
3892
3114113
5
0
13
1637
-329
3887
3115138
-4
-10
13
1644
-345
3882
3116163
-4
-14
14
1660
-354
3864
3117188
-5
-15
9
1663
-355
3839
3118213
-3
-13
5
1660
-348
3829
3119238
-5
-8
4
1646
-348
3813
3120263
-9
-2
0
1653
-349
3830
3121288
-4
4
-3
1646
-374
3831
3122313
7
10
-4
1628
-348
3861
3123338
-5
6
-2
1642
-345
3868
3124363
-8
1
2
1665
-348
3883
3125388
-3
-3
3
1660
-342
3868
3126413
3
-5
3
1655
-319
3850
3127438
4
-8
5
1643
-319
3837
3128463
4
-7
5
1644
-331
3848
3129488
11
-4
7
1645
-347
3848
3122304
16
0
11
1636
-345
3855
3123329
2
-3
12
1656
-348
3855
3124354
-7
-3
10
1671
-368
3844
3125379
-4
-2
6
1658
-359
3849
3126404
-4
-1
-2
1650
-332
3847
3127429
-12
0
-3
1643
-322
3839
3128454
-18
1
-1
1639
-328
3835
3129479
-4
6
3
1639
-344
3852
3130504
9
8
7
1642
-338
3863
3131529
2
5
7
1639
-338
3871
3132554
-6
-1
6
1647
-350
3877
3133579
-4
-5
5
1652
-350
3876
3134604
-5
-6
7
1655
-345
3856
3135629
-7
-7
7
1647
-349
3844
3136654
-7
-5
7
1653
-353
3845
3137679
4
-3
7
1648
-354
3849
3130496
16
2
6
1641
-337
3846
3131521
16
4
5
1640
-330
3854
3132546
10
1
5
1643
-345
3853
3133571
15
0
5
1652
-340
3868
3134596
33
-2
6
1661
-353
3846
3135621
52
6
7
1637
-332
3838
3136646
44
5
7
1631
-316
3856
3137671
24
6
7
1628
-328
3847
3138696
15
12
5
1635
-346
3844
3139721
15
33
5
1636
-373
3811
3140746
43
54
9
1604
-392
3805
3141771
72
35
19
1670
-293
3911
3142796
52
8
41
1638
-274
3935
3143821
30
-20
25
1636
-304
3893
3144846
-27
-32
6
1670
-286
3889
3145871
-77
-52
9
1636
-291
3954
3138688
-113
-86
23
1630
-219
4049
3139713
-141
-100
38
1589
-314
3922
3140738
-73
-67
30
1594
-422
3679
3141763
29
-24
20
1622
-422
3642
3142788
26
-4
20
1704
-294
3736
3143813
-26
-2
21
1722
-394
3813
3144838
-10
13
-2
1716
-390
3842
3145863
6
26
-15
1670
-338
3788
3146888
3
34
-17
1623
-334
3823
3147913
-59
48
-20
1617
-328
3812
3148938
-241
123
-81
1676
-543
3951
3149963
-244
103
-92
1759
-691
4475
3150988
-64
-94
81
1456
70
4878
3152013
25
-279
44
1036
-115
4109
3153038
-144
-189
-94
1921
-509
2415
3154063
46
48
196
1750
169
3104
3146880
-394
45
163
1742
-756
3410
3147905
-82
172
123
1980
-1069
3583
3148930
569
290
101
1787
-520
3927
3149955
671
235
71
1546
51
4196
3150980
214
74
24
1448
84
4333
3152005
-207
-70
7
1510
-372
4253
3153030
-210
-102
10
1543
-488
4128
3154055
-143
-94
-6
1566
-414
3970
3155080
-208
-113
-40
1617
-476
3795
3156105
-234
-106
-58
1683
-505
3667
3157130
-172
-64
-72
1710
-522
3616
3158155
-58
-13
-94
1723
-526
3634
3159180
45
44
-101
1681
-419
3700
3160205
48
65
-90
1620
-355
3826
3161230
-3
58
-73
1597
-375
3892
3162255
6
54
-50
1596
-373
3916
3155072
42
44
-32
1593
-355
3978
3156097
37
20
-19
1608
-329
4003
3157122
21
-10
0
1612
-340
3981
3158147
20
-31
15
1614
-367
3939
3159172
29
-44
23
1615
-381
3903
3160197
32
-52
25
1611
-412
3882
3161222
23
-54
23
1627
-428
3850
3162247
12
-47
22
1647
-415
3797
3163272
4
-33
15
1655
-415
3766
3164297
4
-19
0
1657
-406
3774
3165322
-2
-3
-9
1659
-380
3786
3166347
-8
9
-13
1650
-375
3810
3167372
-11
15
-17
1651
-369
3826
3168397
-4
20
-15
1635
-353
3850
3169422
-5
16
-11
1619
-360
3898
3170447
-6
11
-6
1631
-356
3900
3163263
0
4
5
1611
-355
3902
3164288
-2
-3
14
1632
-374
3890
3165313
9
-8
25
1633
-393
3878
3166338
27
-15
31
1644
-368
3883
3167363
24
-18
31
1638
-369
3866
3168388
5
-22
23
1643
-412
3846
3169413
9
-16
17
1648
-410
3816
3170438
11
-10
12
1648
-395
3822
3171463
-3
-6
7
1654
-399
3815
3172488
-7
1
1
1641
-403
3813
3173513
-7
7
-7
1638
-414
3834
3174538
5
13
-13
1647
-401
3874
3175563
6
16
-9
1632
-371
3871
3176588
-9
9
-7
1626
-363
3871
3177613
-18
1
-6
1637
-378
3881
3178638
-4
-2
-4
1627
-391
3891
3171456
15
-2
3
1617
-366
3879
3172481
16
-5
8
1626
-352
3873
3173506
2
-13
8
1641
-367
3867
3174531
-3
-15
7
1647
-379
3852
3175556
-1
-16
4
1654
-376
3836
3176581
11
-12
5
1646
-359
3829
3177606
16
-7
5
1634
-357
3833
3178631
10
-3
8
1618
-373
3844
3179656
6
-1
10
1625
-393
3862
3180681
8
1
10
1642
-377
3863
3181706
-3
-2
6
1647
-381
3854
3182731
-12
-4
-1
1643
-381
3860
3183756
-10
-7
-2
1642
-367
3856
3184781
-7
-6
-1
1643
-357
3850
3185806
-7
-4
2
1630
-375
3850
3186831
-1
-4
5
1619
-384
3851
3179648
5
1
9
1623
-373
3856
3180673
1
10
15
1620
-396
3831
3181698
5
27
13
1645
-385
3821
3182723
5
41
21
1626
-406
3797
3183748
34
34
33
1645
-412
3782
3184773
89
11
46
1632
-351
3881
3185798
97
-27
43
1685
-314
3998
3186823
57
-29
37
1628
-347
3962
3187848
10
-53
30
1598
-358
3895
3188873
-29
-75
35
1602
-342
3918
3189898
-46
-77
42
1603
-392
3887
3190923
9
-60
32
1641
-449
3781
3191948
72
-24
30
1648
-320
3740
3192973
31
-32
36
1651
-314
3834
3193998
-8
-29
14
1700
-389
3822
3195023
-21
-10
3
1665
-381
3807
3187839
-67
-3
-5
1641
-423
3755
3188864
-99
66
-12
1631
-315
3563
3189889
-201
168
-77
1715
-257
3751
3190914
-61
115
-49
1858
-443
4319
3191939
-10
10
5
1445
-125
5030
3192964
-276
-234
-23
982
-240
4280
3193989
-631
-167
-46
1949
5
2965
3195014
-686
-185
209
1802
-790
3002
3196039
21
-34
186
1667
-1357
3312
3197064
703
207
101
1830
-391
3626
3198089
491
138
52
1649
-246
4170
3199114
-10
-15
-21
1695
-478
4309
3200139
-151
-57
-25
1731
-555
3903
3201164
-55
-7
-7
1541
-435
3635
3202189
-23
22
-47
1497
-519
3736
3203214
2
48
-92
1590
-527
3883
3196032
14
33
-96
1679
-419
3999
3197057
-1
-6
-86
1741
-399
3980
3198082
41
-14
-67
1701
-409
3901
3199107
45
-16
-51
1615
-402
3865
3200132
14
-16
-35
1587
-420
3820
3201157
24
-8
-20
1602
-427
3809
3202182
49
0
-13
1639
-396
3844
3203207
50
4
-1
1678
-361
3811
3204232
61
5
9
1654
-400
3832
3205257
44
-5
1
1674
-421
3888
3206282
19
-9
-3
1671
-417
3867
3207307
17
-5
-5
1636
-412
3851
3208332
11
-6
-10
1634
-392
3857
3209357
-1
-9
-7
1633
-383
3852
3210382
-5
-11
-1
1631
-399
3863
3211407
4
-10
-1
1646
-407
3860
3204224
17
-6
-2
1657
-391
3832
3205249
12
-5
-2
1655
-379
3835
3206274
0
-7
-1
1659
-384
3849
3207299
-5
-6
-1
1652
-392
3836
3208324
-4
-3
-2
1652
-390
3835
3209349
-3
-1
-3
1640
-395
3842
3210374
-5
-2
-1
1643
-399
3864
3211399
-10
-2
4
1644
-407
3857
3212424
-1
-1
7
1647
-400
3850
3213449
4
-4
5
1661
-388
3862
3214474
1
-5
3
1654
-387
3854
3215499
-4
-8
1
1643
-388
3849
3216524
-7
-10
0
1663
-398
3852
3217549
1
-6
5
1653
-390
3841
3218574
9
-5
9
1635
-390
3846
3219599
10
-4
13
1639
-387
3836
3212415
4
0
14
1654
-389
3825
3213440
-8
0
9
1665
-401
3841
3214465
-8
3
6
1652
-398
3845
3215490
-5
4
6
1641
-402
3841
3216515
-5
5
3
1655
-398
3850
3217540
1
8
7
1647
-402
3853
3218565
9
8
8
1637
-398
3857
3219590
12
6
10
1632
-381
3863
3220615
1
-1
11
1647
-386
3876
3221640
-2
-5
10
1655
-402
3873
3222665
8
-5
11
1640
-402
3866
3223690
16
-9
11
1647
-406
3864
3224715
21
-15
9
1651
-417
3870
3225740
24
-13
9
1629
-381
3856
3226765
4
-12
6
1658
-341
3823
3227790
-18
-14
4
1696
-382
3820
3220608
15
-10
5
1694
-431
3866
3221633
65
-2
13
1628
-394
3879
3222658
61
-10
20
1593
-355
3872
3223683
17
-23
19
1631
-370
3856
3224708
-8
-23
16
1664
-408
3822
3225733
6
-12
14
1661
-427
3805
3226758
23
1
14
1663
-392
3785
3227783
6
12
7
1673
-358
3779
3228808
-27
15
-5
1668
-419
3815
3229833
-18
27
-9
1646
-451
3824
3230858
5
36
-6
1614
-434
3845
3231883
-2
31
-6
1648
-408
3870
3232908
6
24
-14
1651
-418
3880
3233933
10
27
-18
1635
-344
3880
3234958
2
20
-20
1626
-308
3876
3235983
-11
13
-18
1623
-305
3887
3228800
-13
7
-12
1644
-318
3888
3229825
0
2
0
1634
-329
3895
3230850
7
-5
15
1621
-359
3895
3231875
5
-10
26
1622
-365
3871
3232900
-4
-15
29
1625
-385
3852
3233925
-15
-15
21
1643
-399
3845
3234950
-18
-9
15
1645
-399
3825
3235975
-16
-4
10
1653
-413
3816
3237000
-6
5
9
1646
-411
3829
3238025
2
13
7
1624
-399
3834
3239050
-10
13
2
1611
-388
3853
3240075
-25
11
-4
1634
-408
3866
3241100
-17
14
-4
1633
-408
3862
3242125
-3
16
-1
1626
-372
3861
3243150
-11
12
4
1625
-369
3861
3244175
-14
9
7
1624
-389
3868
3236992
-1
8
8
1625
-398
3877
3238017
17
10
11
1627
-383
3878
3239042
12
9
16
1632
-346
3871
3240067
-15
4
19
1626
-369
3868
3241092
-20
-2
14
1636
-423
3865
3242117
7
2
12
1622
-403
3861
3243142
18
2
13
1614
-382
3853
3244167
11
0
10
1610
-392
3853
3245192
-2
2
6
1626
-398
3857
3246217
-7
4
5
1608
-398
3863
3247242
-8
6
6
1612
-385
3843
3248267
-11
5
6
1625
-389
3856
3249292
-9
7
6
1614
-394
3860
3250317
0
10
7
1604
-405
3873
3251342
5
9
11
1620
-407
3865
3252367
3
10
15
1616
-380
3883
3245238
-6
-1
13
1606
-429
3911
3246263
4
-4
4
1615
-402
3887
3247288
-3
-8
-1
1621
-378
3878
3248313
-15
-14
-3
1628
-385
3867
3249338
-3
-12
-1
1617
-403
3849
3250363
11
-5
4
1605
-377
3846
3251388
-2
-5
8
1603
-389
3852
3252413
-9
-2
8
1616
-408
3852
3253438
-2
2
5
1619
-414
3863
3254463
0
3
-1
1616
-395
3867
3255488
-16
-1
-5
1609
-387
3865
3256513
-26
-6
-6
1626
-397
3870
3257538
-12
-3
-5
1622
-389
3862
3258563
-4
-2
-3
1606
-371
3863
3259588
-10
-5
-1
1606
-383
3863
3260613
-11
-4
0
1606
-397
3853
3253377
-7
-1
-1
1614
-389
3853
3254402
-8
2
-1
1623
-398
3865
3255427
-11
1
-1
1616
-420
3866
3256452
-6
0
-2
1613
-420
3870
3257477
-9
-1
-6
1613
-395
3872
3258502
-19
-5
-7
1613
-392
3871
3259527
-18
-7
-6
1619
-396
3868
3260552
-7
-7
-4
1615
-387
3867
3261577
-1
-6
0
1605
-384
3861
3262602
-3
-7
0
1609
-381
3863
3263627
-3
-7
1
1621
-394
3859
3264652
2
-4
4
1627
-394
3844
3265677
5
-2
3
1629
-399
3851
3266702
8
1
3
1621
-401
3850
3267727
2
5
4
1602
-380
3855
3268752
-22
2
-2
1605
-410
3863
3261571
-25
4
-6
1620
-422
3865
3262596
-15
6
-1
1599
-428
3867
3263621
-7
5
0
1621
-407
3864
3264646
-5
8
1
1623
-392
3857
3265671
-16
11
1
1620
-384
3835
3266696
-31
12
-2
1623
-397
3832
3267721
-21
21
-6
1620
-396
3825
3268746
7
36
-5
1588
-280
3879
3269771
-17
34
2
1605
-356
3870
3270796
7
24
21
1617
-399
3916
3271821
48
26
34
1597
-359
3965
3272846
27
2
38
1586
-398
3943
3273871
18
-14
38
1554
-413
3938
3274896
21
-24
25
1598
-393
3932
3275921
23
-30
28
1606
-381
3898
3276946
20
-39
31
1634
-395
3871
3269761
30
-43
36
1650
-429
3862
3270786
54
-42
35
1638
-405
3892
3271811
52
-48
31
1622
-386
3899
3272836
37
-59
24
1610
-397
3888
3273861
44
-60
9
1663
-337
3905
3274886
32
-66
5
1727
-355
3899
3275911
40
-80
31
1710
-422
3895
3276936
78
-95
51
1691
-385
3874
3277961
75
-109
29
1788
-321
3902
3278986
25
-127
9
1858
-379
3866
3280011
22
-136
19
1851
-341
3857
3281036
32
-177
41
1998
-343
3844
3282061
59
-166
77
2034
-280
3896
3283086
8
-122
80
2148
-180
3880
3284111
-36
-42
68
2125
-109
3817
3285136
-35
54
65
1955
20
3818
3277951
-25
132
68
1914
70
3728
3278976
45
244
122
1880
65
3597
3280001
240
394
196
1819
47
3465
3281026
480
579
291
1601
171
3454
3282051
570
731
404
1310
175
3501
3283076
521
861
478
1165
-18
3504
3284101
557
980
520
1052
-460
3472
3285126
888
1145
538
934
-211
3384
3286151
932
1284
527
752
128
3276
3287176
524
1392
489
608
51
3103
3288201
200
1529
404
471
-410
3374
3289226
286
1534
360
401
-494
4297
3290251
231
1150
616
436
-533
4022
3291276
-281
993
627
398
52
4011
3292301
-1228
914
511
393
-595
4477
3293326
-1437
908
366
50
-1175
4716
3286145
-660
848
258
201
-851
4605
3287170
116
749
313
317
-665
4504
3288195
253
742
306
268
-437
4593
3289220
-12
739
227
152
-496
4773
3290245
-34
675
205
-69
-625
4921
3291270
126
528
174
-104
-746
4853
3292295
166
389
120
-23
-661
4585
3293320
-13
331
33
35
-501
4433
3294345
-152
318
-35
-37
-522
4322
3295370
-106
348
-105
-110
-424
4167
3296395
111
390
-148
-126
-412
4072
3297420
376
439
-140
-175
-316
4000
3298445
316
450
-121
-272
-52
4183
3299470
29
314
-63
-219
-307
4280
3300495
-2
227
-40
-342
-461
4276
3301520
13
138
-110
-358
-634
4976
3294336
-15
65
-180
-193
-644
4556
3295361
159
85
-183
-164
-396
4062
3296386
183
105
-200
-344
-175
4223
3297411
-29
86
-228
-242
-172
4179
3298436
-111
94
-166
-219
-285
4329
3299461
-141
99
-123
-267
-170
4282
3300486
-247
72
-110
-275
-297
4244
3301511
-333
67
-131
-338
-359
4301
3302536
-381
59
-167
-328
-341
4251
3303561
-381
33
-187
-380
-456
4248
3304586
-358
-14
-182
-291
-472
4245
3305611
-342
-53
-106
-155
-558
4212
3306636
-289
-35
-31
-269
-558
4272
3307661
-274
-7
-38
-261
-447
4311
3308686
-307
-1
-31
-310
-591
4242
3309711
