Device = VHR-0009
time_stamp = 1780039474463
sample_rate = 50
Data format = INT16
TYPE = 6-AXIS IMU RAW DATA
-57
-17
17
-3942
-735
1473
2966656
-20
-11
6
-3950
-773
1456
2967681
3
-8
-4
-3924
-705
1490
2968706
-26
-4
-6
-3926
-696
1507
2969731
-53
-2
-6
-3962
-736
1481
2970756
-39
-4
-7
-3977
-736
1465
2971781
1
-5
-5
-3947
-735
1489
2972806
22
-8
-2
-3919
-695
1523
2973831
-14
-7
0
-3920
-662
1523
2974856
-49
-6
-4
-3938
-693
1500
2975881
-35
-8
-7
-3920
-725
1467
2976906
4
-9
1
-3906
-669
1487
2977931
1
-10
6
-3921
-646
1512
2978956
-25
-5
0
-3943
-703
1480
2979981
-3
-1
-1
-3948
-716
1486
2981006
6
4
2
-3913
-700
1465
2982031
6
6
13
-3928
-637
1493
2974848
-34
3
17
-3940
-714
1502
2975873
-15
0
17
-3959
-722
1525
2976898
9
-6
17
-3921
-715
1509
2977923
14
-5
19
-3908
-729
1490
2978948
10
-5
17
-3920
-714
1474
2979973
2
-2
10
-3949
-718
1474
2980998
-2
-2
4
-3948
-720
1485
2982023
1
0
4
-3909
-706
1479
2983048
7
5
5
-3925
-722
1474
2984073
15
7
0
-3945
-702
1490
2985098
13
4
-1
-3952
-683
1520
2986123
1
1
0
-3937
-702
1498
2987148
1
3
1
-3928
-700
1473
2988173
10
3
-1
-3931
-662
1494
2989198
3
-2
2
-3932
-655
1511
2990223
1
0
4
-3909
-706
1479
2983048
7
5
5
-3925
-722
1474
2984073
15
7
0
-3945
-702
1490
2985098
13
4
-1
-3952
-683
1520
2986123
1
1
0
-3937
-702
1498
2987148
1
3
1
-3928
-700
1473
2988173
10
3
-1
-3931
-662
1494
2989198
3
-2
2
-3932
-655
1511
2990223
-27
-7
7
-3912
-688
1505
2983039
-52
-9
6
-3903
-674
1504
2984064
-44
-9
13
-3927
-673
1478
2985089
-16
-9
17
-3932
-658
1462
2986114
-22
-10
25
-3933
-649
1507
2987139
-41
-6
38
-3938
-679
1497
2988164
-32
-6
39
-3957
-757
1465
2989189
11
-8
30
-3975
-760
1496
2990214
16
-15
24
-3954
-688
1523
2991239
-25
-15
20
-3928
-722
1498
2992264
-32
-14
18
-3926
-753
1478
2993289
-10
-14
9
-3931
-749
1464
2994314
7
-11
-2
-3921
-692
1472
2995339
-27
-7
-12
-3943
-649
1494
2996364
-62
-4
-14
-3934
-720
1479
2997389
-36
-1
-10
-3946
-722
1473
2998414
6
-1
-14
-3943
-668
1501
2991233
-6
0
-16
-3942
-633
1517
2992258
-46
-2
-8
-3944
-667
1496
2993283
-42
-3
5
-3944
-715
1485
2994308
7
-7
12
-3945
-669
1493
2995333
4
-11
15
-3939
-636
1519
2996358
-43
-14
19
-3925
-678
1511
2997383
-52
-13
20
-3924
-744
1491
2998408
-7
-11
14
-3967
-732
1510
2999433
16
-17
5
-3973
-676
1541
3000458
-11
-20
-6
-3985
-677
1556
3001483
-13
-17
-17
-4037
-707
1572
3002508
-39
2
-66
-4157
-566
1722
3003533
-266
2
-159
-4083
-234
1912
3004558
-560
-39
-160
-3894
-390
1991
3005583
-519
-127
-2
-3831
-804
2066
3006608
-222
-260
168
-4011
-750
2289
2999425
-97
-408
257
-4221
-590
2478
3000450
-143
-533
277
-4236
-795
2697
3001475
44
-639
287
-4099
-1049
2921
3002500
370
-736
270
-4134
-884
3187
3003525
366
-821
285
-4251
-657
3353
3004550
29
-929
247
-4509
-485
3594
3005575
-448
-1081
161
-4564
-788
3832
3006600
-685
-1248
81
-4426
-1061
3853
3007625
-639
-1414
24
-4624
-1038
3887
3008650
-515
-1576
5
-4696
-940
3851
3009675
-426
-1710
-15
-4562
-894
3937
3010700
-426
-1848
-37
-4481
-878
4124
3011725
-375
-1993
-46
-4535
-881
4152
3012750
-306
-2126
-50
-4568
-828
4082
3013775
-287
-2240
-71
-4454
-812
4120
3014800
-401
-2345
-112
-4302
-669
4071
3007617
-486
-2414
-120
-4348
-911
3976
3008642
-387
-2474
-140
-4330
-1026
3963
3009667
-386
-2540
-191
-4007
-744
3935
3010692
-531
-2580
-225
-3721
-756
3737
3011717
-576
-2585
-234
-3574
-1038
3426
3012742
-444
-2563
-262
-3392
-1150
3308
3013767
-366
-2529
-319
-3131
-615
3137
3014792
-522
-2462
-340
-2742
-713
2914
3015817
-569
-2364
-359
-2189
-1078
2486
3016842
-430
-2231
-369
-1904
-1201
2179
3017867
-106
-2075
-377
-1829
-973
2211
3018892
160
-1947
-358
-1307
-796
2108
3019917
60
-1807
-325
-812
-843
1816
3020942
-149
-1641
-285
-761
-755
1646
3021967
-268
-1455
-248
-657
-795
1597
3022992
-271
-1266
-242
-206
-832
1624
3015808
-253
-1098
-197
129
-833
1455
3016833
-110
-868
-114
-5
-1145
1586
3017858
6
-671
-121
174
-753
1647
3018883
-131
-484
-116
456
-463
1782
3019908
-128
-329
2
666
-1319
1712
3020933
329
-138
84
275
-1568
1793
3021958
579
29
8
393
-559
2111
3022983
119
148
-24
681
-166
2114
3024008
-226
319
95
10
-846
2413
3025033
-153
468
122
86
-1220
2793
3026058
-58
547
117
555
-1017
2577
3027083
112
686
236
46
-1182
2607
3028108
353
805
283
-214
-1137
2881
3029133
314
878
248
-96
-925
2724
3030158
175
985
228
-295
-1091
2462
3031183
539
1162
216
-596
-1326
3237
3024000
853
1184
182
-284
-808
3352
3025025
388
1232
197
-652
-159
2343
3026050
-342
1448
241
-1436
-614
2496
3027075
-87
1635
223
-1215
-1781
3923
3028100
694
1547
220
-718
-1494
3935
3029125
718
1483
255
-1035
-563
2555
3030150
-123
1667
254
-1993
-355
2259
3031175
-283
1927
192
-2898
-1522
3681
3032200
490
1772
147
-1864
-1699
3752
3033225
753
1681
220
-1477
-490
2441
3034250
-66
1875
318
-2675
-238
2563
3035275
-426
2108
230
-3495
-1145
3806
3036300
157
2043
178
-3002
-1345
4219
3037325
364
1857
177
-2273
-915
3089
3038350
-189
1867
273
-2821
-482
2384
3039375
-559
2093
232
-3856
-970
3619
3032192
-194
2073
159
-4014
-1615
3903
3033217
444
1866
89
-3246
-1486
3180
3034242
508
1781
91
-3235
-493
2731
3035267
68
1928
109
-4436
-403
3431
3036292
9
1948
103
-4856
-1101
3940
3037317
356
1732
9
-3913
-1201
3726
3038342
236
1556
18
-3561
-439
3048
3039367
-307
1581
67
-4176
-660
3184
3040392
-288
1549
26
-4342
-1691
3550
3041417
370
1378
-75
-4002
-1599
3254
3042442
735
1223
-185
-3896
-776
2800
3043467
382
1206
-197
-4674
-748
2570
3044492
99
1255
-202
-5310
-1018
2748
3045517
348
1153
-215
-4572
-1047
2878
3046542
736
1064
-170
-4159
-1157
2869
3047567
819
1029
-135
-4679
-776
3344
3040384
480
901
-120
-4925
-954
4523
3041409
443
706
-216
-4679
-955
4885
3042434
202
432
-148
-4235
-198
3507
3043459
-468
213
-87
-4222
-879
2281
3044484
-278
-12
-130
-4084
-953
1761
3045509
84
-146
-119
-3918
-355
1448
3046534
98
-159
-63
-3797
-579
1450
3047559
277
-168
-54
-3699
-808
1626
3048584
374
-185
-84
-3642
-392
1317
3049609
86
-112
-33
-3659
-130
1128
3050634
-373
16
41
-3788
-613
1061
3051659
-419
99
68
-3866
-900
1112
3052684
-117
135
101
-3878
-785
1337
3053709
90
133
127
-3906
-865
1488
3054734
124
118
127
-4009
-887
1581
3055759
81
106
117
-4086
-756
1751
3048577
48
83
113
-4103
-687
1922
3049602
41
26
94
-4000
-744
1969
3050627
-60
-35
71
-4007
-713
1775
3051652
-232
-79
76
-4060
-684
1663
3052677
-279
-127
99
-4029
-815
1751
3053702
-97
-179
134
-3927
-901
1851
3054727
16
-204
144
-3948
-759
1771
3055752
-107
-214
150
-4032
-539
1675
3056777
-256
-208
143
-4078
-660
1935
3057802
-192
-235
116
-3932
-971
2317
3058827
49
-302
122
-3886
-867
2550
3059852
58
-389
180
-4198
-530
2758
3060877
-254
-507
197
-4486
-668
3142
3061902
-283
-621
147
-4455
-1163
3737
3062927
189
-757
101
-4251
-1290
4426
3063952
331
-985
115
-4575
-288
4802
3056768
-331
-1217
67
-5096
-303
4736
3057793
-657
-1445
-47
-4952
-1284
4982
3058818
-255
-1742
-83
-4837
-1213
5254
3059843
-92
-2049
-60
-5227
-587
5056
3060868
-358
-2284
-91
-5577
-708
4830
3061893
-422
-2497
-128
-5099
-1025
4835
3062918
-262
-2698
-85
-4932
-1023
4869
3063943
-276
-2884
-62
-5264
-848
4408
3064968
-449
-3018
-102
-5068
-1063
4027
3065993
-346
-3120
-142
-4710
-1441
3937
3067018
-53
-3221
-155
-4672
-1072
3670
3068043
-97
-3250
-165
-4645
-857
3500
3069068
-492
-3248
-211
-4017
-816
2993
3070093
-836
-3154
-267
-3590
-869
2568
3071118
-928
-3017
-356
-3375
-1104
2402
3072143
-726
-2877
-463
-2836
-1173
2122
3064960
-604
-2726
-525
-2016
-727
1512
3065985
-808
-2493
-503
-1670
-399
814
3067010
-1121
-2207
-497
-1394
-475
502
3068035
-951
-1859
-530
-945
-1113
1015
3069060
-363
-1615
-558
-100
-1122
1078
3070085
-18
-1328
-485
-138
-588
1212
3071110
-255
-1084
-465
-82
-586
1470
3072135
-390
-910
-504
417
-717
1717
3073160
-117
-779
-416
494
-735
1949
3074185
152
-689
-257
380
-703
1981
3075210
228
-574
-146
571
-957
2170
3076235
291
-462
-52
697
-1069
2306
3077260
430
-341
51
508
-825
2655
3078285
192
-266
84
715
-780
2842
3079310
-200
-164
119
807
-1307
2713
3080335
-146
-40
154
750
-1930
2765
3073152
220
47
116
675
-1371
3031
3074177
234
118
65
638
-896
3060
3075202
90
208
86
702
-1821
3291
3076227
390
245
106
580
-2057
3309
3077252
655
288
55
364
-760
3523
3078277
226
350
41
571
-842
3913
3079302
-56
373
83
661
-1922
3957
3080327
162
347
120
364
-1694
3730
3081352
153
349
60
377
-794
3625
3082377
-124
386
35
526
-1289
3615
3083402
11
415
71
432
-1978
3513
3084427
392
443
74
263
-1378
3410
3085452
332
481
28
382
-958
3148
3086477
127
577
-1
158
-1260
2856
3087502
208
698
-2
-21
-1387
2968
3088527
410
803
-15
59
-1204
3251
3081347
359
856
-39
99
-716
2848
3082372
-52
976
-6
-457
-749
2314
3083397
-63
1161
7
-609
-1424
3165
3084422
545
1201
17
62
-1552
3448
3085447
1139
1243
121
-321
-1248
3147
3086472
955
1304
119
-1304
-10
2478
3087497
333
1450
55
-1569
-270
3376
3088522
413
1512
-40
-757
-1804
3732
3089547
1131
1543
30
-1147
-858
3191
3090572
632
1562
92
-2048
386
2334
3091597
-319
1745
92
-2530
-518
3722
3092622
-223
1779
-65
-1416
-1391
4153
3093647
301
1786
7
-1429
-620
3361
3094672
-54
1791
143
-2592
-153
2279
3095697
-617
1886
148
-3234
-1074
3406
3096722
-225
1985
0
-2614
-1716
4304
3089537
412
1871
-49
-1940
-422
3700
3090562
53
1849
36
-2867
-499
2897
3091587
-480
1850
59
-3726
-1125
3130
3092612
-238
1957
-13
-3585
-1191
4105
3093637
41
1846
-89
-2547
-801
3907
3094662
-47
1807
-53
-3262
-948
3361
3095687
-478
1686
-40
-4063
-417
3118
3096712
-1032
1687
-32
-4164
-979
3773
3097737
-892
1639
1
-3329
-1891
3951
3098762
-193
1551
81
-3422
-1512
3651
3099787
-58
1390
93
-3975
-864
3122
3100812
-481
1291
62
-4448
-997
2911
3101837
-487
1312
41
-4564
-1288
3436
3102862
-32
1246
44
-4108
-1499
3417
3103887
412
1127
61
-3854
-1210
3127
3104912
408
1016
74
-4068
-525
2736
3097728
12
992
122
-4370
-937
2854
3098753
156
942
111
-4065
-1656
3199
3099778
713
813
102
-3775
-1091
3053
3100803
720
730
107
-3993
-579
2826
3101828
310
674
104
-4142
-842
2546
3102853
564
651
109
-3966
-1883
3175
3103878
1316
481
50
-3658
-1521
3425
3104903
1291
302
24
-3939
-300
3126
3105928
425
199
-24
-3954
-401
2526
3106953
-177
174
-49
-4105
-724
2185
3107978
-238
156
-76
-4274
-1053
1939
3109003
170
109
-82
-4159
-1148
1941
3110028
513
24
-115
-3856
-590
1827
3111053
392
19
-85
-3758
-306
1509
3112078
155
98
-14
-3855
-631
1531
3113103
202
130
28
-3887
-782
1784
3105920
378
109
15
-3775
-631
1752
3106945
342
116
-13
-3776
-281
1714
3107970
40
140
-18
-3837
-292
1774
3108995
-68
139
22
-3814
-621
1894
3110020
56
112
71
-3829
-729
1872
3111045
43
86
78
-3918
-376
1875
3112070
-148
73
83
-3950
-459
1882
3113095
-95
49
88
-3852
-928
2095
3114120
61
4
84
-3914
-672
2206
3115145
-204
-34
46
-4015
-194
2157
3116170
-696
-54
14
-3988
-506
1970
3117195
-764
-67
30
-3972
-1052
1867
3118220
-425
-90
42
-3929
-1150
1929
3119245
-115
-124
34
-3914
-680
2016
3120270
-103
-154
54
-3932
-561
2115
3121295
-215
-185
66
-3941
-899
2309
3114112
-212
-232
56
-4012
-744
2572
3115137
-257
-286
48
-3965
-599
2663
3116162
-290
-346
50
-3920
-940
2828
3117187
-128
-439
48
-4047
-1095
3224
3118212
-24
-590
27
-4154
-883
3505
3119237
-140
-744
23
-4169
-873
3543
3120262
-325
-885
26
-4200
-1002
3603
3121287
-418
-1030
24
-4354
-1055
3777
3122312
-423
-1182
-2
-4430
-1082
3972
3123337
-453
-1346
-44
-4280
-1014
4045
3124362
-539
-1483
-53
-4392
-1068
4164
3125387
-458
-1610
-40
-4833
-1298
4712
3126412
-273
-1823
-54
-4837
-1200
5038
3127437
-403
-2105
-49
-4168
-672
4452
3128462
-693
-2258
62
-4358
-975
4032
3129487
-682
-2381
76
-4633
-1608
4064
3122304
-317
-2540
14
-4421
-1562
4192
3123329
-203
-2672
-47
-4086
-1349
3904
3124354
-362
-2715
-145
-3919
-1177
3490
3125379
-555
-2663
-256
-3984
-1218
3577
3126404
-589
-2627
-397
-3889
-1766
3922
3127429
-304
-2661
-513
-3473
-1992
3747
3128454
-149
-2696
-587
-3015
-1348
3102
3129479
-384
-2612
-633
-3097
-841
2976
3130504
-615
-2536
-686
-2992
-1296
3006
3131529
-499
-2509
-703
-2252
-1424
2431
3132554
-357
-2396
-669
-1724
-1048
1715
3133579
-513
-2159
-662
-1607
-569
1339
3134604
-784
-1882
-679
-1340
-461
1789
3135629
-769
-1692
-680
-560
-1040
1932
3136654
-657
-1511
-661
28
-1102
1062
3137679
-583
-1191
-644
-217
-592
846
3130661
-204
-910
-555
-170
-740
1689
3131686
308
-822
-424
473
-1193
1958
3132711
524
-749
-289
726
-1224
1381
3133736
313
-560
-243
361
-275
976
3134761
132
-301
-197
268
-158
2109
3135786
194
-209
-78
792
-1670
2736
3136811
543
-144
-27
661
-1281
2612
3137836
215
-36
-17
617
-138
2289
3138861
-324
161
62
552
-942
3060
3139886
-64
222
161
686
-2160
3618
3140911
574
207
200
669
-1829
3377
3141936
476
228
174
542
-790
2845
3142961
-43
384
132
127
-756
3556
3143986
-173
408
127
659
-1922
4119
3145011
66
381
144
516
-2263
3399
3146036
206
414
68
184
-1248
2864
3138688
-31
546
-8
191
-609
3588
3139713
-193
584
61
458
-1542
4023
3140738
-20
539
183
173
-1737
2982
3141763
-149
609
191
-63
-894
1973
3142788
-405
843
147
-230
-837
2703
3143813
-204
911
180
24
-1498
3348
3144838
210
910
320
-65
-1550
2652
3145863
178
989
385
-279
-1022
1348
3146888
97
1307
369
-1091
-940
2079
3147913
405
1464
320
-1052
-1229
3192
3148938
644
1429
399
-583
-988
2691
3149963
245
1555
507
-1107
-340
1543
3150988
-258
1864
555
-2075
-817
2333
3152013
92
1972
484
-1751
-2078
3572
3153038
959
1880
480
-1275
-1940
3171
3154063
1153
1933
539
-2026
-388
2034
3146879
338
2122
521
-3043
129
1832
3147904
38
2380
427
-3783
-1293
4009
3148929
423
2210
287
-2678
-1606
4019
3149954
652
2171
485
-2803
-604
2817
3150979
-66
2263
561
-3812
-323
2606
3152004
-353
2415
488
-4425
-1255
4210
3153029
-113
2207
443
-3593
-1405
4181
3154054
223
2068
584
-3474
-1471
3390
3155079
17
1962
583
-3788
-749
2476
3156104
-345
2059
503
-4894
-801
3350
3157129
-440
2025
382
-4711
-1134
3876
3158154
-328
1872
336
-3822
-1082
3797
3159179
-483
1774
400
-4043
-885
3086
3160204
-773
1753
469
-5210
-606
2784
3161229
-803
1703
473
-5174
-1911
3680
3162254
-185
1472
410
-3918
-2410
3833
3155072
528
1322
481
-4096
-1514
3630
3156097
449
1169
435
-4862
-1047
3058
3157122
50
1034
329
-5147
-983
2760
3158147
-36
906
210
-4473
-1697
3274
3159172
321
786
158
-4000
-1919
3057
3160197
687
697
144
-4287
-1012
2709
3161222
448
622
68
-4482
-738
2606
3162247
58
536
23
-4235
-1232
2881
3163272
99
458
-15
-4157
-1648
2962
3164297
503
372
-111
-4263
-1573
2715
3165322
710
288
-206
-4229
-1334
2197
3166347
873
208
-325
-4118
-998
1688
3167372
1182
92
-402
-4064
-553
1688
3168397
959
-55
-433
-3963
92
1532
3169422
249
-63
-369
-3862
64
1243
3170447
-261
11
-277
-3873
-784
1054
3163264
-57
41
-249
-3842
-1054
1100
3164289
367
47
-222
-3925
-532
1356
3165314
427
44
-149
-3942
-160
1330
3166339
209
77
-82
-3855
-367
1206
3167364
82
127
-4
-3936
-713
1240
3168389
184
122
26
-3997
-665
1437
3169414
227
77
42
-4023
-448
1573
3170439
115
52
68
-4048
-619
1528
3171464
50
41
77
-4053
-806
1501
3172489
67
4
63
-4061
-661
1668
3173514
-35
-56
51
-4047
-340
1654
3174539
-249
-81
70
-4014
-659
1474
3175564
-272
-96
81
-3984
-1025
1376
3176589
-74
-123
77
-3989
-798
1493
3177614
-20
-153
86
-3996
-450
1567
3178639
-224
-167
109
-3892
-556
1544
3171457
-308
-165
153
-3916
-989
1709
3172482
-192
-208
163
-4075
-911
2099
3173507
-215
-284
120
-4111
-577
2241
3174532
-386
-342
124
-4053
-676
2472
3175557
-460
-425
128
-4140
-1102
2871
3176582
-426
-547
114
-4415
-1015
3141
3177607
-439
-645
100
-4570
-855
3447
3178632
-462
-792
87
-4441
-1015
3878
3179657
-531
-999
32
-4525
-1012
4214
3180682
-612
-1209
9
-4829
-1145
4307
3181707
-530
-1450
-51
-4913
-1305
4229
3182732
-435
-1695
-121
-4748
-1050
4294
3183757
-546
-1898
-144
-4894
-1073
4286
3184782
-536
-2083
-184
-5118
-1455
4343
3185807
-110
-2275
-237
-4948
-1803
4828
3186832
335
-2502
-262
-4780
-1519
4877
3179648
179
-2693
-257
-5227
-662
4572
3180673
-376
-2820
-306
-5405
-1312
4382
3181698
-413
-2945
-424
-5239
-2451
4297
3182723
-204
-3080
-581
-4983
-1704
3841
3183748
-545
-3098
-738
-4857
-1194
3470
3184773
-932
-3031
-911
-4600
-1309
3321
3185798
-970
-2990
-1026
-4027
-1452
3036
3186823
-898
-2940
-1082
-3538
-1474
2299
3187848
-659
-2805
-1113
-3174
-1084
1576
3188873
-259
-2601
-1087
-2795
-1125
1735
3189898
184
-2455
-1050
-2174
-949
2018
3190923
435
-2380
-912
-1371
-487
1377
3191948
346
-2197
-678
-920
-550
622
3192973
225
-1815
-576
-1466
-970
1182
3193998
303
-1561
-676
-976
-365
2011
3195023
51
-1500
-620
278
-179
1589
3187839
-320
-1311
-405
12
-838
786
3188864
-314
-1000
-416
-376
-1073
1361
3189889
-82
-838
-573
614
-595
2183
3190914
236
-730
-395
843
-704
2225
3191939
145
-638
-198
567
-727
1657
3192964
-197
-410
-218
452
-608
1991
3193989
-191
-222
-211
866
-684
2621
3195014
287
-163
12
1110
-1781
2487
3196039
577
-80
79
478
-1094
1967
3197064
232
174
-47
342
-72
3112
3198089
-120
251
-5
1161
-1196
3551
3199114
163
253
181
722
-2463
2879
3200139
330
311
74
262
-1096
2755
3201164
-40
482
-79
524
-494
4031
3202189
-218
432
-9
922
-1567
4160
3203214
-85
352
144
420
-1918
3300
3196032
-133
429
71
180
-1250
3614
3197057
-296
449
-5
680
-1013
3799
3198082
-182
442
114
550
-1962
3268
3199107
183
477
136
230
-1704
2755
3200132
310
614
42
134
-902
3002
3201157
155
726
11
196
-879
3180
3202182
-50
781
89
135
-869
2654
3203207
-310
933
143
-322
-957
2506
3204232
-407
1112
136
-380
-688
2810
3205257
-314
1182
221
82
-1422
3066
3206282
-3
1198
379
-311
-1890
2422
3207307
218
1333
399
-1079
-1040
2455
3208332
72
1490
302
-1023
-734
2865
3209357
-35
1550
288
-803
-995
3073
3210382
-129
1559
383
-1094
-1226
2147
3211407
-188
1728
503
-1824
-1264
1721
3204225
190
2060
491
-2486
-1409
3357
3205250
581
1969
342
-1587
-1164
3621
3206275
777
1943
461
-1683
-1332
2621
3207300
573
2051
586
-2609
-777
1880
3208325
279
2266
520
-3516
-1061
3339
3209350
301
2214
336
-2756
-1534
3730
3210375
572
2160
366
-2263
-1254
3228
3211400
227
2199
444
-3277
-493
2826
3212425
-410
2269
403
-4219
-903
3399
3213450
-327
2290
301
-4108
-2274
3880
3214475
444
2117
198
-3263
-1941
4028
3215500
718
1898
186
-3022
-540
3915
3216525
135
1862
282
-4684
-470
3749
3217550
-450
1819
262
-5207
-945
4003
3218575
-676
1637
118
-3926
-1135
4159
3219600
-470
1470
219
-3542
-1686
3964
3212415
-19
1368
379
-4888
-1486
3734
3213440
13
1271
382
-5642
-945
4007
3214465
-309
1036
233
-4278
-1005
4194
3215490
-326
862
259
-3540
-1862
3919
3216515
45
721
328
-3880
-1815
3287
3217540
225
622
300
-4561
-951
2994
3218565
-38
515
145
-4360
-891
2963
3219590
-149
433
47
-3741
-1301
2843
3220615
92
398
70
-3633
-1491
2482
3221640
294
375
78
-3936
-1126
2345
3222665
80
322
10
-3998
-587
2256
3223690
-249
296
-12
-3852
-933
2305
3224715
-228
251
-1
-3677
-1477
2252
3225740
56
208
14
-3862
-1325
2115
3226765
201
157
9
-4039
-770
2133
3227790
95
120
5
-3962
-843
2139
3220609
83
91
8
-3805
-1188
2143
3221634
246
58
25
-3916
-910
2186
3222659
207
9
32
-4013
-616
2196
3223684
-10
-21
31
-3955
-697
2097
3224709
-145
-42
27
-3798
-872
1987
3225734
-48
-58
23
-3818
-918
2000
3226759
71
-97
12
-3848
-682
1997
3227784
-22
-114
17
-3831
-758
1937
3228809
-84
-105
9
-3750
-954
1970
3229834
8
-121
-21
-3683
-862
2105
3230859
65
-165
-22
-3821
-735
2082
3231884
75
-199
-7
-3905
-942
2143
3232909
220
-233
-2
-3779
-1091
2352
3233934
536
-282
12
-3762
-949
2829
3234959
575
-361
54
-4040
-611
3297
3235984
86
-452
50
-4210
-403
3584
3228801
-455
-561
-9
-4044
-845
3849
3229826
-589
-702
-46
-4196
-1384
4140
3230851
-376
-916
-67
-4429
-1324
4198
3231876
-167
-1116
-77
-4469
-1347
4389
3232901
-54
-1319
-102
-4376
-1548
4637
3233926
-16
-1551
-115
-4473
-1123
4609
3234951
-211
-1740
-144
-4631
-1236
4503
3235976
-234
-1911
-181
-4349
-1842
4586
3237001
36
-2074
-200
-4381
-1848
4689
3238026
105
-2246
-245
-4730
-1027
4528
3239051
-321
-2376
-311
-4680
-1166
4275
3240076
-538
-2454
-405
-4241
-2112
4336
3241101
-471
-2565
-501
-4228
-1549
4002
3242126
-786
-2631
-589
-4413
-698
3396
3243151
-1326
-2613
-718
-4176
-1154
3274
3244176
-1332
-2610
-820
-3687
-1951
3230
3236991
-936
-2604
-827
-3352
-1725
2660
3238016
-722
-2505
-836
-3005
-1261
2211
3239041
-612
-2327
-923
-2695
-1495
2598
3240066
-379
-2240
-987
-2205
-1357
2465
3241091
-161
-2170
-914
-1695
-1041
2074
3242116
-199
-2026
-823
-1465
-1049
1969
3243141
-187
-1864
-779
-1331
-893
2406
3244166
-137
-1787
-672
-962
-1200
2638
3245191
-6
-1728
-567
-499
-1500
2151
3246216
90
-1580
-514
-477
-957
1829
3247241
-97
-1418
-509
-213
-899
1687
3248266
77
-1262
-461
-5
-1499
1650
3249291
527
-1089
-419
35
-1055
1879
3250316
621
-931
-384
414
-732
2093
3251341
412
-775
-296
714
-884
2119
3252366
200
-595
-195
584
-733
2217
3245185
-174
-452
-122
593
-531
2164
3246210
-337
-319
-42
852
-1461
2307
3247235
97
-224
23
954
-1961
2250
3248260
422
-131
23
870
-871
1968
3249285
284
64
6
660
-996
2769
3250310
369
150
63
746
-1760
3547
3251335
541
90
177
976
-1422
3098
3252360
141
149
186
701
-753
2763
3253385
-340
301
121
495
-1430
3623
3254410
-204
298
129
832
-1846
3878
3255435
94
252
239
934
-1739
3223
3256460
14
344
226
239
-1485
3217
3257485
-74
439
98
474
-1343
4094
3258510
-138
396
126
927
-2007
3990
3259535
97
376
229
299
-2114
3291
3260560
218
429
123
118
-1042
3509
3253376
134
487
25
651
-1446
4293
3254401
416
402
165
722
-2016
3887
3255426
624
354
278
47
-1353
3159
3256451
229
448
158
-179
-809
3214
3257476
-210
487
73
483
-822
2947
3258501
-134
606
220
226
-1125
2512
3259526
115
749
348
-234
-1180
2266
3260551
114
938
338
-521
-938
2467
3261576
-149
1070
318
-213
-436
2150
3262601
-468
1239
469
-274
-752
1748
3263626
-309
1424
626
-794
-1923
1841
3264651
496
1622
621
-1419
-2001
2361
3265676
825
1691
507
-1157
-228
2124
3266701
110
1832
544
-1099
-45
2332
3267726
17
2006
670
-1896
-2496
3707
3268751
1066
1989
603
-2131
-2624
3956
3261569
1618
1928
425
-1903
-145
3597
3262594
481
1930
387
-2124
1045
3253
3263619
-359
2016
494
-2988
-1466
4434
3264644
67
1930
509
-2972
-2847
4500
3265669
867
1814
576
-2738
-1006
3415
3266694
553
1833
606
-3036
-392
2551
3267719
423
1997
527
-3979
-1386
4671
3268744
602
1860
316
-3367
-1495
4652
3269769
651
1740
313
-2880
-618
3517
3270794
139
1739
333
-3343
-532
2236
3271819
-237
1796
300
-3946
-386
2737
3272844
-10
1882
219
-4498
-1549
4270
3273869
619
1699
170
-3448
-1663
3703
3274894
1097
1674
260
-3563
-557
3220
3275919
499
1632
238
-4192
-74
3001
3276944
-64
1588
139
-4525
-988
3572
3269821
166
1507
58
-4271
-1759
3776
3270846
777
1404
9
-4050
-1016
3620
3271871
743
1261
-81
-4098
-99
3310
3272896
178
1127
-107
-4162
-299
2954
3273921
-47
1084
-60
-4358
-1052
3320
3274946
237
1006
-38
-4174
-1099
3426
3275971
516
887
-83
-3990
-480
3258
3276996
411
757
-97
-4034
-249
2829
3278021
107
656
-76
-4221
-443
2593
3279046
-51
556
-62
-4108
-704
2737
3280071
126
505
-37
-4107
-664
2658
3281096
377
431
-6
-3955
-354
2380
3282121
394
387
34
-4042
-540
2171
3283146
423
312
46
-3961
-397
2350
3284171
212
208
38
-3764
-72
2408
3285196
-157
157
95
-3859
-327
2109
3277953
-315
120
127
-3909
-747
1881
3278978
-182
104
135
-4135
-871
1788
3280003
152
94
35
-4134
-716
1943
3281028
342
53
-54
-3824
-99
2098
3282053
159
39
-37
-3926
-52
1958
3283078
-141
25
-26
-4042
-611
1733
3284103
-181
2
-35
-4005
-780
1763
3285128
29
-32
-46
-4001
-337
1950
3286153
120
-67
6
-3990
-60
1861
3287178
-129
-74
50
-3974
-462
1624
3288203
-232
-69
64
-3994
-583
1550
3289228
-146
-74
41
-4007
-485
1749
3290253
13
-104
32
-3860
-506
1770
3291278
45
-111
47
-3881
-422
1673
3292303
-88
-99
53
-3944
-335
1542
3293328
-198
-90
46
-3959
-308
1513
3286144
-113
-94
63
-3938
-538
1550
3287169
53
-98
85
-3922
-387
1549
3288194
17
-92
80
-3899
-174
1632
3289219
-154
-84
72
-3956
-232
1872
3290244
-199
-99
67
-4001
-366
2111
3291269
-164
-125
47
-3895
-424
2357
3292294
-190
-133
75
-3971
-329
2743
3293319
-348
-200
100
-4130
-236
3128
3294344
-560
-346
103
-4177
-444
3354
3295369
-601
-505
87
-4181
-766
3647
3296394
-421
-694
75
-4130
-719
3949
3297419
-265
-911
81
-4283
-549
4139
3298444
-199
-1120
66
-4460
-796
4264
3299469
-65
-1310
23
-4536
-670
4446
3300494
65
-1537
-4
-4424
-579
4537
3301519
281
-1757
-1
-4602
-963
4532
3294337
571
-1965
27
-4751
-486
4719
3295362
326
-2153
62
-4785
-56
4966
3296387
-260
-2350
95
-4856
-78
4803
3297412
-757
-2512
105
-4883
-476
4480
3298437
-798
-2622
107
-4875
-1393
4522
3299462
-510
-2757
96
-4750
-1259
4331
3300487
-680
-2850
2
-4660
-512
4000
3301512
-1195
-2881
-169
-4510
-951
4001
3302537
-1312
-2904
-355
-4218
-1494
3738
3303562
-1098
-2916
-504
-3911
-929
3217
3304587
-1051
-2851
-598
-3673
-339
2920
3305612
-1297
-2782
-631
-3174
-279
2453
3306637
-1150
-2661
-601
-2853
-1103
2394
3307662
-575
-2535
-541
-2461
-787
2200
3308687
-321
-2387
-470
-1873
-269
2179
3309712
-558
-2242
-429
-1201
-643
1660
3302527
-658
-2007
-401
-1100
-844
1312
3303552
-416
-1739
-452
-1074
-1223
1517
3304577
185
-1560
-546
-377
-1325
1508
3305602
878
-1360
-481
0
-1095
1357
3306627
937
-1171
-378
87
-670
1297
3307652
470
-942
-389
-59
-85
1927
3308677
54
-790
-340
293
-556
2496
3309702
122
-673
-168
576
-1530
2225
3310727
259
-557
-86
761
-716
1618
3311752
-190
-312
-144
446
-371
2466
3312777
-390
-193
-190
684
-834
3138
3313802
-148
-154
-65
864
-1578
2712
3314827
10
-84
-1
872
-1168
2136
3315852
-82
125
-104
512
-758
3068
3316877
97
236
-129
587
-809
3813
3317902
448
187
65
871
-1906
3446
3310720
709
219
84
457
-1169
3282
3311745
266
296
-73
412
314
4210
3312770
-508
252
-62
752
-855
4301
3313795
-455
211
86
490
-1914
3463
3314820
174
275
56
365
-1477
3650
3315845
499
303
-51
695
-717
4216
3316870
227
250
53
510
-881
3845
3317895
-50
241
151
306
-1327
3075
3318920
19
365
79
269
-1069
3361
3319945
83
443
-31
483
-811
3629
3320970
42
487
47
315
-1156
3203
3321995
-73
547
142
163
-1166
2402
3323020
-23
741
142
-279
-1021
3021
3324045
152
822
64
19
-1251
3704
3325070
154
815
51
324
-1399
3152
3326095
-97
893
99
-204
-792
2009
3318912
-403
1141
114
-953
-881
2774
3319937
-274
1239
-38
-371
-1536
3661
3320962
181
1209
25
-27
-1405
3152
3321987
312
1304
258
-938
-873
2028
3323012
-28
1499
302
-1601
-597
2008
3324037
-79
1705
151
-1511
-380
3237
3325062
-153
1660
85
-897
-352
2808
3326087
-174
1789
371
-1556
-959
1698
3327112
-249
1965
497
-2016
-537
1153
3328137
-68
2223
473
-2038
-833
1947
3329162
781
2286
350
-1273
-1624
2393
3330187
1421
2417
407
-2391
-433
1825
3331212
938
2559
324
-3626
417
1991
3332237
290
2717
159
-4450
-895
3179
3333262
624
2698
35
-4128
-1083
4034
3334287
874
2570
28
-3625
-534
4599
3327103
180
2401
148
-3949
-468
3891
3328128
-35
2416
309
-5472
-1198
4756
3329153
469
2271
237
-5516
-1731
5856
3330178
913
1829
65
-3733
-1355
5563
3331203
847
1557
79
-3893
-523
4320
3332228
288
1461
81
-5359
-213
3478
3333253
-110
1483
-28
-5834
-1157
4024
3334278
413
1360
-300
-4257
-1502
4836
3335303
1014
1142
-345
-3267
-539
4218
3336328
1080
1051
-263
-3974
-226
3288
3337353
796
971
-276
-4683
-219
3028
3338378
309
770
-320
-4289
359
3631
3339403
-445
560
-250
-3568
-95
3067
3340428
-643
561
-27
-3917
-926
2745
3341453
-402
544
44
-4297
-862
2696
3342478
-178
436
-77
-3936
-625
2696
3335296
83
314
-155
-3699
-498
2419
3336321
140
265
-61
-3941
-546
2198
3337346
-68
228
-11
-4030
-641
1979
3338371
-173
224
-14
-4189
-715
1959
3339396
72
196
-88
-3895
-658
2292
3340421
310
159
-83
-3603
-540
2199
3341446
335
156
-12
-3854
-454
2063
3342471
199
119
-4
-3964
-518
1904
3343496
81
78
-19
-3932
-578
1965
3344521
63
31
-23
-3836
-430
2045
3345546
30
15
28
-3864
-495
1939
3346571
-92
14
49
-3939
-561
1814
3347596
-197
17
32
-3883
-527
1781
3348621
-192
24
18
-3792
-560
1842
3349646
-41
20
45
-3844
-693
1828
3350671
17
-1
50
-3940
-523
1730
3343614
-111
-2
33
-3937
-366
1704
3344639
-184
2
33
-3825
-554
1757
3345664
-29
-5
56
-3825
-724
1878
3346689
13
-28
55
-3880
-390
1905
3347714
-297
-29
34
-3879
-213
1713
3348739
-511
12
26
-3806
-784
1551
3349764
-158
30
52
-3821
-1062
1778
3350789
212
1
56
-3877
-733
1887
3351814
83
-34
22
-3822
-193
1826
3352839
-326
-31
36
-3809
-338
1756
3353864
-438
-24
81
-3855
-1000
1723
3354889
-90
-30
97
-3882
-1096
1730
3355914
238
-44
80
-3875
-618
1798
3356939
140
-52
41
-3853
-418
1886
3357964
-64
-56
35
-3892
-711
1947
3358989
-58
-61
39
-3956
-931
2024
3351679
58
-87
13
-3950
-627
2150
3352704
74
-133
-18
-3881
-499
2252
3353729
221
-154
-13
-3962
-1131
2629
3354754
778
-218
-37
-4039
-1277
3264
3355779
996
-378
-141
-3910
-176
3480
3356804
464
-521
-202
-4006
304
3607
3357829
-22
-648
-180
-4224
-710
4036
3358854
173
-853
-155
-4125
-1010
4473
3359879
410
-1091
-51
-4229
-87
4442
3360904
92
-1274
59
-4542
-51
4462
3361929
-52
-1439
123
-4653
-891
5181
3362954
321
-1696
126
-4650
-797
5758
3363979
244
-2032
149
-4685
231
5185
3365004
-608
-2252
197
-5111
101
4578
3366029
-1168
-2420
140
-5191
-911
4612
3367054
-1116
-2593
85
-4944
-895
4446
3359873
-1152
-2710
46
-4665
-774
3747
3360898
-1306
-2717
-73
-4469
-1181
3179
3361923
-1333
-2650
-247
-4232
-1113
3148
3362948
-1476
-2574
-464
-4160
-1323
3178
3363973
-1332
-2560
-689
-3720
-1999
2894
3364998
-622
-2564
-771
-3069
-1695
2729
3366023
-275
-2484
-732
-2963
-804
2729
3367048
-490
-2389
-692
-2874
-876
2709
3368073
-570
-2319
-667
-2443
-1318
2792
3369098
-355
-2259
-570
-1966
-787
2688
3370123
-414
-2162
-449
-1729
-446
2584
3371148
-636
-2028
-374
-1688
-922
2307
3372173
-500
-1927
-364
-1153
-1015
2133
3373198
-132
-1808
-326
-635
-911
2176
3374223
184
-1656
-203
-732
-874
2431
3375248
126
-1553
-144
-509
-852
2045
3368064
-141
-1378
-165
-153
-805
1592
3369089
-91
-1147
-217
89
-1117
1753
3370114
381
-944
-248
-28
-1236
2238
3371139
736
-812
-236
268
-849
2189
3372164
394
-690
-165
726
-484
1866
3373189
-183
-486
-101
389
-883
2232
3374214
-201
-322
-114
197
-1216
2682
3375239
148
-247
-107
897
-1095
2732
3376264
194
-189
30
1047
-931
2252
3377289
-72
-27
92
283
-1105
2708
3378314
-139
102
-28
442
-1271
3273
3379339
161
131
-27
1157
-1706
3185
3380364
450
159
86
859
-1558
2728
3381389
221
316
51
-152
-839
3413
3382414
-224
344
-133
784
-1062
3943
3383439
-150
311
-49
1102
-1994
3431
3376257
264
344
87
339
-1704
2728
3377282
252
482
-5
34
-905
3269
3378307
-5
545
-155
640
-1222
3506
3379332
133
591
-72
494
-1200
3050
3380357
94
652
53
178
-775
2283
3381382
-276
837
67
-187
-752
2459
3382407
-314
991
-1
115
-1523
2989
3383432
138
1024
35
353
-1609
2569
3384457
421
1123
160
-297
-775
1901
3385482
37
1326
175
-993
-630
2161
3386507
-57
1510
88
-719
-1680
3027
3387532
423
1524
21
12
-1986
2621
3388557
853
1680
72
-1035
-1130
1841
3389582
568
1859
-30
-1882
-872
1791
3390607
543
2129
-288
-2087
-1676
2884
3391632
872
2117
-613
-1014
-889
3189
3384448
991
2220
-385
-1820
-227
2868
3385473
424
2257
-140
-2653
-110
2455
3386498
-300
2408
-41
-3350
-261
3196
3387523
-663
2401
-76
-2918
-721
4015
3388548
-405
2248
142
-2289
-683
3438
3389573
-325
2232
501
-3226
-642
2955
3390598
-611
2288
577
-4203
-720
3654
3391623
-656
2239
514
-3701
-1469
4367
3392648
-43
2105
556
-3228
-1976
3986
3393673
489
1962
658
-3607
-928
3121
3394698
-5
1964
602
-4751
-555
3131
3395723
-459
2011
488
-5483
-1695
3990
3396748
-110
1835
337
-4445
-1963
3977
3397773
363
1723
338
-3826
-1115
3541
3398798
74
1663
374
-4271
-704
3067
3399823
-426
1611
363
-4977
-1260
3200
3392639
-288
1500
353
-4907
-1657
3479
3393664
322
1383
341
-4473
-1548
3575
3394689
466
1264
288
-4444
-964
3118
3395714
198
1204
215
-4847
-935
3484
3396739
63
1065
95
-4413
-1219
3860
3397764
406
896
24
-3806
-1247
3727
3398789
699
754
-16
-4156
-757
3496
3399814
615
557
-86
-4301
-133
3326
3400839
263
347
-75
-3968
-217
3106
3401864
17
207
59
-3885
-629
2813
3402889
-63
129
161
-4025
-779
2447
3403914
-143
70
181
-4082
-659
1985
3404939
-182
42
142
-4064
-972
1814
3405964
29
21
58
-3884
-1187
1932
3406989
240
7
3
-3796
-897
1806
3408014
170
5
-54
-3804
-680
1601
3400832
-12
1
-76
-3848
-754
1584
3401857
-39
-13
-53
-3857
-906
1619
3402882
78
-23
-17
-3829
-939
1482
3403907
211
-16
-8
-3849
-770
1526
3404932
87
-13
-6
-3924
-489
1588
3405957
-189
-5
-7
-3914
-705
1589
3406982
-225
8
-2
-3908
-1039
1486
3408007
50
12
-10
-3962
-890
1489
3409032
221
-5
-14
-3988
-586
1563
3410057
139
3
0
-3991
-579
1670
3411082
-7
12
-5
-3892
-707
1655
3412107
-44
24
-14
-3978
-757
1556
3413132
-55
3
-27
-3992
-533
1584
3414157
-121
-13
-2
-3884
-657
1622
3415182
-72
-8
22
-3823
-886
1677
3416207
109
4
8
-3853
-718
1753
3409024
113
-6
-40
-3861
-458
1756
3410049
-62
-29
-54
-3876
-501
1721
3411074
-130
-53
-13
-3906
-791
1616
3412099
20
-67
34
-3957
-796
1680
3413124
135
-71
21
-3908
-618
1685
3414149
60
-65
0
-3906
-474
1704
3415174
-157
-65
8
-3929
-558
1731
3416199
-272
-71
38
-3954
-804
1756
3417224
-170
-92
46
-3956
-839
1915
3418249
-99
-140
29
-3919
-610
2166
3419274
-187
-188
18
-3923
-586
2392
3420299
-204
-232
31
-3975
-936
2769
3421324
10
-311
37
-4056
-1091
3140
3422349
144
-479
26
-4149
-621
3362
3423374
-185
-652
55
-4374
-430
3403
3424399
-523
-793
62
-4458
-1168
3614
3417217
-314
-949
63
-4408
-1520
3873
3418242
56
-1138
61
-4395
-1117
3891
3419267
45
-1317
39
-4552
-863
3890
3420292
-231
-1468
-21
-4626
-1074
4100
3421317
-303
-1635
-127
-4410
-1379
4407
3422342
-80
-1818
-187
-4302
-1209
4419
3423367
-21
-1974
-182
-4675
-757
4153
3424392
-115
-2099
-229
-4677
-1083
4431
3425417
242
-2256
-269
-4191
-1465
4653
3426442
670
-2475
-133
-4404
-257
4197
3427467
352
-2613
32
-4835
-31
3976
3428492
42
-2681
53
-4272
-1204
4357
3429517
401
-2738
90
-3854
-1320
4154
3430542
651
-2772
198
-4149
-464
3307
3431567
91
-2724
204
-4298
-51
3123
3432592
-695
-2658
67
-3560
-736
3133
3425408
-692
-2595
-35
-2762
-1783
2695
3426433
-10
-2473
-72
-2441
-1518
2127
3427458
165
-2293
-89
-2425
-26
1820
3428483
-423
-2106
-129
-2086
91
2001
3429508
-657
-1972
-149
-1354
-716
1940
3430533
-371
-1822
-94
-836
-931
1404
3431558
-290
-1587
-27
-744
12
1096
3432583
-637
-1325
-61
-555
-24
1687
3433608
-614
-1177
-162
14
-1669
2043
3434633
175
-1009
-213
29
-1642
1428
3435658
418
-714
-306
-566
766
1703
3436683
-421
-525
-342
-501
664
2817
3437708
-916
-484
-231
255
-1384
2784
3438733
-580
-383
-90
503
-1601
2134
3439758
-220
-154
-20
-384
-593
2805
3440783
-177
-85
-62
-37
-591
3573
3433600
-220
-94
-17
637
-1588
3455
3434625
9
-11
46
241
-1430
3254
3435650
33
83
-66
-204
-512
3724
3436675
-97
76
-105
237
-1043
4086
3437700
255
31
21
703
-1983
3676
3438725
584
64
58
133
-764
3500
3439750
-54
131
-98
-238
13
3853
3440775
-617
128
-138
278
-827
3737
3441800
-275
155
54
270
-1524
3239
3442825
95
239
148
-87
-1014
2974
3443850
-116
342
84
-106
-444
3198
3444875
-322
398
88
103
-978
3100
3445900
-121
461
176
125
-1347
2623
3446925
5
573
223
-56
-786
2185
3447950
-224
758
188
-334
-761
2257
3448975
-180
918
185
-411
-1031
2390
3441791
14
1030
271
-332
-974
2101
3442816
-181
1191
344
-588
-594
1964
3443841
-471
1403
309
-858
-1045
2855
3444866
-228
1409
221
-356
-1551
3269
3445891
232
1406
375
-934
-1344
3010
3446916
62
1430
435
-1506
-896
2648
3447941
-315
1528
387
-1982
-1106
2787
3448966
-57
1638
324
-2356
-1528
3376
3449991
330
1670
344
-2273
-1089
3180
3451016
159
1741
488
-2228
-631
2511
3452041
-442
1902
570
-2761
-935
2650
3453066
-353
1999
542
-3057
-1261
3458
3454091
304
1986
551
-2963
-2102
3630
3455116
852
1939
596
-2918
-1425
2802
3456141
504
2012
556
-3424
-283
2948
3457166
-130
2076
368
-3646
-884
4128
3449984
122
1952
226
-2850
-1795
4057
3451009
765
1902
381
-3352
-1138
3694
3452034
290
1800
446
-3937
340
3215
3453059
-955
1786
421
-4177
-410
3343
3454084
-809
1799
404
-4110
-2506
4119
3455109
508
1654
396
-4059
-2150
4037
3456134
785
1490
346
-4240
-63
3628
3457159
-405
1387
323
-4419
-288
3094
3458184
-1111
1368
316
-4598
-1938
3531
3459209
-409
1272
203
-4472
-2296
3792
3460234
503
1093
106
-4181
-1261
3667
3461259
466
943
47
-4072
-755
3524
3462284
-54
824
44
-3983
-1060
3150
3463309
-329
754
38
-4052
-1387
2934
3464334
-261
689
-22
-4083
-1479
2852
3465359
-114
611
-90
-4026
-1299
2670
3458176
-49
527
-103
-3963
-1159
2499
3459201
50
462
-93
-4090
-1268
2604
3460226
319
379
-129
-4014
-1123
2573
3461251
496
290
-138
-3847
-780
2344
3462276
476
241
-102
-3953
-644
2222
3463301
377
180
-53
-3978
-568
2157
3464326
208
126
-24
-3903
-700
2083
3465351
93
90
-9
-3813
-733
1918
3466376
97
86
12
-3808
-892
1756
3467401
195
87
26
-3853
-1000
1701
3468426
189
66
6
-3844
-771
1718
3469451
-90
60
-27
-3742
-750
1462
3470476
-293
97
-27
-3817
-1030
1424
3471501
-186
127
-64
-4024
-1307
1612
3472526
72
123
-166
-3929
-1027
1544
3473551
176
127
-222
-3800
-604
1626
3466368
41
118
-178
-3857
-545
1644
3467393
-34
105
-87
-3913
-729
1555
3468418
7
101
-7
-3966
-851
1578
3469443
75
91
20
-3937
-794
1648
3470468
88
78
36
-3876
-675
1630
3471493
0
79
75
-3885
-824
1586
3472518
-52
83
101
-3955
-975
1514
3473543
-2
76
77
-3980
-999
1540
3474568
79
66
30
-3871
-964
1597
3475593
131
60
26
-3803
-820
1670
3476618
35
52
57
-3902
-757
1633
3477643
-127
44
61
-3981
-920
1530
3478668
-119
36
38
-3930
-1107
1518
3479693
58
27
-3
-3873
-988
1601
3480718
88
17
-11
-3885
-695
1671
3481743
-163
17
-1
-3937
-806
1593
3474560
-287
17
8
-3951
-1095
1493
3475585
-115
1
-15
-3896
-1208
1477
3476610
107
-19
-43
-3838
-985
1596
3477635
55
-27
-36
-3896
-800
1584
3478660
-160
-26
-37
-3950
-981
1492
3479685
-159
-32
-52
-3920
-1141
1504
3480710
26
-43
-57
-3900
-1067
1616
3481735
89
-55
-39
-3924
-865
1682
3482760
-47
-55
-26
-3975
-833
1616
3483785
-191
-53
-44
-3944
-974
1590
3484810
-160
-63
-62
-3937
-1070
1723
3485835
-51
-92
-53
-4026
-956
1887
3486860
-80
-125
-46
-4079
-794
2079
3487885
-214
-158
-50
-4066
-831
2313
3488910
-261
-229
-59
-3936
-1059
2648
3489935
-190
-320
-31
-4009
-940
2867
3482773
-254
-448
9
-4110
-711
3024
3483798
-399
-582
57
-4327
-916
3358
3484823
-337
-759
76
-4233
-1136
4102
3485848
-209
-986
158
-4108
-1142
4463
3486873
-319
-1217
285
-4468
-868
4302
3487898
-753
-1450
327
-4819
-815
4234
3488923
-1050
-1662
283
-4909
-1649
4451
3489948
-711
-1869
183
-4803
-2423
4604
3490973
-82
-2049
58
-4839
-1848
4508
3491998
-17
-2184
-81
-5121
-1273
4673
3493023
-540
-2339
-282
-5073
-1442
4585
3494048
-844
-2493
-487
-5047
-1997
4282
3495073
-583
-2605
-599
-5212
-2132
4180
3496098
-305
-2730
-713
-4779
-1854
3851
3497123
-344
-2780
-806
-4499
-1825
3617
3498148
-293
-2765
-910
-4896
-2065
3785
3490945
-119
-2840
-975
-4482
-1518
3548
3491970
-338
-2901
-985
-3685
-1608
2870
3492995
-389
-2804
-1023
-3703
-1706
2776
3494020
-120
-2720
-1090
-3520
-1480
2736
3495045
147
-2700
-1065
-2945
-1312
2399
3496070
278
-2616
-993
-2540
-912
2144
3497095
119
-2507
-917
-1982
-491
1655
3498120
16
-2325
-765
-1624
-186
1285
3499145
53
-2115
-608
-1155
-539
1374
3500170
301
-1925
-500
-452
-1061
1174
3501195
571
-1718
-360
92
-245
618
3502220
265
-1425
-190
-281
319
933
3503245
-33
-1205
-163
125
-733
1371
3504270
556
-1059
-111
1009
-2340
1482
3505295
1256
-829
-98
655
-1077
1498
3506320
551
-610
-186
343
945
1856
3499136
-549
-477
-208
772
-578
2525
3500161
-335
-422
-67
1067
-2907
2551
3501186
703
-313
-1
737
-1318
2671
3502211
636
-218
32
624
613
3259
3503236
-240
-219
146
1215
-1197
3261
3504261
-155
-146
214
1026
-2509
2957
3505286
430
12
96
414
-530
3396
3506311
108
47
61
946
-272
3553
3507336
-251
63
205
1242
-2162
3191
3508361
105
145
204
632
-1980
3154
3509386
195
212
-4
582
-620
3330
3510411
-126
237
-18
929
-1073
3199
3511436
-21
283
175
786
-2220
3241
3512461
354
362
140
539
-1682
3386
3513486
203
395
-10
794
-913
2978
3514511
-48
489
-25
534
-1029
2643
3507328
100
594
45
374
-1502
3074
3508353
228
685
45
319
-1372
3205
3509378
103
760
-1
464
-638
2801
3510403
-257
863
6
458
-856
2294
3511428
-45
1037
74
-48
-1767
2801
3512453
602
1135
78
-374
-1261
3178
3513478
614
1143
39
4
-303
2854
3514503
-122
1245
62
-114
-165
2165
3515528
-547
1457
165
-850
-1077
2414
3516553
-77
1655
195
-1440
-1512
3081
3517578
340
1634
195
-783
-647
2692
3518603
89
1735
279
-693
-518
2051
3519628
-77
1917
371
-1427
-1604
2789
3520653
522
2043
312
-2283
-1697
3696
3521678
843
1940
220
-1869
-173
3716
3522703
142
1920
195
-1454
-200
3250
3515519
-472
1993
299
-2050
-1332
2937
3516544
9
2134
344
-3485
-1941
3827
3517569
617
2070
219
-3333
-806
3984
3518594
379
2016
123
-2568
-228
3920
3519619
-510
1980
197
-2534
-573
3048
3520644
-877
2094
349
-3966
-1392
3374
3521669
-442
2139
291
-4412
-1593
4242
3522694
-10
1984
118
-3366
-933
4662
3523719
-211
1807
195
-2986
-740
4033
3524744
-683
1715
359
-3631
-850
3256
3525769
-826
1723
399
-4566
-1147
3719
3526794
-453
1623
282
-4123
-2113
4080
3527819
424
1488
236
-3510
-2298
3925
3528844
882
1384
232
-3759
-839
3567
3529869
231
1315
170
-4288
-325
3411
3530894
-513
1274
117
-4506
-1388
3984
3523712
-308
1152
45
-4008
-2197
4188
3524737
395
976
91
-3798
-1681
3913
3525762
632
796
85
-3927
-1032
3570
3526787
419
637
56
-3990
-710
3441
3527812
136
510
67
-3928
-1033
3505
3528837
156
411
106
-3788
-1539
3305
3529862
390
345
146
-3792
-1252
2896
3530887
339
300
108
-3825
-943
2665
3531912
64
232
24
-3812
-851
2684
3532937
-79
179
-11
-3845
-1138
2669
3533962
92
133
-13
-3566
-1299
2517
3534987
339
111
-12
-3527
-971
2403
3536012
285
69
-31
-3644
-464
2360
3537037
-42
25
-32
-3667
-597
2257
3538062
-191
12
8
-3686
-964
2107
3539087
-30
19
31
-3709
-907
1975
3531903
77
32
4
-3740
-673
1932
3532928
13
44
-26
-3673
-622
1930
3533953
-67
68
-17
-3668
-844
1858
3534978
-38
81
-4
-3684
-835
1879
3536003
8
75
13
-3682
-782
2043
3537028
0
63
43
-3694
-917
2062
3538053
-6
54
73
-3721
-924
2016
3539078
-3
60
56
-3770
-995
1957
3540103
57
57
12
-3787
-910
2046
3541128
24
44
-7
-3718
-749
2182
3542153
-117
39
16
-3682
-846
2117
3543178
-105
30
45
-3700
-992
1972
3544203
46
17
45
-3767
-955
1989
3545228
98
-8
22
-3706
-759
2060
3546253
-29
-17
21
-3658
-770
2049
3547278
-128
-5
32
-3687
-993
1950
3540096
-71
9
25
-3762
-1057
1873
3541121
10
5
-9
-3741
-914
1968
3542146
-2
-17
-22
-3619
-883
2060
3543171
-27
-25
13
-3652
-1025
2015
3544196
-13
-21
19
-3822
-952
1980
3545221
-20
-25
-30
-3763
-890
2005
3546246
-42
-33
-57
-3633
-901
1988
3547271
-25
-25
-24
-3690
-921
1936
3548296
-14
-18
-2
-3768
-883
1897
3549321
-64
-20
-21
-3767
-804
1871
3550346
-126
-21
-36
-3695
-836
1837
3551371
-96
-5
-12
-3686
-983
1841
3552396
36
6
5
-3680
-968
1928
3553421
58
7
-5
-3660
-673
1995
3554446
-179
3
-26
-3663
-664
1989
3555471
-313
0
-24
-3661
-1019
1953
3548288
-132
-5
2
-3672
-1152
2039
3549313
84
-13
10
-3686
-918
2130
3550338
40
-26
-2
-3721
-701
2184
3551363
-179
-46
-18
-3722
-835
2135
3552388
-191
-63
-6
-3761
-1153
2121
3553413
43
-86
4
-3764
-1086
2324
3554438
121
-118
-1
-3730
-716
2496
3555463
-126
-154
-1
-3727
-719
2500
3556488
-346
-195
8
-3765
-1005
2523
3557513
-325
-251
8
-3771
-1122
2631
3558538
-200
-303
-1
-3774
-1104
2838
3559563
-173
-367
-18
-3768
-1001
2961
3560588
-286
-439
-30
-3841
-982
3069
3561613
-340
-515
-73
-3857
-1228
3558
3562638
-158
-624
-115
-3710
-1765
4209
3563663
146
-788
-79
-3924
-1657
4473
3556481
90
-1017
-63
-4282
-1192
4516
3557506
-141
-1225
-130
-4357
-1785
4841
3558531
178
-1428
-233
-4394
-2325
5452
3559556
623
-1714
-267
-4528
-1573
5650
3560581
312
-2020
-264
-4523
-867
5171
3561606
-288
-2214
-224
-4719
-1247
4675
3562631
-412
-2365
-218
-4808
-1848
4662
3563656
-161
-2533
-241
-4534
-1666
4289
3564681
-26
-2630
-271
-4437
-1328
3967
3565706
-184
-2669
-341
-4250
-1033
3717
3566731
-587
-2654
-370
-3995
-939
3352
3567756
-931
-2622
-452
-3557
-1191
2924
3568781
-927
-2543
-557
-3308
-1472
2736
3569806
-704
-2443
-692
-2913
-1521
2583
3570831
-467
-2317
-831
-2496
-1255
2735
3571856
-483
-2218
-902
-2104
-911
2505
3564672
-547
-2117
-842
-1871
-1050
2005
3565697
-355
-1931
-793
-1931
-1118
1954
3566722
-7
-1830
-779
-1207
-1153
1931
3567747
473
-1708
-620
-695
-1507
1766
3568772
1002
-1507
-463
-949
-1215
1927
3569797
986
-1375
-456
-641
-439
1950
3570822
520
-1217
-452
-277
-340
2217
3571847
261
-1087
-365
-32
-922
2580
3572872
186
-999
-264
171
-968
2210
3573897
-3
-852
-192
145
-504
2043
3574922
-249
-661
-162
245
-905
2633
3575947
-89
-578
-126
591
-1579
2793
3576972
207
-515
-69
470
-935
2420
3577997
-103
-417
-28
483
-622
2192
3579022
-347
-228
-79
711
-1519
2978
3580047
-17
-130
-81
765
-1621
3028
3572865
235
-52
1
466
-1068
2628
3573890
46
54
-25
463
-832
3050
3574915
-158
124
-65
811
-1337
3617
3575940
-133
119
37
848
-1487
3325
3576965
10
161
153
328
-1562
3374
3577990
91
193
81
510
-1307
3717
3579015
-6
224
27
746
-1342
3905
3580040
-136
223
74
513
-1502
3589
3581065
-197
226
112
351
-1542
3278
3582090
-186
306
60
238
-1585
3565
3583115
-35
372
-34
560
-1683
4025
3584140
216
371
7
654
-1950
4014
3585165
328
332
82
272
-1392
3424
3586190
-19
352
27
98
-960
3041
3587215
-291
458
-85
227
-1600
3496
3588240
16
513
-129
423
-1821
3677
3581056
334
539
-42
321
-1175
3105
3582081
4
605
0
36
-873
2461
3583106
-321
763
-42
-315
-887
2559
3584131
-358
857
-90
45
-951
2682
3585156
-182
950
62
97
-1008
2120
3586181
-155
1084
254
-251
-743
1467
3587206
-217
1347
348
-965
-920
2018
3588231
170
1514
339
-826
-1760
2949
3589256
857
1529
374
-347
-1889
2703
3590281
1123
1637
449
-769
-645
2095
3591306
337
1767
409
-1481
-89
1630
3592331
-179
2022
339
-2534
-1285
2639
3593356
63
2039
157
-2039
-1893
3064
3594381
497
2096
207
-1663
-1245
2629
3595406
148
2206
329
-2254
-273
2106
3596431
-633
2398
382
-3580
-552
2670
3589248
-727
2445
341
-3631
-2101
3524
3590273
105
2332
316
-2522
-2546
3654
3591298
552
2250
441
-2669
-846
3080
3592323
-106
2331
469
-4386
-350
3408
3593348
-598
2346
272
-4929
-1995
4634
3594373
-152
2113
46
-3726
-2962
4578
3595398
818
1892
170
-3415
-1469
3884
3596423
646
1801
299
-4733
-623
3339
3597448
-136
1761
272
-5399
-1254
3867
3598473
-412
1621
103
-4171
-1560
4082
3599498
-300
1589
162
-3974
-1591
3744
3600523
-219
1543
204
-4628
-1319
3472
3601548
-387
1412
139
-4700
-1124
3336
3602573
-401
1297
65
-4154
-1354
3535
3603598
15
1164
94
-3733
-1679
3659
3604623
586
1007
168
-4073
-1468
3562
3597440
703
825
207
-4459
-625
3133
3598465
526
746
187
-4318
-989
3111
3599490
1013
642
148
-3544
-1746
3874
3600515
1616
437
187
-3561
-896
3516
3601540
1233
264
286
-4161
140
2818
3602565
239
161
277
-4237
-640
2442
3603590
-57
115
230
-4089
-1354
2278
3604615
335
71
133
-3858
-1107
2404
3605640
415
32
88
-3851
-501
2142
3606665
-22
50
90
-3914
-562
1888
3607690
-490
71
104
-3960
-858
1729
3608715
-498
66
74
-3958
-1058
1676
3609740
-97
42
23
-3690
-1201
1666
3610765
284
54
49
-3765
-975
1671
3611790
287
65
80
-3885
-579
1711
3612815
29
70
48
-3865
-700
1775
3605632
-35
68
14
-3827
-886
1849
3606657
89
58
33
-3786
-880
1872
3607682
141
44
78
-3836
-770
1863
3608707
1
22
84
-3878
-645
1798
3609732
-98
22
54
-3880
-893
1759
3610757
90
11
27
-3818
-1072
1806
3611782
296
-12
30
-3846
-728
1900
3612807
105
-26
22
-3876
-473
1847
3613832
-258
-15
3
-3861
-751
1753
3614857
-234
-7
-17
-3793
-1051
1643
3615882
82
-12
-12
-3794
-920
1682
3616907
198
-19
11
-3896
-716
1747
3617932
23
-37
10
-3830
-581
1733
3618957
-181
-25
-5
-3810
-792
1648
3619982
-104
-6
-9
-3817
-957
1619
3621007
146
-1
5
-3825
-919
1692
3613824
207
-5
5
-3825
-736
1708
3614849
12
-2
-18
-3827
-568
1741
3615874
-207
1
-47
-3820
-678
1717
3616899
-192
-1
-53
-3841
-961
1778
3617924
1
-7
-44
-3819
-980
1802
3618949
123
-9
-37
-3802
-699
1818
3619974
-41
-14
-61
-3806
-483
1834
3620999
-292
-17
-67
-3799
-709
1771
3622024
-248
-17
-38
-3826
-1128
1745
3623049
37
-33
-18
-3843
-936
1729
3624074
85
-47
-39
-3827
-546
1718
3625099
-113
-32
-54
-3792
-745
1677
3626124
-51
-12
-32
-3792
-1074
1744
3627149
175
-20
-4
-3857
-831
1777
3628174
69
-39
-15
-3868
-444
1704
3629199
-260
-29
-34
-3811
-720
1636
3622015
-237
-11
-22
-3828
-1042
1654
3623040
74
-11
1
-3846
-913
1763
3624065
117
-20
10
-3814
-480
1854
3625090
-204
-18
9
-3838
-490
1835
3626115
-380
-19
21
-3923
-855
2002
3627140
-208
-42
32
-3973
-1088
2360
3628165
37
-88
21
-3978
-841
2760
3629190
-132
-189
-1
-3951
-304
2944
3630215
-442
-267
16
-4005
-1093
3255
3631240
45
-339
25
-4128
-2375
4204
3632265
885
-583
1
-4258
-1244
4775
3633290
615
-904
-22
-4496
117
4745
3634315
-413
-1151
-37
-4689
-623
4522
3635340
-746
-1379
-70
-4623
-1487
4627
3636365
-508
-1608
-76
-4638
-1266
4476
3637390
-347
-1804
-77
-4815
-986
4163
3630208
-414
-1970
-115
-4863
-996
4023
3631233
-498
-2096
-156
-4617
-1050
4079
3632258
-439
-2201
-177
-4405
-1340
4149
3633283
-298
-2328
-196
-4557
-1026
3864
3634308
-445
-2439
-197
-4752
-805
3603
3635333
-587
-2499
-243
-4370
-1452
3715
3636358
-329
-2563
-262
-3909
-1389
3631
3637383
-233
-2604
-238
-3857
-1155
3257
3638408
-372
-2582
-265
-3887
-1293
2897
3639433
-420
-2511
-332
-3716
-1399
2920
3640458
-435
-2451
-403
-3262
-1313
2872
3641483
-403
-2385
-446
-2737
-1575
2626
3642508
-182
-2279
-455
-2384
-1771
2428
3643533
50
-2142
-462
-2382
-1259
2406
3644558
1
-2049
-510
-2021
-1149
2445
3645583
52
-1969
-529
-1414
-1508
2363
3638400
466
-1872
-437
-1113
-1432
2024
3639425
735
-1729
-344
-1139
-605
2074
3640450
435
-1563
-303
-925
-455
2654
3641475
131
-1456
-285
-324
-1155
2538
3642500
262
-1358
-262
108
-1191
1968
3643525
204
-1180
-271
-182
-529
1668
3644550
87
-931
-334
-328
-780
2566
3645575
275
-850
-307
562
-1312
2756
3646600
440
-780
-165
710
-939
2185
3647625
123
-589
-158
54
-397
2197
3648650
-284
-415
-286
369
-551
2967
3649675
-241
-356
-228
765
-1254
2987
3650700
92
-294
-61
619
-1436
2567
3651725
96
-172
-90
522
-762
2501
3652750
-86
-4
-216
533
-521
3192
3653775
-62
38
-131
689
-1283
3266
3646591
220
35
10
767
-1569
2627
3647616
437
168
-35
363
-699
2791
3648641
330
324
-162
404
-534
3793
3649666
320
308
-78
679
-1419
3885
3650691
440
267
76
412
-1111
3238
3651716
228
337
21
240
-510
3098
3652741
-45
446
-125
424
-534
3275
3653766
98
525
-114
358
-920
3383
3654791
295
563
13
250
-582
2994
3655816
4
646
74
271
-210
2430
3656841
-343
827
55
72
-202
1991
3657866
-432
1026
39
-105
-97
1605
3658891
-310
1245
161
-239
-327
1667
3659916
109
1474
277
-582
-1214
2518
3660941
414
1566
329
-718
-269
2397
3661966
1
1715
327
-837
41
2224
3654784
-702
1823
299
-852
-443
1881
3655809
-385
2040
376
-1551
-2084
2793
3656834
651
2097
386
-2218
-1660
3057
3657859
1115
2082
305
-2337
-135
3238
3658884
237
2056
293
-2064
277
2740
3659909
-356
2246
465
-2656
-1286
3606
3660934
68
2307
488
-3267
-1631
4148
3661959
590
2196
422
-3263
-727
4025
3662984
193
2106
354
-2997
-94
3465
3664009
-492
2120
425
-3275
-648
3483
3665034
-404
2167
427
-3820
-1686
4098
3666059
181
2094
390
-4041
-941
4149
3667084
97
1963
326
-3942
-161
3721
3668109
-465
1868
369
-3657
-456
3337
3669134
-508
1876
490
-3922
-1762
3833
3670159
342
1856
515
-4619
-1632
4349
3662977
604
1656
334
-4225
-107
4304
3664002
-128
1503
227
-3924
-47
4046
3665027
-688
1370
310
-3989
-1150
3574
3666052
-450
1279
439
-4519
-1432
3289
3667077
63
1206
398
-4656
-1186
3562
3668102
221
1119
252
-4376
-836
3774
3669127
3
998
180
-3998
-972
3615
3670152
-208
884
197
-4156
-1130
3321
3671177
-293
753
164
-4263
-1155
3079
3672202
-202
645
74
-4071
-1254
3158
3673227
99
545
13
-3918
-1342
3231
3674252
255
430
-2
-3925
-940
3092
3675277
58
326
-17
-3973
-650
2764
3676302
-248
256
-46
-3923
-914
2465
3677327
-239
214
-58
-3978
-1094
2397
3678352
46
168
-96
-3977
-1197
2361
3671168
299
119
-134
-3918
-810
2199
3672193
241
88
-148
-3886
-552
2033
3673218
92
75
-133
-3906
-629
1919
3674243
80
52
-103
-3912
-650
1902
3675268
138
30
-72
-3854
-551
1820
3676293
173
34
-40
-3807
-450
1743
3677318
122
46
-6
-3798
-434
1786
3678343
6
31
-3
-3769
-517
1772
3679368
15
35
9
-3859
-766
1745
3680393
168
32
-5
-3800
-657
1829
3681418
213
27
-10
-3789
-397
1850
3682443
65
26
-10
-3806
-412
1825
3683468
-60
39
15
-3832
-588
1797
3684493
12
43
28
-3853
-680
1826
3685518
129
21
41
-3849
-531
1836
3686543
100
-1
60
-3858
-495
1808
3679360
47
0
68
-3852
-671
1770
3680385
121
15
56
-3843
-776
1858
3681410
197
11
37
-3840
-555
1906
3682435
86
-1
31
-3834
-465
1838
3683460
-50
-1
33
-3829
-710
1708
3684485
20
12
26
-3863
-837
1661
3685510
187
7
-4
-3850
-633
1803
3686535
154
0
-17
-3806
-421
1828
3687560
-105
12
1
-3824
-510
1756
3688585
-240
34
7
-3869
-755
1645
3689610
-94
38
-11
-3849
-742
1728
3690635
21
13
-21
-3751
-506
1886
3691660
-84
8
14
-3780
-541
1806
3692685
-141
22
27
-3860
-771
1694
3693710
25
27
-4
-3907
-779
1781
3694735
194
0
-37
-3813
-521
1993
3687553
99
-16
-15
-3834
-435
1975
3688578
-65
-12
11
-3954
-543
1924
3689603
-116
-21
-10
-4006
-575
2176
3690628
-136
-64
-60
-3959
-555
2561
3691653
-279
-119
-73
-3988
-461
2792
3692678
-563
-178
-66
-4263
-464
3258
3693703
-849
-266
-92
-4527
-806
3803
3694728
-784
-427
-147
-4253
-1493
4338
3695753
-198
-639
-140
-4316
-2123
5080
3696778
409
-944
-116
-4896
-1442
5575
3697803
243
-1314
-129
-5086
-580
5635
3698828
-326
-1642
-207
-5001
-1458
5591
3699853
-257
-1959
-315
-5140
-2025
5516
3700878
86
-2256
-421
-5458
-1371
5237
3701903
50
-2506
-492
-5457
-1031
4843
3702928
-16
-2684
-511
-5403
-1422
4459
3695984
193
-2795
-479
-5810
-1389
4212
3697009
207
-2940
-493
-5416
-841
3960
3698034
-103
-3045
-461
-4447
-999
3361
3699059
-110
-3017
-396
-4343
-1593
3014
3700084
353
-2960
-402
-4700
-1640
3644
3701109
463
-3085
-494
-3795
-516
3340
3702134
-127
-3129
-434
-3010
290
2477
3703159
-798
-2985
-340
-3235
-570
2134
3704184
-701
-2834
-385
-3325
-1336
1903
3705209
-241
-2752
-468
-2266
-472
1526
3706234
-280
-2559
-431
-1512
-31
1232
3707259
-796
-2248
-426
-1532
-345
1044
3708284
-1132
-1893
-614
-1547
-266
1265
3709309
-974
-1669
-686
-457
-525
1762
3710334
-479
-1562
-445
519
-1492
1978
3711359
45
-1397
-139
-209
-1219
1617
3703936
33
-1219
-176
-339
-475
1644
3704961
-88
-1088
-302
459
-947
2014
3705986
244
-971
-250
715
-1505
2043
3707011
591
-800
-164
360
-836
2066
3708036
364
-587
-210
498
-549
2509
3709061
44
-456
-219
1122
-843
2722
3710086
-69
-388
-53
901
-1150
2296
3711111
-125
-259
-24
322
-963
2248
3712136
-156
-116
-169
937
-1112
2875
3713161
64
-61
-126
1297
-1533
2906
3714186
540
3
57
704
-1487
2761
3715211
611
113
-15
579
-647
3400
3716236
18
151
-91
1051
-628
3804
3717261
-373
159
-19
1032
-1212
3280
3718286
-229
237
65
446
-1415
3385
3719311
-97
281
-29
711
-1091
3793
3712128
-152
264
-43
969
-1387
3702
3713153
3
278
38
646
-1468
3528
3714178
97
319
45
410
-895
3799
3715203
-160
340
-8
690
-1127
4083
3716228
-208
346
15
743
-1653
3832
3717253
55
356
86
487
-1349
3474
3718278
146
386
89
374
-1000
3648
3719303
-60
400
58
576
-1294
3879
3720328
-79
414
73
553
-1719
3711
3721353
200
439
97
364
-1345
3399
3722378
247
493
77
195
-993
3501
3723403
77
529
16
257
-1049
3542
3724428
6
549
15
403
-1216
3101
3725453
166
634
69
204
-1144
2653
3726478
217
758
107
-72
-619
2509
3727503
-5
917
114
-182
-756
2646
3720320
-141
1040
132
-81
-1065
2343
3721345
-163
1179
194
-228
-850
1698
3722370
-349
1395
242
-734
-790
1628
3723395
-447
1660
240
-1365
-1413
1869
3724420
-278
1807
152
-1193
-1116
1575
3725445
-247
2008
202
-1351
-62
2058
3726470
-540
2154
385
-1870
-1152
2938
3727495
-377
2184
586
-2169
-2190
2938
3728520
173
2211
706
-2302
-1496
2196
3729545
424
2340
730
-2715
-688
2046
3730570
349
2448
624
-3009
-705
3322
3731595
252
2428
556
-2975
-1660
3578
3732620
628
2465
621
-3230
-1542
3238
3733645
671
2464
555
-3208
-542
3158
3734670
135
2413
488
-3191
-295
3422
3735695
-285
2414
572
-4173
-1496
3563
3728512
87
2387
587
-4801
-1883
3669
3729537
560
2272
463
-4350
-1176
4079
3730562
377
2079
394
-3582
-958
3910
3731587
3
2055
566
-4961
-1337
3871
3732612
-25
1943
443
-5642
-1714
4056
3733637
279
1737
201
-4878
-1477
4111
3734662
594
1546
123
-4129
-1388
4494
3735687
689
1379
256
-4560
-1399
4422
3736712
549
1167
304
-4985
-1072
3948
3737737
383
979
139
-4734
-1247
3629
3738762
605
831
-43
-4287
-1234
3550
3739787
820
718
-127
-4233
-599
3335
3740812
655
617
-160
-4276
-412
2901
3741837
348
543
-166
-4152
-188
2696
3742862
25
474
-170
-3899
-163
2755
3743887
-142
409
-102
-3809
-673
2526
3736704
-62
360
6
-3913
-661
2285
3737729
-89
310
32
-3986
-474
2097
3738754
-252
249
-16
-3937
-455
2016
3739779
-353
208
-24
-3908
-628
1936
3740804
-269
193
17
-3967
-958
1756
3741829
66
171
29
-3948
-929
1748
3742854
371
151
19
-3951
-720
1789
3743879
382
133
16
-3994
-532
1791
3744904
256
108
24
-3978
-514
1805
3745929
180
82
54
-4021
-624
1777
3746954
153
64
59
-3996
-624
1661
3747979
140
74
43
-3940
-648
1613
3749004
119
79
24
-3976
-499
1695
3750029
-35
58
8
-4013
-352
1754
3751054
-276
40
5
-3973
-583
1631
3752079
-257
33
15
-3925
-832
1533
3744897
35
32
11
-3896
-793
1602
3745922
213
14
14
-3834
-552
1823
3746947
99
-4
60
-3938
-526
1852
3747972
-76
-30
79
-4029
-694
1704
3748997
-141
-63
54
-4017
-802
1642
3750022
-38
-83
35
-3963
-806
1587
3751047
172
-87
16
-3945
-912
1618
3752072
272
-89
0
-3998
-674
1654
3753097
86
-95
-24
-3999
-460
1625
3754122
-190
-96
-37
-3978
-671
1530
3755147
-213
-87
-46
-3961
-911
1452
3756172
-28
-82
-68
-3878
-875
1491
3757197
89
-80
-76
-3835
-558
1546
3758222
-66
-77
-48
-3874
-500
1533
3759247
-298
-68
-24
-3907
-731
1468
3760272
-330
-64
-28
-3876
-729
1539
3753088
-332
-69
-42
-3819
-596
1512
3754113
-379
-60
-27
-3835
-770
1446
3755138
-328
-41
-6
-3869
-813
1469
3756163
-262
-30
-34
-3918
-703
1594
3757188
-270
-41
-79
-3815
-621
1672
3758213
-307
-42
-40
-3860
-736
1741
3759238
-288
-57
3
-4002
-807
1832
3760263
-206
-89
-3
-3959
-694
2003
3761288
-195
-120
-22
-3918
-720
2222
3762313
-212
-164
3
-4053
-599
2466
3763338
-355
-235
0
-4169
-532
2849
3764363
-544
-342
-39
-3952
-654
3086
3765388
-625
-457
-44
-3852
-606
3242
3766413
-688
-600
-2
-3988
-496
3497
3767438
-600
-760
8
-4054
-1308
4001
3768463
-72
-966
18
-4004
-1353
4320
3761280
170
-1183
62
-4263
-213
4298
3762305
-328
-1393
100
-4555
-510
4290
3763330
-492
-1602
122
-4803
-1657
4285
3764355
29
-1798
170
-4902
-1525
4207
3765380
296
-1973
162
-4812
-1203
4144
3766405
176
-2106
129
-4947
-998
4247
3767430
-264
-2232
73
-5057
-914
4203
3768455
-766
-2356
-69
-4741
-1363
4023
3769480
-688
-2428
-227
-4560
-1958
4059
3770505
-239
-2491
-293
-4583
-1241
3790
3771530
-333
-2556
-361
-4472
-842
3520
3772555
-607
-2584
-490
-4171
-1596
3671
3773580
-320
-2611
-510
-3849
-1670
3692
3774605
-74
-2619
-405
-3692
-1040
3293
3775630
-346
-2570
-347
-3478
-783
2686
3776655
-517
-2459
-374
-3085
-1075
2622
3769473
-153
-2373
-386
-2571
-1498
2555
3770498
396
-2251
-350
-2457
-1570
2353
3771523
452
-2141
-411
-2013
-630
1864
3772548
83
-1986
-482
-1465
-653
1961
3773573
234
-1816
-467
-1157
-1840
2314
3774598
822
-1703
-389
-1043
-1323
2295
3775623
621
-1619
-390
-681
-32
1751
3776648
-267
-1434
-336
-479
-216
1855
3777673
-451
-1250
-278
-287
-1759
2207
3778698
195
-1101
-275
-299
-1522
2522
3779723
382
-1012
-332
140
-430
2436
3780748
-279
-937
-311
735
-97
2011
3781773
-700
-731
-201
166
-1497
2396
3782798
-96
-570
-213
-83
-1962
2915
3783823
534
-528
-290
772
-782
2926
3784848
132
-467
-232
841
33
2282
3777664
-514
-289
-125
-27
-740
2585
3778689
-347
-157
-174
403
-1707
3259
3779714
168
-107
-135
924
-1055
2993
3780739
-6
-21
-48
502
74
2755
3781764
-633
100
-94
367
-792
3498
3782789
-563
115
-101
870
-1602
3467
3783814
42
156
102
644
-1328
3118
3784839
290
207
193
349
-949
3292
3785864
142
281
82
406
-766
3768
3786889
-182
301
8
690
-1391
3797
3787914
-63
329
79
441
-1508
3169
3788939
129
413
74
120
-956
3164
3789964
24
507
-35
291
-911
3579
3790989
-70
548
-42
547
-1132
3460
3792014
96
589
125
295
-1090
2871
3793039
79
677
205
-179
-608
2586
3785855
-50
831
148
-369
-427
2969
3786880
-131
890
140
293
-646
2930
3787905
-40
997
355
59
-1015
2377
3788930
83
1134
468
-534
-851
2261
3789955
90
1266
422
-828
-1063
2451
3790980
189
1372
348
-742
-1108
2310
3792005
147
1507
349
-708
-869
1649
3793030
-8
1748
395
-1464
-996
2005
3794055
385
2008
344
-2435
-1798
3144
3795080
927
1940
151
-1531
-1199
3050
3796105
872
2006
166
-1408
-151
2728
3797130
80
2105
291
-2531
-246
2731
3798155
-97
2256
245
-3426
-1573
3970
3799180
853
2148
56
-2155
-2201
4388
3800205
1937
2066
201
-2083
-764
3953
3801230
1409
1980
391
-3014
1092
3252
3794049
-330
1975
398
-3777
-14
3133
3795074
-828
2082
293
-3865
-1785
3871
3796099
90
2050
150
-3024
-1695
3350
3797124
1008
2089
153
-3339
-885
2688
3798149
914
2087
114
-4177
-57
2325
3799174
168
2104
87
-4952
-54
2875
3800199
-313
2107
-38
-4605
-910
3220
3801224
-34
2076
-85
-3827
-1234
2955
3802249
469
2109
-9
-4449
-872
3121
3803274
523
2057
-58
-5381
-224
4010
3804299
355
1895
-257
-5011
-155
4555
3805324
451
1636
-308
-3964
-554
4502
3806349
977
1445
-63
-4457
-172
4480
3807374
817
1151
65
-4748
1048
4444
3808399
-145
934
116
-4672
355
3987
3809424
-355
794
107
-4212
-889
3701
3802240
361
664
175
-4144
-899
3211
3803265
915
524
191
-4303
-429
2638
3804290
846
401
159
-4349
-279
2343
3805315
531
327
108
-4181
-530
2457
3806340
235
265
1
-3917
-566
2325
3807365
47
254
-44
-3891
-551
1934
3808390
33
269
-54
-4136
-846
1669
3809415
245
235
-82
-4237
-981
1683
3810440
406
180
-157
-4155
-249
2031
3811465
1
144
-229
-3915
140
2026
3812490
-363
150
-228
-3872
-529
1910
3813515
-165
144
-154
-4047
-767
1693
3814540
279
101
-115
-4065
-551
1711
3815565
478
51
-114
-3952
-186
1896
3816590
236
20
-82
-3936
272
1868
3817615
-238
2
-35
-3997
-153
1695
3810432
-381
-13
-27
-4008
-676
1481
3811457
-43
-16
-29
-4032
-711
1370
3812482
276
-19
-64
-4017
-350
1436
3813507
170
-19
-65
-4030
31
1474
3814532
-198
3
-61
-3980
-231
1353
3815557
-259
28
-57
-3893
-548
1201
3816582
18
51
-61
-3881
-508
1297
3817607
163
54
-60
-3884
-199
1384
3818632
34
68
-29
-3956
-173
1367
3819657
-128
84
-5
-3931
-345
1307
3820682
-77
109
3
-3963
-409
1243
3821707
34
123
-12
-4056
-236
1413
3822732
-53
122
-17
-4028
-180
1508
3823757
-210
131
8
-3997
-293
1540
3824782
-244
128
59
-4035
-375
1693
3825807
-104
98
82
-4030
-511
1737
3818625
82
59
85
-3966
-519
1634
3819650
144
39
103
-3979
-336
1581
3820675
57
23
105
-4012
-333
1590
3821700
-34
-21
83
-3967
-444
1621
3822725
-112
-53
87
-3944
-498
1542
3823750
-134
-51
98
-3939
-601
1386
3824775
-31
-33
88
-3964
-617
1264
3825800
54
-29
76
-3986
-426
1333
3826825
-110
-23
56
-4012
-367
1382
3827850
-289
-6
40
-3997
-561
1320
3828875
-214
15
16
-3980
-740
1290
3829900
49
26
15
-3984
-651
1320
3830925
173
29
20
-3998
-454
1405
3831950
44
30
19
-4021
-364
1469
3832975
-73
29
-9
-4017
-542
1475
3834000
7
13
-26
-3971
-559
1527
3826815
86
-6
-20
-3968
-422
1551
3827840
30
-18
-18
-3983
-388
1482
3828865
-45
-20
-24
-4019
-439
1457
3829890
-30
-41
-38
-3983
-384
1562
3830915
6
-64
-17
-3973
-361
1703
3831940
-20
-92
5
-3919
-409
1668
3832965
-9
-114
14
-4048
-438
1804
3833990
6
-166
-36
-4249
-199
2263
3835015
-127
-262
-93
-4081
-36
2579
3836040
-357
-363
-94
-3914
-244
2748
3837065
-487
-447
-17
-4419
-249
3020
3838090
-611
-577
-10
-4696
-348
3376
3839115
-501
-721
-39
-4570
-894
3987
3840140
-129
-900
-22
-4729
-800
4542
3841165
-96
-1158
8
-4958
-405
4735
3842190
-429
-1432
-42
-5109
-417
4744
3835146
-526
-1696
-110
-4914
-957
4948
3836171
-208
-1970
-122
-4924
-1257
5120
3837196
23
-2243
-118
-5375
-472
4791
3838221
-340
-2463
-188
-5588
-458
4623
3839246
-733
-2643
-319
-5024
-1170
4677
3840271
-727
-2784
-339
-5151
-1109
4575
3841296
-772
-2923
-361
-5677
-1156
4107
3842321
-805
-3052
-515
-5230
-1533
3800
3843346
-529
-3114
-603
-4757
-1789
3821
3844371
-93
-3164
-585
-5017
-1461
3662
3845396
-6
-3242
-607
-4649
-754
3279
3846421
-358
-3211
-641
-3979
-593
2952
3847446
-533
-3113
-610
-3547
-849
2614
3848471
-291
-3016
-554
-3302
-731
2088
3849496
-153
-2883
-467
-2841
-379
1341
3850521
-356
-2659
-394
-2163
-249
889
3843200
-230
-2353
-307
-1676
-717
1078
3844225
449
-2100
-249
-1177
-1163
1167
3845250
985
-1904
-200
-684
-431
719
3846275
910
-1599
-117
-415
-108
681
3847300
772
-1254
-95
-381
-702
1844
3848325
619
-1174
-178
159
-171
1999
3849350
136
-1045
-88
326
-44
1720
3850375
-174
-812
2
361
-1289
1889
3851400
331
-655
-55
659
-757
2283
3852425
544
-536
-40
542
160
2611
3853450
-22
-452
52
779
-689
2608
3854475
-161
-315
147
646
-1200
2608
3855500
109
-167
54
749
-695
3322
3856525
-20
-121
-10
775
-175
3489
3857550
-114
-103
125
801
-1461
3346
3858575
57
-81
155
740
-1078
2973
3851392
-97
15
35
547
-376
3457
3852417
-303
73
-55
719
-878
3886
3853442
-22
99
56
756
-1280
3633
3854467
167
151
78
718
-883
3539
3855492
2
218
7
472
-483
3909
3856517
-214
206
-34
662
-789
3876
3857542
-141
193
40
746
-1192
3478
3858567
175
254
95
397
-958
3653
3859592
192
296
17
581
-304
3868
3860617
-180
340
0
617
-657
3654
3861642
-180
382
73
430
-1229
3233
3862667
139
440
110
305
-920
3214
3863692
162
506
75
348
-516
3235
3864717
-75
587
57
349
-588
3000
3865742
-129
692
110
223
-1077
2749
3866767
150
821
160
-32
-1056
2761
3859584
172
931
129
-206
-312
2670
3860609
-323
1051
106
-222
-309
2361
3861634
-478
1212
152
-217
-1188
2640
3862659
20
1349
218
-445
-1363
2955
3863684
286
1408
210
-534
-558
2607
3864709
-157
1509
187
-791
-380
2142
3865734
-364
1656
189
-1068
-959
2773
3866759
-7
1746
212
-1304
-1374
3033
3867784
425
1819
281
-1820
-940
2854
3868809
247
1840
234
-1749
-234
2071
3869834
-124
2006
277
-2178
-338
2358
3870859
68
2201
252
-2851
-1187
3188
3871884
636
2253
226
-2888
-1424
3231
3872909
866
2300
244
-2889
-537
2959
3873934
182
2342
280
-3168
268
3027
3874959
-414
2413
242
-3790
-872
3914
3867776
-156
2357
229
-3760
-1844
3791
3868801
445
2318
220
-3849
-747
3998
3869826
-149
2174
127
-3589
424
3558
3870851
-1235
2157
204
-4123
-727
3505
3871876
-1117
2138
309
-4501
-2258
3920
3872901
-34
2047
349
-4431
-1834
3910
3873926
521
1886
255
-4225
-737
4126
3874951
-84
1690
179
-4147
-92
3781
3875976
-979
1575
271
-4576
-900
3264
3877001
-1031
1509
317
-4685
-1758
3360
3878026
-78
1434
259
-4223
-1922
3617
3879051
814
1310
179
-4169
-1011
3515
3880076
904
1170
126
-4530
-539
3356
3881101
469
1003
54
-4347
-633
3027
3882126
331
919
7
-4326
-1116
2830
3883151
720
847
-104
-4285
-1277
3063
3875967
981
760
-189
-4358
-420
3184
3876992
463
637
-201
-4212
-122
2910
3878017
-88
559
-147
-4184
-892
2415
3879042
-9
486
-82
-4199
-1001
2319
3880067
346
394
-62
-4152
-658
2419
3881092
409
295
-30
-4000
-264
2142
3882117
202
260
26
-4023
-455
1955
3883142
106
236
56
-4090
-739
1859
3884167
306
197
26
-4022
-648
1894
3885192
422
159
14
-3969
-406
1876
3886217
244
140
23
-3993
-403
1837
3887242
55
134
34
-4038
-598
1617
3888267
87
123
18
-4062
-737
1494
3889292
257
93
-20
-3928
-575
1430
3890317
379
88
-11
-3938
-571
1386
3891342
441
86
12
-4012
-664
1374
3884160
488
82
20
-4053
-496
1501
3885185
336
69
-6
-4025
-197
1577
3886210
17
68
-17
-3979
-347
1481
3887235
-141
87
5
-4009
-681
1409
3888260
-12
96
5
-4048
-722
1380
3889285
121
81
-31
-4049
-432
1415
3890310
17
70
-52
-3965
-218
1431
3891335
-197
78
-23
-3975
-440
1452
3892360
-222
71
9
-4015
-701
1462
3893385
-5
58
18
-4006
-607
1453
3894410
160
35
29
-3974
-315
1455
3895435
88
28
80
-3955
-427
1394
3896460
20
24
119
-3989
-643
1396
3897485
94
-2
102
-4072
-429
1494
3898510
-23
-30
60
-4018
-203
1486
3899535
-256
-17
65
-3930
-574
1365
3892352
-232
7
97
-3993
-839
1256
3893377
5
5
80
-4012
-663
1248
3894402
76
-6
34
-3993
-355
1352
3895427
-83
-3
26
-4003
-450
1428
3896452
-139
3
48
-4005
-795
1351
3897477
38
9
57
-4010
-712
1291
3898502
78
5
27
-4028
-403
1350
3899527
-85
2
4
-3974
-471
1378
3900552
-15
11
29
-3938
-978
1421
3901577
265
-6
54
-4062
-596
1467
3902602
115
-42
2
-4134
-82
1525
3903627
-323
-47
-52
-4072
-503
1563
3904652
-177
-58
-50
-3971
-1080
1654
3905677
239
-96
-34
-4067
-520
1770
3906702
118
-135
-80
-4253
3
1816
3907727
-352
-185
-124
-4214
-240
2102
3900544
-421
-256
-107
-4169
-744
2527
3901569
-247
-344
-60
-4368
-389
2804
3902594
-523
-458
-56
-4419
195
2870
3903619
-1028
-557
-21
-4446
-426
2895
3904644
-955
-679
-9
-4488
-1045
3196
3905669
-424
-878
22
-4398
-980
3695
3906694
-263
-1060
57
-4594
-553
3902
3907719
-447
-1259
42
-4563
-625
3951
3908744
-526
-1445
-3
-4678
-1083
4305
3909769
-459
-1672
-75
-4750
-1017
4309
3910794
-517
-1900
-120
-4865
-911
3926
3911819
-571
-2063
-154
-5159
-1144
3975
3912844
-465
-2222
-237
-5051
-1323
4400
3913869
-293
-2378
-258
-4959
-1390
4282
3914894
-345
-2511
-256
-5089
-997
3700
3915919
-664
-2581
-325
-5160
-1020
3636
3908940
-813
-2651
-474
-4675
-1637
3735
3909965
-564
-2721
-558
-4199
-1655
3332
3910990
-409
-2717
-557
-4183
-1068
2655
3912015
-603
-2646
-637
-3990
-927
2480
3913040
-677
-2568
-753
-3507
-1350
2596
3914065
-384
-2499
-738
-3201
-1441
2434
3915090
-237
-2422
-686
-2685
-905
1964
3916115
-356
-2259
-672
-2431
-886
2467
3917140
-241
-2133
-658
-2307
-1756
3271
3918165
199
-2148
-658
-1595
-1660
2785
3919190
190
-2111
-595
-1369
-562
1980
3920215
-366
-1942
-559
-1655
-679
1785
3921240
-340
-1757
-608
-1410
-1727
2144
3922265
481
-1624
-586
-512
-1897
1731
3923290
1259
-1440
-438
-109
-1089
1022
3924315
1026
-1181
-324
-484
568
659
3916928
95
-822
-272
-835
287
1565
3917953
-240
-612
-316
347
-909
2453
3918978
93
-508
-199
1073
-1146
2462
3920003
26
-397
29
468
-236
1663
3921028
-445
-204
90
124
-452
2163
3922053
-356
-127
25
726
-1482
2971
3923078
297
-97
131
618
-1547
2924
3924103
390
-35
148
357
-878
2668
3925128
-1
132
39
201
-1086
3342
3926153
7
200
-35
511
-1663
3702
3927178
402
206
46
329
-1586
3306
3928203
426
260
40
-109
-953
3362
3929228
35
327
-45
124
-928
4008
3930253
-112
313
-38
503
-1599
3895
3931278
218
347
51
-60
-1508
3612
3932303
345
371
30
-218
-1006
3659
3925120
207
419
-44
14
-940
3864
3926145
111
454
-31
181
-1159
3889
3927170
193
480
38
-98
-1188
3774
3928195
185
488
49
-337
-847
3551
3929220
0
529
14
-271
-1162
3464
3930245
262
577
26
-46
-1527
3473
3931270
768
631
89
-354
-1128
3279
3932295
763
688
76
-576
-410
3120
3933320
216
762
40
-401
-538
2778
3934345
-39
903
49
-493
-1105
2692
3935370
288
1068
22
-681
-1264
3310
3936395
490
1120
-18
-713
-469
3156
3937420
159
1185
-14
-824
-329
2789
3938445
-155
1278
37
-993
-903
2654
3939470
142
1396
54
-1286
-1074
3247
3940495
463
1434
27
-1325
-462
3466
3933312
351
1453
63
-1266
-441
3111
3934337
152
1504
154
-1464
-734
2901
3935362
188
1598
143
-2105
-384
3552
3936387
219
1631
90
-2296
-515
3638
3937412
522
1622
84
-2043
-1325
3613
3938437
947
1590
184
-2096
-344
3281
3939462
540
1596
209
-2570
479
3448
3940487
-177
1655
231
-3237
-578
3517
3941512
-72
1667
220
-3247
-1334
3485
3942537
429
1639
195
-2932
-1138
3207
3943562
494
1646
187
-3235
-176
3296
3944587
15
1720
153
-4140
-322
3442
3945612
-303
1692
25
-3862
-892
3315
3946637
-38
1664
6
-3420
-1061
3316
3947662
367
1633
74
-3602
-688
3112
3948687
139
1642
109
-4397
-52
2933
3941503
-414
1635
36
-4368
-313
3260
3942528
-214
1592
2
-3563
-1516
3620
3943553
712
1504
57
-3498
-1383
3701
3944578
940
1364
59
-4090
189
3511
3945603
39
1250
-6
-4394
94
3249
3946628
-509
1160
-70
-4280
-720
3319
3947653
-109
1079
-94
-4059
-1057
3449
3948678
473
988
-74
-4142
-648
3281
3949703
535
857
-65
-4271
177
3179
3950728
51
741
-32
-4193
-25
2891
3951753
-76
666
13
-4031
-865
2926
3952778
399
591
29
-4036
-814
3050
3953803
557
478
2
-3988
-104
2916
3954828
165
382
-45
-3872
-184
2634
3955853
-57
331
-40
-3986
-641
2563
3956878
85
263
-47
-3969
-482
2591
3949697
253
182
-46
-3708
-375
2310
3950722
404
147
-23
-3814
-399
2066
3951747
441
119
-3
-4018
-115
1934
3952772
256
107
2
-4051
-109
1936
3953797
126
94
-7
-3946
-245
1901
3954822
116
100
24
-3980
-284
1788
3955847
87
106
40
-4033
-377
1712
3956872
100
109
30
-4090
-261
1728
3957897
59
106
-7
-4036
-191
1789
3958922
-37
99
-19
-3920
-176
1780
3959947
-162
106
-8
-3927
-271
1713
3960972
-192
113
3
-3949
-373
1738
3961997
-78
116
-12
-3938
-380
1866
3963022
25
95
-31
-3838
-138
1927
3964047
-98
76
-16
-3826
-43
1894
3965072
-328
65
19
-3871
-264
1801
3957888
-361
51
36
-3885
-473
1734
3958913
-170
37
21
-3850
-424
1674
3959938
-30
27
21
-3865
-296
1663
3960963
-87
23
53
-3920
-355
1624
3961988
-140
24
91
-3951
-482
1570
3963013
-78
25
85
-3942
-518
1668
3964038
-25
21
38
-3862
-458
1660
3965063
-62
31
12
-3889
-407
1652
3966088
-146
36
28
-3944
-472
1648
3967113
-130
31
34
-3918
-621
1720
3968138
-6
9
15
-3838
-532
1754
3969163
5
-6
-2
-3874
-392
1706
3970188
-68
-21
-1
-3917
-449
1702
3971213
-94
-33
13
-3963
-493
1631
3972238
-80
-33
6
-3954
-419
1567
3973263
-71
-25
-7
-3916
-389
1607
3966079
-72
-18
-5
-3957
-382
1669
3967104
-144
-20
-4
-3960
-359
1581
3968129
-228
-7
-3
-3942
-431
1471
3969154
-203
9
-8
-3941
-540
1494
3970179
-44
3
-3
-3908
-493
1672
3971204
6
-10
15
-3887
-401
1708
3972229
-103
-11
30
-3897
-385
1611
3973254
-160
-6
13
-3924
-572
1560
3974279
-12
-19
1
-3917
-573
1661
3975304
74
-37
12
-3902
-408
1736
3976329
-60
-36
22
-3909
-362
1673
3977354
-193
-34
8
-3927
-476
1681
3978379
-149
-43
-6
-4067
-426
1982
3979404
-72
-80
-21
-4226
-324
2511
3980429
-150
-159
-63
-3981
-247
2738
3981454
-352
-232
-78
-3986
80
3127
3974272
-569
-333
-71
-4583
122
4168
3975297
-669
-533
-141
-4550
-199
4724
3976322
-462
-798
-91
-4249
-191
4993
3977347
-262
-1130
143
-4605
84
5115
3978372
-250
-1415
326
-5478
190
5447
3979397
-480
-1769
326
-5287
71
5498
3980422
-764
-2086
315
-4995
-490
5202
3981447
-730
-2356
316
-5287
-620
4865
3982472
-609
-2570
241
-5541
-486
4757
3983497
-642
-2737
148
-5409
-607
4863
3984522
-595
-2884
133
-5354
-1185
4753
3985547
-463
-3085
135
-5345
-815
4202
3986572
-611
-3219
96
-5464
-626
3891
3987597
-795
-3262
-52
-5119
-1266
3788
3988622
-616
-3289
-159
-4527
-1332
3364
3989647
-427
-3295
-184
-4242
-1202
2655
3982464
-384
-3179
-216
-4264
-927
2081
3983489
-600
-2969
-367
-3931
-911
2055
3984514
-620
-2807
-561
-2906
-1029
2147
3985539
-346
-2710
-588
-1821
-1142
1368
3986564
-274
-2451
-433
-1655
-671
710
3987589
-497
-2111
-389
-1630
-701
977
3988614
-206
-1885
-461
-1055
-1202
1678
3989639
538
-1811
-440
-300
-1183
1383
3990664
703
-1665
-286
66
-281
708
3991689
144
-1341
-180
-289
-218
894
3992714
-228
-1048
-246
-267
-445
1766
3993739
-247
-917
-289
538
-777
2039
3994764
-152
-780
-157
801
-716
1569
3995789
-282
-551
8
478
-814
1304
3996814
-336
-303
-64
486
-798
1953
3997839
-14
-169
-139
981
-1304
2590
3990655
652
-89
3
658
-1882
2656
3991680
899
-22
-18
558
-340
2682
3992705
44
130
-153
490
-3
3355
3993730
-477
190
-183
879
-1587
3716
3994755
237
201
-19
607
-1999
3778
3995780
627
171
14
427
-413
3334
3996805
18
279
-77
294
-32
3606
3997830
-454
338
-132
764
-1255
4099
3998855
54
341
17
426
-2235
3791
3999880
659
353
3
-5
-396
3653
4000905
-11
370
-171
414
423
3530
4001930
-781
448
-150
392
-740
3352
4002955
-498
524
-3
287
-1454
3361
4003980
109
586
86
114
-992
3013
4005005
222
652
39
115
-361
2588
4006030
-121
768
20
33
-293
2189
3998848
-103
975
105
-248
-1227
2730
3999873
412
1088
145
-219
-1001
2637
4000898
602
1190
149
-212
-261
2149
4001923
161
1343
156
-528
-264
1567
4002948
119
1617
188
-1335
-972
2579
4003973
607
1742
88
-1105
-1256
3196
4004998
937
1764
14
-816
-647
2703
4006023
600
1870
80
-1538
-54
2075
4007048
-203
2002
146
-2254
-245
2006
4008073
-346
2229
160
-2865
-1276
3083
4009098
172
2217
35
-2114
-1607
3332
4010123
552
2296
112
-2445
-991
2878
4011148
160
2377
201
-3580
-135
2858
4012173
-14
2516
95
-3888
-968
4189
4013198
703
2379
-86
-2624
-1961
4675
4014223
1723
2242
64
-3204
-917
4163
4007040
1525
2073
132
-4057
518
3507
4008065
452
2089
108
-4702
607
3923
4009090
7
2068
-34
-4016
-393
4904
4010115
347
1882
-37
-3250
-992
4814
4011140
907
1691
192
-3845
114
3974
4012165
535
1552
257
-4243
881
3212
4013190
-318
1548
118
-4608
-21
3749
4014215
-322
1441
-188
-3861
-789
4066
4015240
357
1342
-266
-3585
-413
3782
4016265
801
1247
-219
-3962
316
3457
4017290
406
1156
-143
-4440
538
3012
4018315
-352
1078
-130
-4520
26
2779
4019340
-707
1035
-172
-4213
-193
2712
4020365
-707
1027
-133
-4318
-362
2586
4021390
-529
1012
-101
-4596
-579
2269
4022415
-338
970
-106
-4284
-445
2236
4015233
-159
939
-133
-3888
-782
2553
4016258
119
881
-146
-3945
-609
2599
4017283
266
780
-163
-4128
-173
2551
4018308
139
668
-159
-4130
-361
2321
4019333
157
584
-131
-4050
-443
2276
4020358
227
546
-109
-4019
-205
2863
4021383
27
475
-87
-4195
-303
3463
4022408
-42
363
-114
-4327
-494
3537
4023433
-234
206
-64
-4059
-107
3066
4024458
-620
90
-22
-4208
-594
2191
4025483
-274
-47
-116
-4160
-847
1582
4026508
311
-155
-178
-4019
-383
1439
4027533
475
-180
-181
-3882
-476
1242
4028558
607
-120
-138
-3884
-544
1163
4029583
670
-67
-119
-3902
-296
1195
4030608
515
-13
-116
-3844
-105
1227
4023425
188
49
-76
-3827
-155
1148
4024450
-62
118
-21
-3896
-400
1178
4025475
-104
138
4
-3943
-330
1342
4026500
-141
142
3
-3971
-303
1487
4027525
-175
154
13
-3970
-513
1653
4028550
-83
140
31
-4018
-493
1819
4029575
-70
94
24
-4022
-260
1855
4030600
-210
51
35
-4069
-299
1725
4031625
-245
8
52
-4094
-616
1512
4032650
10
-22
47
-4048
-768
1389
4033675
345
-44
39
-3984
-528
1456
4034700
446
-53
56
-3906
-381
1425
4035725
323
-31
88
-3930
-435
1419
4036750
120
-8
90
-3953
-393
1465
4037775
-102
11
46
-3922
-434
1405
4038800
-215
30
9
-3907
-515
1354
4031615
-250
45
1
-3947
-570
1388
4032640
-204
46
18
-3985
-680
1421
4033665
-91
32
25
-3973
-617
1475
4034690
-89
20
6
-3963
-412
1558
4035715
-218
8
-8
-3987
-398
1568
4036740
-252
0
4
-4025
-612
1550
4037765
-105
-25
4
-3993
-704
1603
4038790
9
-58
-13
-3955
-351
1724
4039815
-141
-83
6
-4036
-173
1764
4040840
-271
-131
22
-4039
-583
2058
4041865
-192
-200
28
-4159
-542
2205
4042890
-254
-244
6
-4361
1
2361
4043915
-634
-314
-55
-4257
-76
2819
4044940
-844
-445
-78
-4177
-751
3209
4045965
-517
-584
-22
-4445
-1244
3430
4046990
56
-735
33
-4691
-862
4012
4039809
158
-974
26
-4628
34
4543
4040834
-326
-1222
6
-4576
-265
4764
4041859
-526
-1475
10
-4576
-1249
4649
4042884
-140
-1743
28
-4864
-965
4644
4043909
-67
-2004
15
-5174
-136
4815
4044934
-414
-2228
-39
-5189
-379
4906
4045959
-617
-2438
-87
-5073
-840
4668
4046984
-542
-2628
-68
-5215
-481
4287
4048009
-536
-2766
-91
-5312
-327
4142
4049034
-625
-2882
-147
-4961
-705
4093
4050059
-533
-2965
-151
-4910
-1069
3765
4051084
-323
-3025
-135
-4862
-692
3401
4052109
-399
-3030
-195
-4487
-647
3336
4053134
-519
-3007
-268
-4016
-1263
3322
4054159
-172
-2982
-265
-3754
-1710
3227
4055184
19
-2958
-267
-3566
-846
2456
4048102
-424
-2823
-417
-3153
-625
2223
4049127
-744
-2663
-609
-2617
-1445
2528
4050152
-343
-2545
-663
-2256
-1953
2625
4051177
167
-2425
-669
-1957
-1307
2020
4052202
53
-2253
-696
-1661
-349
1606
4053227
-327
-2023
-695
-1361
-454
1968
4054252
-280
-1867
-625
-785
-604
2393
4055277
-262
-1797
-439
-260
-747
1874
4056302
-416
-1623
-274
-76
-881
926
4057327
-352
-1272
-287
-233
-634
1309
4058352
-188
-1037
-439
381
-427
2169
4059377
-75
-940
-346
805
-813
1788
4060402
-113
-756
-141
629
-835
1165
4061427
-207
-485
-129
772
-668
1794
4062452
-111
-345
-166
1200
-821
2117
4063477
149
-237
-27
877
-1157
2181
4056192
302
-151
57
823
-666
1850
4057217
-99
2
72
909
-280
1986
4058242
-464
204
73
843
-1379
2576
4059267
-32
319
97
768
-1371
2546
4060292
229
407
155
718
-941
2163
4061317
58
560
155
515
-871
2472
4062342
-176
697
126
494
-1150
3015
4063367
-58
762
160
551
-1744
2850
4064392
368
852
204
245
-1240
2417
4065417
344
987
165
28
-585
2364
4066442
-43
1150
93
-66
-582
2603
4067467
1
1258
123
71
-1173
2553
4068492
446
1372
310
-231
-719
2190
4069517
261
1579
377
-834
302
2732
4070542
-427
1671
348
-805
-438
3128
4071567
-268
1683
526
-665
-1940
2567
4064387
685
1818
723
-1280
-1508
1990
4065412
1068
1998
614
-1585
-661
2854
4066437
655
2043
387
-1805
-895
3224
4067462
381
2090
383
-2447
-1504
2628
4068487
576
2219
389
-2886
-1709
1909
4069512
951
2443
298
-3167
-769
2755
4070537
429
2550
133
-3513
-570
2908
4071562
-317
2646
183
-3833
-1685
1975
4072587
209
2874
275
-4588
-1840
2663
4073612
1045
2858
-20
-3882
-724
5125
4074637
736
2593
-262
-2811
-842
5056
4075662
634
2465
79
-3856
-1434
3974
4076687
846
2340
67
-4728
-293
4088
4077712
765
2179
-321
-3882
460
5930
4078737
388
1926
-498
-3194
-613
5610
4079762
656
1735
-166
-4367
-294
4815
4072576
645
1480
-92
-4413
354
3961
4073601
359
1369
-130
-4193
-173
3877
4074626
364
1256
-250
-4219
-545
3795
4075651
408
1149
-241
-4316
-389
3435
4076676
102
1058
-224
-4165
-79
3063
4077701
-379
998
-106
-4203
-215
2717
4078726
-724
970
-20
-4623
-358
2533
4079751
-750
936
-65
-4406
-627
2447
4080776
-385
914
-119
-3893
-1008
2408
4081801
189
867
-61
-3849
-532
2387
4082826
225
795
61
-4092
-134
2339
4083851
-138
734
126
-4320
-486
2458
4084876
-134
664
113
-4199
-818
2612
4085901
248
566
72
-3836
-915
2638
4086926
624
528
103
-4129
-692
2806
4087951
464
425
113
-4391
-215
2962
4080767
16
319
75
-4429
-519
2576
4081792
-55
213
29
-4254
-1095
2315
4082817
389
99
3
-4104
-1128
2113
4083842
761
12
-35
-4147
-503
1835
4084867
554
-52
-56
-4070
-334
1598
4085892
240
-48
-63
-3997
-777
1477
4086917
308
-44
-86
-3842
-656
1455
4087942
300
-25
-109
-3721
-390
1285
4088967
215
38
-99
-3764
-638
1180
4089992
265
86
-82
-3831
-638
1292
4091017
273
93
-100
-3856
-294
1428
4092042
23
95
-123
-3885
-233
1514
4093067
-194
114
-96
-4006
-477
1504
4094092
-102
113
-40
-4075
-679
1591
4095117
38
77
-31
-4009
-497
1820
4096142
-86
42
-37
-4018
-248
1767
4088960
-330
30
-18
-4172
-431
1547
4089985
-264
4
2
-4161
-901
1376
4091010
133
-43
-7
-3943
-881
1471
4092035
387
-60
-39
-3860
-539
1549
4093060
297
-46
-87
-3886
-437
1549
4094085
111
-33
-113
-3924
-462
1517
4095110
4
-36
-105
-3933
-487
1474
4096135
-15
-38
-91
-3841
-561
1395
4097160
71
-15
-62
-3850
-531
1366
4098185
172
1
-53
-3927
-403
1438
4099210
78
-5
-46
-3940
-169
1525
4100235
-194
-2
-2
-3938
-289
1512
4101260
-280
12
44
-3993
-645
1376
4102285
10
2
52
-4059
-675
1384
4103310
232
-27
51
-4015
-259
1599
4104335
64
-35
76
-3947
-192
1794
4097152
-252
-24
112
-3941
-437
1642
4098177
-345
-26
120
-4016
-431
1661
4099202
-330
-67
127
-3991
-131
1964
4100227
-342
-126
152
-3887
-475
2359
4101252
-189
-213
205
-3980
-635
2703
4102277
-222
-331
230
-4320
93
3119
4103302
-685
-437
206
-4369
85
3564
4104327
-755
-553
217
-4305
-980
4135
4105352
-133
-784
280
-4512
-926
4392
4106377
18
-1092
342
-4895
237
4575
4107402
-546
-1333
333
-5169
23
4734
4108427
-734
-1611
226
-4878
-619
4955
4109452
-425
-1880
253
-4840
-610
4985
4110477
-249
-2124
319
-5242
-159
4915
4111502
-483
-2356
283
-5472
-144
4938
4112527
-756
-2583
206
-5319
-538
4804
4105344
-767
-2775
158
-5268
-736
4815
4106369
-681
-2946
142
-5623
-755
4601
4107394
-763
-3134
107
-5467
-794
3897
4108419
-823
-3208
12
-5225
-1236
3804
4109444
-731
-3231
-169
-5013
-1624
3789
4110469
-608
-3225
-398
-4928
-1502
3372
4111494
-575
-3182
-561
-4402
-1286
2444
4112519
-526
-3041
-629
-3941
-1454
2039
4113544
-49
-2868
-657
-3844
-1541
2397
4114569
399
-2779
-718
-3294
-337
2325
4115594
124
-2686
-684
-2222
572
1852
4116619
-510
-2516
-512
-1560
82
1296
4117644
-532
-2270
-326
-1596
-605
1571
4118669
2
-2079
-233
-1251
-742
1939
4119694
475
-1995
-139
-334
-338
1732
4120719
183
-1877
28
-10
228
900
4113536
-558
-1572
144
-587
-527
1147
4114561
-413
-1291
13
-213
-1948
2067
4115586
577
-1214
-94
882
-1426
2221
4116611
926
-1082
64
607
-532
1783
4117636
82
-866
75
130
-190
1891
4118661
-639
-652
-113
714
-1437
2738
4119686
-186
-550
-184
1123
-1680
3058
4120711
162
-524
-118
886
-555
2666
4121736
-535
-393
-142
687
-575
2639
4122761
-1095
-246
-311
1062
-1123
3049
4123786
-845
-179
-274
1122
-1584
3036
4124811
-357
-145
-145
826
-1095
2612
4125836
-414
-39
-192
1044
-439
2766
4126861
-617
75
-182
1293
-1242
3012
4127886
-180
121
-41
1023
-1625
2942
4128911
267
226
-4
556
-603
3268
4121728
-91
258
-74
1322
-307
3160
4122753
-364
330
71
1150
-1550
2939
4123778
280
405
188
541
-1692
3401
4124803
775
447
107
681
-790
3740
4125828
395
437
14
1032
-470
3343
4126853
-118
509
101
547
-810
2985
4127878
-141
615
160
469
-1212
3209
4128903
240
700
178
587
-1299
3314
4129928
525
753
176
517
-960
2941
4130953
321
830
167
327
-352
2698
4131978
-34
971
191
113
-1040
3242
4133003
140
1027
197
242
-1372
3200
4134028
404
1068
224
126
-882
2810
4135053
290
1137
236
-147
-811
2346
4136078
323
1291
256
-600
-925
2540
4137103
499
1447
235
-827
-916
2768
4129920
409
1563
188
-780
-565
2401
4130945
34
1721
199
-955
-615
2018
4131970
125
1958
224
-1402
-1503
2679
4132995
646
2053
144
-1664
-1150
2942
4134020
656
2102
63
-1945
-458
2820
4135045
49
2142
70
-2056
-430
2197
4136070
-205
2309
154
-2638
-1050
3324
4137095
-59
2384
108
-3066
-1174
4236
4138120
47
2298
102
-2976
-1031
4101
4139145
-272
2194
173
-2966
-942
3282
4140170
-639
2231
286
-3846
-709
3543
4141195
-535
2315
204
-4146
-1639
4840
4142220
480
2137
35
-3007
-2855
5255
4143245
1601
1902
91
-3317
-921
4648
4144270
1049
1701
81
-3895
1038
3850
4145295
-251
1704
63
-4244
-79
3906
4138112
-307
1661
7
-3777
-1332
4331
4139137
577
1517
91
-3341
-1135
3796
4140162
1198
1441
217
-3744
-126
3334
4141187
781
1349
215
-3886
576
3018
4142212
-50
1382
193
-4351
-39
3208
4143237
-221
1328
97
-3940
-795
3456
4144262
146
1247
70
-3589
-850
3130
4145287
411
1188
108
-3968
-130
2823
4146312
71
1165
79
-4525
-9
3060
4147337
-125
1136
-37
-4344
-942
3667
4148362
354
990
-95
-3739
-1157
3730
4149387
757
835
-20
-4153
-398
3581
4150412
428
678
-28
-4451
-155
3256
4151437
-139
566
-89
-4372
-598
3051
4152462
-266
470
-157
-4059
-828
2943
4153487
-104
390
-143
-3920
-675
2602
4146305
-81
337
-98
-3966
-567
2128
4147330
-150
332
-77
-4071
-712
1916
4148355
17
336
-108
-3892
-759
2003
4149380
319
298
-147
-3535
-513
2133
4150405
358
266
-73
-3727
-108
2088
4151430
88
210
22
-3799
-20
1971
4152455
-197
212
99
-3838
-239
2001
4153480
-92
208
112
-3887
-591
2017
4154505
265
176
64
-3873
-480
2114
4155530
380
137
42
-3822
-32
2174
4156555
129
141
67
-3911
-152
2100
4157580
-18
131
85
-4028
-395
1982
4158605
52
95
63
-4047
-528
1882
4159630
160
49
21
-3953
-454
1833
4160655
57
11
4
-3860
-227
1774
4161680
-228
19
13
-3885
-261
1687
4154496
-361
36
30
-3926
-438
1550
4155521
-272
33
44
-3872
-583
1480
4156546
-140
22
84
-3835
-397
1637
4157571
-211
-9
152
-3839
-30
1782
4158596
-408
-27
239
-3924
-227
1793
4159621
-382
-53
316
-3918
-500
1741
4160646
-228
-76
342
-3904
-520
1684
4161671
-146
-79
311
-4019
-384
1639
4162696
-111
-72
261
-4102
-348
1760
4163721
-90
-96
210
-3832
-331
1793
4164746
-111
-73
214
-3856
-405
1706
4165771
-183
-51
198
-3997
-531
1578
4166796
-213
-54
161
-3944
-531
1553
4167821
-146
-48
129
-3820
-586
1591
4168846
-24
-25
120
-3870
-558
1661
4169871
-14
-19
103
-3933
-453
1727
4162688
-83
-24
68
-3825
-574
1672
4163713
-82
-15
42
-3802
-677
1626
4164738
24
-9
21
-3849
-548
1662
4165763
148
-24
25
-3888
-411
1727
4166788
179
-37
20
-3891
-431
1747
4167813
176
-41
4
-3877
-426
1691
4168838
191
-34
-23
-3861
-386
1657
4169863
198
-26
-33
-3919
-287
1706
4170888
126
-18
-42
-3996
-255
1726
4171913
55
-14
-71
-3928
-315
1653
4172938
98
-1
-90
-3852
-362
1615
4173963
198
12
-93
-3857
-289
1685
4174988
202
17
-85
-3859
-175
1715
4176013
119
21
-59
-3884
-176
1698
4177038
55
25
-30
-3899
-247
1716
4178063
80
21
-9
-3900
-275
1723
4170879
155
10
-10
-3858
-309
1703
4171904
197
10
-22
-3853
-247
1709
4172929
150
16
-26
-3882
-150
1731
4173954
32
20
-36
-3915
-217
1716
4174979
-41
16
-45
-3902
-275
1643
4176004
-17
14
-45
-3832
-341
1662
4177029
67
22
-31
-3851
-388
1665
4178054
129
31
-20
-3960
-316
1688
4179079
83
17
-25
-3954
-202
1756
4180104
-20
9
-20
-3901
-218
1740
4181129
-86
16
-11
-3901
-389
1675
4182154
-23
12
-9
-3908
-450
1621
4183179
81
8
-23
-3952
-392
1633
4184204
87
5
-42
-3974
-274
1714
4185229
-7
1
-49
-3850
-246
1704
4186254
-80
20
-48
-3841
-374
1647
4179072
-32
27
-41
-3919
-419
1645
4180097
44
16
-54
-3903
-387
1654
4181122
60
14
-77
-3896
-315
1689
4182147
0
25
-95
-3954
-274
1710
4183172
-62
22
-95
-3919
-328
1672
4184197
-42
13
-88
-3781
-390
1625
4185222
28
21
-75
-3844
-383
1624
4186247
59
24
-68
-3973
-318
1674
4187272
28
8
-63
-3901
-304
1689
4188297
-13
21
-51
-3896
-406
1661
4189322
5
29
-41
-3946
-428
1655
4190347
8
17
-38
-3968
-341
1685
4191372
-43
4
-32
-3983
-358
1702
4192397
-79
-5
-24
-3934
-439
1646
4193422
-42
-9
-39
-3826
-470
1605
4194447
33
-11
-51
-3876
-377
1648
4187265
50
-26
-38
-3898
-371
1702
4188290
11
-25
-12
-3864
-431
1668
4189315
31
-18
9
-3896
-451
1620
4190340
76
-22
-12
-3884
-430
1658
4191365
55
-24
-26
-3930
-336
1736
4192390
-56
-27
-29
-3934
-384
1692
4193415
-75
-28
-26
-3923
-550
1599
4194440
42
-29
-32
-3952
-546
1606
4195465
135
-36
-54
-3953
-404
1660
4196490
94
-38
-78
-3934
-322
1702
4197515
-9
-29
-84
-3940
-396
1711
4198540
-44
-28
-82
-3976
-438
1701
4199565
-25
-40
-87
-3964
-438
1677
4200590
16
-46
-90
-3926
-435
1672
4201615
46
-47
-87
-3881
-401
1689
4202640
49
-43
-82
-3795
-394
1704
4195455
45
-34
-64
-3759
-395
1661
4196480
25
-17
-45
-3839
-477
1659
4197505
23
-17
-41
-3866
-453
1659
4198530
35
-16
-59
-3828
-473
1676
4199555
35
-5
-81
-3809
-471
1713
4200580
21
-3
-76
-3799
-402
1739
4201605
-41
3
-60
-3812
-508
1682
4202630
-53
5
-40
-3876
-557
1682
4203655
3
-5
-41
-3905
-580
1716
4204680
49
-20
-61
-3840
-532
1730
4205705
20
-19
-59
-3831
-488
1728
4206730
-33
-13
-39
-3923
-583
1699
4207755
-12
-19
-29
-3966
-623
1700
4208780
44
-27
-40
-3895
-606
1696
4209805
86
-26
-57
-3812
-544
1703
4210830
66
-11
-52
-3873
-515
1714
4203648
11
-4
-40
-3952
-587
1684
4204673
28
-13
-36
-3867
-606
1682
4205698
89
-19
-44
-3758
-534
1691
4206723
137
-13
-30
-3838
-496
1739
4207748
124
-12
-15
-3928
-492
1770
4208773
74
-20
-4
-3881
-466
1741
4209798
43
-23
-1
-3817
-460
1731
4210823
30
-20
-7
-3840
-482
1713
4211848
3
-9
-24
-3877
-437
1689
4212873
-52
1
-40
-3864
-403
1685
4213898
-76
11
-37
-3857
-470
1710
4214923
-57
18
-21
-3872
-474
1688
4215948
-45
27
-8
-3879
-482
1688
4216973
-40
30
-1
-3823
-534
1707
4217998
-17
31
10
-3756
-542
1691
4219023
7
43
21
-3811
-565
1683
4211840
23
44
24
-3903
-562
1715
4212865
13
40
25
-3920
-550
1727
4213890
2
34
20
-3890
-564
1699
4214915
32
35
24
-3888
-628
1672
4215940
99
28
26
-3869
-613
1686
4216965
121
19
23
-3845
-513
1716
4217990
77
13
16
-3843
-467
1737
4219015
-18
5
6
-3848
-506
1722
4220040
-70
2
3
-3918
-539
1695
4221065
-42
-7
-5
-3930
-519
1678
4222090
6
-8
-4
-3880
-482
1669
4223115
5
3
19
-3896
-477
1667
4224140
1
9
50
-3929
-512
1672
4225165
24
6
63
-3956
-492
1696
4226190
12
-8
58
-3902
-401
1701
4227215
-17
-9
73
-3888
-478
1711
4220032
-13
-5
90
-3930
-576
1688
4221057
32
-15
86
-3930
-493
1687
4222082
10
-23
44
-3844
-456
1684
4223107
-32
-13
18
-3821
-486
1683
4224132
-54
6
8
-3888
-559
1663
4225157
-22
8
10
-3976
-532
1677
4226182
-3
-6
-1
-3918
-484
1691
4227207
-38
-8
-14
-3858
-469
1693
4228232
-58
0
-16
-3845
-511
1678
4229257
-30
7
-12
-3880
-550
1671
4230282
13
3
6
-3900
-538
1662
4231307
40
-2
28
-3869
-528
1669
4232332
61
-2
44
-3824
-554
1677
4233357
98
0
56
-3843
-545
1714
4234382
101
-3
55
-3914
-513
1729
4235407
47
-10
38
-3886
-548
1690
4228224
28
-11
14
-3848
-575
1670
4229249
54
-8
-22
-3870
-565
1666
4230274
78
-6
-59
-3891
-466
1684
4231299
19
2
-80
-3942
-378
1707
4232324
-75
5
-84
-3964
-428
1668
4233349
-76
5
-83
-3926
-486
1632
4234374
5
3
-84
-3857
-436
1666
4235399
51
-1
-72
-3838
-332
1722
4236424
-1
-1
-36
-3862
-324
1721
4237449
-62
-4
10
-3862
-449
1706
4238474
-18
-13
46
-3857
-503
1669
4239499
58
-23
63
-3871
-458
1695
4240524
40
-23
72
-3933
-452
1747
4241549
-59
-23
70
-3953
-469
1736
4242574
-131
-24
44
-3910
-585
1658
4243599
-89
-25
0
-3879
-630
1641
4236416
-36
-23
-40
-3852
-524
1675
4237441
-57
-12
-56
-3868
-482
1685
4238466
-87
-2
-51
-3890
-527
1672
4239491
-62
0
-37
-3876
-539
1637
4240516
3
1
-31
-3812
-522
1666
4241541
67
-2
-10
-3783
-482
1718
4242566
69
-7
36
-3816
-486
1744
4243591
31
-13
83
-3917
-563
1743
4244616
33
-28
99
-3996
-621
1733
4245641
56
-49
66
-3905
-581
1712
4246666
30
-38
20
-3874
-533
1676
4247691
-28
-15
-27
-3935
-530
1656
4248716
-63
-3
-70
-3937
-526
1635
4249741
-74
11
-101
-3846
-535
1615
4250766
-68
34
-107
-3835
-472
1661
4251791
