Device = VHR-0009
time_stamp = 1779947849702
sample_rate = 50
Data format = INT16
TYPE = 6-AXIS IMU RAW DATA
-6
-8
1
-526
-1001
4154
1352832
-15
-8
-4
-517
-1016
4143
1353857
-12
-5
-3
-514
-1032
4155
1354882
-5
-2
1
-501
-1034
4161
1355907
-4
-2
5
-508
-1035
4151
1356932
-7
-2
5
-527
-1037
4157
1357957
-4
-2
1
-540
-1050
4151
1358982
6
0
-5
-539
-1046
4152
1360007
11
-1
-7
-541
-1034
4159
1361032
8
-4
-5
-532
-1023
4160
1362057
5
-6
1
-522
-1028
4151
1363082
4
-8
7
-520
-1024
4162
1364107
-5
-8
9
-509
-1018
4157
1365132
-17
-4
10
-512
-1035
4154
1366157
-11
-2
8
-511
-1075
4150
1367182
12
-5
7
-516
-1060
4141
1368207
28
-5
5
-518
-1022
4153
1361024
17
-4
5
-517
-995
4159
1362049
-2
-4
6
-521
-1009
4148
1363074
-5
-4
5
-525
-1037
4154
1364099
-4
-2
2
-526
-1029
4157
1365124
-10
-2
0
-538
-1027
4151
1366149
-17
-2
1
-538
-1028
4152
1367174
-25
-3
2
-531
-1022
4153
1368199
-26
-2
2
-520
-1037
4153
1369224
-18
-2
3
-521
-1058
4147
1370249
7
-6
5
-528
-1067
4151
1371274
28
-7
5
-524
-1035
4156
1372299
26
-7
5
-526
-1011
4161
1373324
8
-8
3
-516
-1001
4154
1374349
-5
-6
2
-515
-1022
4158
1375374
-3
-6
1
-523
-1048
4153
1376399
1
-4
1
-523
-1015
4149
1369216
-9
-3
6
-526
-1017
4160
1370241
-15
-7
8
-534
-1039
4163
1371266
-10
-7
3
-524
-1049
4148
1372291
-2
-8
-2
-517
-1023
4143
1373316
-2
-5
-2
-521
-1007
4146
1374341
-16
-4
7
-516
-1021
4159
1375366
-22
-4
15
-510
-1061
4163
1376391
2
-8
16
-521
-1075
4142
1377416
24
-10
12
-534
-1032
4144
1378441
23
-9
7
-532
-1006
4155
1379466
0
-7
1
-524
-1003
4157
1380491
-18
-7
-2
-514
-1038
4154
1381516
-7
-8
1
-511
-1066
4141
1382541
14
-7
6
-509
-1033
4144
1383566
18
-7
8
-521
-1021
4152
1384591
11
-8
6
-521
-1020
4149
1377408
1
-5
4
-507
-1024
4154
1378433
-6
-1
4
-512
-1036
4152
1379458
0
-2
4
-518
-1036
4152
1380483
11
-5
4
-522
-1030
4144
1381508
8
-6
5
-533
-1007
4155
1382533
-11
-5
5
-535
-1012
4155
1383558
-20
-3
4
-525
-1037
4157
1384583
-13
-5
4
-517
-1064
4151
1385608
9
-7
4
-513
-1048
4143
1386633
15
-6
4
-516
-1009
4157
1387658
3
-5
6
-527
-1012
4159
1388683
-7
-5
8
-513
-1025
4159
1389708
-3
-4
6
-518
-1047
4149
1390733
10
-4
3
-524
-1028
4148
1391758
15
-3
2
-526
-1003
4159
1392783
4
-5
2
-528
-1001
4157
1385599
-12
-5
4
-513
-1022
4151
1386624
-12
-5
5
-512
-1033
4157
1387649
1
-5
5
-520
-1034
4165
1388674
5
-4
5
-520
-1016
4160
1389699
-1
-6
6
-525
-1025
4160
1390724
-4
-6
3
-517
-1033
4150
1391749
2
-4
1
-524
-1029
4150
1392774
6
-2
-2
-516
-999
4159
1393799
-8
-1
0
-516
-1000
4162
1394824
-21
-1
6
-511
-1038
4153
1395849
-13
-4
8
-510
-1056
4161
1396874
1
-4
5
-530
-1044
4141
1397899
11
-3
-1
-537
-1017
4147
1398924
7
-3
-5
-537
-1018
4168
1399949
-4
-4
-3
-529
-1031
4162
1400974
-5
-6
1
-519
-1024
4156
1393792
-7
-7
4
-513
-1028
4145
1394817
3
-5
5
-512
-1041
4148
1395842
16
-5
5
-508
-1028
4150
1396867
17
-4
2
-513
-1010
4155
1397892
4
0
2
-510
-997
4155
1398917
-8
0
5
-509
-1016
4153
1399942
-11
0
7
-515
-1020
4157
1400967
-17
2
8
-525
-1012
4156
1401992
-26
1
7
-526
-1029
4145
1403017
-12
-2
7
-533
-1072
4144
1404042
13
-5
6
-534
-1051
4162
1405067
16
-6
7
-527
-1011
4159
1406092
-3
-5
7
-516
-994
4153
1407117
-19
-5
7
-510
-1020
4152
1408142
-9
-5
7
-518
-1072
4139
1409167
19
-6
5
-532
-1044
4148
1401984
24
-6
3
-525
-1003
4166
1403009
2
-5
4
-517
-1001
4162
1404034
-20
-6
7
-517
-1021
4157
1405059
-20
-3
10
-517
-1060
4159
1406084
-4
-2
11
-512
-1054
4146
1407109
12
-1
14
-516
-1032
4147
1408134
13
0
19
-524
-1022
4151
1409159
3
-1
16
-541
-1007
4168
1410184
-8
-2
8
-544
-1028
4158
1411209
2
-6
0
-519
-1043
4132
1412234
15
-3
-2
-523
-1011
4147
1413259
4
-3
2
-522
-983
4172
1414284
-24
-3
6
-510
-1003
4158
1415309
-40
-2
10
-499
-1042
4154
1416334
-27
0
12
-514
-1071
4144
1417359
-1
-2
9
-528
-1068
4138
1410176
21
-4
1
-534
-1028
4160
1411201
19
-2
0
-533
-999
4173
1412226
-3
-3
1
-529
-1005
4151
1413251
-18
-4
5
-524
-1023
4155
1414276
-18
-3
8
-522
-1055
4156
1415301
-6
-4
8
-524
-1045
4141
1416326
2
-6
8
-516
-1029
4146
1417351
0
-3
10
-522
-1030
4161
1418376
-1
-2
9
-519
-1020
4159
1419401
-11
0
11
-518
-1029
4159
1420426
-17
4
19
-526
-1042
4155
1421451
-8
2
33
-528
-1080
4152
1422476
31
-5
40
-541
-1098
4157
1423501
71
-12
33
-539
-1037
4145
1424526
83
-14
23
-541
-966
4151
1425551
58
-11
13
-523
-943
4168
1418368
14
-6
11
-508
-953
4173
1419393
-18
0
12
-509
-1001
4159
1420418
-15
0
11
-528
-1040
4155
1421443
3
-1
11
-540
-1036
4158
1422468
4
-3
9
-547
-1006
4177
1423493
-17
-6
5
-545
-1002
4170
1424518
-14
-7
0
-530
-1042
4144
1425543
10
-7
-3
-517
-1019
4136
1426568
18
-6
-3
-520
-984
4157
1427593
-1
-5
-2
-524
-974
4160
1428618
-24
-3
-4
-530
-996
4158
1429643
-32
-1
-4
-532
-1021
4153
1430668
-23
-1
-2
-533
-1040
4159
1431693
-12
-4
4
-526
-1046
4165
1432718
-13
-7
7
-530
-1026
4157
1433743
-7
-9
4
-527
-1035
4158
1426560
4
-9
1
-527
-1030
4152
1427585
7
-8
-4
-521
-1013
4159
1428610
-3
-5
-4
-519
-1007
4165
1429635
-13
-2
1
-527
-1028
4160
1430660
0
-4
5
-527
-1047
4146
1431685
32
-6
8
-536
-1047
4148
1432710
47
-7
6
-537
-1000
4159
1433735
30
-5
1
-525
-953
4165
1434760
-7
-3
1
-514
-979
4157
1435785
-10
-1
5
-525
-1048
4152
1436810
19
-3
3
-524
-1019
4157
1437835
23
-5
0
-525
-954
4151
1438860
-5
-5
0
-530
-956
4153
1439885
-33
-3
4
-531
-1012
4171
1440910
-28
-4
3
-534
-1060
4157
1441935
-3
-6
2
-536
-1044
4156
1434752
9
-6
2
-535
-1000
4161
1435777
-5
-6
7
-525
-989
4165
1436802
-26
-6
9
-530
-1010
4167
1437827
-29
-6
4
-519
-1029
4150
1438852
-25
-3
5
-519
-1024
4147
1439877
-22
-1
11
-523
-1010
4160
1440902
-32
-3
16
-523
-992
4162
1441927
-44
-2
17
-518
-1048
4134
1442952
-6
3
18
-529
-1119
4134
1443977
59
1
15
-536
-1085
4141
1445002
88
-2
5
-537
-964
4159
1446027
55
-2
-2
-550
-889
4183
1447052
-27
-3
3
-556
-915
4196
1448077
-92
-7
11
-538
-1029
4171
1449102
-71
-13
18
-515
-1140
4141
1450127
-6
-15
20
-488
-1090
4132
1442944
26
-9
19
-475
-1004
4139
1443969
14
3
17
-490
-1001
4151
1444994
-3
16
14
-511
-1024
4146
1446019
21
18
9
-545
-1070
4131
1447044
66
14
8
-577
-1040
4156
1448069
85
7
14
-589
-968
4172
1449094
50
-3
15
-596
-926
4182
1450119
-2
-11
7
-577
-949
4166
1451144
-29
-15
0
-545
-1001
4160
1452169
-26
-16
-1
-527
-1029
4162
1453194
-5
-16
0
-519
-1028
4152
1454219
8
-14
2
-492
-989
4146
1455244
5
-7
3
-494
-989
4151
1456269
-2
0
0
-526
-1014
4159
1457294
-6
1
-5
-551
-1011
4170
1458319
-14
-4
-7
-550
-1010
4170
1451135
-19
-7
-7
-534
-1022
4164
1452160
-14
-8
-3
-527
-1032
4160
1453185
-9
-5
0
-534
-1034
4171
1454210
-4
0
-2
-528
-1041
4160
1455235
-1
1
-6
-504
-1009
4157
1456260
-3
3
-2
-515
-1015
4151
1457285
15
0
4
-547
-1038
4164
1458310
34
-6
4
-544
-1012
4170
1459335
27
-7
0
-537
-982
4155
1460360
15
0
2
-525
-1014
4165
1461385
15
6
12
-521
-1046
4157
1462410
30
5
10
-538
-1022
4144
1463435
43
6
3
-553
-993
4137
1464460
48
3
-1
-540
-976
4161
1465485
40
-5
2
-522
-954
4179
1466510
8
-4
7
-503
-934
4166
1459328
-21
2
10
-512
-948
4144
1460353
-31
6
6
-536
-971
4147
1461378
-34
7
2
-562
-997
4179
1462403
-31
4
3
-578
-1039
4179
1463428
-11
-3
2
-559
-1048
4152
1464453
13
-10
-1
-524
-981
4151
1465478
-1
-8
-1
-502
-943
4171
1466503
-33
1
6
-529
-987
4172
1467528
-39
2
8
-547
-1041
4165
1468553
-17
-2
3
-556
-1038
4144
1469578
3
-6
-1
-547
-993
4155
1470603
-11
-6
3
-541
-987
4173
1471628
-29
-5
10
-533
-1015
4169
1472653
-17
-6
8
-537
-1041
4147
1473678
2
-12
-1
-543
-1007
4152
1474703
-3
-14
-3
-531
-977
4158
1467520
-27
-5
4
-520
-1009
4159
1468545
-28
-3
7
-507
-1034
4158
1469570
-14
2
3
-520
-1023
4154
1470595
-5
7
1
-540
-1032
4158
1471620
8
8
3
-572
-1044
4163
1472645
18
-2
5
-573
-1007
4161
1473670
4
-6
2
-533
-991
4169
1474695
-14
-1
6
-532
-1007
4160
1475720
-15
-2
11
-544
-1029
4143
1476745
-2
-7
4
-529
-1010
4161
1477770
-13
-4
-3
-505
-992
4158
1478795
-21
6
-1
-536
-1022
4150
1479820
-10
7
4
-557
-1027
4152
1480845
-6
3
2
-548
-1006
4166
1481870
-20
2
0
-532
-1007
4168
1482895
-22
1
0
-550
-1043
4144
1475711
-6
-4
2
-550
-1031
4152
1476736
2
-7
-1
-537
-1011
4160
1477761
-13
-2
-9
-539
-1003
4154
1478786
-34
2
-16
-555
-1019
4159
1479811
-33
1
-20
-569
-1067
4157
1480836
-10
-8
-20
-547
-1058
4149
1481861
-1
-10
-14
-507
-999
4160
1482886
-20
-3
0
-509
-1022
4160
1483911
-29
6
10
-520
-1065
4145
1484936
0
8
13
-548
-1090
4146
1485961
43
2
7
-548
-1073
4142
1486986
64
-1
8
-558
-1008
4160
1488011
42
-3
9
-565
-950
4169
1489036
-7
-6
7
-556
-964
4178
1490061
-50
-11
4
-545
-981
4166
1491086
-64
-10
3
-544
-1061
4145
1484200
-24
-11
3
-540
-1128
4126
1485225
26
-9
4
-520
-1050
4157
1486250
33
-3
1
-517
-984
4170
1487275
1
2
2
-532
-981
4162
1488300
-23
3
8
-553
-1018
4154
1489325
-10
-4
10
-564
-1070
4138
1490350
18
-12
7
-555
-1035
4144
1491375
10
-14
3
-546
-970
4166
1492400
-36
-12
2
-537
-978
4169
1493425
-68
-6
5
-522
-1061
4136
1494450
-32
-2
3
-527
-1125
4138
1495475
34
-3
-1
-531
-1093
4141
1496500
60
-3
-1
-553
-995
4162
1497525
23
-5
5
-557
-950
4192
1498550
-32
-5
12
-549
-999
4169
1499575
-46
-5
13
-529
-1059
4148
1492097
-17
-4
11
-532
-1094
4142
1493122
16
-6
8
-536
-1054
4143
1494147
23
-5
4
-543
-999
4159
1495172
-3
-3
1
-550
-999
4168
1496197
-17
-3
-2
-556
-1051
4157
1497222
10
-9
-2
-564
-1074
4150
1498247
34
-14
0
-548
-1017
4151
1499272
26
-15
2
-538
-986
4158
1500297
-10
-14
1
-522
-999
4157
1501322
-36
-9
2
-510
-1031
4155
1502347
-30
-2
1
-514
-1070
4133
1503372
7
0
1
-522
-1073
4137
1504397
28
0
2
-540
-1016
4163
1505422
11
0
3
-555
-984
4173
1506447
-27
-2
6
-555
-1007
4170
1507472
-44
-4
9
-548
-1052
4155
1500287
-24
-8
8
-530
-1092
4136
1501312
14
-8
6
-517
-1068
4143
1502337
27
-6
6
-518
-1003
4152
1503362
9
0
3
-535
-988
4168
1504387
-19
6
0
-560
-1023
4166
1505412
-20
3
-1
-566
-1067
4147
1506437
2
-5
-3
-559
-1047
4153
1507462
-1
-9
-2
-538
-998
4165
1508487
-21
-9
7
-524
-1036
4157
1509512
-20
-7
11
-517
-1070
4150
1510537
1
-3
8
-518
-1050
4144
1511562
18
1
5
-528
-1049
4141
1512587
34
3
4
-532
-1055
4162
1513612
36
3
7
-512
-1011
4156
1514637
27
9
7
-536
-993
4153
1515662
13
12
7
-553
-995
4174
1508480
-5
12
8
-541
-1016
4160
1509505
0
7
10
-560
-1077
4151
1510530
26
0
7
-569
-1046
4156
1511555
27
-3
5
-566
-1004
4163
1512580
13
-5
3
-568
-1025
4164
1513605
4
-9
0
-564
-1016
4157
1514630
-2
-9
-3
-546
-1024
4150
1515655
5
-8
-2
-529
-1018
4155
1516680
6
-7
2
-518
-1008
4147
1517705
12
-6
5
-529
-1016
4151
1518730
9
-4
4
-538
-1010
4163
1519755
2
-1
1
-559
-1018
4159
1520780
1
-3
2
-568
-1028
4149
1521805
11
-7
0
-565
-1028
4158
1522830
11
-6
-1
-548
-1001
4168
1523855
-3
-3
4
-548
-1008
4161
1516672
-1
-8
6
-534
-1039
4149
1517697
9
-9
-2
-514
-1013
4153
1518722
9
-4
-10
-510
-980
4157
1519747
-4
5
-9
-529
-971
4162
1520772
-28
8
-4
-577
-997
4171
1521797
-45
2
-4
-588
-1025
4167
1522822
-37
-11
-10
-559
-1049
4146
1523847
-12
-16
-11
-527
-1032
4139
1524872
2
-16
-5
-520
-994
4154
1525897
-16
-12
-3
-515
-985
4158
1526922
-38
-6
-2
-521
-1013
4150
1527947
-32
-1
-2
-540
-1074
4142
1528972
1
-3
-4
-561
-1076
4142
1529997
20
-10
-5
-547
-1020
4165
1531022
5
-9
-4
-539
-1005
4169
1532047
-11
-7
-1
-546
-1034
4158
1524864
-8
-8
0
-551
-1042
4156
1525889
3
-12
-4
-538
-1047
4148
1526914
15
-9
-8
-518
-1031
4144
1527939
21
-3
-5
-510
-1022
4151
1528964
26
-1
1
-520
-1009
4150
1529989
15
0
2
-541
-987
4164
1531014
-19
-2
1
-555
-975
4177
1532039
-46
-9
-3
-571
-1028
4147
1533064
-36
-17
-5
-570
-1044
4161
1534089
-32
-20
-5
-538
-1047
4173
1535114
-32
-17
1
-502
-1046
4165
1536139
-32
-11
17
-484
-1072
4147
1537164
1
-4
24
-505
-1122
4113
1538189
55
2
16
-503
-1059
4122
1539214
72
4
7
-525
-954
4159
1540239
29
-2
1
-559
-908
4185
1533056
-47
-4
2
-554
-970
4165
1534081
-69
5
8
-528
-1137
4145
1535106
-7
10
17
-507
-1144
4138
1536131
59
9
22
-551
-1072
4155
1537156
78
-5
16
-578
-998
4181
1538181
38
-16
7
-582
-930
4176
1539206
-24
-22
5
-571
-968
4175
1540231
-46
-25
-1
-545
-1039
4156
1541256
-36
-24
-9
-508
-1027
4142
1542281
-26
-17
-14
-467
-986
4126
1543306
-30
-4
-9
-442
-990
4129
1544331
-29
12
4
-486
-1036
4152
1545356
-11
16
14
-559
-1067
4159
1546381
5
8
10
-609
-1048
4165
1547406
-8
-4
-4
-595
-996
4176
1548431
-51
-12
-10
-573
-1010
4184
1541248
-80
-18
-4
-568
-1057
4172
1542273
-73
-24
1
-553
-1118
4162
1543298
-40
-32
-2
-518
-1100
4143
1544323
4
-34
-4
-476
-1030
4143
1545348
-20
-25
-3
-476
-1036
4138
1546373
-29
-10
-1
-515
-1107
4136
1547398
2
-3
-6
-502
-1092
4140
1548423
19
0
-12
-484
-1029
4146
1549448
5
4
0
-478
-1013
4142
1550473
-8
11
15
-536
-1050
4152
1551498
-4
8
17
-558
-1072
4160
1552523
-2
-2
13
-557
-1077
4164
1553548
-9
-10
10
-566
-1057
4165
1554573
-21
-14
9
-547
-1066
4157
1555598
-21
-13
4
-512
-1088
4140
1556623
2
-11
-3
-484
-1078
4131
1549440
15
-5
-3
-468
-1043
4141
1550465
14
4
5
-501
-1050
4142
1551490
18
6
6
-526
-1047
4145
1552515
19
6
5
-540
-1034
4152
1553540
6
5
6
-544
-1033
4156
1554565
-10
2
10
-564
-1074
4171
1555590
-6
-5
11
-555
-1091
4155
1556615
7
-11
7
-528
-1055
4141
1557640
12
-12
4
-507
-1028
4148
1558665
4
-12
5
-495
-1025
4150
1559690
2
-6
6
-499
-1045
4146
1560715
1
0
5
-511
-1039
4156
1561740
-7
2
2
-525
-1031
4148
1562765
-19
2
1
-528
-1050
4147
1563790
-16
0
3
-533
-1084
4153
1564815
-1
-3
5
-544
-1074
4164
1557632
0
-8
3
-535
-1036
4170
1558657
-18
-10
6
-529
-1021
4155
1559682
-33
-13
11
-531
-1054
4135
1560707
-29
-10
11
-539
-1084
4147
1561732
-16
-9
5
-515
-1086
4139
1562757
-6
-9
0
-497
-1066
4143
1563782
-4
-6
-3
-489
-1037
4142
1564807
-7
0
-7
-515
-1041
4136
1565832
-6
3
-10
-536
-1036
4151
1566857
-19
3
-10
-540
-1041
4170
1567882
-39
-1
-3
-541
-1075
4157
1568907
-31
-7
1
-536
-1107
4146
1569932
-17
-11
2
-517
-1075
4136
1570957
-21
-10
0
-517
-1078
4136
1571982
-11
-10
0
-506
-1078
4139
1573007
-9
-7
1
-510
-1068
4147
1565824
-13
-4
4
-525
-1072
4148
1566849
-17
-4
8
-515
-1086
4153
1567874
-20
-5
12
-513
-1091
4144
1568899
-18
-5
11
-526
-1104
4137
1569924
-4
-6
4
-542
-1104
4131
1570949
5
-8
-7
-527
-1053
4133
1571974
-8
-5
-13
-529
-1045
4153
1572999
-29
-6
-16
-532
-1079
4156
1574024
-33
-10
-17
-518
-1106
4141
1575049
-28
-10
-16
-505
-1097
4136
1576074
-23
-8
-11
-502
-1102
4138
1577099
-15
-6
-7
-500
-1117
4145
1578124
-4
-3
-3
-504
-1136
4143
1579149
15
-4
1
-522
-1118
4134
1580174
32
-6
2
-524
-1092
4140
1581199
29
-7
2
-512
-1076
4146
1574016
25
-6
5
-508
-1073
4144
1575041
18
-4
6
-498
-1068
4143
1576066
11
1
3
-514
-1075
4145
1577091
6
3
-4
-520
-1065
4138
1578116
-8
3
-10
-530
-1035
4139
1579141
-28
4
-18
-534
-1037
4149
1580166
-47
4
-22
-542
-1076
4157
1581191
-42
-1
-23
-552
-1140
4146
1582216
-24
-14
-28
-534
-1091
4140
1583241
-38
-17
-29
-521
-1076
4148
1584266
-48
-19
-24
-516
-1138
4151
1585291
-29
-22
-18
-502
-1172
4139
1586316
-2
-22
-13
-483
-1144
4136
1587341
12
-18
-11
-479
-1103
4141
1588366
1
-12
-11
-497
-1080
4139
1589391
-14
-7
-13
-507
-1112
4141
1582209
-3
-4
-14
-499
-1146
4135
1583234
25
-5
-17
-500
-1120
4129
1584259
32
-4
-19
-495
-1063
4134
1585284
11
2
-15
-494
-1070
4137
1586309
-4
8
-8
-488
-1120
4130
1587334
14
8
-2
-498
-1132
4139
1588359
34
5
-1
-503
-1088
4144
1589384
22
7
3
-502
-1063
4148
1590409
4
5
14
-513
-1093
4151
1591434
-1
2
18
-508
-1100
4147
1592459
2
3
15
-505
-1096
4140
1593484
16
3
14
-519
-1114
4147
1594509
25
1
17
-523
-1089
4151
1595534
16
-2
17
-513
-1062
4151
1596559
0
-1
13
-492
-1069
4143
1597584
3
-1
12
-510
-1115
4140
1590399
19
-1
12
-525
-1104
4148
1591424
16
-2
11
-515
-1063
4150
1592449
-2
-1
9
-506
-1069
4146
1593474
-2
-2
4
-507
-1089
4130
1594499
5
-1
2
-512
-1069
4146
1595524
-1
2
1
-514
-1047
4151
1596549
-18
-1
2
-523
-1057
4154
1597574
-28
-5
1
-526
-1103
4147
1598599
-17
-8
-1
-525
-1115
4137
1599624
-1
-13
-4
-507
-1081
4139
1600649
-4
-13
-2
-500
-1071
4146
1601674
-18
-8
2
-504
-1097
4149
1602699
-16
-6
1
-503
-1106
4149
1603724
-3
-3
-2
-500
-1100
4131
1604749
9
-2
-6
-516
-1071
4133
1605774
4
-2
-7
-518
-1045
4156
1598593
-24
-3
-3
-516
-1062
4161
1599618
-43
-5
1
-505
-1101
4144
1600643
-34
-9
2
-503
-1128
4126
1601668
-11
-10
-1
-513
-1112
4121
1602693
-2
-8
-4
-507
-1097
4145
1603718
-12
-5
-6
-507
-1090
4149
1604743
-26
-3
-3
-509
-1104
4147
1605768
-21
-5
0
-519
-1130
4144
1606793
-3
-9
1
-521
-1113
4132
1607818
-3
-9
6
-514
-1080
4148
1608843
-25
-9
10
-504
-1102
4164
1609868
-30
-9
4
-497
-1145
4132
1610893
-3
-9
-3
-495
-1137
4118
1611918
15
-7
-4
-484
-1092
4133
1612943
6
-2
1
-487
-1067
4148
1613968
-18
2
4
-485
-1081
4146
1606784
-29
6
4
-504
-1120
4132
1607809
-20
8
3
-522
-1139
4134
1608834
2
5
4
-528
-1148
4146
1609859
15
-1
2
-532
-1115
4155
1610884
4
-3
1
-526
-1096
4147
1611909
-11
-3
4
-518
-1111
4144
1612934
-15
-3
7
-513
-1122
4138
1613959
-4
-5
7
-516
-1132
4135
1614984
8
-6
6
-504
-1112
4137
1616009
8
-5
8
-505
-1109
4135
1617034
9
-5
9
-501
-1112
4135
1618059
14
-3
10
-503
-1124
4135
1619084
20
-2
8
-514
-1099
4139
1620109
12
-1
6
-505
-1080
4148
1621134
-4
1
9
-502
-1090
4141
1622159
-5
3
12
-512
-1114
4128
1614976
12
1
10
-520
-1128
4136
1616001
23
-2
9
-528
-1086
4145
1617026
8
-4
11
-514
-1058
4147
1618051
-16
-2
8
-513
-1094
4141
1619076
-12
-1
2
-529
-1139
4126
1620101
21
-4
-7
-530
-1111
4139
1621126
21
-7
-10
-512
-1040
4154
1622151
-20
-4
-2
-499
-1058
4155
1623176
-47
-3
8
-500
-1113
4143
1624201
-33
-6
9
-522
-1164
4125
1625226
2
-9
2
-524
-1138
4122
1626251
15
-8
-1
-514
-1089
4146
1627276
-4
-5
-1
-509
-1080
4153
1628301
-22
-2
0
-516
-1113
4139
1629326
-12
-5
0
-513
-1139
4132
1630351
8
-8
4
-509
-1117
4129
1623360
8
-7
10
-506
-1083
4152
1624385
-15
-7
12
-517
-1103
4157
1625410
-28
-5
5
-517
-1124
4128
1626435
-11
-4
1
-507
-1148
4127
1627460
20
-6
0
-493
-1127
4143
1628485
23
-4
3
-492
-1074
4146
1629510
-2
-2
9
-503
-1068
4149
1630535
-27
-2
9
-517
-1099
4131
1631560
-24
-2
5
-521
-1147
4124
1632585
0
-5
2
-514
-1143
4141
1633610
15
-5
0
-512
-1112
4144
1634635
8
-5
3
-512
-1080
4141
1635660
-9
-5
6
-516
-1092
4143
1636685
-19
-6
11
-520
-1126
4143
1637710
-10
-9
14
-510
-1138
4138
1638735
9
-10
12
-498
-1129
4134
1631360
16
-7
9
-502
-1100
4136
1632385
7
-4
5
-504
-1092
4144
1633410
-4
-3
5
-517
-1115
4148
1634435
-2
-1
4
-511
-1115
4136
1635460
11
-2
2
-518
-1114
4139
1636485
10
-4
2
-518
-1096
4145
1637510
4
-6
5
-516
-1101
4143
1638535
1
-4
7
-500
-1111
4148
1639560
0
-2
7
-500
-1100
4147
1640585
1
-3
7
-505
-1108
4132
1641610
7
-3
6
-514
-1100
4132
1642635
3
-2
2
-511
-1104
4140
1643660
3
0
2
-513
-1104
4140
1644685
8
-3
1
-511
-1092
4143
1645710
-2
-2
1
-514
-1073
4139
1646735
-22
-1
7
-506
-1089
4150
1639552
-31
-3
11
-516
-1126
4139
1640577
-19
-4
11
-519
-1139
4130
1641602
-4
-4
6
-514
-1119
4139
1642627
-1
-2
2
-518
-1102
4140
1643652
-1
-2
2
-524
-1115
4139
1644677
3
-8
4
-507
-1119
4141
1645702
3
-6
4
-502
-1095
4132
1646727
-2
-5
8
-507
-1093
4133
1647752
-6
-2
11
-519
-1125
4137
1648777
-8
-3
10
-518
-1122
4142
1649802
-9
-2
7
-505
-1113
4134
1650827
1
-3
8
-511
-1135
4134
1651852
11
-3
8
-513
-1120
4132
1652877
12
-4
10
-519
-1105
4139
1653902
4
-4
10
-516
-1092
4140
1654927
-11
-2
9
-518
-1088
4150
1647745
-19
-3
7
-519
-1108
4137
1648770
-18
-3
5
-511
-1129
4133
1649795
-5
-5
6
-510
-1131
4138
1650820
7
-5
8
-511
-1117
4140
1651845
6
-4
9
-510
-1094
4133
1652870
-4
-2
10
-513
-1096
4138
1653895
-16
0
10
-509
-1111
4138
1654920
-13
1
11
-517
-1139
4132
1655945
-2
0
10
-522
-1118
4139
1656970
2
-3
13
-528
-1114
4145
1657995
-1
-9
18
-534
-1121
4144
1659020
-5
-11
20
-522
-1124
4138
1660045
5
-11
18
-511
-1122
4126
1661070
13
-10
14
-509
-1100
4132
1662095
3
-7
11
-509
-1085
4143
1663120
-15
-6
10
-515
-1103
4134
1655937
-20
-4
6
-508
-1120
4133
1656962
-13
-2
2
-510
-1135
4127
1657987
2
-2
0
-534
-1128
4130
1659012
3
-5
0
-531
-1093
4148
1660037
-11
-6
2
-504
-1108
4147
1661062
-16
-5
5
-495
-1134
4133
1662087
-4
-4
5
-510
-1135
4134
1663112
1
-4
0
-519
-1121
4129
1664137
-3
-3
-4
-533
-1114
4132
1665162
-8
-3
-4
-523
-1126
4144
1666187
-7
-7
-1
-514
-1148
4144
1667212
4
-9
2
-503
-1120
4123
1668237
8
-7
2
-502
-1098
4124
1669262
-2
-4
5
-503
-1100
4135
1670287
-4
-3
5
-525
-1150
4128
1671312
9
-4
-1
-522
-1125
4140
1664128
13
-6
-3
-512
-1095
4139
1665153
0
-4
-1
-501
-1087
4133
1666178
-16
-3
5
-506
-1111
4140
1667203
-14
-2
7
-518
-1152
4139
1668228
2
-2
4
-524
-1133
4131
1669253
7
-3
2
-527
-1096
4129
1670278
-5
-6
3
-524
-1106
4136
1671303
-14
-7
5
-511
-1126
4142
1672328
-9
-5
6
-501
-1129
4134
1673353
1
-4
6
-514
-1122
4132
1674378
4
-3
2
-520
-1108
4143
1675403
-4
-5
1
-519
-1098
4143
1676428
-15
-3
1
-523
-1116
4146
1677453
-19
-5
3
-525
-1137
4139
1678478
-11
-7
2
-515
-1132
4129
1679503
-7
-8
4
-504
-1116
4126
1672321
-8
-6
5
-499
-1119
4133
1673346
-6
-4
7
-505
-1134
4138
1674371
4
-3
7
-514
-1149
4129
1675396
20
-3
3
-525
-1118
4131
1676421
12
-2
-3
-529
-1085
4134
1677446
-12
-2
-3
-534
-1089
4152
1678471
-25
-6
0
-527
-1140
4149
1679496
-15
-12
5
-507
-1156
4128
1680521
4
-11
7
-491
-1119
4128
1681546
4
-7
8
-489
-1099
4131
1682571
-7
-1
5
-498
-1108
4129
1683596
-11
3
0
-518
-1148
4134
1684621
6
1
-6
-535
-1155
4143
1685646
21
-5
-4
-537
-1099
4147
1686671
4
-9
2
-521
-1081
4147
1687696
-17
-8
7
-510
-1111
4132
1680511
-20
-5
8
-499
-1146
4137
1681536
-3
-3
6
-509
-1162
4124
1682561
18
-4
0
-519
-1128
4129
1683586
16
-4
-1
-511
-1087
4141
1684611
-6
-2
6
-506
-1102
4139
1685636
-13
-2
9
-504
-1133
4133
1686661
-2
-1
9
-520
-1143
4129
1687686
10
-1
4
-532
-1117
4131
1688711
7
-3
2
-527
-1103
4137
1689736
-9
-6
4
-514
-1122
4135
1690761
-13
-5
4
-506
-1137
4130
1691786
2
-3
5
-507
-1137
4133
1692811
15
-3
4
-513
-1120
4132
1693836
10
-3
3
-515
-1096
4141
1694861
-4
-4
2
-525
-1113
4146
1695886
-14
-6
3
-520
-1118
4145
1688704
-20
-5
4
-519
-1125
4139
1689729
-18
-7
5
-509
-1140
4138
1690754
-4
-7
4
-509
-1137
4131
1691779
6
-4
3
-509
-1131
4126
1692804
9
-3
3
-510
-1101
4147
1693829
-10
-3
7
-510
-1117
4147
1694854
-13
-4
10
-521
-1149
4139
1695879
5
-6
5
-512
-1154
4131
1696904
20
-4
-2
-519
-1104
4130
1697929
16
-4
-4
-515
-1073
4152
1698954
-12
-2
3
-505
-1106
4154
1699979
-23
-3
9
-508
-1152
4137
1701004
-4
-6
9
-513
-1146
4131
1702029
12
-6
5
-522
-1125
4129
1703054
12
-7
1
-515
-1111
4139
1704079
-1
-5
0
-516
-1115
4147
1696897
-10
-3
2
-507
-1128
4134
1697922
-4
-5
5
-502
-1139
4125
1698947
6
-6
8
-511
-1125
4131
1699972
10
-5
8
-503
-1121
4132
1700997
4
-2
6
-514
-1108
4147
1702022
-5
1
1
-529
-1122
4133
1703047
-4
-1
-1
-520
-1123
4129
1704072
2
-6
1
-515
-1123
4134
1705097
4
-9
6
-511
-1109
4140
1706122
-1
-6
11
-506
-1107
4136
1707147
-9
-5
11
-511
-1120
4131
1708172
-10
-3
5
-513
-1129
4131
1709197
0
-1
0
-514
-1136
4134
1710222
11
-1
0
-521
-1123
4142
1711247
8
-4
3
-517
-1093
4139
1712272
-9
-5
7
-516
-1095
4137
1705088
-23
-6
7
-512
-1131
4133
1706113
-13
-4
3
-518
-1152
4130
1707138
3
-3
-1
-515
-1122
4137
1708163
-1
-3
-2
-521
-1097
4145
1709188
-16
-3
0
-517
-1103
4145
1710213
-24
-5
2
-511
-1129
4143
1711238
-18
-6
3
-509
-1156
4125
1712263
9
-9
4
-509
-1152
4124
1713288
26
-8
3
-510
-1116
4145
1714313
12
-5
6
-512
-1113
4133
1715338
3
-4
7
-516
-1125
4136
1716363
2
-4
2
-511
-1129
4134
1717388
10
-5
-3
-511
-1116
4124
1718413
18
-3
-4
-515
-1101
4138
1719438
5
-3
1
-502
-1104
4154
1720463
-10
-2
6
-508
-1110
4152
1713280
-17
-3
6
-517
-1135
4132
1714305
-6
-4
3
-520
-1161
4123
1715330
20
-6
-1
-522
-1139
4137
1716355
22
-6
-3
-509
-1084
4142
1717380
-3
-4
0
-512
-1078
4144
1718405
-25
-4
4
-510
-1120
4139
1719430
-20
-3
7
-512
-1142
4131
1720455
-1
-4
7
-506
-1149
4129
1721480
21
-6
6
-506
-1145
4146
1722505
28
-6
1
-511
-1096
4139
1723530
8
-3
0
-512
-1081
4135
1724555
-13
-1
1
-513
-1103
4140
1725580
-18
-3
7
-506
-1138
4140
1726605
-5
-5
8
-514
-1147
4135
1727630
8
-7
5
-512
-1116
4129
1728655
3
-7
4
-504
-1087
4134
1721473
-15
-4
3
-506
-1108
4138
1722498
-20
-1
3
-512
-1139
4134
1723523
0
-3
3
-515
-1151
4125
1724548
17
-8
3
-511
-1112
4134
1725573
10
-8
4
-504
-1097
4143
1726598
-9
-4
5
-503
-1106
4143
1727623
-16
-1
4
-511
-1136
4138
1728648
-1
-2
0
-522
-1153
4135
1729673
14
-6
-1
-519
-1117
4135
1730698
9
-7
1
-515
-1103
4144
1731723
-7
-7
5
-507
-1109
4137
1732748
-14
-6
7
-504
-1132
4144
1733773
-11
-5
7
-507
-1132
4139
1734798
3
-5
5
-510
-1140
4132
1735823
10
-3
2
-502
-1121
4128
1736848
11
-4
1
-514
-1113
4133
1729664
8
-3
0
-511
-1096
4139
1730689
-3
-2
2
-508
-1102
4139
1731714
-17
-2
8
-503
-1118
4134
1732739
-17
-2
9
-508
-1136
4138
1733764
-12
-4
8
-514
-1130
4126
1734789
-9
-4
4
-505
-1120
4133
1735814
-6
-1
-1
-518
-1132
4134
1736839
4
-1
-3
-513
-1134
4139
1737864
9
-7
1
-511
-1107
4144
1738889
5
-11
6
-505
-1110
4132
1739914
-1
-6
8
-502
-1116
4142
1740939
-7
-4
9
-503
-1128
4141
1741964
-5
-3
4
-512
-1136
4136
1742989
7
-2
-2
-511
-1119
4135
1744014
7
-1
1
-499
-1104
4142
1745039
-2
0
5
-501
-1102
4145
1737857
-7
0
7
-512
-1120
4138
1738882
-5
0
4
-518
-1123
4132
1739907
1
-5
3
-522
-1123
4146
1740932
5
-8
4
-517
-1120
4140
1741957
0
-8
5
-501
-1108
4134
1742982
-10
-5
5
-495
-1119
4133
1744007
-11
-2
5
-498
-1126
4131
1745032
-5
0
3
-508
-1119
4132
1746057
4
-2
2
-523
-1141
4143
1747082
13
-7
3
-518
-1127
4147
1748107
10
-7
3
-517
-1096
4137
1749132
-9
-6
4
-508
-1102
4141
1750157
-27
-4
6
-498
-1123
4133
1751182
-19
-1
6
-503
-1165
4127
1752207
10
-3
5
-518
-1161
4137
1753232
28
-6
5
-526
-1120
4138
1746048
20
-7
4
-515
-1074
4150
1747073
-11
-7
3
-510
-1086
4136
1748098
-25
-3
1
-510
-1120
4126
1749123
-16
-2
-1
-507
-1133
4137
1750148
0
-2
1
-500
-1143
4129
1751173
14
-4
7
-503
-1112
4136
1752198
3
-4
9
-523
-1103
4147
1753223
-11
-3
5
-530
-1126
4138
1754248
-9
-4
0
-519
-1141
4138
1755273
4
-7
-1
-509
-1147
4132
1756298
17
-10
0
-503
-1111
4143
1757323
6
-8
5
-493
-1084
4142
1758348
-15
-4
8
-493
-1107
4137
1759373
-19
0
8
-514
-1150
4131
1760398
4
0
2
-523
-1162
4130
1761423
25
-3
-2
-511
-1105
4147
1754240
11
-6
0
-506
-1079
4138
1755265
-12
-5
4
-501
-1095
4141
1756290
-23
-2
7
-510
-1132
4136
1757315
-10
0
5
-518
-1150
4125
1758340
8
-2
2
-525
-1122
4138
1759365
5
-4
1
-512
-1101
4140
1760390
-6
-4
4
-500
-1113
4134
1761415
-8
-1
4
-506
-1133
4142
1762440
0
1
3
-511
-1126
4126
1763465
7
0
4
-510
-1111
4135
1764490
5
-3
6
-521
-1125
4139
1765515
0
-3
4
-524
-1112
4140
1766540
-6
-3
2
-513
-1119
4139
1767565
-5
-3
5
-509
-1131
4132
1768590
-2
-2
7
-507
-1126
4129
1769615
-4
-3
9
-511
-1117
4138
1762519
-4
-4
10
-518
-1141
4122
1763544
10
-5
6
-509
-1118
4128
1764569
8
-4
2
-510
-1103
4145
1765594
1
-3
1
-515
-1094
4143
1766619
-6
-1
4
-515
-1099
4139
1767644
-8
-1
7
-503
-1131
4136
1768669
0
-3
9
-503
-1136
4135
1769694
10
-4
9
-532
-1119
4130
1770719
8
-5
6
-528
-1110
4134
1771744
-9
-4
4
-527
-1106
4142
1772769
-21
-3
1
-513
-1115
4144
1773794
-21
-2
1
-510
-1156
4130
1774819
7
-2
-4
-526
-1179
4113
1775844
37
2
-15
-515
-1100
4144
1776869
19
4
-16
-502
-1064
4156
1777894
-16
4
-8
-505
-1092
4156
1770625
-30
2
0
-506
-1126
4138
1771650
-6
-1
6
-517
-1177
4116
1772675
25
-3
9
-507
-1110
4130
1773700
14
-1
12
-523
-1083
4160
1774725
-18
-1
13
-541
-1110
4145
1775750
-26
-2
10
-533
-1150
4133
1776775
-10
-4
3
-526
-1155
4124
1777800
14
-8
3
-510
-1117
4135
1778825
12
-9
9
-500
-1077
4142
1779850
-13
-5
14
-507
-1107
4133
1780875
-22
0
12
-518
-1121
4128
1781900
-13
1
7
-520
-1156
4139
1782925
6
-1
1
-517
-1153
4135
1783950
19
-4
2
-525
-1110
4140
1784975
8
-5
7
-516
-1090
4146
1786000
-17
-5
10
-513
-1097
4144
1778816
-34
-6
12
-516
-1131
4137
1779841
-20
-7
9
-526
-1184
4129
1780866
14
-8
4
-521
-1150
4131
1781891
21
-7
2
-510
-1095
4139
1782916
4
-5
4
-524
-1089
4134
1783941
-15
-2
6
-527
-1107
4133
1784966
-19
-3
7
-511
-1142
4135
1785991
-6
-6
6
-511
-1148
4134
1787016
8
-7
7
-512
-1127
4135
1788041
8
-7
4
-520
-1113
4137
1789066
-4
-5
-1
-521
-1112
4139
1790091
-17
-3
-2
-520
-1124
4146
1791116
-13
-3
1
-522
-1154
4132
1792141
3
-8
2
-525
-1130
4126
1793166
7
-9
6
-508
-1113
4135
1794191
4
-6
7
-513
-1122
4136
1787009
-1
-5
3
-511
-1115
4132
1788034
-6
-4
1
-511
-1127
4131
1789059
-6
-2
4
-506
-1118
4138
1790084
-13
-1
7
-508
-1121
4143
1791109
-11
-2
7
-525
-1149
4135
1792134
-5
-2
6
-530
-1133
4136
1793159
0
-5
2
-525
-1144
4135
1794184
4
-6
2
-513
-1130
4132
1795209
-1
-5
3
-503
-1116
4134
1796234
-9
-2
3
-511
-1126
4138
1797259
-6
-1
4
-530
-1138
4145
1798284
4
-4
4
-531
-1141
4141
1799309
2
-7
2
-524
-1119
4147
1800334
-12
-8
4
-512
-1115
4145
1801359
-22
-7
6
-502
-1136
4126
1802384
-16
-4
5
-501
-1153
4122
1795199
5
-1
3
-518
-1153
4134
1796224
10
-3
5
-518
-1123
4141
1797249
0
-5
8
-522
-1115
4141
1798274
-11
-5
3
-520
-1129
4138
1799299
-5
-2
-3
-517
-1129
4121
1800324
6
-1
-5
-526
-1121
4138
1801349
1
-3
0
-518
-1124
4139
1802374
-9
-5
8
-515
-1128
4143
1803399
-13
-8
11
-512
-1142
4132
1804424
-7
-8
5
-516
-1146
4110
1805449
5
-5
0
-511
-1130
4136
1806474
3
-2
-2
-512
-1122
4145
1807499
-7
-1
1
-520
-1132
4137
1808524
-6
-4
5
-522
-1140
4136
1809549
1
-7
7
-521
-1142
4137
1810574
3
-8
8
-524
-1129
4135
1803392
-5
-6
5
-506
-1132
4135
1804417
-11
-4
1
-503
-1131
4131
1805442
-3
0
0
-505
-1148
4137
1806467
12
1
0
-517
-1134
4132
1807492
12
0
4
-533
-1106
4143
1808517
-1
-3
7
-537
-1107
4139
1809542
-20
-8
6
-529
-1122
4138
1810567
-26
-9
6
-505
-1146
4133
1811592
-15
-6
5
-498
-1160
4122
1812617
2
-4
5
-503
-1144
4122
1813642
17
-4
5
-518
-1152
4131
1814667
18
-3
4
-521
-1108
4130
1815692
-2
-2
4
-518
-1104
4140
1816717
-21
-1
3
-516
-1133
4135
1817742
-23
-3
2
-519
-1147
4133
1818767
-14
-4
2
-526
-1149
4135
1811584
2
-4
1
-528
-1154
4131
1812609
6
-7
4
-524
-1121
4141
1813634
-6
-9
7
-520
-1126
4130
1814659
-14
-7
6
-514
-1124
4132
1815684
-14
-4
2
-508
-1143
4127
1816709
-1
-4
-2
-522
-1136
4120
1817734
5
-4
0
-512
-1123
4138
1818759
0
-3
6
-503
-1155
4136
1819784
-2
-4
10
-507
-1141
4133
1820809
-4
-3
7
-517
-1131
4132
1821834
-4
-2
2
-525
-1142
4128
1822859
-4
-2
-2
-531
-1146
4143
1823884
-3
-5
0
-524
-1145
4147
1824909
-1
-7
1
-514
-1140
4130
1825934
0
-8
4
-507
-1127
4123
1826959
-1
-7
6
-501
-1138
4130
1819776
-2
-3
7
-515
-1142
4133
1820801
0
-3
2
-514
-1147
4134
1821826
8
-3
1
-511
-1143
4125
1822851
15
-3
4
-516
-1115
4135
1823876
9
-5
7
-522
-1120
4147
1824901
-4
-4
9
-523
-1126
4142
1825926
-16
-4
8
-521
-1135
4137
1826951
-18
-4
6
-511
-1157
4123
1827976
-8
-3
1
-507
-1161
4121
1829001
7
-2
-1
-508
-1139
4132
1830026
15
-1
0
-520
-1133
4138
1831051
10
-3
3
-527
-1107
4144
1832076
-13
-6
7
-528
-1115
4143
1833101
-25
-8
7
-524
-1163
4133
1834126
-12
-10
4
-506
-1168
4127
1835151
8
-8
0
-497
-1154
4127
1827968
14
-5
0
-496
-1117
4135
1828993
2
-2
4
-511
-1116
4131
1830018
-13
-2
6
-526
-1138
4139
1831043
-16
-2
7
-518
-1151
4141
1832068
-17
-4
7
-516
-1147
4125
1833093
-8
-4
4
-514
-1159
4126
1834118
10
-4
-2
-522
-1174
4122
1835143
28
-6
-6
-527
-1128
4131
1836168
22
-8
-3
-511
-1089
4143
1837193
-6
-7
6
-491
-1099
4139
1838218
-25
-3
11
-500
-1146
4127
1839243
-8
-2
7
-519
-1187
4113
1840268
18
-4
2
-529
-1149
4128
1841293
20
-5
-1
-533
-1113
4143
1842318
-3
-8
1
-515
-1099
4148
1843343
-23
-7
4
-504
-1141
4135
1836312
-16
-3
6
-504
-1148
4121
1837337
1
-2
6
-508
-1146
4131
1838362
7
-3
6
-523
-1128
4143
1839387
1
-5
3
-525
-1130
4136
1840412
-2
-5
1
-516
-1129
4134
1841437
-5
-4
3
-517
-1142
4131
1842462
-3
-3
6
-514
-1135
4148
1843487
-4
-4
7
-508
-1137
4133
1844512
-2
-7
6
-517
-1143
4119
1845537
4
-6
4
-522
-1132
4133
1846562
3
-3
3
-514
-1132
4129
1847587
-1
-3
4
-510
-1121
4145
1848612
-12
-3
6
-513
-1132
4135
1849637
-11
-3
4
-517
-1145
4129
1850662
-2
-4
3
-513
-1152
4138
1851687
5
-4
2
-522
-1148
4136
1844355
8
-6
1
-525
-1124
4141
1845380
-2
-6
0
-514
-1120
4140
1846405
-14
-6
3
-511
-1133
4129
1847430
-15
-4
4
-509
-1149
4127
1848455
1
-5
3
-508
-1175
4132
1849480
18
-6
3
-511
-1133
4137
1850505
9
-5
5
-521
-1107
4129
1851530
-13
-5
5
-518
-1125
4138
1852555
-22
-2
3
-511
-1141
4128
1853580
-7
-3
0
-511
-1152
4127
1854605
14
-5
-1
-508
-1147
4137
1855630
19
-5
3
-502
-1120
4132
1856655
5
-4
9
-511
-1110
4135
1857680
-15
-4
11
-522
-1146
4130
1858705
-7
-5
4
-529
-1177
4120
1859730
15
-8
-3
-515
-1151
4132
1852544
12
-7
-3
-508
-1106
4138
1853569
-6
-6
2
-507
-1118
4131
1854594
-15
-5
7
-513
-1144
4132
1855619
-8
-5
7
-506
-1143
4122
1856644
-6
-3
6
-516
-1133
4124
1857669
-7
-6
3
-517
-1145
4131
1858694
-1
-3
1
-501
-1150
4126
1859719
1
-3
3
-500
-1124
4131
1860744
-10
-1
5
-502
-1112
4141
1861769
-27
1
8
-514
-1128
4129
1862794
-28
-1
7
-525
-1168
4131
1863819
-5
-3
2
-526
-1192
4117
1864844
20
-7
0
-532
-1137
4131
1865869
18
-9
3
-519
-1109
4142
1866894
-3
-9
6
-500
-1117
4131
1867919
-20
-6
6
-506
-1129
4135
1860736
-19
-4
4
-508
-1161
4122
1861761
2
-4
3
-516
-1173
4120
1862786
23
-4
3
-519
-1144
4134
1863811
19
-7
3
-522
-1116
4144
1864836
2
-7
1
-507
-1113
4137
1865861
-6
-5
3
-507
-1150
4138
1866886
8
-7
4
-518
-1184
4124
1867911
31
-8
4
-514
-1155
4137
1868936
41
-11
6
-512
-1134
4132
1869961
40
-16
6
-510
-1126
4133
1870986
33
-11
1
-507
-1106
4138
1872011
21
-8
-2
-518
-1121
4135
1873036
19
-7
-2
-522
-1103
4146
1874061
1
-6
5
-501
-1100
4147
1875086
-12
-4
11
-491
-1142
4139
1876111
-5
-3
9
-498
-1140
4126
1868928
3
1
4
-513
-1124
4129
1869953
7
0
0
-522
-1111
4139
1870978
2
-2
0
-533
-1117
4146
1872003
-3
-7
4
-511
-1127
4143
1873028
-3
-9
7
-507
-1129
4136
1874053
2
-7
9
-492
-1122
4121
1875078
9
-4
9
-484
-1121
4133
1876103
15
-3
6
-497
-1129
4144
1877128
23
-2
1
-518
-1121
4134
1878153
24
-4
0
-527
-1107
4132
1879178
13
-6
4
-520
-1088
4149
1880203
-8
-7
8
-506
-1101
4143
1881228
-13
-8
7
-501
-1131
4133
1882253
-3
-7
2
-505
-1120
4130
1883278
-4
-5
-1
-506
-1092
4142
1884303
-12
-6
2
-513
-1114
4146
1877120
-17
-6
4
-520
-1122
4144
1878145
-15
-7
2
-513
-1125
4130
1879170
-17
-7
3
-500
-1108
4127
1880195
-31
-4
3
-492
-1101
4137
1881220
-41
1
2
-494
-1147
4141
1882245
-16
-5
-1
-511
-1196
4124
1883270
16
-5
-5
-499
-1123
4132
1884295
7
-3
-2
-500
-1073
4141
1885320
-22
-3
3
-513
-1104
4140
1886345
-33
-2
7
-519
-1145
4143
1887370
-25
-3
5
-524
-1171
4142
1888395
-5
-10
5
-521
-1152
4124
1889420
3
-13
2
-500
-1123
4135
1890445
-2
-9
1
-487
-1118
4135
1891470
-7
-3
0
-490
-1120
4122
1892495
-7
2
4
-490
-1144
4125
1885311
9
1
9
-505
-1156
4128
1886336
17
-1
11
-512
-1135
4129
1887361
9
-1
9
-519
-1118
4135
1888386
-5
-1
3
-511
-1114
4131
1889411
-7
2
-1
-511
-1150
4132
1890436
8
2
-3
-512
-1156
4132
1891461
23
1
0
-518
-1132
4136
1892486
20
-1
3
-508
-1105
4141
1893511
7
-2
6
-512
-1109
4147
1894536
-1
-1
8
-509
-1131
4136
1895561
6
-2
8
-503
-1149
4137
1896586
23
-9
9
-500
-1128
4128
1897611
27
-6
10
-495
-1087
4130
1898636
7
-1
11
-509
-1087
4147
1899661
-15
1
12
-516
-1106
4135
1900686
-11
1
8
-525
-1145
4128
1893504
8
-3
5
-525
-1137
4135
1894529
12
-6
5
-514
-1109
4133
1895554
-2
-5
6
-510
-1098
4142
1896579
-18
-4
7
-500
-1114
4136
1897604
-11
-1
5
-503
-1145
4122
1898629
9
0
4
-519
-1128
4140
1899654
9
0
5
-521
-1104
4146
1900679
-5
-6
7
-522
-1095
4148
1901704
-18
-5
5
-517
-1117
4144
1902729
-21
-3
4
-510
-1137
4130
1903754
-10
-3
6
-516
-1143
4139
1904779
0
-4
9
-517
-1135
4145
1905804
-1
-5
10
-510
-1125
4136
1906829
-4
-4
5
-509
-1123
4133
1907854
-1
-5
1
-516
-1130
4131
1908879
5
-6
2
-523
-1109
4136
1901696
2
-5
5
-520
-1117
4139
1902721
-3
-7
10
-493
-1121
4137
1903746
-12
-6
12
-491
-1109
4138
1904771
-19
-2
10
-496
-1114
4126
1905796
-19
3
7
-517
-1146
4129
1906821
-2
3
3
-530
-1172
4137
1907846
19
-3
0
-528
-1142
4143
1908871
22
-7
2
-519
-1105
4137
1909896
6
-11
7
-509
-1084
4135
1910921
-12
-9
11
-512
-1114
4148
1911946
-15
-5
10
-513
-1152
4138
1912971
10
-5
4
-517
-1160
4124
1913996
28
-6
1
-503
-1098
4131
1915021
12
-3
4
-494
-1074
4144
1916046
-14
1
7
-498
-1102
4141
1917071
-28
4
7
-517
-1125
4136
1909887
-19
4
4
-545
-1160
4122
1910912
3
-4
1
-539
-1154
4141
1911937
17
-11
2
-519
-1127
4147
1912962
10
-12
2
-510
-1084
4141
1913987
-11
-8
3
-496
-1093
4135
1915012
-25
-4
4
-503
-1133
4134
1916037
-16
-3
3
-516
-1151
4132
1917062
1
-9
0
-513
-1139
4140
1918087
5
-10
-1
-499
-1113
4132
1919112
-4
-6
2
-497
-1112
4132
1920137
-14
-2
4
-513
-1133
4143
1921162
-17
1
6
-518
-1145
4136
1922187
-7
-2
7
-529
-1157
4134
1923212
6
-9
2
-517
-1144
4137
1924237
11
-10
-3
-502
-1117
4128
1925262
6
-5
-3
-510
-1105
4139
1918080
-12
-3
3
-507
-1097
4145
1919105
-29
-3
9
-509
-1146
4137
1920130
-17
-5
9
-511
-1167
4130
1921155
0
-3
5
-512
-1142
4116
1922180
8
-3
1
-523
-1131
4130
1923205
2
-4
0
-519
-1111
4147
1924230
-14
-3
1
-508
-1125
4137
1925255
-15
-5
5
-510
-1151
4134
1926280
-7
-5
6
-509
-1152
4127
1927305
4
-5
7
-515
-1140
4146
1928330
2
-5
4
-512
-1125
4143
1929355
-8
-3
2
-506
-1113
4131
1930380
-15
0
3
-507
-1141
4130
1931405
-6
-1
4
-510
-1160
4132
1932430
8
-3
6
-513
-1140
4136
1933455
6
-3
7
-510
-1111
4132
1926272
-7
-6
7
-518
-1118
4146
1927297
-18
-4
7
-513
-1142
4141
1928322
-12
-3
4
-516
-1157
4131
1929347
3
-6
3
-515
-1153
4129
1930372
9
-7
4
-510
-1119
4125
1931397
-1
-4
6
-504
-1112
4140
1932422
-16
0
5
-509
-1123
4141
1933447
-23
1
0
-512
-1156
4132
1934472
-7
-1
-2
-523
-1169
4128
1935497
4
-4
0
-521
-1134
4138
1936522
-1
-6
2
-517
-1118
4140
1937547
-14
-10
3
-516
-1175
4114
1938572
10
-10
1
-517
-1177
4135
1939597
24
-9
-4
-503
-1110
4146
1940622
8
-6
0
-493
-1094
4127
1941647
0
-1
-2
-501
-1132
4120
1934463
-2
-1
3
-500
-1123
4142
1935488
-14
0
7
-505
-1145
4147
1936513
-15
-2
5
-524
-1163
4126
1937538
-1
-4
2
-524
-1153
4124
1938563
7
-6
-1
-519
-1142
4134
1939588
5
-7
-1
-514
-1133
4143
1940613
-7
-7
1
-498
-1119
4142
1941638
-5
-8
2
-503
-1161
4120
1942663
28
-13
3
-500
-1170
4118
1943688
65
-15
4
-516
-1167
4138
1944713
79
-17
4
-517
-1112
4138
1945738
51
-12
1
-499
-1045
4147
1946763
-5
-4
1
-496
-1062
4137
1947788
-33
1
4
-497
-1133
4136
1948813
-15
-1
5
-507
-1169
4134
1949838
13
-1
5
-520
-1123
4129
1942656
10
-4
4
-523
-1068
4147
1943681
-23
-2
5
-509
-1082
4147
1944706
-44
-2
6
-511
-1148
4133
1945731
-26
-4
4
-503
-1174
4126
1946756
9
-5
2
-495
-1149
4130
1947781
27
-6
3
-503
-1117
4131
1948806
21
-4
4
-513
-1092
4139
1949831
11
-4
3
-514
-1114
4146
1950856
1
-3
2
-511
-1112
4143
1951881
-15
-3
2
-511
-1097
4135
1952906
-18
-4
4
-510
-1145
4146
1953931
-7
-5
5
-503
-1143
4142
1954956
3
-6
6
-510
-1131
4126
1955981
7
-7
5
-505
-1101
4142
1957006
-5
-4
1
-509
-1101
4134
1958031
-5
-2
-2
-511
-1113
4132
1950849
0
-3
0
-508
-1118
4142
1951874
-3
-5
7
-495
-1122
4145
1952899
-8
-4
12
-499
-1120
4150
1953924
-17
-2
10
-506
-1129
4133
1954949
-13
-1
4
-515
-1148
4121
1955974
0
-2
0
-519
-1131
4139
1956999
6
-4
-1
-516
-1118
4142
1958024
0
-7
3
-514
-1104
4137
1959049
-11
-8
5
-509
-1118
4128
1960074
-15
-7
8
-500
-1130
4139
1961099
-8
-5
8
-504
-1151
4133
1962124
7
-5
3
-506
-1146
4135
1963149
12
-4
1
-494
-1113
4129
1964174
5
-4
4
-494
-1103
4142
1965199
-5
-2
6
-504
-1119
4137
1966224
-2
0
5
-517
-1133
4128
1959040
7
-3
2
-518
-1127
4140
1960065
2
-6
2
-513
-1109
4149
1961090
-15
-6
3
-506
-1113
4142
1962115
-26
-2
2
-498
-1137
4127
1963140
-12
-3
4
-498
-1155
4125
1964165
12
-4
6
-509
-1145
4133
1965190
16
-4
7
-508
-1120
4137
1966215
3
-4
8
-511
-1103
4139
1967240
-15
-2
8
-504
-1130
4142
1968265
-16
-1
6
-501
-1150
4122
1969290
11
-3
3
-508
-1161
4124
1970315
29
-3
1
-516
-1110
4147
1971340
10
-4
2
-519
-1095
4156
1972365
-18
-6
6
-523
-1124
4154
1973390
-23
-7
3
-516
-1153
4133
1974415
-10
-8
-2
-512
-1136
4124
1967232
-1
-9
-2
-494
-1121
4128
1968257
-3
-9
4
-469
-1120
4140
1969282
-5
-4
8
-468
-1128
4125
1970307
3
2
8
-491
-1141
4115
1971332
13
2
6
-521
-1119
4135
1972357
5
0
3
-530
-1108
4139
1973382
-10
-2
2
-519
-1128
4150
1974407
-9
-5
4
-516
-1153
4138
1975432
6
-8
2
-511
-1135
4126
1976457
10
-7
3
-511
-1115
4144
1977482
-2
-5
7
-517
-1114
4141
1978507
-14
-7
8
-506
-1135
4135
1979532
-9
-7
5
-489
-1150
4125
1980557
7
-3
3
-492
-1142
4124
1981582
21
-2
5
-503
-1110
4140
1982607
9
0
8
-518
-1103
4153
1975470
-15
-1
7
-525
-1118
4144
1976495
-30
-2
2
-521
-1132
4137
1977520
-28
-6
-1
-514
-1154
4133
1978545
1
-8
-4
-509
-1181
4127
1979570
28
-8
-3
-498
-1120
4136
1980595
17
-5
-3
-504
-1071
4139
1981620
-18
-4
2
-518
-1090
4143
1982645
-37
-8
8
-511
-1154
4144
1983670
-17
-8
12
-509
-1202
4130
1984695
20
-9
10
-496
-1158
4122
1985720
29
-6
8
-487
-1084
4138
1986745
2
1
9
-495
-1097
4135
1987770
-9
3
8
-511
-1135
4135
1988795
8
0
2
-519
-1155
4132
1989820
22
-2
-1
-524
-1101
4132
1990845
3
-5
0
-515
-1060
4151
1983616
-32
-5
5
-500
-1112
4154
1984641
-41
-3
9
-504
-1180
4132
1985666
-13
-4
7
-520
-1192
4123
1986691
16
-8
3
-518
-1146
4129
1987716
21
-9
-2
-513
-1110
4138
1988741
6
-7
-4
-497
-1094
4144
1989766
-17
-4
-2
-504
-1114
4137
1990791
-17
-5
4
-512
-1155
4133
1991816
0
-8
7
-504
-1155
4138
1992841
4
-7
7
-498
-1136
4137
1993866
0
-7
3
-500
-1119
4134
1994891
-8
-4
3
-499
-1126
4133
1995916
-10
-3
5
-506
-1146
4128
1996941
0
-5
7
-499
-1138
4133
1997966
6
-5
6
-500
-1120
4133
1998991
-5
-4
3
-498
-1101
4126
1991809
-22
1
3
-498
-1131
4143
1992834
-25
4
3
-506
-1165
4140
1993859
-2
2
2
-526
-1173
4134
1994884
12
-7
5
-528
-1132
4141
1995909
-1
-10
8
-520
-1120
4132
1996934
-17
-9
9
-494
-1138
4132
1997959
-16
-6
5
-488
-1152
4130
1998984
-2
-2
1
-496
-1147
4130
2000009
4
0
0
-503
-1136
4130
2001034
6
-3
4
-517
-1142
4143
2002059
6
-6
8
-517
-1135
4137
2003084
3
-7
6
-516
-1128
4142
2004109
-6
-7
1
-503
-1119
4135
2005134
-14
-4
-1
-502
-1126
4131
2006159
-8
-4
-2
-506
-1150
4130
2007184
2
-5
3
-503
-1156
4136
1999999
9
-4
9
-496
-1144
4129
2001024
9
-3
9
-504
-1129
4127
2002049
8
-2
4
-509
-1134
4133
2003074
12
-2
1
-510
-1130
4134
2004099
10
-3
0
-518
-1128
4145
2005124
2
-5
1
-505
-1109
4136
2006149
-8
-6
3
-505
-1113
4134
2007174
-19
-4
5
-496
-1132
4139
2008199
-25
-2
6
-502
-1146
4128
2009224
-18
-4
2
-512
-1151
4126
2010249
-6
-5
-1
-512
-1132
4135
2011274
-9
-4
2
-515
-1125
4138
2012299
-18
-6
6
-500
-1124
4141
2013324
-28
-4
11
-491
-1138
4133
2014349
-33
-1
14
-497
-1173
4114
2015374
-7
0
13
-517
-1201
4119
2008192
21
1
4
-521
-1154
4132
2009217
20
0
2
-515
-1119
4145
2010242
0
-4
10
-507
-1104
4149
2011267
-20
-5
18
-501
-1134
4128
2012292
-19
-2
19
-488
-1158
4124
2013317
3
2
18
-499
-1180
4123
2014342
25
5
10
-506
-1179
4130
2015367
38
5
1
-516
-1150
4140
2016392
33
5
-6
-517
-1120
4140
2017417
27
4
-6
-538
-1130
4141
2018442
34
-6
-3
-551
-1118
4147
2019467
18
-13
-4
-529
-1066
4147
2020492
-18
-13
-4
-505
-1071
4137
2021517
-43
-12
-6
-504
-1110
4126
2022542
-46
-11
-12
-495
-1139
4121
2023567
-40
-7
-15
-488
-1140
4125
2016384
-36
-3
-10
-502
-1147
4131
2017409
-28
-4
-5
-515
-1160
4129
2018434
-18
-8
-6
-512
-1142
4138
2019459
-27
-8
-6
-510
-1121
4143
2020484
-42
-6
0
-528
-1152
4131
2021509
-33
-9
4
-531
-1195
4140
2022534
-17
-15
0
-506
-1173
4135
2023559
-19
-15
-4
-493
-1151
4119
2024584
-21
-13
-3
-481
-1125
4119
2025609
-32
-10
1
-494
-1162
4134
2026634
-36
-7
1
-502
-1159
4134
2027659
-46
-9
2
-487
-1134
4134
2028684
-65
-10
2
-479
-1153
4125
2029709
-75
-8
6
-485
-1207
4124
2030734
-58
-3
5
-491
-1223
4120
2031759
-37
0
1
-509
-1231
4111
2024575
-19
-1
3
-521
-1236
4125
2025600
-2
-3
4
-538
-1235
4134
2026625
18
-8
-2
-522
-1195
4106
2027650
29
-14
-8
-489
-1137
4116
2028675
9
-11
-8
-465
-1103
4122
2029700
-28
-5
-4
-476
-1141
4122
2030725
-51
0
-3
-479
-1181
4130
2031750
-53
4
-4
-492
-1235
4111
2032775
-30
6
-6
-521
-1263
4113
2033800
-4
5
-13
-548
-1242
4136
2034825
2
-5
-15
-558
-1201
4144
2035850
-1
-19
-12
-536
-1203
4135
2036875
-7
-26
-1
-511
-1228
4134
2037900
-8
-28
5
-457
-1229
4121
2038925
11
-24
17
-422
-1229
4099
2039950
30
-16
25
-407
-1229
4087
2032768
60
-1
26
-439
-1191
4090
2033793
63
12
20
-477
-1143
4121
2034818
34
17
12
-510
-1161
4134
2035843
28
14
2
-538
-1164
4130
2036868
19
10
-4
-545
-1160
4137
2037893
8
3
-4
-547
-1183
4130
2038918
12
-8
-3
-540
-1188
4132
2039943
16
-19
-5
-506
-1180
4135
2040968
9
-20
-5
-481
-1177
4128
2041993
9
-17
-3
-471
-1185
4125
2043018
12
-12
-2
-461
-1184
4121
2044043
22
-6
-3
-457
-1177
4114
2045068
28
1
-3
-471
-1145
4125
2046093
22
2
-1
-491
-1146
4130
2047118
15
2
5
-504
-1162
4134
2048143
15
0
10
-509
-1188
4131
2040960
23
-2
11
-500
-1178
4121
2041985
23
-3
13
-498
-1154
4134
2043010
16
-4
19
-493
-1152
4139
2044035
9
-3
23
-492
-1149
4125
2045060
6
-2
21
-489
-1145
4122
2046085
8
-1
22
-481
-1135
4138
2047110
8
4
27
-494
-1149
4127
2048135
15
4
25
-502
-1167
4123
2049160
25
6
17
-504
-1168
4120
2050185
36
6
7
-517
-1162
4116
2051210
44
4
0
-519
-1125
4129
2052235
35
-1
-4
-506
-1088
4142
2053260
-5
-3
-5
-503
-1076
4134
2054285
-23
-6
-3
-512
-1111
4144
2055310
-31
-9
-2
-507
-1120
4138
2056335
-48
-10
-3
-528
-1183
4130
2049151
-43
-14
-12
-517
-1204
4136
2050176
-31
-12
-14
-503
-1210
4132
2051201
-12
-10
-11
-490
-1201
4124
2052226
5
-8
-5
-477
-1161
4117
2053251
4
-2
8
-464
-1138
4132
2054276
-13
4
27
-477
-1140
4143
2055301
-19
4
43
-499
-1190
4135
2056326
6
0
44
-517
-1227
4115
2057351
51
-2
35
-501
-1205
4105
2058376
80
2
27
-479
-1131
4123
2059401
73
8
21
-480
-1075
4139
2060426
44
12
17
-508
-1085
4161
2061451
23
11
14
-536
-1117
4152
2062476
13
1
14
-549
-1096
4147
2063501
-4
-11
14
-559
-1115
4152
2064526
-16
-18
8
-528
-1139
4135
2057344
-19
-20
0
-476
-1122
4127
2058369
-23
-13
-1
-460
-1120
4127
2059394
-19
-3
3
-464
-1135
4119
2060419
-7
5
3
-487
-1146
4123
2061444
3
8
4
-509
-1131
4136
2062469
-1
6
8
-542
-1123
4145
2063494
-15
0
12
-542
-1136
4154
2064519
-27
-5
12
-529
-1166
4138
2065544
-19
-8
10
-510
-1172
4137
2066569
-10
-9
6
-498
-1150
4135
2067594
-3
-9
5
-505
-1134
4134
2068619
-5
-9
10
-510
-1124
4129
2069644
-15
-8
15
-513
-1115
4140
2070669
-31
-7
15
-513
-1139
4138
2071694
-32
-10
17
-530
-1196
4131
2072719
-16
-16
14
-521
-1182
4130
2065536
0
-18
7
-511
-1180
4124
2066561
13
-15
1
-480
-1150
4119
2067586
13
-10
-2
-464
-1159
4126
2068611
31
-2
0
-474
-1161
4118
2069636
47
3
2
-482
-1109
4127
2070661
32
7
3
-518
-1096
4143
2071686
7
7
1
-538
-1130
4142
2072711
-4
0
-3
-539
-1132
4156
2073736
-11
-8
-7
-526
-1133
4139
2074761
-18
-11
-9
-515
-1125
4136
2075786
-25
-12
-8
-492
-1137
4136
2076811
-25
-12
-5
-489
-1168
4136
2077836
-15
-8
-2
-490
-1159
4127
2078861
-6
-6
2
-487
-1151
4127
2079886
-2
-3
8
-497
-1165
4128
2080911
3
-1
11
-495
-1171
4136
2073729
18
-1
13
-491
-1175
4135
2074754
40
3
13
-498
-1168
4126
2075779
61
4
6
-503
-1133
4132
2076804
59
5
-3
-513
-1091
4143
2077829
23
4
-14
-516
-1078
4137
2078854
19
2
-17
-548
-1117
4145
2079879
18
-4
-22
-537
-1085
4144
2080904
-7
-8
-23
-547
-1095
4161
2081929
-25
-18
-26
-546
-1126
4163
2082954
-38
-24
-31
-520
-1158
4146
2083979
-33
-25
-33
-484
-1152
4123
2085004
-20
-22
-28
-467
-1143
4122
2086029
-16
-17
-19
-449
-1133
4118
2087054
-15
-7
-7
-444
-1133
4132
2088079
-8
0
2
-452
-1162
4128
2089104
14
5
7
-488
-1168
4113
2081920
32
4
10
-504
-1120
4133
2082945
18
3
10
-511
-1119
4147
2083970
-1
1
13
-525
-1133
4154
2084995
-4
-3
8
-522
-1158
4138
2086020
8
-8
3
-494
-1143
4122
2087045
17
-8
4
-474
-1109
4134
2088070
8
-6
7
-472
-1107
4136
2089095
-5
0
6
-484
-1105
4129
2090120
-8
6
4
-494
-1129
4133
2091145
-1
6
4
-509
-1143
4138
2092170
1
3
7
-512
-1130
4140
2093195
-2
0
10
-522
-1127
4148
2094220
-12
-3
8
-525
-1114
4147
2095245
-24
-6
4
-519
-1126
4140
2096270
-21
-9
2
-508
-1146
4139
2097295
-14
-9
3
-502
-1150
4140
2090111
-9
-9
4
-494
-1137
4130
2091136
-10
-9
1
-491
-1124
4132
2092161
-17
-7
-2
-492
-1124
4131
2093186
-20
-4
-3
-495
-1138
4128
2094211
-16
-3
0
-493
-1160
4133
2095236
-4
-4
2
-496
-1166
4140
2096261
4
-5
4
-499
-1142
4134
2097286
8
-8
5
-501
-1139
4137
2098311
5
-6
3
-497
-1124
4132
2099336
-7
-3
3
-496
-1118
4126
2100361
-12
-2
5
-499
-1133
4139
2101386
-11
-4
9
-497
-1139
4138
2102411
-8
-5
10
-492
-1144
4130
2103436
-10
-5
12
-489
-1138
4127
2104461
-13
-1
10
-494
-1150
4133
2105486
-8
-1
9
-505
-1174
4143
2098304
4
-3
5
-509
-1160
4131
2099329
11
-6
1
-506
-1136
4132
2100354
8
-6
1
-500
-1135
4136
2101379
1
-5
2
-494
-1129
4141
2102404
-8
-5
5
-496
-1132
4135
2103429
-16
-6
4
-506
-1142
4132
2104454
-13
-8
0
-509
-1160
4124
2105479
-7
-8
-2
-504
-1154
4134
2106504
-4
-7
-2
-484
-1141
4135
2107529
-12
-5
0
-485
-1134
4123
2108554
-21
-1
-1
-487
-1134
4125
2109579
-19
1
-1
-503
-1165
4138
2110604
2
-4
-2
-515
-1167
4135
2111629
10
-8
-1
-505
-1128
4144
2112654
-11
-8
1
-499
-1122
4142
2113679
-32
-8
6
-488
-1157
4130
2106496
-24
-5
4
-488
-1200
4120
2107521
15
-7
-1
-494
-1189
4118
2108546
35
-7
-3
-492
-1118
4139
2109571
8
-5
0
-491
-1089
4146
2110596
-33
-3
6
-496
-1138
4136
2111621
-39
-3
7
-495
-1185
4124
2112646
-13
-2
5
-497
-1182
4122
2113671
3
-6
7
-503
-1159
4123
2114696
7
-9
9
-498
-1152
4145
2115721
0
-8
4
-490
-1141
4140
2116746
-1
-4
0
-501
-1149
4116
2117771
7
-5
-2
-504
-1137
4132
2118796
2
-7
3
-493
-1135
4145
2119821
-13
-7
7
-490
-1140
4142
2120846
-25
-5
8
-486
-1176
4124
2121871
-11
-4
6
-495
-1195
4111
2114687
14
-4
0
-510
-1177
4129
2115712
19
-3
-4
-500
-1130
4143
2116737
1
-3
-2
-494
-1125
4134
2117762
-11
-4
1
-497
-1163
4136
2118787
-3
-6
7
-499
-1173
4124
2119812
12
-7
10
-498
-1152
4132
2120837
7
-7
8
-494
-1134
4136
2121862
-7
-6
4
-492
-1144
4126
2122887
-8
-4
3
-486
-1174
4126
2123912
7
-1
3
-485
-1173
4129
2124937
20
-2
5
-487
-1138
4130
2125962
10
-2
7
-494
-1115
4135
2126987
-4
-2
7
-510
-1152
4141
2128012
-8
-2
5
-499
-1164
4135
2129037
1
-2
3
-503
-1163
4136
2130062
2
-5
3
-498
-1138
4138
2122880
-6
-6
3
-491
-1147
4129
2123905
-5
-5
4
-488
-1163
4127
2124930
1
-1
5
-491
-1158
4127
2125955
5
-2
5
-495
-1149
4134
2126980
0
-4
4
-505
-1145
4133
2128005
-3
-5
2
-496
-1150
4132
2129030
-3
-7
3
-501
-1151
4129
2130055
-1
-5
5
-496
-1164
4128
2131080
7
-4
6
-492
-1146
4135
2132105
4
-5
7
-491
-1140
4139
2133130
-3
-4
7
-495
-1152
4134
2134155
-5
-2
4
-494
-1164
4126
2135180
7
-2
0
-496
-1155
4125
2136205
15
-5
-3
-496
-1124
4138
2137230
0
-6
4
-488
-1125
4150
2138255
-23
-5
11
-483
-1146
4146
2131072
-30
-3
11
-494
-1187
4121
2132097
-3
-3
4
-503
-1206
4100
2133122
25
-4
-2
-503
-1149
4127
2134147
15
-5
-5
-500
-1111
4145
2135172
-13
-3
-1
-498
-1132
4132
2136197
-21
0
4
-493
-1165
4125
2137222
-2
-5
5
-494
-1178
4120
2138247
13
-7
8
-496
-1155
4141
2139272
3
-6
10
-495
-1134
4140
2140297
-15
-3
10
-489
-1142
4119
2141322
-15
-1
10
-479
-1166
4112
2142347
7
-1
11
-479
-1167
4127
2143372
20
1
13
-485
-1139
4128
2144397
10
4
15
-494
-1132
4140
2145422
-2
4
15
-510
-1172
4138
2146447
11
3
11
-515
-1198
4125
2139263
35
0
5
-524
-1151
4134
2140288
31
-3
4
-531
-1109
4155
2141313
9
-8
4
-522
-1116
4150
2142338
-4
-14
4
-515
-1146
4134
2143363
-3
-16
2
-496
-1135
4124
2144388
-3
-14
0
-473
-1118
4128
2145413
-10
-8
1
-470
-1133
4134
2146438
-7
-3
0
-488
-1159
4129
2147463
6
-5
-5
-504
-1129
4126
2148488
-1
-5
-11
-489
-1107
4139
2149513
-21
-2
-5
-486
-1130
4134
2150538
-23
-1
-1
-505
-1179
4128
2151563
-3
0
-4
-497
-1186
4131
2152588
10
2
3
-491
-1173
4135
2153613
18
1
9
-499
-1163
4149
2154638
19
0
9
-520
-1157
4136
2147456
31
-6
4
-539
-1133
4141
2148481
27
-16
0
-520
-1081
4140
2149506
-2
-20
2
-477
-1077
4143
2150531
-34
-17
5
-456
-1092
4141
2151556
-58
-11
5
-453
-1136
4118
2152581
-44
-3
0
-471
-1182
4095
2153606
-9
0
-5
-497
-1185
4128
2154631
3
0
-5
-506
-1149
4143
2155656
-4
-3
-4
-511
-1126
4130
2156681
-14
-4
-2
-499
-1109
4132
2157706
-29
-3
1
-485
-1131
4136
2158731
-28
-4
6
-497
-1174
4134
2159756
-23
-8
5
-502
-1153
4129
2160781
-34
-8
1
-495
-1141
4127
2161806
-40
-5
2
-488
-1183
4132
2162831
-21
-5
5
-493
-1220
4127
2155648
14
-5
4
-498
-1197
4125
2156673
27
-6
1
-488
-1133
4138
2157698
7
-4
2
-485
-1134
4131
2158723
-10
-1
4
-491
-1184
4129
2159748
0
0
3
-498
-1203
4132
2160773
16
-1
2
-493
-1161
4136
2161798
15
-5
4
-498
-1149
4142
2162823
5
-6
5
-499
-1162
4138
2163848
5
-4
4
-493
-1170
4130
2164873
15
-2
5
-481
-1165
4122
2165898
23
-3
7
-482
-1150
4133
2166923
23
-5
6
-489
-1143
4134
2167948
17
-3
5
-499
-1139
4131
2168973
8
-3
4
-487
-1130
4133
2169998
-3
-3
4
-481
-1149
4122
2171023
1
-1
5
-498
-1155
4135
2163839
3
-2
7
-503
-1140
4127
2164864
6
-2
4
-504
-1149
4125
2165889
5
-3
3
-490
-1138
4137
2166914
2
1
5
-488
-1156
4120
2167939
14
0
4
-496
-1141
4137
2168964
15
-2
5
-488
-1127
4143
2169989
5
-1
8
-484
-1125
4145
2171014
-14
1
13
-484
-1134
4138
2172039
-28
6
18
-481
-1183
4136
2173064
-3
8
26
-497
-1230
4126
2174089
45
1
22
-519
-1204
4129
2175114
70
-4
11
-518
-1127
4137
2176139
53
-4
9
-509
-1081
4140
2177164
22
-6
11
-507
-1097
4159
2178189
1
-9
7
-498
-1114
4138
2179214
-9
-8
3
-478
-1119
4124
2172032
-11
-4
5
-477
-1114
4130
2173057
-16
0
6
-488
-1125
4130
2174082
-20
4
4
-498
-1139
4123
2175107
-14
8
2
-490
-1149
4114
2176132
10
12
3
-492
-1158
4109
2177157
48
11
3
-506
-1150
4132
2178182
67
5
1
-526
-1122
4144
2179207
38
3
-7
-520
-1090
4143
2180232
29
2
-6
-541
-1087
4159
2181257
7
-3
-4
-530
-1111
4160
2182282
-11
-10
-3
-535
-1143
4162
2183307
-6
-17
-3
-512
-1129
4147
2184332
-4
-19
-1
-497
-1125
4135
2185357
-7
-18
0
-481
-1122
4137
2186382
-11
-14
-1
-473
-1120
4138
2187407
-8
-9
-1
-467
-1130
4125
2180223
7
-7
2
-468
-1125
4130
2181248
11
-3
4
-473
-1082
4143
2182273
-4
2
7
-492
-1092
4135
2183298
-21
2
7
-511
-1113
4145
2184323
-32
0
5
-516
-1149
4145
2185348
-24
-3
2
-528
-1157
4141
2186373
-11
-7
-2
-531
-1144
4149
2187398
-10
-12
-4
-503
-1121
4148
2188423
-18
-13
-1
-487
-1128
4140
2189448
-19
-11
1
-481
-1127
4136
2190473
-19
-8
1
-486
-1139
4118
2191498
-10
-6
-1
-500
-1130
4120
2192523
-14
-4
-3
-506
-1104
4147
2193548
-35
-1
-5
-508
-1118
4140
2194573
-49
1
-4
-506
-1131
4139
2195598
-58
2
-4
-501
-1124
4135
2188678
-59
1
0
-514
-1176
4132
2189703
-23
-11
2
-513
-1215
4137
2190728
-6
-17
4
-497
-1100
4159
2191753
-43
-17
13
-492
-1081
4142
2192778
-44
-19
29
-504
-1200
4128
2193803
-46
-15
29
-468
-1231
4127
2194828
-24
-6
28
-450
-1247
4093
2195853
18
3
23
-436
-1226
4087
2196878
73
14
19
-474
-1195
4109
2197903
102
19
14
-516
-1123
4148
2198928
76
16
10
-554
-1041
4170
2199953
5
6
13
-559
-1047
4161
2200978
-44
-6
19
-554
-1165
4152
2202003
-36
-16
17
-524
-1208
4140
2203028
-13
-19
12
-473
-1170
4124
2204053
-2
-14
8
-459
-1158
4114
2196608
7
-4
1
-468
-1161
4121
2197633
20
5
-7
-485
-1150
4127
2198658
28
7
-7
-516
-1139
4142
2199683
19
2
-3
-532
-1095
4152
2200708
-12
-4
0
-524
-1126
4143
2201733
-29
-8
4
-522
-1166
4135
2202758
-20
-9
10
-521
-1190
4128
2203783
3
-13
11
-500
-1177
4131
2204808
18
-14
7
-464
-1130
4125
2205833
21
-8
4
-453
-1110
4113
2206858
20
0
6
-478
-1105
4128
2207883
5
5
7
-509
-1109
4140
2208908
-17
2
4
-524
-1121
4144
2209933
-33
-3
3
-524
-1164
4142
2210958
-30
-6
2
-516
-1186
4134
2211983
-9
-8
-1
-493
-1168
4135
2204800
2
-7
0
-495
-1127
4134
2205825
-11
-5
2
-507
-1121
4139
2206850
-23
-5
1
-519
-1151
4134
2207875
-17
-8
1
-510
-1173
4125
2208900
-5
-10
1
-494
-1148
4131
2209925
-4
-10
4
-486
-1134
4133
2210950
-11
-7
8
-483
-1153
4132
2211975
-15
-3
8
-488
-1159
4134
2213000
-9
-2
2
-503
-1163
4125
2214025
-7
-1
0
-507
-1143
4132
2215050
-9
0
3
-503
-1153
4130
2216075
-4
-3
5
-502
-1171
4127
2217100
1
-3
4
-499
-1154
4126
2218125
3
-2
2
-504
-1148
4132
2219150
3
-2
1
-508
-1152
4139
2220175
1
-4
1
-517
-1155
4142
2212993
-6
-6
4
-511
-1150
4136
2214018
-14
-7
6
-498
-1158
4138
2215043
-14
-9
7
-491
-1179
4123
2216068
-2
-8
7
-487
-1171
4123
2217093
5
-3
7
-481
-1166
4121
2218118
7
1
5
-493
-1137
4134
2219143
0
2
4
-510
-1140
4139
2220168
-8
2
5
-511
-1160
4134
2221193
-2
-2
8
-502
-1173
4127
2222218
3
-6
11
-496
-1163
4143
2223243
-1
-7
7
-511
-1145
4123
2224268
-3
-6
0
-508
-1138
4127
2225293
-6
-5
-4
-508
-1147
4131
2226318
-6
-4
-4
-499
-1157
4136
2227343
-7
-6
2
-495
-1154
4140
2228368
-10
-8
8
-495
-1150
4133
2221185
-7
-7
8
-498
-1172
4134
2222210
1
-7
6
-500
-1168
4127
2223235
4
-6
2
-488
-1146
4127
2224260
1
-3
3
-484
-1149
4118
2225285
1
-1
4
-479
-1149
4125
2226310
9
-1
3
-488
-1163
4128
2227335
10
2
2
-510
-1139
4131
2228360
0
2
2
-525
-1133
4142
2229385
-17
-2
2
-527
-1155
4145
2230410
-27
-8
1
-521
-1174
4139
2231435
-18
-13
2
-501
-1188
4126
2232460
-3
-13
2
-484
-1170
4125
2233485
3
-10
4
-472
-1139
4126
2234510
-5
-5
7
-485
-1146
4134
2235535
-11
-3
7
-503
-1169
4131
2236560
-7
-4
4
-504
-1177
4131
2229375
-1
-5
3
-494
-1172
4123
2230400
5
-4
3
-485
-1155
4127
2231425
6
-1
5
-484
-1155
4134
2232450
2
0
4
-507
-1157
4139
2233475
-2
-1
0
-522
-1153
4132
2234500
-2
-5
-4
-521
-1168
4132
2235525
2
-7
-7
-517
-1146
4138
2236550
-6
-9
-1
-489
-1145
4139
2237575
-16
-8
6
-469
-1166
4131
2238600
-11
-5
9
-485
-1178
4125
2239625
-3
-5
8
-509
-1172
4124
2240650
0
-6
6
-512
-1166
4127
2241675
-5
-8
3
-497
-1156
4127
2242700
-14
-9
2
-483
-1163
4131
2243725
-7
-5
2
-465
-1199
4121
2244750
16
-1
5
-466
-1182
4111
2237569
33
5
4
-491
-1164
4127
2238594
34
6
3
-521
-1152
4137
2239619
24
3
-3
-534
-1132
4132
2240644
14
-2
-8
-528
-1128
4145
2241669
-1
-8
-5
-516
-1133
4144
2242694
-12
-12
1
-504
-1143
4144
2243719
-22
-13
7
-486
-1150
4140
2244744
-23
-12
10
-496
-1175
4121
2245769
-16
-11
13
-491
-1179
4126
2246794
-7
-9
13
-478
-1200
4112
2247819
14
-4
7
-464
-1185
4120
2248844
32
2
3
-462
-1145
4123
2249869
34
7
4
-487
-1131
4129
2250894
28
10
9
-532
-1122
4147
2251919
15
3
7
-552
-1122
4158
2252944
-8
-8
1
-558
-1109
4161
2245760
-44
-17
-3
-541
-1128
4146
2246785
-58
-22
-6
-495
-1196
4119
2247810
-34
-21
-10
-449
-1208
4104
2248835
0
-13
-12
-448
-1169
4117
2249860
17
-3
-11
-470
-1154
4126
2250885
17
2
-11
-495
-1148
4135
2251910
-1
1
-13
-510
-1155
4140
2252935
-9
-1
-13
-513
-1185
4131
2253960
12
-9
-13
-509
-1187
4123
2254985
31
-11
-14
-478
-1143
4143
2256010
14
-10
-7
-455
-1099
4149
2257035
-21
-3
5
-480
-1135
4138
2258060
-30
-2
10
-503
-1209
4129
2259085
2
-7
5
-508
-1221
4113
2260110
29
-10
-1
-491
-1154
4124
2261135
19
-8
1
-468
-1118
4137
2253952
1
-1
6
-465
-1158
4123
2254977
18
2
5
-468
-1171
4119
2256002
45
4
4
-482
-1140
4128
2257027
42
6
5
-519
-1109
4146
2258052
12
2
4
-523
-1098
4155
2259077
-20
-3
2
-520
-1137
4148
2260102
-27
-8
2
-512
-1160
4129
2261127
-18
-11
4
-485
-1159
4135
2262152
-4
-9
5
-466
-1158
4121
2263177
6
-4
5
-476
-1137
4123
2264202
1
1
5
-490
-1127
4135
2265227
-10
3
3
-505
-1151
4134
2266252
-6
2
0
-509
-1167
4127
2267277
6
-2
-1
-505
-1157
4142
2268302
9
-5
4
-500
-1135
4136
2269327
-1
-5
9
-494
-1137
4135
2262145
-7
-5
9
-482
-1160
4131
2263170
2
-3
5
-490
-1156
4128
2264195
7
-2
3
-502
-1139
4136
2265220
-1
-2
3
-508
-1155
4150
2266245
-8
-5
5
-499
-1162
4137
2267270
-1
-7
4
-486
-1161
4129
2268295
6
-5
4
-485
-1147
4130
2269320
3
-3
9
-495
-1123
4138
2270345
-7
-2
13
-499
-1157
4135
2271370
-3
-3
10
-498
-1169
4127
2272395
9
-3
2
-486
-1128
4132
2273420
12
-3
-1
-496
-1107
4139
2274445
-1
-3
0
-502
-1107
4145
2275470
-23
-3
5
-495
-1143
4148
2276495
-28
-6
7
-499
-1162
4134
2277520
-24
-6
4
-493
-1155
4122
2270336
-17
-3
1
-499
-1177
4120
2271361
4
-3
-6
-494
-1173
4129
2272386
13
-3
-9
-487
-1142
4133
2273411
10
0
-7
-497
-1131
4133
2274436
-3
-3
1
-502
-1126
4142
2275461
-21
-5
7
-512
-1149
4143
2276486
-21
-6
10
-507
-1184
4131
2277511
-4
-9
6
-500
-1186
4124
2278536
10
-10
2
-479
-1154
4131
2279561
13
-7
2
-473
-1139
4133
2280586
6
-1
6
-479
-1130
4136
2281611
-4
3
8
-490
-1144
4130
2282636
1
2
7
-502
-1166
4135
2283661
8
-2
3
-505
-1155
4141
2284686
9
-4
3
-510
-1140
4140
2285711
-2
-6
5
-500
-1138
4143
2278531
-14
-6
6
-495
-1157
4135
2279556
-9
-5
3
-481
-1168
4132
2280581
4
-4
1
-482
-1141
4129
2281606
2
-2
1
-492
-1124
4133
2282631
-13
-1
3
-484
-1122
4145
2283656
-25
-3
4
-496
-1156
4132
2284681
-17
-5
5
-502
-1177
4128
2285706
-1
-5
3
-504
-1159
4133
2286731
-1
-6
3
-500
-1153
4140
2287756
-8
-6
4
-494
-1156
4135
2288781
-9
-5
5
-492
-1170
4127
2289806
-1
-5
6
-497
-1169
4129
2290831
4
-5
8
-490
-1147
4136
2291856
3
-5
8
-505
-1145
4134
2292881
-2
-4
4
-491
-1148
4132
2293906
-4
-3
0
-487
-1139
4127
2286721
-6
-3
-1
-498
-1154
4132
2287746
-2
-3
4
-489
-1167
4135
2288771
2
-3
8
-496
-1164
4140
2289796
-2
-6
8
-504
-1148
4133
2290821
-9
-7
3
-499
-1146
4119
2291846
-9
-7
-1
-496
-1160
4125
2292871
-4
-7
-3
-486
-1148
4136
2293896
-10
-5
-1
-483
-1143
4134
2294921
-11
-4
1
-490
-1159
4128
2295946
-5
-4
3
-488
-1170
4123
2296971
-2
-1
5
-490
-1147
4139
2297996
-12
0
7
-495
-1158
4141
2299021
-15
0
5
-500
-1177
4130
2300046
4
-5
2
-502
-1196
4127
2301071
25
-8
3
-490
-1157
4129
2302096
20
-6
8
-490
-1123
4137
2294913
-4
-3
9
-491
-1128
4140
2295938
-18
-3
8
-496
-1163
4129
2296963
-6
-3
5
-497
-1189
4133
2297988
14
-4
2
-496
-1166
4138
2299013
17
-6
3
-497
-1128
4134
2300038
-2
-6
4
-490
-1118
4139
2301063
-26
-4
6
-495
-1159
4126
2302088
-20
-3
7
-499
-1188
4123
2303113
0
-2
3
-495
-1151
4126
2304138
-1
-3
2
-482
-1126
4133
2305163
-7
-2
2
-504
-1177
4124
2306188
6
-4
2
-505
-1187
4130
2307213
13
-6
0
-494
-1137
4131
2308238
-2
-4
1
-491
-1121
4130
2309263
-17
-3
3
-499
-1171
4133
2310288
