Device = VHR-0009
time_stamp = 1779948282361
sample_rate = 50
Data format = INT16
TYPE = 6-AXIS IMU RAW DATA
23
-10
11
66
-1104
4152
12420225
66
-8
-1
14
-886
4199
12421250
25
-1
-8
-28
-883
4206
12422275
-16
-3
-5
16
-1066
4177
12423300
8
-8
-10
84
-1080
4160
12424325
44
-5
-16
23
-918
4202
12425350
26
-3
-5
-31
-928
4184
12426375
5
-4
-9
48
-1072
4167
12427400
43
-7
-14
77
-1099
4152
12428425
94
-8
-8
-1
-934
4198
12429450
73
-11
2
-30
-832
4216
12430475
9
-6
3
32
-914
4220
12431500
-5
-1
-1
100
-1011
4213
12432525
34
1
8
29
-973
4181
12433550
55
-1
26
-37
-883
4208
12434575
18
-3
21
10
-891
4198
12435600
-1
2
16
75
-1055
4205
12428416
54
4
23
69
-1114
4194
12429441
129
0
27
-34
-853
4221
12430466
108
1
31
-39
-833
4182
12431491
69
8
20
73
-1001
4194
12432516
84
23
41
71
-1111
4275
12433541
219
26
65
66
-1187
4208
12434566
425
25
109
-11
-1160
4184
12435591
569
23
138
-29
-948
4269
12436616
506
36
148
52
-684
4353
12437641
223
70
237
-58
-1083
4172
12438666
212
16
332
39
-1248
4272
12439691
-470
83
535
-234
-1298
4171
12440716
-233
52
514
-123
-1330
4181
12441741
313
24
658
-96
-1607
4203
12442766
863
-7
623
-76
-1022
4281
12443791
934
9
591
48
-256
4368
12436692
389
84
623
44
-41
4408
12437717
-117
137
658
2
-360
4300
12438742
-195
144
633
-41
-584
4172
12439767
12
145
579
-91
-496
4157
12440792
131
131
503
-108
-362
4203
12441817
226
97
441
-121
-266
4207
12442842
223
86
355
-138
-58
4143
12443867
147
84
249
-155
-83
4126
12444892
134
61
145
-196
-19
4114
12445917
83
48
43
-222
-18
4145
12446942
70
26
-70
-211
-37
4189
12447967
47
6
-167
-174
0
4222
12448992
-35
5
-249
-163
-118
4231
12450017
-88
-2
-335
-147
-187
4187
12451042
-116
-2
-396
-154
-256
4199
12452067
-85
-3
-448
-146
-349
4306
12444801
-80
2
-493
-101
-423
4364
12445826
-88
25
-516
-104
-512
4365
12446851
-74
41
-556
-158
-384
4204
12447876
-85
51
-602
-186
-188
4199
12448901
-176
74
-624
-118
-400
4442
12449926
-157
101
-637
-58
-631
4487
12450951
-126
132
-685
-16
-501
4329
12451976
-228
166
-679
-84
-462
4204
12453001
-284
183
-674
-203
-656
4285
12454026
-135
181
-729
-289
-900
4345
12455051
283
157
-824
-229
-1117
4215
12456076
863
97
-887
-55
-683
4121
12457101
1071
55
-864
144
-47
4067
12458126
462
97
-709
-273
242
4211
12459151
-689
193
-648
-617
-1025
4367
12460176
-640
103
-657
64
-2043
4074
12452993
361
-30
-485
111
-712
4000
12454018
161
54
-332
-766
-557
4186
12455043
-282
63
-394
-429
-1479
4171
12456068
-124
-50
-202
-218
-948
4143
12457093
-268
-37
-64
-486
-966
4177
12458118
-259
-24
-22
-320
-1664
4144
12459143
248
-101
85
-359
-1122
4213
12460168
311
-106
172
-361
-765
4286
12461193
145
-90
242
-228
-969
4223
12462218
213
-104
310
-203
-817
4255
12463243
270
-88
381
-141
-862
4413
12464268
312
-60
455
-81
-920
4434
12465293
343
-34
516
-135
-783
4274
12466318
306
-16
563
-178
-609
4238
12467343
245
-12
638
-174
-640
4270
12468368
250
-18
712
-171
-700
4239
12461185
253
-21
761
-204
-579
4199
12462210
209
-19
802
-261
-512
4175
12463235
221
-35
837
-200
-486
4234
12464260
260
-39
875
-120
-344
4370
12465285
280
-26
911
-151
-138
4319
12466310
161
-4
922
-150
-184
4164
12467335
14
18
897
-184
-135
4257
12468360
82
5
886
-149
-94
4406
12469385
190
19
843
-161
-54
4334
12470410
285
-1
788
-130
-76
4079
12471435
192
9
705
-199
511
4175
12472460
-77
19
624
-182
115
4222
12473485
155
-24
560
-232
183
4271
12474510
145
-15
401
-144
548
4366
12475535
-2
-9
310
-136
225
4210
12476560
137
-34
181
-180
572
4189
12469376
37
-18
30
-130
589
4273
12470401
-78
-19
-66
-112
393
4277
12471426
-94
-27
-189
-70
410
4251
12472451
-74
-20
-308
-93
340
4237
12473476
-43
-20
-430
-130
304
4300
12474501
-65
-13
-540
-107
298
4397
12475526
-98
10
-617
-99
215
4388
12476551
-132
30
-700
-141
222
4226
12477576
-200
41
-794
-157
263
4218
12478601
-257
56
-853
-139
77
4330
12479626
-186
78
-919
-132
-107
4313
12480651
69
70
-1014
-91
-187
4287
12481676
243
42
-1085
-39
40
4297
12482701
93
74
-1092
-82
46
4288
12483726
-31
104
-1078
-156
-303
4252
12484751
95
79
-1111
-151
-419
4269
12477567
89
58
-1124
-97
-152
4364
12478592
-270
103
-1045
-57
-346
4370
12479617
-484
153
-909
-271
-877
4199
12480642
-237
136
-861
-538
-1238
4189
12481667
385
21
-906
-112
-828
4191
12482692
534
-22
-748
-40
20
4188
12483717
-174
108
-548
-765
-611
4299
12484742
-308
130
-583
-518
-1886
4233
12485767
695
-95
-483
130
-653
4160
12486792
571
-62
-237
-479
422
4241
12487817
-468
113
-198
-647
-1068
4267
12488842
-467
30
-76
-158
-1377
4189
12489867
-50
-29
148
-543
-765
4313
12490892
34
3
180
-427
-1076
4222
12491917
207
-44
289
-424
-855
4119
12492942
209
-80
387
-398
-386
4261
12485760
10
-48
490
-297
-638
4384
12486785
40
-33
567
-274
-715
4304
12487810
173
-47
633
-273
-524
4217
12488835
230
-50
690
-262
-333
4338
12489860
175
-24
747
-183
-401
4422
12490885
71
0
821
-92
-591
4259
12491910
36
-6
918
-193
-441
4188
12492935
91
-10
992
-315
-334
4259
12493960
118
-14
1001
-275
-435
4203
12494985
101
-35
963
-222
-138
4207
12496010
-108
-39
972
-205
244
4289
12497035
-285
-37
1016
-218
83
4119
12498060
-339
-54
984
-208
-91
4020
12499085
-129
-105
970
-199
-81
4179
12500110
-1
-115
881
-178
259
4424
12501135
100
-130
827
-114
-89
4215
12493952
258
-146
704
-143
713
4216
12494977
-163
-86
595
-20
618
4351
12496002
-227
-81
561
-131
51
4215
12497027
44
-106
367
-133
727
4305
12498052
-172
-73
238
1
574
4400
12499077
-198
-61
127
-47
225
4335
12500102
41
-76
-52
-17
654
4258
12501127
-68
-35
-192
-55
624
4264
12502152
-179
-22
-290
-119
291
4297
12503177
-132
-32
-415
-74
274
4340
12504202
-147
-29
-512
-80
195
4224
12505227
-197
-28
-588
-58
45
4220
12506252
-212
-21
-635
-39
-50
4305
12507277
-221
-5
-674
-116
-97
4324
12508302
-291
4
-714
-147
-154
4240
12509327
-367
17
-724
-166
-253
4252
12502145
-321
24
-709
-96
-626
4275
12503170
-102
15
-689
-53
-749
4267
12504195
99
-2
-691
-47
-450
4243
12505220
63
14
-654
-148
-339
4382
12506245
-171
32
-625
-163
-310
4390
12507270
-454
99
-616
-83
-782
4369
12508295
-328
131
-531
-257
-876
4310
12509320
15
105
-545
-232
-1289
4134
12510345
423
-5
-506
-18
-172
4231
12511370
-231
103
-358
-424
-444
4317
12512395
-546
92
-247
-320
-1716
4042
12513420
53
-48
-178
-8
-1218
4145
12514445
94
-6
40
-450
-838
4331
12515470
-17
12
93
-335
-1836
4099
12516495
447
-114
268
-267
-941
4120
12517520
272
-93
398
-318
-751
4257
12510482
139
-85
486
-181
-1098
4246
12511507
334
-121
567
-185
-742
4287
12512532
385
-103
637
-87
-661
4385
12513557
351
-75
736
-63
-625
4316
12514582
274
-66
786
-36
-308
4268
12515607
163
-30
820
37
-455
4276
12516632
201
-31
839
61
-454
4197
12517657
217
-40
843
0
59
4352
12518682
18
-21
873
-166
136
4270
12519707
-132
-5
809
-197
208
4217
12520732
-137
-9
701
-153
156
4286
12521757
25
-11
590
-103
273
4421
12522782
149
-24
461
-133
294
4152
12523807
135
-37
299
-91
908
4121
12524832
-358
4
201
-35
638
4247
12525857
-328
-31
124
-31
-41
4196
12518528
43
-57
-59
61
356
4272
12519553
15
-35
-163
3
383
4264
12520578
-138
-32
-265
-49
381
4282
12521603
-264
-20
-383
-20
295
4358
12522628
-252
6
-516
-50
147
4363
12523653
-199
18
-654
-56
252
4281
12524678
-258
36
-777
-17
367
4268
12525703
-380
65
-902
6
261
4309
12526728
-416
104
-1011
130
-116
4499
12527753
-337
144
-1046
260
-451
4489
12528778
-132
203
-1029
140
-512
4295
12529803
54
204
-1038
-42
-287
4216
12530828
-139
211
-1070
-30
-95
4366
12531853
-614
275
-1034
-93
-608
4326
12532878
-649
295
-1017
-270
-1570
4032
12533903
114
156
-1105
131
-858
3990
12526719
354
145
-1003
-136
-405
4186
12527744
33
162
-951
-308
-967
4191
12528769
-86
113
-943
7
-1049
4197
12529794
-147
111
-738
-62
-912
4271
12530819
-317
192
-599
-697
-1754
4119
12531844
380
40
-621
-284
-1965
3985
12532869
1043
-148
-416
180
251
4397
12533894
-218
161
-238
-1037
-803
4469
12534919
-590
154
-394
57
-1893
3985
12535944
-7
-6
-33
-419
-681
4177
12536969
-68
44
-34
-441
-1169
4228
12537994
177
-6
12
-244
-1185
4118
12539019
347
-57
114
-361
-597
4227
12540044
176
-36
169
-222
-841
4223
12541069
201
-63
252
-235
-799
4150
12542094
200
-88
317
-238
-758
4131
12534912
209
-112
390
-212
-744
4268
12535937
283
-111
460
-228
-686
4370
12536962
302
-93
511
-229
-762
4265
12537987
217
-96
595
-158
-788
4208
12539012
159
-97
691
-155
-644
4388
12540037
156
-61
748
-181
-603
4497
12541062
146
-14
759
-147
-530
4354
12542087
118
24
795
-108
-554
4290
12543112
217
27
903
-144
-719
4261
12544137
460
1
962
-146
-552
4208
12545162
445
2
982
-112
-205
4108
12546187
173
5
1048
-154
-173
4105
12547212
-15
-2
1104
-228
-209
4341
12548237
167
-19
1119
-191
-487
4291
12549262
398
-21
1032
-151
17
4215
12550287
220
-20
987
-114
561
4267
12543104
-297
25
969
-87
625
4417
12544129
-522
57
949
-172
-379
4206
12545154
34
21
772
-289
178
4198
12546179
83
26
589
-129
567
4310
12547204
52
-2
504
-179
472
4149
12548229
-115
-22
310
-178
1256
4154
12549254
-810
40
189
-100
707
4257
12550279
-765
1
117
-113
-465
4139
12551304
71
-100
-92
-27
138
4168
12552329
206
-96
-241
45
509
4252
12553354
-86
-61
-299
-59
202
4334
12554379
-151
-60
-371
-22
25
4388
12555404
-71
-39
-445
-49
-78
4331
12556429
24
-14
-535
-127
28
4330
12557454
11
2
-623
-196
125
4329
12558479
-47
19
-735
-194
126
4381
12551296
-136
39
-821
-76
61
4353
12552321
-113
62
-843
-16
-172
4258
12553346
94
73
-888
-132
-143
4246
12554371
159
56
-991
-109
81
4287
12555396
-27
73
-1033
4
-11
4377
12556421
-248
103
-1027
-97
-285
4282
12557446
-266
111
-1085
-64
-534
4075
12558471
25
76
-1057
15
-699
4260
12559496
89
61
-989
-211
-550
4348
12560521
-33
53
-1058
-6
-586
4172
12561546
-279
49
-927
-92
-492
4163
12562571
-717
114
-829
-345
-949
4226
12563596
-592
103
-796
-324
-1895
4143
12564621
255
-63
-715
293
-761
4306
12565646
-146
67
-438
-821
-557
4429
12566671
-695
126
-513
-289
-1900
3993
12559488
-73
-43
-324
-130
-942
4182
12560513
-42
20
-170
-593
-890
4424
12561538
-17
41
-210
-193
-1577
4064
12562563
313
-67
2
-353
-579
4174
12563588
26
-25
80
-317
-1002
4299
12564613
110
-54
166
-190
-1166
4216
12565638
321
-78
239
-242
-869
4292
12566663
331
-68
316
-203
-875
4244
12567688
394
-77
402
-250
-728
4229
12568713
350
-77
465
-190
-669
4263
12569738
279
-68
528
-147
-766
4231
12570763
268
-81
596
-144
-784
4121
12571788
318
-104
638
-198
-485
4272
12572813
399
-102
655
-217
-388
4346
12573838
448
-87
654
-114
-405
4289
12574863
431
-76
666
-47
-82
4239
12567679
273
-35
719
-112
28
4377
12568704
98
-6
795
-142
-303
4333
12569729
12
-9
817
-119
-345
4147
12570754
-92
-17
845
-153
-230
4205
12571779
-127
-22
858
-187
-142
4428
12572804
-291
8
838
-117
-121
4410
12573829
-407
16
865
-124
-485
4102
12574854
-185
-5
871
-150
-232
4192
12575879
-81
-7
825
-148
-187
4313
12576904
125
-36
750
-169
-222
4206
12577929
251
-29
641
-122
323
4275
12578954
6
9
583
-56
-86
4272
12579979
317
-53
483
-136
57
4121
12581004
466
-80
295
-26
1031
4229
12582029
-170
10
234
11
606
4370
12583054
-249
-4
178
-93
-209
4282
12575872
180
-49
-11
-23
467
4313
12576897
115
3
-122
-71
470
4317
12577922
-51
14
-211
-169
310
4242
12578947
-200
4
-322
-112
346
4205
12579972
-327
23
-392
-112
34
4276
12580997
-231
17
-462
-144
-130
4266
12582022
-51
0
-541
-135
37
4263
12583047
-54
5
-610
-137
161
4287
12584072
-143
26
-680
-138
106
4279
12585097
-173
43
-755
-105
55
4354
12586122
-145
48
-811
-29
-117
4333
12587147
-86
57
-856
44
-235
4298
12588172
-124
67
-875
35
-195
4262
12589197
-287
75
-882
-57
-140
4138
12590222
-386
92
-943
-83
-126
4162
12591247
-367
109
-948
50
-625
4461
12584064
-241
151
-889
40
-1037
4508
12585089
96
167
-826
-206
-1018
4282
12586114
342
111
-847
-173
-641
4071
12587139
206
79
-770
-264
-265
4149
12588164
-229
100
-699
-116
-531
4340
12589189
-531
156
-550
-373
-1154
4300
12590214
-350
112
-494
-275
-1210
4091
12591239
-93
77
-436
-363
-1030
4071
12592264
20
20
-317
-329
-813
4160
12593289
-198
45
-228
-503
-1127
4141
12594314
-164
-31
-138
-316
-1147
4054
12595339
-114
-77
-20
-376
-990
4038
12596364
-28
-111
62
-227
-1246
4089
12597389
222
-163
199
-256
-1164
4250
12598414
324
-175
300
-294
-987
4335
12599439
337
-167
380
-200
-1000
4276
12592255
392
-163
443
-177
-850
4264
12593280
460
-148
477
-147
-567
4421
12594305
527
-110
528
-91
-438
4547
12595330
612
-41
567
-63
-503
4512
12596355
724
16
568
-49
-294
4400
12597380
690
58
564
-53
119
4340
12598405
411
98
609
-62
110
4288
12599430
62
135
684
-76
-450
4224
12600455
30
136
704
-204
-537
4207
12601480
184
88
661
-218
-16
4209
12602505
130
86
700
-234
8
4205
12603530
-6
82
745
-253
-305
4130
12604555
-94
46
746
-201
-55
4172
12605580
-283
49
763
-200
118
4383
12606605
-309
87
782
-245
-199
4440
12607630
-63
100
718
-296
-344
4361
12600448
286
69
651
-220
115
4270
12601473
242
102
616
-233
494
4239
12602498
-85
115
591
-208
170
4093
12603523
-368
94
552
-227
335
4184
12604548
-629
110
476
-295
2
4250
12605573
-249
43
390
-281
-121
4147
12606598
108
4
266
-251
396
4153
12607623
-36
10
176
-240
237
4138
12608648
-19
-33
81
-239
230
4147
12609673
34
-49
-37
-197
441
4283
12610698
-4
-39
-135
-204
150
4238
12611723
112
-65
-231
-200
110
4165
12612748
237
-85
-330
-194
279
4240
12613773
249
-77
-403
-182
176
4333
12614798
328
-61
-469
-122
-16
4452
12615823
556
-53
-529
-85
42
4394
12608640
644
-47
-593
-171
345
4241
12609665
449
-37
-679
-265
653
4260
12610690
139
-10
-743
-259
410
4418
12611715
-24
20
-789
-221
47
4425
12612740
57
26
-836
-183
126
4267
12613765
89
37
-858
-130
208
4198
12614790
-40
55
-873
-218
270
4271
12615815
-216
59
-895
-221
189
4315
12616840
-366
78
-879
-216
-228
4278
12617865
-319
67
-877
-229
-379
4153
12618890
-210
53
-859
-296
-215
4110
12619915
-169
42
-787
-398
-462
4122
12620940
-17
-9
-799
-247
-604
4181
12621965
102
-47
-700
-481
-592
4211
12622990
215
-134
-716
49
-326
4067
12624015
48
-122
-491
-350
232
4140
12616831
-507
-7
-421
-587
-840
4427
12617856
-415
-53
-374
-131
-1241
4385
12618881
9
-93
-186
-454
-526
4442
12619906
-11
-25
-159
-437
-603
4368
12620931
-44
-5
-65
-423
-784
4270
12621956
-19
-7
36
-378
-733
4368
12622981
40
8
136
-346
-882
4337
12624006
211
-12
238
-325
-742
4219
12625031
280
-27
346
-358
-453
4211
12626056
238
-24
435
-330
-446
4253
12627081
197
-18
520
-243
-665
4295
12628106
222
-26
629
-219
-699
4239
12629131
309
-52
762
-294
-432
4167
12630156
363
-55
859
-318
-186
4330
12631181
233
-17
906
-206
-193
4465
12632206
-31
33
952
-134
-165
4441
12625024
-118
84
997
-203
-30
4494
12626049
23
131
1020
-221
-167
4466
12627074
201
155
991
-208
-59
4333
12628099
77
168
956
-138
284
4263
12629124
-266
204
971
-180
436
4310
12630149
-450
228
1003
-264
-55
4221
12631174
-294
189
932
-312
-83
4026
12632199
-188
120
861
-250
175
3931
12633224
-191
76
872
-281
173
4122
12634249
-48
22
860
-340
1
4125
12635274
222
-52
753
-271
43
3956
12636299
431
-93
618
-270
759
4127
12637324
208
-65
521
-251
827
4283
12638349
12
-68
436
-282
465
4204
12639374
126
-120
274
-211
763
4163
12640399
93
-99
147
-210
746
4310
12633215
19
-82
13
-210
456
4237
12634240
98
-101
-116
-184
623
4252
12635265
41
-100
-212
-163
720
4310
12636290
-99
-80
-292
-196
484
4236
12637315
-112
-80
-396
-195
409
4246
12638340
-96
-69
-481
-220
412
4395
12639365
-109
-46
-563
-201
338
4454
12640390
-85
-22
-650
-193
370
4322
12641415
-114
0
-732
-147
399
4292
12642440
-211
38
-787
-113
218
4436
12643465
-235
76
-845
-100
-44
4417
12644490
-122
100
-875
-149
-154
4254
12645515
51
80
-892
-252
24
4138
12646540
28
50
-917
-272
220
4208
12647565
-212
58
-924
-214
30
4300
12648590
-301
78
-890
-276
-339
4191
12641408
-60
48
-892
-340
-326
4104
12642433
183
1
-898
-272
-144
4218
12643458
118
-5
-849
-269
-297
4315
12644483
-32
4
-817
-343
-186
4218
12645508
-116
18
-787
-309
-396
4153
12646533
-70
-14
-677
-384
-560
4148
12647558
20
-40
-669
-247
-766
4291
12648583
84
-65
-509
-467
-395
4283
12649608
-61
-48
-501
-286
-465
4150
12650633
-193
-37
-318
-478
-476
4169
12651658
-249
-25
-250
-458
-1009
4387
12652683
-26
-64
-131
-378
-857
4421
12653708
38
-46
-12
-456
-732
4309
12654733
33
-35
92
-397
-803
4238
12655758
75
-54
215
-411
-586
4278
12656783
38
-45
328
-389
-653
4333
12649637
69
-43
422
-354
-738
4279
12650662
102
-62
487
-280
-476
4200
12651687
-61
-57
589
-286
-289
4253
12652712
-233
-40
690
-376
-331
4329
12653737
-215
-32
728
-349
-518
4284
12654762
-92
-51
762
-222
-510
4163
12655787
-95
-72
843
-156
-408
4198
12656812
-124
-70
939
-256
-490
4319
12657837
-3
-82
928
-286
-390
4237
12658862
117
-95
897
-171
-369
4235
12659887
297
-83
888
-150
-110
4495
12660912
503
-80
879
-68
-135
4327
12661937
545
-64
870
-78
288
4150
12662962
-32
-2
839
-119
444
4213
12663987
-453
12
838
-169
384
4369
12665012
-528
91
801
-123
-313
4438
12657795
110
16
704
-299
-641
4137
12658820
832
-94
518
-175
940
4236
12659845
239
21
448
-41
1101
4385
12660870
-227
45
465
-261
239
4185
12661895
-143
-16
258
-175
954
4262
12662920
-398
64
122
-98
510
4281
12663945
-68
26
8
-248
170
4202
12664970
275
-43
-242
-62
1085
4310
12665995
-64
20
-328
-92
851
4281
12667020
-251
47
-434
-198
288
4199
12668045
-105
20
-584
-140
242
4227
12669070
2
9
-680
-167
343
4290
12670095
-99
19
-770
-232
325
4194
12671120
-174
18
-853
-187
85
4194
12672145
-28
-6
-903
-86
-122
4210
12673170
100
-28
-946
-92
133
4251
12665984
-52
-14
-968
-130
253
4349
12667009
-299
33
-979
-121
-41
4400
12668034
-251
75
-987
-88
-524
4438
12669059
107
77
-993
-102
-576
4416
12670084
282
62
-1006
-134
-65
4290
12671109
32
91
-982
-182
108
4281
12672134
-271
142
-923
-264
-393
4261
12673159
-269
126
-909
-225
-687
4193
12674184
-197
96
-842
-251
-755
4142
12675209
-221
56
-766
-273
-547
3995
12676234
-428
42
-677
-586
-398
3989
12677259
-446
9
-692
-504
-757
4245
12678284
-158
-57
-598
-90
-960
4272
12679309
-134
-32
-471
-351
-629
4166
12680334
-365
21
-415
-551
-1031
4177
12681359
-230
-57
-306
-165
-1132
4235
12674177
-98
-72
-90
-418
-1006
4394
12675202
-115
-18
-10
-396
-1461
4380
12676227
154
-43
94
-368
-1240
4268
12677252
328
-60
224
-406
-807
4265
12678277
252
-43
341
-364
-972
4257
12679302
255
-64
446
-301
-913
4216
12680327
252
-80
565
-283
-752
4224
12681352
194
-79
676
-292
-707
4232
12682377
112
-82
768
-257
-746
4165
12683402
90
-93
848
-227
-657
4271
12684427
256
-82
921
-267
-508
4423
12685452
479
-57
964
-226
-534
4377
12686477
488
-31
955
-136
-276
4280
12687502
246
6
980
-139
3
4355
12688527
60
50
1033
-192
41
4465
12689552
14
84
1069
-188
-337
4227
12682367
-28
56
1051
-218
19
4019
12683392
-342
51
1016
-223
154
4145
12684417
-358
59
1019
-282
-285
4445
12685442
76
14
912
-246
-233
4320
12686467
325
-27
821
-87
432
4123
12687492
-80
43
776
-128
472
4209
12688517
-118
14
761
-274
-190
4135
12689542
190
-31
574
-215
533
4311
12690567
67
-3
452
-157
290
4253
12691592
264
-70
370
-191
374
4080
12692617
235
-62
188
-148
765
4210
12693642
79
-35
74
-253
597
4247
12694667
68
-68
-97
-192
754
4218
12695692
-22
-74
-249
-125
696
4154
12696717
-18
-73
-388
-155
508
4180
12697742
41
-93
-545
-137
613
4286
12690560
-8
-94
-657
-96
548
4307
12691585
-29
-74
-775
-137
462
4299
12692610
-41
-67
-922
-118
591
4334
12693635
-219
-36
-1018
-25
420
4389
12694660
-361
7
-1074
-38
196
4376
12695685
-357
42
-1145
-35
112
4273
12696710
-280
73
-1195
-55
-126
4219
12697735
-209
61
-1249
-51
-176
4229
12698760
-195
54
-1252
75
-274
4337
12699785
-141
87
-1154
19
-875
4336
12700810
140
73
-1113
-46
-983
4205
12701835
285
26
-1039
-223
-350
4207
12702860
-83
44
-980
-261
-176
4431
12703885
-573
121
-873
-295
-972
4335
12704910
-547
120
-770
-287
-1284
4235
12705935
-256
93
-676
-551
-1130
4126
12698752
145
-4
-656
-177
-711
4044
12699777
32
-21
-445
-307
-253
4298
12700802
-618
128
-346
-699
-1242
4395
12701827
-451
61
-326
-255
-1253
4114
12702852
38
-25
-163
-561
-1003
4050
12703877
317
-88
-173
-95
-525
4205
12704902
61
-27
-21
-606
-518
4352
12705927
-139
-25
-96
-198
-740
4237
12706952
-37
-57
24
-270
-384
4180
12707977
11
-40
18
-264
-645
4254
12709002
130
-54
36
-201
-553
4356
12710027
147
-47
67
-283
-268
4401
12711052
30
-6
62
-228
-495
4272
12712077
66
-6
86
-215
-703
4186
12713102
158
-26
154
-226
-746
4238
12714127
173
-39
256
-282
-850
4241
12706943
181
-58
354
-315
-953
4193
12707968
286
-84
461
-268
-1148
4277
12708993
476
-112
587
-255
-1074
4240
12710018
657
-119
699
-276
-677
4253
12711043
607
-91
826
-265
-549
4307
12712068
518
-54
915
-284
-282
4532
12713093
528
24
956
-296
-142
4685
12714118
598
110
965
-213
-199
4456
12715143
509
147
945
-174
300
4254
12716168
104
208
945
-211
527
4391
12717193
-185
266
949
-208
39
4425
12718218
-98
251
897
-173
-93
4156
12719243
33
206
857
-170
142
3990
12720268
57
172
845
-252
427
4108
12721293
-36
139
845
-192
59
4013
12722318
-59
76
836
-171
-107
3839
12715136
-73
6
821
-229
-90
3926
12716161
157
-67
839
-407
200
4132
12717186
263
-95
802
-337
31
4182
12718211
357
-160
769
-275
39
4059
12719236
369
-183
684
-254
650
4210
12720261
216
-151
624
-245
602
4295
12721286
249
-138
518
-279
659
4387
12722311
267
-124
340
-157
981
4440
12723336
94
-73
206
-80
999
4396
12724361
-30
-32
76
-58
809
4312
12725386
45
-23
-77
-94
856
4261
12726411
75
-27
-237
-29
1027
4245
12727436
-48
-6
-354
-17
927
4266
12728461
-150
10
-451
-71
728
4268
12729486
-168
14
-563
-120
595
4267
12730511
-138
13
-683
-145
542
4277
12723329
-85
13
-800
-170
642
4244
12724354
-141
16
-883
-206
722
4165
12725379
-279
13
-926
-166
415
4080
12726404
-321
11
-988
-119
87
4139
12727429
-125
-11
-1043
-149
-51
4239
12728454
95
-52
-1088
-218
65
4103
12729479
72
-100
-1118
-232
324
3985
12730504
-152
-115
-1098
-139
221
4134
12731529
-294
-105
-1055
-82
-268
4287
12732554
-259
-106
-1004
-55
-523
4375
12733579
-258
-111
-890
-89
-387
4322
12734604
-387
-80
-733
-327
-423
4242
12735629
-515
-65
-678
-131
-740
4233
12736654
-627
-42
-436
-443
-949
4330
12737679
-625
-36
-356
-427
-1074
4304
12738704
-446
-58
-225
-466
-1017
4268
12731521
-244
-70
-132
-458
-917
4381
12732546
-34
-74
-77
-370
-735
4387
12733571
74
-64
-14
-301
-463
4391
12734596
56
-34
56
-232
-505
4369
12735621
90
-10
104
-216
-443
4343
12736646
139
-7
136
-194
-260
4299
12737671
109
-1
160
-182
-211
4261
12738696
95
6
151
-167
-213
4327
12739721
71
23
144
-154
-196
4348
12740746
21
37
148
-176
-146
4235
12741771
17
30
146
-217
-69
4194
12742796
41
21
147
-250
-117
4211
12743821
68
1
137
-246
-129
4177
12744846
95
-20
113
-214
-87
4194
12745871
131
-31
91
-202
-86
4236
12746896
110
-41
65
-176
-40
4191
12739713
23
-50
46
-142
-16
4188
12740738
-12
-48
30
-86
-152
4334
12741763
36
-47
6
-37
-271
4343
12742788
64
-49
-25
19
-215
4270
12743813
-18
-41
-39
61
-256
4253
12744838
-95
-21
-76
35
-188
4345
12745863
-155
14
-79
-74
-263
4327
12746888
-111
5
-72
-42
-240
4344
12747913
-106
26
-74
-21
-176
4388
12748938
-97
47
-61
-73
-223
4349
12749963
-85
48
-77
-60
-185
4256
12750988
-134
43
-67
-106
-181
4234
12752013
-135
29
-32
-186
-257
4191
12753038
-12
-21
-40
91
-328
4193
12754063
-38
15
-43
15
-197
4168
12755088
-205
16
-59
-228
-102
4143
12747905
-133
-53
-18
-132
-427
4180
12748930
108
-65
48
-366
-373
4384
12749955
242
-110
34
-382
92
4310
12750980
14
-57
44
-366
10
4386
12752005
-91
-10
147
-848
-347
4385
12753030
166
-67
142
-873
-221
4222
12754055
281
-55
96
-733
73
4344
12755080
111
8
69
-872
34
4425
12756105
-40
1
37
-916
-267
4212
12757130
53
-47
27
-795
-339
4109
12758155
158
-91
-1
-585
-82
4116
12759180
22
-83
27
-661
-138
4229
12760205
-31
-106
56
-648
-253
4223
12761230
78
-144
59
-472
-233
4122
12762255
77
-150
28
-331
-23
4182
12763280
-117
-122
4
-301
121
4249
12756097
-317
-99
25
-333
-106
4324
12757122
-398
-110
-58
-116
-191
4292
12758147
-331
-73
46
-570
-576
4203
12759172
154
-135
153
-492
-261
4387
12760197
198
-189
59
-118
53
4408
12761222
98
-144
122
-68
-334
4394
12762247
193
-130
40
166
-62
4460
12763272
203
-84
60
-35
-83
4408
12764297
222
-66
5
185
-175
4295
12765322
212
-37
-36
410
-114
4260
12766347
118
-5
-23
293
-102
4381
12767372
-7
4
5
225
-233
4345
12768397
0
15
-36
415
-298
4249
12769422
77
45
-63
466
-216
4286
12770447
76
65
-41
330
-138
4217
12771472
28
67
-31
396
-177
4191
12764288
-59
80
-18
377
-93
4254
12765313
-158
106
-4
191
-267
4256
12766338
-78
91
-32
234
-348
4259
12767363
43
72
-36
332
-86
4254
12768388
-52
85
-2
200
-81
4183
12769413
-137
65
16
108
-257
4254
12770438
-13
26
5
256
-349
4283
12771463
148
20
-8
273
-112
4220
12772488
105
31
2
202
-44
4222
12773513
-25
24
19
224
-146
4223
12774538
-44
9
37
217
-223
4226
12775563
45
-2
52
79
-200
4262
12776588
139
-23
17
135
-51
4283
12777613
129
-28
-22
306
112
4195
12778638
9
-16
-10
109
46
4216
12779663
-11
-30
23
-43
-162
4376
12772479
120
-62
7
113
-180
4247
12773504
226
-74
6
132
17
4232
12774529
213
-57
-9
93
54
4342
12775554
187
-31
12
-78
-74
4350
12776579
212
-26
-2
-66
-96
4268
12777604
197
-15
-26
2
-58
4197
12778629
113
5
-18
-285
90
4212
12779654
46
10
12
-511
-88
4265
12780679
76
-20
-3
-412
-109
4212
12781704
71
-34
-8
-448
119
4198
12782729
20
-43
5
-662
97
4285
12783754
81
-70
14
-723
-20
4281
12784779
186
-85
-4
-627
149
4185
12785804
161
-71
-21
-654
367
4177
12786829
11
-44
-34
-746
232
4302
12787854
-95
-33
-62
-678
55
4289
12780672
-102
-31
-58
-594
-57
4172
12781697
-67
-44
-31
-639
-53
4160
12782722
-47
-53
-9
-566
-55
4263
12783747
-62
-44
22
-469
-105
4185
12784772
-66
-37
37
-524
39
4138
12785797
-111
-41
62
-546
-37
4244
12786822
-89
-48
61
-460
-54
4251
12787847
-51
-41
24
-348
165
4225
12788872
-154
-25
25
-384
185
4211
12789897
-251
-34
22
-284
-28
4225
12790922
-237
-39
21
-151
-72
4331
12791947
-204
-25
13
-168
-53
4378
12792972
-178
-30
-13
-104
-69
4313
12793997
-150
-41
-21
58
-64
4260
12795022
-174
-35
-9
105
-34
4300
12796047
-190
-36
-25
187
-121
4380
12788864
-177
-37
-39
394
-206
4374
12789889
-139
-26
-10
414
-120
4371
12790914
-87
-18
24
388
-244
4410
12791939
5
-15
31
446
-363
4420
12792964
99
-18
15
462
-139
4337
12793989
92
13
10
498
-82
4382
12795014
23
48
17
451
-255
4423
12796039
20
57
7
545
-315
4334
12797064
58
88
15
580
-180
4324
12798089
10
126
29
423
-193
4352
12799114
-31
129
-2
381
-232
4359
12800139
-8
134
-27
477
-230
4364
12801164
15
149
-41
438
-215
4323
12802189
3
141
-50
386
-288
4266
12803214
3
115
-55
459
-333
4276
12804239
76
104
-41
409
-313
4291
12797056
118
95
-47
388
-259
4305
12798081
92
80
-35
406
-259
4228
12799106
108
66
-21
352
-196
4145
12800131
134
62
-36
194
-56
4158
12801156
112
59
-66
114
-115
4221
12802181
76
45
-98
121
-93
4197
12803206
84
28
-88
-24
-47
4154
12804231
95
1
-95
-90
-95
4098
12805256
110
-43
-122
-75
-2
4054
12806281
117
-72
-134
-99
24
4095
12807306
123
-63
-135
-271
5
4224
12808331
105
-79
-131
-427
42
4213
12809356
116
-109
-107
-491
14
4200
12810381
197
-109
-111
-535
95
4247
12811406
181
-78
-135
-669
251
4312
12812431
29
-48
-144
-692
165
4328
12805248
-46
-25
-152
-700
111
4296
12806273
-34
-2
-161
-804
117
4314
12807298
-51
5
-157
-839
-16
4309
12808323
-32
-8
-156
-869
88
4168
12809348
-57
-19
-131
-941
170
4254
12810373
-108
-32
-68
-976
-51
4378
12811398
-46
-65
-61
-797
-84
4266
12812423
55
-70
-53
-616
-19
4216
12813448
60
-38
-23
-595
-13
4274
12814473
-19
-4
15
-506
-54
4254
12815498
-95
22
67
-419
-92
4129
12816523
-105
39
102
-476
-26
4101
12817548
-118
34
117
-473
-51
4138
12818573
-132
23
122
-342
-100
4110
12819598
-88
28
119
-273
-39
4102
12820623
-91
28
135
-328
-65
4151
12813440
-118
1
149
-290
-102
4200
12814465
-137
-29
151
-188
-107
4140
12815490
-119
-50
140
-195
-61
4229
12816515
-79
-70
119
-173
-91
4340
12817540
-32
-96
93
-4
-97
4312
12818565
-29
-117
68
144
14
4258
12819590
-44
-97
69
133
-99
4343
12820615
53
-88
71
163
-208
4404
12821640
144
-93
49
300
-21
4389
12822665
72
-67
24
375
12
4325
12823690
-54
-32
-3
391
-82
4365
12824715
-144
-16
3
438
-169
4396
12825740
-160
-5
32
454
-369
4308
12826765
-25
-25
-3
460
-351
4296
12827790
145
-52
-50
587
-98
4470
12828815
86
-24
15
594
-44
4446
12821631
-52
15
98
454
-208
4345
12822656
-48
11
108
307
-213
4316
12823681
63
-7
81
323
-174
4324
12824706
138
-9
44
399
-27
4325
12825731
95
26
43
354
-85
4318
12826756
8
43
28
321
-124
4241
12827781
-7
35
11
354
-93
4249
12828806
29
47
5
373
-161
4339
12829831
58
66
-3
292
-157
4325
12830856
39
55
-15
293
-177
4163
12831881
25
30
-10
242
-131
4131
12832906
86
14
-19
187
-94
4250
12833931
167
14
-33
221
-139
4340
12834956
158
25
-58
282
-3
4252
12835981
24
50
-55
205
75
4193
12837006
-62
69
-49
91
-62
4184
12829824
-48
85
-86
191
-106
4157
12830849
-109
122
-105
166
-64
4088
12831874
-205
135
-69
-232
-68
3995
12832899
-108
70
-45
-446
-185
4008
12833924
85
-30
-42
-367
-42
4082
12834949
125
-58
-44
-384
204
4223
12835974
4
-25
-29
-575
126
4362
12836999
-27
-17
-19
-640
-8
4365
12838024
22
-28
-22
-573
57
4342
12839049
32
-20
-6
-709
100
4411
12840074
44
-17
-14
-759
-52
4443
12841099
92
-15
-51
-571
53
4398
12842124
10
30
-61
-449
140
4313
12843149
-129
70
-23
-692
18
4382
12844174
-164
56
9
-885
-145
4420
12845199
-58
9
36
-803
-179
4289
12838016
89
-20
58
-680
-53
4201
12839041
128
-22
93
-762
92
4279
12840066
59
-25
108
-716
80
4355
12841091
-23
3
113
-617
-21
4320
12842116
-4
36
118
-620
-1
4287
12843141
-12
39
137
-715
34
4229
12844166
-43
26
130
-610
-46
4171
12845191
-2
23
109
-443
-19
4157
12846216
-10
38
91
-403
60
4189
12847241
-34
39
111
-433
-54
4239
12848266
32
-1
134
-386
-58
4196
12849291
57
-35
95
-196
135
4207
12850316
-51
-29
59
-104
52
4309
12851341
-119
-11
35
-90
-239
4381
12852366
-47
-30
29
5
-173
4236
12853391
17
-61
39
90
-17
4098
12846208
-59
-83
21
163
22
4118
12847233
-113
-89
-3
308
-170
4295
12848258
-57
-91
15
350
-215
4287
12849283
45
-99
35
382
-109
4223
12850308
105
-115
18
446
-3
4205
12851333
91
-106
-16
585
-8
4264
12852358
76
-83
0
651
-212
4297
12853383
100
-88
36
639
-272
4250
12854408
105
-94
52
608
-54
4201
12855433
106
-76
77
454
-115
4332
12856458
91
-68
51
509
-193
4404
12857483
88
-53
29
557
-54
4348
12858508
54
-24
39
433
-21
4310
12859533
15
-4
33
358
-114
4363
12860558
44
5
9
478
-59
4391
12861583
48
53
13
485
-51
4425
12854400
-16
87
25
243
97
4425
12855425
-49
98
-8
187
99
4367
12856450
21
113
-71
319
46
4333
12857475
53
152
-143
368
135
4332
12858500
-62
181
-136
155
-66
4298
12859525
-118
157
-126
96
-308
4187
12860550
-8
124
-147
243
-143
4142
12861575
23
138
-126
146
-5
4167
12862600
-28
157
-66
-142
-45
4241
12863625
-45
133
-29
-175
-209
4162
12864650
32
91
-21
-198
-51
4127
12865675
89
77
-33
-320
93
4218
12866700
121
75
-26
-447
-18
4240
12867725
142
52
-48
-422
152
4125
12868750
32
53
-63
-501
320
4142
12869775
-86
65
-53
-789
173
4284
12862835
-50
41
-72
-833
10
4251
12863860
51
-6
-76
-715
37
4133
12864885
81
-35
-68
-814
277
4124
12865910
3
-58
-58
-994
281
4199
12866935
-84
-87
-60
-938
-6
4202
12867960
-40
-115
-84
-819
46
4207
12868985
-18
-116
-82
-830
104
4209
12870010
-42
-119
-70
-839
10
4191
12871035
-40
-132
-67
-682
46
4204
12872060
-85
-123
-34
-596
3
4211
12873085
-113
-111
-8
-636
-55
4270
12874110
-87
-123
23
-615
-123
4235
12875135
-13
-144
64
-547
-49
4170
12876160
34
-141
72
-425
21
4292
12877185
7
-109
84
-397
-33
4415
12878210
-22
-87
86
-308
-64
4373
12870784
-15
-75
117
-309
-30
4329
12871809
-25
-67
112
-229
-45
4330
12872834
-8
-61
115
-173
-108
4391
12873859
20
-55
111
-49
-69
4392
12874884
-11
-39
106
20
-17
4306
12875909
-63
-30
95
-54
-1
4297
12876934
-47
-44
60
57
-125
4308
12877959
60
-60
26
263
-9
4262
12878984
42
-47
34
310
151
4285
12880009
-98
-36
47
271
-33
4266
12881034
-73
-65
14
360
-185
4271
12882059
100
-74
-23
552
-254
4305
12883084
209
-51
-33
688
-95
4365
12884109
138
-8
7
635
36
4361
12885134
19
19
56
538
-103
4299
12886159
-15
25
53
598
-193
4315
12878976
5
36
37
544
-47
4291
12880001
-13
49
30
407
-66
4253
12881026
-8
31
11
441
-101
4197
12882051
31
13
-7
510
-91
4155
12883076
38
27
-25
532
-87
4190
12884101
-31
48
-25
431
-21
4232
12885126
-102
62
0
337
-123
4239
12886151
-35
62
8
279
-107
4223
12887176
28
75
-1
135
11
4199
12888201
-1
81
-31
70
109
4232
12889226
-62
70
-42
63
2
4260
12890251
-31
48
-42
45
-83
4292
12891276
47
42
-52
81
31
4275
12892301
51
60
-42
-6
84
4282
12893326
-3
74
-47
-27
17
4284
12894351
-17
86
-56
-24
126
4299
12887168
-38
108
-21
-203
103
4347
12888193
-38
100
12
-348
-71
4339
12889218
-2
71
18
-285
-23
4267
12890243
33
69
38
-374
113
4220
12891268
72
76
52
-629
197
4257
12892293
76
57
63
-785
71
4218
12893318
49
20
45
-802
83
4141
12894343
33
-3
26
-848
155
4169
12895368
-2
-14
13
-943
76
4204
12896393
7
-38
-13
-860
50
4173
12897418
3
-54
-9
-751
95
4145
12898443
-48
-47
0
-763
119
4180
12899468
-110
-44
-8
-762
106
4209
12900493
-149
-53
-12
-691
29
4152
12901518
-189
-57
-18
-599
11
4115
12902543
-224
-66
-12
-600
9
4172
12895361
-206
-83
5
-575
-136
4240
12896386
-107
-103
0
-471
-90
4252
12897411
-42
-96
-23
-342
72
4319
12898436
-79
-56
-38
-347
68
4365
12899461
-183
-29
-71
-245
-18
4299
12900486
-266
-27
-63
-156
-166
4254
12901511
-204
-32
-32
-92
-378
4315
12902536
-31
-52
-5
17
-327
4301
12903561
53
-68
36
131
-172
4259
12904586
-14
-61
59
164
-115
4259
12905611
-77
-50
51
130
-176
4336
12906636
-71
-56
15
282
-269
4322
12907661
-54
-61
-4
400
-211
4257
12908686
-70
-62
9
339
-203
4278
12909711
-66
-92
16
351
-266
4254
12910736
-16
-117
14
506
-259
4295
12903552
12
-106
17
551
-273
4372
12904577
31
-91
22
452
-290
4346
12905602
100
-88
23
504
-293
4290
12906627
156
-73
19
674
-190
4331
12907652
113
-10
24
586
-91
4478
12908677
66
54
16
555
-242
4490
12909702
108
97
-10
578
-229
4358
12910727
146
129
-49
531
18
4312
12911752
7
149
-67
489
-26
4257
12912777
-149
138
-27
351
-323
4248
12913802
-39
76
5
326
-250
4247
12914827
199
33
27
317
-130
4203
12915852
261
31
-9
381
-58
4275
12916877
134
60
-52
320
123
4290
12917902
-60
86
-30
172
-44
4235
12918927
-32
84
-8
118
-150
4298
12911743
171
109
-35
252
-230
4293
12912768
259
154
-77
109
65
4217
12913793
68
168
-57
-327
179
4188
12914818
-125
126
-18
-426
-148
4170
12915843
-27
52
-18
-359
-173
4169
12916868
109
-2
-18
-446
0
4230
12917893
141
-28
-11
-593
7
4210
12918918
193
-56
-13
-614
98
4187
12919943
158
-63
-15
-555
190
4222
12920968
16
-38
-16
-695
172
4305
12921993
-48
-33
-21
-790
19
4308
12923018
47
-42
-46
-736
-7
4210
12924043
99
-45
-55
-706
179
4179
12925068
-41
-27
-28
-867
177
4269
12926093
-144
-30
-25
-910
-34
4298
12927118
-56
-53
-46
-777
-59
4212
12919936
16
-57
-35
-692
30
4210
12920961
-50
-41
-6
-725
44
4274
12921986
-121
-33
18
-695
-80
4270
12923011
-96
-48
37
-588
-80
4209
12924036
-119
-45
53
-536
-11
4183
12925061
-193
-38
64
-634
7
4179
12926086
-238
-63
57
-660
-12
4167
12927111
-207
-105
49
-552
-79
4193
12928136
-87
-110
29
-269
-300
4344
12929161
34
-79
42
-248
-173
4376
12930186
23
-55
90
-288
-153
4287
12931211
-14
-52
119
-163
-228
4254
12932236
-19
-54
110
-89
-14
4277
12933261
-107
-38
105
-66
-59
4327
12934286
-145
-38
99
15
-221
4351
12935311
-91
-55
89
192
-209
4285
12928128
-29
-58
78
344
-190
4258
12929153
-10
-53
74
297
-19
4312
12930178
-36
-60
87
316
-100
4304
12931203
-1
-82
85
431
-200
4311
12932228
44
-78
48
631
-124
4420
12933253
44
-11
48
702
-261
4404
12934278
92
18
80
558
-216
4314
12935303
93
3
108
563
-124
4249
12936328
76
0
121
550
-97
4271
12937353
80
9
101
488
-131
4354
12938378
117
12
68
452
-126
4345
12939403
156
18
25
529
-28
4262
12940428
95
44
-4
572
-24
4253
12941453
-19
64
-16
523
-130
4277
12942478
-51
57
0
469
-330
4227
12943503
100
29
14
495
-286
4163
12936319
196
22
3
536
-83
4168
12937344
98
44
13
467
-103
4162
12938369
30
37
52
306
-204
4172
12939394
134
-4
64
288
-167
4108
12940419
219
-19
26
361
-224
4010
12941444
89
23
-102
442
-79
3975
12942469
-252
81
-115
37
19
3980
12943494
-439
65
-17
-407
-390
3986
12944519
-178
-56
25
-299
-431
4085
12945544
205
-153
66
-228
44
4340
12946569
334
-159
68
-343
422
4607
12947594
268
-127
83
-502
332
4666
12948619
223
-125
81
-445
246
4650
12949644
163
-131
122
-331
175
4715
12950669
197
-114
161
-331
54
4645
12951694
360
-96
143
-384
145
4462
12944512
353
-82
111
-330
374
4358
12945537
144
-40
128
-296
318
4327
12946562
24
7
161
-470
210
4321
12947587
22
32
161
-656
197
4208
12948612
29
31
124
-719
219
4121
12949637
44
25
95
-744
262
4137
12950662
51
22
83
-778
310
4178
12951687
48
17
64
-713
201
4142
12952712
16
8
37
-619
220
4016
12953737
-72
17
12
-606
247
4051
12954762
-154
20
-3
-507
62
4167
12955787
-164
13
-3
-331
-36
4124
12956812
-171
18
14
-287
43
4143
12957837
-216
31
24
-376
124
4261
12958862
-226
34
-1
-325
82
4280
12959887
-184
40
-42
-102
45
4324
12952705
-217
53
-54
-59
171
4315
12953730
-327
60
-46
-147
103
4316
12954755
-320
37
-72
14
-119
4319
12955780
-200
10
-90
217
-145
4261
12956805
-146
-5
-100
286
37
4211
12957830
-210
-14
-69
246
-9
4252
12958855
-235
-52
-44
333
-220
4233
12959880
-126
-94
-45
554
-269
4219
12960905
38
-101
-35
657
-288
4298
12961930
161
-96
-28
564
-159
4324
12962955
174
-100
-24
652
-24
4299
12963980
72
-81
-11
799
-39
4301
12965005
-39
-34
-6
832
-111
4380
12966030
-63
5
19
789
-276
4328
12967055
31
10
38
727
-210
4257
12968080
79
14
36
713
-54
4221
12960896
39
29
28
589
-37
4245
12961921
11
29
9
532
-156
4251
12962946
56
10
-11
539
-62
4202
12963971
40
25
-49
580
-45
4168
12964996
-71
69
-116
559
-30
4204
12966021
-179
97
-152
468
-96
4181
12967046
-162
86
-95
327
-311
4195
12968071
-5
50
-48
300
-242
4217
12969096
78
38
-40
272
-68
4244
12970121
43
48
-47
141
-39
4309
12971146
20
46
-17
-81
-103
4350
12972171
120
21
12
-135
-100
4358
12973196
165
21
-6
-110
22
4291
12974221
35
54
-56
-233
60
4294
12975246
-71
46
-49
-439
-85
4435
12976271
33
9
-18
-403
-246
4311
12969088
223
0
-20
-379
39
4221
12970113
132
28
-23
-541
321
4279
12971138
-110
41
47
-836
78
4317
12972163
-54
-7
97
-868
-140
4267
12973188
177
-53
93
-836
94
4244
12974213
182
-41
32
-867
341
4340
12975238
-18
4
-17
-970
200
4353
12976263
-72
17
-39
-937
3
4308
12977288
-28
10
-42
-782
55
4193
12978313
-67
24
-26
-840
103
4228
12979338
-166
25
-31
-865
20
4253
12980363
-228
-1
-37
-820
-137
4153
12981388
-216
-42
-62
-714
-22
4087
12982413
-272
-57
-67
-734
27
4133
12983438
-317
-77
-76
-653
-129
4191
12984463
-235
-115
-101
-337
-222
4098
12977280
-120
-114
-124
-27
-171
4188
12978305
-154
-77
-135
107
-33
4328
12979330
-275
-32
-127
389
-300
4402
12980355
-257
17
-90
796
-639
4401
12981380
-192
59
-49
822
-277
4289
12982405
-271
75
2
580
-4
4172
12983430
-345
48
27
745
-314
4284
12984455
-441
32
30
890
-300
4349
12985480
-666
42
23
796
-263
4193
12986505
-696
24
39
588
-641
4077
12987530
-320
-61
61
293
-892
4108
12988555
205
-139
65
302
-483
4290
12989580
319
-118
102
278
-255
4306
12990605
193
-77
139
86
-321
4341
12991630
117
-49
83
51
-216
4435
12992655
71
-2
23
0
-289
4363
12985472
72
12
-23
-32
-349
4316
12986497
39
4
-17
-55
-361
4360
12987522
21
9
0
-71
-478
4335
12988547
97
5
-7
-17
-512
4194
12989572
155
1
8
5
-458
4206
12990597
147
-2
74
-28
-531
4350
12991622
144
8
127
9
-615
4346
12992647
175
21
169
40
-608
4217
12993672
171
21
212
-21
-450
4178
12994697
147
5
272
-96
-458
4264
12995722
188
-7
333
8
-684
4342
12996747
263
-15
408
89
-674
4284
12997772
292
-7
510
23
-451
4340
12998797
284
-4
634
-106
-553
4283
12999822
358
-36
695
-80
-478
4204
13000847
340
-58
766
42
-205
4310
12993664
314
-42
888
46
-146
4396
12994689
467
-19
955
-43
-207
4215
12995714
686
-39
937
-37
-43
4037
12996739
681
-55
882
22
395
4193
12997764
424
-24
834
169
391
4256
12998789
257
37
786
145
181
4287
12999814
248
58
689
93
231
4267
13000839
303
74
582
46
487
4357
13001864
177
121
475
46
530
4335
13002889
41
119
375
-17
361
4248
13003914
41
97
245
1
621
4229
13004939
-41
119
75
-2
624
4144
13005964
60
60
-44
-106
762
4119
13006989
72
-6
-171
43
956
4137
13008014
-104
-24
-266
88
727
4105
13009039
-178
-54
-406
61
822
4130
13001855
-218
-80
-552
71
844
4179
13002880
-191
-97
-660
145
617
4290
13003905
-171
-105
-768
308
437
4229
13004930
-262
-82
-843
246
469
4221
13005955
-460
-60
-877
117
380
4319
13006980
-521
-60
-887
48
194
4328
13008005
-393
-77
-931
136
-12
4190
13009030
-211
-97
-973
177
-147
4225
13010055
-96
-102
-988
103
-71
4423
13011080
-45
-110
-982
200
-81
4448
13012105
4
-102
-965
286
-59
4320
13013130
1
-86
-949
212
29
4199
13014155
-51
-71
-940
148
-164
4214
13015180
9
-81
-951
193
-191
4364
13016205
35
-60
-950
279
-100
4412
13017230
-34
-5
-891
229
-252
4296
13010048
-127
16
-830
181
-342
4183
13011073
-235
16
-732
72
-443
4212
13012098
-187
12
-607
-29
-827
4310
13013123
87
-26
-500
-56
-991
4182
13014148
315
-76
-401
-49
-630
4059
13015173
188
-66
-264
-69
-428
4249
13016198
-66
-13
-103
-166
-839
4332
13017223
-75
-3
7
-231
-1039
4238
13018248
96
-29
73
-207
-760
4164
13019273
180
-38
176
-198
-554
4153
13020298
111
-30
303
-231
-565
4181
13021323
72
-37
417
-175
-686
4255
13022348
185
-53
510
-112
-429
4280
13023373
285
-27
571
-71
-292
4223
13024398
364
6
639
58
-531
4295
13025423
475
33
703
191
-261
4473
13018241
487
106
776
227
74
4445
13019266
435
187
855
195
49
4343
13020291
333
215
919
235
-17
4352
13021316
220
226
1012
235
53
4534
13022341
337
261
1062
193
124
4500
13023366
561
288
1071
166
138
4368
13024391
549
277
1072
161
329
4139
13025416
225
266
1099
67
441
4163
13026441
65
254
1116
-60
480
4231
13027466
230
216
1112
-27
272
4135
13028491
356
145
1087
2
276
3956
13029516
242
72
1052
-22
737
4053
13030541
39
50
1048
14
842
4131
13031566
14
38
1020
17
585
4121
13032591
95
-8
926
88
495
4042
13033616
151
-32
809
73
834
4125
13026431
194
-29
720
46
907
4153
13027456
205
-47
625
-16
930
4093
13028481
73
-83
476
69
1196
4048
13029506
-183
-69
307
123
1318
4075
13030531
-318
-42
146
91
1093
4188
13031556
-217
-45
-29
81
996
4280
13032581
-31
-56
-222
247
1090
4256
13033606
6
-41
-369
293
1209
4230
13034631
-144
-26
-493
197
1149
4238
13035656
-296
-37
-610
171
980
4305
13036681
-278
-56
-723
254
902
4263
13037706
-233
-76
-831
259
860
4075
13038731
-328
-118
-919
103
880
4045
13039756
-481
-161
-1024
136
845
4178
13040781
-515
-166
-1110
359
510
4194
13041806
-380
-144
-1166
316
184
4100
13034624
-138
-169
-1189
144
-42
4229
13035649
51
-233
-1231
189
266
4316
13036674
-47
-221
-1267
287
516
4091
13037699
-300
-165
-1274
251
314
4078
13038724
-559
-114
-1253
234
-152
4168
13039749
-566
-96
-1237
157
-234
4215
13040774
-478
-100
-1204
245
-289
4164
13041799
-444
-105
-1070
251
-651
4109
13042824
-358
-135
-917
217
-529
4086
13043849
-374
-162
-753
232
-267
4081
13044874
-438
-159
-544
160
-655
4150
13045899
-323
-178
-412
116
-919
4271
13046924
-63
-191
-376
130
-742
4319
13047949
167
-178
-330
95
-516
4171
13048974
233
-162
-270
81
-168
4298
13049999
-35
-103
-126
212
-271
4677
13042816
-407
30
17
124
-632
4784
13043841
-289
116
36
36
-756
4600
13044866
129
111
-8
53
-231
4286
13045891
174
105
-22
43
244
4220
13046916
15
118
6
27
115
4283
13047941
-99
87
43
32
-117
4268
13048966
-133
51
19
180
-174
4241
13049991
21
35
-3
157
8
4149
13051016
94
14
-1
21
125
4203
13052041
-54
-1
-1
107
-133
4315
13053066
-94
1
-10
226
-258
4349
13054091
9
5
0
124
-155
4213
13055116
68
-5
-3
47
-39
4177
13056141
25
-10
-1
132
-88
4297
13057166
-38
-5
1
175
-136
4275
13058191
-21
10
-10
175
-145
4283
13051008
15
20
13
98
-214
4296
13052033
46
-1
17
109
-111
4197
13053058
53
-11
19
176
-61
4180
13054083
33
-4
21
99
-18
4278
13055108
-43
3
14
75
-71
4335
13056133
-41
2
15
123
-134
4247
13057158
37
-10
18
123
-63
4186
13058183
22
-17
13
93
-47
4257
13059208
-11
-14
6
125
-140
4310
13060233
-10
-9
9
140
-126
4242
13061258
-12
-4
2
107
-14
4216
13062283
-36
1
4
80
-44
4300
13063308
-56
-1
11
104
-121
4277
13064333
-43
-9
17
125
-106
4229
13065358
1
-15
5
100
-73
4209
13066383
3
-23
-6
81
-14
4262
13059200
-59
-25
2
157
-72
4289
13060225
-39
-15
3
183
-47
4270
13061250
-24
-5
5
80
-81
4227
13062275
-36
-16
-5
70
-49
4268
13063300
-23
-21
-6
171
-14
4304
13064325
-11
-5
7
177
-85
4273
13065350
-14
14
-5
126
-69
4311
13066375
-67
27
-1
90
-106
4281
13067400
-90
26
6
113
-233
4230
13068425
-21
21
-9
152
-125
4287
13069450
-13
35
0
71
-63
4315
13070475
-39
39
18
34
-133
4274
13071500
-40
24
25
124
-175
4231
13072525
17
18
24
125
-137
4237
13073550
11
12
18
70
-103
4250
13074575
-33
3
14
69
-166
4234
13067392
13
-1
2
158
-71
4274
13068417
-4
16
10
109
-47
4307
13069442
-91
28
15
39
-163
4257
13070467
-73
9
8
77
-176
4207
13071492
18
-11
14
111
-150
4207
13072517
40
-15
2
79
-46
4253
13073542
-24
-13
0
109
-92
4259
13074567
-11
-13
10
84
-101
4249
13075592
43
-25
11
-1
-48
4253
13076617
39
-37
-6
19
-38
4325
13077642
16
-42
-25
129
-18
4345
13078667
6
-23
-45
86
31
4284
13079692
-26
-12
-69
-56
64
4278
13080717
-80
-16
-96
-16
-29
4317
13081742
-56
-18
-123
14
-54
4276
13082767
-51
-16
-153
-73
115
4296
13075781
-115
-20
-154
-286
-30
4353
13076806
-71
-69
-153
-420
-189
4334
13077831
102
-122
-203
-203
-75
4379
13078856
148
-108
-250
-122
99
4372
13079881
39
-67
-296
-197
138
4321
13080906
-61
-46
-348
-8
-101
4266
13081931
-10
-44
-369
177
-161
4253
13082956
22
-47
-379
320
-190
4189
13083981
-15
-67
-336
372
-298
4148
13085006
-48
-106
-335
638
-176
4048
13086031
-141
-109
-337
847
-97
4035
13087056
-219
-55
-305
1047
-612
4190
13088081
-54
-20
-208
972
-936
4023
13089106
278
-67
-50
894
-690
4031
13090131
294
-76
130
727
-228
4205
13091156
73
-17
192
605
-440
4287
13083776
58
16
122
535
-139
4338
13084801
18
64
108
385
80
4468
13085826
-49
109
138
421
-364
4373
13086851
60
95
172
368
-295
4259
13087876
91
67
221
223
-150
4252
13088901
149
61
241
193
-315
4351
13089926
263
69
196
247
-22
4396
13090951
174
106
190
146
104
4320
13091976
34
123
228
-96
-7
4246
13093001
59
102
224
-125
-43
4293
13094026
106
96
203
-54
55
4350
13095051
82
116
171
-177
227
4364
13096076
41
116
161
-365
118
4354
13097101
109
71
127
-350
115
4285
13098126
130
45
86
-274
407
4315
13099151
-20
68
70
-304
285
4386
13091969
-82
76
38
-395
108
4370
13092994
6
50
-7
-329
128
4253
13094019
56
37
-29
-266
172
4178
13095044
9
34
-36
-322
226
4229
13096069
-75
27
-50
-321
152
4219
13097094
-84
12
-64
-270
90
4144
13098119
-61
-8
-73
-312
189
4145
13099144
-25
-36
-48
-412
66
4216
13100169
121
-102
-33
-364
-9
4274
13101194
291
-151
-67
-61
149
4315
13102219
240
-122
-121
47
367
4276
13103244
-17
-68
-173
-100
372
4257
13104269
-259
-50
-229
73
58
4246
13105294
-341
-43
-241
246
-156
4100
13106319
-236
-50
-204
82
-192
4097
13107344
-25
-120
-179
78
-270
4117
13100160
152
-191
-211
455
-135
4150
13101185
117
-158
-205
692
-32
4161
13102210
-5
-86
-136
511
-197
4180
13103235
12
-71
-106
549
-335
4165
13104260
54
-71
-85
738
-158
4191
13105285
-49
-17
-10
751
-319
4315
13106310
-24
17
75
588
-557
4212
13107335
164
-24
143
586
-294
4150
13108360
202
-40
181
701
-92
4175
13109385
54
-8
200
617
-90
4354
13110410
-140
41
178
619
-128
4474
13111435
-222
87
179
564
-148
4304
13112460
-167
107
159
534
-169
4260
13113485
-103
106
145
434
-95
4303
13114510
-59
84
170
270
-121
4306
13115535
76
41
181
316
-108
4324
13108352
176
34
160
385
160
4317
13109377
33
71
144
168
262
4273
13110402
-92
61
128
-14
63
4352
13111427
-1
25
97
133
-22
4374
13112452
99
40
83
126
163
4259
13113477
57
61
87
-174
275
4283
13114502
-1
36
90
-293
157
4384
13115527
66
2
87
-300
146
4366
13116552
149
-12
62
-347
348
4296
13117577
88
2
17
-398
378
4347
13118602
32
12
-27
-417
239
4398
13119627
69
12
-83
-275
180
4302
13120652
84
16
-99
-234
280
4235
13121677
-27
33
-82
-320
226
4220
13122702
-120
29
-72
-348
42
4235
13123727
-54
6
-74
-181
-47
4251
13116543
75
7
-25
-249
-23
4159
13117568
198
-3
6
-368
55
4185
13118593
203
-18
-16
-254
178
4237
13119618
62
0
-43
-179
287
4153
13120643
-100
18
-51
-245
144
4110
13121668
-118
-13
-70
-215
-44
4144
13122693
-12
-70
-113
-34
72
4144
13123718
27
-99
-143
85
133
4151
13124743
-37
-103
-160
106
-12
4135
13125768
-63
-133
-181
232
-61
4098
13126793
-25
-165
-176
437
-89
4107
13127818
22
-162
-184
606
-75
4175
13128843
61
-132
-174
649
-174
4207
13129868
138
-129
-135
687
-143
4211
13130893
141
-130
-71
741
76
4259
13131918
-38
-84
-21
780
95
4248
13124737
-204
-15
-3
728
-71
4334
13125762
-213
38
-26
683
-25
4352
13126787
-197
65
-23
538
-33
4312
13127812
-152
60
-13
437
-158
4304
13128837
-99
34
-24
460
-60
4264
13129862
-124
28
-10
511
-102
4253
13130887
-149
38
-5
489
-155
4298
13131912
-137
45
0
399
-201
4380
13132937
-90
48
21
420
-279
4369
13133962
-27
63
32
412
-111
4322
13134987
-55
105
38
288
7
4293
13136012
-124
123
48
103
-76
4339
13137037
-122
107
58
71
-102
4419
13138062
-88
116
58
96
-19
4341
13139087
-110
148
47
-54
89
4258
13140112
-182
161
49
-246
66
4265
13132928
-180
129
76
-330
-156
4234
13133953
-9
73
89
-340
-127
4214
13134978
143
30
102
-414
-6
4220
13136003
202
4
93
-418
47
4252
13137028
176
-7
74
-434
147
4274
13138053
77
-4
46
-467
196
4265
13139078
-10
4
14
-387
45
4299
13140103
-25
15
-17
-389
14
4309
13141128
-17
10
-22
-493
3
4285
13142153
36
-21
-13
-484
-58
4308
13143178
90
-41
-12
-389
34
4358
13144203
56
-52
5
-516
61
4412
13145228
57
-90
5
-539
-97
4395
13146253
189
-154
-51
-191
-101
4286
13147278
265
-182
-109
145
114
4246
13148303
144
-148
-140
403
15
4212
13141120
18
-101
-142
476
-167
4052
13142145
-36
-92
-110
463
-143
3959
13143170
-34
-95
-78
660
-272
4032
13144195
72
-61
-35
816
-283
4027
13145220
118
-17
38
692
-44
3936
13146245
-26
9
89
653
31
3959
13147270
-188
37
116
610
-63
4034
13148295
-249
56
124
471
-164
4160
13149320
-237
39
114
462
-185
4172
13150345
-169
16
121
454
-147
4135
13151370
-112
-14
127
402
-37
4143
13152395
-109
-46
124
327
90
4281
13153420
-153
-62
156
170
-14
4403
13154445
-96
-82
125
138
97
4444
13155470
-22
-83
56
233
198
4410
13156495
-64
-64
-1
151
130
4371
13149312
-245
-40
-51
-84
147
4527
13150337
-539
-3
-85
-103
116
4559
13151362
-660
51
-77
-67
-307
4440
13152387
-416
77
-58
-39
-713
4411
13153412
-137
68
-63
-94
-565
4182
13154437
-115
54
-48
-65
-481
4060
13155462
-221
59
-16
46
-486
4055
13156487
-195
88
-56
185
-230
4101
13157512
-242
124
-73
165
-51
4262
13158537
-492
168
-67
43
-135
4320
13159562
-567
172
-79
74
-399
4338
13160587
-507
151
-77
112
-370
4406
13161612
-507
160
-52
31
-465
4438
13162637
-417
167
-18
-39
-776
4350
13163662
-272
134
-9
19
-712
4219
13164687
-248
117
-16
76
-544
4253
13157504
-234
93
2
-37
-674
4239
13158529
-186
61
3
-99
-775
4287
13159554
-70
47
-14
62
-704
4276
13160579
-6
56
-2
81
-571
4235
13161604
-28
62
19
-104
-652
4260
13162629
16
33
9
-71
-665
4305
13163654
16
25
12
3
-604
4292
13164679
-28
26
17
-191
-576
4265
13165704
-23
-13
3
-284
-615
4336
13166729
22
-27
-40
-60
-645
4362
13167754
6
-6
-20
-58
-634
4237
13168779
32
-12
59
-529
-687
4328
13169804
68
-93
25
-608
-519
4340
13170829
-22
-115
-113
-332
-423
4182
13171854
-157
-91
-226
-386
-322
4338
13172879
-389
-112
-240
-539
-477
4331
13165695
-332
-70
-84
-1126
-994
4145
13166720
294
-63
-84
-761
-381
4226
13167745
301
-178
-248
-931
-65
4401
13168770
153
-220
-292
-859
-637
4545
13169795
208
-201
-462
139
-286
4510
13170820
-61
-46
-364
-120
-483
4286
13171845
-290
-43
-327
-549
-931
4312
13172870
-218
-114
-593
-59
-353
4312
13173895
-211
-67
-735
434
-282
3931
13174920
-526
-19
-682
183
-504
3826
13175945
-713
-95
-727
648
-869
3932
13176970
-569
-128
-742
1457
-938
4021
13177995
-671
-42
-533
1177
-862
3817
13179020
-667
-11
-278
219
-1581
3924
13180045
-140
-187
-573
1571
-979
3972
13181070
-361
-41
-425
1884
-1000
3782
13173888
-597
126
-110
660
-1426
3671
13174913
-149
-41
-89
906
-1539
3903
13175938
235
-59
-18
1286
-1037
4459
13176963
285
56
56
1213
-397
4279
13177988
19
139
305
48
-900
4142
13179013
203
16
220
216
-973
4550
13180038
290
22
123
508
-761
4493
13181063
34
105
79
648
-738
4268
13182088
-163
141
77
424
-954
3964
13183113
-133
97
175
-86
-1324
4110
13184138
109
5
55
482
-1231
4416
13185163
140
42
19
739
-960
4035
13186188
-22
100
128
232
-1172
3844
13187213
60
39
143
143
-1152
4273
13188238
172
21
112
357
-774
4286
13189263
25
59
118
278
-699
4104
13182080
-30
61
161
-55
-1062
4288
13183105
211
-6
132
17
-1154
4398
13184130
326
-23
70
270
-745
4218
13185155
117
18
81
136
-500
4008
13186180
-57
26
110
-250
-719
4130
13187205
-5
-26
71
-208
-997
4365
13188230
85
-36
-10
64
-793
4379
13189255
-19
-1
1
-175
-733
4142
13190280
-29
-42
63
-585
-939
4166
13191305
133
-123
-10
-238
-783
4391
13192330
85
-91
-45
-129
-572
4295
13193355
-48
-75
20
-521
-978
4262
13194380
184
-174
-5
-328
-1165
4510
13195405
523
-213
-48
131
-594
4499
13196430
433
-119
-47
126
-461
4298
13197455
325
-67
16
-216
-542
4070
13190272
181
-75
-15
-370
-592
4038
13191297
161
-94
-71
-322
-632
4084
13192322
95
-107
-173
-158
-288
4055
13193347
-119
-71
-146
-236
-810
4137
13194372
-68
-93
-184
-27
-821
4244
13195397
-92
-57
-178
171
-716
4212
13196422
-151
2
-81
-239
-883
4246
13197447
-52
-35
-110
117
-940
4319
13198472
36
1
-112
468
-834
4234
13199497
-24
62
-58
226
-716
4003
13200522
-98
39
-65
240
-689
4000
13201547
-95
10
-62
578
-855
4257
13202572
-82
37
-69
931
-651
4156
13203597
-49
99
63
501
-775
4000
13204622
-138
40
-7
563
-436
4154
13205647
-8
21
74
663
-938
4346
13198465
-136
19
-32
1154
-576
3942
13199490
-150
89
26
1085
-623
4273
13200515
-296
95
179
610
-1103
4280
13201540
-5
59
38
1061
-600
4236
13202565
-74
98
229
165
-668
4166
13203590
-51
20
174
198
-1287
4466
13204615
195
-42
87
280
-916
4395
13205640
178
-49
25
444
-796
4179
13206665
42
-37
-53
599
-960
3999
13207690
111
-67
-50
387
-815
4127
13208715
44
-65
-38
464
-778
4332
13209740
-70
-21
-51
692
-798
4209
13210765
-142
16
-28
667
-790
3981
13211790
-148
-8
42
415
-1076
3876
13212815
0
-77
46
402
-987
4262
13213840
102
-107
23
716
-761
4348
13206657
1
-52
43
646
-536
4124
13207682
-117
-29
142
209
-933
4046
13208707
17
-102
145
347
-1086
4218
13209732
169
-112
111
693
-503
4299
13210757
83
-38
182
290
-489
4081
13211782
63
-53
248
-265
-945
4176
13212807
282
-139
162
151
-832
4490
13213832
340
-86
113
498
-320
4275
13214857
92
25
181
-78
-399
3984
13215882
-42
1
188
-391
-860
4144
13216907
79
-52
108
-104
-733
4376
13217932
124
-9
93
-187
-416
4335
13218957
30
6
112
-566
-672
4268
13219982
10
-42
42
-496
-759
4407
13221007
9
-52
-22
-229
-654
4418
13222032
-67
-18
-29
-340
-687
4257
13214936
-155
-10
-45
-318
-905
4292
13215961
-17
-32
-58
-28
-941
4213
13216986
140
-19
-35
98
-603
4172
13218011
49
16
34
-20
-681
4016
13219036
104
-40
112
-467
-887
4064
13220061
337
-183
72
-37
-703
4469
13221086
426
-150
52
380
-191
4537
13222111
95
3
109
-292
-326
4147
13223136
-26
-43
1
-318
-481
4078
13224161
-116
-81
-102
247
-747
4232
13225186
-105
-26
-102
331
-712
4230
13226211
-117
31
-99
49
-820
4126
13227236
-144
-12
-151
111
-703
4265
13228261
-227
-58
-151
557
-693
4247
13229286
-220
34
-150
334
-822
4206
13230311
-489
44
-253
700
-489
4066
13223041
-459
83
-185
756
-908
4049
13224066
-576
88
-159
909
-1227
3975
13225091
-129
77
-184
1099
-679
4148
13226116
-203
104
139
516
-1156
4045
13227141
171
20
-156
1838
-215
3941
13228166
-92
184
265
668
-600
4125
13229191
-49
114
195
491
-748
4349
13230216
-30
98
255
129
-977
4625
13231241
-44
64
208
339
-1049
4290
13232266
-13
70
187
259
-924
4146
13233291
45
33
144
69
-1004
4272
13234316
77
-6
11
276
-1041
4218
13235341
52
6
-97
560
-1120
4010
13236366
82
41
-34
363
-955
4011
13237391
24
-14
-9
305
-1093
4199
13238416
174
-69
5
497
-931
4368
13231231
184
-53
-56
659
-315
4146
13232256
-136
16
-28
412
-459
3963
13233281
-285
-2
-10
375
-995
4133
13234306
-181
-41
-4
602
-1151
4241
13235331
-49
2
4
621
-769
4295
13236356
-149
43
18
670
-740
3888
13237381
-193
74
108
274
-1038
4021
13238406
-54
30
105
481
-965
4281
13239431
-3
56
85
760
-626
4121
13240456
-183
140
135
536
-783
3976
13241481
-241
155
205
132
-1250
4235
13242506
-20
90
184
192
-1113
4430
13243531
69
84
125
521
-661
4191
13244556
-146
170
116
432
-609
3965
13245581
-336
222
138
84
-1046
4047
13246606
-126
193
126
20
-1501
4295
13239425
101
160
13
307
-860
4296
13240450
-163
244
-1
342
-607
4076
13241475
-472
277
95
-264
-1141
3948
13242500
-288
165
92
-571
-1454
4301
13243525
81
60
6
-89
-1279
4402
13244550
-2
83
-61
164
-723
4094
13245575
-349
148
-79
223
-930
3881
13246600
-432
173
-83
183
-1532
3854
13247625
-84
109
-53
159
-1954
4099
13248650
163
29
-55
245
-1209
4448
13249675
-69
78
15
-146
-470
4277
13250700
-376
140
204
-816
-927
4021
13251725
-219
102
175
-874
-920
4214
13252750
-25
80
102
-769
-567
4359
13253775
-152
101
101
-1147
-768
4281
13254800
-172
31
87
-1265
-1188
4112
13247617
-44
-32
11
-963
-1165
4088
13248642
-96
-23
-59
-467
-1304
4008
13249667
-68
-5
-137
13
-1584
4087
13250692
94
13
-91
48
-1671
4081
13251717
283
-22
-32
-121
-1376
4149
13252742
395
-84
-13
-19
-883
4207
13253767
305
-71
-21
99
-481
4147
13254792
11
-22
13
70
-755
4146
13255817
-132
-2
37
-14
-1298
4185
13256842
-53
-4
51
-133
-1491
4230
13257867
77
-30
63
-102
-1379
4091
13258892
185
-50
60
-63
-1082
4076
13259917
191
-56
54
-31
-1008
4163
13260942
141
-40
32
-25
-1057
4267
13261967
104
-29
49
6
-1199
4185
13262992
155
-35
87
-41
-1080
4125
13255807
203
-49
117
-71
-984
4137
13256832
162
-50
95
-104
-877
4167
13257857
71
-43
78
-65
-939
4236
13258882
43
-28
78
2
-1210
4191
13259907
191
-35
108
-7
-1160
4125
13260932
167
-41
127
-109
-929
4110
13261957
231
-54
89
-64
-781
4227
13262982
140
-37
55
71
-756
4304
13264007
61
1
80
41
-1166
4261
13265032
183
-16
123
13
-1058
4144
13266057
52
-47
228
75
-997
3986
13267082
-585
-57
509
50
-1968
3891
13268107
117
-49
481
-252
-2431
4298
13269132
1088
-207
250
-106
-379
4305
13270157
396
-148
480
21
-363
4017
13271182
-412
-70
748
-131
-2088
3826
13264000
286
-162
855
-197
-2321
4130
13265025
1066
-258
657
57
-625
4307
13266050
776
-216
862
87
-609
4147
13267075
284
-142
1008
-135
-1183
4099
13268100
369
-169
947
138
-952
4368
13269125
656
-151
886
102
-404
4392
13270150
699
-169
786
106
246
4151
13271175
430
-114
831
176
-78
4224
13272200
378
-86
804
187
-227
4270
13273225
482
-121
850
302
-281
4167
13274250
232
-100
901
145
-442
4180
13275275
173
-85
911
35
-839
4460
13276300
428
-105
888
-3
-784
4280
13277325
542
-121
903
81
-276
3967
13278350
90
-38
879
94
-160
4299
13279375
96
-42
960
71
-771
4613
13272193
493
-73
855
0
-408
4409
13273218
588
-54
917
66
-539
4007
13274243
287
10
803
24
156
3902
13275268
-76
-3
899
221
-407
4394
13276293
282
-24
898
-16
-509
4763
13277318
740
-83
651
-30
409
4338
13278343
485
-20
648
115
726
3892
13279368
-243
83
686
1
249
3882
13280393
-415
-2
803
128
-824
4128
13281418
201
-71
631
95
-297
4704
13282443
708
-97
416
5
681
4503
13283468
338
-16
353
-6
1064
4160
13284493
-398
84
321
-104
298
4070
13285518
-196
29
137
-4
50
4176
13286543
286
-61
-193
341
1081
4331
13287568
41
-42
-89
371
517
4209
13280384
-469
74
-27
-100
-471
4321
13281409
-393
38
-114
-68
-706
4375
13282434
-2
3
-131
-63
-309
4304
13283459
69
4
-150
-65
-17
4242
13284484
-19
26
-165
-82
46
4284
13285509
90
6
-235
-21
306
4283
13286534
-59
13
-301
-58
521
4234
13287559
-250
35
-391
-11
407
4289
13288584
-274
35
-495
184
91
4294
13289609
-141
58
-585
181
5
4370
13290634
23
77
-730
21
558
4383
13291659
-89
78
-784
236
496
4227
13292684
-229
129
-796
307
-125
4239
13293709
-172
136
-928
118
-22
4304
13294734
-266
104
-1060
29
602
4230
13295759
-583
111
-1051
155
419
4189
13288576
-887
159
-971
226
-559
4200
13289601
-707
191
-1042
55
-779
4329
13290626
-520
166
-1154
110
-459
4357
13291651
-524
200
-1193
2
-372
4220
13292676
-480
210
-1186
-23
-323
4076
13293701
-467
202
-1197
202
-545
4123
13294726
-653
234
-1097
223
-1163
4241
13295751
-839
284
-1097
-152
-868
4297
13296776
-883
279
-1103
-90
-1090
4010
13297801
-714
241
-1036
109
-1190
3982
13298826
-719
275
-990
-99
-964
4204
13299851
-895
336
-978
-382
-1891
4075
13300876
-388
221
-969
146
-1345
4134
13301901
-493
272
-785
-248
-1112
4125
13302926
-562
317
-842
-223
-2273
3891
13303951
198
91
-767
208
-592
4213
13296768
-547
261
-744
-465
-694
4046
13297793
-668
276
-891
-127
-1662
3687
13298818
-123
71
-728
338
-583
4147
13299843
-1099
310
-687
-404
-2594
4197
13300868
-672
204
-645
-84
-2709
4281
13301893
237
81
-407
-215
-1004
4017
13302918
-26
92
-324
-14
-1439
3554
13303943
-604
104
-77
-603
-3571
3414
13304968
356
-159
54
86
-2164
4336
13305993
793
-161
184
-142
-1119
4385
13307018
527
-65
141
-128
-918
4039
13308043
298
-78
116
-176
-687
3962
13309068
22
-72
128
-71
-948
4160
13310093
-11
-49
115
-82
-967
4300
13311118
34
-5
79
-205
-1229
4163
13312143
27
3
55
-213
-1526
4051
13304960
105
-26
73
-153
-1519
4084
13305985
188
-50
95
-139
-1299
4152
13307010
117
-37
102
-188
-1366
3998
13308035
225
-71
113
-147
-1351
3945
13309060
381
-111
147
-98
-1108
4276
13310085
402
-83
154
-52
-1011
4453
13311110
306
-30
178
-75
-1195
4183
13312135
276
-47
229
-96
-1407
3876
13313160
128
-84
371
-146
-1693
3929
13314185
515
-136
441
-148
-1695
4284
13315210
1059
-178
430
-201
-963
4403
13316235
837
-127
355
-128
-567
4100
13317260
326
-66
370
-68
-867
3926
13318285
276
-130
494
-78
-1084
3961
13319310
420
-157
629
-217
-1453
4096
13320335
830
-210
436
-55
-564
4414
13313152
921
-197
388
169
69
4462
13314177
348
-104
514
-26
-1
4261
13315202
-188
-23
694
-127
-1164
4058
13316227
27
-98
763
-117
-1594
4015
13317252
468
-200
768
-26
-962
4231
13318277
609
-181
694
-40
-149
4500
13319302
567
-122
755
-92
-213
4382
13320327
278
-74
816
-112
-618
4194
13321352
72
-75
841
0
-849
4025
13322377
195
-91
827
-4
-632
4291
13323402
431
-114
793
-75
-302
4396
13324427
560
-103
718
-32
-102
4299
13325452
415
-81
750
37
-161
4123
13326477
33
-58
902
30
-588
4080
13327502
-14
-46
846
-58
-449
4345
13328527
362
-82
742
-54
-202
4334
13321343
582
-100
585
6
400
4262
13322368
268
-69
496
72
517
4157
13323393
171
-64
442
39
331
4244
13324418
397
-75
176
126
1105
4416
13325443
244
-39
-53
300
1462
4256
13326468
-223
-18
126
135
251
3981
13327493
-553
9
210
-73
-541
4223
13328518
-582
29
23
-99
-618
4498
13329543
-262
2
-97
-198
-325
4459
13330568
-160
-14
-24
-47
-424
4272
13331593
-231
24
-19
-103
-429
4281
13332618
-124
14
-84
-62
-165
4394
13333643
-101
13
-139
32
12
4341
13334668
-266
34
-224
14
104
4252
13335693
-425
62
-312
-36
165
4301
13336718
-443
110
-337
6
-343
4318
13329536
-30
123
-418
-69
-428
4283
13330561
525
62
-534
63
40
4321
13331586
234
88
-545
96
272
4289
13332611
-186
139
-595
-56
225
4274
13333636
-320
129
-812
35
489
4246
13334661
-468
125
-818
124
222
4069
13335686
-678
160
-793
150
-401
4077
13336711
-673
176
-712
59
-948
4323
13337736
-672
182
-723
-21
-940
4557
13338761
-734
212
-783
-15
-749
4442
13339786
-662
230
-797
-98
-510
4156
13340811
-623
240
-716
-42
-1069
3859
13341836
-408
222
-683
-133
-1167
4023
13342861
-387
183
-822
-226
-282
4152
13343886
-678
194
-812
-22
-827
3996
13344911
-753
190
-570
90
-1717
4049
13337728
-708
225
-517
-374
-1723
4204
13338753
-389
171
-571
-262
-2047
4095
13339778
87
67
-482
-21
-1242
4145
13340803
-157
138
-371
-342
-1031
4127
13341828
-375
178
-425
-332
-1824
3860
13342853
199
3
-431
-97
-857
3948
13343878
4
-6
-373
-187
-510
4029
13344903
-653
72
-338
-213
-1949
3887
13345928
-460
-58
-106
-81
-2231
4061
13346953
7
-105
57
-135
-1987
4362
13347978
377
-128
26
-60
-971
4322
13349003
249
-73
56
-172
-800
4017
13350028
91
-73
22
-134
-775
4045
13351053
-48
-71
-16
-114
-679
4250
13352078
-186
-29
-37
-108
-1090
4249
13353103
-149
-20
-15
-140
-1439
4162
13345919
-42
-33
1
-165
-1274
4224
13346944
-11
-26
-9
-155
-1069
4194
13347969
-42
-17
-17
-137
-1177
4057
13348994
31
-36
-8
-105
-1289
4124
13350019
117
-50
7
-82
-1058
4275
13351044
58
-23
8
-89
-935
4217
13352069
-11
-5
22
-101
-1201
4165
13353094
34
-12
56
-85
-1386
4177
13354119
154
-29
84
-120
-1126
4130
13355144
171
-32
114
-113
-1136
4128
13356169
187
-45
145
-37
-1368
4141
13357194
226
-62
208
1
-1330
4211
13358219
128
-41
282
-132
-1443
4122
13359244
342
-70
297
-121
-1457
4101
13360269
518
-115
351
-86
-1092
4036
13361294
-48
-121
571
-99
-1283
3976
13354112
-687
-80
777
-201
-2072
3955
13355137
-21
-196
932
-92
-2834
3986
13356162
1083
-319
844
-59
-1693
4054
13357187
1362
-364
757
170
-305
4042
13358212
780
-253
980
23
-672
4166
13359237
487
-193
1077
-128
-1167
4289
13360262
646
-225
1113
-71
-1269
4085
13361287
816
-246
1045
-19
-507
4130
13362312
805
-208
1003
46
-6
4561
13363337
672
-130
1006
103
-232
4580
13364362
531
-71
956
120
-85
4212
13365387
292
-50
1036
56
-303
3878
13366412
103
-81
1088
-48
-585
3896
13367437
356
-126
1048
-60
-690
4259
13368462
774
-154
793
-25
226
4506
13369487
887
-160
505
146
1240
4450
13362304
330
-57
513
317
1318
4335
13363329
-518
73
611
92
83
4139
13364354
-372
-2
514
-85
-717
3994
13365379
429
-75
160
-161
402
4451
13366404
545
-77
-209
64
1518
4538
13367429
-275
-6
-169
344
622
4150
13368454
-842
92
-23
-15
-660
4091
13369479
-443
51
-93
-128
-1035
4261
13370504
260
-36
-163
-25
-642
4393
13371529
299
-17
-177
-80
-155
4507
13372554
47
41
-189
-100
-186
4389
13373579
-2
58
-232
-72
-165
4202
13374604
135
42
-303
-68
76
4126
13375629
206
27
-444
-150
530
4174
13376654
-40
32
-511
80
407
4316
13377679
-305
66
-540
112
111
4299
13370495
-363
86
-541
70
-376
4284
13371520
-361
83
-596
144
-332
4378
13372545
-547
98
-699
200
198
4335
13373570
-542
126
-525
62
-426
4258
13374595
-440
164
-405
-116
-950
4355
13375620
-196
147
-569
118
-954
4473
13376645
31
136
-812
-216
205
4227
13377670
-81
122
-830
-171
544
3955
13378695
-419
125
-840
11
105
3968
13379720
-560
149
-883
-52
-288
4145
13380745
-544
160
-878
70
-948
4335
13381770
-587
173
-914
-5
-703
4518
13382795
-656
212
-994
-109
-465
4377
13383820
-685
235
-1029
29
-734
4063
13384845
-736
229
-947
38
-789
3946
13385870
-930
260
-894
10
-1206
4030
13378689
-904
254
-910
-156
-1477
4067
13379714
-752
198
-860
-82
-1675
3805
13380739
-633
162
-728
-197
-2098
3753
13381764
-398
-4
-394
289
-1835
3909
13382789
-1047
126
-107
-1155
-3183
3710
13383814
-368
-48
-59
17
-3606
4007
13384839
886
-232
79
-58
-1015
4442
13385864
604
-115
43
-220
-341
4090
13386889
179
-65
-7
-111
-778
3842
13387914
135
-115
-53
11
-620
4147
13388939
6
-92
-43
77
-655
4504
13389964
-198
-9
-46
-46
-1011
4350
13390989
-302
30
-39
-159
-1433
4016
13392014
-156
-12
-5
-155
-1632
4034
13393039
108
-59
5
-124
-1293
4278
13394064
132
-42
-6
-132
-1000
4219
13386881
14
-20
-13
-70
-1093
4020
13387906
-4
-34
0
-57
-1179
4099
13388931
17
-40
12
-94
-1076
4305
13389956
13
-20
14
-71
-1089
4215
13390981
-16
-12
21
-63
-1173
4062
13392006
-29
-16
23
-51
-1244
4109
13393031
2
-22
24
-112
-1165
4206
13394056
36
-22
26
-129
-1083
4175
13395081
12
-14
19
-71
-1114
4116
13396106
-9
-13
25
-51
-1178
4117
13397131
17
-14
30
-66
-1077
4214
13398156
-21
-4
21
-93
-996
4181
13399181
-100
7
14
-66
-1168
4105
13400206
-80
-3
29
-83
-1336
4112
13401231
-1
-23
41
-107
-1225
4172
13402256
3
-25
46
-90
-1052
4161
13395072
-65
-11
34
-55
-1091
4132
13396097
-91
-4
29
-81
-1227
4124
13397122
-38
-10
32
-110
-1222
4150
13398147
-1
-11
30
-81
-1119
4155
13399172
-40
-7
32
-67
-1145
4129
13400197
-60
-5
39
-73
-1193
4123
13401222
-54
-7
35
-65
-1215
4130
13402247
-43
-6
27
-64
-1191
4139
13403272
-47
-4
14
-93
-1213
4107
13404297
-35
-7
13
-108
-1260
4130
13405322
-7
-15
19
-75
-1187
4149
13406347
-19
-7
13
-40
-1104
4140
13407372
-46
5
14
-67
-1194
4130
13408397
-43
4
20
-97
-1286
4113
13409422
-4
-6
22
-89
-1277
4140
13410447
31
-10
24
-80
-1196
4126
13403264
5
-4
17
-80
-1159
4120
13404289
-42
1
13
-67
-1217
4134
13405314
-33
2
16
-89
-1236
4126
13406339
1
-1
13
-118
-1182
4132
13407364
-4
-3
9
-102
-1218
4121
13408389
4
-7
20
-101
-1344
4140
13409414
55
-11
41
-117
-1414
4176
13410439
131
-27
72
-29
-1219
4151
13411464
141
-30
117
1
-1067
4155
13412489
133
-2
141
-66
-1408
4223
13413514
289
-8
187
-36
-1744
4270
13414539
344
-26
356
-58
-1802
4063
13415564
291
-45
543
-281
-2048
3770
13416589
652
-213
626
-149
-1659
3671
13417614
206
-184
748
-457
-1509
3707
13418639
502
-268
702
56
-1983
3982
13411455
1060
-318
837
-81
-1745
4455
13412480
1439
-327
536
107
224
4688
13413505
822
-175
536
264
693
4217
13414530
-180
-20
958
-124
-1184
3678
13415555
-229
-118
987
-103
-1843
3751
13416580
475
-267
904
85
-1310
4182
13417605
1267
-298
808
-21
-386
4708
13418630
1486
-247
537
136
758
4723
13419655
549
-93
529
333
860
4049
13420680
-409
66
862
-10
-340
3973
13421705
-411
22
901
-190
-1305
4278
13422730
497
-134
784
61
-1080
4407
13423755
1135
-158
484
50
277
4394
13424780
810
-108
245
157
1564
4253
13425805
-461
64
455
140
657
4063
13426830
-1189
119
826
6
-1680
4042
13419648
-428
-24
803
-87
-2270
4120
13420673
949
-204
545
39
-708
4294
13421698
1218
-138
396
-38
908
4465
13422723
361
0
433
-127
740
4465
13423748
-621
53
514
-38
-309
4158
13424773
-562
-5
629
18
-1459
3950
13425798
304
-102
456
-67
-627
4145
13426823
613
-104
237
-25
577
4542
13427848
306
-55
110
76
993
4580
13428873
74
-24
-40
111
842
4093
13429898
-184
9
-120
205
509
3960
13430923
-662
58
-99
-7
-399
4106
13431948
-502
33
-148
-55
-876
4395
13432973
-60
3
-212
-62
-612
4554
13433998
-45
26
-224
-39
-448
4393
13435023
-103
57
-208
-79
-522
4241
13427882
-21
46
-226
-39
-456
4219
13428907
58
35
-257
59
-315
4308
13429932
237
56
-349
-15
116
4407
13430957
267
47
-453
-5
668
4279
13431982
-35
106
-478
13
213
4156
13433007
-88
112
-617
51
88
4312
13434032
-147
111
-622
127
-231
4422
13435057
-121
142
-864
5
482
4486
13436082
-162
154
-1015
159
552
4205
13437107
-386
176
-1041
151
298
4028
13438132
-633
195
-1080
104
-39
4019
13439157
-643
209
-1046
52
-761
4287
13440182
-616
208
-1162
-15
-445
4442
13441207
-792
226
-1227
138
-556
4213
13442232
-751
246
-1116
62
-1118
3986
13443257
-496
234
-1006
-40
-1419
4205
13436032
-441
237
-886
-109
-1530
4356
13437057
-435
234
-845
-179
-1189
4200
13438082
-320
220
-759
-74
-1257
3985
13439107
-279
201
-650
-270
-1201
3969
13440132
-387
170
-676
-120
-989
4046
13441157
-715
185
-544
-275
-1187
4017
13442182
-732
201
-463
-377
-2360
3838
13443207
-123
-7
-214
-68
-2006
3921
13444232
-180
26
14
-600
-2649
3965
13445257
526
-138
21
77
-1626
4238
13446282
822
-177
112
-180
-321
4333
13447307
369
-65
42
-99
-502
4101
13448332
113
-77
33
-106
-342
4063
13449357
-136
-80
31
-113
-391
4137
13450382
-286
-55
20
-91
-899
4259
13451407
-216
-59
5
-123
-1031
4333
13444224
-190
-31
34
-177
-1190
4264
13445249
-82
-34
45
-182
-1175
4163
13446274
26
-47
33
-181
-1025
4142
13447299
57
-50
14
-157
-972
4180
13448324
52
-47
9
-128
-911
4262
13449349
25
-33
6
-107
-865
4284
13450374
4
-19
3
-89
-841
4247
13451399
-36
-8
6
-112
-845
4162
13452424
-98
-8
1
-119
-922
4145
13453449
-139
-10
-2
-110
-989
4191
13454474
-129
-7
-3
-104
-1078
4197
13455499
-71
-12
2
-106
-1097
4197
13456524
-22
-17
11
-109
-1034
4205
13457549
1
-16
5
-99
-984
4183
13458574
-9
-13
2
-91
-986
4152
13459599
-22
-16
15
-115
-1003
4175
13452416
-15
-17
24
-138
-1009
4213
13453441
-5
-16
30
-133
-988
4189
13454466
-1
-15
28
-125
-982
4151
13455491
-12
-19
22
-122
-937
4182
13456516
-39
-10
14
-119
-962
4222
13457541
-42
-3
13
-103
-1028
4188
13458566
-30
-1
14
-89
-1096
4140
13459591
12
-10
16
-64
-1032
4169
13460616
-2
-10
6
-99
-915
4192
13461641
-51
2
-6
-112
-977
4161
13462666
-39
-1
-3
-116
-1093
4162
13463691
0
-11
11
-108
-1082
4190
13464716
12
-13
11
-122
-932
4201
13465741
-37
-2
-1
-123
-913
4162
13466766
-75
1
-1
-96
-1041
4137
13467791
-51
-3
8
-100
-1104
4190
13460607
3
-9
17
-120
-1050
4205
13461632
4
-8
14
-125
-978
4164
13462657
-21
-4
8
-112
-1028
4148
13463682
-8
-8
15
-121
-1072
4167
13464707
10
-13
23
-117
-992
4207
13465732
-14
-7
15
-104
-953
4190
13466757
-51
-1
7
-86
-1018
4144
13467782
-52
-3
15
-103
-1093
4165
13468807
-23
-11
19
-97
-1055
4202
13469832
-13
-9
14
-102
-998
4174
13470857
-32
1
3
-109
-1031
4168
13471882
-28
2
6
-98
-1108
4156
13472907
-1
-6
9
-94
-1063
4149
13473932
-9
-7
10
-96
-975
4181
13474957
-47
2
0
-107
-996
4164
13475982
-55
3
2
-127
-1093
4146
13468800
-40
-3
14
-127
-1094
4177
13469825
-25
-7
21
-121
-1041
4179
13470850
-25
-8
18
-109
-1014
4157
13471875
-40
-5
15
-127
-1065
4160
13472900
-26
-8
20
-136
-1099
4180
13473925
-6
-14
25
-105
-1073
4167
13474950
-3
-14
27
-89
-1039
4176
13475975
-17
-9
24
-99
-1052
4168
13477000
-18
-8
18
-95
-1093
4152
13478025
-9
-9
15
-78
-1095
4154
13479050
-1
-10
17
-98
-1066
4170
13480075
0
-8
14
-136
-1020
4179
13481100
-10
-3
11
-129
-1055
4176
13482125
-15
-4
8
-91
-1104
4141
13483150
-3
-7
6
-80
-1093
4146
13484175
4
-6
6
-111
-1055
4173
13476992
8
-4
3
-120
-1053
4179
13478017
13
-4
3
-97
-1080
4162
13479042
18
-6
5
-89
-1083
4152
13480067
20
-6
3
-106
-1062
4161
13481092
15
-4
-2
-88
-1055
4180
13482117
13
-2
-1
-99
-1061
4174
13483142
18
-3
3
-130
-1067
4158
13484167
25
-7
9
-138
-1039
4182
13485192
15
-7
12
-119
-990
4177
13486217
-16
-2
10
-99
-1003
4172
13487242
-34
-1
11
-120
-1082
4164
13488267
-19
-6
15
-119
-1110
4152
13489292
0
-10
17
-121
-1024
4191
13490317
-10
-5
9
-108
-1010
4172
13491342
-29
0
1
-90
-1081
4143
13492367
-21
-3
6
-91
-1115
4160
13485184
-2
-6
11
-101
-1066
4176
13486209
2
-6
7
-116
-1026
4158
13487234
-17
-4
-1
-114
-1078
4152
13488259
-14
-6
-1
-104
-1120
4161
13489284
12
-9
8
-102
-1076
4177
13490309
17
-8
6
-98
-1009
4173
13491334
-13
-2
-1
-101
-1042
4152
13492359
-22
-2
-3
-116
-1123
4147
13493384
4
-8
3
-117
-1127
4168
13494409
38
-12
7
-117
-1032
4174
13495434
22
-7
2
-119
-988
4163
13496459
-12
-3
-1
-106
-1056
4163
13497484
-14
-5
4
-102
-1098
4167
13498509
-3
-8
7
-100
-1059
4165
13499534
-4
-7
6
-99
-1043
4171
13500559
-9
-5
6
-95
-1066
4164
13493377
-8
-4
6
-87
-1093
4166
13494402
-1
-6
4
-91
-1058
4166
13495427
-13
-1
-1
-102
-1046
4159
13496452
-9
0
-4
-114
-1106
4158
13497477
16
-6
3
-108
-1112
4162
13498502
31
-11
8
-96
-1045
4170
13499527
18
-8
7
-105
-990
4175
13500552
-9
-1
1
-139
-1025
4172
13501577
-14
-1
0
-115
-1100
4167
13502602
2
-7
7
-104
-1066
4166
13503627
-6
-8
11
-96
-1010
4180
13504652
-32
0
10
-105
-1047
4165
13505677
-28
1
14
-128
-1100
4162
13506702
-9
-5
16
-117
-1084
4181
13507727
-6
-5
9
-65
-1064
4157
13508752
-12
-1
-1
-73
-1098
4144
13501569
-4
-2
-3
-85
-1146
4146
13502594
35
-8
1
-104
-1076
4171
13503619
41
-6
-4
-105
-996
4167
13504644
4
1
-12
-82
-1032
4150
13505669
-14
1
-15
-74
-1109
4160
13506694
2
-1
-11
-106
-1103
4171
13507719
17
-5
-1
-148
-1033
4183
13508744
13
-7
9
-161
-996
4189
13509769
-10
-5
10
-118
-984
4181
13510794
-43
0
11
-94
-1045
4155
13511819
-40
-2
14
-112
-1113
4154
13512844
-15
-7
16
-140
-1110
4165
13513869
-5
-9
13
-112
-1068
4155
13514894
-16
-7
7
-67
-1045
4167
13515919
-27
-2
-2
-31
-1084
4156
13516944
-19
0
-2
-74
-1109
4162
13509760
1
-3
9
-123
-1094
4169
13510785
20
-5
14
-138
-1058
4158
13511810
9
-5
10
-108
-1020
4156
13512835
-21
-1
3
-99
-1041
4164
13513860
-35
2
-1
-101
-1093
4158
13514885
-18
-1
5
-119
-1117
4171
13515910
1
-6
12
-125
-1077
4169
13516935
-3
-6
12
-112
-1026
4162
13517960
-32
0
6
-86
-1029
4164
13518985
-58
5
4
-99
-1086
4153
13520010
-42
1
10
-114
-1139
4151
13521035
-16
-6
16
-86
-1119
4152
13522060
-14
-5
18
-95
-1060
4164
13523085
-29
-1
14
-126
-1060
4153
13524110
-40
-1
17
-147
-1096
4167
13525135
-31
-6
24
-130
-1103
4164
13517952
-30
-6
25
-114
-1091
4137
13518977
-33
-6
22
-110
-1144
4148
13520002
-14
-8
17
-106
-1125
4154
13521027
-11
-7
12
-114
-1091
4132
13522052
-12
-8
7
-106
-1097
4163
13523077
-8
-6
10
-95
-1121
4166
13524102
-2
-5
11
-99
-1113
4149
13525127
-1
-6
7
-88
-1113
4133
13526152
-4
-5
4
-96
-1121
4146
13527177
9
-4
6
-131
-1134
4160
13528202
36
-8
8
-136
-1097
4164
13529227
32
-7
4
-89
-1090
4142
13530252
23
-6
-1
-80
-1088
4148
13531277
15
-2
-4
-136
-1099
4160
13532302
16
-2
-2
-140
-1096
4167
13533327
