Device = VHR-0009
time_stamp = 1780041317296
sample_rate = 50
Data format = INT16
TYPE = 6-AXIS IMU RAW DATA
-9
-6
10
-149
-4229
251
14484608
9
-5
2
-148
-4228
267
14485633
9
-5
1
-149
-4225
267
14486658
4
-6
-3
-144
-4226
269
14487683
0
-5
-6
-137
-4230
265
14488708
2
-5
-3
-136
-4227
267
14489733
4
-5
1
-131
-4226
261
14490758
10
-5
5
-141
-4228
265
14491783
7
-4
4
-144
-4225
268
14492808
1
-4
3
-137
-4230
266
14493833
2
-4
2
-136
-4228
274
14494858
2
-5
6
-133
-4228
275
14495883
-2
-4
9
-143
-4225
259
14496908
3
-1
3
-134
-4231
259
14497933
16
-2
3
-135
-4231
275
14498958
10
-3
9
-143
-4225
274
14499983
-2
-4
7
-146
-4229
278
14492801
-16
-6
11
-136
-4235
275
14493826
-9
-5
13
-138
-4223
270
14494851
1
-5
13
-142
-4228
276
14495876
-2
-5
14
-142
-4229
281
14496901
-12
-4
14
-148
-4224
267
14497926
-7
-4
5
-142
-4227
262
14498951
2
-4
2
-140
-4229
265
14499976
4
-4
6
-146
-4223
270
14501001
1
-4
5
-143
-4225
273
14502026
-5
-3
8
-144
-4235
273
14503051
-6
-3
9
-150
-4230
272
14504076
-3
-4
2
-156
-4228
270
14505101
1
-3
-5
-142
-4227
271
14506126
4
-4
-6
-134
-4221
273
14507151
-4
-4
0
-137
-4227
283
14508176
-11
-4
9
-144
-4230
269
14500993
-7
-4
14
-150
-4219
271
14502018
-6
-4
16
-146
-4225
269
14503043
-2
-3
15
-151
-4225
267
14504068
-3
-3
9
-155
-4223
266
14505093
-2
-3
-1
-146
-4229
263
14506118
3
-2
-1
-143
-4221
270
14507143
5
-2
4
-147
-4227
270
14508168
-1
-3
9
-144
-4235
265
14509193
-5
-5
9
-146
-4233
274
14510218
-9
-7
7
-149
-4229
275
14511243
-23
-7
8
-151
-4222
282
14512268
-30
-6
6
-146
-4223
268
14513293
-27
-5
4
-145
-4232
256
14514318
-17
-2
10
-140
-4224
249
14515343
-4
-3
16
-154
-4220
262
14516368
-6
-2
9
-160
-4227
266
14509184
-7
-3
5
-149
-4225
260
14510209
0
-3
8
-139
-4228
259
14511234
8
-2
11
-140
-4227
263
14512259
3
-1
12
-150
-4225
264
14513284
-3
-3
10
-155
-4227
262
14514309
-4
-3
1
-148
-4234
258
14515334
-6
-4
2
-144
-4227
267
14516359
-4
-4
10
-146
-4224
254
14517384
0
-3
14
-160
-4232
262
14518409
-3
-6
11
-159
-4225
260
14519434
5
-5
6
-149
-4231
261
14520459
4
-5
6
-149
-4225
263
14521484
-6
-5
9
-151
-4228
254
14522509
-1
-5
11
-158
-4234
256
14523534
7
-5
6
-164
-4224
254
14524559
11
-5
-5
-163
-4221
268
14517377
5
-5
-14
-151
-4230
263
14518402
0
-4
-3
-141
-4227
268
14519427
-5
-4
8
-153
-4229
265
14520452
-3
-4
11
-148
-4228
263
14521477
0
-4
11
-153
-4229
262
14522502
-3
-5
8
-154
-4230
261
14523527
0
-5
2
-152
-4236
259
14524552
3
-6
-1
-152
-4228
262
14525577
1
-6
-1
-155
-4218
259
14526602
1
-6
-1
-149
-4226
265
14527627
-1
-6
2
-154
-4229
273
14528652
-3
-5
4
-153
-4222
262
14529677
-1
-4
3
-154
-4228
259
14530702
0
-4
0
-158
-4234
265
14531727
-2
-4
-2
-160
-4231
257
14532752
4
-4
-4
-146
-4225
260
14525568
7
-5
-5
-150
-4232
266
14526593
4
-6
-3
-150
-4228
271
14527618
-2
-6
-6
-147
-4233
264
14528643
2
-6
-8
-147
-4223
259
14529668
5
-6
-6
-146
-4234
266
14530693
-2
-5
-4
-141
-4232
259
14531718
3
-4
0
-147
-4226
265
14532743
4
-4
5
-145
-4228
271
14533768
2
-3
4
-144
-4231
262
14534793
10
-3
2
-154
-4224
264
14535818
11
-4
-2
-144
-4221
273
14536843
4
-4
-2
-139
-4225
270
14537868
3
-3
-2
-144
-4223
271
14538893
4
-5
-1
-143
-4226
269
14539918
6
-5
2
-140
-4229
277
14540943
1
-4
4
-142
-4233
273
14533759
-1
-5
7
-147
-4230
265
14534784
1
-4
4
-152
-4234
271
14535809
4
-4
-3
-145
-4222
271
14536834
2
-5
-6
-143
-4229
273
14537859
-3
-4
-2
-133
-4229
283
14538884
-5
-4
5
-143
-4223
274
14539909
-6
-5
7
-147
-4223
270
14540934
-3
-5
6
-141
-4228
273
14541959
0
-4
8
-142
-4227
277
14542984
-8
-5
10
-148
-4227
272
14544009
-8
-4
6
-146
-4230
254
14545034
-1
-4
5
-141
-4218
262
14546059
-1
-4
8
-143
-4227
268
14547084
-2
-5
7
-147
-4235
273
14548109
1
-6
7
-143
-4231
269
14549134
0
-5
8
-150
-4229
267
14541952
-5
-6
7
-145
-4229
265
14542977
-1
-5
8
-143
-4230
263
14544002
3
-4
11
-145
-4231
277
14545027
-2
-4
16
-151
-4229
271
14546052
-2
-5
14
-159
-4232
267
14547077
5
-4
6
-153
-4236
268
14548102
5
-3
1
-143
-4231
276
14549127
-8
-6
5
-151
-4223
274
14550152
-11
-6
4
-152
-4233
266
14551177
-6
-5
2
-143
-4230
266
14552202
1
-6
1
-152
-4223
266
14553227
0
-5
-1
-140
-4225
269
14554252
-6
-2
7
-130
-4228
270
14555277
-6
-2
21
-145
-4229
263
14556302
-2
-2
24
-157
-4230
273
14557327
-6
-3
12
-163
-4237
269
14550144
-10
-5
0
-156
-4237
269
14551169
-8
-7
-9
-155
-4232
263
14552194
-3
-7
-8
-140
-4223
266
14553219
-7
-7
-1
-138
-4236
261
14554244
-7
-5
5
-148
-4231
268
14555269
-5
-4
6
-152
-4221
270
14556294
-11
-2
7
-146
-4227
256
14557319
-9
-1
10
-147
-4231
259
14558344
-2
-2
10
-150
-4231
261
14559369
-5
-1
9
-150
-4224
262
14560394
-7
-2
8
-154
-4226
259
14561419
-3
-3
5
-149
-4238
258
14562444
-1
-3
5
-149
-4223
269
14563469
-3
-4
6
-154
-4228
259
14564494
-2
-4
4
-153
-4237
258
14565519
-3
-3
2
-150
-4230
261
14558335
-2
-3
4
-157
-4226
252
14559360
2
-2
2
-159
-4231
257
14560385
-1
-2
0
-151
-4226
265
14561410
3
-3
-2
-153
-4232
262
14562435
2
-3
-3
-139
-4227
266
14563460
-7
-3
3
-146
-4227
263
14564485
-11
-3
6
-152
-4231
255
14565510
-3
1
0
-157
-4233
236
14566535
27
3
-9
-144
-4227
255
14567560
40
1
0
-140
-4230
278
14568585
25
0
10
-149
-4233
299
14569610
-3
0
11
-154
-4232
295
14570635
-27
-2
8
-148
-4234
260
14571660
-25
-3
6
-154
-4224
278
14572685
-42
-4
-3
-166
-4230
282
14573710
-82
-5
-14
-153
-4234
301
14566528
-135
-7
-13
-135
-4223
240
14567553
-114
-6
0
-140
-4231
174
14568578
-37
-5
4
-136
-4233
218
14569603
-19
-8
10
-146
-4224
233
14570628
-17
-8
6
-157
-4238
220
14571653
-9
-8
-5
-145
-4232
222
14572678
3
-6
-1
-139
-4216
215
14573703
19
-3
8
-149
-4236
225
14574728
27
-3
7
-150
-4239
227
14575753
34
-2
-3
-154
-4227
239
14576778
30
-3
-6
-141
-4221
251
14577803
18
-5
4
-131
-4229
243
14578828
18
-4
9
-145
-4237
240
14579853
16
-4
12
-150
-4226
253
14580878
-2
-5
14
-144
-4230
247
14581903
-9
-7
10
-146
-4233
247
14574721
-12
-7
8
-149
-4229
246
14575746
-10
-8
9
-152
-4228
240
14576771
-6
-6
7
-151
-4234
237
14577796
-6
-5
8
-144
-4231
239
14578821
-5
-5
9
-149
-4229
239
14579846
-8
-7
10
-156
-4233
236
14580871
-4
-5
7
-145
-4234
232
14581896
1
-4
6
-149
-4238
246
14582921
-3
-5
4
-153
-4237
234
14583946
-3
-6
5
-144
-4231
232
14584971
-6
-6
8
-148
-4230
244
14585996
-7
-5
10
-148
-4236
234
14587021
-2
-5
9
-152
-4229
232
14588046
-6
-5
10
-155
-4232
238
14589071
-5
-4
7
-157
-4229
224
14590096
0
-4
5
-155
-4226
222
14582911
-3
-4
2
-152
-4229
234
14583936
-7
-4
2
-153
-4229
228
14584961
-5
-4
4
-148
-4227
229
14585986
-5
-3
5
-147
-4230
235
14587011
-9
-3
9
-145
-4225
228
14588036
-6
-3
12
-152
-4226
226
14589061
-8
-3
12
-156
-4235
228
14590086
-11
-3
12
-150
-4233
227
14591111
-7
-3
13
-159
-4229
227
14592136
-5
-4
7
-161
-4229
235
14593161
-4
-3
6
-150
-4236
223
14594186
-4
-2
13
-157
-4230
230
14595211
-7
-3
11
-167
-4229
225
14596236
0
-4
-1
-157
-4226
226
14597261
3
-4
-2
-152
-4225
234
14598286
-1
-3
7
-153
-4231
229
14591105
-8
-3
10
-152
-4231
223
14592130
-11
-4
12
-155
-4230
223
14593155
-5
-2
14
-157
-4231
219
14594180
2
-1
12
-165
-4224
223
14595205
3
-4
5
-164
-4233
231
14596230
-2
-5
4
-155
-4232
224
14597255
-1
-3
3
-152
-4228
225
14598280
-2
-4
5
-167
-4233
227
14599305
-8
-5
5
-161
-4230
224
14600330
-5
-5
6
-159
-4232
223
14601355
-2
-4
1
-157
-4237
222
14602380
-2
-3
0
-161
-4226
228
14603405
-5
-4
2
-163
-4229
235
14604430
-8
-4
3
-160
-4228
235
14605455
-6
-4
7
-160
-4232
229
14606480
-4
-3
5
-165
-4236
218
14599297
-6
-4
3
-158
-4231
222
14600322
-3
-5
2
-158
-4229
227
14601347
-2
-4
3
-157
-4230
227
14602372
-3
-3
6
-157
-4231
218
14603397
-4
-4
9
-163
-4232
227
14604422
-4
-4
6
-162
-4234
226
14605447
1
-4
5
-164
-4228
214
14606472
-1
-5
2
-161
-4235
225
14607497
-3
-4
2
-157
-4226
225
14608522
-3
-5
4
-158
-4231
227
14609547
-3
-6
2
-163
-4237
223
14610572
-1
-6
-2
-160
-4225
220
14611597
3
-5
0
-159
-4221
221
14612622
3
-6
2
-160
-4233
224
14613647
-2
-7
2
-163
-4229
223
14614672
0
-8
-4
-162
-4225
221
14607488
7
-8
-9
-153
-4233
230
14608513
1
-7
1
-145
-4227
231
14609538
-4
-6
7
-162
-4222
225
14610563
-9
-7
6
-156
-4233
222
14611588
-6
-7
6
-148
-4234
218
14612613
-1
-7
6
-163
-4224
220
14613638
-2
-7
1
-159
-4238
221
14614663
0
-4
0
-152
-4231
223
14615688
0
-4
3
-160
-4230
229
14616713
-2
-5
2
-153
-4232
222
14617738
0
-4
5
-151
-4230
222
14618763
-3
-5
6
-153
-4229
221
14619788
-2
-4
5
-156
-4233
227
14620813
-5
-4
6
-149
-4231
229
14621838
-5
-5
8
-154
-4220
224
14622863
-5
-5
6
-160
-4233
219
14615680
-2
-5
4
-156
-4237
215
14616705
-4
-5
6
-154
-4223
218
14617730
-1
-5
5
-162
-4237
220
14618755
-6
-5
2
-154
-4243
219
14619780
-3
-5
7
-158
-4233
224
14620805
0
-5
6
-161
-4232
232
14621830
-3
-5
3
-157
-4231
220
14622855
-2
-5
7
-161
-4235
217
14623880
-1
-5
5
-160
-4236
229
14624905
0
-4
1
-155
-4233
221
14625930
0
-6
3
-153
-4229
215
14626955
1
-5
3
-156
-4231
226
14627980
1
-5
1
-156
-4229
222
14629005
2
-5
-1
-158
-4235
222
14630030
5
-5
-1
-152
-4232
234
14631055
-5
-4
4
-158
-4234
225
14623871
-9
-4
8
-166
-4231
223
14624896
-7
-5
1
-159
-4235
218
14625921
-2
-6
-4
-155
-4223
218
14626946
-2
-6
0
-156
-4233
219
14627971
-6
-4
9
-149
-4228
226
14628996
-6
-5
13
-163
-4228
217
14630021
2
-4
8
-158
-4235
221
14631046
2
-2
9
-156
-4240
214
14632071
10
-3
9
-161
-4229
214
14633096
11
-3
3
-165
-4232
232
14634121
1
-4
-1
-161
-4242
223
14635146
1
-5
-3
-163
-4230
221
14636171
2
-4
-5
-157
-4236
236
14637196
-5
-4
-2
-151
-4237
230
14638221
-2
-5
4
-154
-4239
225
14639246
1
-5
6
-158
-4231
226
14632064
2
-4
1
-157
-4231
217
14633089
3
-5
1
-150
-4225
227
14634114
2
-6
3
-152
-4222
238
14635139
-1
-6
5
-153
-4231
230
14636164
-4
-5
6
-154
-4234
231
14637189
0
-5
8
-158
-4235
222
14638214
-2
-5
5
-153
-4230
226
14639239
-5
-6
3
-150
-4234
219
14640264
-4
-6
5
-152
-4233
228
14641289
-5
-6
7
-150
-4227
227
14642314
-6
-6
5
-158
-4237
223
14643339
-4
-6
3
-155
-4236
230
14644364
-5
-6
2
-152
-4225
231
14645389
-9
-6
5
-147
-4226
223
14646414
-9
-6
10
-154
-4227
220
14647439
-7
-5
5
-163
-4234
218
14640408
-1
-5
4
-153
-4228
223
14641433
-5
-4
9
-155
-4222
227
14642458
-6
-4
9
-167
-4229
218
14643483
1
-4
4
-170
-4227
226
14644508
2
-4
-4
-160
-4227
220
14645533
4
-4
-5
-155
-4224
225
14646558
3
-3
2
-157
-4229
229
14647583
-4
-4
8
-157
-4229
225
14648608
-7
-4
8
-161
-4235
212
14649633
0
-3
6
-163
-4232
216
14650658
1
-3
3
-159
-4228
223
14651683
7
-3
2
-154
-4236
217
14652708
5
-4
3
-153
-4234
220
14653733
2
-4
1
-154
-4233
220
14654758
7
-4
1
-150
-4229
219
14655783
5
-4
4
-157
-4232
233
14648448
2
-3
3
-156
-4230
225
14649473
6
-4
2
-154
-4225
237
14650498
4
-5
2
-158
-4229
225
14651523
6
-4
2
-154
-4230
227
14652548
0
-5
3
-148
-4225
230
14653573
-1
-5
7
-152
-4227
228
14654598
0
-4
7
-150
-4232
225
14655623
-1
-4
7
-159
-4232
235
14656648
-4
-3
7
-165
-4227
224
14657673
-6
-4
8
-151
-4223
232
14658698
-7
-3
14
-160
-4229
233
14659723
-6
-2
11
-164
-4226
233
14660748
-10
-3
5
-153
-4230
228
14661773
-9
-3
10
-154
-4233
221
14662798
-5
-3
9
-163
-4229
223
14663823
-5
-3
4
-158
-4230
219
14656640
-4
-3
7
-154
-4237
215
14657665
0
-4
10
-165
-4231
218
14658690
0
-4
8
-162
-4235
233
14659715
-1
-3
8
-158
-4231
231
14660740
0
-3
13
-160
-4234
222
14661765
-1
-4
13
-174
-4240
229
14662790
-1
-5
3
-169
-4237
221
14663815
1
-6
-10
-158
-4228
221
14664840
1
-6
-6
-154
-4229
232
14665865
-3
-5
7
-159
-4234
236
14666890
-12
-5
12
-163
-4231
238
14667915
-12
-4
12
-167
-4231
218
14668940
-3
-4
7
-167
-4229
218
14669965
-1
-4
3
-159
-4233
225
14670990
-3
-4
5
-164
-4232
224
14672015
-2
-4
3
-163
-4238
219
14664833
-2
-5
2
-157
-4236
223
14665858
-1
-5
4
-159
-4228
223
14666883
1
-4
5
-161
-4239
232
14667908
-2
-4
5
-165
-4234
224
14668933
0
-5
3
-158
-4231
216
14669958
1
-4
-2
-159
-4236
224
14670983
-2
-4
-2
-157
-4230
241
14672008
-7
-5
3
-158
-4231
213
14673033
2
-4
6
-161
-4237
226
14674058
-1
-3
7
-161
-4231
221
14675083
0
-4
4
-171
-4228
226
14676108
-2
-4
-3
-159
-4236
224
14677133
0
-4
2
-158
-4230
222
14678158
2
-5
5
-156
-4231
221
14679183
-1
-5
4
-159
-4240
221
14680208
-2
-5
6
-160
-4232
225
14673023
-4
-5
6
-158
-4232
218
14674048
-3
-5
5
-155
-4236
218
14675073
2
-4
4
-164
-4227
220
14676098
3
-7
4
-160
-4230
223
14677123
-2
-7
2
-156
-4242
219
14678148
2
-5
1
-156
-4231
222
14679173
5
-4
4
-158
-4231
231
14680198
-1
-5
7
-160
-4236
225
14681223
0
-4
4
-171
-4237
211
14682248
8
-5
-7
-163
-4232
220
14683273
8
-6
-9
-151
-4230
234
14684298
2
-5
-1
-158
-4237
232
14685323
-4
-5
4
-166
-4238
224
14686348
-5
-4
5
-157
-4229
226
14687373
1
-5
5
-160
-4227
216
14688398
5
-5
2
-159
-4231
222
14681216
4
-5
2
-159
-4234
229
14682241
0
-5
1
-161
-4235
230
14683266
-3
-4
1
-150
-4226
219
14684291
-2
-6
8
-150
-4227
227
14685316
-3
-5
11
-161
-4229
236
14686341
-2
-5
8
-168
-4233
226
14687366
3
-4
7
-161
-4234
222
14688391
0
-4
7
-161
-4235
227
14689416
-5
-2
4
-156
-4226
230
14690441
-8
-5
8
-155
-4229
221
14691466
-3
-4
12
-163
-4237
230
14692491
-3
-4
12
-164
-4235
237
14693516
-7
-4
5
-165
-4232
221
14694541
-5
-4
3
-155
-4231
217
14695566
-4
-4
8
-159
-4229
222
14696591
-1
-5
6
-168
-4235
223
14689408
-1
-4
5
-168
-4235
226
14690433
-4
-3
8
-161
-4226
226
14691458
-4
-3
8
-162
-4228
218
14692483
1
-3
9
-161
-4232
223
14693508
2
-4
8
-169
-4235
233
14694533
-1
-4
2
-167
-4237
226
14695558
-5
-5
1
-158
-4225
219
14696583
2
-5
1
-166
-4224
231
14697608
5
-5
-2
-164
-4230
236
14698633
-1
-3
0
-159
-4224
224
14699658
-3
-4
4
-162
-4232
231
14700683
-2
-5
6
-166
-4238
228
14701708
-3
-6
3
-169
-4225
228
14702733
0
-6
-5
-151
-4230
227
14703758
-2
-5
-2
-152
-4231
233
14704783
-8
-6
6
-160
-4226
229
14697600
-11
-5
9
-160
-4233
227
14698625
-8
-4
8
-163
-4228
221
14699650
-4
-4
5
-166
-4231
220
14700675
-5
-5
3
-165
-4238
228
14701700
-5
-5
5
-159
-4233
217
14702725
-1
-5
5
-160
-4227
223
14703750
-2
-5
2
-157
-4232
226
14704775
-3
-5
4
-161
-4227
217
14705800
-3
-4
7
-168
-4233
214
14706825
1
-3
5
-165
-4228
228
14707850
-4
-5
4
-156
-4224
218
14708875
-2
-5
10
-164
-4235
224
14709900
-4
-4
8
-165
-4235
218
14710925
-5
-3
1
-162
-4223
220
14711950
-4
-4
2
-161
-4226
221
14712975
-7
-4
8
-161
-4227
218
14705792
-1
-3
10
-168
-4228
223
14706817
-3
-3
5
-164
-4234
220
14707842
-2
-4
5
-163
-4225
216
14708867
1
-4
6
-163
-4235
221
14709892
-2
-2
6
-161
-4238
222
14710917
-1
-2
8
-161
-4234
216
14711942
2
-5
4
-170
-4234
220
14712967
3
-3
1
-164
-4234
221
14713992
4
-3
2
-163
-4222
226
14715017
1
-5
4
-166
-4235
228
14716042
1
-3
6
-164
-4236
221
14717067
7
-4
3
-169
-4231
227
14718092
5
-5
-2
-154
-4227
224
14719117
4
-4
5
-162
-4227
225
14720142
2
-4
8
-170
-4229
235
14721167
1
-4
2
-170
-4235
230
14713984
2
-4
-2
-169
-4231
225
14715009
3
-5
-6
-162
-4229
229
14716034
-1
-4
-3
-156
-4233
229
14717059
-7
-3
11
-156
-4230
234
14718084
-12
-3
16
-165
-4233
223
14719109
-10
-4
9
-171
-4234
225
14720134
-4
-4
7
-167
-4225
226
14721159
2
-4
6
-166
-4223
224
14722184
-1
-4
3
-161
-4234
225
14723209
-4
-4
5
-159
-4234
219
14724234
0
-5
8
-167
-4228
223
14725259
-1
-4
8
-171
-4232
227
14726284
-5
-4
7
-169
-4232
218
14727309
-1
-5
6
-171
-4237
226
14728334
3
-4
2
-169
-4227
228
14729359
4
-5
2
-154
-4227
222
14722176
2
-5
8
-163
-4232
233
14723201
-1
-4
8
-164
-4232
229
14724226
1
-3
9
-169
-4228
223
14725251
2
-3
8
-171
-4233
218
14726276
1
-5
6
-163
-4227
226
14727301
1
-5
3
-171
-4230
228
14728326
0
-4
2
-164
-4225
220
14729351
3
-3
9
-163
-4228
217
14730376
7
-2
13
-170
-4232
235
14731401
0
-2
9
-172
-4226
234
14732426
1
-2
4
-175
-4236
223
14733451
10
-2
4
-160
-4234
224
14734476
9
-4
9
-171
-4228
232
14735501
12
-4
7
-172
-4223
227
14736526
17
-5
3
-167
-4233
218
14737551
28
-4
0
-175
-4229
247
14730368
13
-4
0
-168
-4221
238
14731393
6
-5
4
-163
-4225
249
14732418
-3
-5
10
-184
-4229
227
14733443
9
-6
-9
-186
-4226
240
14734468
8
-6
-17
-158
-4225
236
14735493
9
-5
-4
-160
-4231
245
14736518
5
-7
1
-166
-4230
247
14737543
-3
-7
1
-171
-4229
232
14738568
7
-7
-3
-166
-4234
224
14739593
15
-8
-10
-163
-4235
236
14740618
13
-8
-12
-162
-4226
249
14741643
10
-7
-12
-164
-4229
241
14742668
8
-7
-16
-159
-4235
242
14743693
10
-8
-20
-156
-4227
249
14744718
12
-9
-21
-154
-4225
253
14745743
11
-9
-18
-148
-4231
254
14738561
7
-6
-11
-152
-4232
253
14739586
8
-3
-9
-147
-4226
240
14740611
21
-1
-7
-139
-4222
269
14741636
6
-4
4
-146
-4225
269
14742661
-6
-6
7
-155
-4229
247
14743686
1
-5
2
-149
-4231
251
14744711
2
-4
3
-148
-4220
255
14745736
2
-5
5
-144
-4233
242
14746761
6
-3
9
-149
-4230
249
14747786
9
-3
7
-153
-4230
251
14748811
2
-4
4
-146
-4232
260
14749836
-8
-4
8
-154
-4230
245
14750861
2
-4
6
-149
-4231
256
14751886
1
-3
5
-137
-4220
262
14752911
-6
-4
11
-151
-4228
262
14753936
-1
-4
5
-161
-4239
250
14746752
7
-6
-6
-157
-4229
255
14747777
8
-8
-11
-160
-4232
258
14748802
11
-11
-25
-155
-4233
250
14749827
16
-8
-38
-150
-4216
247
14750852
17
3
-32
-117
-4211
272
14751877
-9
6
11
-105
-4228
278
14752902
-35
4
54
-146
-4244
254
14753927
-19
-1
46
-171
-4245
229
14754952
19
-7
2
-187
-4229
250
14755977
25
-10
-43
-133
-4204
275
14757002
-10
-4
-22
-110
-4226
274
14758027
-35
-1
25
-122
-4255
258
14759052
-32
-2
44
-157
-4236
234
14760077
-12
-2
28
-173
-4235
239
14761102
4
-3
-5
-162
-4227
245
14762127
10
-4
-25
-146
-4224
248
14754945
5
-4
-25
-135
-4236
253
14755970
4
-2
-14
-138
-4235
248
14756995
5
0
-5
-141
-4224
258
14758020
3
-2
5
-136
-4230
253
14759045
-2
-4
17
-139
-4234
257
14760070
-9
-4
23
-152
-4237
253
14761095
-11
-7
15
-153
-4234
246
14762120
-7
-6
5
-147
-4233
251
14763145
-8
-5
3
-139
-4237
252
14764170
-12
-6
6
-145
-4230
250
14765195
-11
-6
11
-143
-4230
245
14766220
-9
-4
14
-141
-4226
247
14767245
-10
-2
20
-151
-4227
248
14768270
-16
-1
18
-156
-4239
243
14769295
-13
-2
11
-155
-4237
233
14770320
-5
-3
11
-150
-4220
246
14763135
-10
-4
14
-151
-4223
241
14764160
-5
-3
11
-157
-4240
243
14765185
0
-5
5
-162
-4233
238
14766210
1
-4
-1
-157
-4228
237
14767235
6
-3
0
-148
-4221
249
14768260
7
-3
6
-149
-4231
239
14769285
6
-4
6
-156
-4236
245
14770310
4
-5
0
-151
-4228
246
14771335
4
-3
0
-151
-4220
241
14772360
1
-4
3
-158
-4239
240
14773385
3
-4
2
-157
-4231
253
14774410
4
-3
-3
-159
-4223
249
14775435
0
-2
-11
-148
-4230
247
14776460
-3
-3
-8
-142
-4233
243
14777485
-4
-4
1
-147
-4223
248
14778510
-16
-4
7
-141
-4227
250
14771329
-17
-3
11
-146
-4227
235
14772354
-8
-4
13
-160
-4234
241
14773379
-8
-4
5
-153
-4237
244
14774404
-9
-4
-5
-152
-4227
242
14775429
-8
-5
-9
-156
-4228
253
14776454
-24
-5
-14
-146
-4232
251
14777479
-35
-6
-2
-151
-4229
238
14778504
-31
-5
-1
-154
-4217
212
14779529
1
-3
-2
-134
-4228
213
14780554
28
-3
8
-137
-4239
236
14781579
21
-5
16
-156
-4228
249
14782604
11
-4
11
-152
-4221
244
14783629
1
-4
12
-146
-4229
247
14784654
-6
-4
17
-145
-4227
226
14785679
3
-3
17
-153
-4230
253
14786704
-10
-5
10
-162
-4234
259
14779567
-21
-5
0
-154
-4226
223
14780592
-6
-3
0
-138
-4229
235
14781617
-12
-4
9
-157
-4236
248
14782642
-24
-4
-8
-161
-4225
218
14783667
-6
1
-16
-138
-4227
225
14784692
-14
-1
5
-128
-4241
263
14785717
-46
-6
25
-141
-4228
226
14786742
-29
-5
39
-148
-4235
191
14787767
4
-1
42
-148
-4228
240
14788792
-21
-2
36
-170
-4235
213
14789817
-16
-2
13
-167
-4243
212
14790842
-5
-4
4
-161
-4231
231
14791867
-7
-5
4
-149
-4213
213
14792892
1
-1
21
-150
-4230
233
14793917
1
-1
34
-163
-4241
226
14794942
-7
-4
30
-183
-4227
240
14787711
-19
-5
3
-174
-4232
210
14788736
-2
-3
-4
-150
-4234
217
14789761
-5
-2
16
-162
-4236
234
14790786
-20
-4
23
-167
-4241
223
14791811
-22
-5
12
-178
-4227
203
14792836
-11
-4
4
-169
-4221
210
14793861
-12
-2
7
-163
-4237
221
14794886
-16
-3
15
-165
-4236
212
14795911
-11
-5
12
-180
-4230
199
14796936
-1
-4
0
-170
-4226
215
14797961
-6
-3
1
-143
-4222
230
14798986
-23
-4
28
-107
-4259
234
14800011
49
2
-29
-185
-4221
230
14801036
-7
-4
8
-224
-4216
171
14802061
-15
-6
27
-174
-4239
210
14803086
-8
-4
11
-174
-4238
216
14795904
-8
-4
6
-171
-4229
221
14796929
-11
-4
9
-165
-4226
214
14797954
-11
-3
14
-159
-4233
211
14798979
-9
-3
24
-178
-4236
219
14800004
-17
-5
16
-178
-4242
205
14801029
24
-4
-32
-155
-4229
201
14802054
10
-1
-8
-203
-4222
190
14803079
-4
-3
11
-171
-4237
212
14804104
-4
-4
10
-168
-4236
219
14805129
-8
-5
9
-185
-4234
211
14806154
-7
-6
0
-175
-4231
212
14807179
-8
-6
-11
-164
-4229
206
14808204
-7
-7
-5
-163
-4229
199
14809229
1
-5
3
-173
-4235
199
14810254
9
-5
2
-177
-4231
206
14811279
3
-6
-3
-161
-4224
220
14804096
-9
-4
11
-162
-4228
201
14805121
-2
-1
25
-177
-4235
210
14806146
-9
-2
9
-188
-4229
208
14807171
-6
-5
-13
-177
-4234
198
14808196
3
-5
-14
-162
-4228
219
14809221
-8
-6
-3
-169
-4223
219
14810246
-13
-5
3
-174
-4226
210
14811271
-14
-4
5
-160
-4234
206
14812296
-16
-3
7
-169
-4234
198
14813321
-5
-4
6
-171
-4226
199
14814346
-1
-5
9
-174
-4234
211
14815371
-11
-4
8
-179
-4234
201
14816396
-7
-3
1
-177
-4230
195
14817421
-5
-5
-4
-166
-4228
200
14818446
-6
-5
1
-164
-4228
199
14819471
-6
-5
5
-173
-4236
211
14812288
-6
-6
-1
-175
-4228
198
14813313
-9
-6
-6
-172
-4223
206
14814338
-12
-5
-6
-174
-4235
205
14815363
-11
-5
-4
-165
-4237
189
14816388
-2
-6
0
-165
-4227
204
14817413
-3
-7
3
-170
-4229
211
14818438
-8
-5
5
-167
-4229
195
14819463
-3
-4
4
-161
-4226
195
14820488
0
-5
4
-165
-4230
201
14821513
-3
-5
5
-166
-4237
201
14822538
-3
-5
6
-163
-4226
206
14823563
-4
-5
6
-169
-4237
195
14824588
-7
-5
9
-164
-4231
190
14825613
-4
-5
12
-166
-4232
194
14826638
-3
-4
10
-169
-4234
201
14827663
-5
-3
5
-167
-4229
198
14820480
-4
-5
2
-169
-4230
194
14821505
-4
-5
2
-165
-4237
194
14822530
-3
-4
4
-170
-4234
196
14823555
-1
-6
2
-163
-4230
197
14824580
-1
-5
3
-163
-4234
199
14825605
0
-4
7
-169
-4229
203
14826630
-1
-3
9
-171
-4228
203
14827655
-5
-3
4
-177
-4242
195
14828680
-2
-4
-2
-173
-4233
195
14829705
0
-4
-2
-169
-4222
198
14830730
-7
-4
3
-160
-4222
202
14831755
-11
-3
9
-166
-4226
199
14832780
-10
-4
11
-173
-4236
194
14833805
-7
-3
10
-162
-4228
197
14834830
-5
-2
14
-162
-4227
194
14835855
-8
-2
21
-170
-4228
201
14828672
-9
-3
20
-173
-4233
198
14829697
-9
-4
10
-174
-4230
194
14830722
3
-6
-1
-103
-4238
238
14831747
69
-7
-37
-221
-4221
193
14832772
-13
-6
9
-191
-4235
148
14833797
-11
-6
24
-168
-4227
207
14834822
-13
-5
17
-173
-4232
203
14835847
4
-8
5
-139
-4244
215
14836872
21
-7
-3
-203
-4227
182
14837897
-17
-4
13
-172
-4227
188
14838922
-13
-4
14
-172
-4226
202
14839947
-12
-4
8
-180
-4229
196
14840972
-15
-5
2
-169
-4236
198
14841997
-20
-7
5
-169
-4235
198
14843022
-32
-8
5
-179
-4240
209
14844047
-41
-6
-4
-172
-4235
182
14836864
-30
-6
-2
-172
-4227
173
14837889
-13
-4
-3
-167
-4227
162
14838914
21
-4
1
-162
-4229
173
14839939
28
-4
13
-167
-4234
203
14840964
8
-2
22
-170
-4229
190
14841989
3
-2
22
-179
-4236
194
14843014
0
-4
17
-186
-4234
187
14844039
5
-3
3
-177
-4230
182
14845064
12
-3
-1
-181
-4230
188
14846089
15
-1
-3
-174
-4229
193
14847114
15
-3
-1
-178
-4232
197
14848139
8
-3
-1
-176
-4228
192
14849164
10
-3
-3
-169
-4233
193
14850189
5
-3
-1
-173
-4238
203
14851214
0
-3
5
-173
-4238
203
14852239
-3
-4
7
-175
-4233
200
14845057
-3
-4
6
-171
-4231
191
14846082
0
-4
7
-166
-4231
195
14847107
2
-5
5
-171
-4230
193
14848132
9
-5
2
-173
-4234
195
14849157
14
-4
0
-175
-4230
198
14850182
16
-4
-9
-175
-4231
210
14851207
6
-5
-8
-172
-4232
209
14852232
4
-5
-2
-168
-4235
204
14853257
5
-5
4
-167
-4231
200
14854282
5
-5
5
-170
-4233
203
14855307
12
-4
3
-163
-4227
205
14856332
10
-4
4
-171
-4231
204
14857357
10
-4
5
-172
-4233
213
14858382
3
-5
8
-173
-4233
203
14859407
3
-5
6
-176
-4229
206
14860432
6
-4
2
-171
-4228
198
14853359
10
-5
7
-170
-4231
208
14854384
15
-5
8
-182
-4229
208
14855409
18
-5
7
-170
-4225
214
14856434
10
-5
4
-175
-4233
219
14857459
9
-3
4
-169
-4236
222
14858484
7
-5
8
-176
-4235
218
14859509
9
-5
5
-179
-4235
211
14860534
9
-4
5
-174
-4234
219
14861559
-1
-3
6
-170
-4227
220
14862584
-2
-3
7
-173
-4227
212
14863609
7
-4
7
-169
-4233
216
14864634
2
-6
7
-173
-4234
224
14865659
-6
-3
11
-169
-4243
212
14866684
0
-4
19
-181
-4224
209
14867709
2
-6
16
-179
-4226
216
14868734
-2
-4
4
-181
-4236
222
14861440
5
-5
-2
-176
-4225
218
14862465
4
-5
-1
-176
-4231
221
14863490
-1
-3
2
-169
-4236
224
14864515
-3
-3
11
-173
-4226
212
14865540
-2
-4
9
-178
-4230
218
14866565
0
-3
8
-178
-4234
224
14867590
-2
-3
8
-175
-4227
216
14868615
-1
-3
7
-178
-4233
223
14869640
-3
-4
7
-175
-4241
227
14870665
-2
-4
9
-175
-4229
211
14871690
3
-6
15
-177
-4222
221
14872715
0
-5
15
-186
-4230
222
14873740
-2
-3
9
-187
-4224
222
14874765
-6
-3
6
-186
-4230
220
14875790
-5
-3
4
-183
-4231
215
14876815
-3
-4
2
-179
-4229
217
14869632
-5
-4
3
-179
-4231
215
14870657
-2
-4
6
-183
-4231
217
14871682
4
-6
7
-181
-4227
216
14872707
3
-6
4
-183
-4231
220
14873732
0
-4
4
-177
-4228
217
14874757
5
-4
4
-188
-4233
224
14875782
-3
-4
2
-183
-4244
227
14876807
-7
-3
3
-187
-4235
214
14877832
-5
-4
4
-182
-4227
211
14878857
-4
-4
1
-179
-4238
220
14879882
-4
-3
4
-186
-4234
222
14880907
0
-3
7
-186
-4235
220
14881932
-3
-5
4
-184
-4230
218
14882957
-1
-5
3
-183
-4223
224
14883982
3
-5
4
-179
-4235
222
14885007
0
-4
9
-179
-4226
223
14877843
-3
-4
10
-196
-4237
214
14878868
3
-5
7
-187
-4241
217
14879893
7
-5
7
-188
-4230
219
14880918
4
-5
1
-184
-4229
224
14881943
-2
-6
-3
-173
-4234
214
14882968
-6
-5
3
-178
-4231
214
14883993
-7
-5
8
-186
-4233
219
14885018
-9
-5
11
-179
-4231
220
14886043
-8
-6
13
-180
-4228
219
14887068
-9
-6
12
-185
-4223
217
14888093
-10
-6
12
-185
-4228
214
14889118
-8
-5
11
-188
-4237
215
14890143
-7
-4
8
-186
-4236
216
14891168
-6
-5
9
-187
-4231
217
14892193
-12
-7
11
-187
-4233
211
14893218
-10
-5
12
-195
-4227
209
14886017
-8
-6
8
-191
-4233
211
14887042
-5
-7
6
-185
-4234
213
14888067
0
-11
9
-188
-4231
216
14889092
0
-11
9
-191
-4227
216
14890117
-4
-9
6
-187
-4234
214
14891142
4
8
-17
-45
-4239
202
14892167
8
27
-7
-335
-4220
216
14893192
0
-13
11
-182
-4226
205
14894217
4
-9
8
-182
-4225
225
14895242
-8
-6
4
-193
-4228
216
14896267
-6
-7
4
-185
-4232
208
14897292
-2
-7
4
-183
-4226
215
14898317
-7
-6
5
-189
-4238
217
14899342
-3
-6
4
-134
-4234
216
14900367
10
5
4
-245
-4228
215
14901392
-4
-6
3
-197
-4229
202
14894208
4
-7
4
-183
-4229
214
14895233
1
-6
4
-189
-4235
217
14896258
-2
-6
2
-179
-4236
219
14897283
1
-5
3
-183
-4229
210
14898308
-2
-4
3
-191
-4228
209
14899333
0
-4
4
-186
-4234
212
14900358
0
-4
3
-184
-4231
222
14901383
0
-4
1
-189
-4232
222
14902408
-8
-4
1
-187
-4229
214
14903433
-14
-4
3
-186
-4223
210
14904458
-14
-5
1
-190
-4235
214
14905483
-11
-5
2
-179
-4232
205
14906508
-1
-5
7
-190
-4217
211
14907533
0
-4
4
-185
-4227
214
14908558
-1
-4
6
-187
-4234
213
14909583
1
-6
8
-193
-4226
206
14902400
-2
-5
4
-187
-4230
211
14903425
1
-4
3
-179
-4235
214
14904450
-1
-5
5
-185
-4231
216
14905475
-3
-5
4
-191
-4232
219
14906500
-4
-4
4
-184
-4239
202
14907525
1
-5
4
-189
-4235
209
14908550
-4
-5
3
-185
-4232
215
14909575
-8
-4
5
-190
-4231
207
14910600
-5
-4
5
-184
-4232
213
14911625
-9
-4
4
-181
-4238
213
14912650
-11
-4
4
-180
-4232
208
14913675
-6
-4
5
-189
-4235
210
14914700
-9
-3
5
-188
-4234
205
14915725
-11
-5
4
-174
-4231
212
14916750
20
-1
-4
-144
-4230
218
14917775
8
3
4
-252
-4227
193
14910592
-9
-7
8
-178
-4232
207
14911617
-5
-6
5
-186
-4234
212
14912642
-10
-5
5
-183
-4232
212
14913667
-6
-5
4
-190
-4228
202
14914692
-2
-4
3
-192
-4236
203
14915717
1
-4
3
-183
-4230
184
14916742
10
-5
4
-184
-4230
214
14917767
-3
-4
3
-182
-4237
205
14918792
-2
-4
5
-186
-4235
210
14919817
-2
-4
4
-194
-4227
209
14920842
-3
-4
1
-182
-4237
201
14921867
1
-5
3
-184
-4230
211
14922892
-3
-5
4
-185
-4224
219
14923917
-9
-4
4
-185
-4237
214
14924942
-8
-5
4
-190
-4236
201
14925967
-1
-5
5
-186
-4230
204
14918784
0
-6
5
-183
-4233
204
14919809
0
-6
5
-187
-4231
211
14920834
3
-5
4
-186
-4232
210
14921859
1
-6
5
-184
-4231
208
14922884
6
-5
5
-187
-4234
202
14923909
8
-7
5
-185
-4235
210
14924934
10
-11
6
-190
-4228
209
14925959
14
-12
7
-191
-4228
217
14926984
8
-12
7
-170
-4232
218
14928009
1
3
3
-156
-4224
209
14929034
-5
6
3
-238
-4228
227
14930059
-8
-9
7
-178
-4237
206
14931084
-4
-1
2
-146
-4225
204
14932109
-5
9
1
-238
-4231
228
14933134
-11
-5
5
-190
-4230
211
14934159
-7
-5
6
-191
-4225
212
14926975
-8
-3
4
-189
-4234
218
14928000
-11
-3
4
-183
-4232
208
14929025
-6
6
3
-146
-4232
208
14930050
-4
8
7
-243
-4234
211
14931075
-5
-8
7
-185
-4231
204
14932100
-2
-6
4
-185
-4229
218
14933125
-6
-3
2
-202
-4233
209
14934150
-6
-3
5
-188
-4231
196
14935175
1
-4
3
-186
-4229
208
14936200
4
-5
4
-189
-4225
217
14937225
0
-4
6
-189
-4225
205
14938250
3
-5
7
-191
-4235
204
14939275
7
-7
7
-189
-4231
209
14940300
3
-1
-4
-187
-4230
212
14941325
0
2
-3
-199
-4225
218
14942350
-6
-4
4
-186
-4236
213
14935168
-7
-4
6
-197
-4231
212
14936193
-6
-3
6
-193
-4226
207
14937218
-4
-4
5
-189
-4230
201
14938243
0
-7
6
-190
-4237
212
14939268
-2
-5
5
-177
-4236
208
14940293
-1
3
-2
-180
-4232
208
14941318
-1
1
0
-208
-4230
213
14942343
-1
-5
4
-188
-4228
205
14943368
0
-5
4
-190
-4230
200
14944393
1
-4
5
-187
-4239
207
14945418
1
-5
4
-186
-4231
216
14946443
-4
-4
3
-187
-4232
213
14947468
-3
-4
3
-187
-4239
213
14948493
-4
-4
4
-186
-4227
214
14949518
-3
-4
4
-191
-4230
201
14950543
1
-5
4
-188
-4230
224
14943360
-5
-4
3
-185
-4232
218
14944385
-4
-3
2
-181
-4233
208
14945410
-2
-3
4
-187
-4225
210
14946435
-3
-4
4
-186
-4223
207
14947460
-2
-4
4
-194
-4236
211
14948485
-6
-4
6
-186
-4228
210
14949510
-3
-4
4
-181
-4225
200
14950535
0
-4
3
-185
-4233
211
14951560
-1
-5
3
-188
-4231
208
14952585
0
-5
4
-191
-4228
206
14953610
2
-5
2
-192
-4239
203
14954635
2
-5
4
-189
-4232
210
14955660
1
-5
5
-193
-4225
212
14956685
-1
-5
4
-182
-4232
208
14957710
0
-4
4
-187
-4234
204
14958735
8
-5
1
-191
-4234
212
14951552
6
-5
2
-187
-4233
212
14952577
2
-5
4
-185
-4229
214
14953602
-2
-5
4
-183
-4233
214
14954627
-9
-4
4
-184
-4227
201
14955652
-3
-5
4
-186
-4226
197
14956677
2
-5
3
-188
-4234
206
14957702
0
-4
3
-183
-4234
209
14958727
2
-4
4
-185
-4226
209
14959752
0
-4
3
-184
-4230
212
14960777
2
-4
4
-185
-4230
213
14961802
-1
-4
4
-189
-4225
210
14962827
-4
-5
4
-184
-4237
202
14963852
1
-4
5
-189
-4228
204
14964877
3
-4
4
-183
-4225
205
14965902
2
-5
3
-183
-4229
210
14966927
-2
-5
4
-186
-4232
224
14959745
-4
-4
4
-179
-4232
211
14960770
-1
-5
3
-183
-4234
211
14961795
1
-4
5
-185
-4228
215
14962820
-2
-4
4
-187
-4229
207
14963845
-2
-4
4
-189
-4229
212
14964870
-2
-5
5
-191
-4231
212
14965895
-1
-5
5
-189
-4235
209
14966920
-3
-3
5
-187
-4230
206
14967945
-2
-4
4
-190
-4232
210
14968970
-1
-4
3
-185
-4230
205
14969995
1
-4
4
-180
-4234
213
14971020
2
-4
4
-186
-4233
211
14972045
2
-4
4
-186
-4236
215
14973070
3
-5
4
-184
-4229
210
14974095
5
-4
3
-186
-4222
218
14975120
3
-4
5
-187
-4225
219
14967935
1
-5
5
-186
-4235
214
14968960
1
-5
5
-192
-4238
217
14969985
2
-4
3
-189
-4230
216
14971010
2
-4
3
-184
-4232
212
14972035
2
-4
4
-185
-4233
224
14973060
-6
-4
5
-191
-4229
212
14974085
-6
-4
4
-179
-4231
202
14975110
0
-4
4
-181
-4234
215
14976135
1
-4
4
-187
-4228
214
14977160
-2
-5
4
-186
-4232
212
14978185
-3
-4
4
-185
-4234
215
14979210
-1
-4
3
-188
-4229
215
14980235
1
-4
3
-187
-4237
211
14981260
-2
-4
4
-187
-4240
215
14982285
-4
-6
5
-184
-4231
212
14983310
-2
-5
4
-184
-4232
214
14976129
-5
-4
3
-183
-4230
212
14977154
-1
-5
3
-188
-4227
211
14978179
2
-5
4
-189
-4229
212
14979204
0
-5
4
-190
-4234
216
14980229
1
-5
5
-189
-4235
216
14981254
-2
-4
4
-181
-4230
208
14982279
-1
-4
4
-180
-4231
213
14983304
-2
-4
3
-189
-4232
210
14984329
-3
-4
4
-186
-4231
218
14985354
-4
-5
4
-182
-4229
220
14986379
-1
-5
4
-186
-4228
219
14987404
-3
-5
4
-182
-4225
212
14988429
-3
-3
3
-186
-4229
215
14989454
-3
-3
4
-182
-4229
215
14990479
0
-4
4
-187
-4225
206
14991504
3
-4
5
-190
-4234
211
14984320
6
-5
5
-187
-4229
215
14985345
5
-5
3
-187
-4237
222
14986370
3
-5
4
-185
-4234
218
14987395
0
-5
5
-186
-4238
209
14988420
3
-4
5
-190
-4235
215
14989445
5
-5
3
-187
-4229
221
14990470
6
-4
1
-184
-4232
215
14991495
3
-5
3
-181
-4236
218
14992520
-1
-4
5
-189
-4231
221
14993545
-3
-5
5
-183
-4234
219
14994570
-3
-5
6
-185
-4228
212
14995595
-1
-4
5
-186
-4226
215
14996620
-1
-5
5
-192
-4230
217
14997645
-1
-4
4
-187
-4233
211
14998670
0
-4
4
-187
-4236
216
14999695
0
-5
4
-189
-4229
216
14992520
-1
-5
4
-183
-4237
214
14993545
-5
-4
4
-189
-4232
213
14994570
-1
-5
5
-189
-4224
215
14995595
2
-5
4
-192
-4232
220
14996620
0
-4
4
-187
-4239
217
14997645
2
-6
5
-187
-4232
212
14998670
1
-5
5
-188
-4231
211
14999695
-5
-5
5
-181
-4231
215
15000720
-5
-5
6
-183
-4226
219
15001745
-6
-5
4
-189
-4229
220
15002770
-5
-5
4
-187
-4232
211
15003795
-3
-4
5
-187
-4230
216
15004820
-5
-4
5
-183
-4225
221
15005845
-7
-5
5
-189
-4231
211
15006870
-2
-5
6
-186
-4234
203
15007895
-5
-6
6
-183
-4231
216
15000704
-7
-5
5
-184
-4231
210
15001729
-2
-5
5
-192
-4234
214
15002754
0
-4
4
-183
-4235
210
15003779
2
-5
4
-184
-4240
212
15004804
4
-5
4
-189
-4230
219
15005829
2
-5
3
-189
-4234
217
15006854
3
-5
5
-188
-4234
218
15007879
-1
-6
5
-165
-4233
212
15008904
-7
9
-2
-190
-4232
215
15009929
3
-2
0
-218
-4231
220
15010954
9
-9
3
-181
-4233
219
15011979
-2
-4
2
-183
-4233
224
15013004
-4
-4
4
-190
-4232
216
15014029
-7
-4
6
-187
-4241
214
15015054
-6
-5
6
-188
-4237
214
15016079
1
-5
6
-190
-4229
210
15008897
4
-5
6
-169
-4231
212
15009922
-5
9
1
-185
-4232
212
15010947
-7
2
5
-213
-4231
214
15011972
-3
-11
6
-171
-4231
218
15012997
-5
-4
4
-193
-4228
214
15014022
-5
-3
3
-190
-4230
205
15015047
-2
-4
4
-187
-4225
212
15016072
2
-4
3
-185
-4234
215
15017097
3
-4
4
-191
-4234
214
15018122
-7
-4
5
-188
-4228
219
15019147
-7
-4
3
-193
-4230
205
15020172
1
-4
4
-192
-4232
213
15021197
3
-5
4
-192
-4226
215
15022222
3
-4
4
-187
-4233
217
15023247
-2
-4
4
-183
-4232
215
15024272
0
-4
4
-191
-4226
219
15017087
1
-5
5
-196
-4235
220
15018112
-3
-5
5
-190
-4228
206
15019137
-2
-5
5
-189
-4225
221
15020162
-1
-5
4
-186
-4235
216
15021187
-2
-4
3
-193
-4237
206
15022212
2
-5
3
-194
-4233
216
15023237
1
-5
3
-188
-4235
215
15024262
4
-5
4
-182
-4232
218
15025287
6
-4
3
-187
-4230
227
15026312
3
-3
3
-189
-4229
220
15027337
2
-4
4
-187
-4229
213
15028362
4
-4
4
-192
-4236
222
15029387
2
-4
4
-191
-4234
229
15030412
-8
-5
1
-188
-4229
218
15031437
-3
-4
3
-190
-4230
207
15032462
4
-4
4
-186
-4236
220
15025280
-6
-4
4
-187
-4231
221
15026305
-8
-5
4
-188
-4231
209
15027330
-8
-5
4
-185
-4232
211
15028355
-6
-4
5
-181
-4237
211
15029380
-1
-4
5
-181
-4231
214
15030405
-6
-3
4
-190
-4235
215
15031430
-7
-4
4
-190
-4232
215
15032455
-4
-4
3
-189
-4230
209
15033480
-6
-4
3
-184
-4230
212
15034505
-4
-4
3
-189
-4235
224
15035530
-2
-4
4
-190
-4233
220
15036555
-4
-5
3
-187
-4233
211
15037580
2
-4
3
-188
-4231
212
15038605
-1
-4
3
-184
-4242
214
15039630
1
-5
4
-190
-4233
214
15040655
3
-4
4
-186
-4231
220
15033472
2
-5
4
-184
-4226
218
15034497
0
-4
3
-184
-4230
218
15035522
0
-4
4
-189
-4237
217
15036547
0
-4
4
-189
-4227
219
15037572
1
-4
3
-186
-4224
215
15038597
-2
-4
3
-189
-4232
212
15039622
-3
-4
4
-185
-4231
209
15040647
0
-5
4
-187
-4235
216
15041672
-3
-4
3
-186
-4232
209
15042697
-1
-5
4
-186
-4225
221
15043722
-5
-4
3
-188
-4239
220
15044747
-3
-4
3
-182
-4235
208
15045772
1
-6
5
-182
-4233
210
15046797
2
-5
3
-190
-4234
207
15047822
-1
-5
4
-187
-4224
218
15048847
0
-4
5
-185
-4229
209
15041664
0
-4
5
-187
-4233
217
15042689
-2
-5
3
-190
-4227
206
15043714
3
-5
2
-185
-4230
217
15044739
2
-5
3
-182
-4228
229
15045764
-4
-4
3
-188
-4231
222
15046789
-7
-3
4
-191
-4232
209
15047814
-6
-4
4
-188
-4232
211
15048839
-2
-4
4
-190
-4233
217
15049864
0
-5
3
-187
-4235
217
15050889
-2
-5
4
-186
-4233
214
15051914
-3
-4
4
-188
-4231
221
15052939
-6
-4
2
-187
-4234
222
15053964
-3
-5
2
-182
-4227
214
15054989
-4
-5
3
-180
-4228
213
15056014
-4
-5
5
-189
-4231
214
15057039
-4
-4
5
-189
-4224
211
15049856
-2
-6
4
-189
-4234
210
15050881
-1
-5
4
-185
-4237
214
15051906
-5
-5
5
-187
-4227
207
15052931
-5
-4
4
-187
-4227
203
15053956
-6
-3
3
-188
-4233
204
15054981
-2
-4
4
-190
-4233
209
15056006
-3
-4
5
-187
-4237
216
15057031
-4
-4
4
-190
-4229
215
15058056
-3
-5
4
-186
-4229
205
15059081
-2
-5
4
-183
-4235
205
15060106
-1
-4
4
-184
-4232
216
15061131
-3
-3
4
-184
-4238
218
15062156
-6
-5
4
-181
-4229
203
15063181
-2
-5
4
-188
-4227
208
15064206
-1
-5
4
-186
-4229
216
15065231
-1
-4
4
-187
-4236
211
15058047
0
-4
4
-184
-4228
210
15059072
2
-4
4
-183
-4236
212
15060097
2
-4
4
-188
-4234
212
15061122
2
-4
4
-188
-4228
203
15062147
2
-4
5
-190
-4235
214
15063172
1
-4
4
-192
-4228
212
15064197
-1
-5
3
-186
-4231
211
15065222
3
-4
3
-181
-4239
207
15066247
1
-4
4
-181
-4232
219
15067272
-6
-4
4
-183
-4225
222
15068297
-10
-4
3
-190
-4230
210
15069322
-8
-4
4
-186
-4231
205
15070347
-2
-4
4
-183
-4228
208
15071372
-3
-4
3
-186
-4229
211
15072397
-7
-4
4
-182
-4232
207
15073422
-4
-4
4
-187
-4228
205
15066240
-1
-4
3
-185
-4231
217
15067265
0
-4
5
-184
-4228
218
15068290
-2
-5
5
-190
-4235
226
15069315
-7
-4
4
-185
-4231
212
15070340
-5
-4
4
-184
-4235
208
15071365
-2
-4
3
-191
-4238
201
15072390
1
-5
3
-188
-4223
211
15073415
-3
-4
5
-186
-4231
200
15074440
-6
-4
5
-187
-4232
212
15075465
-8
-4
5
-186
-4228
211
15076490
-8
-4
3
-184
-4233
206
15077515
-3
-5
4
-188
-4236
198
15078540
-2
-5
5
-192
-4236
208
15079565
-3
-3
4
-186
-4238
209
15080590
-5
-3
4
-182
-4234
206
15081615
-4
-3
4
-190
-4229
208
15074433
-3
-4
5
-182
-4231
212
15075458
-2
-4
5
-185
-4228
210
15076483
-3
-4
5
-190
-4227
210
15077508
-2
-5
4
-188
-4237
206
15078533
-2
-5
4
-186
-4236
204
15079558
0
-5
4
-185
-4229
210
15080583
-2
-4
3
-179
-4238
207
15081608
7
-1
1
-153
-4237
200
15082633
12
2
2
-225
-4226
200
15083658
2
-4
5
-183
-4235
207
15084683
2
-6
5
-192
-4236
209
15085708
1
-4
2
-195
-4233
204
15086733
5
-4
0
-189
-4233
215
15087758
1
-4
3
-189
-4232
216
15088783
-6
-5
5
-188
-4230
208
15089808
-10
-5
5
-187
-4233
210
15082623
-5
-5
3
-185
-4228
205
15083648
0
-4
3
-187
-4233
211
15084673
1
-4
4
-182
-4232
213
15085698
0
-4
4
-189
-4229
214
15086723
-2
-4
4
-188
-4241
210
15087748
-1
-4
4
-188
-4241
214
15088773
-1
-4
4
-184
-4238
209
15089798
-4
-5
5
-187
-4235
208
15090823
-2
-4
5
-186
-4231
206
15091848
3
-5
4
-181
-4237
206
15092873
2
-5
3
-186
-4236
213
15093898
1
-4
3
-189
-4230
215
15094923
-1
-4
3
-187
-4233
213
15095948
-2
-4
4
-190
-4236
208
15096973
1
-5
4
-191
-4233
205
15097998
4
-5
4
-186
-4235
214
15090817
0
-4
3
-187
-4236
210
15091842
1
-5
3
-185
-4235
209
15092867
3
-5
4
-189
-4235
218
15093892
0
-4
5
-188
-4228
215
15094917
-1
-4
4
-187
-4237
220
15095942
-4
-4
5
-189
-4234
210
15096967
-2
-4
5
-189
-4229
205
15097992
0
-4
3
-186
-4237
221
15099017
0
-5
3
-187
-4235
211
15100042
1
-5
4
-189
-4236
210
15101067
2
-5
4
-187
-4242
211
15102092
1
-4
4
-190
-4233
214
15103117
1
-4
5
-186
-4231
205
15104142
-2
-4
5
-189
-4236
207
15105167
-2
-4
4
-195
-4236
210
15106192
3
-3
2
-186
-4227
210
15099008
5
-4
3
-180
-4235
211
15100033
-1
-5
4
-186
-4239
208
15101058
-5
-4
4
-189
-4232
215
15102083
-9
-4
4
-187
-4228
214
15103108
-5
-3
5
-185
-4227
202
15104133
-3
-4
3
-185
-4230
211
15105158
-4
-4
3
-187
-4234
212
15106183
-3
-5
4
-189
-4227
205
15107208
0
-4
4
-189
-4240
201
15108233
-3
-5
4
-187
-4237
208
15109258
-4
-5
4
-185
-4231
209
15110283
-5
-5
4
-185
-4236
206
15111308
-4
-5
5
-190
-4230
214
15112333
-1
-4
3
-188
-4231
209
15113358
0
-4
3
-191
-4236
206
15114383
-1
-5
4
-183
-4238
208
15107199
-3
-5
5
-188
-4233
216
15108224
-3
-5
4
-187
-4236
209
15109249
-1
-5
3
-189
-4234
211
15110274
-3
-4
3
-191
-4233
209
15111299
-4
-4
3
-187
-4234
204
15112324
-2
-4
5
-187
-4230
208
15113349
-5
-3
5
-192
-4232
218
15114374
-4
-4
4
-188
-4234
211
15115399
-4
-4
3
-185
-4235
210
15116424
-5
-4
3
-183
-4241
205
15117449
-5
-4
4
-187
-4237
207
15118474
-5
-4
5
-184
-4230
212
15119499
-4
-3
4
-187
-4231
208
15120524
-4
-4
4
-191
-4233
205
15121549
-1
-5
4
-186
-4240
204
15122574
1
-5
3
-189
-4240
203
15115392
1
-5
3
-185
-4229
206
15116417
0
-5
4
-180
-4231
209
15117442
-1
-5
4
-192
-4236
203
15118467
2
-5
4
-187
-4233
207
15119492
4
-4
2
-186
-4235
206
15120517
8
-4
3
-184
-4228
204
15121542
8
-5
6
-187
-4220
217
15122567
-3
-4
4
-183
-4234
209
15123592
-7
-5
4
-187
-4230
198
15124617
0
-5
4
-188
-4230
208
15125642
1
-4
3
-188
-4232
212
15126667
1
-5
4
-183
-4233
210
15127692
0
-5
4
-184
-4239
211
15128717
0
-4
4
-187
-4230
215
15129742
-1
-5
3
-184
-4228
213
15130767
-5
-5
4
-187
-4229
210
15123584
-6
-4
5
-191
-4230
206
15124609
-1
-4
3
-191
-4232
211
15125634
-1
-4
3
-187
-4236
208
15126659
-2
-5
3
-185
-4236
206
15127684
-2
-5
5
-185
-4229
213
15128709
-5
-4
4
-186
-4228
211
15129734
-4
-5
5
-187
-4225
206
15130759
-4
-4
3
-184
-4233
214
15131784
-2
-3
3
-183
-4235
213
15132809
-1
-5
3
-185
-4234
209
15133834
-3
-4
3
-189
-4229
203
15134859
-2
-5
3
-185
-4235
210
15135884
-1
-5
4
-184
-4231
212
15136909
2
-4
5
-183
-4228
212
15137934
4
-5
5
-181
-4233
214
15138959
5
-6
5
-187
-4236
206
15131776
2
-5
6
-190
-4237
211
15132801
1
-4
4
-185
-4230
213
15133826
1
-4
4
-186
-4231
216
15134851
1
-4
4
-182
-4235
206
15135876
4
-5
4
-187
-4228
213
15136901
0
-5
4
-189
-4235
212
15137926
1
-4
5
-182
-4238
215
15138951
1
-4
5
-188
-4232
213
15139976
1
-5
4
-192
-4233
207
15141001
1
-5
3
-184
-4231
212
15142026
1
-5
1
-186
-4228
211
15143051
-1
-5
3
-190
-4233
217
15144076
-8
-5
4
-183
-4232
217
15145101
-11
-3
5
-185
-4229
217
15146126
-9
-4
5
-186
-4234
209
15147151
-3
-5
5
-190
-4227
221
15139968
-5
-5
5
-186
-4234
215
15140993
-6
-4
4
-189
-4229
216
15142018
-2
-4
4
-189
-4231
214
15143043
1
-6
4
-187
-4229
212
15144068
-1
-4
4
-188
-4229
216
15145093
-7
-4
4
-182
-4231
210
15146118
-2
-4
4
-191
-4234
208
15147143
-2
-5
4
-185
-4233
216
15148168
-1
-4
4
-187
-4227
215
15149193
-6
-4
4
-182
-4223
216
15150218
-10
-5
5
-181
-4229
207
15151243
-8
-5
5
-185
-4230
200
15152268
-6
-4
4
-190
-4229
213
15153293
-5
-3
5
-190
-4234
209
15154318
-4
-4
5
-185
-4227
204
15155343
-7
-4
4
-188
-4226
207
15148160
-6
-3
5
-192
-4228
208
15149185
-6
-4
4
-183
-4234
214
15150210
12
3
0
-128
-4231
210
15151235
11
5
5
-271
-4228
194
15152260
-1
-10
6
-146
-4237
207
15153285
10
-4
3
-209
-4228
213
15154310
-2
-3
3
-211
-4236
199
15155335
3
-6
5
-183
-4232
213
15156360
0
-5
5
-183
-4231
204
15157385
-2
-5
4
-190
-4227
203
15158410
1
-4
4
-178
-4237
213
15159435
1
-5
7
-187
-4236
209
15160460
3
-6
6
-194
-4222
203
15161485
3
-3
0
-192
-4238
206
15162510
1
-4
0
-193
-4234
208
15163535
3
-5
3
-190
-4227
222
15156353
-7
-4
4
-189
-4232
219
15157378
-16
-5
5
-185
-4240
200
15158403
1
-4
5
-189
-4225
208
15159428
4
-5
3
-189
-4234
218
15160453
-3
-5
3
-184
-4236
210
15161478
-1
-4
5
-180
-4234
213
15162503
-4
-4
4
-183
-4228
208
15163528
-2
-5
4
-188
-4229
212
15164553
1
-3
3
-186
-4236
215
15165578
-3
-4
3
-189
-4230
204
15166603
0
-5
2
-194
-4231
209
15167628
2
-4
3
-187
-4232
208
15168653
0
-4
4
-182
-4229
210
15169678
-1
-4
4
-188
-4229
214
15170703
-3
-4
5
-190
-4235
212
15171728
0
-4
5
-191
-4231
214
15164544
-2
-5
3
-189
-4236
217
15165569
-1
-4
4
-183
-4237
210
15166594
0
-4
4
-184
-4230
210
15167619
0
-4
3
-191
-4232
217
15168644
-3
-5
3
-185
-4230
210
15169669
-4
-4
4
-191
-4231
219
15170694
-3
-7
4
-187
-4233
207
15171719
3
-7
5
-186
-4232
208
15172744
2
-4
4
-194
-4227
216
15173769
-2
-5
2
-192
-4238
206
15174794
-2
-6
4
-188
-4230
203
15175819
2
-6
4
-186
-4233
212
15176844
2
-6
3
-186
-4233
211
15177869
-1
-5
3
-187
-4231
211
15178894
-1
-5
4
-186
-4236
222
15179919
-1
-4
4
-185
-4237
213
15172735
4
-4
3
-187
-4228
214
15173760
9
-6
1
-191
-4231
213
15174785
11
-4
2
-184
-4234
228
15175810
2
-3
4
-180
-4229
220
15176835
-7
-5
8
-190
-4236
213
15177860
-7
-6
6
-185
-4232
205
15178885
-4
-4
5
-186
-4235
217
15179910
-3
-4
4
-192
-4233
220
15180935
-3
-4
4
-186
-4231
212
15181960
-1
-4
3
-188
-4234
219
15182985
-1
-4
4
-192
-4235
216
15184010
-2
-4
5
-190
-4227
214
15185035
-3
-4
4
-187
-4233
213
15186060
-4
-4
4
-186
-4239
213
15187085
-3
-4
4
-183
-4236
208
15188110
1
-4
4
-185
-4233
203
15180928
2
-5
3
-182
-4235
219
15181953
-2
-4
3
-186
-4230
216
15182978
0
-5
4
-185
-4232
208
15184003
1
-5
4
-186
-4236
209
15185028
1
-4
3
-192
-4230
215
15186053
1
-3
3
-185
-4234
209
15187078
-1
-3
4
-183
-4231
207
15188103
1
-5
4
-182
-4226
215
15189128
-1
-5
3
-182
-4239
213
15190153
-2
-4
5
-192
-4231
217
15191178
-1
-5
4
-186
-4229
219
15192203
-2
-4
4
-184
-4237
219
15193228
-2
-5
5
-196
-4235
212
15194253
-2
-4
5
-184
-4232
222
15195278
-6
-4
4
-184
-4232
207
15196303
2
-5
5
-192
-4232
209
15189120
5
-5
4
-189
-4236
225
15190145
-2
-4
2
-177
-4226
202
15191170
4
-4
5
-185
-4223
215
15192195
1
-4
4
-186
-4230
212
15193220
2
-4
4
-191
-4225
211
15194245
3
-4
3
-187
-4224
215
15195270
-1
-3
1
-188
-4232
223
15196295
-3
-5
3
-189
-4232
215
15197320
-3
-3
5
-186
-4234
213
15198345
-7
-4
5
-191
-4233
214
15199370
-4
-5
4
-192
-4228
215
15200395
1
-4
3
-190
-4232
218
15201420
1
-4
4
-186
-4237
211
15202445
0
-4
4
-191
-4233
220
15203470
-1
-4
4
-183
-4233
219
15204495
-1
-5
5
-180
-4233
217
15197311
3
-4
5
-187
-4226
223
15198336
0
-5
4
-190
-4233
218
15199361
-1
-5
4
-192
-4237
214
15200386
0
-4
3
-185
-4236
224
15201411
0
-4
3
-185
-4236
216
15202436
3
-4
6
-192
-4231
213
15203461
1
-4
5
-195
-4230
213
15204486
-1
-4
5
-189
-4231
215
15205511
1
-4
5
-185
-4231
222
15206536
0
-5
5
-181
-4234
224
15207561
-1
-4
5
-187
-4231
214
15208586
-2
-4
5
-186
-4234
216
15209611
-2
-4
4
-181
-4234
219
15210636
0
-4
5
-187
-4230
223
15211661
0
-4
5
-181
-4233
223
15212686
-2
-4
4
-182
-4233
217
15205728
-4
-4
5
-184
-4227
215
15206753
-4
-4
4
-186
-4228
209
15207778
0
-4
5
-184
-4234
211
15208803
0
-5
4
-187
-4229
216
15209828
-1
-4
3
-191
-4231
213
15210853
-1
-4
4
-186
-4235
216
15211878
-2
-4
5
-190
-4231
211
15212903
-1
-4
6
-184
-4236
215
15213928
0
-5
5
-183
-4233
213
15214953
4
-4
2
-185
-4225
217
15215978
0
-3
2
-180
-4229
216
15217003
-6
-5
3
-182
-4224
214
15218028
-6
-4
6
-188
-4232
210
15219053
-4
-3
6
-193
-4229
212
15220078
-3
-4
6
-198
-4227
206
15221103
-1
-5
5
-184
-4237
219
15213696
-2
-5
4
-191
-4228
220
15214721
-5
-5
3
-179
-4227
208
15215746
-4
-4
4
-181
-4233
216
15216771
-3
-5
5
-188
-4231
220
15217796
-4
-5
5
-187
-4235
217
15218821
-5
-5
4
-186
-4236
223
15219846
-3
-4
5
-188
-4230
216
15220871
-2
-4
5
-192
-4225
215
15221896
-6
-4
4
-182
-4229
214
15222921
-8
-4
5
-184
-4233
212
15223946
-5
-4
5
-191
-4232
207
15224971
-5
-4
4
-180
-4227
206
15225996
-4
-4
3
-190
-4232
207
15227021
-2
-4
2
-188
-4236
209
15228046
-5
-4
2
-188
-4229
212
15229071
-4
-4
3
-189
-4228
209
15221887
-3
-4
4
-186
-4232
207
15222912
-5
-5
5
-186
-4236
201
15223937
-3
-5
3
-186
-4233
212
15224962
-1
-4
3
-186
-4234
210
15225987
1
-4
4
-189
-4233
204
15227012
1
-4
4
-186
-4229
212
15228037
1
-4
4
-192
-4231
212
15229062
-1
-5
3
-187
-4226
210
15230087
-1
-4
3
-184
-4233
213
15231112
-5
-4
5
-186
-4234
209
15232137
-2
-5
6
-192
-4225
203
15233162
2
-4
2
-185
-4230
204
15234187
4
-3
1
-186
-4227
223
15235212
-2
-5
3
-188
-4227
221
15236237
-9
-4
4
-189
-4237
217
15237262
-11
-4
4
-186
-4232
211
15230080
-7
-5
4
-186
-4227
207
15231105
-2
-5
3
-189
-4239
208
15232130
-3
-3
4
-194
-4238
206
15233155
-2
-4
3
-191
-4228
212
15234180
-2
-4
3
-190
-4233
210
15235205
-2
-5
4
-185
-4229
209
15236230
-3
-5
4
-183
-4233
213
15237255
-4
-4
5
-186
-4229
208
15238280
-3
-5
3
-187
-4233
208
15239305
0
-4
2
-187
-4236
209
15240330
0
-5
4
-190
-4229
209
15241355
-1
-5
4
-185
-4223
210
15242380
-1
-5
4
-188
-4231
215
15243405
-2
-5
4
-186
-4237
212
15244430
-1
-5
4
-187
-4231
212
15245455
-1
-4
3
-185
-4230
209
15238273
1
-5
4
-185
-4231
207
15239298
1
-4
4
-189
-4229
220
15240323
-4
-4
4
-186
-4234
217
15241348
-1
-4
4
-179
-4229
205
15242373
2
-6
4
-182
-4231
211
15243398
-3
-5
4
-184
-4232
208
15244423
-3
-4
4
-186
-4229
219
15245448
-3
-4
4
-191
-4232
210
15246473
-1
-4
4
-185
-4231
204
15247498
2
-4
5
-184
-4231
209
15248523
2
-5
5
-187
-4230
215
15249548
1
-6
4
-189
-4224
211
15250573
-1
-5
5
-189
-4225
206
15251598
-1
-4
5
-190
-4233
207
15252623
1
-4
3
-188
-4225
207
15253648
6
-4
1
-188
-4230
214
15246465
5
-5
2
-184
-4235
215
15247490
2
-5
5
-185
-4225
220
15248515
-5
-4
4
-185
-4232
214
15249540
-10
-3
5
-186
-4236
206
15250565
-4
-5
5
-188
-4233
210
15251590
-1
-5
5
-178
-4236
212
15252615
-1
-4
5
-187
-4234
208
15253640
-2
-5
4
-189
-4228
209
15254665
-1
-5
4
-180
-4238
215
15255690
-2
-5
5
-189
-4236
216
15256715
-6
-5
5
-188
-4227
214
15257740
-8
-4
4
-180
-4232
209
15258765
-4
-4
4
-190
-4230
209
15259790
-2
-4
3
-188
-4227
209
15260815
-5
-4
3
-185
-4236
208
15261840
-4
-5
5
-189
-4229
209
15254656
0
-5
3
-185
-4231
212
15255681
-2
-5
3
-190
-4238
223
15256706
-4
-4
4
-189
-4227
208
15257731
-3
-4
4
-186
-4235
208
15258756
-3
-5
3
-184
-4230
205
15259781
-1
-5
5
-188
-4225
209
15260806
0
-5
4
-187
-4235
210
15261831
-4
-5
4
-183
-4233
208
15262856
-3
-3
3
-187
-4230
219
15263881
-3
-5
4
-188
-4236
206
15264906
-4
-4
4
-183
-4233
208
15265931
-1
-4
5
-188
-4230
211
15266956
-3
-5
4
-187
-4231
207
15267981
-2
-5
4
-187
-4231
206
15269006
2
-4
4
-187
-4235
210
15270031
-2
-4
3
-183
-4233
206
15262847
-2
-5
4
-185
-4231
209
15263872
0
-5
5
-187
-4235
214
15264897
0
-5
5
-185
-4234
208
15265922
1
-5
2
-179
-4223
209
15266947
1
-4
2
-179
-4230
202
15267972
-2
-4
4
-188
-4236
200
15268997
-3
-4
5
-183
-4232
211
15270022
-8
-5
4
-188
-4231
200
15271047
-7
-4
5
-190
-4231
199
15272072
0
-4
3
-186
-4234
209
15273097
-1
-5
4
-186
-4237
201
15274122
-1
-4
4
-186
-4224
202
15275147
2
-4
3
-189
-4234
204
15276172
1
-4
5
-189
-4231
206
15277197
2
-4
5
-184
-4227
209
15278222
0
-4
5
-182
-4237
209
15271040
1
-5
5
-185
-4234
207
15272065
1
-5
4
-191
-4233
204
15273090
3
-4
4
-186
-4237
208
15274115
3
-5
5
-186
-4231
211
15275140
0
-5
5
-187
-4231
207
15276165
-1
-4
5
-186
-4229
204
15277190
0
-5
5
-188
-4231
204
15278215
-1
-5
4
-188
-4233
207
15279240
0
-5
5
-188
-4232
214
15280265
0
-4
6
-188
-4233
205
15281290
-4
-4
5
-191
-4229
204
15282315
-4
-4
4
-190
-4238
210
15283340
-5
-4
5
-190
-4229
202
15284365
-4
-4
4
-186
-4238
206
15285390
-2
-4
4
-185
-4238
212
15286415
-3
-4
5
-189
-4231
201
15279233
-2
-4
5
-184
-4230
201
15280258
0
-4
3
-185
-4236
211
15281283
0
-4
4
-187
-4232
201
15282308
0
-4
4
-185
-4236
204
15283333
0
-5
3
-188
-4236
200
15284358
-2
-5
4
-188
-4235
206
15285383
-3
-4
6
-189
-4236
204
15286408
-1
-4
5
-187
-4234
207
15287433
1
-4
3
-187
-4232
210
15288458
1
-3
3
-181
-4231
214
15289483
-3
-5
4
-183
-4234
212
15290508
-7
-5
5
-187
-4233
212
15291533
-8
-5
4
-188
-4236
201
15292558
-5
-5
5
-189
-4233
204
15293583
-3
-4
5
-191
-4230
206
15294608
0
-4
4
-187
-4228
200
15287424
-1
-5
4
-188
-4231
205
15288449
-2
-3
3
-184
-4228
204
15289474
0
-4
4
-187
-4237
201
15290499
1
-4
6
-189
-4235
205
15291524
0
-5
3
-185
-4229
205
15292549
2
-5
3
-190
-4232
199
15293574
3
-3
3
-185
-4238
205
15294599
0
-4
3
-184
-4230
214
15295624
-3
-4
4
-185
-4233
213
15296649
-3
-4
4
-185
-4234
204
15297674
-3
-4
4
-189
-4228
207
15298699
-2
-4
5
-189
-4241
215
15299724
-5
-4
3
-185
-4243
208
15300749
-1
-4
4
-188
-4230
205
15301774
-2
-5
3
-189
-4229
210
15302799
-4
-4
3
-183
-4235
203
15295616
-4
-4
5
-186
-4228
201
15296641
-2
-5
6
-190
-4229
213
15297666
-7
-5
6
-189
-4235
198
15298691
-3
-4
4
-190
-4229
202
15299716
-2
-4
3
-191
-4228
215
15300741
-4
-5
3
-189
-4228
206
15301766
3
-5
4
-182
-4227
205
15302791
5
-6
4
-191
-4228
215
15303816
4
-4
2
-187
-4236
208
15304841
0
-4
2
-184
-4228
211
15305866
-6
-4
4
-181
-4229
209
15306891
-2
-4
5
-189
-4239
214
15307916
-5
-4
3
-195
-4230
203
15308941
-4
-5
1
-187
-4231
214
15309966
-7
-5
0
-189
-4235
206
15310991
-11
-5
2
-183
-4233
208
15303808
-14
-4
4
-181
-4227
195
15304833
-6
-5
6
-185
-4233
196
15305858
-8
-6
5
-192
-4231
203
15306883
-10
-7
3
-186
-4232
204
15307908
16
-9
4
-142
-4231
226
15308933
23
-4
5
-231
-4232
174
15309958
-1
-4
4
-190
-4231
208
15310983
-3
-5
4
-183
-4232
211
15312008
-5
-5
4
-184
-4240
194
15313033
6
-5
7
-185
-4232
199
15314058
8
-6
7
-189
-4237
211
15315083
5
-7
5
-186
-4231
214
15316108
5
-6
3
-167
-4232
218
15317133
8
-2
3
-203
-4234
200
15318158
3
-4
4
-188
-4231
212
15319183
2
-5
5
-186
-4231
208
15311999
4
-4
5
-186
-4241
211
15313024
2
-4
3
-188
-4232
210
15314049
4
-4
2
-182
-4231
214
15315074
1
-4
4
-185
-4231
214
15316099
-2
-4
5
-189
-4236
211
15317124
1
-4
4
-184
-4239
207
15318149
4
-5
5
-189
-4233
214
15319174
1
-4
5
-187
-4238
209
15320199
5
-3
3
-186
-4237
214
15321224
1
-4
3
-190
-4237
214
15322249
1
-4
4
-194
-4229
213
15323274
5
-5
5
-183
-4232
216
15324299
0
-4
5
-185
-4235
218
15325324
-3
-4
3
-187
-4233
212
15326349
-1
-3
2
-186
-4239
227
15327374
-7
-3
3
-192
-4234
211
15320192
-1
-4
5
-191
-4232
207
15321217
-1
-5
3
-189
-4240
214
15322242
-2
-4
2
-180
-4239
213
15323267
2
-5
4
-180
-4233
216
15324292
-2
-3
4
-180
-4237
208
15325317
-9
-4
6
-198
-4238
207
15326342
-5
-5
5
-194
-4225
222
15327367
-2
-4
4
-182
-4237
213
15328392
2
-4
4
-182
-4238
211
15329417
1
-4
5
-189
-4229
211
15330442
-2
-4
4
-187
-4234
205
15331467
4
-4
4
-186
-4231
207
15332492
2
-6
4
-188
-4229
220
15333517
-3
-5
3
-184
-4231
214
15334542
0
-4
4
-183
-4234
210
15335567
1
-4
5
-187
-4229
214
15328384
0
-5
4
-183
-4229
216
15329409
0
-5
3
-183
-4231
213
15330434
0
-4
4
-181
-4231
213
15331459
-1
-5
4
-184
-4227
208
15332484
-1
-4
3
-187
-4240
204
15333509
0
-4
3
-188
-4229
214
15334534
-2
-3
4
-184
-4229
212
15335559
-1
-4
4
-187
-4237
217
15336584
-2
-3
4
-184
-4233
218
15337609
-3
-3
5
-188
-4237
211
15338634
-3
-4
4
-181
-4234
205
15339659
-3
-4
4
-186
-4234
208
15340684
0
-4
5
-191
-4233
218
15341709
-1
-4
5
-184
-4226
215
15342734
-1
-4
5
-182
-4226
208
15343759
0
-5
4
-181
-4238
212
15336577
1
-4
5
-189
-4237
209
15337602
8
-5
5
-189
-4228
219
15338627
6
-5
2
-187
-4236
224
15339652
-1
-5
2
-189
-4230
216
15340677
2
-5
4
-186
-4231
206
15341702
4
-4
4
-181
-4239
228
15342727
1
-3
3
-186
-4230
224
15343752
-3
-3
1
-189
-4231
224
15344777
-8
-5
-3
-191
-4238
211
15345802
-6
-5
0
-180
-4227
216
15346827
-7
-4
7
-185
-4233
210
15347852
-5
-4
10
-191
-4242
209
15348877
-1
-4
5
-190
-4233
211
15349902
-1
-4
5
-192
-4230
223
15350927
-5
-4
4
-184
-4232
214
15351952
1
-4
4
-188
-4234
207
15344887
3
-4
6
-188
-4231
218
15345912
-1
-4
6
-185
-4226
219
15346937
-6
-5
4
-190
-4228
213
15347962
-1
-4
3
-188
-4231
209
15348987
3
-4
4
-185
-4224
217
15350012
-2
-4
3
-188
-4231
215
15351037
-4
-4
4
-193
-4242
216
15352062
-6
-5
5
-192
-4233
215
15353087
-8
-5
4
-187
-4228
213
15354112
-8
-5
4
-183
-4230
207
15355137
-1
-4
5
-188
-4228
208
15356162
1
-4
6
-180
-4235
213
15357187
0
-3
7
-185
-4236
194
15358212
28
-1
9
-189
-4236
192
15359237
50
7
7
-103
-4240
168
15360262
7
69
-2
-242
-4228
226
15352960
23
33
15
-204
-4223
247
15353985
21
20
12
-213
-4234
275
15355010
19
10
13
-195
-4243
234
15356035
9
6
10
-196
-4229
252
15357060
-9
-5
8
-203
-4226
242
15358085
-6
-8
5
-190
-4228
228
15359110
-16
-6
2
-188
-4240
230
15360135
-28
-5
3
-174
-4239
209
15361160
2
-3
7
-179
-4237
218
15362185
3
-4
8
-211
-4234
224
15363210
-2
-4
2
-200
-4233
217
15364235
-7
-3
-3
-185
-4230
233
15365260
-18
-5
-2
-186
-4230
230
15366285
-21
-5
3
-186
-4236
217
15367310
-16
-3
8
-190
-4233
210
15368335
7
-4
11
-196
-4240
213
15361153
25
-4
10
-187
-4244
222
15362178
20
-4
7
-190
-4237
225
15363203
22
-3
6
-194
-4238
232
15364228
18
-2
5
-193
-4226
238
15365253
2
-3
4
-195
-4214
252
15366278
-26
-3
1
-192
-4243
230
15367303
-19
-3
1
-189
-4236
205
15368328
4
-4
4
-190
-4223
228
15369353
-10
-3
3
-188
-4235
233
15370378
-25
-4
4
-193
-4231
221
15371403
-23
-4
6
-191
-4234
207
15372428
-6
-3
8
-184
-4245
223
15373453
4
-3
8
-167
-4229
255
15374478
-26
-5
5
-187
-4231
266
15375503
-49
-8
2
-213
-4230
163
15376528
-8
-4
3
-213
-4236
145
15369344
33
-1
6
-192
-4232
217
15370369
37
-2
6
-192
-4226
239
15371394
30
-2
4
-195
-4236
226
15372419
17
-1
2
-195
-4232
234
15373444
-4
1
-1
-196
-4235
220
15374469
-3
5
-16
-214
-4232
227
15375494
-7
0
-40
-185
-4230
245
15376519
-34
0
-32
-168
-4230
239
15377544
-39
3
-11
-191
-4231
186
15378569
-5
2
-21
-181
-4228
225
15379594
-15
4
-24
-175
-4230
219
15380619
-14
6
-17
-170
-4232
205
15381644
-2
4
-3
-169
-4236
214
15382669
2
4
1
-177
-4239
216
15383694
15
4
-6
-179
-4237
195
15384719
41
7
-14
-178
-4235
217
15377536
15
13
-11
-205
-4229
216
15378561
-28
14
-9
-151
-4239
227
15379586
1
6
-21
-170
-4227
246
15380611
-16
2
-30
-148
-4218
223
15381636
-2
4
-7
-128
-4223
208
15382661
12
4
45
-144
-4232
224
15383686
2
-3
76
-186
-4238
245
15384711
-19
-6
64
-205
-4241
198
15385736
-6
-3
24
-215
-4230
220
15386761
-7
-5
-25
-190
-4231
210
15387786
-7
-8
-43
-184
-4235
230
15388811
-27
-2
-58
-162
-4230
217
15389836
-33
-1
-45
-150
-4229
201
15390861
-16
-3
-21
-144
-4229
192
15391886
1
-7
-4
-151
-4228
198
15392911
5
-8
11
-159
-4232
205
15385728
9
-7
19
-166
-4234
203
15386753
12
-6
17
-159
-4222
215
15387778
-1
-8
25
-158
-4234
209
15388803
-1
-11
33
-160
-4227
191
15389828
17
-12
38
-173
-4220
205
15390853
26
-9
35
-162
-4231
219
15391878
25
-8
46
-169
-4243
222
15392903
14
-8
59
-189
-4225
215
15393928
17
-7
50
-200
-4235
216
15394953
27
-5
26
-202
-4234
228
15395978
27
-7
-3
-206
-4226
230
15397003
15
-8
-32
-197
-4224
229
15398028
3
-8
-49
-198
-4232
253
15399053
-23
-1
-72
-178
-4225
232
15400078
-33
9
-75
-158
-4227
232
15401103
-37
7
-47
-141
-4226
215
15393920
-33
1
-15
-144
-4220
212
15394945
-33
-2
5
-160
-4222
212
15395970
-32
-1
9
-168
-4227
217
15396995
-32
0
6
-159
-4225
208
15398020
-29
-1
10
-153
-4226
206
15399045
-31
0
18
-168
-4232
213
15400070
-29
-1
12
-162
-4227
197
15401095
-27
-3
24
-144
-4221
214
15402120
-42
1
34
-193
-4245
166
15403145
-4
0
10
-163
-4233
177
15404170
20
1
16
-166
-4219
210
15405195
7
0
28
-173
-4236
201
15406220
3
-3
33
-168
-4237
195
15407245
11
-5
33
-176
-4231
197
15408270
11
-4
20
-186
-4231
198
15409295
14
-4
7
-180
-4228
208
15402111
11
-5
2
-186
-4236
213
15403136
3
-4
-1
-177
-4231
208
15404161
4
-4
-3
-185
-4231
206
15405186
3
-5
-7
-174
-4228
186
15406211
10
-5
-1
-166
-4224
205
15407236
6
-6
11
-172
-4227
210
15408261
-1
-6
16
-180
-4235
208
15409286
2
-6
16
-179
-4230
185
15410311
18
-6
9
-182
-4230
215
15411336
11
-7
-3
-170
-4232
212
15412361
8
-7
1
-175
-4226
199
15413386
10
-7
2
-178
-4228
223
15414411
-1
-7
-1
-173
-4232
211
15415436
4
-6
4
-169
-4226
211
15416461
4
-5
10
-172
-4230
217
15417486
0
-4
12
-175
-4229
221
15410305
-3
-5
11
-185
-4224
221
15411330
-8
-6
11
-177
-4237
206
15412355
-3
-4
16
-168
-4233
214
15413380
-5
-4
35
-182
-4227
221
15414405
-15
-3
42
-191
-4232
202
15415430
-15
-2
34
-204
-4231
206
15416455
-7
-3
8
-194
-4229
212
15417480
-4
-4
1
-192
-4227
209
15418505
-4
-2
4
-185
-4229
206
15419530
-6
-4
10
-190
-4234
213
15420555
-10
-7
8
-191
-4230
197
15421580
0
-6
5
-190
-4228
201
15422605
8
-6
4
-194
-4230
212
15423630
1
-5
5
-185
-4231
208
15424655
-2
-3
4
-190
-4233
199
15425680
-1
-4
4
-193
-4233
209
15418497
-2
-6
5
-191
-4229
209
15419522
2
-5
5
-187
-4228
203
15420547
7
-4
4
-187
-4227
214
15421572
4
-4
3
-189
-4220
221
15422597
-3
-5
3
-191
-4232
205
15423622
-3
-5
3
-192
-4238
213
15424647
-2
-4
5
-185
-4228
213
15425672
0
-4
5
-195
-4231
213
15426697
1
-4
3
-193
-4226
206
15427722
5
-4
4
-192
-4223
213
15428747
3
-6
4
-188
-4227
213
15429772
-2
-5
4
-187
-4228
217
15430797
-4
-5
6
-192
-4230
207
15431822
2
-5
5
-190
-4233
208
15432847
5
-5
6
-182
-4229
213
15433872
4
-6
5
-189
-4230
211
15426687
5
-7
5
-189
-4225
209
15427712
5
-7
5
-186
-4234
212
15428737
9
-7
6
-190
-4233
209
15429762
15
-8
7
-194
-4227
213
15430787
8
-9
7
-197
-4225
214
15431812
5
-5
5
-181
-4236
196
15432837
17
-9
8
-175
-4229
203
15433862
-5
15
-3
-173
-4229
210
15434887
1
17
-3
-247
-4230
249
15435912
9
-9
4
-187
-4229
210
15436937
2
-4
0
-184
-4228
226
15437962
-5
-1
-1
-190
-4231
222
15438987
-9
-2
3
-190
-4226
204
15440012
-3
-2
2
-186
-4238
207
15441037
3
0
2
-188
-4230
217
15442062
3
-3
4
-192
-4223
231
15434880
-12
-5
1
-189
-4230
218
15435905
-11
-4
1
-192
-4233
218
15436930
-3
-4
0
-190
-4230
202
15437955
5
-5
4
-182
-4230
216
15438980
5
-5
6
-182
-4238
223
15440005
-4
-6
7
-188
-4238
213
15441030
-4
-5
7
-192
-4227
208
15442055
-1
-4
5
-190
-4228
215
15443080
0
-4
4
-185
-4238
215
15444105
1
-6
4
-184
-4236
210
15445130
1
-5
4
-191
-4232
214
15446155
1
-5
5
-189
-4235
217
15447180
-6
-6
5
-194
-4228
213
15448205
-8
-5
3
-193
-4227
204
15449230
0
-3
1
-182
-4232
211
15450255
-3
-3
2
-186
-4227
217
15443073
-7
-4
4
-193
-4230
211
15444098
-11
-4
6
-191
-4233
212
15445123
-6
-4
5
-194
-4228
203
15446148
8
-4
3
-193
-4239
209
15447173
9
-4
3
-187
-4243
211
15448198
8
-5
4
-188
-4230
228
15449223
-3
-5
4
-190
-4218
214
15450248
-2
-5
4
-189
-4234
212
15451273
-1
-5
3
-186
-4230
213
15452298
2
-4
4
-191
-4227
219
15453323
0
-4
4
-189
-4230
218
15454348
-3
-5
3
-187
-4227
211
15455373
-1
-5
2
-186
-4224
217
15456398
-1
-3
2
-187
-4228
221
15457423
-3
-4
4
-189
-4224
213
15458448
-3
-4
5
-186
-4232
219
15451264
-4
-5
6
-188
-4228
217
15452289
-2
-4
4
-190
-4228
210
15453314
1
-4
3
-184
-4234
212
15454339
3
-5
4
-179
-4232
213
15455364
0
-6
4
-186
-4227
223
15456389
-8
-6
5
-192
-4231
208
15457414
0
-4
2
-184
-4228
209
15458439
9
-4
2
-189
-4230
224
15459464
1
-3
3
-188
-4236
225
15460489
-3
-5
4
-188
-4230
217
15461514
2
-5
6
-193
-4233
215
15462539
6
-5
4
-188
-4229
225
15463564
2
-4
4
-192
-4228
223
15464589
2
-3
5
-186
-4230
223
15465614
0
-4
4
-185
-4225
222
15466639
-1
-4
4
-190
-4233
221
15459456
0
-4
3
-187
-4227
217
15460481
2
-4
6
-187
-4224
224
15461506
-4
-5
6
-190
-4230
225
15462531
-9
-4
4
-185
-4229
212
15463556
-4
-5
4
-196
-4226
219
15464581
-6
-4
3
-186
-4230
217
15465606
-5
-5
4
-187
-4226
207
15466631
-3
-4
4
-196
-4229
225
15467656
-4
-4
3
-192
-4232
227
15468681
-4
-4
4
-184
-4236
205
15469706
2
-4
5
-189
-4229
213
15470731
-1
-5
4
-194
-4231
216
15471756
-1
-4
5
-187
-4221
218
15472781
-2
-3
5
-186
-4227
222
15473806
-4
-4
4
-186
-4237
223
15474831
0
-4
4
-189
-4233
206
15467648
6
-3
1
-191
-4227
216
15468673
3
-3
-5
-191
-4219
222
15469698
-2
-4
-7
-180
-4226
219
15470723
0
-3
1
-181
-4231
237
15471748
-20
-5
7
-193
-4241
211
15472773
0
-4
-4
-189
-4229
199
15473798
16
-3
-15
-186
-4226
235
15474823
3
-4
-9
-165
-4221
219
15475848
-2
-5
14
-179
-4234
219
15476873
-3
-4
13
-195
-4234
220
15477898
4
-3
3
-191
-4222
217
15478923
6
-4
-3
-183
-4230
218
15479948
6
-5
-4
-178
-4228
220
15480973
6
-6
3
-180
-4221
228
15481998
0
-5
7
-183
-4234
220
15483023
3
-3
11
-183
-4240
215
15475840
-3
-3
17
-178
-4229
245
15476865
-15
-4
26
-192
-4233
195
15477890
14
-4
10
-191
-4240
234
15478915
2
-6
4
-199
-4217
223
15479940
3
-5
-6
-195
-4229
221
15480965
-2
-4
-7
-174
-4241
225
15481990
-2
-6
11
-190
-4216
214
15483015
4
-5
8
-191
-4239
221
15484040
6
-4
2
-183
-4241
220
15485065
6
-5
5
-191
-4219
222
15486090
8
-6
0
-191
-4228
218
15487115
9
-5
5
-186
-4237
224
15488140
12
-5
13
-186
-4226
224
15489165
15
-4
8
-191
-4228
232
15490190
16
-4
7
-189
-4233
226
15491215
13
-6
8
-194
-4233
226
15484046
14
-6
1
-185
-4223
236
15485071
10
-6
-1
-195
-4230
230
15486096
14
-7
-6
-197
-4234
229
15487121
19
-9
-12
-192
-4228
243
15488146
13
-9
-20
-192
-4230
256
15489171
2
-7
-29
-179
-4229
248
15490196
-3
-5
-22
-165
-4223
229
15491221
-3
-4
-5
-162
-4230
238
15492246
-3
-4
11
-173
-4230
243
15493271
-8
-3
11
-183
-4231
235
15494296
-9
-3
8
-181
-4236
241
15495321
-14
-3
10
-179
-4227
237
15496346
-15
-4
9
-181
-4227
236
15497371
-17
-4
9
-177
-4230
236
15498396
-19
-2
12
-177
-4231
231
15499421
-17
-2
14
-190
-4228
235
15492224
-13
-3
5
-182
-4232
223
15493249
-6
-3
5
-180
-4230
222
15494274
-2
-3
8
-187
-4191
226
15495299
0
-3
4
-175
-4276
224
15496324
4
0
29
-161
-4270
237
15497349
5
0
54
-230
-4189
255
15498374
-5
-1
-3
-211
-4231
193
15499399
35
1
-23
-151
-4240
207
15500424
67
2
17
-196
-4208
260
15501449
28
-2
9
-197
-4246
304
15502474
-45
-7
0
-198
-4237
229
15503499
-27
-6
-17
-179
-4209
212
15504524
2
-3
-11
-181
-4244
233
15505549
11
-1
-2
-180
-4236
247
15506574
0
-4
6
-189
-4218
253
15507599
-11
-3
4
-183
-4228
242
15500416
-14
-3
2
-183
-4232
225
15501441
1
-4
1
-189
-4226
235
15502466
1
-4
-4
-182
-4231
239
15503491
-6
-4
-3
-177
-4228
240
15504516
-13
-4
8
-185
-4225
232
15505541
-11
-3
5
-185
-4232
229
15506566
-6
-2
0
-182
-4229
236
15507591
-4
-1
-3
-187
-4233
224
15508616
1
-1
-4
-188
-4231
231
15509641
-3
0
-7
-181
-4230
223
15510666
0
-2
-7
-170
-4231
232
15511691
-3
-4
-1
-183
-4238
232
15512716
3
-4
1
-178
-4240
229
15513741
11
-4
-4
-179
-4222
214
15514766
24
-3
-15
-183
-4227
247
15515791
16
-4
-17
-161
-4252
249
15508608
8
-5
1
-171
-4225
239
15509633
2
-4
1
-182
-4215
240
15510658
1
-2
-9
-168
-4248
244
15511683
1
-3
2
-166
-4241
243
15512708
-3
-3
13
-181
-4217
247
15513733
-14
-3
9
-172
-4229
243
15514758
-18
-3
6
-174
-4236
233
15515783
-9
-3
5
-183
-4226
241
15516808
-12
-2
4
-171
-4228
238
15517833
-9
-2
4
-172
-4239
238
15518858
-6
-2
10
-177
-4243
233
15519883
-8
-2
10
-182
-4226
225
15520908
-6
0
5
-174
-4230
231
15521933
-2
-1
7
-177
-4248
233
15522958
-9
-2
8
-177
-4237
227
15523983
-8
-3
6
-180
-4227
231
15516799
-9
-2
0
-176
-4235
225
15517824
-8
-3
4
-173
-4232
229
15518849
-5
-3
8
-181
-4226
231
15519874
-8
-3
4
-179
-4232
226
15520899
-9
-4
-3
-175
-4238
232
15521924
-11
-4
-2
-169
-4230
230
15522949
-12
-4
4
-172
-4224
212
15523974
3
-2
7
-183
-4241
228
15524999
1
-2
2
-177
-4240
240
15526024
-12
-3
-1
-178
-4222
222
15527049
-6
-3
-1
-176
-4228
225
15528074
-3
-3
1
-172
-4235
231
15529099
2
-4
2
-172
-4226
227
15530124
0
-4
5
-173
-4229
235
15531149
-9
-3
4
-178
-4235
229
15532174
-10
-3
-3
-170
-4232
227
15524993
-5
-2
-1
-169
-4234
221
15526018
0
-2
5
-169
-4233
225
15527043
-5
-2
6
-173
-4226
227
15528068
-10
-3
3
-169
-4236
222
15529093
-6
-2
8
-171
-4232
225
15530118
-8
-1
12
-173
-4231
221
15531143
-5
-3
4
-182
-4224
213
15532168
-24
6
0
-183
-4227
207
15533193
-32
11
3
-163
-4229
242
15534218
-12
0
4
-173
-4233
247
15535243
-17
-3
3
-180
-4232
206
15536268
-10
-3
-1
-178
-4235
211
15537293
-7
-4
-3
-178
-4241
217
15538318
-13
-1
-4
-169
-4229
211
15539343
-28
5
2
-167
-4235
214
15540368
-17
-1
8
-170
-4240
218
15533185
-12
-3
8
-181
-4220
195
15534210
4
-2
6
-179
-4220
214
15535235
-4
-3
7
-171
-4234
213
15536260
-5
-3
13
-177
-4236
208
15537285
-5
-3
9
-176
-4229
220
15538310
-21
-2
6
-179
-4226
207
15539335
-21
-3
8
-167
-4224
204
15540360
-18
-4
5
-171
-4240
202
15541385
-15
-4
9
-170
-4231
184
15542410
-2
-3
19
-159
-4221
225
15543435
-34
-3
42
-177
-4236
220
15544460
-58
-3
28
-208
-4230
169
15545485
-30
-4
-7
-184
-4228
184
15546510
-16
-5
-10
-166
-4241
186
15547535
-7
-5
8
-174
-4226
181
15548560
-1
-4
15
-190
-4229
186
15541376
2
-3
11
-189
-4242
180
15542401
7
-5
3
-187
-4227
184
15543426
11
-5
-5
-181
-4232
186
15544451
12
-6
-3
-172
-4234
194
15545476
9
-5
1
-177
-4225
195
15546501
2
-5
3
-173
-4225
196
15547526
1
-4
6
-173
-4231
194
15548551
-1
-3
12
-181
-4239
188
15549576
-4
-4
10
-190
-4228
188
15550601
-1
-4
0
-184
-4228
184
15551626
5
-3
-3
-175
-4237
198
15552651
3
-5
4
-172
-4230
195
15553676
-4
-5
15
-178
-4232
182
15554701
-4
-4
15
-188
-4239
190
15555726
-1
-4
9
-183
-4238
184
15556751
8
-3
9
-176
-4226
187
15549568
9
-4
10
-185
-4234
191
15550593
4
-4
7
-187
-4240
197
15551618
2
-4
8
-187
-4234
191
15552643
3
-5
6
-184
-4229
197
15553668
3
-4
8
-178
-4232
192
15554693
3
-3
12
-189
-4238
196
15555718
-1
-5
10
-195
-4238
197
15556743
-5
-4
2
-192
-4233
196
15557768
-2
-4
-4
-186
-4237
199
15558793
0
-4
-2
-186
-4233
200
15559818
-5
-5
-3
-179
-4238
198
15560843
-6
-3
4
-173
-4229
184
15561868
-10
-4
5
-198
-4227
201
15562893
-9
-4
-11
-179
-4241
181
15563918
4
-4
-8
-176
-4239
209
15564943
-12
-3
-3
-180
-4225
197
15558094
-26
-6
-12
-196
-4230
204
15559119
-48
-2
-31
-161
-4240
164
15560144
-20
-3
-7
-155
-4236
178
15561169
-7
-5
27
-176
-4227
196
15562194
-22
-4
28
-192
-4235
168
15563219
-9
-3
14
-175
-4243
163
15564244
5
-2
20
-180
-4231
187
15565269
4
-1
19
-189
-4231
170
15566294
9
-2
15
-189
-4241
182
15567319
-3
-3
10
-190
-4230
187
15568344
-11
-4
-2
-186
-4228
179
15569369
-9
-4
-4
-184
-4237
178
15570394
-4
-5
5
-188
-4239
179
15571419
-7
-6
4
-185
-4233
178
15572444
-7
-4
3
-176
-4227
169
15573469
-4
-4
6
-180
-4231
172
15565951
-1
-5
9
-180
-4236
181
15566976
0
-4
8
-184
-4229
171
15568001
3
-4
8
-184
-4230
170
15569026
6
-4
9
-182
-4226
176
15570051
-1
-4
10
-185
-4228
184
15571076
-10
-3
9
-191
-4238
169
15572101
-7
-3
5
-188
-4236
176
15573126
-2
-3
2
-187
-4227
176
15574151
-3
-5
0
-192
-4235
174
15575176
-2
-5
-2
-178
-4237
176
15576201
-7
-4
10
-200
-4237
190
15577226
-15
-6
-9
-202
-4231
169
15578251
-8
-7
-26
-167
-4226
187
15579276
-27
-7
-4
-174
-4230
192
15580301
-44
-6
6
-190
-4232
161
15581326
-26
-6
3
-180
-4242
145
15574145
3
-7
-1
-199
-4235
184
15575170
-8
-5
-19
-172
-4227
168
15576195
-5
-3
-10
-162
-4235
162
15577220
-4
-2
9
-175
-4237
166
15578245
-2
-2
20
-176
-4236
173
15579270
-5
-1
23
-180
-4240
169
15580295
-8
-1
21
-178
-4239
151
15581320
7
0
27
-183
-4236
161
15582345
13
-3
28
-196
-4238
175
15583370
6
-6
8
-185
-4233
171
15584395
7
-5
3
-188
-4231
175
15585420
-1
-5
4
-192
-4232
186
15586445
-10
-5
5
-191
-4231
167
15587470
-4
-5
4
-184
-4241
165
15588495
-1
-5
4
-184
-4236
166
15589520
2
-5
4
-188
-4226
175
15582336
-5
-4
2
-188
-4237
167
15583361
-4
-4
4
-186
-4233
164
15584386
-1
-5
4
-188
-4229
165
15585411
-5
-5
3
-193
-4230
165
15586436
5
-4
3
-183
-4225
164
15587461
5
-3
4
-181
-4230
173
15588486
2
-4
3
-188
-4233
165
15589511
3
-4
1
-190
-4229
173
15590536
3
-3
-3
-182
-4223
162
15591561
9
-4
3
-170
-4233
163
15592586
13
-3
15
-186
-4232
182
15593611
5
-4
8
-188
-4234
169
15594636
5
-4
3
-183
-4234
164
15595661
14
-1
2
-179
-4233
173
15596686
21
-1
3
-180
-4228
187
15597711
14
-2
5
-189
-4236
184
15590528
8
-3
5
-186
-4228
187
15591553
3
-5
1
-190
-4226
177
15592578
-2
-5
-6
-194
-4240
178
15593603
-5
-5
-12
-178
-4232
170
15594628
-3
-3
-1
-174
-4220
178
15595653
-7
-3
16
-179
-4223
179
15596678
-9
-2
22
-187
-4231
171
15597703
1
-4
12
-189
-4238
180
15598728
3
-4
5
-186
-4230
186
15599753
-2
-4
5
-186
-4228
183
15600778
-8
-4
5
-188
-4232
169
15601803
10
-3
3
-182
-4230
152
15602828
25
-4
6
-186
-4223
210
15603853
-16
-4
4
-189
-4230
182
15604878
-17
-4
2
-189
-4231
160
15605903
2
-3
2
-186
-4228
173
15598720
3
-5
6
-187
-4229
179
15599745
0
-5
6
-191
-4225
175
15600770
-3
-5
6
-186
-4236
172
15601795
3
-5
6
-177
-4225
176
15602820
9
-7
6
-184
-4229
182
15603845
9
-7
7
-187
-4230
179
15604870
10
-7
7
-187
-4227
182
15605895
6
-5
5
-192
-4234
186
15606920
3
-5
3
-190
-4232
190
15607945
2
-5
4
-187
-4224
179
15608970
4
-6
5
-190
-4227
188
15609995
3
-6
5
-187
-4231
193
15611020
4
-5
4
-189
-4225
183
15612045
5
-5
4
-190
-4225
192
15613070
4
-5
3
-186
-4231
186
15614095
-2
-4
0
-192
-4233
188
15606912
-1
-3
-1
-190
-4235
167
15607937
16
-3
3
-188
-4229
193
15608962
5
-2
1
-186
-4231
200
15609987
1
-2
-1
-186
-4230
174
15611012
15
-5
2
-186
-4234
189
15612037
6
-6
5
-191
-4227
196
15613062
5
-5
-2
-195
-4228
197
15614087
7
-6
-10
-179
-4232
190
15615112
13
-5
-6
-180
-4233
194
15616137
8
-6
3
-184
-4227
201
15617162
4
-5
7
-182
-4232
196
15618187
2
-4
5
-173
-4232
196
15619212
3
-5
9
-186
-4230
190
15620237
4
-5
6
-187
-4231
200
15621262
-5
-6
-6
-185
-4236
200
15622287
-13
-7
-12
-175
-4232
197
15615104
-8
-5
-3
-181
-4225
191
15616129
-2
-4
-2
-180
-4226
192
15617154
-2
-5
-5
-185
-4230
196
15618179
-6
-5
-10
-176
-4231
197
15619204
-8
-5
-6
-177
-4229
189
15620229
-4
-4
-4
-179
-4229
188
15621254
2
-4
-3
-171
-4235
193
15622279
2
-5
4
-176
-4230
201
15623304
0
-4
10
-183
-4231
207
15624329
-9
-4
1
-184
-4232
188
15625354
-9
-5
-6
-169
-4224
173
15626379
5
-4
8
-174
-4235
186
15627404
13
-3
14
-174
-4230
193
15628429
15
-4
21
-191
-4223
207
15629454
-4
-4
9
-185
-4232
201
15630479
-13
-5
-1
-178
-4228
184
15623296
-8
-6
-4
-179
-4224
200
15624321
-5
-5
-1
-184
-4233
190
15625346
0
-5
5
-171
-4228
200
15626371
-3
-4
11
-179
-4230
195
15627396
-5
-5
8
-181
-4236
191
15628421
-3
-5
5
-185
-4229
191
15629446
4
-5
3
-183
-4232
191
15630471
3
-5
3
-177
-4234
194
15631496
0
-5
4
-177
-4230
194
15632521
3
-6
2
-184
-4230
199
15633546
2
-5
-3
-190
-4235
199
15634571
-1
-5
-10
-173
-4228
192
15635596
5
-5
-1
-171
-4226
191
15636621
7
-5
12
-176
-4235
212
15637646
-2
-4
14
-182
-4237
197
15638671
-5
-5
9
-179
-4232
188
15631487
-3
-5
7
-179
-4234
198
15632512
-4
-4
8
-183
-4233
198
15633537
-5
-4
11
-176
-4239
194
15634562
-3
-4
16
-185
-4231
197
15635587
0
-3
17
-188
-4230
210
15636612
-10
-3
14
-180
-4234
202
15637637
-15
-4
10
-178
-4235
191
15638662
-9
-4
7
-185
-4236
196
15639687
-8
-4
8
-181
-4228
193
15640712
-6
-4
11
-181
-4218
190
15641737
-4
-5
9
-190
-4226
188
15642762
-4
-5
10
-188
-4234
189
15643787
-1
-4
10
-184
-4234
191
15644812
2
-5
5
-186
-4226
196
15645837
-1
-5
5
-186
-4232
186
15646862
6
-6
6
-184
-4232
194
15639680
7
-4
6
-190
-4233
200
15640705
3
-5
5
-183
-4230
192
15641730
3
-5
4
-188
-4242
197
15642755
-3
-5
4
-185
-4233
194
15643780
-4
-6
3
-185
-4222
197
15644805
-6
-6
4
-185
-4236
202
15645830
-7
-6
6
-191
-4231
197
15646855
-4
-5
5
-190
-4225
181
15647880
6
-6
5
-179
-4228
193
15648905
5
-5
5
-182
-4226
200
15649930
0
-5
5
-188
-4229
194
15650955
5
-5
4
-184
-4228
197
15651980
1
-5
4
-186
-4227
204
15653005
-3
-4
4
-188
-4229
193
15654030
0
-5
3
-184
-4233
194
15655055
-3
-4
4
-191
-4228
196
15647872
-4
-5
4
-195
-4228
194
15648897
-6
-5
3
-186
-4230
197
15649922
-11
-5
0
-187
-4228
196
15650947
-21
-5
-1
-188
-4233
207
15651972
-25
-5
-1
-186
-4234
186
15652997
-12
-6
-5
-193
-4231
188
15654022
-9
-5
-8
-185
-4228
189
15655047
-13
-5
-10
-182
-4229
181
15656072
-11
-5
-7
-176
-4231
185
15657097
-6
-4
-1
-177
-4232
186
15658122
-1
-3
7
-168
-4230
185
15659147
8
-3
14
-184
-4239
176
15660172
21
-1
16
-191
-4235
189
15661197
19
-2
12
-188
-4221
204
15662222
-3
-4
0
-195
-4226
202
15663247
-18
-6
-10
-175
-4235
177
15656063
0
-3
-1
-182
-4234
173
15657088
18
-3
5
-178
-4230
199
15658113
17
-4
7
-180
-4230
185
15659138
29
-4
6
-189
-4235
187
15660163
22
-5
-2
-194
-4232
240
15661188
-17
-6
-17
-177
-4234
186
15662213
2
-4
-10
-167
-4229
185
15663238
13
-4
10
-169
-4228
198
15664263
8
-4
27
-186
-4228
197
15665288
6
-4
20
-191
-4231
204
15666313
6
-4
8
-188
-4238
206
15667338
10
-5
1
-186
-4235
199
15668363
14
-6
0
-176
-4225
211
15669388
12
-5
7
-178
-4234
211
15670413
7
-4
12
-188
-4230
206
15671438
-1
-5
6
-190
-4230
207
15664256
1
-4
-1
-177
-4226
209
15665281
4
-5
0
-175
-4223
203
15666306
4
-5
4
-181
-4237
204
15667331
4
-5
7
-189
-4236
211
15668356
9
-5
4
-187
-4229
206
15669381
10
-6
0
-175
-4234
217
15670406
8
-4
5
-176
-4228
215
15671431
5
-4
11
-181
-4227
202
15672456
0
-5
7
-185
-4225
213
15673481
-4
-4
3
-191
-4227
218
15674506
-1
-4
2
-190
-4238
214
15675531
-1
-5
3
-184
-4238
218
15676556
-6
-6
4
-184
-4228
221
15677581
-6
-4
0
-179
-4233
208
15678606
2
-5
5
-184
-4235
214
15679631
1
-5
2
-191
-4232
216
15672449
-1
-5
-8
-183
-4231
212
15673474
-1
-4
-5
-176
-4229
210
15674499
-2
-4
9
-171
-4217
211
15675524
-1
-3
23
-192
-4227
220
15676549
-3
-5
16
-191
-4230
223
15677574
-6
-5
6
-188
-4231
212
15678599
-2
-4
11
-170
-4225
202
15679624
10
-3
25
-196
-4244
218
15680649
10
-11
13
-188
-4239
210
15681674
15
-13
11
-190
-4231
218
15682699
17
-13
11
-195
-4229
217
15683724
21
-11
10
-186
-4237
217
15684749
15
10
5
-143
-4232
209
15685774
13
17
4
-268
-4228
249
15686799
18
-9
1
-184
-4229
220
15687824
