Device = VHR-0009
time_stamp = 1780041206830
sample_rate = 50
Data format = INT16
TYPE = 6-AXIS IMU RAW DATA
-2
-17
7
65
-1172
4111
11658368
-4
-18
7
55
-1188
4117
11659393
1
-14
11
37
-1186
4106
11660418
2
-9
12
41
-1171
4114
11661443
1
-11
9
39
-1157
4118
11662468
1
-13
8
39
-1160
4106
11663493
4
-14
5
34
-1173
4114
11664518
8
-14
4
30
-1176
4103
11665543
13
-10
1
30
-1172
4107
11666568
14
-7
1
30
-1166
4131
11667593
14
-9
2
21
-1166
4121
11668618
23
-11
2
26
-1169
4110
11669643
27
-12
2
31
-1154
4125
11670668
11
-10
1
32
-1137
4109
11671693
-11
-7
0
21
-1150
4121
11672718
-17
-8
-1
37
-1178
4120
11673743
-9
-4
-3
36
-1171
4105
11666562
-6
-2
-4
26
-1155
4117
11667587
-7
-7
-6
28
-1177
4125
11668612
6
-9
-7
28
-1175
4110
11669637
16
-4
-8
39
-1166
4106
11670662
15
0
-9
43
-1157
4121
11671687
13
5
-10
21
-1133
4120
11672712
4
5
-9
20
-1153
4123
11673737
-3
8
-6
43
-1186
4118
11674762
8
8
-3
34
-1175
4105
11675787
19
6
-1
21
-1146
4129
11676812
11
-3
1
27
-1132
4129
11677837
-4
-11
1
26
-1147
4114
11678862
-10
-17
3
32
-1169
4128
11679887
-6
-14
2
38
-1171
4111
11680912
2
-6
1
27
-1160
4108
11681937
4
-2
0
41
-1151
4120
11674863
1
0
0
27
-1151
4115
11675888
-4
4
0
32
-1151
4112
11676913
-3
7
1
32
-1161
4119
11677938
-1
7
1
28
-1152
4117
11678963
-3
6
0
31
-1150
4122
11679988
-5
3
0
30
-1157
4118
11681013
-12
4
-2
24
-1156
4123
11682038
-9
-1
-2
22
-1164
4126
11683063
-11
-2
-3
26
-1157
4116
11684088
-11
-2
-4
25
-1154
4112
11685113
0
-5
-2
27
-1162
4116
11686138
1
-2
-2
39
-1163
4114
11687163
0
0
-2
28
-1157
4116
11688188
-4
0
-1
27
-1159
4123
11689213
-3
-2
1
18
-1167
4113
11690238
-1
-3
3
28
-1154
4116
11682943
-9
-4
3
35
-1155
4115
11683968
-7
-5
1
18
-1156
4115
11684993
-9
-4
-1
8
-1150
4126
11686018
-15
0
2
42
-1179
4115
11687043
-8
8
3
47
-1189
4106
11688068
4
9
3
24
-1164
4124
11689093
0
4
2
23
-1143
4121
11690118
-14
-4
3
24
-1149
4119
11691143
-29
-7
5
22
-1169
4120
11692168
-22
-10
4
29
-1193
4101
11693193
-10
-6
1
30
-1187
4111
11694218
-1
-4
1
30
-1171
4119
11695243
-4
-6
2
28
-1158
4109
11696268
-13
-8
3
29
-1160
4118
11697293
-18
-8
3
26
-1186
4119
11698318
-16
-6
3
25
-1180
4104
11691137
-11
-6
2
29
-1170
4119
11692162
-14
-9
3
30
-1176
4119
11693187
-12
-11
4
28
-1184
4106
11694212
-12
-9
4
33
-1172
4122
11695237
-14
-10
4
31
-1180
4121
11696262
-19
-9
5
22
-1178
4108
11697287
-16
-10
4
25
-1182
4119
11698312
-13
-10
4
38
-1187
4110
11699337
-11
-9
5
32
-1183
4095
11700362
-13
-5
5
31
-1180
4112
11701387
-18
-6
6
29
-1185
4106
11702412
-9
-8
8
20
-1189
4106
11703437
1
-7
9
45
-1199
4115
11704462
8
1
9
33
-1192
4103
11705487
21
2
8
26
-1164
4116
11706512
7
-3
11
37
-1157
4128
11699328
-13
-4
15
41
-1198
4107
11700353
-9
-3
16
30
-1196
4108
11701378
2
-4
15
30
-1184
4116
11702403
-1
-6
15
29
-1167
4104
11703428
-12
-9
13
21
-1171
4121
11704453
-18
-16
10
29
-1185
4117
11705478
-14
-20
6
41
-1191
4097
11706503
-17
-18
3
42
-1184
4103
11707528
-25
-16
1
35
-1183
4112
11708553
-23
-15
0
39
-1202
4097
11709578
-10
-10
-2
37
-1198
4107
11710603
-4
-4
-1
42
-1193
4111
11711628
-11
0
0
37
-1185
4107
11712653
-19
0
3
48
-1200
4110
11713678
-14
0
6
37
-1207
4110
11714703
-7
0
5
33
-1202
4106
11707520
0
0
4
41
-1195
4113
11708545
-1
-3
6
35
-1196
4109
11709570
-1
-5
7
33
-1197
4104
11710595
1
-6
7
34
-1206
4106
11711620
9
-4
9
31
-1211
4110
11712645
11
-1
9
40
-1197
4105
11713670
7
-2
11
37
-1186
4103
11714695
7
-3
11
42
-1200
4108
11715720
13
-4
11
30
-1202
4107
11716745
11
-2
11
39
-1179
4096
11717770
3
1
11
44
-1198
4115
11718795
13
1
7
18
-1197
4119
11719820
19
0
6
19
-1169
4107
11720845
3
2
7
49
-1197
4112
11721870
5
3
8
44
-1208
4110
11722895
14
1
9
28
-1178
4106
11715713
11
-5
10
33
-1172
4118
11716738
-1
-8
10
38
-1180
4110
11717763
-5
-11
9
24
-1189
4109
11718788
-1
-11
8
27
-1198
4110
11719813
9
-9
6
38
-1193
4110
11720838
9
-4
7
39
-1171
4113
11721863
1
-2
6
35
-1172
4109
11722888
-4
-5
5
39
-1171
4100
11723913
-7
-4
6
28
-1183
4121
11724938
-7
-3
4
39
-1194
4111
11725963
-3
-1
3
32
-1185
4105
11726988
1
-1
2
33
-1188
4111
11728013
4
-2
0
39
-1186
4109
11729038
0
-2
2
36
-1181
4107
11730063
-2
-6
2
37
-1183
4114
11731088
-4
-7
3
31
-1179
4111
11723904
-6
-6
4
27
-1184
4106
11724929
-8
-9
3
42
-1187
4113
11725954
-6
-8
3
37
-1187
4105
11726979
-5
-6
3
32
-1186
4104
11728004
-3
-6
2
39
-1185
4119
11729029
-6
-8
3
42
-1195
4104
11730054
2
-5
3
29
-1184
4108
11731079
2
-2
2
45
-1189
4110
11732104
-2
1
0
39
-1195
4110
11733129
8
4
-2
20
-1177
4113
11734154
3
4
-3
28
-1174
4106
11735179
-4
5
-3
49
-1205
4105
11736204
11
7
-2
40
-1197
4109
11737229
17
5
0
36
-1169
4110
11738254
5
1
1
30
-1165
4116
11739279
-5
-6
1
22
-1184
4117
11732096
1
-12
1
38
-1191
4105
11733121
9
-10
1
46
-1194
4115
11734146
13
-4
2
35
-1177
4109
11735171
9
1
4
38
-1174
4107
11736196
4
3
3
37
-1181
4113
11737221
9
2
0
28
-1183
4113
11738246
17
1
-1
28
-1175
4105
11739271
22
3
-1
31
-1176
4109
11740296
23
2
-2
31
-1165
4114
11741321
23
3
-1
31
-1171
4112
11742346
22
8
1
29
-1175
4113
11743371
25
9
3
28
-1169
4112
11744396
28
7
4
24
-1161
4109
11745421
29
10
4
28
-1165
4123
11746446
29
15
6
32
-1166
4115
11747471
38
24
7
13
-1164
4112
11740288
46
32
5
12
-1164
4127
11741313
53
39
4
19
-1164
4122
11742338
61
51
6
-5
-1136
4131
11743363
61
54
6
-2
-1146
4127
11744388
71
45
5
-13
-1127
4098
11745413
65
24
2
-51
-1059
4119
11746438
-2
-5
18
36
-1024
4176
11747463
-59
-51
12
33
-1085
4147
11748488
-73
-62
12
5
-1178
4105
11749513
-42
-51
1
34
-1196
4109
11750538
-6
-38
-15
37
-1124
4126
11751563
3
-42
-25
8
-1109
4141
11752588
9
-47
-34
13
-1157
4132
11753613
29
-32
-37
9
-1178
4117
11754638
52
-13
-30
5
-1184
4124
11755663
76
-4
-15
27
-1167
4123
11748657
76
3
6
58
-1119
4106
11749682
38
13
37
68
-1029
4098
11750707
-64
32
69
62
-1030
4117
11751732
-102
47
77
19
-1198
4130
11752757
-8
54
45
-9
-1235
4124
11753782
77
43
4
-30
-1099
4137
11754807
50
16
-15
-27
-976
4162
11755832
-54
-8
-5
-5
-1062
4146
11756857
-88
-7
9
23
-1222
4114
11757882
-42
12
23
17
-1248
4111
11758907
14
19
31
-1
-1171
4117
11759932
37
1
30
12
-1115
4121
11760957
12
-12
27
18
-1072
4135
11761982
-33
-28
10
3
-1055
4128
11763007
-61
-56
-16
5
-1099
4131
11764032
-52
-64
-46
25
-1158
4116
11756672
-25
-59
-71
24
-1169
4170
11757697
-32
-67
-69
65
-1144
4108
11758722
-47
-62
-54
47
-1144
4082
11759747
-54
-52
-30
28
-1199
4158
11760772
-58
-37
-3
55
-1266
4069
11761797
4
-7
6
20
-1235
4085
11762822
53
9
12
-19
-1163
4163
11763847
48
10
21
16
-1108
4109
11764872
14
10
27
50
-1132
4124
11765897
5
2
30
37
-1169
4135
11766922
32
-8
25
50
-1167
4098
11767947
44
-10
21
15
-1121
4134
11768972
21
-28
20
29
-1123
4136
11769997
6
-35
25
62
-1175
4098
11771022
37
-19
34
50
-1201
4135
11772047
66
-1
45
24
-1125
4099
11764864
52
3
46
13
-1109
4109
11765889
35
-4
44
55
-1166
4205
11766914
50
-1
49
99
-1147
4057
11767939
92
37
43
53
-1067
4067
11768964
77
46
34
7
-1070
4188
11769989
54
24
33
42
-1169
4111
11771014
95
29
30
51
-1193
4094
11772039
139
46
29
31
-1110
4169
11773064
153
46
22
30
-1032
4144
11774089
150
35
14
-13
-978
4157
11775114
113
6
1
-54
-976
4200
11776139
60
-21
-11
-31
-1014
4132
11777164
24
-27
-17
19
-1074
4113
11778189
28
-19
-10
35
-1089
4170
11779214
25
4
9
34
-1003
4130
11780239
3
21
10
-17
-1047
4142
11773055
16
22
-2
34
-1067
4154
11774080
18
24
-10
49
-986
4117
11775105
-16
15
-24
-33
-1004
4161
11776130
-14
11
-47
-76
-1084
4170
11777155
23
39
-74
49
-1048
4093
11778180
6
76
-81
87
-1023
4170
11779205
-6
73
-70
25
-993
4170
11780230
-34
63
-69
-55
-1033
4131
11781255
-29
63
-90
-62
-1113
4182
11782280
30
55
-105
4
-1088
4123
11783305
73
59
-112
-10
-1033
4126
11784330
91
75
-122
-69
-1056
4187
11785355
147
75
-128
-14
-1043
4155
11786380
205
56
-135
3
-1019
4123
11787405
229
30
-145
-68
-949
4171
11788430
205
3
-147
-86
-896
4168
11781248
140
-2
-130
-62
-853
4174
11782273
75
-3
-115
17
-954
4186
11783298
100
20
-118
31
-1006
4146
11784323
161
51
-141
-16
-1035
4139
11785348
254
106
-182
-73
-1021
4191
11786373
421
184
-224
-73
-921
4174
11787398
517
197
-291
-15
-823
4162
11788423
569
207
-358
-170
-748
4226
11789448
626
221
-409
-319
-179
4403
11790473
361
85
-405
-98
-327
4202
11791498
194
5
-392
-53
-567
4226
11792523
80
-99
-458
48
-659
4215
11793548
-30
-181
-511
90
-721
4220
11794573
172
-100
-502
-86
-624
4230
11795598
426
-28
-579
-249
-110
4359
11796623
-129
-217
-609
-2
-776
4117
11789440
-431
-203
-548
48
-791
4238
11790465
-342
-147
-436
186
-1116
4005
11791490
523
145
-360
-164
-350
4318
11792515
187
19
-435
6
-383
4194
11793540
-333
-89
-312
211
-992
4142
11794565
-325
-62
-275
85
-912
4227
11795590
-204
-53
-235
-7
-765
4128
11796615
199
61
-176
192
-1044
4031
11797640
681
309
-379
-164
42
4474
11798665
58
108
-367
152
-981
4127
11799690
345
240
-365
-31
-518
4254
11800715
356
218
-400
-57
-501
4170
11801740
301
187
-403
-56
-592
4170
11802765
342
183
-412
-55
-503
4273
11803790
255
124
-397
-66
-312
4302
11804815
-52
-10
-353
-59
-367
4258
11797632
-274
-68
-244
-57
-461
4204
11798657
-285
-99
-107
-78
-426
4308
11799682
-285
-147
-2
-24
-583
4255
11800707
-230
-121
61
72
-714
4179
11801732
-87
-1
41
58
-669
4259
11802757
-54
59
25
-52
-493
4268
11803782
-109
64
85
-100
-415
4162
11804807
-175
48
144
-43
-589
4254
11805832
-157
47
162
-11
-716
4258
11806857
-83
47
136
-6
-736
4134
11807882
-16
55
87
-43
-663
4236
11808907
7
60
70
-79
-505
4267
11809932
-51
42
75
-84
-512
4207
11810957
-83
17
71
-67
-593
4248
11811982
-85
16
56
-79
-676
4232
11813007
-55
21
44
-71
-674
4186
11805825
-40
26
33
-86
-641
4233
11806850
-28
26
26
-74
-603
4230
11807875
-38
19
20
-93
-610
4211
11808900
-37
4
26
-91
-656
4238
11809925
-36
7
40
-75
-668
4205
11810950
-26
3
41
-73
-681
4205
11811975
12
-4
29
-78
-665
4244
11813000
16
-1
19
-88
-606
4219
11814025
-10
-3
20
-85
-607
4204
11815050
-28
-5
16
-80
-654
4230
11816075
-21
-6
5
-80
-661
4212
11817100
-20
-5
0
-83
-666
4207
11818125
-2
-9
4
-79
-676
4227
11819150
5
-4
10
-85
-673
4206
11820175
24
-8
10
-81
-672
4210
11821200
38
-9
7
-83
-652
4243
11814016
35
-5
5
-84
-622
4214
11815041
21
-10
7
-82
-637
4192
11816066
10
-7
8
-72
-662
4240
11817091
16
-1
-2
-82
-650
4225
11818116
21
-2
-6
-83
-626
4181
11819141
10
3
-7
-81
-652
4235
11820166
27
13
-12
-60
-688
4226
11821191
23
48
-21
-67
-651
4188
11822216
-25
76
-18
-95
-628
4189
11823241
-71
77
-1
-123
-677
4237
11824266
-41
61
0
-126
-555
4307
11825291
-73
18
-2
-111
-747
4219
11826316
-1
23
-22
-110
-686
4178
11827341
8
30
1
-100
-505
4219
11828366
-48
18
-2
-126
-571
4220
11829391
-81
3
4
-105
-666
4230
11822208
-69
-7
-8
-99
-737
4208
11823233
-22
-7
-28
-108
-772
4224
11824258
33
3
-43
-123
-746
4197
11825283
68
10
-34
-133
-509
4208
11826308
-1
-21
-10
-153
-493
4302
11827333
-53
-64
19
-139
-593
4263
11828358
-65
-74
27
-94
-692
4165
11829383
-53
-65
30
-97
-699
4188
11830408
-31
-70
18
-86
-735
4207
11831433
-5
-59
5
-66
-730
4173
11832458
-59
-7
56
-149
-171
4266
11833483
-336
-68
108
-185
-354
4313
11834508
-475
-114
112
-43
-979
4138
11835533
-376
-57
83
30
-1262
4094
11836558
-162
23
29
49
-1174
4119
11837583
14
82
-9
-63
-810
4207
11830400
5
73
-14
-121
-693
4211
11831425
-41
53
-18
-91
-809
4208
11832450
-34
63
-31
-86
-808
4193
11833475
-32
66
-37
-120
-761
4198
11834500
-35
44
-30
-119
-785
4224
11835525
-23
23
-26
-97
-809
4182
11836550
-43
28
-16
-124
-752
4204
11837575
-68
12
0
-132
-712
4223
11838600
-139
1
29
-139
-705
4176
11839625
-185
-31
27
-78
-979
4189
11840650
-91
2
23
-151
-905
4196
11841675
-66
5
18
-94
-839
4164
11842700
-86
-4
12
-60
-898
4207
11843725
-75
0
13
-137
-901
4176
11844750
-58
7
13
-116
-869
4168
11845775
-43
-5
13
-93
-902
4186
11838592
-26
-5
8
-114
-900
4181
11839617
-21
1
6
-128
-856
4176
11840642
-27
-3
8
-112
-872
4189
11841667
-28
-5
7
-97
-931
4179
11842692
0
5
3
-115
-947
4159
11843717
35
7
3
-125
-854
4182
11844742
12
-1
10
-127
-809
4214
11845767
-32
-10
22
-131
-892
4170
11846792
-22
-9
21
-89
-956
4154
11847817
15
2
4
-94
-916
4186
11848842
20
8
-1
-148
-829
4200
11849867
-9
0
16
-127
-827
4189
11850892
-39
-4
20
-85
-921
4177
11851917
-23
1
2
-83
-977
4161
11852942
21
6
-4
-133
-907
4183
11853967
38
-3
9
-151
-829
4207
11846784
14
-13
15
-117
-853
4185
11847809
0
-15
16
-102
-895
4178
11848834
2
-12
7
-86
-921
4182
11849859
13
-2
-4
-118
-888
4178
11850884
11
0
-2
-115
-855
4183
11851909
0
-4
4
-112
-889
4190
11852934
9
-5
8
-107
-905
4170
11853959
32
-7
4
-117
-892
4186
11854984
41
-9
2
-118
-867
4194
11856009
35
-10
4
-119
-843
4182
11857034
13
-9
0
-111
-840
4190
11858059
-10
-10
-1
-121
-887
4192
11859084
8
-11
1
-99
-918
4164
11860109
31
-8
1
-116
-875
4180
11861134
33
-3
-1
-112
-848
4186
11862159
7
-6
6
-112
-779
4197
11854976
-23
-19
3
-123
-918
4178
11856001
0
-9
0
-99
-893
4170
11857026
6
0
-10
-116
-858
4179
11858051
-13
-1
1
-122
-785
4195
11859076
-58
-6
4
-102
-892
4187
11860101
-49
5
1
-99
-921
4186
11861126
-25
8
-2
-121
-874
4186
11862151
-9
-3
0
-126
-871
4190
11863176
-7
-5
1
-99
-902
4185
11864201
-4
2
1
-106
-876
4172
11865226
-5
2
1
-117
-875
4186
11866251
2
-2
1
-117
-877
4182
11867276
3
-4
2
-105
-885
4165
11868301
13
-5
2
-118
-905
4180
11869326
30
-3
3
-112
-887
4193
11870351
26
4
2
-108
-867
4176
11863167
10
9
-2
-116
-851
4193
11864192
4
11
3
-116
-860
4191
11865217
4
14
10
-128
-880
4169
11866242
10
7
11
-111
-865
4195
11867267
12
-2
8
-116
-854
4191
11868292
2
-5
9
-110
-873
4176
11869317
3
-8
5
-98
-899
4186
11870342
10
1
5
-131
-840
4201
11871367
-11
-1
11
-137
-817
4187
11872392
-27
-15
8
-100
-947
4179
11873417
14
-7
4
-114
-902
4172
11874442
23
-2
6
-121
-835
4180
11875467
0
-4
6
-120
-855
4201
11876492
-7
-3
7
-115
-861
4185
11877517
-12
0
4
-109
-875
4176
11878542
-5
0
1
-117
-873
4195
11871360
-3
0
2
-116
-866
4174
11872385
-6
-2
4
-117
-864
4190
11873410
-10
-1
6
-119
-867
4192
11874435
-15
-2
5
-120
-874
4178
11875460
-17
0
5
-113
-864
4180
11876485
-22
2
3
-119
-858
4193
11877510
-26
3
5
-120
-876
4181
11878535
-30
4
5
-117
-865
4182
11879560
-33
3
4
-125
-877
4185
11880585
-35
2
5
-124
-899
4183
11881610
-10
-7
7
-115
-897
4174
11882635
-1
-6
7
-127
-877
4194
11883660
-5
-6
8
-122
-872
4184
11884685
-16
-5
7
-115
-894
4182
11885710
-13
-1
6
-121
-887
4185
11886735
-8
-4
11
-130
-898
4178
11879552
-1
-3
13
-119
-893
4178
11880577
-1
2
8
-115
-903
4174
11881602
-1
5
4
-106
-891
4174
11882627
0
5
3
-109
-910
4167
11883652
-4
12
-5
-115
-915
4176
11884677
0
18
-3
-150
-852
4182
11885702
-29
15
6
-154
-808
4190
11886727
-66
7
6
-96
-960
4202
11887752
-43
20
9
-132
-905
4181
11888777
-54
21
14
-161
-917
4161
11889802
1
3
6
-136
-986
4185
11890827
79
6
-9
-134
-938
4173
11891852
75
13
1
-159
-759
4199
11892877
13
-9
12
-153
-811
4215
11893902
-13
-13
9
-116
-959
4163
11894927
27
-8
7
-119
-951
4156
11887822
64
-13
0
-109
-907
4199
11888847
59
-1
-9
-146
-843
4181
11889872
21
-3
-5
-155
-759
4189
11890897
-42
-18
4
-148
-810
4211
11891922
-67
-24
4
-110
-973
4164
11892947
-21
-9
-6
-118
-973
4160
11893972
11
-1
-1
-145
-807
4208
11894997
-17
-17
5
-150
-843
4191
11896022
-43
-15
8
-96
-911
4187
11897047
-39
-4
2
-118
-927
4166
11898072
-21
-2
-3
-142
-904
4176
11899097
-6
-9
-4
-139
-888
4193
11900122
-11
-9
-2
-134
-896
4174
11901147
-11
-7
1
-128
-905
4172
11902172
-12
-6
4
-138
-858
4198
11903197
-37
-9
11
-139
-839
4193
11895937
-65
-16
18
-132
-916
4178
11896962
-52
-15
19
-124
-965
4169
11897987
-25
-9
13
-124
-936
4164
11899012
-14
-9
10
-121
-900
4179
11900037
-24
-10
12
-118
-916
4180
11901062
-27
-8
7
-102
-952
4156
11902087
-7
-1
-4
-125
-936
4167
11903112
11
-2
-8
-121
-921
4185
11904137
14
-5
-9
-111
-937
4178
11905162
11
-3
-7
-113
-922
4179
11906187
8
2
-4
-138
-913
4172
11907212
10
3
-1
-127
-917
4173
11908237
25
-4
-7
-97
-984
4174
11909262
50
2
-5
-147
-819
4193
11910287
1
-7
9
-156
-807
4186
11911312
-44
-16
17
-131
-909
4193
11904128
-42
-14
18
-110
-965
4172
11905153
-15
-15
18
-119
-970
4160
11906178
21
-16
14
-123
-909
4185
11907203
11
-13
11
-124
-862
4187
11908228
-23
-15
12
-111
-918
4171
11909253
-21
-9
9
-104
-970
4172
11910278
14
-4
4
-110
-951
4158
11911303
28
1
-2
-129
-864
4179
11912328
3
-5
-6
-122
-886
4194
11913353
-9
-4
1
-124
-919
4170
11914378
-6
-2
5
-117
-915
4166
11915403
2
-3
1
-118
-923
4185
11916428
21
-7
-2
-123
-887
4175
11917453
-4
-4
1
-126
-893
4180
11918478
-4
-6
4
-115
-913
4170
11919503
-9
-2
1
-120
-917
4170
11912319
-5
-4
1
-132
-917
4184
11913344
4
-5
4
-121
-897
4186
11914369
-9
-5
6
-116
-905
4183
11915394
-13
-4
5
-111
-920
4176
11916419
-6
-6
3
-121
-910
4164
11917444
3
-12
4
-116
-919
4171
11918469
-4
-7
3
-119
-903
4178
11919494
-10
-7
5
-121
-903
4174
11920519
-13
-7
3
-118
-931
4178
11921544
-2
-5
2
-108
-920
4178
11922569
1
-5
4
-117
-909
4174
11923594
-5
-5
5
-114
-932
4183
11924619
-3
2
3
-113
-915
4171
11925644
-9
4
2
-120
-894
4174
11926669
-18
2
1
-116
-914
4183
11927694
-17
1
2
-114
-929
4171
11920513
-14
2
4
-125
-911
4171
11921538
-13
-2
3
-114
-918
4179
11922563
-15
-1
2
-120
-916
4171
11923588
-18
-1
6
-116
-911
4177
11924613
-21
0
7
-116
-934
4170
11925638
-24
0
3
-126
-930
4177
11926663
-13
-9
6
-124
-932
4179
11927688
-10
-6
12
-125
-925
4175
11928713
-14
-5
15
-124
-929
4166
11929738
-6
-8
13
-116
-937
4178
11930763
-1
-5
10
-120
-932
4163
11931788
1
-6
9
-122
-928
4168
11932813
3
-9
11
-114
-939
4181
11933838
7
-7
11
-120
-941
4174
11934863
11
-6
9
-115
-928
4165
11935888
16
-7
8
-123
-925
4176
11928704
13
-9
7
-112
-912
4173
11929729
3
-5
5
-117
-905
4181
11930754
-10
-3
5
-119
-918
4173
11931779
-11
-4
5
-111
-942
4167
11932804
-3
-3
2
-120
-937
4172
11933829
1
-4
2
-113
-942
4171
11934854
11
-3
3
-122
-921
4178
11935879
5
-4
4
-121
-893
4183
11936904
-8
-7
4
-111
-937
4179
11937929
1
-5
5
-121
-939
4173
11938954
10
-5
6
-122
-921
4177
11939979
5
-5
6
-120
-911
4180
11941004
0
-5
7
-117
-920
4184
11942029
-3
-4
7
-117
-925
4176
11943054
-1
-5
7
-120
-927
4178
11944079
8
-7
5
-116
-927
4172
11936896
6
-2
5
-117
-906
4179
11937921
-3
-5
8
-117
-926
4167
11938946
-5
-3
6
-115
-926
4179
11939971
-5
1
5
-123
-911
4182
11940996
-13
2
8
-124
-915
4167
11942021
-22
4
11
-114
-942
4166
11943046
-18
6
9
-120
-928
4175
11944071
-4
0
7
-120
-903
4173
11945096
-9
-3
8
-124
-928
4174
11946121
-6
-3
6
-124
-939
4163
11947146
1
-2
5
-118
-932
4171
11948171
1
-2
6
-120
-924
4171
11949196
-1
-3
7
-125
-920
4176
11950221
1
-4
7
-120
-919
4173
11951246
1
-3
5
-116
-924
4166
11952271
-3
-4
3
-123
-926
4172
11945089
-4
-1
3
-119
-921
4177
11946114
-9
2
3
-121
-923
4168
11947139
-15
2
2
-133
-930
4179
11948164
-5
-1
1
-128
-925
4173
11949189
-3
-3
1
-120
-934
4167
11950214
-4
-3
1
-123
-925
4176
11951239
-7
-2
2
-124
-929
4177
11952264
-7
-4
2
-125
-938
4179
11953289
0
-7
4
-126
-931
4176
11954314
-1
-5
5
-123
-937
4168
11955339
-4
-2
4
-122
-931
4173
11956364
-6
-2
4
-112
-930
4180
11957389
-6
-2
3
-119
-932
4171
11958414
-3
-5
5
-123
-944
4169
11959439
2
-4
4
-126
-924
4177
11960464
0
-3
5
-118
-924
4170
11953279
-9
-1
2
-121
-937
4168
11954304
-3
0
0
-128
-940
4182
11955329
0
-2
4
-129
-938
4176
11956354
-1
-3
8
-115
-950
4163
11957379
7
0
6
-118
-930
4180
11958404
2
0
3
-126
-912
4173
11959429
-5
-5
4
-126
-933
4168
11960454
0
-5
3
-125
-944
4171
11961479
2
-2
3
-124
-923
4172
11962504
-2
-2
6
-122
-935
4183
11963529
-2
-1
6
-122
-936
4172
11964554
-21
4
7
-135
-924
4172
11965579
-13
1
6
-131
-931
4191
11966604
-4
-2
5
-131
-931
4177
11967629
-8
-1
4
-127
-939
4169
11968654
-5
-2
4
-127
-931
4175
11961473
-5
-3
4
-130
-929
4170
11962498
-8
-3
3
-126
-935
4162
11963523
-9
-1
1
-121
-936
4180
11964548
-10
1
0
-129
-932
4167
11965573
-10
-2
1
-129
-941
4169
11966598
-9
-3
2
-122
-945
4182
11967623
-8
-2
1
-122
-938
4176
11968648
-9
-2
2
-124
-939
4171
11969673
-8
-2
1
-123
-939
4173
11970698
-5
-4
1
-126
-941
4169
11971723
-4
-5
1
-127
-937
4169
11972748
-1
-5
3
-123
-940
4180
11973773
0
-4
2
-124
-954
4166
11974798
4
-4
5
-126
-947
4173
11975823
8
-4
3
-121
-939
4153
11976848
0
-1
0
-122
-928
4181
11969665
-3
-2
3
-135
-934
4178
11970690
-8
-5
9
-125
-952
4164
11971715
-4
-4
8
-120
-948
4171
11972740
-2
-1
4
-117
-923
4175
11973765
-11
-3
3
-125
-940
4165
11974790
-9
-5
2
-125
-958
4171
11975815
-1
-4
2
-133
-945
4167
11976840
-2
-5
4
-127
-942
4164
11977865
-2
-5
5
-129
-941
4176
11978890
-4
-6
6
-127
-939
4167
11979915
-3
-6
5
-124
-950
4162
11980940
-3
-3
2
-125
-943
4182
11981965
-5
-2
3
-126
-940
4169
11982990
-9
-1
4
-134
-943
4172
11984015
-12
-3
3
-131
-956
4183
11985040
-6
-3
2
-124
-941
4173
11977855
-8
-2
1
-126
-944
4170
11978880
-11
0
0
-127
-953
4165
11979905
-9
-1
0
-130
-951
4167
11980930
-5
-2
1
-130
-953
4172
11981955
-6
-2
3
-129
-944
4169
11982980
-11
-4
4
-124
-949
4178
11984005
-8
-3
4
-122
-965
4179
11985030
-3
-2
4
-128
-952
4167
11986055
-4
-4
2
-134
-950
4166
11987080
-6
-3
4
-127
-947
4175
11988105
-15
0
3
-124
-951
4159
11989130
-18
0
5
-138
-958
4167
11990155
-7
-4
5
-121
-965
4175
11991180
-7
-2
1
-127
-959
4167
11992205
-10
0
1
-139
-946
4173
11993230
-13
-3
8
-136
-962
4165
11986048
-9
-3
10
-131
-978
4166
11987073
-1
-2
6
-126
-957
4176
11988098
-3
-2
4
-123
-941
4168
11989123
-8
-4
3
-136
-952
4168
11990148
-5
-6
4
-129
-970
4172
11991173
2
-4
2
-131
-962
4171
11992198
2
-4
5
-139
-948
4162
11993223
-1
-4
7
-127
-960
4170
11994248
1
-5
6
-134
-960
4165
11995273
1
-5
4
-130
-950
4172
11996298
-1
-5
4
-128
-951
4169
11997323
1
-5
4
-129
-971
4158
11998348
6
-4
4
-129
-953
4172
11999373
4
-7
4
-131
-953
4172
12000398
1
-7
5
-133
-964
4162
12001423
6
-4
3
-128
-961
4176
11994241
9
-3
4
-132
-942
4178
11995266
4
-5
5
-138
-953
4165
11996291
5
-8
5
-123
-956
4168
11997316
5
-5
4
-125
-945
4170
11998341
2
-4
6
-126
-949
4170
11999366
-1
-4
5
-126
-946
4172
12000391
-1
-4
4
-125
-954
4175
12001416
-3
-4
3
-130
-953
4166
12002441
-3
-6
5
-131
-956
4167
12003466
-3
-4
3
-132
-959
4163
12004491
0
-3
4
-131
-956
4176
12005516
-1
-2
3
-129
-953
4164
12006541
-4
0
1
-131
-958
4171
12007566
-4
-2
3
-132
-956
4168
12008591
-6
-3
8
-128
-961
4167
12009616
1
-3
7
-138
-945
4162
12002431
4
-6
5
-125
-944
4177
12003456
0
-5
5
-127
-953
4170
12004481
0
-6
6
-127
-960
4170
12005506
3
-6
5
-124
-954
4164
12006531
4
-3
5
-124
-949
4174
12007556
3
-3
7
-133
-957
4170
12008581
2
-2
7
-125
-954
4168
12009606
1
-1
7
-125
-951
4169
12010631
1
1
4
-132
-948
4168
12011656
2
1
3
-127
-945
4168
12012681
0
-1
3
-125
-952
4168
12013706
3
-3
3
-134
-957
4169
12014731
7
0
2
-131
-946
4166
12015756
4
-1
2
-132
-935
4162
12016781
-2
-3
2
-129
-943
4170
12017806
-4
-4
3
-129
-958
4174
12010625
-3
-3
2
-134
-949
4167
12011650
-2
-2
3
-131
-944
4174
12012675
-4
-2
3
-128
-953
4171
12013700
-3
-1
2
-136
-952
4171
12014725
-1
-3
4
-136
-947
4167
12015750
-4
-4
4
-130
-946
4164
12016775
-5
-4
4
-135
-949
4174
12017800
-1
-5
3
-131
-950
4169
12018825
-1
-3
4
-134
-953
4168
12019850
-1
-5
9
-128
-955
4168
12020875
0
-3
7
-126
-955
4166
12021900
2
-2
5
-132
-938
4168
12022925
-1
-3
8
-138
-936
4170
12023950
-8
-2
11
-128
-983
4162
12024975
7
0
8
-131
-950
4170
12026000
7
-1
7
-126
-913
4173
12018816
-5
-5
4
-130
-941
4170
12019841
-8
-4
5
-139
-945
4174
12020866
-9
-5
4
-129
-967
4173
12021891
-2
-3
3
-137
-985
4156
12022916
11
-3
5
-134
-944
4169
12023941
6
-4
6
-130
-935
4183
12024966
-4
-3
5
-129
-945
4170
12025991
-6
-4
3
-127
-948
4172
12027016
-6
-2
2
-135
-969
4169
12028041
1
0
3
-139
-946
4173
12029066
0
-1
2
-132
-937
4177
12030091
-8
-2
2
-128
-945
4177
12031116
-6
0
0
-123
-968
4161
12032141
0
1
1
-133
-936
4174
12033166
-7
-4
6
-132
-922
4174
12034191
-16
-6
2
-128
-983
4158
12027008
2
-2
1
-139
-947
4174
12028033
0
-1
2
-137
-933
4160
12029058
-7
-3
2
-137
-959
4167
12030083
-3
-2
1
-128
-961
4177
12031108
-4
0
-2
-129
-973
4164
12032133
1
2
1
-135
-946
4176
12033158
-4
-2
3
-138
-945
4159
12034183
-8
-4
4
-135
-962
4163
12035208
-3
-3
3
-126
-954
4175
12036233
-10
-1
0
-136
-946
4171
12037258
-19
-3
1
-137
-967
4173
12038283
-9
-3
0
-132
-985
4168
12039308
-1
1
5
-142
-930
4165
12040333
-14
-1
4
-129
-960
4174
12041358
-17
0
2
-138
-958
4166
12042383
-14
-2
1
-139
-957
4168
12035200
-6
-5
-1
-133
-972
4163
12036225
-2
-4
-2
-133
-958
4174
12037250
-6
-2
0
-135
-972
4162
12038275
-6
-2
2
-133
-961
4163
12039300
-7
-3
2
-130
-963
4169
12040325
-6
-2
2
-130
-972
4165
12041350
-1
-1
0
-137
-970
4161
12042375
-2
0
1
-139
-946
4164
12043400
-12
-4
2
-142
-963
4175
12044425
-9
-4
2
-128
-981
4169
12045450
-1
-2
1
-131
-964
4156
12046475
-5
-2
1
-140
-957
4169
12047500
-9
-1
0
-135
-974
4166
12048525
-5
-1
0
-135
-978
4167
12049550
-3
-3
1
-139
-975
4173
12050575
-1
-3
-1
-138
-968
4163
12043392
-1
-2
-1
-138
-967
4165
12044417
0
-1
1
-133
-972
4161
12045442
1
-1
1
-137
-968
4173
12046467
-1
-4
3
-141
-956
4173
12047492
-1
-6
5
-135
-968
4164
12048517
-2
-4
5
-140
-973
4153
12049542
5
-5
7
-135
-977
4161
12050567
9
-2
2
-136
-967
4167
12051592
3
-2
4
-141
-957
4175
12052617
-3
-5
9
-136
-972
4165
12053642
-2
-5
12
-138
-987
4162
12054667
6
-3
9
-128
-963
4166
12055692
1
-3
5
-132
-950
4166
12056717
-7
-4
4
-142
-963
4169
12057742
-5
-5
4
-134
-974
4168
12058767
3
-5
4
-134
-969
4163
12051584
4
-6
5
-135
-956
4160
12052609
3
-5
4
-135
-958
4169
12053634
1
-4
6
-137
-967
4165
12054659
1
-3
5
-140
-968
4158
12055684
3
-4
3
-132
-961
4170
12056709
1
-5
4
-138
-964
4166
12057734
4
-6
3
-145
-968
4152
12058759
7
-5
2
-132
-969
4168
12059784
8
-4
3
-138
-962
4166
12060809
4
-4
4
-139
-957
4159
12061834
0
-4
5
-137
-960
4176
12062859
-1
-5
5
-142
-965
4163
12063884
1
-5
4
-140
-959
4165
12064909
4
-5
3
-141
-949
4173
12065934
0
-5
4
-137
-953
4161
12066959
-5
-4
5
-133
-973
4165
12059776
1
-3
3
-127
-970
4167
12060801
4
-2
2
-138
-956
4165
12061826
3
-5
4
-139
-960
4166
12062851
1
-7
5
-133
-972
4167
12063876
1
-5
6
-135
-964
4164
12064901
3
-6
5
-126
-967
4165
12065926
3
-3
2
-133
-955
4178
12066951
-1
-2
3
-139
-954
4166
12067976
-6
-3
6
-137
-966
4171
12069001
-1
-5
8
-134
-961
4168
12070026
1
-4
6
-134
-946
4172
12071051
-7
-5
5
-134
-963
4165
12072076
-4
-4
5
-134
-963
4163
12073101
0
-4
4
-134
-953
4168
12074126
1
-5
4
-144
-958
4167
12075151
-2
-6
6
-133
-966
4165
12067967
-3
-4
6
-131
-965
4171
12068992
-3
-4
5
-138
-964
4167
12070017
-3
-4
4
-137
-965
4162
12071042
-1
-4
4
-133
-963
4167
12072067
-1
-5
3
-129
-969
4168
12073092
-2
-3
2
-132
-974
4168
12074117
2
-3
2
-136
-965
4161
12075142
2
-3
2
-141
-961
4171
12076167
0
-4
4
-136
-961
4173
12077192
-1
-3
3
-139
-969
4165
12078217
1
-3
2
-136
-956
4164
12079242
1
-3
3
-138
-959
4165
12080267
0
-3
4
-141
-965
4161
12081292
3
-4
4
-136
-965
4169
12082317
4
-2
5
-136
-945
4168
12083342
-4
-4
3
-135
-957
4166
12076161
-1
-3
5
-137
-963
4167
12077186
2
-3
4
-141
-956
4165
12078211
0
-5
4
-141
-950
4175
12079236
-1
-4
5
-136
-955
4177
12080261
0
-3
5
-135
-956
4161
12081286
-3
-2
2
-135
-953
4175
12082311
-3
-4
3
-141
-956
4173
12083336
-3
-4
6
-139
-958
4172
12084361
-1
-2
6
-134
-958
4164
12085386
-1
-1
3
-133
-965
4164
12086411
-3
-3
2
-140
-951
4171
12087436
-8
-5
5
-139
-960
4160
12088461
-3
-5
3
-138
-987
4168
12089486
8
-1
1
-136
-966
4171
12090511
8
0
1
-137
-949
4169
12091536
4
-3
4
-137
-963
4164
12084352
3
-3
3
-134
-955
4168
12085377
2
-3
3
-133
-965
4160
12086402
5
-2
0
-139
-976
4169
12087427
11
1
0
-136
-953
4178
12088452
9
2
-1
-138
-978
4159
12089477
16
2
-1
-136
-965
4175
12090502
13
3
1
-130
-916
4187
12091527
-4
-1
1
-140
-931
4168
12092552
-8
-4
1
-136
-958
4172
12093577
-7
-4
3
-136
-963
4172
12094602
-1
-2
2
-135
-974
4159
12095627
7
0
0
-137
-961
4168
12096652
7
-1
2
-146
-944
4172
12097677
-9
-3
6
-139
-926
4179
12098702
-14
-3
2
-140
-974
4180
12099727
-1
0
0
-142
-965
4167
12092543
3
-2
1
-141
-946
4172
12093568
1
-2
0
-138
-959
4172
12094593
-2
-1
2
-145
-942
4169
12095618
-8
-3
6
-139
-954
4167
12096643
-6
-3
1
-141
-958
4166
12097668
-5
-1
2
-145
-952
4164
12098693
-8
-1
5
-146
-948
4167
12099718
-8
-4
8
-135
-958
4161
12100743
-4
-2
5
-138
-953
4171
12101768
-3
-2
2
-141
-949
4173
12102793
-6
-4
2
-144
-956
4175
12103818
-5
-4
3
-146
-959
4167
12104843
-5
-5
3
-132
-963
4158
12105868
-4
-4
4
-144
-963
4166
12106893
-3
-5
6
-138
-955
4177
12107918
-6
-5
6
-134
-965
4167
12100780
-4
-3
3
-143
-958
4163
12101805
-37
6
3
-143
-912
4166
12102830
-52
-1
6
-150
-984
4179
12103855
-15
-6
4
-134
-995
4150
12104880
-15
0
3
-145
-962
4172
12105905
-13
-2
4
-139
-958
4167
12106930
-17
-5
3
-131
-971
4157
12107955
-19
-3
2
-144
-977
4169
12108980
-14
-3
1
-152
-978
4161
12110005
-5
-3
-1
-142
-976
4159
12111030
-4
-1
1
-145
-961
4167
12112055
-11
-1
4
-142
-963
4167
12113080
-15
-3
4
-141
-977
4168
12114105
-12
-2
3
-142
-986
4166
12115130
-6
-2
2
-143
-976
4171
12116155
-4
-5
4
-145
-971
4163
12108929
-3
-6
4
-139
-979
4166
12109954
-3
-4
4
-149
-975
4160
12110979
-3
-5
6
-141
-970
4154
12112004
-5
-4
1
-134
-978
4156
12113029
-2
-2
2
-146
-972
4170
12114054
-3
-3
7
-150
-963
4170
12115079
-9
-5
10
-130
-977
4165
12116104
-7
-4
6
-134
-989
4154
12117129
-1
-3
5
-140
-983
4168
12118154
1
-4
3
-140
-973
4172
12119179
3
-6
4
-143
-978
4157
12120204
6
-6
5
-146
-982
4154
12121229
10
-5
6
-137
-976
4168
12122254
11
-3
8
-138
-972
4160
12123279
5
-5
10
-149
-967
4159
12124304
2
-6
10
-134
-979
4173
12117119
6
-5
5
-135
-966
4160
12118144
3
-6
6
-139
-961
4148
12119169
0
-6
8
-150
-976
4150
12120194
5
-6
7
-144
-988
4165
12121219
7
-6
5
-142
-976
4168
12122244
7
-5
7
-140
-960
4162
12123269
3
-7
7
-143
-970
4163
12124294
6
-8
8
-143
-970
4162
12125319
7
-8
7
-144
-969
4163
12126344
8
-8
6
-136
-970
4157
12127369
8
-7
6
-142
-966
4163
12128394
8
-7
4
-138
-963
4173
12129419
7
-5
3
-135
-964
4159
12130444
3
-5
4
-139
-964
4162
12131469
0
-5
4
-135
-970
4176
12132494
-1
-4
4
-126
-972
4165
12125312
-4
-4
4
-139
-969
4165
12126337
-1
-4
5
-140
-970
4166
12127362
-3
-1
1
-140
-970
4162
12128387
-2
-2
1
-146
-960
4172
12129412
-1
-3
6
-150
-958
4170
12130437
-4
-4
9
-132
-980
4154
12131462
4
-4
3
-133
-979
4164
12132487
8
-3
1
-138
-956
4170
12133512
2
-3
2
-150
-953
4163
12134537
-2
-4
3
-137
-965
4175
12135562
4
0
4
-134
-966
4158
12136587
2
8
7
-139
-958
4158
12137612
0
13
9
-143
-969
4183
12138637
5
12
7
-147
-960
4167
12139662
0
10
6
-139
-966
4166
12140687
4
17
7
-150
-930
4167
12133505
-7
4
5
-165
-947
4170
12134530
-11
-3
5
-144
-989
4164
12135555
-3
-4
8
-147
-963
4176
12136580
-7
-6
8
-143
-952
4166
12137605
-12
-8
7
-141
-965
4168
12138630
-9
-2
3
-150
-983
4167
12139655
5
0
0
-152
-982
4163
12140680
14
1
3
-147
-951
4167
12141705
11
-1
0
-146
-974
4164
12142730
9
1
0
-151
-932
4155
12143755
-7
-3
3
-150
-948
4170
12144780
-15
-6
8
-152
-957
4174
12145805
-14
-8
4
-132
-994
4153
12146830
1
-6
2
-141
-986
4166
12147855
10
-5
1
-157
-941
4163
12148880
-4
-7
5
-168
-905
4174
12141697
-31
-15
13
-146
-937
4168
12142722
-35
-15
8
-126
-1055
4147
12143747
-2
-7
4
-129
-1018
4152
12144772
17
-3
1
-159
-959
4171
12145797
7
-3
5
-145
-919
4173
12146822
-16
-8
8
-157
-941
4175
12147847
-23
-10
3
-141
-989
4176
12148872
-8
-7
0
-134
-1030
4148
12149897
17
-2
-2
-136
-973
4162
12150922
18
-1
-3
-154
-963
4168
12151947
12
1
-1
-142
-947
4160
12152972
-4
-1
8
-141
-954
4158
12153997
-5
1
7
-146
-974
4159
12155022
6
3
4
-146
-987
4157
12156047
12
2
1
-143
-942
4166
12157072
0
-2
0
-144
-961
4156
12149888
2
1
1
-148
-974
4156
12150913
5
1
1
-134
-971
4166
12151938
0
0
-1
-151
-979
4164
12152963
2
-2
-3
-161
-955
4164
12153988
-3
0
3
-143
-940
4168
12155013
-17
-2
4
-153
-971
4164
12156038
-12
-3
4
-148
-973
4172
12157063
-8
1
3
-146
-975
4164
12158088
-5
3
1
-151
-974
4164
12159113
-4
3
0
-150
-962
4173
12160138
-6
1
0
-150
-966
4158
12161163
-12
-2
0
-146
-958
4149
12162188
-48
2
1
-152
-966
4170
12163213
-28
-4
2
-152
-985
4164
12164238
-12
-5
2
-150
-989
4155
12165263
-5
-3
0
-161
-965
4178
12158079
-11
-3
0
-138
-960
4166
12159104
-29
0
-2
-153
-995
4150
12160129
-12
-3
2
-155
-981
4172
12161154
-6
-3
7
-133
-978
4163
12162179
-6
1
4
-147
-996
4150
12163204
-2
4
1
-150
-986
4164
12164229
-1
5
-3
-144
-985
4165
12165254
4
2
-4
-161
-982
4158
12166279
6
-1
-1
-163
-961
4174
12167304
-1
-3
3
-151
-963
4165
12168329
-9
-3
3
-154
-1002
4152
12169354
-3
1
1
-148
-997
4151
12170379
-4
2
0
-151
-971
4164
12171404
2
2
2
-162
-967
4177
12172429
0
2
10
-160
-964
4165
12173454
-18
-1
8
-145
-983
4149
12166272
-28
-1
4
-154
-996
4173
12167297
-14
0
1
-149
-976
4157
12168322
-28
4
1
-162
-988
4165
12169347
-14
1
-3
-155
-1013
4154
12170372
-1
-3
-1
-157
-984
4171
12171397
-5
-6
3
-156
-970
4162
12172422
-14
-2
7
-162
-997
4154
12173447
-11
0
10
-157
-997
4156
12174472
-14
-2
9
-159
-992
4170
12175497
-7
-12
14
-169
-947
4167
12176522
-27
-18
18
-153
-973
4153
12177547
-49
-9
14
-140
-1043
4150
12178572
-20
-2
6
-150
-1053
4148
12179597
1
5
3
-152
-1009
4161
12180622
1
7
0
-156
-995
4158
12181647
-12
7
-3
-157
-979
4172
12174465
-23
4
4
-166
-982
4177
12175490
-19
-2
13
-160
-1018
4145
12176515
-17
0
9
-166
-1044
4141
12177540
-21
6
4
-133
-1015
4162
12178565
-34
7
3
-176
-967
4162
12179590
-43
-6
10
-180
-951
4179
12180615
-36
-21
12
-152
-1043
4147
12181640
-46
-5
11
-140
-1096
4127
12182665
-32
9
13
-154
-1022
4143
12183690
-18
2
18
-170
-982
4171
12184715
-20
-9
20
-156
-1007
4156
12185740
-47
-2
12
-149
-1112
4118
12186765
-20
16
5
-170
-1060
4131
12187790
3
17
3
-141
-977
4171
12188815
9
4
0
-175
-1025
4172
12189840
15
-4
0
-159
-987
4162
12182656
-3
-8
7
-208
-947
4152
12183681
-33
-13
16
-148
-1024
4168
12184706
-31
-9
12
-151
-1084
4142
12185731
-4
-1
6
-163
-1040
4142
12186756
3
-2
10
-172
-976
4174
12187781
-17
-12
17
-166
-986
4161
12188806
-45
-17
16
-163
-1051
4146
12189831
-42
-12
9
-143
-1119
4136
12190856
-10
-3
1
-175
-1083
4128
12191881
9
0
0
-154
-1031
4157
12192906
1
3
-3
-158
-1045
4154
12193931
-1
4
-5
-164
-1043
4137
12194956
3
1
-2
-164
-1039
4150
12195981
1
4
-7
-153
-1058
4134
12197006
7
8
-13
-160
-1054
4151
12198031
10
7
-14
-155
-1027
4165
12190848
8
9
-11
-187
-1024
4137
12191873
3
7
-7
-141
-1028
4150
12192898
2
9
-10
-177
-1034
4172
12193923
4
8
-7
-176
-991
4150
12194948
-10
-1
-3
-172
-1012
4148
12195973
-14
-7
-4
-159
-1057
4160
12196998
8
-9
-7
-183
-1054
4135
12198023
9
-8
0
-165
-1031
4157
12199048
11
-8
3
-165
-1039
4156
12200073
13
-7
4
-169
-1018
4144
12201098
21
-11
5
-170
-1026
4156
12202123
18
-10
4
-173
-1014
4158
12203148
11
-12
10
-167
-1011
4138
12204173
-1
-15
17
-173
-1037
4165
12205198
12
-14
20
-166
-1017
4152
12206223
4
-12
16
-152
-1024
4151
12199040
-4
-11
15
-152
-1022
4170
12200065
-7
-9
9
-164
-1019
4152
12201090
-1
-11
1
-167
-1031
4146
12202115
6
-10
-5
-163
-1032
4161
12203140
4
-8
-1
-154
-1028
4147
12204165
11
-11
2
-156
-1034
4137
12205190
9
-11
1
-160
-1035
4161
12206215
18
-11
4
-150
-1021
4142
12207240
-1
-10
7
-163
-1027
4143
12208265
0
-8
9
-158
-1014
4158
12209290
-7
-8
13
-157
-1014
4151
12210315
-8
-11
15
-149
-1036
4147
12211340
1
-9
8
-139
-1042
4151
12212365
10
-5
6
-162
-1001
4085
12213390
11
-17
5
-157
-1063
4255
12214415
27
-5
2
-116
-1043
4173
12207231
4
9
7
-194
-942
4016
12208256
-38
-11
17
-150
-1043
4223
12209281
-18
-2
9
-118
-1073
4177
12210306
-11
3
5
-169
-1013
4061
12211331
-13
-6
2
-150
-1024
4214
12212356
-17
1
-3
-142
-1019
4170
12213381
-32
0
-1
-177
-1023
4096
12214406
-32
-7
4
-159
-1055
4189
12215431
-20
-2
2
-152
-1047
4161
12216456
-13
0
2
-166
-1029
4123
12217481
-9
-4
1
-155
-1045
4175
12218506
-7
0
0
-153
-1053
4159
12219531
-3
0
5
-165
-1034
4134
12220556
2
-4
4
-154
-1049
4155
12221581
9
-1
2
-156
-1041
4155
12222606
13
0
5
-166
-1035
4134
12215425
16
-2
7
-154
-1043
4154
12216450
20
-1
6
-161
-1031
4164
12217475
18
-1
11
-156
-1027
4137
12218500
12
-1
12
-151
-1017
4142
12219525
-1
0
12
-156
-1012
4169
12220550
-5
-1
11
-160
-1030
4145
12221575
-1
0
10
-159
-1031
4146
12222600
1
-1
10
-163
-1040
4166
12223625
7
-1
9
-163
-1036
4150
12224650
7
-2
8
-165
-1023
4151
12225675
7
-6
9
-157
-1037
4154
12226700
12
-3
5
-156
-1024
4142
12227725
7
-4
4
-166
-1021
4150
12228750
6
-5
5
-168
-1020
4164
12229775
-4
-2
9
-152
-1019
4149
12230800
-5
-4
8
-153
-1026
4141
12223616
-3
-3
-1
-157
-1008
4162
12224641
-10
-2
-5
-165
-1006
4147
12225666
-21
-2
-7
-169
-1022
4144
12226691
-18
-3
-5
-164
-1044
4152
12227716
-10
-4
-1
-161
-1037
4144
12228741
-8
-4
1
-155
-1028
4150
12229766
-9
-2
3
-153
-1026
4151
12230791
-11
-1
4
-158
-1031
4145
12231816
-13
-1
4
-160
-1029
4146
12232841
-14
-2
4
-163
-1031
4149
12233866
-15
-3
2
-159
-1044
4153
12234891
-10
-2
2
-162
-1040
4154
12235916
-11
-1
1
-162
-1032
4146
12236941
-13
-3
3
-163
-1031
4153
12237966
-14
-4
5
-152
-1042
4147
12238991
-11
-3
5
-165
-1036
4141
12231808
-7
-6
7
-166
-1040
4147
12232833
-3
-5
8
-164
-1037
4157
12233858
-4
-5
7
-162
-1036
4153
12234883
-2
-6
5
-156
-1045
4151
12235908
-12
-1
3
-159
-1025
4142
12236933
-27
-2
4
-163
-1059
4147
12237958
-5
-6
5
-151
-1061
4144
12238983
3
-4
5
-159
-1046
4147
12240008
8
-4
6
-155
-1031
4145
12241033
2
-4
2
-160
-1041
4153
12242058
0
-3
2
-162
-1035
4148
12243083
-1
-3
4
-165
-1029
4143
12244108
-6
-3
8
-158
-1060
4142
12245133
5
-2
6
-154
-1057
4145
12246158
8
0
1
-161
-1019
4157
12247183
-3
-4
2
-164
-1027
4144
12240000
-5
-6
2
-166
-1057
4139
12241025
3
-6
3
-167
-1053
4147
12242050
9
-6
6
-166
-1037
4149
12243075
7
-7
10
-153
-1037
4149
12244100
2
-7
11
-159
-1035
4149
12245125
-1
-7
9
-155
-1039
4149
12246150
1
-6
7
-163
-1043
4152
12247175
3
-5
6
-167
-1041
4144
12248200
8
-6
6
-167
-1039
4146
12249225
8
-5
4
-162
-1042
4148
12250250
5
-6
6
-162
-1026
4155
12251275
4
-6
8
-162
-1032
4149
12252300
3
-6
8
-163
-1034
4150
12253325
5
-8
6
-156
-1039
4149
12254350
8
-6
4
-156
-1032
4155
12255375
6
-6
4
-156
-1029
4150
12248193
4
-7
4
-155
-1034
4150
12249218
5
-7
1
-155
-1037
4150
12250243
4
-6
1
-158
-1042
4155
12251268
3
-5
3
-151
-1039
4147
12252293
9
-3
-1
-160
-1031
4153
12253318
7
-1
-7
-159
-1024
4162
12254343
-6
1
-5
-159
-1022
4159
12255368
-11
0
-3
-158
-1044
4144
12256393
-9
3
-7
-156
-1034
4138
12257418
-13
1
-3
-165
-1033
4161
12258443
-16
0
6
-165
-1045
4136
12259468
-9
-4
6
-165
-1062
4135
12260493
11
-2
-3
-151
-1045
4173
12261518
12
3
-3
-165
-997
4137
12262543
-10
-3
1
-175
-1017
4146
12263568
-10
-7
6
-151
-1074
4169
12256385
15
-1
2
-162
-1052
4129
12257410
24
-2
0
-166
-1018
4151
12258435
14
-4
2
-160
-1014
4180
12259460
-3
-4
10
-164
-1024
4136
12260485
-6
-6
12
-154
-1056
4139
12261510
14
-4
4
-146
-1049
4158
12262535
22
-1
1
-156
-1005
4155
12263560
8
-4
6
-171
-1008
4153
12264585
-1
-5
9
-163
-1039
4166
12265610
5
-4
9
-149
-1038
4145
12266635
13
-3
7
-157
-1030
4143
12267660
15
-3
5
-161
-1013
4163
12268685
7
-4
9
-163
-1016
4149
12269710
4
-6
11
-158
-1030
4139
12270735
11
-7
8
-162
-1021
4164
12271760
5
-5
10
-167
-999
4164
12264577
-19
-7
17
-169
-1020
4154
12265602
-28
-6
23
-158
-1031
4148
12266627
-25
-5
21
-161
-1015
4140
12267652
-25
-6
15
-150
-1014
4126
12268677
-28
-8
1
-162
-1052
4200
12269702
0
-6
-21
-138
-1062
4220
12270727
-9
12
-27
-170
-955
4082
12271752
-71
-2
-8
-175
-1046
4130
12272777
-42
-5
-6
-141
-1143
4203
12273802
-3
9
-1
-185
-1022
4090
12274827
-8
-4
9
-168
-1031
4156
12275852
-2
-6
3
-143
-1043
4203
12276877
-10
-4
6
-180
-1024
4128
12277902
-15
-9
11
-163
-1064
4136
12278927
2
-7
6
-154
-1073
4164
12279952
14
-2
5
-164
-1046
4131
12272769
9
-5
8
-156
-1037
4145
12273794
4
-7
6
-153
-1048
4170
12274819
5
-2
3
-163
-1048
4140
12275844
7
-1
0
-160
-1039
4144
12276869
7
-3
-3
-154
-1034
4169
12277894
3
0
-2
-160
-1023
4146
12278919
-4
-2
-1
-166
-1036
4145
12279944
-4
-2
0
-160
-1046
4162
12280969
-2
0
1
-161
-1036
4140
12281994
-5
0
1
-161
-1038
4142
12283019
-8
0
1
-161
-1039
4154
12284044
-10
0
0
-166
-1033
4153
12285069
-14
0
1
-157
-1042
4142
12286094
-12
-1
0
-167
-1059
4157
12287119
-9
0
0
-159
-1046
4150
12288144
-11
-1
2
-160
-1041
4143
12280960
-15
0
1
-160
-1035
4142
12281985
-16
1
0
-166
-1052
4148
12283010
-13
0
1
-169
-1056
4141
12284035
-8
0
2
-164
-1054
4144
12285060
-4
-3
5
-155
-1050
4141
12286085
-2
-4
5
-158
-1050
4140
12287110
-5
-2
2
-169
-1044
4148
12288135
-7
-3
3
-170
-1038
4153
12289160
-11
-3
7
-169
-1047
4152
12290185
-12
-4
7
-162
-1061
4139
12291210
-7
-3
3
-169
-1055
4141
12292235
-10
-1
1
-165
-1043
4144
12293260
-14
-2
1
-166
-1060
4143
12294285
-12
-2
-1
-161
-1059
4146
12295310
-8
-1
-1
-165
-1052
4143
12296335
-11
0
0
-168
-1052
4142
12289152
-25
2
2
-165
-1063
4148
12290177
-14
-2
2
-166
-1064
4144
12291202
-7
-2
2
-162
-1055
4125
12292227
-6
-3
3
-168
-1062
4144
12293252
-4
-4
1
-160
-1069
4165
12294277
-3
-1
2
-173
-1053
4141
12295302
-12
-4
3
-166
-1063
4134
12296327
-11
-4
2
-155
-1082
4159
12297352
-4
-1
3
-173
-1064
4138
12298377
-6
-3
4
-161
-1059
4141
12299402
-9
-5
4
-158
-1071
4156
12300427
-6
-3
2
-172
-1071
4136
12301452
-1
-3
4
-163
-1064
4141
12302477
-2
-3
3
-163
-1064
4147
12303502
-7
-2
4
-162
-1067
4141
12304527
-9
-3
5
-165
-1068
4143
12297343
-7
-3
4
-164
-1075
4141
12298368
-4
-4
3
-166
-1076
4143
12299393
-4
-2
3
-174
-1065
4141
12300418
-6
-2
5
-166
-1059
4134
12301443
-5
-4
4
-163
-1079
4137
12302468
-2
-2
1
-170
-1076
4153
12303493
2
-3
5
-174
-1053
4128
12304518
-3
-8
9
-166
-1078
4151
12305543
6
-6
7
-155
-1086
4156
12306568
9
-1
5
-175
-1036
4119
12307593
-6
-5
5
-165
-1057
4143
12308618
-8
-4
3
-159
-1080
4154
12309643
-4
-2
4
-177
-1077
4128
12310668
-1
-5
6
-166
-1071
4147
12311693
-1
-4
5
-162
-1059
4147
12312718
-5
-5
6
-163
-1066
4133
12305536
-3
-5
5
-164
-1062
4139
12306561
-4
-2
2
-162
-1053
4142
12307586
-8
-2
2
-175
-1065
4136
12308611
-7
-6
5
-160
-1080
4149
12309636
1
-6
5
-160
-1082
4160
12310661
4
-4
5
-178
-1055
4134
12311686
1
-8
6
-157
-1061
4147
12312711
4
-7
5
-167
-1080
4154
12313736
7
-5
7
-167
-1046
4133
12314761
1
-7
8
-172
-1060
4135
12315786
0
-7
6
-160
-1078
4145
12316811
5
-5
6
-166
-1066
4140
12317836
1
-6
7
-167
-1065
4139
12318861
-1
-6
6
-165
-1067
4145
12319886
-2
-4
3
-172
-1061
4142
12320911
-5
-5
3
-164
-1060
4143
12313993
-6
-5
4
-163
-1078
4149
12315018
-2
-2
1
-165
-1069
4138
12316043
-1
-5
5
-159
-1061
4144
12317068
-1
-4
2
-160
-1079
4136
12318093
3
-1
0
-176
-1064
4146
12319118
3
-3
2
-175
-1051
4154
12320143
-7
-4
8
-167
-1051
4141
12321168
-11
-7
9
-164
-1085
4139
12322193
3
-6
6
-161
-1085
4143
12323218
9
-5
5
-165
-1061
4143
12324243
4
-5
5
-168
-1063
4136
12325268
2
-6
5
-169
-1082
4145
12326293
8
-6
7
-170
-1075
4150
12327318
9
-5
9
-165
-1055
4140
12328343
5
-7
10
-173
-1070
4138
12329368
8
-7
9
-160
-1065
4153
12321919
7
-4
6
-158
-1057
4139
12322944
3
-4
5
-165
-1054
4142
12323969
-4
-5
5
-158
-1059
4146
12324994
-7
-3
4
-164
-1073
4134
12326019
-2
-3
3
-167
-1062
4146
12327044
-2
-3
3
-159
-1053
4141
12328069
-6
-3
2
-163
-1065
4141
12329094
-8
-3
3
-173
-1069
4146
12330119
-5
-2
3
-165
-1065
4148
12331144
-2
-3
5
-158
-1072
4143
12332169
0
-3
6
-163
-1069
4145
12333194
-2
-4
6
-169
-1065
4140
12334219
-2
-4
7
-165
-1062
4140
12335244
-1
-4
5
-163
-1062
4138
12336269
-1
-5
5
-167
-1068
4139
12337294
1
-6
6
-167
-1061
4140
12330113
-1
-5
5
-170
-1066
4140
12331138
0
-5
9
-164
-1070
4134
12332163
2
-4
8
-164
-1078
4144
12333188
4
-2
8
-169
-1060
4142
12334213
4
-3
7
-168
-1049
4145
12335238
-7
-5
11
-161
-1071
4138
12336263
-4
-3
11
-161
-1085
4135
12337288
7
-4
7
-167
-1051
4142
12338313
0
-5
5
-163
-1040
4143
12339338
-10
-4
4
-165
-1067
4140
12340363
-11
-3
2
-166
-1073
4145
12341388
-6
-2
1
-167
-1067
4148
12342413
-5
-1
2
-164
-1066
4135
12343438
-8
-3
4
-165
-1062
4150
12344463
-6
-3
3
-165
-1065
4144
12345488
-4
-2
1
-169
-1061
4139
12338304
-4
-2
-1
-164
-1064
4149
12339329
-6
-2
0
-165
-1066
4139
12340354
-7
-2
3
-175
-1077
4137
12341379
-2
-3
5
-163
-1076
4148
12342404
2
-3
4
-168
-1067
4141
12343429
1
-5
3
-170
-1063
4143
12344454
0
-5
3
-164
-1071
4142
12345479
2
-4
3
-165
-1064
4151
12346504
4
-5
3
-168
-1069
4155
12347529
4
-4
4
-167
-1068
4144
12348554
1
-4
6
-164
-1071
4132
12349579
2
-4
5
-165
-1065
4148
12350604
1
-4
4
-166
-1062
4149
12351629
-2
-4
4
-170
-1061
4139
12352654
-6
-3
3
-160
-1067
4144
12353679
-7
-1
0
-163
-1068
4149
12346496
-9
1
2
-169
-1061
4139
12347521
-10
-1
2
-158
-1079
4136
12348546
-11
0
-3
-171
-1070
4143
12349571
-10
0
-1
-171
-1068
4155
12350596
-9
-1
2
-170
-1065
4140
12351621
-9
-3
6
-168
-1084
4145
12352646
1
-2
1
-160
-1076
4152
12353671
0
-1
0
-163
-1056
4144
12354696
-8
-4
1
-171
-1071
4133
12355721
-3
-5
2
-168
-1087
4141
12356746
5
-4
2
-163
-1084
4145
12357771
5
-6
6
-168
-1065
4138
12358796
2
-7
8
-168
-1061
4144
12359821
-3
-6
7
-166
-1071
4137
12360846
-1
-5
4
-160
-1070
4141
12361871
1
-4
1
-167
-1066
4146
12354688
-1
-3
2
-171
-1080
4137
12355713
6
-5
0
-183
-1101
4134
12356738
18
-2
-1
-156
-1044
4137
12357763
3
-2
1
-171
-1043
4146
12358788
-10
-4
2
-163
-1072
4150
12359813
-7
-3
1
-164
-1086
4147
12360838
-2
-2
0
-172
-1068
4138
12361863
-4
-2
1
-167
-1061
4143
12362888
-8
-3
0
-160
-1062
4140
12363913
-13
-1
1
-170
-1065
4137
12364938
-15
-1
2
-168
-1073
4145
12365963
-13
-1
3
-163
-1075
4138
12366988
-12
-1
1
-172
-1073
4141
12368013
-9
-3
1
-168
-1068
4145
12369038
-7
-3
1
-167
-1076
4136
12370063
-5
-4
5
-160
-1079
4134
12362880
-2
-4
2
-167
-1086
4141
12363905
1
-3
2
-172
-1073
4154
12364930
1
-6
8
-173
-1065
4140
12365955
-6
-8
13
-163
-1081
4129
12366980
-5
-7
11
-159
-1083
4135
12368005
-2
-3
6
-167
-1066
4137
12369030
-7
-3
6
-167
-1054
4144
12370055
-13
-6
6
-172
-1090
4141
12371080
-2
-5
4
-174
-1114
4137
12372105
14
-4
5
-166
-1071
4136
12373130
8
-5
8
-164
-1057
4147
12374155
-2
-6
8
-157
-1072
4146
12375180
-2
-5
6
-166
-1073
4135
12376205
1
-2
2
-166
-1067
4145
12377230
-4
-4
2
-167
-1072
4145
12378255
-8
-5
4
-167
-1082
4136
12371072
-2
-4
4
-168
-1089
4137
12372097
5
-4
4
-171
-1066
4137
12373122
3
-5
4
-171
-1072
4144
12374147
2
-6
4
-160
-1088
4156
12375172
3
-4
5
-166
-1079
4134
12376197
3
-6
7
-169
-1076
4135
12377222
7
-9
5
-162
-1081
4151
12378247
10
-8
4
-162
-1082
4137
12379272
8
-5
3
-164
-1067
4140
12380297
3
-6
4
-171
-1061
4145
12381322
-3
-7
6
-167
-1079
4136
12382347
0
-6
5
-163
-1085
4142
12383372
6
-5
3
-163
-1076
4142
12384397
6
-4
4
-169
-1062
4147
12385422
2
-6
6
-164
-1073
4149
12386447
3
-4
4
-164
-1073
4141
12379265
5
-4
3
-167
-1057
4142
12380290
-3
-4
7
-165
-1062
4153
12381315
-9
-5
9
-166
-1093
4134
12382340
3
-4
5
-162
-1085
4140
12383365
5
-2
3
-165
-1055
4147
12384390
-6
-2
3
-161
-1060
4138
12385415
-7
-4
4
-162
-1085
4133
12386440
1
-4
3
-161
-1084
4149
12387465
3
-4
3
-167
-1067
4139
12388490
1
-4
4
-167
-1071
4142
12389515
1
-4
4
-157
-1073
4149
12390540
1
-4
3
-164
-1072
4133
12391565
2
-4
2
-162
-1071
4139
12392590
3
-4
3
-162
-1072
4142
12393615
1
-5
4
-166
-1073
4148
12394640
3
-5
5
-165
-1067
4142
12387456
4
-2
5
-166
-1059
4127
12388481
0
-5
4
-165
-1071
4152
12389506
3
-4
2
-154
-1078
4164
12390531
1
-1
3
-166
-1046
4114
12391556
-13
-5
7
-169
-1059
4153
12392581
-10
-7
4
-167
-1105
4162
12393606
5
-3
5
-164
-1071
4115
12394631
5
-4
5
-160
-1058
4147
12395656
-1
-5
4
-157
-1062
4160
12396681
-3
-4
5
-169
-1080
4130
12397706
2
-5
4
-169
-1073
4145
12398731
6
-4
1
-161
-1069
4151
12399756
3
-3
3
-167
-1064
4126
12400781
4
-5
5
-161
-1068
4142
12401806
4
-4
2
-166
-1068
4156
12402831
5
-1
1
-169
-1057
4135
12395648
-1
-3
6
-165
-1026
4143
12396673
-21
-8
10
-167
-1094
4152
12397698
-6
-4
6
-168
-1102
4122
12398723
8
-4
5
-161
-1056
4144
12399748
4
-5
6
-166
-1058
4154
12400773
1
-7
6
-166
-1074
4130
12401798
6
-6
6
-159
-1071
4148
12402823
6
-4
5
-158
-1063
4158
12403848
2
-4
6
-159
-1056
4139
12404873
0
-6
8
-158
-1065
4140
12405898
0
-6
7
-159
-1066
4142
12406923
3
-5
4
-164
-1058
4145
12407948
3
-5
4
-167
-1063
4148
12408973
2
-3
3
-172
-1070
4138
12409998
0
-3
3
-164
-1065
4148
12411023
-1
-4
2
-159
-1061
4147
12403841
-3
-4
3
-169
-1067
4138
12404866
-2
-3
1
-162
-1060
4144
12405891
-2
-2
0
-165
-1064
4139
12406916
-1
-2
0
-170
-1056
4145
12407941
-2
-2
1
-165
-1056
4149
12408966
-5
-2
2
-162
-1063
4142
12409991
-5
-3
2
-164
-1069
4149
12411016
-2
-2
2
-159
-1061
4150
12412041
-2
-1
1
-165
-1059
4138
12413066
-4
-2
1
-173
-1059
4143
12414091
-5
-1
0
-166
-1062
4146
12415116
-3
-2
0
-167
-1073
4137
12416141
0
-2
2
-172
-1069
4142
12417166
6
-4
4
-161
-1058
4140
12418191
3
-3
1
-163
-1063
4145
12419216
4
-2
2
-162
-1058
4147
12412031
0
-3
5
-171
-1053
4137
12413056
-5
-4
6
-165
-1071
4139
12414081
-1
-4
3
-158
-1074
4144
12415106
0
-2
3
-160
-1049
4141
12416131
-8
-5
2
-168
-1055
4151
12417156
-8
-5
1
-161
-1080
4150
12418181
-2
-3
1
-168
-1071
4136
12419206
-3
-3
3
-169
-1061
4136
12420231
-4
-4
5
-163
-1061
4146
12421256
-5
-4
5
-168
-1071
4137
12422281
-1
-3
3
-167
-1069
4140
12423306
0
-3
1
-169
-1061
4147
12424331
-4
-3
2
-168
-1069
4139
12425356
-5
-4
3
-166
-1067
4143
12426381
-4
-3
3
-171
-1065
4140
12427406
-6
-4
3
-167
-1075
4139
12420224
-5
-3
3
-167
-1072
4133
12421249
-3
-2
2
-160
-1062
4140
12422274
-5
-4
2
-164
-1066
4139
12423299
-5
-3
3
-161
-1070
4139
12424324
-7
-2
3
-167
-1064
4135
12425349
-8
-4
4
-163
-1074
4136
12426374
-7
-4
2
-160
-1078
4158
12427399
-4
-2
2
-161
-1064
4142
12428424
-6
-3
2
-170
-1066
4133
12429449
-9
-4
2
-162
-1077
4147
12430474
-5
-3
2
-168
-1079
4136
12431499
-4
-3
3
-169
-1070
4138
12432524
-5
-3
3
-168
-1072
4149
12433549
-5
-4
3
-166
-1073
4134
12434574
-3
-1
-1
-165
-1082
4150
12435599
1
-1
1
-170
-1064
4155
12428416
-6
-3
6
-179
-1064
4127
12429441
-12
-4
8
-157
-1088
4135
12430466
-3
-3
3
-159
-1084
4137
12431491
-2
-1
2
-171
-1059
4142
12432516
-9
-3
3
-165
-1075
4145
12433541
-7
-5
2
-162
-1090
4137
12434566
1
-4
3
-167
-1079
4135
12435591
2
-5
5
-166
-1067
4144
12436616
-2
-5
5
-165
-1076
4145
12437641
-4
-4
5
-161
-1082
4139
12438666
-2
-3
4
-165
-1071
4131
12439691
0
-5
4
-167
-1070
4142
12440716
-1
-5
4
-161
-1064
4148
12441741
-2
-6
4
-168
-1069
4136
12442766
-1
-6
5
-164
-1074
4140
12443791
1
-4
4
-165
-1077
4142
12436608
3
-3
3
-161
-1072
4143
12437633
3
-4
4
-168
-1068
4147
12438658
2
-5
5
-166
-1077
4136
12439683
1
-5
5
-163
-1070
4140
12440708
2
-5
4
-166
-1075
4143
12441733
1
-5
4
-170
-1066
4138
12442758
-2
-5
5
-167
-1071
4140
12443783
0
-4
3
-161
-1073
4146
12444808
-3
-4
4
-163
-1071
4141
12445833
-3
-5
4
-166
-1077
4135
12446858
0
-5
5
-161
-1080
4145
12447883
5
-4
4
-166
-1081
4138
12448908
7
-5
5
-166
-1074
4146
12449933
8
-5
6
-156
-1073
4142
12450958
6
-4
3
-171
-1070
4141
12451983
5
-4
4
-163
-1061
4148
12444800
-1
-4
7
-168
-1066
4137
12445825
-4
-5
9
-156
-1085
4127
12446850
5
-3
6
-159
-1065
4147
12447875
2
-2
6
-160
-1048
4142
12448900
-8
-5
6
-159
-1059
4130
12449925
-8
-7
6
-164
-1087
4145
12450950
-1
-5
6
-165
-1074
4134
12451975
0
-5
6
-163
-1067
4140
12453000
-1
-6
7
-165
-1074
4158
12454025
-2
-6
7
-163
-1076
4141
12455050
-2
-5
6
-160
-1072
4141
12456075
-1
-5
5
-162
-1061
4144
12457100
-5
-4
6
-169
-1066
4142
12458125
-5
-4
5
-166
-1077
4137
12459150
0
-3
4
-164
-1072
4140
12460175
2
-3
5
-162
-1067
4139
12453154
1
-4
4
-168
-1066
4142
12454179
1
-4
4
-168
-1069
4146
12455204
2
-4
4
-168
-1077
4143
12456229
3
-5
2
-158
-1074
4138
12457254
4
-5
3
-165
-1070
4142
12458279
3
-3
3
-163
-1076
4147
12459304
2
-3
4
-159
-1069
4147
12460329
1
-4
4
-160
-1067
4138
12461354
0
-4
4
-164
-1067
4148
12462379
1
-4
4
-167
-1068
4146
12463404
1
-4
2
-162
-1069
4143
12464429
1
-5
4
-161
-1071
4146
12465454
5
-4
3
-162
-1068
4146
12466479
6
-4
4
-167
-1065
4147
12467504
6
-5
5
-158
-1066
4141
12468529
1
-3
1
-162
-1069
4143
12461183
3
-3
1
-171
-1062
4150
12462208
0
-4
6
-171
-1060
4146
12463233
-6
-5
9
-157
-1086
4136
12464258
3
-3
5
-159
-1068
4143
12465283
3
-3
3
-165
-1050
4146
12466308
-7
-5
4
-164
-1056
4140
12467333
-6
-5
3
-160
-1085
4145
12468358
1
-4
3
-163
-1073
4151
12469383
1
-3
5
-169
-1061
4142
12470408
-1
-5
7
-168
-1069
4152
12471433
0
-6
7
-166
-1068
4145
12472458
-1
-5
6
-163
-1068
4135
12473483
-1
-4
3
-163
-1063
4153
12474508
-1
-4
3
-169
-1061
4143
12475533
-3
-5
5
-166
-1071
4138
12476558
0
-5
6
-159
-1070
4150
12469376
1
-4
6
-159
-1066
4142
12470401
-2
-4
5
-159
-1064
4143
12471426
-3
-3
4
-157
-1071
4150
12472451
-2
-2
4
-161
-1066
4143
12473476
-1
-3
4
-166
-1063
4152
12474501
-3
-5
4
-160
-1068
4142
12475526
-3
-4
4
-168
-1073
4134
12476551
-2
-3
4
-165
-1065
4144
12477576
-2
-4
4
-163
-1063
4147
12478601
-3
-3
3
-163
-1064
4143
12479626
-2
-3
4
-163
-1062
4137
12480651
-1
-3
3
-163
-1067
4142
12481676
0
-3
3
-162
-1061
4143
12482701
3
-4
3
-163
-1066
4141
12483726
4
-4
1
-164
-1071
4142
12484751
5
-3
3
-171
-1067
4151
12477571
6
-3
4
-157
-1059
4139
12478596
2
-2
1
-162
-1064
4142
12479621
3
-2
1
-167
-1060
4160
12480646
2
-2
3
-171
-1050
4149
12481671
-7
-3
6
-159
-1069
4133
12482696
-2
-3
3
-159
-1071
4145
12483721
-1
-2
2
-161
-1048
4151
12484746
-8
-3
4
-173
-1062
4134
12485771
-6
-5
3
-159
-1076
4161
12486796
0
-4
2
-158
-1077
4165
12487821
-1
-2
3
-166
-1054
4126
12488846
-7
-5
5
-164
-1065
4145
12489871
-5
-5
3
-159
-1077
4148
12490896
-2
-1
1
-166
-1062
4123
12491921
-5
-2
2
-162
-1051
4145
12492946
-11
-3
2
-164
-1073
4151
12485761
-10
-2
1
-167
-1074
4138
12486786
-3
-2
2
-165
-1065
4144
12487811
-5
-1
2
-168
-1060
4146
12488836
-7
-1
1
-164
-1071
4136
12489861
-5
-3
0
-164
-1079
4146
12490886
-3
-2
1
-166
-1070
4146
12491911
-2
-2
1
-164
-1068
4144
12492936
-2
-2
2
-160
-1069
4138
12493961
-4
-2
3
-166
-1071
4140
12494986
-4
-4
3
-164
-1070
4147
12496011
-2
-4
4
-162
-1069
4137
12497036
-3
-2
4
-161
-1065
4135
12498061
-6
-3
3
-163
-1065
4150
12499086
-8
-2
3
-166
-1074
4138
12500111
-7
-3
3
-164
-1081
4138
12501136
-3
-3
3
-164
-1073
4144
12493952
-2
-3
3
-165
-1071
4140
12494977
-2
-3
4
-163
-1077
4132
12496002
-2
-4
2
-162
-1080
4139
12497027
-3
-2
-1
-167
-1068
4150
12498052
-1
-3
3
-175
-1063
4146
12499077
-7
-4
7
-166
-1068
4130
12500102
-9
-3
5
-159
-1077
4142
12501127
-5
-1
2
-169
-1061
4145
12502152
-10
-2
2
-165
-1071
4141
12503177
-11
-3
2
-162
-1091
4134
12504202
-4
-3
2
-159
-1088
4142
12505227
1
-3
3
-171
-1065
4133
12506252
-1
-4
4
-160
-1064
4146
12507277
-4
-5
5
-161
-1075
4141
12508302
-2
-5
5
-175
-1086
4133
12509327
3
-5
3
-167
-1071
4141
12502143
2
-4
4
-160
-1065
4156
12503168
-3
-5
5
-167
-1076
4138
12504193
-3
-5
4
-167
-1079
4145
12505218
0
-4
4
-163
-1083
4140
12506243
-1
-4
4
-168
-1062
4140
12507268
-1
-5
4
-164
-1074
4156
12508293
0
-3
3
-166
-1073
4142
12509318
2
-3
4
-161
-1072
4134
12510343
4
-5
4
-160
-1077
4148
12511368
4
-5
5
-159
-1069
4140
12512393
0
-5
4
-169
-1068
4140
12513418
0
-4
4
-169
-1065
4155
12514443
-1
-3
3
-163
-1063
4149
12515468
-2
-5
3
-163
-1069
4144
12516493
-1
-6
4
-165
-1069
4145
12517518
3
-6
5
-162
-1071
4136
12510337
5
-5
4
-162
-1075
4139
12511362
4
-4
5
-164
-1062
4143
12512387
4
-6
5
-163
-1067
4137
12513412
2
-4
2
-167
-1080
4156
12514437
5
-3
3
-162
-1058
4153
12515462
1
-4
7
-166
-1054
4140
12516487
-5
-5
7
-162
-1084
4142
12517512
1
-2
4
-155
-1067
4145
12518537
0
-3
4
-162
-1057
4144
12519562
-7
-5
5
-164
-1073
4142
12520587
-7
-5
5
-163
-1080
4140
12521612
-2
-5
5
-162
-1073
4147
12522637
0
-4
5
-163
-1057
4134
12523662
-3
-5
6
-154
-1065
4154
12524687
-5
-5
7
-168
-1082
4138
12525712
-2
-6
7
-164
-1076
4133
12518528
0
-6
5
-168
-1075
4143
12519553
0
-6
4
-166
-1062
4145
12520578
-2
-5
4
-168
-1076
4139
12521603
0
-5
5
-159
-1082
4140
12522628
3
-5
6
-160
-1075
4145
12523653
4
-5
5
-164
-1079
4138
12524678
5
-4
4
-158
-1068
4139
12525703
0
-3
3
-165
-1070
4140
12526728
0
-4
3
-165
-1074
4151
12527753
3
-4
3
-167
-1077
4142
12528778
3
-4
4
-164
-1063
4142
12529803
1
-4
4
-164
-1067
4153
12530828
1
-4
3
-164
-1073
4146
12531853
2
-2
3
-166
-1062
4137
12532878
1
-3
3
-164
-1064
4138
12533903
1
-4
3
-159
-1071
4151
12526719
2
-3
2
-162
-1071
4141
12527744
4
-4
3
-158
-1070
4137
12528769
6
-5
2
-164
-1072
4152
12529794
8
-4
4
-167
-1063
4151
12530819
7
-4
4
-166
-1062
4132
12531844
1
-3
2
-170
-1068
4143
12532869
-1
-3
4
-166
-1043
4151
12533894
-10
-5
9
-169
-1065
4136
12534919
-12
-5
9
-159
-1092
4146
12535944
-1
-3
5
-157
-1069
4144
12536969
-3
-3
4
-161
-1046
4147
12537994
-7
-5
4
-165
-1078
4142
12539019
-2
-5
3
-164
-1081
4130
12540044
6
-5
5
-165
-1073
4144
12541069
5
-5
5
-164
-1057
4146
12542094
-1
-4
5
-160
-1066
4137
12534912
0
-4
5
-156
-1071
4146
12535937
0
-4
4
-159
-1071
4150
12536962
1
-3
3
-167
-1069
4146
12537987
-1
-5
4
-162
-1071
4149
12539012
0
-5
4
-164
-1073
4148
12540037
1
-5
4
-166
-1064
4138
12541062
1
-3
4
-162
-1063
4137
12542087
-2
-5
5
-161
-1077
4155
12543112
1
-5
4
-158
-1074
4153
12544137
1
-3
4
-162
-1054
4133
12545162
-2
-5
3
-161
-1068
4147
12546187
1
-4
2
-160
-1067
4156
12547212
4
-1
3
-163
-1052
4132
12548237
-3
-5
6
-160
-1062
4141
12549262
-3
-5
3
-167
-1075
4147
12550287
1
-3
2
-166
-1063
4139
12543104
1
-3
4
-168
-1051
4144
12544129
-1
-4
4
-162
-1061
4157
12545154
-1
-4
4
-163
-1064
4129
12546179
3
-5
4
-166
-1063
4137
12547204
4
-6
3
-161
-1062
4142
12548229
5
-5
5
-161
-1064
4144
12549254
6
-3
5
-158
-1058
4143
12550279
-2
-2
2
-159
-1050
4148
12551304
-14
-3
8
-158
-1025
4155
12552329
-29
-7
8
-183
-1087
4147
12553354
-17
-4
8
-147
-1102
4126
12554379
-3
2
0
-156
-1063
4138
12555404
-5
3
-7
-158
-1040
4160
12556429
-18
3
-6
-172
-1067
4145
12557454
-15
1
-3
-172
-1090
4135
12558479
1
1
-1
-157
-1072
4142
12551295
3
-1
2
-168
-1048
4141
12552320
-2
-5
5
-176
-1055
4144
12553345
-3
-7
9
-161
-1074
4145
12554370
0
-7
8
-157
-1082
4140
12555395
5
-6
5
-160
-1072
4146
12556420
2
-5
3
-160
-1061
4149
12557445
-3
-5
3
-170
-1067
4140
12558470
-3
-5
5
-166
-1061
4145
12559495
-3
-5
6
-167
-1059
4142
12560520
-5
-6
7
-164
-1077
4135
12561545
11
-11
5
-165
-1087
4159
12562570
44
-12
2
-162
-1062
4124
12563595
1
-5
3
-155
-1053
4150
12564620
-8
-2
0
-158
-1062
4139
12565645
-9
-1
-3
-164
-1068
4142
12566670
-10
1
-4
-165
-1063
4152
12559488
-11
0
-6
-165
-1074
4139
12560513
-13
0
-4
-147
-1064
4135
12561538
-17
0
-5
-162
-1080
4136
12562563
-7
1
-6
-175
-1064
4147
12563588
-8
-1
-2
-165
-1062
4134
12564613
-7
-4
1
-170
-1081
4139
12565638
3
-3
3
-165
-1075
4146
12566663
10
-4
5
-172
-1065
4150
12567688
11
-6
7
-161
-1069
4137
12568713
9
-7
4
-161
-1064
4142
12569738
4
-6
8
-161
-1032
4151
12570763
-13
-8
10
-173
-1069
4145
12571788
-13
-7
11
-154
-1091
4133
12572813
-2
-4
6
-147
-1076
4147
12573838
-4
-3
4
-167
-1063
4146
12574863
-13
-6
4
-162
-1060
4143
12567681
-18
-7
4
-159
-1076
4143
12568706
-12
-6
5
-159
-1088
4137
12569731
-7
-5
4
-160
-1085
4150
12570756
-8
-3
6
-162
-1061
4145
12571781
-15
-4
6
-160
-1071
4126
12572806
-17
-6
3
-163
-1096
4142
12573831
-9
-2
0
-158
-1086
4135
12574856
-7
0
0
-165
-1072
4125
12575881
-11
-3
0
-156
-1080
4147
12576906
-10
-2
-1
-154
-1095
4142
12577931
-8
0
-1
-166
-1089
4125
12578956
-4
1
-3
-164
-1086
4144
12579981
2
3
-3
-159
-1079
4140
12581006
-1
2
0
-173
-1064
4133
12582031
-3
-2
2
-163
-1088
4153
12583056
3
-4
5
-168
-1083
4146
12575872
5
-5
9
-169
-1077
4129
12576897
6
-8
9
-164
-1092
4153
12577922
11
-5
10
-168
-1084
4140
12578947
14
-6
12
-163
-1078
4137
12579972
11
-6
13
-158
-1088
4149
12580997
13
-7
13
-164
-1081
4138
12582022
18
-7
14
-161
-1083
4135
12583047
22
-8
14
-157
-1073
4143
12584072
18
-8
16
-159
-1068
4132
12585097
13
-7
13
-160
-1066
4146
12586122
11
-6
8
-157
-1049
4159
12587147
4
-5
10
-168
-1050
4142
12588172
-3
-6
12
-160
-1082
4134
12589197
6
-4
9
-155
-1082
4142
12590222
8
-3
6
-162
-1043
4144
12591247
-5
-6
6
-169
-1049
4143
12584065
-11
-7
4
-165
-1070
4150
12585090
-5
-5
1
-166
-1075
4142
12586115
-2
-4
0
-162
-1060
4144
12587140
-6
-4
1
-165
-1066
4145
12588165
-5
-3
2
-162
-1070
4142
12589190
-5
-4
2
-163
-1079
4146
12590215
-2
-3
0
-156
-1067
4141
12591240
-1
-4
0
-166
-1059
4142
12592265
-4
-6
3
-162
-1076
4142
12593290
-3
-6
3
-161
-1085
4139
12594315
3
-5
4
-162
-1068
4143
12595340
2
-4
3
-163
-1063
4148
12596365
2
-4
4
-157
-1067
4144
12597390
2
-4
3
-162
-1059
4138
12598415
1
-5
4
-159
-1078
4145
12599440
2
-4
3
-161
-1068
4155
12592317
3
-4
4
-159
-1064
4144
12593342
1
-4
4
-163
-1063
4143
12594367
1
-6
4
-160
-1067
4144
12595392
3
-4
4
-162
-1061
4152
12596417
1
-4
4
-161
-1058
4136
12597442
2
-6
5
-160
-1067
4151
12598467
5
-5
5
-160
-1064
4148
12599492
5
-4
5
-163
-1066
4137
12600517
6
-5
6
-165
-1065
4144
12601542
8
-7
7
-155
-1061
4138
12602567
4
-5
6
-160
-1062
4142
12603592
7
-5
5
-156
-1050
4151
12604617
0
-4
7
-162
-1050
4147
12605642
-4
-4
10
-157
-1072
4137
12606667
2
-3
6
-162
-1059
4145
12607692
0
-2
3
-150
-1045
4152
12600448
-6
-4
4
-160
-1066
4133
12601473
-2
-5
3
-167
-1076
4149
12602498
3
-3
2
-163
-1060
4153
12603523
2
-3
3
-166
-1048
4144
12604548
1
-4
5
-156
-1065
4150
12605573
1
-4
5
-158
-1054
4133
12606598
1
-5
4
-161
-1058
4139
12607623
2
-4
2
-162
-1057
4149
12608648
0
-4
3
-162
-1061
4135
12609673
0
-4
2
-164
-1065
4134
12610698
1
-1
3
-157
-1055
4147
12611723
-1
-2
3
-157
-1056
4142
12612748
-2
-2
2
-160
-1060
4142
12613773
-2
-2
1
-163
-1059
4143
12614798
-3
-1
0
-165
-1063
4141
12615823
-2
0
0
-159
-1074
4139
12608641
0
0
1
-163
-1065
4136
12609666
-1
-1
2
-167
-1044
4153
12610691
-6
-1
3
-157
-1062
4153
12611716
-8
-2
4
-157
-1074
4138
12612741
-6
-1
3
-163
-1060
4140
12613766
-5
-2
3
-177
-1062
4148
12614791
-2
-2
3
-160
-1065
4136
12615816
-2
-2
2
-160
-1065
4156
12616841
0
-3
3
-164
-1064
4147
12617866
1
-3
7
-164
-1057
4141
12618891
-1
-4
6
-157
-1067
4141
12619916
-1
-2
1
-163
-1060
4153
12620941
-2
-2
3
-168
-1044
4150
12621966
-12
-4
7
-166
-1055
4153
12622991
-14
-5
8
-155
-1084
4143
12624016
-5
-3
3
-156
-1075
4145
12616834
-3
-3
0
-161
-1053
4145
12617859
-7
-3
-2
-166
-1059
4150
12618884
-7
-3
-4
-166
-1072
4152
12619909
-4
-3
-3
-157
-1072
4148
12620934
-4
-3
-1
-167
-1063
4146
12621959
-5
-3
1
-158
-1062
4143
12622984
-3
-3
2
-160
-1072
4142
12624009
-1
-2
-2
-163
-1070
4140
12625034
-2
0
-3
-160
-1053
4148
12626059
-8
0
-2
-164
-1059
4138
12627084
-8
-2
0
-160
-1069
4134
12628109
-5
-2
1
-161
-1070
4140
12629134
-6
-1
1
-164
-1070
4139
12630159
-6
-2
1
-159
-1072
4139
12631184
-5
-2
0
-164
-1070
4144
12632209
-5
-2
0
-166
-1068
4140
12625024
-6
-2
2
-167
-1071
4141
12626049
-6
-3
3
-157
-1068
4145
12627074
-5
-4
3
-164
-1066
4137
12628099
-4
-4
4
-169
-1065
4139
12629124
-5
-2
3
-165
-1064
4138
12630149
-7
-2
3
-164
-1060
4131
12631174
-10
-3
3
-165
-1070
4142
12632199
-7
-3
5
-165
-1076
4141
12633224
-4
-4
5
-163
-1071
4140
12634249
-3
-4
5
-162
-1069
4150
12635274
-3
-4
5
-148
-1070
4134
12636299
-6
-3
1
-166
-1079
4148
12637324
-3
-4
4
-167
-1069
4159
12638349
-7
-5
8
-164
-1069
4135
12639374
-10
-5
8
-154
-1081
4133
12640399
-4
-3
5
-160
-1080
4152
12633216
-5
-3
3
-164
-1068
4139
12634241
-8
-5
3
-167
-1078
4137
12635266
-3
-6
4
-162
-1096
4152
12636291
5
-6
4
-161
-1082
4137
12637316
4
-6
4
-165
-1065
4136
12638341
-3
-6
6
-161
-1069
4152
12639366
-4
-5
5
-159
-1086
4138
12640391
1
-6
5
-161
-1079
4134
12641416
3
-5
4
-165
-1071
4152
12642441
1
-7
5
-161
-1073
4145
12643466
3
-7
5
-158
-1071
4140
12644491
3
-5
5
-163
-1071
4139
12645516
1
-5
4
-166
-1076
4137
12646541
3
-4
4
-158
-1068
4149
12647566
4
-4
4
-159
-1068
4137
12648591
1
-4
4
-163
-1073
4134
12641407
1
-5
4
-163
-1078
4144
12642432
1
-5
4
-166
-1067
4144
12643457
-2
-5
4
-161
-1072
4141
12644482
-3
-3
4
-162
-1073
4141
12645507
-3
-4
5
-161
-1077
4143
12646532
-1
-5
5
-159
-1077
4144
12647557
-1
-4
5
-166
-1078
4145
12648582
2
-6
5
-162
-1069
4144
12649607
4
-5
5
-166
-1075
4144
12650632
7
-5
6
-157
-1071
4138
12651657
6
-5
5
-162
-1071
4142
12652682
6
-5
3
-162
-1073
4150
12653707
7
-4
4
-167
-1054
4140
12654732
0
-5
8
-161
-1067
4134
12655757
0
-5
8
-151
-1080
4150
12656782
6
-4
5
-158
-1064
4141
12649600
4
-4
5
-169
-1048
4140
12650625
-3
-6
6
-166
-1069
4139
12651650
-1
-6
5
-162
-1080
4137
12652675
6
-5
5
-160
-1064
4143
12653700
4
-5
5
-160
-1065
4147
12654725
0
-5
6
-166
-1070
4141
12655750
0
-6
6
-156
-1069
4142
12656775
2
-4
5
-150
-1066
4145
12657800
2
-5
4
-161
-1060
4144
12658825
0
-5
5
-163
-1067
4149
12659850
-1
-5
5
-159
-1071
4148
12660875
-1
-4
6
-162
-1064
4141
12661900
-1
-4
5
-161
-1065
4140
12662925
-1
-5
4
-156
-1062
4146
12663950
-1
-4
2
-155
-1065
4145
12664975
0
-4
3
-161
-1059
4134
12657792
0
-5
4
-161
-1065
4144
12658817
1
-4
3
-155
-1064
4147
12659842
-1
-3
4
-160
-1057
4146
12660867
-3
-4
5
-165
-1065
4142
12661892
-3
-4
4
-164
-1061
4146
12662917
-3
-4
4
-163
-1070
4136
12663942
0
-4
5
-161
-1070
4141
12664967
1
-5
4
-166
-1059
4146
12665992
-2
-5
4
-160
-1068
4142
12667017
0
-3
5
-155
-1055
4147
12668042
0
-4
6
-155
-1063
4140
12669067
-2
-4
4
-167
-1073
4133
12670092
4
-4
4
-162
-1059
4150
12671117
5
-5
5
-162
-1063
4158
12672142
1
-3
7
-156
-1065
4123
12673167
-1
-5
7
-157
-1063
4136
12666112
0
-5
4
-154
-1061
4168
12667137
-2
-4
5
-160
-1057
4129
12668162
-4
-6
5
-162
-1068
4143
12669187
-3
-5
4
-156
-1064
4151
12670212
-2
-4
5
-160
-1058
4133
12671237
-1
-5
5
-164
-1062
4146
12672262
2
-5
4
-153
-1063
4154
12673287
0
-3
4
-156
-1060
4137
12674312
-2
-4
3
-158
-1065
4146
12675337
1
-5
4
-167
-1065
4143
12676362
2
-6
5
-162
-1068
4146
12677387
4
-5
4
-163
-1068
4151
12678412
4
-3
4
-160
-1061
4144
12679437
3
-4
3
-160
-1061
4149
12680462
3
-3
3
-160
-1066
4154
12681487
3
-1
3
-162
-1059
4129
12674176
4
-3
4
-158
-1066
4140
12675201
3
-3
5
-158
-1066
4152
12676226
3
-5
4
-163
-1060
4148
12677251
0
-3
5
-163
-1059
4145
12678276
0
-4
5
-153
-1057
4148
12679301
-2
-3
3
-156
-1056
4149
12680326
-4
-1
4
-161
-1052
4134
12681351
-7
-2
3
-163
-1055
4148
12682376
-7
-2
1
-159
-1056
4148
12683401
-8
-2
-2
-168
-1064
4127
12684426
-6
-2
1
-168
-1067
4149
12685451
1
-4
2
-148
-1061
4146
12686476
3
-2
-2
-167
-1069
4143
12687501
4
-2
-1
-169
-1047
4167
12688526
0
-3
2
-169
-1044
4148
12689551
-5
-3
6
-161
-1065
4129
12682368
-1
-2
5
-149
-1071
4145
12683393
1
-2
2
-157
-1049
4154
12684418
-3
-3
1
-167
-1053
4143
12685443
-3
-4
1
-159
-1067
4147
12686468
3
-3
1
-163
-1064
4147
12687493
2
-2
3
-163
-1049
4142
12688518
-3
-3
3
-161
-1047
4145
12689543
-12
-4
5
-157
-1037
4158
12690568
-27
-3
5
-165
-1073
4142
12691593
-15
-3
2
-157
-1091
4139
12692618
-3
-1
0
-154
-1067
4146
12693643
-4
-1
0
-162
-1053
4141
12694668
-7
-3
1
-166
-1061
4144
12695693
-11
-2
1
-160
-1065
4145
12696718
-12
-2
0
-162
-1077
4136
12697743
-10
-2
0
-159
-1079
4140
12690560
-9
-2
0
-164
-1067
4139
12691585
-10
-3
0
-164
-1069
4142
12692610
-9
-4
1
-160
-1074
4146
12693635
-8
-3
2
-160
-1068
4143
12694660
-11
-3
5
-160
-1068
4142
12695685
-11
-4
4
-159
-1081
4148
12696710
-8
-3
3
-163
-1079
4137
12697735
-7
-3
3
-170
-1068
4145
12698760
-7
-3
3
-168
-1078
4147
12699785
-6
-4
4
-161
-1080
4137
12700810
-4
-6
4
-164
-1089
4153
12701835
4
-3
5
-159
-1069
4146
12702860
1
-4
4
-161
-1064
4128
12703885
-5
-3
-1
-165
-1083
4153
12704910
3
-1
2
-166
-1069
4150
12705935
-4
-3
7
-170
-1064
4132
12698753
-9
-4
6
-155
-1078
4143
12699778
-5
-1
2
-158
-1073
4146
12700803
-5
-2
3
-171
-1064
4134
12701828
-8
-5
2
-168
-1081
4145
12702853
-2
-5
2
-167
-1087
4134
12703878
4
-6
5
-165
-1074
4143
12704903
5
-5
5
-168
-1068
4152
12705928
1
-6
5
-165
-1068
4147
12706953
-1
-6
6
-154
-1073
4134
12707978
1
-6
6
-153
-1080
4132
12709003
3
-6
5
-162
-1068
4146
12710028
1
-6
6
-159
-1070
4145
12711053
-1
-5
5
-155
-1079
4145
12712078
-2
-5
4
-164
-1080
4142
12713103
-1
-4
4
-163
-1075
4135
12714128
-1
-3
4
-163
-1073
4133
12706943
0
-3
4
-157
-1068
4143
12707968
1
-4
3
-159
-1062
4138
12708993
-2
-5
5
-163
-1074
4138
12710018
-4
-5
4
-162
-1073
4144
12711043
-5
-4
5
-158
-1073
4134
12712068
-5
-4
5
-153
-1073
4128
12713093
-4
-5
8
-157
-1094
4151
12714118
4
-4
10
-154
-1085
4138
12715143
10
-4
7
-158
-1068
4136
12716168
15
-5
3
-158
-1055
4154
12717193
14
-5
0
-161
-1066
4143
12718218
8
-3
0
-170
-1073
4138
12719243
10
-4
2
-166
-1082
4148
12720268
17
-4
1
-169
-1066
4148
12721293
20
-6
2
-173
-1057
4155
12722318
15
-5
7
-147
-1030
4130
12715137
-9
-8
9
-166
-1052
4161
12716162
-7
-10
7
-155
-1085
4139
12717187
0
-7
5
-148
-1075
4147
12718212
0
-7
4
-161
-1067
4139
12719237
0
-6
2
-158
-1071
4145
12720262
4
-6
1
-172
-1064
4144
12721287
5
-48
17
-185
-1105
4159
12722312
95
-77
17
-117
-1076
4117
12723337
40
-21
4
-146
-1025
4160
12724362
30
-6
4
-137
-998
4148
12725387
-10
3
4
-138
-1056
4146
12726412
-8
10
3
-149
-1065
4141
12727437
1
5
2
-160
-1059
4151
12728462
0
3
3
-147
-1035
4151
12729487
-8
3
5
-148
-1045
4132
12730512
-11
1
2
-150
-1062
4147
12723328
-10
3
0
-148
-1061
4143
12724353
-12
4
1
-156
-1049
4147
12725378
-17
3
-1
-154
-1053
4148
12726403
-16
1
-1
-154
-1056
4147
12727428
-13
1
-2
-156
-1059
4138
12728453
-10
2
-2
-159
-1062
4140
12729478
-9
2
-1
-153
-1055
4149
12730503
-9
1
2
-159
-1051
4144
12731528
-12
1
3
-161
-1058
4141
12732553
-15
0
5
-159
-1067
4147
12733578
-13
-3
7
-157
-1071
4151
12734603
-9
-4
7
-159
-1068
4149
12735628
-9
-5
9
-158
-1055
4137
12736653
-11
-5
6
-154
-1080
4144
12737678
-2
-2
3
-151
-1079
4168
12738703
2
-3
4
-162
-1057
4151
12731519
-8
-3
7
-157
-1049
4129
12732544
-13
-3
6
-151
-1080
4135
12733569
-3
-2
4
-154
-1076
4153
12734594
4
-4
3
-161
-1058
4151
12735619
0
-6
5
-158
-1058
4144
12736644
-2
-7
5
-154
-1084
4145
12737669
6
-4
4
-157
-1072
4136
12738694
7
-3
5
-146
-1065
4140
12739719
9
-4
4
-153
-1069
4157
12740744
9
-3
3
-158
-1061
4142
12741769
7
-4
3
-159
-1063
4137
12742794
6
-4
3
-163
-1062
4153
12743819
3
-4
5
-153
-1061
4145
12744844
6
-4
5
-154
-1067
4138
12745869
7
-4
4
-156
-1068
4153
12746894
7
-3
3
-154
-1061
4144
12739712
6
-3
2
-154
-1064
4141
12740737
5
-2
1
-157
-1063
4149
12741762
5
-3
1
-161
-1062
4141
12742787
6
-4
2
-157
-1060
4144
12743812
6
-3
2
-157
-1059
4145
12744837
0
-2
2
-162
-1054
4138
12745862
-5
-2
1
-157
-1053
4146
12746887
-8
0
2
-161
-1056
4145
12747912
-10
0
2
-160
-1060
4143
12748937
-8
0
0
-159
-1059
4142
12749962
-7
0
1
-163
-1060
4149
12750987
-6
0
1
-161
-1063
4150
12752012
-4
-1
1
-152
-1051
4144
12753037
-7
0
-2
-161
-1066
4139
12754062
-7
1
-1
-156
-1063
4150
12755087
-6
1
2
-162
-1051
4148
12747904
-11
-2
6
-159
-1061
4143
12748929
-15
-2
5
-154
-1067
4145
12749954
-14
-2
3
-157
-1063
4141
12750979
-14
-2
5
-159
-1059
4145
12752004
-31
1
6
-163
-1047
4142
12753029
-49
1
8
-160
-1081
4143
12754054
-25
-3
8
-152
-1073
4129
12755079
-39
-1
7
-161
-1090
4154
12756104
-7
-5
6
-170
-1114
4144
12757129
10
-1
6
-151
-1064
4133
12758154
-2
-3
4
-167
-1057
4157
12759179
-10
-5
6
-159
-1081
4132
12760204
-10
-4
6
-162
-1087
4134
12761229
-5
-4
4
-161
-1080
4141
12762254
-5
-4
5
-163
-1076
4129
12763279
-8
-4
4
-164
-1087
4138
12756095
-6
-4
3
-157
-1094
4142
12757120
-2
-3
1
-167
-1080
4134
12758145
-2
-5
3
-165
-1076
4146
12759170
-7
-5
5
-161
-1083
4141
12760195
-10
-3
3
-163
-1084
4138
12761220
-10
-4
4
-167
-1087
4144
12762245
-7
-5
5
-164
-1086
4145
12763270
-7
-4
4
-165
-1088
4143
12764295
-5
-4
4
-162
-1087
4151
12765320
-3
-5
5
-165
-1088
4143
12766345
-2
-7
6
-165
-1084
4139
12767370
-1
-7
7
-158
-1087
4141
12768395
-1
-5
3
-163
-1092
4136
12769420
1
-5
5
-158
-1082
4147
12770445
-1
-5
6
-164
-1079
4136
12771470
-6
-5
7
-152
-1097
4128
12764288
-2
-4
4
-156
-1101
4134
12765313
4
-3
2
-164
-1092
4140
12766338
9
-3
1
-167
-1088
4142
12767363
15
-6
4
-157
-1086
4152
12768388
24
-7
7
-166
-1085
4145
12769413
31
-8
8
-169
-1077
4130
12770438
31
-10
9
-153
-1071
4137
12771463
28
-10
9
-155
-1065
4141
12772488
17
-8
11
-157
-1074
4142
12773513
13
-6
7
-151
-1078
4140
12774538
13
-4
2
-160
-1069
4149
12775563
7
-4
2
-163
-1064
4147
12776588
3
-3
2
-155
-1070
4136
12777613
3
-3
2
-157
-1075
4134
12778638
7
-3
1
-159
-1075
4149
12779663
8
-2
1
-158
-1069
4146
12772480
6
-3
2
-156
-1063
4146
12773505
7
-3
3
-162
-1067
4141
12774530
7
-3
3
-163
-1068
4140
12775555
8
-6
4
-157
-1058
4152
12776580
4
-5
5
-161
-1048
4153
12777605
-2
-7
8
-159
-1071
4135
12778630
3
-7
7
-151
-1080
4141
12779655
12
-6
5
-158
-1067
4146
12780680
11
-6
6
-158
-1057
4137
12781705
9
-6
7
-163
-1049
4151
12782730
5
-7
7
-151
-1063
4145
12783755
6
-5
3
-153
-1074
4139
12784780
9
-4
2
-160
-1052
4150
12785805
5
-4
4
-164
-1046
4146
12786830
-2
-6
5
-157
-1065
4151
12787855
4
-7
3
-154
-1065
4145
12780672
9
-5
3
-155
-1052
4150
12781697
9
-6
2
-157
-1050
4146
12782722
6
-8
4
-153
-1061
4151
12783747
6
-7
4
-162
-1061
4147
12784772
6
-7
6
-160
-1050
4151
12785797
4
-8
8
-158
-1043
4151
12786822
0
-8
9
-154
-1051
4145
12787847
0
-6
9
-155
-1050
4148
12788872
-4
-5
10
-154
-1044
4147
12789897
-6
-6
11
-157
-1049
4142
12790922
-7
-5
10
-149
-1053
4147
12791947
-11
-3
5
-152
-1046
4148
12792972
-20
-1
4
-157
-1042
4144
12793997
-30
-2
4
-153
-1054
4144
12795022
-30
-1
3
-154
-1074
4149
12796047
-23
1
1
-155
-1063
4148
12788864
-14
0
0
-159
-1067
4148
12789889
-12
0
-2
-158
-1064
4136
12790914
-13
-1
-1
-158
-1063
4150
12791939
-9
-2
0
-156
-1079
4150
12792964
-4
0
1
-154
-1067
4136
12793989
-4
-2
3
-157
-1063
4147
12795014
-2
-3
3
-154
-1064
4149
12796039
3
-3
5
-162
-1075
4136
12797064
10
-3
7
-162
-1076
4153
12798089
17
-4
9
-154
-1063
4138
12799114
15
-4
9
-163
-1059
4141
12800139
14
-5
10
-162
-1058
4161
12801164
16
-6
12
-161
-1046
4148
12802189
11
-6
14
-154
-1056
4144
12803214
10
-7
10
-152
-1063
4149
12804239
12
-4
4
-149
-1041
4146
12797055
3
-4
4
-161
-1048
4141
12798080
2
-5
2
-157
-1060
4148
12799105
5
-3
1
-154
-1052
4142
12800130
3
-4
3
-158
-1048
4147
12801155
2
-4
4
-157
-1056
4145
12802180
3
-4
4
-161
-1049
4146
12803205
2
-4
2
-157
-1054
4144
12804230
3
-4
0
-151
-1047
4148
12805255
1
-3
-1
-165
-1049
4144
12806280
-2
-5
1
-162
-1058
4149
12807305
2
-3
2
-155
-1057
4152
12808330
2
-2
2
-160
-1038
4142
12809355
-7
-4
3
-155
-1044
4149
12810380
-9
-4
4
-156
-1058
4150
12811405
-5
-3
3
-162
-1056
4152
12812430
-4
-3
1
-156
-1044
4150
12805274
-8
-3
0
-154
-1048
4140
12806299
-10
-4
0
-157
-1064
4139
12807324
-7
-1
-1
-153
-1061
4149
12808349
-7
1
0
-162
-1044
4150
12809374
-12
-1
2
-164
-1048
4149
12810399
-11
-3
2
-157
-1069
4148
12811424
-3
-2
2
-158
-1066
4147
12812449
0
-3
2
-155
-1063
4138
12813474
3
-2
2
-158
-1058
4152
12814499
0
-4
4
-153
-1052
4145
12815524
-3
-4
1
-162
-1063
4148
12816549
1
-2
2
-165
-1051
4144
12817574
-3
-4
7
-167
-1039
4149
12818599
-14
-6
10
-153
-1055
4136
12819624
-18
-5
7
-149
-1053
4145
12820649
-18
-4
4
-160
-1049
4152
12813441
-18
-7
3
-160
-1056
4140
12814466
-22
-7
1
-164
-1067
4142
12815491
-26
-6
3
-163
-1077
4151
12816516
-31
-4
9
-160
-1063
4145
12817541
-28
-6
10
-161
-1098
4130
12818566
-15
-4
11
-144
-1080
4118
12819591
-16
-4
4
-156
-1083
4162
12820616
-7
-4
-7
-140
-1098
4195
12821641
-15
9
-5
-178
-1029
4115
12822666
-43
1
5
-178
-1065
4106
12823691
-34
-3
2
-141
-1136
4184
12824716
-10
4
2
-170
-1086
4112
12825741
-3
-2
3
-164
-1069
4141
12826766
-4
-4
2
-147
-1092
4175
12827791
0
-1
3
-164
-1083
4116
12828816
5
-4
7
-167
-1085
4124
12821632
10
-6
8
-152
-1092
4160
12822657
11
-3
9
-155
-1086
4127
12823682
11
-4
7
-153
-1070
4134
12824707
2
-3
2
-150
-1067
4159
12825732
-6
-1
1
-161
-1075
4130
12826757
-8
-3
1
-159
-1082
4123
12827782
-6
-2
-1
-157
-1090
4144
12828807
-3
0
0
-166
-1078
4134
12829832
-6
-3
2
-147
-1083
4136
12830857
-5
-2
0
-160
-1088
4153
12831882
-1
-1
1
-173
-1080
4137
12832907
2
-4
6
-167
-1070
4140
12833932
-2
-6
7
-166
-1100
4139
12834957
7
-4
5
-157
-1090
4142
12835982
10
-5
6
-163
-1069
4138
12837007
4
-7
5
-161
-1082
4137
12829825
4
-6
3
-153
-1092
4141
12830850
9
-2
1
-160
-1080
4146
12831875
7
-3
3
-162
-1069
4140
12832900
0
-4
5
-162
-1081
4142
12833925
3
-4
5
-155
-1081
4141
12834950
4
-4
5
-165
-1073
4134
12835975
6
-4
6
-159
-1069
4146
12837000
6
-6
5
-163
-1071
4150
12838025
2
-7
9
-162
-1074
4130
12839050
0
-6
8
-160
-1077
4134
12840075
2
-6
7
-152
-1078
4156
12841100
0
-6
6
-156
-1066
4132
12842125
-8
-4
5
-155
-1067
4136
12843150
-13
-3
4
-154
-1079
4146
12844175
-14
-4
5
-161
-1078
4145
12845200
-11
-5
5
-154
-1083
4147
12838017
-8
-5
5
-159
-1079
4136
12839042
-8
-6
5
-164
-1085
4146
12840067
-4
-6
5
-165
-1081
4145
12841092
-4
-6
5
-157
-1072
4131
12842117
-6
-6
5
-161
-1088
4131
12843142
1
-6
5
-162
-1087
4144
12844167
5
-5
4
-163
-1079
4148
12845192
7
-5
5
-163
-1067
4140
12846217
4
-5
6
-148
-1073
4138
12847242
2
-3
3
-160
-1087
4140
12848267
10
-4
3
-162
-1076
4150
12849292
6
-5
3
-165
-1068
4138
12850317
2
-4
5
-165
-1083
4134
12851342
6
-3
3
-158
-1072
4140
12852367
4
-2
2
-154
-1055
4150
12853392
-3
-4
3
-157
-1076
4140
12846207
-1
-5
3
-159
-1092
4140
12847232
5
-3
1
-164
-1072
4144
12848257
6
-3
4
-164
-1068
4142
12849282
1
-5
5
-159
-1071
4141
12850307
-1
-5
5
-150
-1080
4139
12851332
1
-4
4
-156
-1082
4141
12852357
4
-4
2
-154
-1079
4141
12853382
3
-3
4
-160
-1071
4142
12854407
4
-4
3
-164
-1075
4142
12855432
6
-5
4
-159
-1073
4142
12856457
5
-4
3
-157
-1070
4141
12857482
4
-3
1
-160
-1071
4149
12858507
4
-2
1
-159
-1075
4146
12859532
5
-2
1
-162
-1074
4135
12860557
4
-1
1
-159
-1071
4145
12861582
3
0
1
-160
-1066
4139
12854401
4
-2
1
-155
-1059
4144
12855426
-1
-2
2
-153
-1054
4151
12856451
-9
-3
1
-164
-1084
4136
12857476
-1
-3
1
-154
-1080
4136
12858501
1
-1
0
-159
-1063
4151
12859526
-2
-2
2
-154
-1059
4146
12860551
-5
-2
2
-159
-1075
4148
12861576
-3
-2
3
-165
-1064
4148
12862601
-2
-3
4
-150
-1067
4137
12863626
-4
-3
1
-167
-1074
4144
12864651
-4
-3
3
-169
-1063
4150
12865676
-5
-3
6
-166
-1073
4137
12866701
-1
-4
6
-160
-1087
4137
12867726
4
-2
3
-152
-1077
4148
12868751
3
-3
3
-156
-1063
4144
12869776
-2
-4
3
-157
-1071
4142
12862592
0
-4
2
-160
-1092
4141
12863617
5
-3
3
-162
-1072
4150
12864642
5
-3
4
-160
-1063
4145
12865667
3
-6
5
-156
-1069
4138
12866692
0
-6
5
-165
-1079
4140
12867717
5
-4
4
-149
-1073
4153
12868742
7
-3
2
-162
-1068
4151
12869767
7
-3
2
-166
-1055
4140
12870792
3
-4
3
-156
-1062
4149
12871817
1
-5
3
-164
-1075
4155
12872842
2
-3
4
-158
-1062
4133
12873867
-2
-4
3
-165
-1060
4143
12874892
-3
-3
3
-158
-1068
4149
12875917
-3
-4
3
-160
-1069
4131
12876942
-3
-4
3
-162
-1060
4142
12877967
-6
-3
4
-165
-1063
4152
12870784
-3
-4
2
-159
-1059
4143
12871809
-6
-3
3
-155
-1068
4145
12872834
-8
-3
3
-163
-1069
4149
12873859
-10
-3
3
-161
-1065
4143
12874884
-10
-3
2
-161
-1072
4144
12875909
-7
-3
4
-154
-1072
4142
12876934
-5
-4
3
-160
-1071
4139
12877959
-5
-4
5
-167
-1069
4144
12878984
-2
-5
4
-153
-1065
4147
12880009
-5
-3
1
-160
-1071
4137
12881034
-3
-2
1
-167
-1071
4146
12882059
-1
-3
5
-167
-1060
4150
12883084
-8
-4
8
-154
-1080
4142
12884109
-3
-4
5
-154
-1075
4151
12885134
-1
-2
3
-163
-1056
4155
12886159
-4
-3
3
-158
-1063
4142
12878977
-3
-4
2
-158
-1080
4142
12880002
1
-4
3
-164
-1072
4136
12881027
0
-5
6
-161
-1060
4143
12882052
-1
-5
7
-160
-1069
4149
12883077
0
-5
5
-162
-1075
4145
12884102
-1
-5
6
-162
-1079
4140
12885127
0
-5
5
-160
-1065
4149
12886152
1
-5
5
-160
-1066
4140
12887177
-2
-6
4
-159
-1076
4140
12888202
1
-5
3
-157
-1079
4145
12889227
4
-3
2
-161
-1071
4138
12890252
2
-3
3
-164
-1064
4150
12891277
-1
-3
3
-163
-1071
4142
12892302
-1
-4
4
-166
-1071
4139
12893327
0
-4
3
-160
-1066
4143
12894352
1
-5
4
-157
-1065
4151
12887168
0
-6
5
-161
-1075
4143
12888193
1
-4
4
-156
-1077
4145
12889218
0
-5
4
-156
-1074
4152
12890243
-3
-6
4
-164
-1070
4140
12891268
-2
-5
4
-163
-1077
4151
12892293
1
-4
3
-156
-1071
4153
12893318
4
-5
4
-158
-1071
4143
12894343
5
-5
5
-160
-1073
4145
12895368
8
-5
6
-146
-1068
4136
12896393
7
-3
1
-160
-1071
4134
12897418
9
-4
2
-162
-1053
4163
12898443
7
-4
4
-168
-1048
4146
12899468
0
-6
8
-158
-1077
4139
12900493
5
-4
5
-152
-1065
4146
12901518
2
-3
4
-159
-1042
4143
12902543
-4
-5
4
-160
-1063
4141
12895361
-2
-6
3
-155
-1070
4149
12896386
1
-4
3
-162
-1066
4141
12897411
1
-5
5
-162
-1059
4141
12898436
-3
-5
5
-157
-1061
4135
12899461
-4
-3
6
-161
-1067
4145
12900486
-4
-4
6
-152
-1076
4147
12901511
-6
-4
3
-149
-1064
4147
12902536
-4
-5
4
-160
-1063
4150
12903561
-3
-4
5
-161
-1069
4154
12904586
-1
-4
5
-163
-1076
4139
12905611
4
-4
5
-159
-1070
4143
12906636
4
-2
3
-155
-1062
4141
12907661
1
-3
2
-160
-1067
4142
12908686
3
-3
2
-155
-1070
4149
12909711
3
-2
1
-154
-1064
4147
12910736
4
-3
2
-162
-1056
4142
12903552
2
-4
3
-159
-1059
4157
12904577
0
-4
5
-153
-1053
4135
12905602
-12
-4
8
-157
-1056
4148
12906627
-18
-4
6
-154
-1074
4146
12907652
-10
-4
5
-159
-1086
4128
12908677
1
-4
5
-161
-1070
4143
12909702
5
-4
3
-153
-1065
4149
12910727
6
-4
3
-162
-1068
4142
12911752
5
-4
4
-157
-1056
4149
12912777
3
-5
5
-147
-1065
4141
12913802
3
-3
2
-158
-1074
4153
12914827
9
-3
1
-161
-1063
4158
12915852
6
-3
5
-157
-1043
4133
12916877
-11
-5
8
-140
-1032
4137
12917902
-24
-7
5
-168
-1086
4161
12918927
-5
-4
3
-151
-1089
4125
12911747
7
-3
2
-155
-1054
4144
12912772
5
-3
3
-163
-1042
4161
12913797
-1
-4
5
-156
-1067
4139
12914822
2
-6
5
-158
-1070
4143
12915847
5
-4
5
-160
-1061
4147
12916872
6
-6
5
-160
-1054
4139
12917897
3
-6
5
-152
-1068
4150
12918922
4
-4
3
-157
-1064
4135
12919947
2
-5
5
-157
-1055
4133
12920972
-1
-5
4
-154
-1065
4151
12921997
3
-5
5
-154
-1065
4147
12923022
4
-4
5
-156
-1054
4141
12924047
1
-5
4
-155
-1054
4149
12925072
2
-5
4
-163
-1064
4145
12926097
3
-4
4
-157
-1058
4146
12927122
3
-4
4
-153
-1048
4146
12919937
-12
-2
7
-148
-1024
4148
12920962
-25
-8
7
-174
-1101
4157
12921987
-4
-4
4
-147
-1089
4137
12923012
5
-1
2
-160
-1048
4142
12924037
-3
-2
3
-160
-1054
4145
12925062
-9
-3
2
-153
-1072
4149
12926087
-3
-2
2
-159
-1067
4143
12927112
0
-2
1
-162
-1067
4140
12928137
4
-1
1
-157
-1073
4142
12929162
5
-1
2
-163
-1061
4145
12930187
6
-2
3
-156
-1049
4144
12931212
3
-2
0
-154
-1064
4141
12932237
2
-2
1
-156
-1058
4150
12933262
2
-3
3
-156
-1041
4148
12934287
-5
-4
6
-157
-1068
4138
12935312
-2
-4
4
-152
-1074
4146
12928128
2
-2
3
-157
-1048
4148
12929153
-2
-3
3
-150
-1053
4148
12930178
-6
-6
3
-158
-1073
4138
12931203
-2
-5
3
-161
-1079
4143
12932228
3
-3
4
-163
-1059
4143
12933253
2
-5
4
-160
-1051
4144
12934278
-1
-5
5
-153
-1061
4144
12935303
-2
-4
5
-158
-1068
4136
12936328
2
-4
2
-159
-1064
4154
12937353
2
-4
1
-163
-1060
4149
12938378
1
-4
2
-165
-1067
4140
12939403
2
-3
1
-159
-1061
4144
12940428
1
-3
0
-155
-1054
4147
12941453
-3
-2
1
-158
-1065
4142
12942478
-3
-2
0
-156
-1060
4147
12943503
-10
-2
2
-150
-1027
4141
12936319
-27
-6
6
-172
-1065
4154
12937344
-20
-5
5
-154
-1109
4143
12938369
-2
-2
3
-156
-1077
4148
12939394
0
-2
2
-161
-1048
4148
12940419
-9
-4
4
-157
-1068
4145
12941444
-11
-3
3
-152
-1079
4141
12942469
-5
-3
2
-157
-1074
4147
12943494
-2
-3
2
-163
-1063
4147
12944519
-1
-3
3
-163
-1064
4147
12945544
2
-3
4
-155
-1067
4144
12946569
3
-5
3
-161
-1070
4145
12947594
6
-5
4
-151
-1069
4140
12948619
7
-2
1
-158
-1070
4140
12949644
8
-2
2
-169
-1057
4152
12950669
3
-3
6
-163
-1052
4145
12951694
-6
-4
6
-153
-1069
4142
12944512
-7
-4
5
-151
-1059
4148
12945537
-8
-4
4
-157
-1055
4150
12946562
-9
-5
5
-160
-1067
4139
12947587
-5
-6
5
-157
-1070
4148
12948612
2
-5
6
-158
-1066
4147
12949637
2
-5
6
-156
-1052
4145
12950662
-3
-6
7
-161
-1060
4139
12951687
-3
-7
6
-153
-1078
4145
12952712
1
-5
5
-154
-1070
4142
12953737
0
-3
4
-157
-1064
4153
12954762
-1
-4
4
-157
-1064
4149
12955787
-1
-6
6
-160
-1067
4140
12956812
4
-5
5
-157
-1070
4145
12957837
6
-5
4
-156
-1069
4143
12958862
7
-5
4
-155
-1062
4140
12959887
6
-6
4
-158
-1061
4151
12952704
4
-5
4
-159
-1073
4152
12953729
8
-4
4
-159
-1065
4146
12954754
9
-5
4
-159
-1055
4145
12955779
6
-5
4
-158
-1057
4144
12956804
4
-5
4
-154
-1058
4145
12957829
4
-4
3
-152
-1061
4145
12958854
2
-3
2
-160
-1059
4142
12959879
0
-3
3
-157
-1059
4146
12960904
1
-4
3
-159
-1060
4147
12961929
2
-4
4
-156
-1060
4147
12962954
2
-4
6
-162
-1055
4145
12963979
-1
-5
5
-153
-1067
4144
12965004
-1
-3
2
-162
-1071
4148
12966029
6
-3
3
-154
-1050
4159
12967054
-1
-4
6
-159
-1037
4143
12968079
-13
-4
8
-151
-1054
4144
12960895
-19
-6
9
-151
-1066
4165
12961920
-13
-4
6
-161
-1090
4140
12962945
1
-4
4
-154
-1064
4143
12963970
4
-4
3
-160
-1051
4152
12964995
0
-4
5
-153
-1066
4148
12966020
0
-5
6
-158
-1062
4149
12967045
1
-6
4
-155
-1057
4148
12968070
1
-5
6
-152
-1059
4144
12969095
0
-5
6
-157
-1061
4145
12970120
1
-3
4
-155
-1047
4146
12971145
-1
-4
5
-160
-1056
4130
12972170
-3
-3
6
-157
-1063
4143
12973195
-3
-3
4
-155
-1064
4151
12974220
-1
-4
4
-160
-1063
4138
12975245
-2
-4
4
-157
-1057
4149
12976270
-2
-4
4
-153
-1061
4155
12969088
0
-4
5
-160
-1059
4141
12970113
1
-5
4
-164
-1053
4146
12971138
-1
-5
5
-155
-1050
4145
12972163
-1
-5
4
-155
-1065
4141
12973188
3
-4
3
-158
-1066
4147
12974213
5
-3
3
-154
-1049
4149
12975238
0
-3
3
-160
-1049
4148
12976263
-2
-4
4
-157
-1062
4153
12977288
2
-4
2
-156
-1058
4146
12978313
5
-4
1
-160
-1057
4147
12979338
9
-4
3
-162
-1054
4147
12980363
8
-3
2
-158
-1056
4131
12981388
4
-2
2
-161
-1064
4149
12982413
6
-2
2
-154
-1044
4148
12983438
-6
-1
9
-156
-1001
4145
12984463
-29
-6
10
-167
-1083
4157
12977281
-9
-5
6
-146
-1102
4137
12978306
11
-2
3
-154
-1052
4151
12979331
9
-2
3
-161
-1039
4146
12980356
3
-5
3
-161
-1063
4147
12981381
7
-4
2
-159
-1065
4148
12982406
9
-3
2
-158
-1044
4149
12983431
1
-3
4
-159
-1044
4142
12984456
-2
-4
4
-154
-1058
4147
12985481
3
-4
1
-151
-1061
4149
12986506
4
-1
0
-161
-1043
4148
12987531
-2
-3
2
-155
-1053
4143
12988556
-6
-3
3
-154
-1050
4141
12989581
-8
-2
4
-161
-1048
4145
12990606
-13
-2
3
-153
-1050
4146
12991631
-16
-2
2
-160
-1054
4149
12992656
-17
-1
2
-156
-1057
4150
12985472
-15
-1
2
-158
-1059
4151
12986497
-14
-1
2
-163
-1064
4145
12987522
-13
-2
2
-157
-1061
4153
12988547
-12
-2
1
-155
-1066
4146
12989572
-14
-2
3
-156
-1069
4137
12990597
-14
-2
2
-161
-1071
4141
12991622
-11
-2
2
-158
-1067
4141
12992647
-7
-2
1
-160
-1063
4148
12993672
-3
-2
2
-155
-1070
4146
12994697
-3
-3
4
-159
-1075
4140
12995722
1
-2
4
-161
-1059
4142
12996747
1
-3
2
-160
-1063
4138
12997772
-2
-2
3
-159
-1065
4153
12998797
-3
-2
5
-160
-1055
4152
12999822
-9
-3
6
-158
-1064
4140
13000847
-11
-3
5
-156
-1079
4138
12993664
-5
-2
1
-158
-1068
4147
12994689
-6
-2
2
-152
-1060
4141
12995714
-10
-3
2
-166
-1078
4137
12996739
-3
-4
1
-165
-1096
4147
12997764
10
-1
1
-152
-1052
4132
12998789
-3
-4
3
-168
-1050
4150
12999814
-13
-4
4
-161
-1076
4144
13000839
-9
-3
3
-160
-1084
4127
13001864
-2
-3
2
-154
-1075
4142
13002889
-2
-3
3
-160
-1062
4153
13003914
-7
-3
4
-161
-1067
4144
13004939
-6
-4
3
-152
-1076
4143
13005964
-4
-4
2
-155
-1068
4135
13006989
-4
-4
4
-161
-1065
4140
13008014
-3
-4
3
-158
-1072
4137
13009039
-3
-5
3
-156
-1068
4135
13001856
-1
-6
4
-163
-1079
4146
13002881
4
-5
4
-159
-1070
4141
13003906
3
-5
3
-157
-1067
4137
13004931
-1
-4
5
-159
-1070
4144
13005956
-1
-5
5
-160
-1074
4141
13006981
-1
-5
5
-159
-1062
4125
13008006
-2
-8
5
-153
-1074
4143
13009031
4
-6
5
-158
-1088
4146
13010056
10
-3
5
-166
-1056
4133
13011081
4
-8
7
-158
-1062
4153
13012106
5
-8
4
-163
-1098
4148
13013131
14
-5
5
-168
-1059
4140
13014156
11
-7
6
-159
-1049
4145
13015181
3
-7
7
-164
-1069
4151
13016206
3
-5
9
-155
-1071
4138
13017231
0
-5
8
-152
-1053
4147
13010048
-6
-5
6
-157
-1052
4146
13011073
-11
-5
5
-158
-1070
4137
13012098
-9
-6
6
-159
-1070
4139
13013123
-7
-6
6
-158
-1066
4143
13014148
-11
-5
7
-159
-1061
4134
13015173
-17
-5
6
-149
-1070
4135
13016198
-18
-3
3
-153
-1086
4144
13017223
-14
0
1
-160
-1074
4140
13018248
-13
-1
-2
-166
-1057
4133
13019273
-16
-2
-1
-162
-1081
4158
13020298
-10
0
0
-159
-1091
4146
13021323
-4
2
0
-166
-1076
4125
13022348
-2
-1
0
-164
-1079
4132
13023373
4
-1
-2
-156
-1094
4147
13024398
8
1
-1
-161
-1079
4134
13025423
8
0
2
-158
-1065
4149
13018485
8
-1
3
-162
-1072
4142
13019510
14
-3
5
-164
-1075
4137
13020535
17
-6
7
-154
-1074
4148
13021560
19
-4
7
-158
-1066
4144
13022585
13
-4
10
-162
-1034
4134
13023610
-3
-9
12
-171
-1084
4159
13024635
14
-8
11
-145
-1096
4130
13025660
24
-6
9
-151
-1055
4132
13026685
18
-9
11
-160
-1046
4148
13027710
11
-8
10
-157
-1066
4141
13028735
14
-6
4
-158
-1065
4140
13029760
16
-5
2
-165
-1038
4148
13030785
8
-7
6
-158
-1053
4142
13031810
5
-8
7
-153
-1071
4133
13032835
12
-6
5
-153
-1051
4146
13033860
10
-5
5
-161
-1045
4141
13026432
4
-6
6
-159
-1052
4141
13027457
3
-7
5
-160
-1059
4150
13028482
6
-7
5
-160
-1056
4140
13029507
8
-5
3
-158
-1048
4144
13030532
4
-4
3
-154
-1053
4146
13031557
0
-3
2
-157
-1053
4150
13032582
-2
-4
3
-159
-1058
4152
13033607
-2
-3
2
-155
-1046
4142
13034632
-4
-2
2
-159
-1050
4150
13035657
-4
-3
3
-156
-1056
4148
13036682
-4
-3
5
-157
-1054
4132
13037707
-9
-3
8
-150
-1019
4146
13038732
-28
-8
8
-171
-1077
4179
13039757
-12
-4
6
-150
-1096
4127
13040782
6
-1
3
-167
-1046
4145
13041807
6
-5
1
-161
-1044
4152
13034624
0
-5
2
-158
-1059
4130
13035649
0
-5
0
-162
-1062
4149
13036674
-3
-2
1
-157
-1049
4150
13037699
-4
-2
2
-159
-1058
4133
13038724
-1
-3
2
-157
-1057
4143
13039749
1
-3
2
-158
-1049
4140
13040774
0
-5
3
-157
-1072
4143
13041799
8
-5
7
-154
-1059
4153
13042824
9
-5
9
-146
-1051
4131
13043849
5
-5
7
-159
-1062
4144
13044874
8
-4
6
-157
-1042
4152
13045899
2
-4
8
-160
-1035
4137
13046924
-8
-6
8
-150
-1057
4139
13047949
-8
-3
6
-151
-1041
4139
13048974
-15
-4
5
-155
-1047
4137
13049999
-22
-6
4
-153
-1057
4140
13042816
-23
-4
5
-160
-1063
4143
13043841
-21
-2
5
-159
-1056
4143
13044866
-19
-4
2
-152
-1058
4154
13045891
-16
-3
-1
-153
-1071
4143
13046916
-13
-1
-2
-152
-1067
4139
13047941
-12
1
-4
-159
-1067
4137
13048966
-6
1
-4
-159
-1073
4142
13049991
1
0
-2
-170
-1069
4152
13051016
6
-2
2
-168
-1064
4148
13052041
10
-3
3
-164
-1064
4139
13053066
13
-4
4
-157
-1063
4144
13054091
16
-3
5
-149
-1060
4149
13055116
15
-2
5
-154
-1053
4137
13056141
10
-3
4
-154
-1052
4142
13057166
6
-4
2
-154
-1062
4141
13058191
7
-2
1
-158
-1056
4141
13051007
5
-2
0
-162
-1047
4147
13052032
0
-1
2
-155
-1047
4141
13053057
-2
-3
3
-164
-1055
4145
13054082
-2
-3
3
-163
-1063
4146
13055107
0
-2
2
-158
-1057
4145
13056132
1
-3
2
-164
-1041
4141
13057157
-2
-4
4
-151
-1053
4138
13058182
-2
-5
3
-152
-1074
4135
13059207
3
-3
3
-157
-1048
4145
13060232
0
-3
2
-156
-1040
4137
13061257
-6
-3
1
-165
-1053
4147
13062282
-7
-4
3
-157
-1052
4162
13063307
-9
-3
7
-163
-1048
4138
13064332
-11
-3
7
-155
-1058
4136
13065357
-11
-3
5
-157
-1058
4151
13066382
-13
-3
5
-160
-1051
4136
13059200
-13
-5
4
-161
-1075
4152
13060225
-6
-4
5
-154
-1070
4148
13061250
-4
-2
4
-164
-1049
4124
13062275
-11
-4
4
-152
-1071
4148
13063300
-12
-3
4
-164
-1073
4146
13064325
-12
-3
4
-160
-1064
4142
13065350
-15
-1
4
-153
-1060
4155
13066375
-18
-2
3
-159
-1061
4148
13067400
-14
-3
3
-161
-1078
4139
13068425
-6
-3
4
-153
-1073
4143
13069450
-4
-2
4
-164
-1057
4139
13070475
-7
-4
5
-159
-1061
4134
13071500
-6
-5
4
-152
-1071
4149
13072525
-4
-4
3
-161
-1070
4137
13073550
-2
-4
3
-164
-1067
4138
13074575
0
-4
4
-162
-1061
4145
13067392
-4
-5
5
-158
-1065
4142
13068417
-3
-6
6
-156
-1067
4139
13069442
-2
-5
5
-155
-1066
4147
13070467
-4
-4
5
-160
-1067
4136
13071492
-3
-5
5
-157
-1074
4148
13072517
4
-6
5
-163
-1070
4151
13073542
2
-4
5
-161
-1067
4130
13074567
2
-5
6
-158
-1072
4144
13075592
3
-4
4
-165
-1070
4144
13076617
5
-6
6
-149
-1070
4132
13077642
4
-4
2
-163
-1079
4146
13078667
8
-3
3
-161
-1054
4143
13079692
1
-5
7
-161
-1057
4147
13080717
-2
-5
9
-152
-1082
4148
13081742
5
-5
7
-154
-1064
4137
13082767
2
-6
5
-164
-1060
4155
13075584
1
-5
4
-154
-1065
4145
13076609
2
-4
4
-162
-1063
4130
13077634
4
-5
3
-156
-1072
4156
13078659
6
-4
3
-155
-1068
4157
13079684
7
-5
4
-156
-1066
4135
13080709
6
-6
5
-154
-1055
4150
13081734
2
-7
5
-148
-1066
4144
13082759
4
-5
4
-153
-1068
4135
13083784
6
-5
3
-162
-1048
4148
13084809
3
-6
4
-157
-1056
4140
13085834
2
-6
4
-151
-1067
4139
13086859
4
-4
3
-158
-1060
4145
13087884
3
-3
4
-157
-1048
4145
13088909
-3
-4
4
-153
-1056
4140
13089934
-1
-6
4
-157
-1061
4152
13090959
3
-4
4
-154
-1060
4144
13083776
3
-5
4
-159
-1050
4138
13084801
2
-5
5
-159
-1056
4149
13085826
2
-4
4
-151
-1056
4142
13086851
0
-5
4
-155
-1054
4139
13087876
-1
-4
4
-157
-1055
4144
13088901
-2
-4
4
-151
-1057
4147
13089926
0
-4
4
-148
-1059
4146
13090951
4
-4
4
-157
-1053
4146
13091976
3
-5
3
-161
-1059
4150
13093001
4
-5
6
-160
-1056
4150
13094026
3
-3
5
-147
-1052
4131
13095051
-4
-2
2
-164
-1057
4139
13096076
-2
-4
0
-162
-1051
4158
13097101
-6
-3
5
-156
-1047
4137
13098126
-7
-3
6
-158
-1062
4129
13099151
-3
-3
4
-157
-1054
4144
13091969
-4
-3
4
-161
-1051
4146
13092994
-6
-5
4
-157
-1059
4147
13094019
-5
-5
4
-154
-1066
4145
13095044
-2
-5
5
-160
-1064
4148
13096069
1
-4
6
-158
-1057
4150
13097094
0
-5
6
-157
-1054
4144
13098119
-1
-5
7
-159
-1059
4146
13099144
-2
-5
5
-148
-1053
4146
13100169
-6
-3
4
-152
-1056
4139
13101194
-6
-3
4
-164
-1058
4149
13102219
-5
-4
6
-156
-1059
4145
13103244
-3
-3
6
-153
-1056
4142
13104269
-4
-4
5
-160
-1053
4147
13105294
-5
-4
4
-153
-1061
4138
13106319
-8
-3
3
-156
-1061
4140
13107344
-7
-3
4
-160
-1057
4140
13100160
-5
-4
2
-151
-1058
4149
13101185
-1
-3
0
-150
-1055
4138
13102210
-6
-3
2
-165
-1054
4137
13103235
-6
-3
4
-153
-1064
4158
13104260
0
-4
6
-163
-1061
4139
13105285
0
-6
7
-161
-1053
4143
13106310
-2
-6
7
-152
-1069
4151
13107335
-2
-6
6
-156
-1061
4136
13108360
-1
-5
5
-153
-1053
4141
13109385
0
-5
3
-147
-1064
4147
13110410
2
-5
1
-157
-1074
4143
13111435
5
-4
3
-166
-1058
4147
13112460
5
-4
5
-154
-1055
4139
13113485
1
-4
3
-156
-1067
4143
13114510
6
-4
3
-152
-1062
4149
13115535
8
-3
4
-164
-1045
4139
13108352
0
-2
6
-155
-1061
4137
13109377
-4
-1
4
-147
-1066
4146
13110402
-2
-1
4
-154
-1046
4146
13111427
-5
-3
4
-160
-1047
4144
13112452
-6
-4
4
-159
-1068
4136
13113477
0
-4
4
-156
-1062
4141
13114502
3
-3
4
-160
-1049
4133
13115527
1
-5
5
-155
-1059
4139
13116552
-1
-3
6
-156
-1059
4132
13117577
-3
-3
6
-155
-1061
4139
13118602
-5
-3
6
-159
-1057
4144
13119627
-4
-3
6
-159
-1061
4151
13120652
-1
-4
8
-164
-1070
4142
13121677
8
-4
9
-163
-1067
4146
13122702
16
-4
10
-157
-1065
4135
13123727
18
-4
12
-160
-1056
4131
13116544
4
-2
15
-143
-991
4144
13117569
-17
-8
15
-182
-1096
4152
13118594
12
-7
12
-136
-1096
4136
13119619
28
-3
8
-162
-1033
4146
13120644
20
-4
6
-165
-1015
4148
13121669
6
-8
7
-160
-1050
4143
13122694
7
-7
5
-161
-1064
4141
13123719
10
-5
5
-154
-1055
4162
13124744
5
-2
8
-159
-1037
4138
13125769
-6
-3
14
-160
-1044
4137
13126794
-9
-5
16
-154
-1062
4157
13127819
-10
0
18
-166
-1046
4135
13128844
-16
0
22
-157
-1052
4147
13129869
-17
-1
22
-152
-1055
4145
13130894
-20
2
19
-164
-1031
4135
13131919
-37
-1
23
-172
-1053
4151
13124736
-38
0
27
-156
-1066
4147
13125761
-36
2
25
-165
-1062
4141
13126786
-45
1
32
-172
-1061
4150
13127811
-58
-1
48
-171
-1080
4137
13128836
-69
-4
73
-159
-1081
4128
13129861
-66
-7
76
-173
-1106
4134
13130886
-61
-10
80
-162
-1101
4131
13131911
-59
-9
76
-174
-1081
4135
13132936
-81
-8
82
-179
-1040
4148
13133961
-122
-12
93
-185
-1082
4151
13134986
-142
-27
101
-167
-1119
4134
13136011
-147
-32
99
-171
-1139
4138
13137036
-141
-30
99
-174
-1130
4129
13138061
-76
-26
94
-164
-1126
4112
13139086
-156
-13
90
-192
-1080
4130
13140111
-210
-19
94
-183
-1163
4124
13132928
-194
-24
85
-150
-1229
4101
13133953
-179
-16
83
-159
-1240
4101
13134978
-170
-4
76
-163
-1238
4086
13136003
-162
-7
61
-182
-1272
4096
13137028
-132
3
53
-174
-1252
4098
13138053
-134
9
56
-179
-1261
4101
13139078
-162
5
75
-183
-1337
4105
13140103
-190
2
76
-210
-1396
4106
13141128
-187
-14
96
-209
-1393
4061
13142153
-180
-24
88
-91
-1267
4153
13143178
-135
-2
24
-123
-1298
4103
13144203
-233
14
12
-91
-1184
4209
13145228
-840
45
12
-148
-1090
4254
13146253
-1259
0
15
-245
-1546
3975
13147278
-1116
-17
18
-214
-1744
3976
13148303
-884
-2
-10
-215
-1673
3920
13141119
-803
9
-50
-175
-1842
3791
13142144
-743
37
-77
-251
-1825
3743
13143169
-1445
61
-231
-50
-2126
3710
13144194
-1744
91
-253
-158
-2981
3826
13145219
-992
121
-271
-254
-2404
3594
13146244
-829
122
-277
-114
-2232
3408
13147269
-1086
179
-279
-82
-2237
3455
13148294
-1395
236
-288
-39
-2424
3604
13149319
-1312
243
-281
-10
-2616
3744
13150344
-1168
225
-265
-73
-2418
3816
13151369
-1598
227
-288
-121
-2227
3626
13152394
-2306
222
-335
-212
-2600
3344
13153419
-2319
165
-317
-167
-3083
3202
13154444
-2296
132
-304
-122
-2871
3042
13155469
-2542
93
-343
-343
-3254
2753
13156494
-2713
31
-379
-418
-3132
2194
13149312
-2779
52
-284
-313
-3389
1905
13150337
-2446
118
-328
-270
-3722
1814
13151362
-2046
169
-434
-192
-3968
1667
13152387
-1648
190
-484
-218
-4283
1934
13153412
-1279
163
-491
-224
-4111
2260
13154437
-1467
101
-521
15
-3775
2061
13155462
-2079
99
-509
293
-3481
1723
13156487
-2773
122
-487
314
-3478
1496
13157512
-3043
113
-428
163
-3756
1288
13158537
-3125
113
-353
279
-3559
777
13159562
-3302
113
-192
298
-4255
1027
13160587
-2391
-82
-249
-498
-4472
1241
13161612
-2408
-201
-335
92
-3770
60
13162637
-2278
-141
-187
347
-4803
228
13163662
-1737
-135
-263
458
-5218
-77
13164687
-1353
-125
-340
675
-4864
-641
13157505
-1078
-55
-341
517
-4295
-509
13158530
-1347
-3
-390
434
-3854
-152
13159555
-1921
-10
-385
700
-4070
-304
13160580
-2027
-30
-444
749
-4503
-547
13161605
-2003
-100
-602
715
-4694
-749
13162630
-2068
-116
-773
903
-4249
-1796
13163655
-2089
65
-801
1129
-4374
-2533
13164680
-1221
285
-756
1130
-4615
-2091
13165705
-315
365
-811
975
-4420
-1364
13166730
28
358
-880
1102
-4374
-1298
13167755
114
387
-924
1313
-4113
-1386
13168780
-33
446
-958
1555
-4037
-1543
13169805
-227
562
-969
1846
-3963
-1663
13170830
-224
687
-950
2010
-3983
-1572
13171855
-40
744
-965
1935
-3869
-1467
13172880
-40
743
-1023
1683
-3912
-1546
13165696
42
738
-1084
1462
-3992
-1760
13166721
365
738
-1125
1325
-3743
-1731
13167746
563
726
-1152
1212
-3569
-1488
13168771
711
686
-1158
1118
-3398
-1260
13169796
913
616
-1120
1112
-3052
-1089
13170821
986
535
-1033
1227
-2710
-871
13171846
735
444
-957
1362
-2593
-695
13172871
350
355
-919
1477
-2650
-776
13173896
272
312
-842
1632
-2737
-1081
13174921
594
322
-746
1843
-3028
-1239
13175946
754
372
-788
1833
-3046
-894
13176971
504
343
-807
1901
-2774
-234
13177996
390
234
-742
2194
-2676
-59
13179021
283
149
-703
2373
-2710
-181
13180046
13
129
-692
2400
-2841
-185
13181071
