Device = VHR-0009
time_stamp = 1779948119461
sample_rate = 50
Data format = INT16
TYPE = 6-AXIS IMU RAW DATA
11
-6
3
40
-1252
4130
8250496
-18
-9
14
66
-1299
4108
8251521
-24
-8
26
36
-1321
4099
8252546
-22
-8
17
31
-1320
4099
8253571
-13
-9
14
37
-1326
4107
8254596
-14
-11
15
67
-1335
4092
8255621
-2
-10
12
70
-1317
4105
8256646
-7
-5
5
68
-1310
4105
8257671
-12
-2
4
66
-1343
4092
8258696
-3
-2
4
50
-1334
4101
8259721
0
-3
3
43
-1307
4105
8260746
-1
-2
4
44
-1301
4106
8261771
-9
-1
9
47
-1311
4104
8262796
-19
-1
11
36
-1306
4106
8263821
-28
-1
7
49
-1349
4090
8264846
-11
0
-2
65
-1398
4090
8265871
19
-1
-6
48
-1372
4074
8258688
38
-3
-12
33
-1323
4095
8259713
28
-3
-17
35
-1298
4115
8260738
13
-3
-14
29
-1306
4109
8261763
14
-6
-3
38
-1301
4104
8262788
9
-9
6
64
-1281
4103
8263813
-15
-6
8
56
-1302
4100
8264838
-22
-5
10
49
-1346
4112
8265863
-20
-6
8
72
-1368
4077
8266888
-5
-4
3
49
-1339
4090
8267913
10
-2
-4
16
-1332
4118
8268938
21
-5
1
54
-1322
4120
8269963
9
-7
6
73
-1278
4094
8270988
-9
-3
8
47
-1297
4103
8272013
-13
-1
10
12
-1330
4109
8273038
2
-5
14
35
-1321
4101
8274063
4
-8
12
77
-1325
4088
8266917
3
-4
8
35
-1334
4096
8267942
12
-4
1
24
-1325
4104
8268967
8
-7
0
82
-1321
4092
8269992
9
-3
4
74
-1311
4087
8271017
12
0
0
29
-1288
4110
8272042
-4
0
-6
23
-1298
4112
8273067
-7
-3
-2
71
-1328
4113
8274092
-4
-3
5
57
-1338
4081
8275117
7
-3
7
19
-1285
4100
8276142
-11
-5
1
44
-1266
4116
8277167
-36
-1
-3
85
-1339
4108
8278192
-37
4
-7
63
-1376
4071
8279217
-13
4
-17
4
-1320
4092
8280242
-11
2
-27
26
-1300
4118
8281267
-16
-2
-13
77
-1303
4111
8282292
-37
-3
8
74
-1264
4096
8275072
-58
1
18
26
-1285
4102
8276097
-62
-3
18
33
-1338
4097
8277122
-62
-7
23
71
-1393
4076
8278147
-48
-5
20
67
-1418
4067
8279172
-18
0
2
24
-1410
4075
8280197
12
-2
-14
24
-1415
4073
8281222
37
-7
-17
75
-1388
4074
8282247
45
-8
-11
64
-1285
4106
8283272
34
-5
-5
27
-1261
4119
8284297
8
-3
-4
50
-1364
4094
8285322
6
-3
-12
82
-1405
4078
8286347
30
-5
-9
30
-1368
4074
8287372
53
-9
-9
11
-1299
4114
8288397
40
-9
-15
56
-1269
4128
8289422
7
-9
-5
109
-1261
4109
8290447
-23
-5
9
78
-1272
4096
8283265
-26
-2
19
42
-1311
4111
8284290
-19
-5
22
80
-1367
4087
8285315
0
-5
24
76
-1373
4082
8286340
15
-3
22
-9
-1305
4104
8287365
10
-8
16
12
-1280
4105
8288390
-5
-12
23
107
-1325
4096
8289415
-13
-6
29
85
-1332
4094
8290440
-12
-1
21
21
-1338
4094
8291465
-14
-2
7
17
-1372
4088
8292490
-9
-4
-3
63
-1374
4087
8293515
9
-1
-8
71
-1372
4096
8294540
23
-1
-12
19
-1310
4094
8295565
21
-2
-13
18
-1278
4113
8296590
1
-3
-9
58
-1294
4111
8297615
-17
-2
0
56
-1300
4102
8298640
-18
-2
4
42
-1317
4106
8291456
-17
-3
7
53
-1338
4100
8292481
-15
-3
6
53
-1366
4088
8293506
4
-3
2
32
-1371
4088
8294531
26
-4
-6
46
-1354
4088
8295556
36
-7
-6
47
-1314
4103
8296581
30
-7
-1
32
-1278
4106
8297606
9
-4
-2
69
-1284
4107
8298631
-5
1
-1
70
-1337
4100
8299656
6
-1
-4
57
-1353
4096
8300681
15
-2
-3
46
-1330
4110
8301706
12
-3
-4
36
-1309
4105
8302731
6
-4
-5
45
-1299
4094
8303756
6
-5
4
59
-1312
4104
8304781
6
-6
8
65
-1292
4109
8305806
-8
-3
6
55
-1317
4096
8306831
-5
-1
-1
46
-1359
4089
8299647
17
-1
-2
38
-1351
4092
8300672
33
-5
3
57
-1315
4110
8301697
19
-5
2
44
-1265
4112
8302722
-10
-2
0
32
-1276
4106
8303747
-15
-2
4
50
-1344
4104
8304772
5
-7
10
48
-1340
4093
8305797
16
-10
15
53
-1284
4108
8306822
-3
-8
15
50
-1259
4129
8307847
-31
-4
13
54
-1300
4110
8308872
-28
-2
11
62
-1385
4077
8309897
8
-5
10
60
-1370
4090
8310922
19
-7
7
36
-1276
4106
8311947
3
-4
4
44
-1265
4118
8312972
-15
-2
6
67
-1311
4115
8313997
-13
-4
14
58
-1330
4086
8315022
-3
-4
15
37
-1308
4096
8307840
-10
-4
9
42
-1300
4109
8308865
-21
-3
4
54
-1324
4105
8309890
-13
-3
3
66
-1343
4094
8310915
0
-1
0
44
-1336
4101
8311940
4
-4
3
11
-1315
4097
8312965
2
-10
9
25
-1290
4111
8313990
-10
-9
10
44
-1308
4111
8315015
-16
-5
7
45
-1358
4094
8316040
6
-8
4
64
-1361
4089
8317065
16
-8
6
59
-1296
4101
8318090
2
-4
6
46
-1268
4113
8319115
-13
-4
6
53
-1292
4106
8320140
-20
-5
7
68
-1334
4092
8321165
-11
-4
11
50
-1339
4092
8322190
1
-3
7
41
-1331
4103
8323215
10
-5
7
51
-1327
4106
8316032
13
-7
7
57
-1314
4107
8317057
8
-5
7
42
-1283
4104
8318082
-7
-2
1
60
-1323
4096
8319107
-5
0
-1
59
-1350
4093
8320132
7
-1
-1
36
-1322
4092
8321157
9
-3
0
44
-1304
4115
8322182
1
-2
0
48
-1298
4110
8323207
-13
-2
1
40
-1295
4100
8324232
-14
-1
6
39
-1321
4109
8325257
-5
-4
9
46
-1314
4096
8326282
-14
-5
13
43
-1299
4105
8327307
-26
-4
12
60
-1325
4101
8328332
-20
-1
7
36
-1348
4077
8329357
2
-3
4
24
-1340
4092
8330382
11
-9
7
66
-1315
4102
8331407
0
-7
4
91
-1288
4109
8324223
-17
2
-2
56
-1337
4096
8325248
-3
3
-9
26
-1369
4093
8326273
13
-1
-13
32
-1299
4104
8327298
-8
0
-12
70
-1291
4106
8328323
-14
3
-6
50
-1331
4100
8329348
0
0
-1
40
-1325
4090
8330373
2
-2
4
36
-1331
4100
8331398
-7
-3
4
28
-1306
4108
8332423
-19
-3
-2
65
-1353
4090
8333448
-11
-1
-10
55
-1381
4077
8334473
14
-2
-11
17
-1355
4094
8335498
27
-8
-6
40
-1294
4105
8336523
13
-9
-4
79
-1267
4111
8337548
-6
-3
-2
67
-1326
4105
8338573
6
-3
5
47
-1357
4085
8339598
25
-13
14
22
-1318
4051
8332416
21
-10
6
64
-1295
4169
8333441
-10
-1
1
18
-1365
4095
8334466
53
-13
10
52
-1331
4061
8335491
67
-19
30
64
-1257
4110
8336516
17
-13
24
87
-1188
4134
8337541
-52
2
4
47
-1274
4105
8338566
-34
5
3
18
-1453
4103
8339591
31
-7
6
29
-1376
4069
8340616
50
-15
5
48
-1199
4102
8341641
-1
-9
9
107
-1259
4157
8342666
-25
0
18
50
-1285
4108
8343691
-15
-3
24
11
-1321
4076
8344716
-6
-8
22
68
-1355
4114
8345741
-16
-7
13
69
-1301
4090
8346766
-24
2
5
-4
-1319
4113
8347791
-5
-1
1
59
-1346
4113
8340609
-1
-5
9
85
-1273
4081
8341634
-28
-2
13
36
-1251
4126
8342659
-44
1
14
50
-1383
4100
8343684
-6
-6
17
61
-1361
4055
8344709
-13
-5
11
21
-1236
4123
8345734
-68
6
-4
29
-1318
4131
8346759
-64
6
-9
41
-1435
4051
8347784
-10
-3
-1
37
-1401
4081
8348809
10
-9
-1
59
-1274
4109
8349834
-15
-6
3
70
-1235
4107
8350859
-41
0
13
49
-1335
4130
8351884
-42
0
13
33
-1381
4080
8352909
-26
-2
7
37
-1368
4072
8353934
-7
-4
3
40
-1374
4102
8354959
12
-4
2
62
-1341
4092
8355984
18
-6
9
51
-1299
4107
8348801
-3
-4
14
49
-1298
4114
8349826
-28
-2
14
65
-1323
4082
8350851
-24
-2
17
39
-1390
4089
8351876
9
-3
11
37
-1401
4115
8352901
19
-5
8
37
-1330
4076
8353926
9
-6
10
41
-1283
4097
8354951
-22
-2
9
60
-1317
4119
8355976
-26
2
8
44
-1373
4084
8357001
5
-1
6
23
-1395
4074
8358026
24
-5
1
39
-1368
4095
8359051
23
-7
4
53
-1302
4074
8360076
2
-4
0
44
-1302
4112
8361101
-18
1
-2
38
-1376
4098
8362126
5
-2
3
33
-1364
4079
8363151
23
-8
7
45
-1325
4098
8364176
9
-7
7
49
-1301
4105
8356993
-13
-6
6
50
-1312
4095
8358018
-23
-5
10
46
-1367
4105
8359043
-15
-4
8
30
-1355
4085
8360068
4
-6
6
43
-1360
4069
8361093
31
-6
8
40
-1340
4109
8362118
24
-6
5
46
-1321
4103
8363143
4
-7
3
39
-1318
4081
8364168
1
-6
0
58
-1336
4096
8365193
2
-3
-3
55
-1325
4098
8366218
0
-4
1
33
-1335
4101
8367243
5
-5
0
43
-1350
4095
8368268
9
-4
-2
50
-1331
4096
8369293
5
-5
1
50
-1329
4113
8370318
7
-5
5
56
-1331
4095
8371343
17
-5
9
44
-1315
4091
8372368
5
-4
8
53
-1318
4093
8365185
-7
-2
4
48
-1334
4105
8366210
-13
-2
1
31
-1354
4097
8367235
9
-4
1
39
-1367
4085
8368260
37
-7
4
48
-1325
4099
8369285
26
-6
4
39
-1271
4109
8370310
-6
-4
5
37
-1296
4106
8371335
-19
-4
8
67
-1340
4089
8372360
-7
-3
13
49
-1348
4093
8373385
13
-5
7
27
-1342
4092
8374410
16
-5
1
32
-1335
4106
8375435
13
-6
1
51
-1321
4101
8376460
4
-6
5
59
-1290
4108
8377485
-17
-1
3
39
-1281
4104
8378510
-18
0
0
45
-1345
4097
8379535
-2
-3
5
48
-1376
4098
8380560
7
-7
8
55
-1304
4103
8373376
-17
-3
2
55
-1280
4116
8374401
-24
-1
2
52
-1348
4100
8375426
2
-3
6
34
-1362
4092
8376451
10
-5
4
40
-1319
4092
8377476
-3
-1
-5
47
-1325
4103
8378501
-3
-1
-8
53
-1358
4089
8379526
16
-3
-1
47
-1327
4094
8380551
21
-6
1
59
-1283
4094
8381576
3
0
-2
35
-1303
4106
8382601
-16
-1
-6
39
-1353
4099
8383626
-3
-3
0
48
-1355
4099
8384651
15
-5
3
47
-1312
4097
8385676
22
-5
4
45
-1289
4099
8386701
5
-2
3
41
-1303
4112
8387726
-11
-1
2
50
-1347
4098
8388751
-2
-4
3
39
-1339
4095
8381568
7
-4
5
31
-1292
4101
8382593
3
-3
6
53
-1285
4106
8383618
-13
-3
11
53
-1324
4094
8384643
-17
-3
14
40
-1332
4093
8385668
-17
-4
12
40
-1332
4098
8386693
0
-3
7
40
-1348
4096
8387718
16
-4
4
40
-1343
4097
8388743
16
-6
2
53
-1324
4089
8389768
14
-6
1
41
-1291
4107
8390793
-3
-4
2
42
-1282
4122
8391818
-20
-1
2
56
-1318
4095
8392843
-2
-3
6
48
-1371
4083
8393868
12
-5
7
37
-1329
4100
8394893
4
-6
6
45
-1268
4109
8395918
-17
-3
7
58
-1312
4101
8396943
-5
-3
7
50
-1365
4083
8389759
14
-4
7
28
-1342
4092
8390784
17
-6
3
31
-1292
4104
8391809
6
-6
2
54
-1295
4102
8392834
-5
-4
6
40
-1314
4099
8393859
-4
-5
4
44
-1329
4106
8394884
8
-5
3
44
-1349
4094
8395909
21
-8
7
42
-1309
4101
8396934
16
-8
12
43
-1287
4111
8397959
-3
-5
11
42
-1268
4105
8398984
-28
-2
9
44
-1327
4103
8400009
-9
-5
10
52
-1364
4094
8401034
14
-6
8
51
-1329
4094
8402059
19
-6
6
39
-1301
4106
8403084
5
-5
2
49
-1296
4111
8404109
-12
-3
4
50
-1307
4104
8405134
-11
-3
6
49
-1307
4106
8397952
-6
-2
5
54
-1333
4105
8398977
-3
-1
5
33
-1341
4091
8400002
-6
-2
2
33
-1307
4090
8401027
-12
-2
2
42
-1301
4105
8402052
-4
-3
1
53
-1342
4099
8403077
14
-5
5
41
-1345
4091
8404102
13
-7
3
33
-1269
4112
8405127
-18
-4
2
56
-1279
4110
8406152
-27
0
4
58
-1324
4099
8407177
-7
-1
6
39
-1369
4100
8408202
8
-6
5
45
-1341
4091
8409227
11
-7
5
46
-1277
4106
8410252
-7
-4
0
56
-1268
4108
8411277
-22
0
0
41
-1348
4106
8412302
-10
-2
2
45
-1364
4087
8413327
11
-5
4
42
-1322
4092
8406144
10
-5
1
38
-1286
4102
8407169
-12
-4
0
47
-1300
4108
8408194
-16
-2
6
51
-1334
4092
8409219
-6
-2
7
44
-1333
4094
8410244
-2
-3
3
48
-1321
4099
8411269
0
-3
-2
51
-1308
4105
8412294
1
-3
0
41
-1311
4109
8413319
-1
-3
5
40
-1318
4101
8414344
-4
-5
7
53
-1310
4091
8415369
-10
-4
4
38
-1315
4098
8416394
-4
-1
-2
38
-1330
4098
8417419
-2
-4
2
46
-1332
4095
8418444
1
-7
7
51
-1305
4100
8419469
-10
-3
4
43
-1303
4106
8420494
-11
1
-4
42
-1342
4091
8421519
2
-2
-3
42
-1353
4084
8414336
14
-6
2
57
-1303
4103
8415361
0
-5
7
55
-1276
4104
8416386
-21
-1
6
34
-1312
4100
8417411
-12
0
3
30
-1350
4099
8418436
3
-6
8
45
-1333
4090
8419461
2
-8
13
50
-1294
4103
8420486
-19
-4
11
47
-1312
4099
8421511
-13
-2
6
40
-1366
4097
8422536
12
-5
4
50
-1354
4086
8423561
25
-8
4
57
-1296
4094
8424586
5
-5
3
49
-1284
4114
8425611
-10
-1
1
42
-1331
4102
8426636
1
-2
2
31
-1342
4095
8427661
13
-3
3
27
-1302
4105
8428686
0
-4
1
58
-1285
4102
8429711
-16
-2
4
48
-1328
4119
8422528
-9
-4
5
32
-1342
4080
8423553
17
-5
4
36
-1337
4094
8424578
17
-7
3
37
-1301
4109
8425603
-3
-4
1
56
-1312
4108
8426628
-8
-2
0
55
-1347
4090
8427653
21
-4
2
34
-1341
4099
8428678
31
-6
2
45
-1303
4110
8429703
12
-4
-1
53
-1275
4110
8430728
-14
1
-5
44
-1310
4102
8431753
-8
2
-6
44
-1345
4101
8432778
17
-1
-5
52
-1328
4099
8433803
16
0
-7
37
-1297
4099
8434828
1
-1
-9
37
-1296
4096
8435853
-7
-3
-6
48
-1309
4108
8436878
-7
-3
-1
59
-1310
4105
8437903
4
0
-1
45
-1324
4101
8430720
17
0
-3
22
-1338
4102
8431745
23
-5
-3
31
-1316
4100
8432770
11
-5
-1
55
-1267
4101
8433795
-12
-3
1
61
-1282
4107
8434820
-7
1
2
31
-1338
4109
8435845
11
-2
6
32
-1335
4108
8436870
14
-7
9
41
-1266
4104
8437895
-11
-3
3
57
-1260
4114
8438920
-23
2
1
48
-1318
4106
8439945
-5
-1
9
42
-1329
4103
8440970
-11
-4
12
54
-1290
4107
8441995
-37
-1
9
51
-1306
4100
8443020
-32
2
7
27
-1368
4094
8444045
0
-3
4
34
-1363
4094
8445070
19
-7
4
50
-1310
4106
8446095
10
-7
4
63
-1273
4104
8438911
-7
-3
3
35
-1278
4097
8439936
-17
-2
1
27
-1314
4103
8440961
-7
-5
6
45
-1348
4106
8441986
3
-8
7
54
-1323
4096
8443011
0
-7
3
44
-1311
4093
8444036
5
-2
1
27
-1323
4109
8445061
16
-3
-1
45
-1314
4113
8446086
13
-5
-2
61
-1293
4107
8447111
10
-2
-3
46
-1315
4105
8448136
14
-1
-8
24
-1319
4094
8449161
17
-3
-6
32
-1301
4121
8450186
8
-6
-4
57
-1274
4116
8451211
-3
-3
3
47
-1271
4109
8452236
-13
-1
7
21
-1294
4104
8453261
-20
-3
8
37
-1309
4114
8454286
-25
-4
7
61
-1302
4111
8447104
-30
0
7
45
-1341
4092
8448129
3
-1
4
13
-1370
4087
8449154
27
-5
-3
29
-1319
4107
8450179
24
-7
1
64
-1289
4111
8451204
4
-4
5
57
-1270
4105
8452229
-10
0
4
17
-1336
4091
8453254
19
-4
4
24
-1363
4091
8454279
40
-9
6
40
-1273
4115
8455304
11
-7
9
60
-1244
4125
8456329
-24
-3
10
48
-1281
4103
8457354
-32
0
4
24
-1318
4087
8458379
-12
-2
3
40
-1366
4087
8459404
17
-3
2
48
-1346
4101
8460429
23
-7
0
42
-1292
4100
8461454
14
-5
0
22
-1268
4121
8462479
-5
-4
0
49
-1273
4113
8455296
-16
-4
9
57
-1299
4100
8456321
-17
-4
12
57
-1324
4106
8457346
-1
-3
11
33
-1321
4086
8458371
3
-2
3
27
-1301
4105
8459396
-4
-4
0
53
-1329
4107
8460421
3
-6
2
49
-1300
4099
8461446
9
-5
4
35
-1285
4101
8462471
3
-3
4
30
-1285
4119
8463496
-14
-2
6
40
-1295
4115
8464521
-24
-3
9
42
-1307
4102
8465546
-20
-4
9
41
-1332
4092
8466571
-1
-5
7
21
-1330
4100
8467596
12
-5
4
37
-1313
4111
8468621
3
-6
8
54
-1300
4108
8469646
-8
-5
8
45
-1276
4102
8470671
-24
-3
6
34
-1291
4102
8463488
-25
-1
4
39
-1337
4097
8464513
-2
-4
5
45
-1335
4091
8465538
12
-4
6
41
-1321
4095
8466563
14
-5
6
33
-1291
4105
8467588
0
-5
6
31
-1283
4119
8468613
-13
-3
3
49
-1323
4108
8469638
-7
-4
5
39
-1336
4088
8470663
11
-6
6
32
-1327
4104
8471688
18
-6
3
43
-1298
4115
8472713
3
-5
2
47
-1303
4094
8473738
0
-5
7
41
-1305
4101
8474763
-1
-5
8
42
-1308
4103
8475788
6
-6
13
37
-1309
4110
8476813
5
-6
13
41
-1314
4111
8477838
12
-6
13
52
-1317
4096
8478863
19
-8
13
42
-1274
4098
8471680
10
-6
11
52
-1281
4124
8472705
3
-4
10
49
-1320
4108
8473730
12
-4
10
28
-1320
4089
8474755
5
-3
2
34
-1282
4117
8475780
-9
-3
-3
56
-1289
4112
8476805
1
-1
2
53
-1287
4107
8477830
2
-2
6
35
-1295
4104
8478855
-16
-2
4
41
-1311
4096
8479880
-23
-1
0
25
-1332
4097
8480905
-1
-2
-4
34
-1349
4102
8481930
25
-7
-3
43
-1303
4107
8482955
17
-8
-1
43
-1256
4120
8483980
-6
-3
-1
43
-1281
4123
8485005
-12
-2
2
45
-1315
4103
8486030
-2
-4
6
38
-1306
4109
8487055
2
-4
4
38
-1296
4106
8480114
-4
-3
-1
31
-1306
4098
8481139
1
-2
-1
36
-1323
4110
8482164
13
-4
1
52
-1317
4111
8483189
16
-5
4
42
-1279
4108
8484214
-4
-3
1
37
-1268
4110
8485239
-13
-2
1
34
-1299
4113
8486264
-2
-3
2
37
-1332
4102
8487289
10
-4
3
41
-1325
4101
8488314
29
-7
5
43
-1297
4107
8489339
21
-6
5
34
-1252
4121
8490364
-5
-4
9
46
-1271
4112
8491389
-8
-1
10
32
-1305
4110
8492414
1
-1
7
38
-1332
4101
8493439
9
-6
5
51
-1327
4101
8494464
12
-7
4
43
-1264
4114
8495489
-4
-4
2
33
-1273
4110
8488064
-11
-1
1
39
-1304
4101
8489089
1
-3
2
47
-1318
4103
8490114
6
-7
2
37
-1290
4108
8491139
-5
-7
2
43
-1270
4128
8492164
-17
-5
7
43
-1273
4118
8493189
-20
-3
11
44
-1298
4106
8494214
-8
-3
12
36
-1338
4108
8495239
5
-5
7
29
-1321
4101
8496264
8
-5
2
44
-1296
4108
8497289
7
-5
3
42
-1292
4107
8498314
5
-4
2
45
-1270
4120
8499339
-7
-4
7
42
-1293
4107
8500364
-5
-4
9
35
-1305
4101
8501389
-3
-5
8
35
-1287
4106
8502414
-9
-3
5
35
-1289
4118
8503439
-10
-3
4
48
-1334
4095
8496256
4
-4
5
31
-1322
4093
8497281
17
-6
4
28
-1287
4110
8498306
7
-5
1
45
-1258
4114
8499331
-18
-2
2
49
-1293
4104
8500356
-17
-2
1
41
-1326
4100
8501381
3
-4
0
40
-1308
4101
8502406
18
-5
2
34
-1282
4107
8503431
5
-6
2
41
-1273
4113
8504456
-11
-2
4
49
-1298
4108
8505481
-6
-1
2
44
-1297
4104
8506506
4
-3
1
39
-1312
4105
8507531
16
-4
4
45
-1287
4108
8508556
11
-4
4
37
-1293
4110
8509581
4
-5
2
48
-1293
4105
8510606
0
-4
1
30
-1273
4114
8511631
-1
-4
1
42
-1303
4112
8504449
9
-3
5
36
-1310
4108
8505474
14
-6
7
31
-1278
4097
8506499
7
-7
9
43
-1268
4111
8507524
-5
-5
11
37
-1269
4113
8508549
-13
-3
9
35
-1294
4109
8509574
-14
-3
5
36
-1326
4103
8510599
5
-6
4
35
-1317
4099
8511624
16
-7
4
37
-1264
4112
8512649
3
-4
2
44
-1249
4116
8513674
-18
-4
5
60
-1283
4109
8514699
-22
-2
6
30
-1314
4106
8515724
-3
-3
6
24
-1332
4108
8516749
24
-8
8
46
-1289
4105
8517774
18
-8
8
56
-1231
4122
8518799
-15
-2
5
62
-1277
4107
8519824
-23
-2
8
32
-1313
4104
8512641
-2
-5
9
28
-1324
4106
8513666
13
-6
7
39
-1295
4103
8514691
4
-5
6
45
-1289
4101
8515716
-4
-5
3
38
-1283
4118
8516741
-10
-4
3
36
-1273
4110
8517766
-8
-5
9
36
-1287
4098
8518791
-11
-4
7
39
-1279
4113
8519816
-23
-2
1
37
-1299
4111
8520841
-16
-3
2
44
-1320
4108
8521866
1
-5
6
32
-1292
4111
8522891
2
-5
7
50
-1272
4104
8523916
-12
-2
4
49
-1286
4102
8524941
-23
0
-4
48
-1335
4110
8525966
-7
-2
-7
42
-1364
4093
8526991
32
-5
-6
25
-1293
4101
8528016
30
-5
-9
49
-1228
4118
8520832
5
-3
-3
51
-1235
4123
8521857
-14
-1
6
33
-1273
4113
8522882
-11
-2
12
42
-1310
4096
8523907
4
-3
15
38
-1302
4104
8524932
0
-5
13
36
-1267
4105
8525957
-18
-4
12
40
-1294
4108
8526982
-18
-3
9
35
-1315
4102
8528007
-5
-3
6
36
-1307
4104
8529032
2
-2
0
35
-1326
4104
8530057
8
-3
-6
39
-1293
4109
8531082
5
-4
-3
44
-1262
4105
8532107
-6
-4
2
40
-1262
4117
8533132
-19
-3
2
49
-1297
4110
8534157
-4
-3
6
44
-1318
4108
8535182
9
-4
5
25
-1298
4107
8536207
5
-6
5
44
-1294
4106
8529023
-7
-5
5
40
-1277
4106
8530048
-20
-3
3
36
-1303
4103
8531073
-5
-3
5
28
-1317
4108
8532098
13
-6
6
35
-1289
4110
8533123
2
-6
7
48
-1275
4108
8534148
-14
-3
5
53
-1301
4103
8535173
-5
-4
4
46
-1310
4098
8536198
8
-5
7
30
-1292
4112
8537223
6
-6
8
41
-1275
4117
8538248
-6
-4
8
41
-1290
4107
8539273
-11
-3
7
33
-1302
4101
8540298
-8
-3
3
37
-1306
4108
8541323
4
-4
3
45
-1304
4108
8542348
11
-6
4
36
-1277
4112
8543373
-1
-4
2
37
-1286
4109
8544398
-6
-3
2
35
-1302
4099
8537217
-4
-4
3
52
-1286
4104
8538242
-8
-5
7
51
-1281
4106
8539267
-4
-4
9
31
-1310
4102
8540292
5
-4
2
31
-1313
4108
8541317
7
-7
-1
44
-1297
4114
8542342
4
-7
2
47
-1283
4116
8543367
2
-6
4
46
-1272
4116
8544392
0
-5
6
44
-1274
4117
8545417
-4
-4
6
37
-1290
4112
8546442
-7
-4
6
39
-1301
4104
8547467
-4
-4
7
27
-1285
4105
8548492
-12
-5
8
50
-1287
4110
8549517
-9
-3
10
46
-1303
4103
8550542
0
-3
7
29
-1320
4097
8551567
7
-4
4
33
-1321
4106
8552592
8
-6
4
38
-1282
4108
8545409
-4
-4
5
34
-1263
4116
8546434
-16
-2
6
48
-1314
4102
8547459
5
-3
4
31
-1332
4094
8548484
22
-7
4
40
-1288
4103
8549509
10
-6
6
48
-1263
4110
8550534
-12
-4
4
44
-1269
4113
8551559
-16
-2
5
42
-1320
4108
8552584
7
-3
6
40
-1311
4105
8553609
9
-4
4
41
-1279
4104
8554634
-5
-4
4
45
-1283
4110
8555659
-13
-4
7
32
-1284
4112
8556684
-13
-3
9
29
-1304
4110
8557709
1
-4
7
40
-1318
4101
8558734
4
-4
2
47
-1312
4093
8559759
5
-3
0
40
-1305
4113
8560784
6
-5
0
27
-1273
4114
8553601
-2
-5
3
40
-1260
4109
8554626
-10
-4
7
44
-1296
4102
8555651
-9
-3
6
41
-1322
4102
8556676
-3
-2
2
40
-1327
4106
8557701
10
-6
3
27
-1297
4113
8558726
6
-7
4
40
-1262
4107
8559751
-7
-4
7
50
-1285
4107
8560776
-5
-3
7
33
-1325
4093
8561801
7
-4
2
35
-1311
4096
8562826
12
-6
2
41
-1283
4109
8563851
8
-7
5
52
-1273
4118
8564876
-5
-4
6
37
-1280
4113
8565901
-6
-1
1
42
-1310
4093
8566926
11
-4
2
36
-1323
4105
8567951
16
-6
3
39
-1281
4112
8568976
6
-5
3
44
-1261
4110
8561792
-10
-2
2
41
-1301
4112
8562817
-3
-3
0
35
-1301
4105
8563842
10
-4
1
30
-1282
4103
8564867
7
-5
2
48
-1271
4105
8565892
-4
-5
5
39
-1272
4118
8566917
-18
-3
7
28
-1284
4115
8567942
-14
-2
6
31
-1318
4093
8568967
7
-4
6
34
-1310
4105
8569992
9
-5
6
37
-1288
4122
8571017
-5
-5
4
36
-1270
4099
8572042
-14
-4
5
41
-1299
4102
8573067
-10
-3
4
33
-1311
4118
8574092
2
-3
3
36
-1294
4102
8575117
10
-6
3
42
-1291
4104
8576142
0
-4
3
48
-1286
4111
8577167
-8
-4
2
28
-1286
4107
8569985
-7
-5
3
37
-1299
4111
8571010
7
-4
4
41
-1294
4112
8572035
11
-4
4
35
-1265
4110
8573060
-6
-2
3
45
-1285
4118
8574085
-12
-2
-2
45
-1307
4097
8575110
-7
-3
-1
30
-1304
4105
8576135
9
-3
2
27
-1305
4128
8577160
22
-4
2
42
-1281
4112
8578185
6
-3
1
40
-1276
4100
8579210
-9
-3
0
44
-1302
4112
8580235
-7
-4
3
38
-1302
4106
8581260
9
-4
5
39
-1293
4112
8582285
12
-5
4
46
-1277
4110
8583310
-3
-4
2
31
-1281
4098
8584335
-10
-4
3
35
-1283
4101
8585360
-15
-5
6
40
-1275
4122
8578176
-25
-6
9
35
-1280
4105
8579201
-28
-4
7
31
-1304
4108
8580226
-11
-4
7
32
-1322
4101
8581251
12
-6
1
32
-1314
4102
8582276
12
-6
0
47
-1293
4106
8583301
3
-5
2
40
-1255
4115
8584326
-9
-2
4
43
-1269
4112
8585351
-3
-2
5
34
-1327
4099
8586376
15
-5
4
34
-1324
4102
8587401
15
-7
1
37
-1270
4106
8588426
1
-6
3
54
-1263
4112
8589451
-16
-5
6
44
-1272
4114
8590476
-24
-3
7
32
-1301
4105
8591501
-17
-3
6
31
-1324
4105
8592526
-9
-5
4
34
-1299
4109
8593551
-8
-5
6
32
-1274
4110
8586368
-9
-4
7
47
-1286
4118
8587393
-10
-3
9
32
-1318
4108
8588418
-3
-5
5
35
-1306
4103
8589443
-5
-5
4
39
-1295
4112
8590468
-8
-3
4
38
-1289
4118
8591493
-3
-3
4
32
-1307
4104
8592518
17
-3
2
42
-1324
4094
8593543
19
-4
3
33
-1282
4108
8594568
2
-3
4
40
-1273
4116
8595593
-14
-4
5
39
-1289
4106
8596618
-13
-2
5
40
-1326
4098
8597643
8
-4
3
35
-1324
4105
8598668
16
-4
1
33
-1281
4116
8599693
5
-6
3
34
-1272
4112
8600718
-13
-4
4
51
-1290
4102
8601743
-14
-2
5
37
-1319
4099
8594561
1
-3
2
33
-1306
4106
8595586
14
-4
4
36
-1289
4106
8596611
4
-4
5
39
-1266
4117
8597636
-14
-3
6
37
-1300
4108
8598661
-16
-4
6
36
-1317
4104
8599686
-1
-4
5
31
-1310
4101
8600711
11
-4
1
45
-1294
4097
8601736
11
-4
3
47
-1286
4115
8602761
-2
-5
8
38
-1269
4117
8603786
-20
-4
8
43
-1286
4121
8604811
-17
-3
9
35
-1328
4099
8605836
10
-5
6
32
-1322
4092
8606861
17
-6
5
41
-1278
4102
8607886
-2
-5
7
41
-1276
4107
8608911
-13
-4
7
42
-1303
4111
8609936
-8
-4
5
36
-1313
4095
8602752
12
-6
5
32
-1317
4107
8603777
20
-7
5
40
-1278
4111
8604802
6
-6
6
40
-1269
4108
8605827
-8
-5
6
40
-1286
4114
8606852
-13
-3
4
36
-1287
4113
8607877
1
-3
3
32
-1319
4098
8608902
14
-3
3
32
-1301
4098
8609927
12
-5
2
29
-1278
4110
8610952
-5
-4
0
43
-1274
4114
8611977
-10
-1
4
43
-1303
4108
8613002
5
-3
2
29
-1306
4100
8614027
10
-5
0
27
-1297
4112
8615052
4
-5
4
47
-1284
4110
8616077
-2
-4
5
43
-1268
4105
8617102
-7
-1
3
34
-1294
4109
8618127
-4
-3
3
28
-1311
4103
8610944
5
-5
2
35
-1302
4108
8611969
10
-5
2
41
-1279
4116
8612994
1
-4
3
44
-1270
4116
8614019
-6
-4
6
36
-1289
4109
8615044
-4
-3
4
34
-1308
4105
8616069
1
-5
4
35
-1313
4109
8617094
3
-7
4
29
-1282
4117
8618119
-3
-6
4
45
-1259
4112
8619144
-9
-1
5
46
-1282
4109
8620169
-9
-1
6
32
-1313
4104
8621194
3
-5
5
29
-1320
4108
8622219
17
-6
2
33
-1271
4108
8623244
3
-4
2
45
-1264
4111
8624269
-12
-3
6
43
-1275
4112
8625294
-15
-2
7
32
-1305
4117
8626319
4
-5
5
40
-1331
4096
8619269
25
-4
3
34
-1299
4100
8620294
19
-5
1
49
-1270
4126
8621319
-3
-5
3
36
-1260
4114
8622344
-19
-3
4
27
-1287
4106
8623369
-8
-2
3
35
-1336
4106
8624394
20
-5
3
34
-1301
4099
8625419
15
-7
5
45
-1262
4107
8626444
-3
-6
10
38
-1266
4125
8627469
-10
-5
8
42
-1292
4107
8628494
12
-5
7
39
-1319
4100
8629519
20
-6
4
40
-1272
4120
8630544
-2
-5
5
40
-1252
4121
8631569
-18
-2
5
37
-1282
4110
8632594
-14
-1
2
38
-1281
4118
8633619
-12
0
-2
39
-1284
4108
8634644
-17
2
-2
39
-1313
4109
8627328
-10
-1
0
27
-1312
4101
8628353
-1
-4
1
41
-1287
4094
8629378
8
-4
4
36
-1285
4114
8630403
7
-4
5
29
-1266
4114
8631428
-8
-4
7
41
-1286
4106
8632453
-13
-4
9
39
-1298
4109
8633478
-7
-4
8
33
-1286
4103
8634503
-5
-3
5
24
-1305
4104
8635528
4
-5
2
41
-1303
4115
8636553
2
-6
3
39
-1270
4114
8637578
-7
-4
4
46
-1268
4112
8638603
-17
-1
3
40
-1304
4106
8639628
-10
-2
2
29
-1317
4109
8640653
5
-5
1
34
-1292
4112
8641678
4
-6
3
40
-1268
4112
8642703
-14
-3
5
45
-1273
4107
8635520
-17
-2
6
38
-1314
4098
8636545
-3
-4
5
23
-1330
4103
8637570
8
-5
-2
38
-1288
4100
8638595
6
-5
2
33
-1271
4120
8639620
-5
-3
4
33
-1277
4121
8640645
-13
-3
5
36
-1298
4104
8641670
-9
-4
6
32
-1303
4105
8642695
0
-5
5
39
-1291
4115
8643720
-1
-4
4
28
-1279
4110
8644745
-9
-4
4
43
-1280
4106
8645770
-14
-3
7
45
-1304
4103
8646795
-8
-4
6
36
-1305
4101
8647820
-6
-6
6
32
-1303
4103
8648845
-2
-4
5
46
-1286
4105
8649870
-5
-4
7
35
-1287
4112
8650895
-6
-4
5
37
-1293
4116
8643711
-7
-4
4
31
-1296
4104
8644736
-3
-3
5
31
-1292
4106
8645761
-3
-4
8
39
-1292
4108
8646786
-6
-4
6
39
-1286
4100
8647811
-16
-3
2
44
-1321
4090
8648836
-7
-2
3
40
-1332
4104
8649861
5
-2
5
25
-1284
4112
8650886
-2
-3
3
42
-1281
4107
8651911
-10
-3
4
35
-1304
4104
8652936
-7
-5
5
30
-1298
4115
8653961
-8
-5
5
44
-1283
4106
8654986
-12
-4
8
49
-1298
4099
8656011
-9
-3
6
36
-1332
4104
8657036
4
-4
6
27
-1322
4104
8658061
10
-7
7
28
-1288
4112
8659086
5
-6
5
39
-1279
4114
8651904
-7
-4
5
43
-1305
4102
8652929
-4
-4
5
32
-1331
4096
8653954
6
-6
3
30
-1311
4109
8654979
3
-5
3
32
-1278
4108
8656004
1
-3
3
39
-1277
4107
8657029
-10
-3
3
43
-1304
4108
8658054
-10
-2
4
33
-1334
4109
8659079
5
-6
5
25
-1302
4107
8660104
5
-5
5
44
-1269
4112
8661129
-2
-3
6
55
-1300
4109
8662154
-5
-3
6
35
-1332
4105
8663179
1
-4
2
26
-1327
4091
8664204
12
-4
-1
31
-1301
4100
8665229
19
-6
1
41
-1282
4115
8666254
10
-5
2
35
-1264
4109
8667279
-6
-4
5
35
-1299
4110
8660096
-7
-4
5
40
-1313
4103
8661121
-1
-5
7
27
-1303
4102
8662146
6
-4
5
47
-1298
4098
8663171
4
-4
5
43
-1284
4107
8664196
1
-4
4
33
-1305
4094
8665221
5
-4
5
26
-1296
4104
8666246
1
-3
4
30
-1285
4122
8667271
-9
-4
6
39
-1287
4112
8668296
-11
-5
8
43
-1298
4106
8669321
-10
-4
5
38
-1294
4105
8670346
-8
-3
5
33
-1299
4102
8671371
1
-3
4
33
-1308
4109
8672396
0
-4
4
37
-1300
4106
8673421
-1
-6
4
30
-1293
4109
8674446
0
-4
4
31
-1280
4101
8675471
-3
-3
4
41
-1295
4108
8668288
-3
-4
7
37
-1309
4102
8669313
2
-4
5
32
-1300
4104
8670338
7
-3
3
27
-1297
4111
8671363
10
-5
2
32
-1296
4110
8672388
7
-5
4
42
-1275
4110
8673413
-5
-3
7
43
-1286
4106
8674438
-13
-3
6
30
-1302
4106
8675463
-9
-4
5
32
-1314
4103
8676488
5
-5
7
28
-1294
4112
8677513
6
-5
7
44
-1276
4111
8678538
-8
-4
6
42
-1298
4101
8679563
-10
-3
5
22
-1315
4106
8680588
0
-5
2
32
-1309
4097
8681613
13
-5
3
37
-1287
4107
8682638
11
-6
3
43
-1266
4114
8683663
-4
-3
5
37
-1277
4112
8676481
-11
-3
7
23
-1309
4103
8677506
-4
-4
5
35
-1313
4109
8678531
5
-5
3
38
-1282
4101
8679556
9
-4
2
40
-1293
4099
8680581
8
-4
3
37
-1300
4103
8681606
4
-4
0
27
-1297
4108
8682631
4
-4
1
27
-1283
4114
8683656
-3
-5
3
42
-1269
4113
8684681
-9
-4
6
43
-1282
4108
8685706
-7
-2
7
32
-1313
4110
8686731
-1
-4
6
28
-1311
4107
8687756
3
-5
4
35
-1280
4107
8688781
-1
-3
4
45
-1289
4107
8689806
-3
-3
3
41
-1297
4097
8690831
2
-4
3
24
-1306
4106
8691856
15
-6
2
30
-1297
4111
8684672
11
-5
3
41
-1282
4099
8685697
1
-4
3
40
-1286
4105
8686722
-5
-3
2
37
-1290
4130
8687747
-1
-2
3
34
-1302
4102
8688772
10
-4
4
25
-1296
4099
8689797
7
-3
2
41
-1287
4112
8690822
-1
-3
1
40
-1286
4111
8691847
-8
-4
0
36
-1278
4115
8692872
-13
-3
4
29
-1284
4108
8693897
-7
-3
4
41
-1286
4095
8694922
0
-1
4
35
-1315
4100
8695947
12
-4
2
35
-1301
4108
8696972
14
-7
1
30
-1268
4108
8697997
0
-6
3
43
-1258
4117
8699022
-9
-3
5
40
-1294
4113
8700047
-1
-1
5
36
-1309
4105
8693060
10
-5
6
32
-1302
4105
8694085
7
-6
3
42
-1276
4113
8695110
-3
-4
2
49
-1273
4114
8696135
-9
-1
2
32
-1294
4110
8697160
2
-3
3
26
-1314
4105
8698185
15
-5
5
36
-1290
4114
8699210
11
-5
4
44
-1275
4108
8700235
0
-2
1
44
-1277
4102
8701260
0
-4
1
34
-1289
4114
8702285
-4
-3
1
38
-1294
4118
8703310
3
-3
3
37
-1288
4109
8704335
10
-5
3
43
-1283
4110
8705360
2
-3
1
38
-1285
4105
8706385
1
-3
0
27
-1272
4111
8707410
-4
-4
3
32
-1262
4116
8708435
-10
-3
4
39
-1294
4116
8701056
0
-3
4
31
-1318
4102
8702081
14
-6
2
31
-1296
4105
8703106
11
-6
1
37
-1265
4112
8704131
-4
-4
3
40
-1266
4119
8705156
-14
-3
4
32
-1278
4114
8706181
-7
-2
4
28
-1302
4105
8707206
3
-3
4
39
-1278
4118
8708231
1
-5
7
38
-1265
4118
8709256
-10
-5
9
27
-1275
4110
8710281
-16
-3
6
30
-1309
4102
8711306
-2
-2
5
31
-1317
4106
8712331
14
-5
3
34
-1286
4112
8713356
11
-6
2
44
-1262
4115
8714381
-2
-4
4
36
-1270
4110
8715406
-7
-2
3
34
-1317
4105
8716431
4
-3
2
31
-1304
4102
8709248
13
-6
0
30
-1265
4117
8710273
6
-5
1
34
-1250
4123
8711298
-10
-3
7
43
-1291
4104
8712323
-11
-2
4
38
-1313
4105
8713348
-1
-5
0
38
-1306
4111
8714373
14
-5
2
31
-1271
4110
8715398
12
-4
4
42
-1253
4108
8716423
-5
-2
5
30
-1278
4110
8717448
-12
-3
3
29
-1295
4103
8718473
-5
-5
4
37
-1283
4115
8719498
-3
-5
5
44
-1270
4110
8720523
-4
-2
6
36
-1281
4109
8721548
-5
-3
5
33
-1294
4117
8722573
-5
-5
3
34
-1298
4113
8723598
0
-5
5
35
-1280
4108
8724623
3
-5
6
39
-1270
4117
8717441
-5
-4
7
43
-1282
4110
8718466
-5
-2
5
37
-1304
4103
8719491
2
-3
1
31
-1306
4110
8720516
10
-5
0
38
-1278
4108
8721541
6
-6
1
42
-1260
4119
8722566
-6
-5
4
41
-1281
4116
8723591
-4
-3
4
35
-1296
4100
8724616
2
-4
3
33
-1279
4113
8725641
4
-4
3
40
-1265
4118
8726666
-5
-4
6
34
-1281
4112
8727691
-8
-3
6
23
-1299
4103
8728716
-5
-4
2
30
-1292
4102
8729741
1
-4
2
32
-1285
4114
8730766
1
-4
3
35
-1266
4118
8731791
-3
-3
6
32
-1284
4109
8732816
-2
-4
4
25
-1294
4100
8725635
5
-4
3
30
-1284
4109
8726660
5
-5
4
32
-1258
4115
8727685
-8
-5
6
36
-1261
4112
8728710
-18
-2
7
39
-1279
4113
8729735
-19
-1
6
32
-1307
4107
8730760
-1
-4
3
30
-1309
4112
8731785
15
-7
1
33
-1284
4112
8732810
11
-4
0
37
-1262
4113
8733835
-3
-2
2
35
-1282
4115
8734860
0
-4
4
34
-1291
4111
8735885
2
-4
2
38
-1280
4109
8736910
5
-2
2
30
-1277
4119
8737935
3
-4
2
41
-1259
4112
8738960
-6
-3
5
40
-1272
4109
8739985
-7
-3
6
32
-1286
4112
8741010
-3
-3
7
27
-1295
4117
8733823
3
-3
3
33
-1285
4116
8734848
5
-4
1
40
-1279
4107
8735873
5
-5
3
35
-1284
4121
8736898
2
-5
3
30
-1275
4116
8737923
-5
-5
3
38
-1282
4103
8738948
-1
-3
4
37
-1290
4118
8739973
8
-3
3
27
-1282
4115
8740998
5
-5
2
41
-1262
4106
8742023
-4
-4
4
38
-1258
4122
8743048
-13
-2
5
35
-1287
4118
8744073
-11
-3
5
37
-1295
4102
8745098
0
-4
4
27
-1277
4121
8746123
0
-4
2
40
-1271
4122
8747148
-5
-4
5
36
-1278
4099
8748173
1
-4
5
25
-1293
4122
8749198
3
-4
1
42
-1297
4108
8742016
10
-4
1
37
-1279
4102
8743041
10
-4
2
34
-1264
4118
8744066
-4
-4
4
36
-1267
4106
8745091
-13
-4
6
38
-1297
4103
8746116
-1
-4
4
37
-1307
4120
8747141
4
-4
0
35
-1286
4109
8748166
6
-4
1
25
-1270
4100
8749191
6
-4
3
38
-1263
4123
8750216
-6
-4
6
40
-1268
4112
8751241
-10
-4
5
27
-1292
4103
8752266
-3
-4
4
39
-1303
4109
8753291
0
-3
3
33
-1273
4094
8754316
-2
-3
3
30
-1268
4115
8755341
-6
-4
3
39
-1287
4111
8756366
-1
-3
4
40
-1276
4104
8757391
0
-4
4
38
-1276
4113
8750208
-2
-3
5
39
-1284
4115
8751233
-5
-3
4
28
-1284
4106
8752258
-5
-4
3
32
-1295
4109
8753283
1
-4
3
43
-1306
4115
8754308
11
-6
2
25
-1284
4108
8755333
9
-5
1
30
-1269
4119
8756358
-1
-4
1
42
-1258
4123
8757383
-9
-4
3
37
-1264
4114
8758408
-12
-4
6
38
-1288
4111
8759433
-8
-4
8
34
-1289
4112
8760458
-3
-5
5
33
-1283
4108
8761483
-2
-3
6
40
-1290
4113
8762508
1
-5
5
31
-1269
4104
8763533
-6
-5
5
33
-1275
4115
8764558
-8
-3
6
37
-1293
4125
8765583
-2
-4
6
33
-1288
4117
8758433
2
-6
7
36
-1288
4113
8759458
2
-5
5
34
-1281
4117
8760483
1
-5
4
32
-1265
4110
8761508
-5
-4
4
37
-1277
4119
8762533
-8
-3
4
43
-1305
4108
8763558
5
-4
4
31
-1287
4107
8764583
5
-5
4
37
-1277
4119
8765608
-2
-5
5
38
-1266
4119
8766633
-8
-4
6
38
-1258
4118
8767658
-11
-3
4
35
-1300
4110
8768683
-2
-4
4
35
-1308
4101
8769708
5
-5
2
29
-1269
4116
8770733
-4
-3
-1
34
-1277
4116
8771758
-4
-3
1
36
-1283
4109
8772783
-2
-4
2
33
-1276
4114
8773808
0
-5
3
43
-1287
4113
8766593
4
-4
5
37
-1262
4116
8767618
-4
-4
5
43
-1270
4113
8768643
-14
-4
6
37
-1294
4117
8769668
-8
-4
8
28
-1286
4106
8770693
-2
-5
7
39
-1276
4108
8771718
-2
-5
9
46
-1277
4109
8772743
-9
-4
9
31
-1287
4110
8773768
-14
-5
7
38
-1299
4116
8774793
-7
-4
7
28
-1293
4119
8775818
-2
-4
7
25
-1269
4110
8776843
-5
-6
7
36
-1275
4109
8777868
-8
-4
8
39
-1285
4113
8778893
-12
-4
7
32
-1288
4106
8779918
-12
-3
7
34
-1295
4103
8780943
0
-5
6
35
-1293
4108
8781968
5
-6
4
39
-1287
4103
8774784
-1
-6
7
37
-1265
4108
8775809
-13
-3
6
38
-1290
4114
8776834
-11
-2
4
34
-1310
4109
8777859
1
-5
3
37
-1298
4112
8778884
9
-7
5
43
-1285
4114
8779909
3
-3
4
38
-1265
4116
8780934
-6
-2
4
26
-1279
4117
8781959
-7
-4
2
28
-1295
4102
8782984
4
-6
4
41
-1296
4107
8784009
9
-4
4
37
-1284
4116
8785034
5
-4
4
36
-1272
4112
8786059
-4
-3
2
32
-1287
4107
8787084
-1
-3
3
26
-1308
4112
8788109
8
-3
2
34
-1289
4111
8789134
8
-5
3
28
-1271
4104
8790159
-1
-4
6
28
-1261
4114
8782975
-11
-3
5
37
-1287
4113
8784000
-11
-3
5
34
-1299
4112
8785025
-1
-4
5
33
-1292
4112
8786050
7
-4
5
35
-1277
4111
8787075
-3
-4
5
32
-1279
4112
8788100
-6
-3
5
31
-1290
4119
8789125
-3
-3
4
37
-1301
4106
8790150
9
-5
3
36
-1289
4102
8791175
7
-3
3
31
-1271
4112
8792200
-4
-3
4
42
-1268
4117
8793225
-9
-4
4
38
-1284
4112
8794250
-2
-4
5
33
-1296
4104
8795275
3
-4
5
36
-1283
4108
8796300
-4
-3
6
37
-1271
4109
8797325
-11
-3
3
34
-1286
4112
8798350
-8
-4
4
32
-1307
4106
8791169
2
-4
5
30
-1281
4108
8792194
-1
-4
5
38
-1272
4111
8793219
-8
-3
5
40
-1290
4116
8794244
-2
-4
4
23
-1304
4111
8795269
4
-5
1
32
-1294
4105
8796294
3
-4
2
40
-1277
4114
8797319
1
-4
3
36
-1294
4121
8798344
1
-4
4
28
-1293
4114
8799369
5
-4
3
30
-1294
4107
8800394
4
-4
4
33
-1278
4109
8801419
-2
-5
3
42
-1265
4120
8802444
-5
-3
2
46
-1289
4117
8803469
2
-3
2
35
-1304
4112
8804494
8
-4
3
32
-1285
4107
8805519
4
-5
2
32
-1270
4122
8806544
-1
-4
4
35
-1278
4107
8799360
-2
-3
5
33
-1283
4108
8800385
-5
-3
5
35
-1291
4116
8801410
0
-4
5
32
-1278
4111
8802435
1
-4
5
31
-1268
4112
8803460
-2
-4
4
43
-1275
4118
8804485
-5
-4
5
36
-1304
4105
8805510
3
-5
5
34
-1283
4109
8806535
1
-4
4
38
-1273
4110
8807560
2
-2
5
34
-1282
4107
8808585
3
-4
4
35
-1284
4112
8809610
-1
-5
3
37
-1284
4110
8810635
-1
-5
4
37
-1283
4116
8811660
0
-3
3
35
-1280
4107
8812685
1
-3
4
32
-1282
4109
8813710
-2
-2
4
30
-1274
4108
8814735
-4
-4
3
39
-1279
4117
8807552
-5
-4
5
30
-1284
4108
8808577
-1
-4
5
27
-1281
4112
8809602
-1
-2
3
39
-1288
4106
8810627
1
-4
5
30
-1281
4108
8811652
-2
-5
5
36
-1274
4108
8812677
-2
-4
4
36
-1293
4109
8813702
3
-5
4
26
-1278
4115
8814727
-3
-4
3
35
-1267
4117
8815752
-4
-4
2
41
-1292
4110
8816777
4
-5
4
34
-1290
4113
8817802
3
-4
4
24
-1280
4109
8818827
0
-3
3
31
-1281
4109
8819852
0
-5
3
37
-1277
4117
8820877
1
-3
2
35
-1292
4114
8821902
5
-3
2
32
-1289
4111
8822927
5
-5
2
36
-1270
4118
8815744
-2
-5
6
35
-1267
4121
8816769
-8
-4
6
25
-1277
4109
8817794
-8
-3
3
33
-1289
4110
8818819
-3
-2
2
37
-1280
4106
8819844
2
-3
4
32
-1282
4111
8820869
-1
-5
5
34
-1275
4119
8821894
-8
-4
5
41
-1274
4112
8822919
-7
-4
6
34
-1297
4106
8823944
-3
-3
6
30
-1290
4113
8824969
-2
-4
4
35
-1281
4110
8825994
3
-4
5
28
-1276
4118
8827019
-2
-4
4
39
-1281
4116
8828044
-8
-4
3
44
-1281
4104
8829069
-5
-4
3
25
-1289
4118
8830094
3
-4
1
34
-1294
4107
8831119
14
-5
1
38
-1266
4105
8823935
6
-5
3
38
-1252
4120
8824960
-13
-3
4
42
-1269
4116
8825985
-18
-2
7
33
-1295
4103
8827010
-1
-3
4
22
-1310
4100
8828035
15
-4
3
37
-1290
4106
8829060
13
-5
2
40
-1253
4121
8830085
-7
-5
3
36
-1259
4115
8831110
-13
-3
3
34
-1293
4103
8832135
-2
-3
4
29
-1299
4109
8833160
14
-4
2
35
-1282
4115
8834185
10
-7
4
36
-1255
4112
8835210
-5
-3
4
41
-1275
4102
8836235
-8
-2
3
36
-1286
4105
8837260
-8
-3
4
28
-1279
4121
8838285
-4
-4
5
39
-1295
4105
8839310
5
-4
4
37
-1277
4104
8832214
-2
-4
2
36
-1271
4111
8833239
-10
-4
2
32
-1289
4109
8834264
-10
-3
2
29
-1285
4106
8835289
1
-4
2
30
-1292
4107
8836314
11
-4
0
36
-1288
4105
8837339
9
-4
1
36
-1265
4107
8838364
-4
-3
0
38
-1263
4107
8839389
-12
-3
4
28
-1280
4119
8840414
-8
-4
6
29
-1290
4106
8841439
3
-4
6
34
-1298
4103
8842464
11
-4
5
33
-1280
4107
8843489
7
-5
4
38
-1257
4113
8844514
-7
-4
4
43
-1257
4116
8845539
-13
-4
6
31
-1280
4112
8846564
-6
-2
5
31
-1309
4111
8847589
9
-4
2
36
-1312
4104
8840321
15
-5
-1
29
-1283
4111
8841346
12
-6
-1
36
-1261
4117
8842371
2
-4
0
37
-1246
4120
8843396
-4
-2
3
37
-1266
4118
8844421
1
-4
2
30
-1295
4109
8845446
3
-4
2
33
-1273
4113
8846471
0
-5
3
31
-1268
4111
8847496
-3
-4
2
37
-1270
4123
8848521
-10
-4
4
53
-1283
4109
8849546
-5
-2
5
36
-1302
4109
8850571
11
-3
2
35
-1296
4112
8851596
16
-6
-1
40
-1264
4110
8852621
8
-6
2
36
-1248
4122
8853646
-6
-4
2
39
-1268
4122
8854671
-9
-2
1
35
-1298
4105
8855696
11
-2
0
22
-1293
4116
8848511
18
-5
0
34
-1264
4111
8849536
11
-7
1
43
-1252
4112
8850561
1
-5
4
43
-1253
4115
8851586
-3
-2
3
32
-1266
4116
8852611
2
-3
3
33
-1291
4107
8853636
13
-5
4
32
-1278
4107
8854661
7
-5
4
29
-1248
4120
8855686
-7
-2
4
42
-1266
4116
8856711
-6
-2
0
35
-1288
4105
8857736
5
-3
-2
38
-1282
4110
8858761
13
-3
-1
28
-1265
4123
8859786
11
-4
1
35
-1245
4119
8860811
-2
-4
4
42
-1243
4107
8861836
-12
-1
4
31
-1273
4116
8862861
-8
-3
4
37
-1291
4116
8863886
3
-5
6
36
-1265
4108
8856704
3
-4
7
37
-1238
4114
8857729
-9
-4
7
45
-1262
4119
8858754
-14
-3
5
32
-1286
4108
8859779
-7
-4
3
32
-1286
4107
8860804
-1
-5
2
38
-1270
4112
8861829
6
-4
4
36
-1249
4118
8862854
-2
-3
6
36
-1247
4120
8863879
-13
-3
7
39
-1286
4107
8864904
-5
-4
6
29
-1285
4100
8865929
2
-5
5
33
-1270
4120
8866954
3
-5
4
44
-1269
4113
8867979
1
-5
6
30
-1264
4107
8869004
-2
-3
4
32
-1268
4108
8870029
-8
-4
4
31
-1283
4111
8871054
1
-4
4
31
-1279
4118
8872079
6
-4
3
38
-1269
4108
8864896
7
-4
4
35
-1260
4115
8865921
-2
-4
3
46
-1272
4115
8866946
-5
-4
4
33
-1268
4107
8867971
2
-4
4
26
-1255
4113
8868996
6
-5
7
37
-1267
4112
8870021
7
-6
7
34
-1260
4116
8871046
-2
-3
4
38
-1253
4112
8872071
-10
-2
3
36
-1285
4109
8873096
-2
-3
4
36
-1268
4113
8874121
0
-4
7
30
-1256
4118
8875146
-9
-4
6
33
-1255
4111
8876171
-19
-2
4
38
-1269
4113
8877196
-24
-1
2
35
-1291
4108
8878221
-17
-1
1
35
-1291
4107
8879246
-5
-3
3
28
-1277
4114
8880271
0
-5
2
46
-1275
4114
8873087
4
-5
6
37
-1276
4109
8874112
5
-5
7
24
-1275
4119
8875137
4
-5
7
39
-1271
4110
8876162
6
-5
7
41
-1271
4110
8877187
8
-4
5
28
-1277
4108
8878212
3
-4
2
31
-1287
4111
8879237
11
-5
2
39
-1276
4112
8880262
12
-6
2
44
-1240
4124
8881287
1
-3
5
30
-1243
4117
8882312
-10
-2
5
36
-1248
4118
8883337
-21
-1
4
37
-1271
4111
8884362
-22
0
3
26
-1296
4102
8885387
-8
-2
5
31
-1280
4107
8886412
-10
-4
2
37
-1256
4112
8887437
-15
-3
2
35
-1287
4105
8888462
-8
-2
3
28
-1303
4105
8881280
3
-2
3
25
-1281
4109
8882305
4
-4
4
40
-1265
4110
8883330
-1
-5
4
40
-1267
4106
8884355
-10
-5
4
37
-1276
4114
8885380
-3
-3
5
35
-1298
4109
8886405
9
-5
5
27
-1269
4107
8887430
6
-5
6
33
-1253
4111
8888455
-10
-4
4
48
-1271
4113
8889480
-9
-3
2
37
-1285
4109
8890505
-2
-1
-3
27
-1267
4104
8891530
-2
-2
1
23
-1295
4107
8892555
-2
-6
1
34
-1277
4116
8893580
-8
-4
2
41
-1268
4111
8894605
-7
-1
4
38
-1266
4108
8895630
-6
-3
5
33
-1267
4112
8896655
-17
-3
6
30
-1283
4113
8889472
-16
-2
6
29
-1298
4105
8890497
-3
-4
4
36
-1284
4100
8891522
3
-3
4
30
-1285
4116
8892547
0
-4
4
36
-1286
4112
8893572
-2
-5
6
33
-1265
4104
8894597
-3
-2
4
37
-1272
4111
8895622
-4
-2
4
35
-1298
4112
8896647
4
-4
3
25
-1304
4109
8897672
11
-5
1
37
-1282
4113
8898697
7
-4
2
36
-1262
4112
8899722
2
-4
3
34
-1254
4106
8900747
0
-4
5
35
-1267
4113
8901772
-1
-4
5
28
-1287
4113
8902797
1
-5
5
32
-1282
4107
8903822
4
-5
4
37
-1278
4113
8904847
2
-4
4
41
-1268
4112
8897664
-3
-3
4
40
-1262
4110
8898689
-8
-2
4
32
-1276
4113
8899714
-5
-3
4
35
-1287
4107
8900739
5
-5
4
33
-1285
4106
8901764
9
-4
2
30
-1266
4114
8902789
-1
-4
2
38
-1266
4112
8903814
-1
-4
3
40
-1265
4109
8904839
-4
-4
6
29
-1280
4109
8905864
-3
-4
5
40
-1299
4104
8906889
5
-3
5
33
-1288
4104
8907914
5
-3
-1
34
-1289
4103
8908939
10
-5
-2
40
-1271
4103
8909964
9
-3
1
42
-1251
4123
8910989
1
-3
5
38
-1255
4117
8912014
-7
-1
5
37
-1281
4103
8913039
-7
-3
4
31
-1307
4105
8905857
5
-5
2
36
-1280
4119
8906882
16
-6
4
44
-1247
4118
8907907
5
-4
5
37
-1244
4121
8908932
-11
-2
5
33
-1281
4117
8909957
-5
-3
5
29
-1293
4112
8910982
-1
-5
4
35
-1270
4120
8912007
0
-4
3
39
-1271
4112
8913032
11
-4
1
36
-1286
4104
8914057
12
-4
-1
34
-1282
4118
8915082
10
-5
-1
37
-1266
4123
8916107
2
-4
-1
44
-1236
4118
8917132
-7
-2
2
42
-1262
4113
8918157
5
-2
5
32
-1290
4112
8919182
8
-5
3
34
-1268
4111
8920207
-1
-5
1
45
-1247
4117
8921232
-8
-3
3
33
-1245
4119
8914048
-11
-3
7
21
-1269
4123
8915073
-4
-5
10
30
-1274
4112
8916098
-6
-6
14
33
-1261
4110
8917123
-14
-6
15
30
-1260
4122
8918148
-21
-6
16
43
-1256
4115
8919173
-16
-3
16
50
-1324
4104
8920198
0
-3
6
34
-1355
4095
8921223
27
-6
-4
7
-1296
4101
8922248
36
-8
-6
27
-1192
4135
8923273
3
-4
-4
67
-1199
4130
8924298
-21
1
2
34
-1268
4122
8925323
-8
-2
5
17
-1301
4101
8926348
9
-6
8
50
-1280
4103
8927373
12
-5
10
38
-1239
4116
8928398
-2
-1
5
23
-1272
4120
8929423
4
-2
4
33
-1296
4108
8922240
13
-6
4
38
-1261
4110
8923265
6
-4
0
42
-1263
4110
8924290
2
-2
0
25
-1259
4119
8925315
4
-4
5
37
-1250
4120
8926340
-2
-4
8
45
-1240
4119
8927365
-11
-1
8
24
-1286
4107
8928390
-1
-3
7
24
-1274
4116
8929415
4
-6
10
34
-1242
4116
8930440
-2
-5
13
42
-1251
4107
8931465
-20
-2
12
26
-1292
4112
8932490
-17
-4
7
27
-1300
4108
8933515
-1
-7
5
44
-1255
4116
8934540
3
-5
6
57
-1268
4112
8935565
2
-2
2
30
-1273
4096
8936590
2
-3
1
11
-1281
4125
8937615
3
-7
0
44
-1244
4139
8930432
-5
-4
3
46
-1217
4105
8931457
-15
-2
6
19
-1282
4106
8932482
-7
-4
6
30
-1297
4123
8933507
-2
-6
6
39
-1248
4116
8934532
-13
-3
4
54
-1250
4110
8935557
-8
1
3
34
-1327
4104
8936582
18
-4
0
9
-1294
4112
8937607
22
-8
1
37
-1204
4134
8938632
-11
-3
5
53
-1190
4122
8939657
-39
2
9
32
-1297
4097
8940682
-19
1
4
18
-1368
4099
8941707
21
-5
-4
41
-1322
4103
8942732
39
-8
-3
45
-1229
4116
8943757
17
-4
-5
34
-1211
4133
8944782
-5
-2
2
20
-1240
4125
8945807
-11
-3
7
30
-1263
4113
8938623
-17
-3
4
47
-1308
4100
8939648
2
-3
0
23
-1311
4098
8940673
26
-6
1
11
-1232
4128
8941698
4
-6
7
51
-1194
4138
8942723
-25
-2
12
50
-1251
4109
8943748
-28
-2
10
14
-1328
4106
8944773
2
-6
7
23
-1327
4111
8945798
24
-8
4
48
-1226
4120
8946823
4
-7
6
48
-1230
4125
8947848
-13
-5
6
29
-1261
4117
8948873
-10
-5
7
31
-1277
4104
8949898
-4
-5
7
41
-1270
4118
8950923
-12
-2
3
41
-1281
4100
8951948
-2
-2
0
28
-1293
4104
8952973
12
-5
0
25
-1268
4117
8953998
12
-6
3
52
-1225
4123
8946816
-7
-3
6
41
-1234
4120
8947841
-20
-2
5
27
-1293
4109
8948866
-9
-3
4
21
-1309
4117
8949891
10
-6
2
31
-1269
4120
8950916
6
-5
3
47
-1253
4108
8951941
-2
-1
2
28
-1289
4105
8952966
10
-3
-2
18
-1278
4108
8953991
16
-5
1
34
-1235
4119
8955016
1
-4
7
46
-1219
4114
8956041
-16
-3
9
44
-1270
4114
8957066
-13
-1
3
18
-1316
4092
8958091
9
-6
0
30
-1290
4113
8959116
12
-7
4
46
-1234
4127
8960141
-6
-3
4
39
-1227
4119
8961166
-18
-1
4
30
-1271
4121
8962191
-11
-3
5
31
-1290
4118
8955008
-3
-5
6
32
-1262
4112
8956033
-8
-4
5
47
-1272
4101
8957058
-5
-2
3
30
-1283
4113
8958083
1
-4
4
27
-1275
4125
8959108
-1
-5
7
31
-1266
4130
8960133
-6
-6
7
47
-1257
4109
8961158
0
-3
9
39
-1288
4105
8962183
8
-3
7
31
-1267
4118
8963208
-1
-4
3
38
-1277
4111
8964233
0
-3
-2
40
-1289
4105
8965258
9
-3
-4
31
-1277
4109
8966283
20
-5
-1
24
-1216
4137
8967308
-5
-5
3
44
-1173
4134
8968333
-40
-1
13
45
-1267
4120
8969358
-41
-1
13
40
-1323
4091
8970383
-15
-1
7
19
-1336
4095
8963199
13
-6
-2
27
-1314
4104
8964224
22
-7
-8
35
-1246
4115
8965249
6
-4
-9
43
-1234
4116
8966274
0
-1
-4
15
-1267
4118
8967299
8
-5
4
25
-1254
4127
8968324
-7
-6
9
57
-1242
4115
8969349
-21
-4
12
43
-1288
4113
8970374
-13
-3
4
49
-1347
4100
8971399
25
-3
0
11
-1304
4114
8972424
44
-7
-2
31
-1211
4138
8973449
12
-7
7
59
-1197
4127
8974474
-25
-2
13
38
-1248
4110
8975499
-37
1
5
28
-1331
4092
8976524
0
-3
1
16
-1324
4113
8977549
26
-7
-1
45
-1248
4116
8978574
6
-5
0
40
-1210
4125
8971392
-18
-3
3
33
-1275
4113
8972417
-2
-4
6
25
-1303
4115
8973442
21
-8
7
29
-1247
4134
8974467
10
-7
9
35
-1213
4119
8975492
-17
-4
9
45
-1259
4105
8976517
-18
-3
8
32
-1312
4107
8977542
1
-6
6
27
-1291
4115
8978567
8
-6
5
39
-1264
4112
8979592
10
-5
1
42
-1267
4108
8980617
4
-3
-3
26
-1273
4118
8981642
1
-4
-1
25
-1260
4126
8982667
1
-5
4
37
-1228
4125
8983692
-3
-3
8
35
-1245
4117
8984717
-7
-2
8
26
-1284
4114
8985742
-2
-4
6
30
-1291
4107
8986767
5
-5
4
37
-1264
4111
8979584
2
-4
3
33
-1262
4119
8980609
0
-4
1
39
-1281
4117
8981634
9
-5
1
34
-1279
4109
8982659
15
-5
0
28
-1250
4116
8983684
8
-4
3
38
-1227
4123
8984709
-4
-5
6
31
-1238
4123
8985734
-13
-4
6
34
-1285
4105
8986759
3
-4
4
33
-1275
4112
8987784
10
-4
5
38
-1249
4117
8988809
1
-3
6
38
-1242
4116
8989834
-8
-2
6
32
-1270
4114
8990859
-3
-3
4
22
-1281
4122
8991884
8
-5
3
34
-1261
4112
8992909
3
-6
5
37
-1229
4121
8993934
-13
-3
5
37
-1257
4121
8994959
-12
-2
5
26
-1276
4108
8987775
4
-4
6
20
-1272
4113
8988800
4
-6
4
37
-1243
4125
8989825
-9
-4
6
31
-1252
4121
8990850
-9
-4
4
36
-1278
4105
8991875
5
-5
4
29
-1267
4108
8992900
6
-5
4
33
-1254
4113
8993925
6
-4
6
35
-1260
4114
8994950
0
-4
4
31
-1261
4110
8995975
1
-4
3
29
-1262
4121
8997000
6
-5
5
44
-1251
4125
8998025
2
-5
8
38
-1238
4124
8999050
-10
-3
7
35
-1260
4113
9000075
-8
-4
5
29
-1274
4115
9001100
-5
-5
6
20
-1250
4121
9002125
-6
-4
7
39
-1252
4110
9003150
-8
-4
6
47
-1276
4115
8995968
-7
-3
5
31
-1278
4109
8996993
-7
-4
4
27
-1250
4121
8998018
-9
-4
5
42
-1258
4114
8999043
-10
-4
8
35
-1265
4114
9000068
-11
-4
7
26
-1285
4119
9001093
-5
-5
4
29
-1279
4104
9002118
3
-4
4
25
-1258
4114
9003143
2
-5
5
39
-1260
4121
9004168
-1
-5
7
51
-1259
4120
9005193
-3
-5
5
33
-1268
4104
9006218
-2
-4
3
23
-1273
4107
9007243
4
-4
2
31
-1270
4115
9008268
-1
-3
3
39
-1252
4121
9009293
-4
-4
3
35
-1253
4111
9010318
-5
-4
3
34
-1254
4117
9011343
-11
-4
5
33
-1258
4119
9004160
-18
-4
7
38
-1264
4113
9005185
-15
-4
7
37
-1282
4110
9006210
-3
-3
6
34
-1283
4115
9007235
1
-3
4
27
-1273
4106
9008260
2
-6
3
32
-1255
4123
9009285
-7
-5
4
44
-1237
4115
9010310
-17
-4
6
49
-1274
4099
9011335
-13
-3
4
21
-1292
4105
9012360
-2
-5
3
26
-1285
4113
9013385
2
-5
3
40
-1247
4107
9014410
-8
-5
6
39
-1242
4114
9015435
-21
-3
6
32
-1270
4104
9016460
-20
-1
4
24
-1293
4107
9017485
-4
-4
5
33
-1298
4108
9018510
4
-6
5
33
-1281
4105
9019535
1
-5
3
41
-1256
4107
9012353
-1
-4
3
40
-1266
4110
9013378
-3
-4
5
32
-1269
4112
9014403
-6
-4
7
35
-1265
4112
9015428
-9
-4
6
34
-1272
4108
9016453
-11
-4
4
44
-1302
4098
9017478
6
-4
2
30
-1296
4111
9018503
11
-5
2
27
-1262
4115
9019528
4
-4
4
37
-1253
4113
9020553
-6
-3
3
52
-1271
4114
9021578
-7
-3
2
38
-1286
4107
9022603
-1
-3
1
29
-1284
4101
9023628
9
-4
2
30
-1283
4111
9024653
8
-4
0
34
-1259
4116
9025678
1
-5
2
33
-1252
4118
9026703
-5
-5
7
40
-1254
4123
9027728
-13
-3
8
46
-1271
4106
9020545
-12
-2
7
40
-1291
4106
9021570
2
-4
5
32
-1285
4109
9022595
7
-5
3
41
-1263
4110
9023620
-2
-2
5
40
-1257
4112
9024645
-10
-2
6
36
-1281
4105
9025670
-6
-5
6
22
-1288
4111
9026695
2
-6
6
34
-1276
4110
9027720
3
-5
4
39
-1269
4112
9028745
1
-3
5
34
-1271
4111
9029770
-5
-4
6
19
-1273
4114
9030795
-14
-4
7
35
-1266
4111
9031820
-22
-4
7
39
-1259
4112
9032845
-25
-4
6
39
-1281
4105
9033870
-12
-2
5
32
-1315
4101
9034895
15
-5
4
25
-1291
4099
9035920
15
-6
2
26
-1258
4120
9028735
10
-3
3
46
-1276
4108
9029760
22
-3
2
30
-1274
4108
9030785
12
-4
2
28
-1269
4116
9031810
4
-6
2
38
-1267
4105
9032835
11
-4
5
33
-1264
4115
9033860
9
-4
5
41
-1270
4116
9034885
-1
-3
6
38
-1268
4111
9035910
-1
-5
5
26
-1270
4118
9036935
-1
-5
3
33
-1274
4114
9037960
7
-3
5
37
-1265
4105
9038985
3
-5
5
42
-1262
4103
9040010
-7
-4
6
40
-1279
4113
9041035
-9
-3
2
24
-1282
4111
9042060
6
-5
2
34
-1283
4110
9043085
14
-5
3
38
-1253
4110
9044110
1
-3
4
47
-1228
4111
9036928
-18
-2
4
40
-1267
4111
9037953
-16
-3
3
19
-1307
4103
9038978
7
-3
1
29
-1289
4107
9040003
21
-5
2
40
-1254
4115
9041028
5
-5
5
40
-1240
4115
9042053
-9
-4
6
28
-1267
4106
9043078
-8
-2
6
22
-1288
4106
9044103
4
-4
5
34
-1273
4115
9045128
8
-5
4
43
-1275
4115
9046153
7
-4
2
37
-1274
4107
9047178
6
-4
3
28
-1242
4114
9048203
-4
-4
3
25
-1236
4119
9049228
-16
-3
4
46
-1251
4119
9050253
-19
-2
5
34
-1287
4103
9051278
-4
-3
4
36
-1310
4104
9052303
12
-6
6
27
-1269
4115
9045159
6
-7
5
32
-1236
4122
9046184
-13
-3
5
45
-1256
4112
9047209
-17
-1
5
41
-1294
4110
9048234
0
-3
4
26
-1302
4113
9049259
16
-5
2
19
-1280
4105
9050284
14
-6
4
37
-1249
4117
9051309
-1
-4
3
46
-1252
4121
9052334
-11
-2
2
36
-1275
4114
9053359
-1
-3
4
22
-1278
4111
9054384
10
-5
3
23
-1263
4121
9055409
6
-5
5
45
-1253
4112
9056434
-5
-2
4
39
-1271
4112
9057459
-7
-2
1
32
-1300
4109
9058484
10
-5
1
27
-1269
4119
9059509
16
-6
2
27
-1231
4130
9060534
1
-4
5
41
-1239
4119
9053312
-15
-2
8
38
-1273
4112
9054337
-13
-2
6
29
-1289
4117
9055362
-4
-5
3
32
-1284
4106
9056387
9
-5
3
34
-1261
4118
9057412
5
-5
5
42
-1250
4125
9058437
-7
-4
6
39
-1260
4107
9059462
-10
-1
5
26
-1288
4105
9060487
-1
-4
3
30
-1283
4117
9061512
9
-4
4
37
-1260
4115
9062537
5
-2
4
41
-1256
4107
9063562
-1
-3
2
38
-1279
4112
9064587
1
-5
1
29
-1276
4117
9065612
2
-6
1
33
-1247
4119
9066637
0
-4
3
46
-1240
4117
9067662
2
-2
4
35
-1264
4113
9068687
2
-4
4
28
-1273
4115
9061505
-1
-5
3
25
-1258
4118
9062530
-5
-4
2
35
-1259
4110
9063555
-3
-3
4
39
-1280
4112
9064580
9
-5
4
36
-1262
4113
9065605
3
-4
3
33
-1246
4118
9066630
-7
-4
6
41
-1260
4120
9067655
-15
-4
6
36
-1275
4110
9068680
-9
-3
4
30
-1281
4110
9069705
5
-4
1
34
-1279
4121
9070730
6
-4
2
39
-1268
4120
9071755
3
-5
2
32
-1258
4116
9072780
-4
-5
3
35
-1252
4115
9073805
-4
-4
6
42
-1284
4120
9074830
13
-5
4
35
-1278
4110
9075855
15
-4
1
27
-1254
4114
9076880
6
-5
3
37
-1259
4129
9069696
-4
-5
2
33
-1243
4120
9070721
-13
-4
6
35
-1277
4113
9071746
0
-3
4
27
-1288
4105
9072771
15
-5
2
38
-1261
4111
9073796
11
-5
3
33
-1226
4112
9074821
-8
-4
4
37
-1239
4117
9075846
-15
-2
5
31
-1274
4115
9076871
-4
-2
4
33
-1288
4122
9077896
15
-4
3
31
-1276
4112
9078921
14
-5
4
36
-1235
4107
9079946
-4
-5
4
35
-1242
4125
9080971
-17
-3
4
33
-1270
4117
9081996
-13
-2
3
30
-1295
4096
9083021
8
-3
1
34
-1288
4108
9084046
23
-5
-1
36
-1250
4122
9085071
11
-4
3
35
-1219
4129
9077887
-12
-3
4
33
-1235
4126
9078912
-23
-3
5
39
-1281
4108
9079937
-3
-4
4
33
-1290
4107
9080962
14
-5
4
29
-1258
4126
9081987
5
-5
4
32
-1230
4121
9083012
-15
-3
5
39
-1241
4120
9084037
-22
-2
6
31
-1278
4110
9085062
-7
-2
5
31
-1300
4106
9086087
9
-3
2
31
-1272
4113
9087112
11
-5
2
37
-1242
4120
9088137
0
-6
4
35
-1226
4121
9089162
-15
-3
6
35
-1267
4131
9090187
-15
-3
4
36
-1288
4108
9091212
1
-4
4
28
-1280
4108
9092237
4
-5
2
23
-1249
4121
9093262
-5
-4
2
35
-1243
4117
9086080
-6
-2
5
37
-1267
4113
9087105
7
-3
4
33
-1283
4115
9088130
9
-3
2
32
-1262
4106
9089155
7
-3
3
34
-1244
4119
9090180
-1
-4
5
32
-1227
4122
9091205
-13
-2
6
33
-1248
4115
9092230
-12
-2
7
26
-1264
4125
9093255
-9
-3
8
38
-1253
4118
9094280
-19
-2
9
33
-1257
4116
9095305
-21
-2
9
30
-1274
4113
9096330
-21
-3
7
43
-1252
4104
9097355
-48
1
-1
36
-1248
4105
9098380
-68
5
-12
57
-1347
4098
9099405
-42
0
-13
65
-1389
4049
9100430
5
-1
-13
-85
-1270
4126
9101455
-4
-9
-33
-8
-1158
4159
9094272
-57
-1
-36
65
-1255
4131
9095297
-44
2
-19
65
-1376
4095
9096322
10
-5
-5
51
-1293
4111
9097347
10
-5
5
58
-1248
4119
9098372
-10
-3
9
26
-1234
4115
9099397
-32
-1
6
0
-1324
4104
9100422
-20
-4
1
26
-1358
4097
9101447
8
-7
0
63
-1298
4100
9102472
18
-5
5
65
-1249
4127
9103497
4
-2
9
37
-1234
4118
9104522
-13
-1
10
49
-1295
4105
9105547
-9
2
3
47
-1345
4089
9106572
8
2
-7
26
-1330
4083
9107597
29
-2
-5
1
-1301
4107
9108622
40
-8
-1
34
-1236
4130
9109647
12
-6
3
69
-1214
4120
9102464
-20
1
7
52
-1304
4090
9103489
-5
0
9
-12
-1357
4102
9104514
28
-10
4
21
-1320
4112
9105539
38
-12
4
63
-1246
4111
9106564
19
-5
6
44
-1216
4124
9107589
-6
-4
13
34
-1245
4110
9108614
-17
-3
6
56
-1300
4117
9109639
-8
-1
0
54
-1341
4099
9110664
15
-2
-3
6
-1303
4101
9111689
18
-5
-8
16
-1230
4126
9112714
-8
-4
-8
77
-1197
4124
9113739
-30
1
1
51
-1238
4117
9114764
-43
4
4
13
-1264
4107
9115789
-47
1
5
9
-1296
4105
9116814
-34
-1
7
33
-1316
4103
9117839
-15
-3
13
33
-1314
4097
9110656
2
-4
15
2
-1286
4114
9111681
-7
-6
7
38
-1258
4110
9112706
-26
-1
5
30
-1292
4107
9113731
-19
-3
6
43
-1339
4098
9114756
0
-5
5
44
-1334
4096
9115781
11
-4
1
56
-1295
4102
9116806
4
-1
0
30
-1277
4105
9117831
5
-2
2
6
-1276
4107
9118856
6
-4
4
-1
-1253
4124
9119881
-11
-5
5
56
-1301
4109
9120906
-10
-3
8
53
-1297
4094
9121931
-10
-2
4
31
-1290
4100
9122956
-12
-2
-1
18
-1289
4113
9123981
-18
-3
0
42
-1295
4116
9125006
-12
-2
6
34
-1300
4098
9126031
-1
-3
8
27
-1288
4104
9118848
-4
-4
6
38
-1283
4108
9119873
-16
-2
2
41
-1300
4106
9120898
-7
0
3
37
-1339
4097
9121923
14
-3
6
7
-1304
4098
9122948
17
-6
4
9
-1260
4112
9123973
0
-5
2
45
-1284
4110
9124998
-2
-3
4
43
-1327
4093
9126023
14
-4
7
16
-1327
4105
9127048
28
-6
6
24
-1276
4106
9128073
16
-7
4
37
-1256
4109
9129098
3
-6
7
44
-1285
4109
9130123
4
-5
7
28
-1298
4109
9131148
6
-6
3
28
-1284
4106
9132173
6
-6
7
25
-1267
4112
9133198
-5
-5
10
32
-1250
4119
9134223
-18
-5
11
43
-1282
4104
9127040
-16
-3
10
46
-1314
4102
9128065
-4
-3
6
27
-1313
4110
9129090
3
-5
3
33
-1287
4105
9130115
2
-4
4
31
-1277
4123
9131140
-11
-3
4
36
-1266
4117
9132165
-18
-2
5
32
-1280
4114
9133190
-18
-1
1
53
-1323
4100
9134215
-9
0
-1
24
-1333
4088
9135240
10
-4
-4
7
-1275
4102
9136265
3
-3
-4
10
-1247
4113
9137290
-13
-3
-1
33
-1290
4112
9138315
-17
-4
0
32
-1328
4100
9139340
-3
-6
2
20
-1327
4095
9140365
14
-11
5
22
-1285
4106
9141390
10
-10
8
35
-1267
4120
9142415
2
-8
9
45
-1290
4114
9135232
2
-8
7
57
-1325
4095
9136257
15
-8
6
52
-1326
4094
9137282
34
-9
6
30
-1285
4115
9138307
34
-9
4
46
-1259
4119
9139332
19
-6
4
46
-1257
4115
9140357
8
-4
2
44
-1297
4114
9141382
12
-3
-2
29
-1313
4104
9142407
28
-4
-4
3
-1285
4117
9143432
34
-6
-8
29
-1252
4117
9144457
19
-4
-10
54
-1262
4109
9145482
10
-3
-7
46
-1269
4110
9146507
11
-3
-4
34
-1259
4122
9147532
13
-3
-2
43
-1237
4129
9148557
4
-2
0
44
-1244
4114
9149582
-8
0
1
33
-1282
4102
9150607
-4
1
-2
17
-1297
4105
9143424
6
-5
-4
29
-1264
4110
9144449
5
-5
-1
44
-1244
4110
9145474
-1
-3
0
34
-1260
4103
9146499
-3
-2
3
11
-1282
4114
9147524
1
-6
2
35
-1274
4122
9148549
0
-6
5
48
-1249
4118
9149574
-11
-2
5
40
-1262
4112
9150599
-9
-1
4
23
-1312
4104
9151624
7
-4
1
21
-1278
4113
9152649
9
-8
2
45
-1226
4127
9153674
-14
-4
4
51
-1238
4123
9154699
-22
-1
8
26
-1274
4116
9155724
-14
-2
7
14
-1295
4105
9156749
-5
-6
4
55
-1290
4102
9157774
3
-6
7
34
-1256
4111
9158799
-9
-4
6
27
-1247
4121
9151616
-14
-4
9
26
-1277
4114
9152641
-10
-5
5
40
-1291
4106
9153666
-5
-5
5
53
-1302
4099
9154691
2
-4
2
32
-1288
4101
9155716
4
-3
1
17
-1272
4125
9156741
-2
-3
-1
34
-1272
4117
9157766
-2
-5
-1
45
-1289
4103
9158791
8
-5
1
41
-1281
4105
9159816
12
-5
3
32
-1258
4114
9160841
2
-5
4
33
-1250
4116
9161866
-6
-4
5
35
-1271
4108
9162891
-6
-2
3
47
-1297
4098
9163916
6
-3
0
44
-1308
4108
9164941
16
-5
-3
25
-1260
4122
9165966
6
-5
-1
39
-1242
4121
9166991
-4
-4
3
36
-1246
4113
9159808
-11
-3
7
28
-1253
4118
9160833
-19
-2
9
27
-1269
4103
9161858
-18
-3
6
47
-1293
4110
9162883
-5
-3
4
49
-1294
4106
9163908
8
-4
5
34
-1273
4107
9164933
6
-6
9
25
-1257
4122
9165958
-6
-6
8
36
-1245
4122
9166983
-13
-2
8
42
-1285
4102
9168008
1
-4
11
29
-1294
4105
9169033
0
-5
9
35
-1261
4115
9170058
-12
-6
11
40
-1276
4109
9171083
-13
-5
9
46
-1289
4104
9172108
-2
-4
11
31
-1291
4102
9173133
5
-5
8
21
-1265
4110
9174158
-3
-6
7
31
-1259
4125
9175183
-13
-4
7
48
-1289
4110
9167999
-5
-4
8
44
-1296
4107
9169024
9
-5
9
33
-1276
4108
9170049
3
-6
6
35
-1236
4118
9171074
-18
-2
4
42
-1252
4119
9172099
-24
0
2
42
-1327
4100
9173124
4
-2
0
11
-1324
4101
9174149
20
-5
-6
22
-1270
4118
9175174
8
-6
-5
55
-1251
4118
9176199
-5
-4
3
38
-1249
4114
9177224
-12
-1
5
27
-1280
4110
9178249
-10
-3
5
22
-1268
4120
9179274
-15
-5
5
40
-1273
4124
9180299
-17
-4
7
47
-1309
4115
9181324
-9
-1
4
29
-1296
4098
9182349
-3
-1
3
25
-1283
4098
9183374
-3
-4
2
26
-1273
4117
9176192
-2
-5
4
24
-1272
4123
9177217
-6
-5
9
19
-1274
4121
9178242
-11
-6
11
43
-1265
4106
9179267
-17
-3
9
48
-1284
4100
9180292
-13
-1
1
48
-1331
4105
9181317
4
-4
1
32
-1307
4098
9182342
6
-4
3
15
-1240
4117
9183367
-11
-2
5
32
-1270
4123
9184392
-9
-5
8
46
-1289
4107
9185417
-10
-3
8
27
-1297
4100
9186442
-6
-5
7
21
-1299
4107
9187467
0
-6
8
22
-1278
4110
9188492
2
-9
12
25
-1279
4117
9189517
-1
-12
18
38
-1273
4117
9190542
-9
-8
14
49
-1286
4111
9191567
-11
-5
11
57
-1308
4100
9184384
-5
-3
6
42
-1313
4104
9185409
10
-4
4
48
-1291
4098
9186434
7
-3
-1
47
-1258
4114
9187459
-9
0
-2
49
-1278
4103
9188484
-10
0
0
21
-1268
4099
9189509
-14
2
-5
7
-1300
4118
9190534
-7
1
-16
32
-1350
4097
9191559
21
-4
-14
20
-1288
4093
9192584
21
-3
-10
17
-1224
4131
9193609
-7
-4
-8
43
-1247
4123
9194634
-18
-4
1
40
-1281
4109
9195659
-12
-4
7
32
-1290
4108
9196684
-8
-4
8
31
-1289
4106
9197709
-10
-4
7
36
-1303
4099
9198734
-7
-6
4
49
-1300
4101
9199759
-1
-5
6
50
-1294
4102
9192575
4
-4
4
39
-1277
4101
9193600
1
-3
0
27
-1294
4102
9194625
7
-4
-2
29
-1315
4096
9195650
16
-6
0
30
-1282
4107
9196675
10
-5
3
45
-1252
4122
9197700
1
-5
3
27
-1279
4112
9198725
2
-5
2
32
-1304
4097
9199750
13
-5
5
35
-1298
4109
9200775
18
-7
2
43
-1260
4115
9201800
8
-6
3
48
-1268
4106
9202825
3
-2
-2
46
-1303
4104
9203850
16
-4
-5
38
-1310
4101
9204875
28
-5
-5
38
-1268
4116
9205900
20
-6
-5
54
-1232
4117
9206925
5
-2
-4
46
-1243
4113
9207950
