Device = VHR-0009
time_stamp = 1779947898704
sample_rate = 50
Data format = INT16
TYPE = 6-AXIS IMU RAW DATA
23
-9
7
-3874
-1136
1565
2606208
31
-8
6
-3862
-1139
1589
2607233
43
-3
9
-3848
-1148
1589
2608258
46
-1
9
-3847
-1105
1580
2609283
39
-5
9
-3865
-1106
1576
2610308
34
-10
6
-3859
-1123
1577
2611333
33
-11
1
-3858
-1128
1595
2612358
26
-8
-5
-3837
-1103
1588
2613383
6
-2
-8
-3840
-1079
1591
2614408
-19
3
-8
-3866
-1105
1600
2615433
-31
4
-5
-3872
-1133
1591
2616458
-32
8
-3
-3863
-1131
1579
2617483
-20
14
-1
-3876
-1142
1598
2618508
-15
14
4
-3886
-1135
1597
2619533
-6
8
5
-3887
-1127
1589
2620558
6
-3
7
-3865
-1142
1566
2621583
25
-6
9
-3853
-1157
1584
2614401
38
-6
10
-3872
-1115
1585
2615426
34
-8
11
-3888
-1105
1584
2616451
25
-10
7
-3853
-1099
1589
2617476
17
-6
8
-3837
-1112
1577
2618501
11
0
6
-3852
-1119
1583
2619526
-1
1
5
-3888
-1102
1591
2620551
-11
-7
4
-3879
-1107
1581
2621576
-13
-10
0
-3846
-1127
1586
2622601
-10
-7
0
-3854
-1124
1592
2623626
-13
-7
2
-3879
-1118
1578
2624651
-12
-9
5
-3876
-1132
1593
2625676
3
-10
10
-3842
-1144
1587
2626701
23
-7
13
-3838
-1144
1577
2627726
33
-5
13
-3874
-1126
1586
2628751
33
-6
13
-3883
-1118
1599
2629776
30
-9
8
-3870
-1100
1600
2622593
23
-11
7
-3870
-1099
1593
2623618
14
-11
10
-3863
-1095
1588
2624643
6
-10
14
-3858
-1104
1599
2625668
-1
-8
13
-3854
-1095
1599
2626693
-5
-4
11
-3849
-1109
1588
2627718
0
-4
10
-3846
-1123
1580
2628743
13
-5
9
-3866
-1122
1589
2629768
24
-6
10
-3873
-1119
1591
2630793
29
-6
6
-3868
-1097
1602
2631818
20
-6
3
-3867
-1069
1593
2632843
3
-7
1
-3870
-1083
1592
2633868
-11
-7
0
-3863
-1083
1596
2634893
-18
-3
1
-3863
-1098
1600
2635918
-14
1
2
-3860
-1115
1597
2636943
-10
1
2
-3871
-1109
1590
2637968
-4
-3
0
-3881
-1127
1588
2630784
7
-8
-5
-3865
-1116
1595
2631809
16
-9
-8
-3853
-1118
1604
2632834
19
-6
-8
-3844
-1097
1606
2633859
14
-3
-2
-3859
-1074
1601
2634884
-2
-4
2
-3873
-1078
1595
2635909
-16
-6
5
-3872
-1105
1599
2636934
-13
-7
7
-3852
-1137
1602
2637959
-2
-3
5
-3848
-1122
1603
2638984
7
0
3
-3861
-1111
1599
2640009
3
-2
1
-3876
-1097
1594
2641034
-6
-6
2
-3880
-1108
1584
2642059
-1
-8
1
-3850
-1112
1599
2643084
2
-3
1
-3841
-1093
1596
2644109
-9
1
1
-3861
-1097
1602
2645134
-22
0
4
-3889
-1108
1587
2646159
-19
-7
6
-3868
-1134
1584
2638975
-2
-6
5
-3845
-1144
1607
2640000
17
0
7
-3847
-1132
1616
2641025
18
1
4
-3874
-1082
1586
2642050
7
-5
2
-3904
-1101
1591
2643075
4
-13
2
-3879
-1114
1601
2644100
1
-15
2
-3860
-1083
1604
2645125
-19
-9
4
-3855
-1085
1600
2646150
-35
-6
4
-3864
-1111
1593
2647175
-35
-7
6
-3854
-1132
1595
2648200
-13
-6
6
-3834
-1151
1591
2649225
15
-2
7
-3854
-1149
1597
2650250
32
-2
5
-3878
-1122
1597
2651275
38
-7
4
-3873
-1104
1599
2652300
37
-7
3
-3858
-1095
1600
2653325
25
-5
1
-3858
-1082
1603
2654350
1
-3
1
-3877
-1068
1604
2647169
-25
-6
1
-3878
-1086
1600
2648194
-37
-8
0
-3848
-1113
1604
2649219
-39
-5
0
-3843
-1125
1595
2650244
-35
-4
0
-3846
-1128
1593
2651269
-20
-4
-1
-3869
-1138
1592
2652294
2
-6
0
-3862
-1142
1598
2653319
23
-5
0
-3837
-1132
1604
2654344
32
0
2
-3851
-1099
1596
2655369
21
0
5
-3868
-1095
1594
2656394
10
-3
5
-3866
-1105
1591
2657419
1
-3
4
-3856
-1091
1597
2658444
-9
-2
5
-3865
-1102
1594
2659469
-13
-5
3
-3872
-1113
1587
2660494
-13
-5
0
-3867
-1108
1605
2661519
-17
-5
-4
-3863
-1119
1609
2662544
-20
-5
-6
-3862
-1107
1599
2655360
-25
-6
-7
-3876
-1108
1578
2656385
-26
-9
-8
-3869
-1125
1596
2657410
-21
-9
-6
-3859
-1127
1605
2658435
-18
-7
-5
-3850
-1118
1593
2659460
-17
-5
-6
-3868
-1129
1591
2660485
-8
-7
-1
-3861
-1152
1595
2661510
6
-6
-1
-3830
-1122
1606
2662535
12
-1
-1
-3848
-1110
1601
2663560
3
-1
-3
-3858
-1109
1589
2664585
-1
-1
-2
-3851
-1136
1579
2665610
16
0
-2
-3852
-1164
1583
2666635
46
-3
-5
-3882
-1160
1612
2667660
45
-13
-7
-3864
-1092
1601
2668685
34
-16
-8
-3844
-1132
1595
2669710
31
-13
-7
-3860
-1116
1612
2670735
12
-10
-3
-3874
-1075
1617
2663551
-21
-11
0
-3877
-1067
1605
2664576
-61
-17
0
-3876
-1093
1594
2665601
-82
-21
-1
-3856
-1145
1596
2666626
-58
-17
-3
-3856
-1165
1602
2667651
-32
-14
-7
-3851
-1155
1613
2668676
-24
-13
-11
-3840
-1124
1600
2669701
-17
-14
-10
-3839
-1153
1578
2670726
13
-15
-12
-3833
-1202
1588
2671751
72
-14
-14
-3846
-1220
1611
2672776
124
-14
-19
-3867
-1156
1642
2673801
122
-17
-14
-3880
-1090
1618
2674826
86
-21
-8
-3858
-1099
1607
2675851
51
-20
-6
-3831
-1084
1618
2676876
13
-12
2
-3812
-1070
1617
2677901
-37
-2
6
-3813
-1059
1622
2678926
-94
7
11
-3848
-1091
1619
2671745
-113
7
14
-3880
-1154
1615
2672770
-93
-1
10
-3872
-1188
1602
2673795
-57
-6
5
-3851
-1185
1613
2674820
-30
-5
2
-3843
-1147
1611
2675845
-27
-3
-1
-3852
-1122
1614
2676870
-36
-2
-2
-3864
-1124
1609
2677895
-47
-7
1
-3857
-1133
1595
2678920
-53
-10
4
-3821
-1138
1589
2679945
-44
-2
6
-3837
-1176
1614
2680970
-21
3
8
-3856
-1190
1622
2681995
-4
3
9
-3872
-1150
1618
2683020
4
-4
6
-3878
-1143
1604
2684045
7
-12
2
-3847
-1151
1603
2685070
6
-8
1
-3850
-1144
1596
2686095
-5
-6
2
-3866
-1124
1600
2687120
-22
-9
5
-3845
-1119
1607
2679944
-30
-8
6
-3812
-1154
1611
2680969
-20
-1
8
-3838
-1176
1602
2681994
-5
-1
7
-3860
-1167
1602
2683019
9
-5
4
-3855
-1145
1609
2684044
14
-7
4
-3857
-1141
1599
2685069
12
-10
2
-3851
-1146
1598
2686094
8
-10
1
-3856
-1151
1607
2687119
1
-9
2
-3866
-1117
1611
2688144
-16
-9
2
-3849
-1133
1615
2689169
-21
-6
5
-3840
-1150
1608
2690194
-21
-5
7
-3844
-1159
1600
2691219
-13
-7
10
-3833
-1186
1596
2692244
7
-5
10
-3824
-1171
1606
2693269
23
1
9
-3840
-1158
1615
2694294
26
4
8
-3877
-1141
1617
2695319
22
-3
10
-3875
-1135
1604
2688127
15
-11
10
-3852
-1129
1597
2689152
5
-12
12
-3833
-1133
1604
2690177
-3
-9
10
-3834
-1143
1604
2691202
-8
-4
7
-3852
-1141
1623
2692227
-7
-4
5
-3871
-1149
1609
2693252
1
-7
4
-3842
-1162
1606
2694277
9
-4
5
-3833
-1144
1608
2695302
11
-3
6
-3844
-1138
1602
2696327
10
-2
4
-3870
-1140
1612
2697352
8
-8
5
-3868
-1138
1610
2698377
8
-13
2
-3840
-1139
1601
2699402
7
-8
2
-3835
-1141
1611
2700427
6
-3
3
-3849
-1157
1626
2701452
18
-3
4
-3858
-1143
1619
2702477
23
-6
6
-3862
-1111
1617
2703502
16
-13
7
-3859
-1139
1602
2696320
21
-18
2
-3864
-1159
1601
2697345
24
-20
-7
-3842
-1115
1613
2698370
3
-13
-10
-3830
-1095
1632
2699395
-35
-6
-14
-3829
-1090
1624
2700420
-67
0
-12
-3833
-1133
1600
2701445
-66
2
-3
-3832
-1179
1601
2702470
-41
5
6
-3831
-1191
1612
2703495
-8
6
10
-3843
-1195
1610
2704520
30
0
9
-3870
-1187
1617
2705545
54
-10
4
-3866
-1155
1614
2706570
56
-11
-3
-3852
-1133
1615
2707595
44
-7
-5
-3840
-1108
1621
2708620
12
0
-4
-3839
-1073
1618
2709645
-34
3
2
-3864
-1097
1606
2710670
-60
1
6
-3855
-1156
1610
2711695
-57
1
5
-3823
-1183
1612
2704512
-33
6
4
-3829
-1194
1608
2705537
-4
8
0
-3824
-1182
1602
2706562
16
8
-1
-3827
-1164
1599
2707587
26
8
3
-3840
-1157
1603
2708612
34
7
7
-3852
-1149
1609
2709637
31
7
8
-3880
-1119
1623
2710662
15
3
7
-3878
-1118
1617
2711687
-8
-3
3
-3862
-1112
1602
2712712
-35
-8
0
-3859
-1120
1593
2713737
-47
-12
-1
-3845
-1150
1612
2714762
-51
-9
-2
-3827
-1138
1616
2715787
-57
-3
2
-3859
-1153
1603
2716812
-53
-5
3
-3869
-1191
1588
2717837
-29
-7
4
-3858
-1200
1599
2718862
1
-6
7
-3828
-1183
1614
2719887
15
0
7
-3819
-1136
1611
2712704
10
1
4
-3843
-1126
1592
2713729
2
-3
4
-3844
-1150
1602
2714754
0
-2
4
-3851
-1154
1607
2715779
-4
2
8
-3862
-1144
1617
2716804
-12
3
9
-3868
-1138
1616
2717829
-12
0
11
-3848
-1178
1603
2718854
2
0
10
-3843
-1172
1595
2719879
14
0
11
-3855
-1149
1591
2720904
21
-1
7
-3857
-1156
1601
2721929
24
-4
1
-3872
-1135
1607
2722954
8
-7
-1
-3862
-1117
1601
2723979
-18
-6
-2
-3854
-1121
1604
2725004
-36
-6
-1
-3847
-1141
1600
2726029
-38
-4
1
-3844
-1162
1603
2727054
-31
-3
5
-3851
-1171
1609
2728079
-20
-6
8
-3855
-1174
1598
2720896
0
-12
7
-3855
-1188
1593
2721921
23
-16
6
-3836
-1184
1607
2722946
41
-12
7
-3838
-1157
1611
2723971
46
-10
8
-3834
-1134
1605
2724996
34
-6
8
-3836
-1124
1612
2726021
15
-1
7
-3847
-1125
1609
2727046
-10
-2
8
-3863
-1133
1600
2728071
-22
-3
9
-3848
-1139
1600
2729096
-21
0
9
-3838
-1153
1606
2730121
-9
1
6
-3835
-1163
1607
2731146
1
4
5
-3852
-1164
1601
2732171
7
3
2
-3866
-1158
1600
2733196
11
1
2
-3861
-1144
1602
2734221
16
1
4
-3834
-1133
1602
2735246
12
8
6
-3844
-1135
1606
2736271
7
9
8
-3853
-1148
1599
2729087
5
8
6
-3861
-1136
1599
2730112
2
5
4
-3865
-1131
1599
2731137
-3
-1
2
-3855
-1135
1600
2732162
-11
-1
1
-3861
-1137
1605
2733187
-18
0
1
-3859
-1138
1601
2734212
-22
1
2
-3846
-1150
1612
2735237
-21
3
6
-3831
-1159
1589
2736262
-6
7
8
-3831
-1179
1583
2737287
19
10
9
-3848
-1187
1600
2738312
37
6
9
-3871
-1138
1597
2739337
34
-2
5
-3889
-1130
1583
2740362
27
-10
-1
-3861
-1131
1598
2741387
12
-7
-1
-3847
-1114
1606
2742412
-10
-3
1
-3848
-1117
1602
2743437
-26
-2
2
-3854
-1132
1594
2744462
-36
-3
5
-3872
-1145
1591
2737280
-28
-6
7
-3871
-1197
1587
2738305
-4
-6
6
-3850
-1180
1595
2739330
15
-5
3
-3849
-1151
1601
2740355
22
-4
1
-3837
-1137
1601
2741380
18
-1
0
-3843
-1126
1598
2742405
5
1
0
-3833
-1127
1594
2743430
-8
3
-1
-3841
-1115
1584
2744455
-26
5
-3
-3854
-1121
1590
2745480
-42
3
-3
-3860
-1141
1590
2746505
-41
2
-1
-3850
-1163
1595
2747530
-27
5
-1
-3847
-1177
1595
2748555
-10
7
3
-3877
-1174
1594
2749580
5
1
7
-3884
-1165
1583
2750605
16
-5
8
-3862
-1162
1581
2751630
27
-3
7
-3841
-1166
1597
2752655
28
3
3
-3858
-1126
1591
2745472
3
-1
-1
-3895
-1110
1589
2746497
-19
-12
-1
-3882
-1140
1588
2747522
-25
-16
-3
-3847
-1151
1597
2748547
-26
-12
-5
-3830
-1151
1595
2749572
-30
-6
-6
-3850
-1154
1586
2750597
-26
-7
-3
-3852
-1170
1583
2751622
-14
-8
0
-3833
-1178
1587
2752647
6
-5
4
-3828
-1177
1588
2753672
23
-2
7
-3850
-1157
1575
2754697
30
-5
4
-3879
-1157
1588
2755722
31
-8
0
-3877
-1142
1604
2756747
22
-9
-1
-3846
-1127
1597
2757772
-1
-7
-2
-3848
-1091
1596
2758797
-34
-6
2
-3872
-1125
1587
2759822
-52
-8
4
-3867
-1165
1594
2760847
-44
-8
8
-3835
-1189
1596
2753735
-23
-4
10
-3827
-1191
1602
2754760
1
-1
8
-3843
-1183
1582
2755785
22
-4
9
-3861
-1188
1576
2756810
41
-5
9
-3854
-1163
1594
2757835
51
-2
10
-3839
-1135
1601
2758860
40
2
11
-3848
-1108
1584
2759885
12
1
11
-3862
-1111
1577
2760910
-7
-3
9
-3857
-1146
1596
2761935
-9
-1
9
-3856
-1164
1601
2762960
-6
0
7
-3860
-1146
1588
2763985
-9
-1
5
-3874
-1147
1590
2765010
-11
-5
4
-3874
-1168
1587
2766035
-5
-9
2
-3844
-1151
1571
2767060
3
-5
2
-3850
-1160
1594
2768085
11
-1
6
-3851
-1154
1607
2769110
10
0
6
-3854
-1122
1592
2761857
2
-4
5
-3869
-1153
1581
2762882
0
-9
3
-3856
-1152
1593
2763907
-5
-7
4
-3860
-1144
1591
2764932
-10
-6
2
-3863
-1143
1593
2765957
-12
-7
4
-3854
-1149
1597
2766982
-8
-10
6
-3834
-1155
1588
2768007
2
-7
6
-3833
-1166
1587
2769032
18
-3
8
-3843
-1170
1583
2770057
28
-4
9
-3863
-1135
1593
2771082
26
-8
5
-3876
-1130
1589
2772107
18
-12
1
-3863
-1139
1587
2773132
9
-10
-3
-3835
-1116
1594
2774157
-7
-3
-3
-3853
-1120
1601
2775182
-24
-3
0
-3861
-1132
1599
2776207
-34
-6
4
-3856
-1140
1591
2777232
-31
-7
8
-3850
-1179
1587
2770048
-8
-6
8
-3845
-1198
1587
2771073
21
-5
7
-3848
-1166
1606
2772098
36
-5
6
-3849
-1146
1603
2773123
39
-7
6
-3862
-1142
1582
2774148
34
-8
7
-3854
-1126
1593
2775173
20
-6
12
-3851
-1129
1602
2776198
10
-4
12
-3854
-1136
1596
2777223
8
-3
11
-3860
-1144
1598
2778248
11
-6
12
-3857
-1145
1595
2779273
16
-9
10
-3864
-1152
1593
2780298
20
-12
8
-3869
-1129
1607
2781323
16
-14
3
-3853
-1117
1595
2782348
1
-13
-1
-3863
-1120
1602
2783373
-13
-13
1
-3866
-1133
1604
2784398
-22
-15
1
-3841
-1123
1597
2785423
-28
-14
2
-3829
-1129
1602
2778241
-27
-9
4
-3834
-1161
1601
2779266
-13
-4
9
-3848
-1167
1602
2780291
9
-4
13
-3862
-1174
1598
2781316
40
-7
16
-3842
-1181
1599
2782341
70
-8
17
-3832
-1158
1605
2783366
83
-5
15
-3846
-1125
1605
2784391
77
-4
12
-3873
-1116
1610
2785416
63
-8
9
-3875
-1095
1615
2786441
37
-11
2
-3881
-1067
1611
2787466
-1
-12
-2
-3873
-1076
1632
2788491
-39
-12
-2
-3853
-1085
1628
2789516
-64
-12
-1
-3862
-1115
1614
2790541
-72
-14
0
-3852
-1148
1612
2791566
-62
-13
1
-3845
-1157
1609
2792591
-39
-12
1
-3825
-1175
1604
2793616
-9
-8
2
-3822
-1172
1609
2786432
22
-3
5
-3849
-1163
1608
2787457
42
-2
10
-3858
-1140
1612
2788482
51
-3
11
-3853
-1129
1606
2789507
54
-4
11
-3849
-1115
1615
2790532
44
-2
8
-3853
-1095
1619
2791557
22
-2
4
-3864
-1088
1614
2792582
0
-5
0
-3871
-1097
1617
2793607
-17
-7
0
-3862
-1112
1620
2794632
-24
-7
2
-3843
-1119
1615
2795657
-24
-4
1
-3826
-1137
1604
2796682
-14
1
3
-3855
-1153
1612
2797707
3
-3
4
-3862
-1138
1599
2798732
11
-9
2
-3855
-1125
1613
2799757
20
-7
1
-3836
-1131
1629
2800782
24
-1
-1
-3831
-1107
1631
2801807
10
1
-3
-3863
-1077
1624
2794624
-14
-3
-4
-3877
-1098
1617
2795649
-36
-7
-4
-3862
-1110
1613
2796674
-47
-7
-1
-3849
-1128
1615
2797699
-47
-7
2
-3835
-1150
1607
2798724
-35
-7
1
-3823
-1155
1601
2799749
-15
-4
0
-3820
-1172
1607
2800774
11
3
0
-3842
-1167
1616
2801799
30
6
3
-3858
-1131
1621
2802824
32
4
4
-3868
-1108
1612
2803849
21
1
2
-3876
-1117
1615
2804874
3
-3
0
-3856
-1102
1612
2805899
-16
-1
-2
-3839
-1097
1618
2806924
-35
0
-5
-3860
-1109
1622
2807949
-48
0
-6
-3881
-1131
1611
2808974
-52
-3
-5
-3878
-1147
1622
2809999
-46
-4
-2
-3848
-1156
1611
2802817
-31
-5
0
-3837
-1151
1607
2803842
-15
-7
6
-3833
-1157
1591
2804867
2
-7
9
-3813
-1174
1602
2805892
23
2
9
-3824
-1164
1596
2806917
37
4
6
-3845
-1144
1595
2807942
36
3
2
-3866
-1124
1617
2808967
21
0
3
-3881
-1116
1612
2809992
3
-4
3
-3860
-1121
1611
2811017
-11
-4
3
-3849
-1122
1612
2812042
-27
-3
4
-3869
-1125
1602
2813067
-39
-6
1
-3864
-1137
1601
2814092
-38
-7
1
-3858
-1153
1601
2815117
-28
-9
2
-3867
-1162
1612
2816142
-16
-15
4
-3862
-1147
1601
2817167
-11
-21
3
-3848
-1150
1590
2818192
0
-16
3
-3811
-1168
1605
2811008
10
-5
4
-3807
-1129
1611
2812033
6
6
5
-3836
-1118
1609
2813058
0
7
5
-3864
-1135
1613
2814083
-1
4
6
-3872
-1144
1609
2815108
-4
0
5
-3856
-1150
1599
2816133
-3
-1
6
-3858
-1151
1595
2817158
2
-2
6
-3854
-1147
1601
2818183
8
-5
7
-3847
-1147
1608
2819208
14
-6
5
-3850
-1135
1603
2820233
15
-7
4
-3859
-1140
1609
2821258
15
-9
1
-3860
-1132
1606
2822283
3
-8
-5
-3850
-1112
1604
2823308
-18
-7
-7
-3823
-1110
1608
2824333
-44
-3
-9
-3830
-1107
1594
2825358
-60
1
-6
-3850
-1153
1603
2826383
-52
5
-2
-3859
-1194
1612
2819199
-24
6
5
-3848
-1199
1608
2820224
13
5
9
-3842
-1203
1598
2821249
51
4
8
-3842
-1192
1594
2822274
74
0
5
-3861
-1142
1603
2823299
70
-3
-1
-3877
-1096
1604
2824324
36
-7
-6
-3899
-1081
1615
2825349
-12
-12
-4
-3895
-1082
1618
2826374
-54
-18
0
-3844
-1103
1604
2827399
-76
-15
2
-3813
-1140
1606
2828424
-74
-7
4
-3806
-1182
1595
2829449
-51
1
4
-3812
-1206
1590
2830474
-9
6
6
-3844
-1230
1586
2831499
36
6
6
-3845
-1207
1601
2832524
64
4
6
-3844
-1159
1601
2833549
71
4
8
-3873
-1130
1616
2834574
52
-4
8
-3888
-1112
1612
2827395
22
-13
7
-3861
-1101
1606
2828420
-7
-12
5
-3852
-1106
1621
2829445
-36
-9
2
-3863
-1118
1616
2830470
-53
-11
-1
-3868
-1140
1592
2831495
-55
-11
0
-3866
-1174
1599
2832520
-40
-12
4
-3841
-1186
1618
2833545
-17
-9
8
-3820
-1173
1599
2834570
1
-4
7
-3827
-1168
1595
2835595
19
-3
4
-3840
-1181
1600
2836620
30
-4
3
-3849
-1145
1596
2837645
24
-4
4
-3850
-1131
1602
2838670
15
-1
6
-3841
-1142
1618
2839695
7
0
8
-3848
-1134
1608
2840720
2
3
9
-3843
-1141
1602
2841745
7
5
9
-3849
-1163
1605
2842770
16
3
9
-3852
-1146
1608
2835584
19
2
5
-3852
-1135
1606
2836609
18
1
2
-3861
-1141
1602
2837634
15
-3
-1
-3855
-1132
1611
2838659
3
-2
-2
-3871
-1116
1611
2839684
-15
-5
-2
-3866
-1110
1611
2840709
-36
-8
-3
-3854
-1120
1601
2841734
-47
-7
-3
-3849
-1158
1605
2842759
-42
-8
-4
-3841
-1167
1598
2843784
-27
-5
-4
-3845
-1159
1602
2844809
-13
-6
-2
-3850
-1169
1600
2845834
-1
-6
-2
-3835
-1149
1607
2846859
6
-2
-1
-3832
-1158
1597
2847884
10
1
0
-3832
-1159
1604
2848909
7
5
2
-3847
-1139
1601
2849934
1
6
1
-3851
-1151
1609
2850959
-2
7
0
-3863
-1150
1601
2843777
-6
5
0
-3871
-1135
1596
2844802
-22
3
-2
-3877
-1127
1605
2845827
-38
0
2
-3863
-1149
1611
2846852
-38
-2
5
-3846
-1169
1608
2847877
-24
-3
7
-3842
-1181
1600
2848902
-1
-3
7
-3865
-1184
1595
2849927
17
-11
3
-3876
-1164
1584
2850952
23
-16
0
-3859
-1158
1588
2851977
27
-14
1
-3852
-1150
1615
2853002
20
-12
2
-3828
-1122
1598
2854027
3
-6
2
-3812
-1132
1584
2855052
-10
1
6
-3840
-1164
1596
2856077
-9
-2
5
-3863
-1162
1601
2857102
-1
-7
-3
-3851
-1146
1607
2858127
0
-9
-13
-3860
-1147
1598
2859152
-10
-11
-17
-3857
-1138
1605
2851968
-28
-8
-15
-3884
-1134
1602
2852993
-41
-11
-9
-3876
-1156
1602
2854018
-38
-12
-5
-3837
-1166
1601
2855043
-21
-10
-1
-3816
-1196
1595
2856068
4
-3
-2
-3823
-1215
1594
2857093
34
-2
-2
-3843
-1206
1603
2858118
53
-4
-3
-3865
-1156
1592
2859143
54
-11
0
-3869
-1155
1595
2860168
51
-14
3
-3824
-1156
1595
2861193
46
-5
3
-3806
-1149
1597
2862218
43
7
1
-3839
-1165
1612
2863243
25
7
5
-3866
-1114
1620
2864268
5
0
7
-3855
-1156
1597
2865293
7
-3
6
-3831
-1182
1601
2866318
23
0
6
-3812
-1167
1608
2867343
24
8
2
-3833
-1144
1613
2860160
17
9
-1
-3858
-1140
1622
2861185
4
6
-6
-3861
-1120
1618
2862210
-22
4
-7
-3874
-1117
1605
2863235
-49
-1
-9
-3871
-1140
1604
2864260
-69
-3
-8
-3872
-1143
1598
2865285
-81
-8
-9
-3865
-1161
1593
2866310
-70
-9
-12
-3837
-1192
1589
2867335
-35
-3
-15
-3830
-1212
1582
2868360
11
1
-10
-3843
-1212
1607
2869385
17
3
-11
-3841
-1146
1620
2870410
-4
2
-7
-3842
-1162
1592
2871435
-6
-1
-3
-3831
-1185
1581
2872460
-2
1
3
-3816
-1194
1585
2873485
3
9
7
-3831
-1181
1594
2874510
7
12
8
-3843
-1177
1600
2875535
12
13
6
-3843
-1180
1591
2868351
18
14
4
-3850
-1184
1600
2869376
19
15
5
-3870
-1157
1601
2870401
7
11
4
-3885
-1126
1600
2871426
-16
3
2
-3892
-1140
1589
2872451
-31
-8
-1
-3872
-1174
1574
2873476
-26
-12
-6
-3843
-1191
1565
2874501
14
-11
-11
-3840
-1258
1572
2875526
120
-14
-28
-3857
-1334
1587
2876551
236
-25
-36
-3840
-1173
1607
2877576
199
-30
-31
-3810
-1101
1608
2878601
131
-20
-20
-3829
-1156
1614
2879626
90
-11
-16
-3835
-1070
1607
2880651
26
-6
-1
-3841
-1073
1609
2881676
-34
-5
6
-3841
-1108
1613
2882701
-80
-4
10
-3845
-1115
1627
2883726
-106
-3
12
-3867
-1179
1621
2876545
-93
-7
9
-3855
-1213
1607
2877570
-66
-6
10
-3854
-1196
1616
2878595
-39
-5
16
-3875
-1209
1604
2879620
-3
-11
20
-3870
-1229
1600
2880645
32
-19
24
-3833
-1184
1603
2881670
48
-19
26
-3811
-1153
1610
2882695
47
-15
25
-3832
-1142
1618
2883720
33
-17
26
-3864
-1141
1600
2884745
24
-21
28
-3832
-1151
1607
2885770
24
-19
26
-3807
-1148
1620
2886795
20
-14
20
-3838
-1147
1612
2887820
14
-13
11
-3867
-1150
1614
2888845
8
-13
6
-3866
-1152
1628
2889870
4
-15
6
-3841
-1146
1631
2890895
-3
-15
7
-3835
-1134
1617
2891920
-14
-13
7
-3854
-1144
1618
2884736
-12
-16
4
-3844
-1162
1606
2885761
-5
-17
-3
-3830
-1146
1621
2886786
-5
-12
-3
-3833
-1154
1641
2887811
-2
-10
2
-3846
-1151
1629
2888836
0
-12
4
-3834
-1144
1614
2889861
7
-12
0
-3835
-1146
1627
2890886
5
-9
-3
-3861
-1142
1638
2891911
-5
-5
-3
-3868
-1148
1636
2892936
-11
-4
-2
-3818
-1131
1641
2893961
-21
2
3
-3815
-1125
1622
2894986
-30
8
8
-3805
-1167
1612
2896011
-13
14
13
-3807
-1212
1625
2897036
21
16
14
-3819
-1196
1630
2898061
47
16
7
-3837
-1139
1615
2899086
47
10
-1
-3886
-1139
1613
2900111
35
1
-3
-3878
-1140
1627
2892928
16
0
-3
-3832
-1094
1627
2893953
-19
6
-1
-3838
-1088
1622
2894978
-54
9
-1
-3862
-1121
1613
2896003
-70
4
0
-3860
-1181
1601
2897028
-56
-1
-2
-3843
-1203
1604
2898053
-33
-1
-6
-3836
-1179
1610
2899078
-14
-1
-9
-3847
-1175
1620
2900103
-3
-2
-14
-3858
-1169
1610
2901128
2
-2
-13
-3846
-1165
1618
2902153
-3
-3
-10
-3830
-1132
1625
2903178
-22
0
-3
-3844
-1129
1609
2904203
-37
-1
1
-3843
-1175
1597
2905228
-28
-4
3
-3827
-1188
1606
2906253
-12
-2
3
-3836
-1185
1609
2907278
3
1
3
-3858
-1191
1619
2908303
18
-5
4
-3840
-1175
1610
2901120
32
-6
4
-3831
-1154
1608
2902145
29
-2
5
-3872
-1157
1616
2903170
16
-6
6
-3878
-1164
1604
2904195
14
-8
5
-3846
-1152
1612
2905220
17
-3
4
-3839
-1170
1622
2906245
21
-1
1
-3845
-1159
1615
2907270
22
-6
-3
-3880
-1159
1614
2908295
28
-19
-8
-3861
-1158
1607
2909320
47
-21
-13
-3808
-1129
1606
2910345
0
-16
-14
-3789
-1095
1624
2911370
-40
-7
-5
-3812
-1151
1622
2912395
-44
-3
3
-3805
-1158
1608
2913420
-45
4
9
-3816
-1199
1610
2914445
-22
9
15
-3833
-1232
1625
2915470
14
10
17
-3830
-1200
1610
2916495
40
4
10
-3867
-1162
1601
2909312
49
-5
0
-3906
-1170
1618
2910337
38
-14
-5
-3903
-1128
1628
2911362
5
-21
-3
-3855
-1074
1628
2912387
-40
-19
-1
-3837
-1096
1626
2913412
-73
-16
3
-3855
-1165
1617
2914437
-76
-17
9
-3864
-1211
1607
2915462
-49
-19
12
-3861
-1223
1615
2916487
-8
-22
11
-3807
-1217
1624
2917512
35
-18
10
-3782
-1202
1607
2918537
62
-11
10
-3820
-1183
1608
2919562
71
-11
9
-3850
-1144
1612
2920587
60
-18
2
-3827
-1100
1630
2921612
23
-14
-4
-3805
-1090
1628
2922637
-22
-5
-6
-3824
-1117
1622
2923662
-51
0
-4
-3854
-1145
1637
2924687
-63
-2
-1
-3850
-1164
1631
2917504
-59
-4
-3
-3822
-1194
1617
2918529
-31
0
-6
-3843
-1219
1621
2919554
2
0
-10
-3845
-1219
1621
2920579
26
-1
-8
-3837
-1186
1626
2921604
30
0
-8
-3845
-1134
1618
2922629
12
-1
-4
-3835
-1146
1616
2923654
-4
5
0
-3823
-1165
1635
2924679
-11
15
7
-3838
-1155
1638
2925704
-21
17
8
-3851
-1160
1625
2926729
-24
11
3
-3847
-1172
1612
2927754
-19
4
-3
-3827
-1193
1610
2928779
-12
5
-6
-3843
-1189
1612
2929804
-1
4
-7
-3868
-1174
1614
2930829
8
-2
-7
-3843
-1155
1616
2931854
-18
0
-6
-3819
-1162
1600
2932879
-22
6
-2
-3809
-1205
1611
2925696
-5
14
3
-3842
-1206
1604
2926721
18
9
7
-3856
-1193
1610
2927746
24
5
3
-3859
-1167
1609
2928771
7
3
1
-3843
-1187
1614
2929796
8
2
-2
-3835
-1165
1605
2930821
-1
1
-5
-3857
-1143
1610
2931846
-19
-5
-5
-3869
-1174
1600
2932871
-31
-10
-5
-3864
-1171
1610
2933896
-34
-12
-5
-3831
-1181
1609
2934921
-12
-11
-1
-3817
-1208
1610
2935946
-8
-4
1
-3829
-1175
1604
2936971
-14
-2
8
-3825
-1222
1597
2937996
9
1
10
-3808
-1225
1605
2939021
37
9
15
-3809
-1209
1601
2940046
55
12
15
-3842
-1196
1605
2941071
64
7
16
-3850
-1190
1606
2933889
72
3
18
-3836
-1164
1617
2934914
73
6
20
-3852
-1152
1618
2935939
61
6
16
-3878
-1136
1621
2936964
37
-1
8
-3904
-1128
1621
2937989
8
-12
2
-3882
-1110
1617
2939014
-25
-17
-2
-3837
-1120
1605
2940039
-54
-15
-2
-3843
-1143
1623
2941064
-75
-17
0
-3867
-1164
1596
2942089
-70
-20
-1
-3833
-1193
1604
2943114
-41
-13
3
-3801
-1232
1621
2944139
-8
-2
7
-3801
-1210
1615
2945164
22
2
11
-3833
-1198
1604
2946189
42
-2
15
-3842
-1189
1599
2947214
57
-4
14
-3817
-1165
1618
2948239
55
2
15
-3833
-1136
1627
2949264
39
8
17
-3858
-1141
1622
2942080
26
2
16
-3878
-1157
1612
2943105
25
-6
14
-3846
-1165
1618
2944130
27
-5
13
-3822
-1154
1614
2945155
25
0
12
-3841
-1136
1617
2946180
15
1
9
-3872
-1131
1621
2947205
1
-6
4
-3872
-1132
1616
2948230
-14
-11
1
-3841
-1143
1610
2949255
-24
-9
2
-3824
-1142
1618
2950280
-31
-3
3
-3827
-1154
1616
2951305
-32
-2
4
-3843
-1165
1615
2952330
-27
-4
5
-3850
-1181
1593
2953355
-7
-9
6
-3817
-1195
1610
2954380
16
-3
7
-3821
-1185
1613
2955405
30
0
10
-3854
-1165
1612
2956430
37
-3
10
-3875
-1149
1612
2957455
37
-9
9
-3855
-1140
1608
2950272
31
-11
8
-3833
-1132
1614
2951297
19
-9
8
-3849
-1125
1616
2952322
-1
-10
7
-3853
-1127
1626
2953347
-13
-12
7
-3872
-1144
1609
2954372
-12
-20
3
-3859
-1164
1623
2955397
-3
-19
2
-3828
-1167
1630
2956422
7
-13
5
-3829
-1169
1625
2957447
16
-12
5
-3836
-1156
1615
2958472
22
-13
5
-3857
-1149
1613
2959497
27
-19
-2
-3801
-1140
1607
2960522
17
-9
-10
-3778
-1116
1616
2961547
-10
8
-9
-3826
-1121
1630
2962572
-33
13
-1
-3863
-1133
1632
2963597
-38
9
9
-3883
-1163
1627
2964622
-18
2
16
-3874
-1193
1635
2965647
12
-2
16
-3871
-1187
1639
2958463
36
-7
13
-3887
-1168
1620
2959488
45
-15
8
-3866
-1143
1613
2960513
38
-20
6
-3829
-1096
1616
2961538
13
-21
9
-3802
-1101
1616
2962563
-12
-11
14
-3795
-1132
1626
2963588
-18
-1
17
-3798
-1152
1629
2964613
-16
8
12
-3813
-1143
1615
2965638
-9
11
8
-3849
-1170
1616
2966663
5
6
7
-3854
-1174
1626
2967688
17
2
7
-3851
-1134
1612
2968713
25
0
8
-3852
-1140
1615
2969738
27
-2
10
-3879
-1134
1619
2970763
22
-5
14
-3882
-1134
1628
2971788
12
-10
13
-3850
-1110
1632
2972813
-5
-8
11
-3837
-1122
1633
2973838
-13
-6
9
-3842
-1151
1617
2966657
-2
-6
8
-3843
-1154
1617
2967682
7
-6
9
-3828
-1131
1626
2968707
11
-3
10
-3830
-1140
1627
2969732
14
-3
11
-3846
-1134
1630
2970757
14
-3
12
-3854
-1127
1619
2971782
16
-4
12
-3859
-1140
1622
2972807
22
-3
13
-3860
-1133
1625
2973832
21
-4
13
-3861
-1114
1620
2974857
14
-8
9
-3851
-1110
1630
2975882
9
-9
4
-3834
-1111
1628
2976907
3
-5
4
-3847
-1108
1623
2977932
-7
-5
6
-3864
-1102
1638
2978957
-15
-8
7
-3835
-1124
1622
2979982
-9
-6
4
-3808
-1139
1627
2981007
2
2
3
-3835
-1144
1638
2982032
4
1
3
-3885
-1113
1618
2974849
6
-10
3
-3867
-1110
1630
2975874
6
-13
1
-3830
-1122
1641
2976899
2
-7
2
-3829
-1121
1627
2977924
-6
-2
4
-3843
-1111
1622
2978949
-14
-3
6
-3840
-1135
1621
2979974
-7
-3
6
-3820
-1147
1625
2980999
7
1
7
-3837
-1149
1622
2982024
16
0
5
-3849
-1133
1615
2983049
20
-5
0
-3850
-1119
1623
2984074
16
-5
-3
-3857
-1111
1641
2985099
5
-5
-3
-3857
-1100
1639
2986124
-11
-4
-1
-3845
-1082
1625
2987149
-32
-3
-3
-3841
-1099
1617
2988174
-43
-1
-2
-3859
-1149
1619
2989199
-37
-3
0
-3854
-1148
1625
2990224
-25
-6
3
-3835
-1141
1625
2983039
-10
-4
3
-3823
-1150
1620
2984064
9
-2
4
-3843
-1153
1620
2985089
25
-1
8
-3847
-1138
1627
2986114
30
-1
10
-3844
-1120
1624
2987139
24
0
8
-3845
-1112
1619
2988164
14
0
6
-3860
-1115
1619
2989189
4
-3
5
-3856
-1106
1619
2990214
-8
-2
4
-3845
-1114
1633
2991239
-16
1
4
-3837
-1115
1627
2992264
-19
2
4
-3848
-1129
1621
2993289
-13
0
4
-3844
-1136
1609
2994314
-5
1
4
-3857
-1143
1616
2995339
2
-1
5
-3855
-1139
1619
2996364
6
-2
6
-3858
-1128
1620
2997389
11
-3
3
-3848
-1127
1636
2998414
8
-1
1
-3830
-1104
1632
2991233
-5
1
-1
-3860
-1106
1622
2992258
-18
-3
0
-3882
-1126
1620
2993283
-23
-10
1
-3852
-1119
1623
2994308
-29
-7
3
-3834
-1132
1608
2995333
-24
-3
7
-3843
-1158
1615
2996358
-7
-4
9
-3831
-1152
1616
2997383
16
-4
8
-3823
-1163
1619
2998408
35
-1
7
-3836
-1156
1616
2999433
44
0
7
-3863
-1120
1616
3000458
39
-5
7
-3869
-1102
1615
3001483
27
-8
5
-3855
-1097
1630
3002508
8
-8
3
-3851
-1091
1626
3003533
-11
-7
2
-3860
-1102
1624
3004558
-15
-9
3
-3875
-1144
1625
3005583
-4
-14
5
-3849
-1140
1623
3006608
-2
-13
8
-3816
-1104
1621
2999425
-10
-8
10
-3834
-1130
1621
3000450
-1
-7
9
-3851
-1162
1620
3001475
23
-5
7
-3849
-1146
1634
3002500
35
-4
5
-3839
-1098
1635
3003525
21
-4
8
-3847
-1108
1632
3004550
13
-6
8
-3845
-1104
1618
3005575
5
-5
5
-3856
-1104
1628
3006600
-2
-5
2
-3858
-1108
1637
3007625
-12
-1
1
-3849
-1094
1636
3008650
-23
-2
2
-3848
-1128
1627
3009675
-19
-6
3
-3828
-1135
1625
3010700
-8
-3
4
-3828
-1131
1618
3011725
1
-1
5
-3867
-1130
1638
3012750
10
-5
6
-3883
-1125
1632
3013775
14
-12
2
-3852
-1111
1621
3014800
11
-7
-1
-3825
-1120
1634
3007616
3
-2
2
-3830
-1100
1638
3008641
-13
-1
0
-3851
-1082
1632
3009666
-29
-4
-1
-3868
-1114
1626
3010691
-30
-8
1
-3854
-1137
1621
3011716
-24
-6
1
-3831
-1132
1629
3012741
-18
-2
2
-3833
-1137
1634
3013766
-7
-2
4
-3836
-1134
1624
3014791
5
-1
7
-3838
-1145
1617
3015816
19
-1
7
-3832
-1138
1618
3016841
24
2
4
-3841
-1107
1618
3017866
18
2
2
-3865
-1103
1623
3018891
2
-2
0
-3885
-1096
1632
3019916
-12
-7
0
-3861
-1105
1645
3020941
-26
-4
-2
-3841
-1105
1639
3021966
-40
1
-1
-3846
-1127
1622
3022991
-41
1
3
-3847
-1142
1613
3015808
-28
-4
5
-3833
-1148
1611
3016833
-10
-4
7
-3829
-1159
1617
3017858
14
-1
6
-3850
-1163
1623
3018883
33
-1
4
-3850
-1126
1625
3019908
36
-2
1
-3840
-1107
1628
3020933
26
-1
2
-3848
-1099
1621
3021958
7
-2
5
-3864
-1092
1615
3022983
-12
-5
7
-3863
-1106
1621
3024008
-22
-7
5
-3845
-1117
1631
3025033
-27
-3
2
-3848
-1131
1620
3026058
-23
-3
2
-3865
-1145
1623
3027083
-14
-7
1
-3850
-1133
1626
3028108
-4
-9
1
-3826
-1131
1622
3029133
-4
-5
3
-3833
-1129
1612
3030158
-3
-3
7
-3869
-1131
1618
3031183
3
-7
9
-3853
-1135
1613
3024000
12
-7
6
-3821
-1131
1619
3025025
19
2
5
-3838
-1138
1627
3026050
24
9
5
-3856
-1120
1626
3027075
24
6
3
-3868
-1095
1623
3028100
16
1
3
-3877
-1107
1621
3029125
4
-6
4
-3868
-1110
1614
3030150
-10
-8
5
-3851
-1102
1618
3031175
-17
-5
1
-3847
-1122
1617
3032200
-20
-3
-1
-3847
-1127
1620
3033225
-19
-5
1
-3841
-1127
1627
3034250
-7
-5
3
-3825
-1136
1615
3035275
4
-3
5
-3842
-1139
1619
3036300
10
0
7
-3872
-1125
1618
3037325
16
-5
7
-3864
-1127
1618
3038350
18
-8
3
-3840
-1109
1624
3039375
14
-3
3
-3846
-1118
1622
3032192
2
-3
4
-3873
-1114
1627
3033217
-9
-10
5
-3861
-1113
1616
3034242
-12
-15
0
-3831
-1125
1620
3035267
-15
-12
-9
-3842
-1110
1619
3036292
-24
-11
-13
-3863
-1128
1615
3037317
-26
-11
-15
-3845
-1117
1633
3038342
-27
-7
-19
-3794
-1087
1624
3039367
-42
8
-20
-3806
-1108
1625
3040392
-53
22
-8
-3875
-1184
1613
3041417
-30
16
5
-3868
-1182
1614
3042442
9
7
11
-3824
-1163
1605
3043467
43
6
9
-3824
-1177
1615
3044492
67
6
7
-3873
-1168
1607
3045517
79
-2
7
-3903
-1122
1624
3046542
72
-10
8
-3877
-1080
1640
3047567
45
-10
8
-3841
-1071
1631
3040385
9
-6
7
-3839
-1097
1613
3041410
-19
-5
6
-3862
-1119
1621
3042435
-39
-8
3
-3852
-1102
1622
3043460
-46
-12
-1
-3844
-1135
1600
3044485
-36
-13
-4
-3825
-1163
1613
3045510
-14
-9
-1
-3843
-1156
1624
3046535
-1
-10
-1
-3854
-1121
1630
3047560
-3
-14
-7
-3845
-1099
1628
3048585
-17
-16
-6
-3861
-1129
1616
3049610
-29
-17
-5
-3862
-1125
1626
3050635
-36
-17
1
-3860
-1130
1612
3051660
-34
-19
4
-3833
-1150
1620
3052685
-19
-15
6
-3834
-1171
1645
3053710
4
-13
6
-3847
-1179
1623
3054735
30
-13
7
-3845
-1157
1623
3055760
44
-17
6
-3850
-1123
1624
3048576
38
-19
2
-3835
-1098
1624
3049601
15
-16
0
-3843
-1107
1624
3050626
-8
-11
0
-3837
-1106
1633
3051651
-22
-7
1
-3825
-1108
1643
3052676
-26
-3
3
-3835
-1138
1629
3053701
-18
-2
4
-3832
-1160
1625
3054726
-1
0
6
-3840
-1172
1626
3055751
23
0
9
-3831
-1165
1643
3056776
44
3
11
-3817
-1146
1636
3057801
63
8
15
-3829
-1145
1622
3058826
76
7
17
-3859
-1133
1627
3059851
71
-1
15
-3881
-1088
1623
3060876
46
-13
7
-3898
-1076
1631
3061901
17
-22
1
-3864
-1081
1642
3062926
-15
-22
-4
-3852
-1072
1650
3063951
-46
-17
-2
-3837
-1085
1650
3056768
-67
-13
1
-3819
-1109
1632
3057793
-71
-8
4
-3812
-1147
1623
3058818
-49
-2
8
-3815
-1186
1624
3059843
-13
1
9
-3833
-1175
1619
3060868
16
-2
6
-3849
-1157
1624
3061893
33
-9
-1
-3863
-1137
1638
3062918
32
-14
-3
-3854
-1102
1638
3063943
21
-12
-2
-3827
-1080
1640
3064968
0
-2
5
-3831
-1088
1646
3065993
-20
7
12
-3845
-1104
1643
3067018
-28
8
13
-3849
-1124
1643
3068043
-22
3
10
-3839
-1151
1626
3069068
-7
1
6
-3813
-1159
1625
3070093
14
6
6
-3822
-1133
1621
3071118
24
10
7
-3850
-1119
1630
3072143
28
7
13
-3845
-1131
1638
3064960
41
8
18
-3833
-1129
1638
3065985
49
8
17
-3846
-1125
1632
3067010
44
4
8
-3870
-1094
1626
3068035
23
-3
-1
-3887
-1078
1626
3069060
-3
-10
-6
-3888
-1078
1643
3070085
-32
-12
-6
-3845
-1077
1640
3071110
-57
-8
-5
-3831
-1083
1632
3072135
-73
-6
-2
-3831
-1139
1632
3073160
-67
-5
0
-3847
-1164
1630
3074185
-43
-5
3
-3851
-1170
1618
3075210
-9
-8
4
-3827
-1175
1625
3076235
27
-4
5
-3824
-1160
1636
3077260
49
0
3
-3848
-1137
1630
3078285
54
-1
4
-3860
-1114
1635
3079310
52
-4
5
-3844
-1087
1641
3080335
32
-3
3
-3861
-1064
1629
3073151
-1
-5
1
-3875
-1095
1629
3074176
-26
-10
-1
-3858
-1108
1636
3075201
-37
-8
-2
-3853
-1108
1648
3076226
-42
-6
-1
-3841
-1115
1649
3077251
-41
-5
0
-3854
-1128
1622
3078276
-32
-7
3
-3838
-1165
1626
3079301
-8
-7
2
-3820
-1157
1630
3080326
10
-2
2
-3831
-1128
1633
3081351
13
0
4
-3861
-1115
1630
3082376
11
-7
5
-3860
-1134
1608
3083401
13
-10
4
-3838
-1127
1625
3084426
15
-1
6
-3832
-1121
1656
3085451
9
5
4
-3848
-1093
1647
3086476
-6
3
1
-3871
-1102
1637
3087501
-14
-8
1
-3854
-1127
1625
3088526
-15
-12
1
-3825
-1122
1615
3081344
-18
-7
1
-3828
-1129
1635
3082369
-14
0
4
-3850
-1150
1642
3083394
1
1
7
-3840
-1146
1637
3084419
19
1
9
-3840
-1133
1630
3085444
29
0
12
-3862
-1140
1627
3086469
32
-6
10
-3853
-1125
1618
3087494
27
-7
4
-3841
-1097
1628
3088519
15
-7
-1
-3852
-1100
1641
3089544
-10
-6
-6
-3852
-1074
1638
3090569
-38
-6
-4
-3862
-1108
1640
3091594
-49
-8
-3
-3838
-1121
1638
3092619
-52
-6
-1
-3827
-1138
1627
3093644
-38
-1
3
-3843
-1184
1629
3094669
-7
-2
7
-3849
-1175
1632
3095694
22
-5
11
-3839
-1146
1633
3096719
43
-6
10
-3828
-1145
1630
3089536
56
-3
7
-3827
-1127
1635
3090561
48
0
6
-3858
-1096
1629
3091586
30
-1
8
-3870
-1094
1633
3092611
8
-4
5
-3848
-1081
1640
3093636
-18
-3
3
-3833
-1094
1634
3094661
-39
-1
0
-3848
-1117
1625
3095686
-45
-2
-2
-3851
-1133
1642
3096711
-38
-4
-2
-3832
-1143
1637
3097736
-23
-4
-3
-3830
-1143
1628
3098761
-14
-4
-1
-3858
-1145
1627
3099786
-2
-8
2
-3846
-1152
1620
3100811
13
-5
4
-3839
-1143
1639
3101836
23
2
8
-3850
-1133
1646
3102861
24
1
7
-3861
-1101
1631
3103886
13
-5
6
-3865
-1104
1618
3104911
-2
-11
4
-3836
-1118
1623
3097728
-13
-9
4
-3826
-1111
1628
3098753
-23
-3
5
-3848
-1119
1632
3099778
-21
-2
8
-3860
-1147
1632
3100803
-3
-5
9
-3844
-1161
1625
3101828
16
-9
7
-3822
-1150
1620
3102853
29
-7
3
-3835
-1141
1631
3103878
34
-5
-1
-3836
-1112
1628
3104903
21
-4
-6
-3867
-1082
1630
3105928
-4
-6
-8
-3858
-1085
1640
3106953
-30
-4
-7
-3851
-1083
1636
3107978
-54
-4
-3
-3867
-1112
1641
3109003
-59
-7
-3
-3860
-1147
1635
3110028
-46
-7
0
-3842
-1170
1634
3111053
-23
-6
6
-3840
-1185
1621
3112078
10
-8
9
-3822
-1168
1625
3113103
42
-3
13
-3822
-1167
1639
3106100
67
0
17
-3825
-1157
1642
3107125
77
2
19
-3840
-1105
1639
3108150
64
0
17
-3855
-1084
1627
3109175
35
-5
11
-3847
-1075
1623
3110200
5
-3
7
-3843
-1072
1642
3111225
-25
0
4
-3855
-1071
1640
3112250
-55
0
-1
-3853
-1092
1639
3113275
-68
-1
-6
-3853
-1132
1634
3114300
-64
-1
-9
-3851
-1145
1631
3115325
-54
-1
-7
-3856
-1143
1621
3116350
-44
-3
-2
-3850
-1139
1627
3117375
-27
-5
2
-3821
-1155
1622
3118400
-4
-1
3
-3834
-1167
1626
3119425
19
4
7
-3848
-1152
1628
3120450
21
4
7
-3840
-1102
1628
3121475
14
3
5
-3848
-1114
1631
3114112
10
-1
2
-3852
-1131
1630
3115137
1
-1
2
-3850
-1116
1626
3116162
-15
1
3
-3844
-1105
1635
3117187
-30
3
6
-3836
-1131
1621
3118212
-22
3
10
-3820
-1176
1614
3119237
11
8
14
-3815
-1174
1620
3120262
39
10
15
-3843
-1146
1619
3121287
51
3
13
-3869
-1128
1610
3122312
49
-5
9
-3870
-1110
1623
3123337
37
-6
3
-3868
-1098
1634
3124362
14
-6
-2
-3851
-1072
1637
3125387
-18
-4
-2
-3859
-1074
1633
3126412
-49
-3
2
-3878
-1111
1623
3127437
-65
-7
3
-3866
-1134
1620
3128462
-58
-9
5
-3833
-1161
1612
3129487
-33
-5
6
-3820
-1178
1613
3122303
1
0
6
-3836
-1172
1622
3123328
26
1
5
-3853
-1145
1623
3124353
37
-3
7
-3861
-1125
1618
3125378
40
-7
7
-3840
-1115
1613
3126403
32
-3
4
-3833
-1094
1619
3127428
10
3
4
-3854
-1095
1619
3128453
-13
0
2
-3861
-1101
1624
3129478
-29
-3
3
-3849
-1112
1618
3130503
-36
-2
1
-3844
-1132
1614
3131528
-35
-1
0
-3846
-1142
1609
3132553
-26
-1
2
-3856
-1149
1620
3133578
-10
-4
3
-3852
-1154
1612
3134603
8
-7
3
-3833
-1153
1615
3135628
20
-3
2
-3817
-1145
1619
3136653
18
2
0
-3849
-1111
1622
3137678
5
0
0
-3888
-1102
1625
3130497
-9
-10
1
-3883
-1117
1619
3131522
-17
-15
3
-3829
-1123
1626
3132547
-25
-7
5
-3817
-1123
1629
3133572
-27
1
6
-3840
-1147
1625
3134597
-18
2
8
-3866
-1158
1614
3135622
1
-5
6
-3852
-1161
1611
3136647
20
-8
3
-3831
-1142
1617
3137672
25
-9
2
-3847
-1112
1609
3138697
11
-9
-2
-3872
-1096
1614
3139722
-7
-11
-1
-3873
-1113
1630
3140747
-25
-10
1
-3830
-1103
1630
3141772
-37
-4
5
-3823
-1130
1615
3142797
-31
1
7
-3842
-1172
1621
3143822
-15
0
9
-3858
-1159
1619
3144847
4
-4
12
-3852
-1168
1611
3145872
29
-8
10
-3823
-1158
1622
3138688
47
-3
9
-3829
-1136
1628
3139713
50
1
8
-3848
-1121
1622
3140738
40
1
9
-3875
-1101
1634
3141763
19
-3
10
-3885
-1088
1625
3142788
-5
-9
7
-3868
-1098
1623
3143813
-25
-11
4
-3841
-1109
1610
3144838
-33
-8
2
-3836
-1132
1625
3145863
-30
-3
2
-3842
-1132
1636
3146888
-25
-4
4
-3843
-1130
1621
3147913
-19
-6
4
-3836
-1141
1604
3148938
-2
-5
6
-3846
-1159
1620
3149963
19
-5
7
-3836
-1151
1621
3150988
31
0
7
-3844
-1129
1627
3152013
33
2
7
-3858
-1114
1633
3153038
19
-1
3
-3856
-1085
1622
3154063
-3
-4
2
-3867
-1100
1630
3146880
-19
-7
1
-3859
-1111
1630
3147905
-28
-7
3
-3847
-1118
1626
3148930
-35
-6
5
-3849
-1123
1624
3149955
-30
-6
7
-3840
-1152
1621
3150980
-13
-5
6
-3813
-1154
1621
3152005
11
-1
5
-3828
-1158
1609
3153030
30
0
5
-3849
-1147
1619
3154055
40
-3
4
-3854
-1117
1618
3155080
31
-5
-1
-3852
-1090
1620
3156105
3
-5
-4
-3861
-1086
1632
3157130
-27
-5
-2
-3868
-1098
1627
3158155
-44
-5
1
-3854
-1112
1633
3159180
-50
-3
1
-3847
-1136
1621
3160205
-46
-4
2
-3854
-1160
1620
3161230
-30
-7
2
-3847
-1163
1619
3162255
-8
-8
3
-3837
-1165
1622
3155072
15
-6
4
-3817
-1152
1623
3156097
30
-1
6
-3833
-1137
1610
3157122
34
-1
5
-3853
-1124
1618
3158147
25
-3
5
-3856
-1101
1623
3159172
1
-4
5
-3850
-1101
1620
3160197
-14
-4
4
-3840
-1120
1623
3161222
-16
-1
4
-3830
-1122
1637
3162247
-18
3
3
-3849
-1123
1618
3163272
-16
1
3
-3864
-1143
1612
3164297
-7
-3
4
-3855
-1152
1617
3165322
7
-4
5
-3849
-1140
1619
3166347
15
-3
5
-3836
-1132
1605
3167372
14
-1
4
-3852
-1116
1616
3168397
5
0
5
-3869
-1123
1628
3169422
-4
-4
3
-3847
-1112
1622
3170447
-13
-4
3
-3841
-1121
1628
3163263
-16
-5
2
-3848
-1135
1631
3164288
-18
-3
0
-3844
-1121
1613
3165313
-27
-3
0
-3857
-1117
1605
3166338
-34
-8
3
-3868
-1152
1606
3167363
-22
-11
6
-3848
-1171
1619
3168388
2
-7
9
-3816
-1171
1616
3169413
27
0
9
-3820
-1159
1615
3170438
42
1
9
-3838
-1142
1624
3171463
44
-2
7
-3873
-1124
1606
3172488
36
-10
4
-3880
-1110
1617
3173513
22
-11
2
-3842
-1095
1626
3174538
0
-6
1
-3840
-1089
1617
3175563
-21
-2
0
-3855
-1105
1634
3176588
-36
-1
1
-3870
-1122
1619
3177613
-38
-7
4
-3869
-1152
1612
3178638
-20
-11
6
-3823
-1169
1620
3171456
6
-5
6
-3825
-1159
1625
3172481
25
-1
5
-3841
-1141
1624
3173506
31
-2
5
-3864
-1118
1619
3174531
26
-7
6
-3874
-1112
1616
3175556
20
-11
4
-3841
-1108
1619
3176581
7
-6
5
-3832
-1103
1634
3177606
-11
-1
4
-3838
-1110
1625
3178631
-23
-2
2
-3854
-1129
1621
3179656
-23
-4
0
-3854
-1139
1626
3180681
-17
-4
-1
-3849
-1137
1623
3181706
-9
-6
0
-3852
-1139
1618
3182731
-3
-7
1
-3857
-1134
1626
3183756
0
-9
2
-3850
-1136
1611
3184781
1
-10
3
-3847
-1129
1618
3185806
4
-7
4
-3839
-1131
1630
3186831
6
-2
3
-3835
-1109
1622
3179648
-1
1
3
-3860
-1114
1625
3180673
-8
-5
3
-3860
-1132
1624
3181698
-8
-10
4
-3843
-1132
1627
3182723
-9
-9
3
-3833
-1124
1623
3183748
-13
-5
1
-3833
-1138
1621
3184773
-8
-2
2
-3842
-1145
1627
3185798
-2
-3
3
-3852
-1135
1616
3186823
5
-5
5
-3845
-1143
1626
3187848
10
-4
7
-3832
-1128
1626
3188873
10
-3
4
-3854
-1109
1617
3189898
0
-5
0
-3873
-1128
1617
3190923
-5
-7
-1
-3856
-1126
1632
3191948
-12
-3
0
-3845
-1113
1631
3192973
-19
-2
2
-3846
-1131
1622
3193998
-20
-1
5
-3862
-1142
1620
3195023
-11
-4
7
-3864
-1172
1621
3187839
9
-6
9
-3843
-1157
1624
3188864
21
-4
11
-3817
-1129
1623
3189889
27
-1
9
-3821
-1133
1623
3190914
34
2
7
-3849
-1122
1625
3191939
32
0
5
-3872
-1108
1626
3192964
13
-4
3
-3870
-1095
1633
3193989
-7
-7
3
-3852
-1100
1620
3195014
-17
-7
2
-3828
-1127
1611
3196039
-22
-1
-1
-3831
-1138
1627
3197064
-22
6
0
-3857
-1152
1625
3198089
-14
2
0
-3838
-1142
1627
3199114
-6
1
-1
-3836
-1135
1607
3200139
3
-1
0
-3848
-1150
1622
3201164
11
-1
-1
-3846
-1139
1614
3202189
19
1
-2
-3852
-1130
1624
3203214
21
4
1
-3862
-1117
1631
3196032
18
1
3
-3860
-1106
1623
3197057
12
2
6
-3873
-1122
1635
3198082
8
-2
7
-3861
-1126
1627
3199107
2
-2
6
-3848
-1123
1626
3200132
1
-2
7
-3858
-1131
1621
3201157
0
-8
7
-3879
-1115
1608
3202182
-7
-19
6
-3873
-1131
1597
3203207
-3
-23
6
-3828
-1150
1629
3204232
4
-13
7
-3823
-1125
1630
3205257
-2
-7
5
-3844
-1103
1624
3206282
-10
-7
2
-3869
-1123
1619
3207307
-10
-11
4
-3857
-1143
1612
3208332
-6
-12
2
-3821
-1124
1618
3209357
-8
-6
2
-3828
-1120
1624
3210382
-9
-5
0
-3851
-1137
1621
3211407
-9
-6
-2
-3860
-1137
1634
3204224
-9
-10
-1
-3864
-1132
1626
3205249
-11
-14
-1
-3836
-1123
1635
3206274
-17
-10
-1
-3829
-1124
1627
3207299
-20
-3
0
-3831
-1135
1627
3208324
-17
1
3
-3850
-1138
1620
3209349
-15
-3
2
-3848
-1133
1616
3210374
-13
-5
1
-3833
-1151
1624
3211399
-4
-1
2
-3843
-1146
1630
3212424
3
1
5
-3846
-1135
1621
3213449
8
1
7
-3836
-1135
1622
3214474
16
-1
8
-3835
-1133
1624
3215499
18
0
5
-3862
-1135
1611
3216524
11
-4
3
-3890
-1120
1636
3217549
2
-10
3
-3858
-1122
1624
3218574
-7
-8
0
-3824
-1119
1619
3219599
-12
-1
2
-3821
-1142
1630
3212415
-16
5
4
-3846
-1128
1629
3213440
-17
2
6
-3867
-1134
1629
3214465
-11
-7
4
-3863
-1153
1615
3215490
-5
-11
-1
-3840
-1141
1623
3216515
-4
-10
-2
-3840
-1129
1638
3217540
-6
-10
-3
-3842
-1119
1627
3218565
-13
-9
-1
-3830
-1128
1620
3219590
-18
-6
2
-3823
-1133
1625
3220615
-15
1
6
-3833
-1156
1622
3221640
-3
4
11
-3852
-1168
1620
3222665
15
3
10
-3862
-1148
1620
3223690
25
-1
7
-3871
-1143
1627
3224715
25
-6
4
-3853
-1122
1617
3225740
15
-6
3
-3841
-1094
1621
3226765
-1
-3
4
-3861
-1100
1632
3227790
-23
-4
7
-3851
-1103
1625
3220609
-39
-6
7
-3858
-1133
1612
3221634
-36
-10
4
-3822
-1163
1618
3222659
-23
-5
4
-3827
-1155
1620
3223684
-8
1
3
-3842
-1153
1612
3224709
4
2
1
-3846
-1139
1611
3225734
9
-2
5
-3856
-1143
1613
3226759
7
-4
6
-3846
-1130
1614
3227784
4
-1
7
-3847
-1133
1623
3228809
4
1
6
-3846
-1135
1629
3229834
4
2
4
-3856
-1128
1610
3230859
3
-1
1
-3850
-1135
1617
3231884
-5
-3
0
-3861
-1129
1619
3232909
-10
-5
1
-3851
-1130
1609
3233934
-14
-4
-1
-3838
-1141
1622
3234959
-9
2
2
-3847
-1154
1631
3235984
-5
5
1
-3859
-1120
1617
3228800
-9
1
-2
-3867
-1126
1612
3229825
-12
-6
-2
-3856
-1139
1627
3230850
-14
-8
1
-3853
-1138
1617
3231875
-13
-6
4
-3859
-1147
1615
3232900
-9
-10
6
-3850
-1148
1611
3233925
-1
-13
5
-3833
-1147
1616
3234950
8
-11
3
-3845
-1160
1612
3235975
19
-11
1
-3840
-1145
1613
3237000
19
-10
0
-3841
-1113
1620
3238025
8
-8
-2
-3848
-1116
1628
3239050
-7
-9
-2
-3849
-1113
1632
3240075
-21
-10
-1
-3843
-1119
1619
3241100
-26
-12
0
-3843
-1149
1621
3242125
-22
-12
0
-3842
-1153
1627
3243150
-14
-11
4
-3839
-1155
1617
3244175
-1
-10
7
-3842
-1160
1626
3236992
16
-9
10
-3851
-1162
1611
3238017
33
-8
15
-3841
-1156
1625
3239042
49
-2
18
-3837
-1138
1641
3240067
51
1
15
-3827
-1111
1626
3241092
40
1
8
-3829
-1101
1614
3242117
18
3
2
-3876
-1102
1619
3243142
-12
-3
-1
-3873
-1078
1631
3244167
-41
-8
-2
-3845
-1096
1632
3245192
-55
-8
-2
-3839
-1136
1625
3246217
-52
-4
-3
-3853
-1164
1630
3247242
-42
-5
-3
-3857
-1165
1623
3248267
-27
-9
-4
-3827
-1164
1613
3249292
-10
-6
-1
-3812
-1174
1620
3250317
11
1
6
-3824
-1156
1629
3251342
20
5
7
-3856
-1124
1625
3252367
18
1
4
-3860
-1126
1618
3245258
14
-3
0
-3847
-1131
1627
3246283
4
0
-1
-3848
-1117
1623
3247308
-14
0
-2
-3860
-1117
1620
3248333
-29
-3
0
-3852
-1129
1627
3249358
-37
-5
1
-3848
-1144
1629
3250383
-32
-5
1
-3856
-1159
1611
3251408
-21
-10
-1
-3853
-1159
1615
3252433
-14
-10
-3
-3847
-1148
1622
3253458
-10
-8
-4
-3843
-1154
1628
3254483
-9
-5
-5
-3831
-1121
1622
3255508
-21
-3
-3
-3840
-1135
1611
3256533
-26
-3
3
-3819
-1177
1614
3257558
-11
1
5
-3800
-1165
1604
3258583
1
8
4
-3828
-1161
1613
3259608
7
9
4
-3903
-1177
1628
3260633
19
0
9
-3929
-1184
1634
3253376
36
-13
10
-3846
-1148
1631
3254401
38
-12
6
-3800
-1116
1618
3255426
16
-9
1
-3819
-1100
1599
3256451
-24
-13
-2
-3878
-1107
1607
3257476
-51
-22
-2
-3874
-1136
1630
3258501
-59
-23
-5
-3831
-1130
1630
3259526
-63
-18
-4
-3843
-1166
1627
3260551
-62
-15
-7
-3825
-1182
1628
3261576
-55
-9
-7
-3808
-1175
1620
3262601
-40
-1
-2
-3832
-1191
1625
3263626
-20
-2
5
-3841
-1183
1618
3264651
-5
-8
12
-3838
-1168
1595
3265676
8
-13
12
-3823
-1191
1606
3266701
22
-8
10
-3833
-1177
1635
3267726
30
-1
11
-3866
-1145
1647
3268751
24
-5
8
-3850
-1120
1646
3261571
3
-7
7
-3838
-1119
1616
3262596
-21
-5
7
-3835
-1155
1608
3263621
-37
0
7
-3832
-1158
1614
3264646
-39
3
5
-3819
-1153
1624
3265671
-31
5
1
-3816
-1172
1612
3266696
-15
7
1
-3826
-1195
1605
3267721
3
8
1
-3838
-1186
1606
3268746
13
9
-1
-3854
-1154
1614
3269771
7
7
-1
-3879
-1140
1623
3270796
-7
2
1
-3876
-1141
1621
3271821
-20
-2
-2
-3847
-1132
1610
3272846
-29
-2
-4
-3832
-1163
1615
3273871
-38
-2
-8
-3849
-1155
1609
3274896
-43
-4
-7
-3844
-1166
1606
3275921
-42
-3
-7
-3837
-1179
1606
3276946
-34
0
-2
-3836
-1192
1607
3269760
-18
5
3
-3832
-1189
1614
3270785
-1
7
9
-3847
-1198
1599
3271810
20
6
11
-3863
-1204
1603
3272835
36
3
12
-3861
-1174
1613
3273860
44
0
12
-3851
-1169
1601
3274885
46
-4
10
-3830
-1157
1601
3275910
38
-2
7
-3831
-1138
1608
3276935
24
1
6
-3827
-1153
1605
3277960
16
3
6
-3842
-1160
1611
3278985
12
2
8
-3884
-1166
1618
3280010
12
-9
4
-3861
-1158
1596
3281035
13
-11
0
-3824
-1165
1608
3282060
12
-6
1
-3838
-1170
1608
3283085
6
-6
0
-3856
-1139
1603
3284110
3
-10
2
-3855
-1163
1613
3285135
0
-11
5
-3843
-1161
1615
3277952
-7
-13
8
-3848
-1152
1609
3278977
-13
-14
8
-3855
-1172
1600
3280002
-4
-13
8
-3827
-1181
1612
3281027
13
-5
9
-3807
-1174
1615
3282052
23
2
10
-3829
-1162
1613
3283077
24
-1
12
-3852
-1158
1601
3284102
27
-5
10
-3841
-1159
1610
3285127
29
-2
8
-3836
-1155
1624
3286152
18
2
7
-3847
-1113
1619
3287177
-5
0
4
-3876
-1112
1605
3288202
-24
-6
0
-3856
-1144
1621
3289227
-31
-5
-1
-3825
-1148
1612
3290252
-35
1
0
-3818
-1157
1606
3291277
-30
7
3
-3857
-1183
1601
3292302
-13
2
5
-3859
-1193
1610
3293327
3
0
4
-3824
-1166
1608
3286144
14
1
3
-3822
-1165
1603
3287169
14
0
1
-3847
-1145
1599
3288194
7
-1
2
-3865
-1151
1609
3289219
-1
-3
3
-3853
-1138
1623
3290244
-13
-2
2
-3834
-1129
1610
3291269
-24
0
1
-3834
-1158
1608
3292294
-26
0
0
-3855
-1166
1601
3293319
-25
-5
0
-3885
-1167
1599
3294344
-22
-15
-3
-3850
-1168
1605
3295369
-14
-15
-5
-3826
-1163
1610
3296394
-9
-8
-4
-3837
-1169
1616
3297419
-5
-1
2
-3862
-1166
1622
3298444
-3
-4
5
-3858
-1143
1602
3299469
-4
-10
6
-3839
-1157
1599
3300494
-6
-9
8
-3838
-1171
1594
3301519
-8
-6
8
-3834
-1176
1597
3294336
-7
-3
6
-3844
-1170
1612
3295361
-1
-4
7
-3851
-1171
1601
3296386
2
-8
6
-3829
-1155
1599
3297411
1
-3
7
-3826
-1174
1607
3298436
7
2
8
-3846
-1169
1612
3299461
6
0
7
-3881
-1137
1602
3300486
-6
-8
6
-3881
-1160
1607
3301511
-7
-12
3
-3828
-1157
1620
3302536
-5
-6
3
-3821
-1153
1613
3303561
-12
-2
4
-3852
-1149
1606
3304586
-17
-4
7
-3877
-1173
1610
3305611
-10
-8
9
-3840
-1192
1610
3306636
6
-4
8
-3823
-1188
1611
3307661
17
1
8
-3832
-1162
1607
3308686
20
1
7
-3850
-1163
1604
3309711
22
-1
7
-3855
-1164
1606
3302527
23
-3
8
-3851
-1141
1608
3303552
13
-3
6
-3838
-1129
1603
3304577
-1
-1
3
-3846
-1140
1606
3305602
-16
-3
1
-3861
-1152
1607
3306627
-25
-7
1
-3851
-1158
1598
3307652
-24
-6
3
-3846
-1163
1607
3308677
-15
-5
5
-3845
-1178
1605
3309702
-5
-7
4
-3850
-1172
1598
3310727
5
-8
4
-3862
-1174
1603
3311752
15
-9
4
-3847
-1162
1617
3312777
15
-6
4
-3836
-1126
1615
3313802
4
-2
3
-3846
-1137
1614
3314827
-10
-4
3
-3860
-1153
1598
3315852
-18
-8
4
-3856
-1161
1597
3316877
-17
-9
4
-3837
-1163
1611
3317902
-9
-6
5
-3823
-1167
1611
3310720
1
-1
6
-3822
-1175
1610
3311745
11
0
6
-3840
-1168
1607
3312770
17
-4
5
-3855
-1158
1597
3313795
17
-9
4
-3855
-1159
1614
3314820
11
-7
2
-3846
-1142
1615
3315845
-2
-5
1
-3842
-1145
1615
3316870
-15
-2
-1
-3839
-1136
1615
3317895
-27
-2
1
-3861
-1153
1609
3318920
-30
-7
3
-3868
-1171
1606
3319945
-24
-10
3
-3829
-1173
1609
3320970
-14
-8
1
-3814
-1173
1615
3321995
-4
-4
-1
-3841
-1176
1600
3323020
3
-3
-1
-3856
-1161
1607
3324045
4
-5
3
-3840
-1155
1618
3325070
3
-4
5
-3821
-1147
1609
3326095
-2
0
7
-3837
-1162
1596
3319050
-7
1
6
-3860
-1173
1603
3320075
-2
-1
3
-3857
-1174
1616
3321100
5
-2
1
-3836
-1157
1616
3322125
3
1
1
-3836
-1150
1602
3323150
-2
2
2
-3867
-1155
1613
3324175
-9
-5
4
-3869
-1150
1591
3325200
-13
-10
1
-3830
-1165
1603
3326225
-9
-3
1
-3826
-1177
1623
3327250
-9
3
1
-3854
-1163
1607
3328275
-11
-1
-1
-3866
-1154
1604
3329300
-12
-7
2
-3855
-1167
1605
3330325
-9
-12
4
-3837
-1164
1604
3331350
-7
-9
7
-3839
-1173
1601
3332375
-1
-6
7
-3846
-1185
1596
3333400
11
-6
6
-3837
-1180
1607
3334425
22
-3
4
-3831
-1168
1600
3327103
24
0
4
-3858
-1158
1596
3328128
21
-4
4
-3871
-1158
1614
3329153
11
-8
2
-3857
-1133
1616
3330178
-9
-9
3
-3869
-1146
1603
3331203
-20
-12
3
-3849
-1164
1610
3332228
-19
-11
1
-3832
-1162
1612
3333253
-18
-9
-2
-3847
-1167
1609
3334278
-19
-8
-1
-3853
-1177
1608
3335303
-14
-9
0
-3837
-1171
1614
3336328
-2
-7
-1
-3818
-1173
1609
3337353
9
-2
-1
-3830
-1175
1597
3338378
16
-1
-1
-3835
-1172
1596
3339403
31
-1
-5
-3835
-1182
1606
3340428
35
1
-5
-3834
-1154
1618
3341453
25
4
-1
-3830
-1125
1612
3342478
6
7
4
-3833
-1151
1607
3335297
-1
9
3
-3833
-1155
1607
3336322
-10
9
0
-3845
-1136
1601
3337347
-32
6
-5
-3862
-1137
1595
3338372
-52
2
-10
-3871
-1147
1621
3339397
-71
0
-14
-3874
-1145
1613
3340422
-86
-2
-15
-3861
-1158
1603
3341447
-84
0
-14
-3859
-1208
1604
3342472
-11
-4
-9
-3832
-1218
1615
3343497
-33
5
-7
-3835
-1154
1587
3344522
-47
5
2
-3835
-1242
1577
3345547
-12
2
0
-3846
-1230
1581
3346572
11
-3
1
-3850
-1207
1586
3347597
18
-5
-1
-3837
-1176
1585
3348622
16
-1
3
-3837
-1185
1592
3349647
11
2
8
-3826
-1172
1602
3350672
6
6
13
-3850
-1179
1601
3343488
4
4
16
-3867
-1186
1589
3344513
6
-4
12
-3863
-1182
1587
3345538
6
-9
7
-3861
-1181
1582
3346563
4
-13
4
-3852
-1180
1591
3347588
-5
-15
3
-3858
-1155
1596
3348613
-20
-17
4
-3848
-1168
1599
3349638
-26
-15
5
-3820
-1188
1598
3350663
-23
-9
9
-3829
-1191
1594
3351688
-19
-5
11
-3849
-1201
1585
3352713
-5
-7
10
-3848
-1206
1594
3353738
11
-7
10
-3828
-1201
1601
3354763
29
-2
11
-3821
-1203
1600
3355788
39
2
13
-3833
-1172
1596
3356813
36
3
14
-3863
-1170
1603
3357838
28
-2
12
-3871
-1169
1592
3358863
19
-8
11
-3865
-1162
1606
3351680
10
-8
10
-3855
-1162
1611
3352705
-2
-6
7
-3857
-1158
1595
3353730
-13
-9
6
-3849
-1166
1600
3354755
-16
-11
5
-3853
-1185
1600
3355780
-11
-11
7
-3841
-1189
1595
3356805
0
-12
10
-3829
-1182
1589
3357830
12
-9
10
-3841
-1190
1594
3358855
28
-9
9
-3841
-1196
1612
3359880
38
-6
8
-3831
-1158
1606
3360905
36
-5
6
-3844
-1156
1603
3361930
27
-7
4
-3850
-1156
1609
3362955
13
-9
4
-3850
-1141
1605
3363980
-6
-10
2
-3855
-1152
1597
3365005
-19
-11
1
-3850
-1165
1608
3366030
-23
-12
1
-3839
-1170
1613
3367055
-20
-13
1
-3838
-1189
1602
3359872
-9
-10
3
-3835
-1195
1615
3360897
5
-8
6
-3833
-1189
1607
3361922
16
-7
5
-3849
-1170
1603
3362947
19
-9
5
-3856
-1171
1608
3363972
22
-9
5
-3842
-1163
1615
3364997
20
-6
6
-3836
-1162
1617
3366022
16
-2
8
-3851
-1159
1606
3367047
10
-6
9
-3848
-1163
1611
3368072
11
-8
9
-3837
-1178
1613
3369097
18
-3
8
-3834
-1174
1619
3370122
23
-2
7
-3845
-1168
1613
3371147
25
-4
7
-3852
-1154
1603
3372172
21
-8
7
-3845
-1150
1615
3373197
13
-8
6
-3837
-1148
1618
3374222
3
-6
6
-3845
-1142
1616
3375247
-8
-5
7
-3865
-1143
1614
3368065
-14
-8
4
-3858
-1157
1615
3369090
-15
-10
0
-3834
-1155
1623
3370115
-13
-6
-1
-3829
-1157
1618
3371140
-11
-3
0
-3833
-1163
1608
3372165
-7
-2
2
-3846
-1164
1602
3373190
-5
-5
2
-3858
-1160
1614
3374215
-3
-8
5
-3849
-1170
1615
3375240
2
-9
4
-3840
-1165
1606
3376265
10
-5
4
-3841
-1165
1622
3377290
15
-1
4
-3855
-1161
1626
3378315
9
-2
3
-3846
-1135
1620
3379340
0
-4
2
-3833
-1142
1628
3380365
-8
-3
3
-3838
-1168
1608
3381390
-13
-3
3
-3838
-1156
1610
3382415
-17
-3
4
-3849
-1159
1611
3383440
-12
-6
4
-3842
-1187
1611
3376256
0
-5
4
-3823
-1184
1601
3377281
13
0
4
-3824
-1173
1611
3378306
26
1
5
-3847
-1171
1623
3379331
33
0
6
-3858
-1138
1612
3380356
25
-3
4
-3865
-1133
1615
3381381
10
-7
2
-3855
-1146
1618
3382406
-4
-7
0
-3843
-1134
1622
3383431
-16
-5
1
-3848
-1144
1629
3384456
-26
-4
1
-3846
-1155
1613
3385481
-30
-6
4
-3840
-1159
1607
3386506
-21
-6
7
-3833
-1188
1615
3387531
-1
-3
8
-3834
-1196
1617
3388556
20
0
8
-3831
-1181
1627
3389581
35
3
7
-3834
-1162
1621
3390606
40
3
7
-3847
-1141
1612
3391631
33
1
9
-3856
-1141
1615
3384448
21
-2
10
-3858
-1131
1609
3385473
8
-3
10
-3850
-1137
1614
3386498
-2
-2
8
-3841
-1141
1621
3387523
-7
2
6
-3840
-1151
1623
3388548
-8
2
4
-3841
-1155
1609
3389573
-6
0
3
-3841
-1160
1606
3390598
-2
-2
4
-3836
-1153
1611
3391623
2
2
5
-3843
-1159
1612
3392648
4
1
8
-3859
-1146
1614
3393673
5
-2
6
-3846
-1144
1600
3394698
6
-2
5
-3839
-1153
1612
3395723
5
2
8
-3848
-1149
1620
3396748
4
3
8
-3854
-1135
1620
3397773
3
0
6
-3865
-1145
1607
3398798
-1
-7
4
-3860
-1145
1612
3399823
-5
-9
4
-3844
-1142
1610
3392640
-10
-7
4
-3843
-1139
1612
3393665
-17
-5
5
-3838
-1157
1607
3394690
-10
-3
8
-3818
-1173
1606
3395715
4
0
9
-3835
-1174
1615
3396740
18
1
9
-3847
-1171
1612
3397765
25
-2
6
-3853
-1142
1604
3398790
20
-7
3
-3868
-1127
1614
3399815
8
-9
0
-3856
-1129
1622
3400840
-7
-6
0
-3845
-1112
1622
3401865
-27
-4
0
-3843
-1122
1620
3402890
-42
-3
2
-3844
-1148
1607
3403915
-41
-3
5
-3843
-1177
1600
3404940
-20
-2
6
-3833
-1200
1610
3405965
10
-2
7
-3833
-1185
1606
3406990
34
-3
7
-3848
-1173
1606
3408015
51
-4
7
-3856
-1158
1622
3400832
54
-5
6
-3855
-1115
1622
3401857
32
-7
3
-3855
-1088
1608
3402882
-2
-7
0
-3851
-1106
1613
3403907
-27
-4
1
-3853
-1127
1617
3404932
-41
-4
3
-3854
-1136
1617
3405957
-41
-5
4
-3839
-1159
1611
3406982
-27
-5
3
-3826
-1177
1606
3408007
-9
-4
2
-3829
-1179
1602
3409032
7
-2
3
-3863
-1166
1609
3410057
17
-7
5
-3855
-1147
1609
3411082
20
-7
4
-3836
-1127
1612
3412107
16
-4
3
-3837
-1141
1618
3413132
8
1
4
-3844
-1120
1618
3414157
-8
0
4
-3871
-1125
1623
3415182
-17
-5
5
-3873
-1143
1616
3416207
-21
-11
2
-3854
-1135
1600
3409024
-24
-11
2
-3847
-1163
1610
3410049
-17
-9
1
-3830
-1165
1610
3411074
-12
-4
3
-3816
-1148
1615
3412099
-10
0
7
-3821
-1163
1602
3413124
6
2
8
-3842
-1176
1611
3414149
22
1
9
-3849
-1165
1605
3415174
29
-3
4
-3843
-1141
1606
3416199
19
-4
0
-3865
-1135
1610
3417224
2
-6
-1
-3866
-1136
1627
3418249
-19
-6
-2
-3846
-1105
1622
3419274
-39
-4
1
-3844
-1129
1615
3420299
-50
-2
2
-3840
-1160
1601
3421324
-41
-2
3
-3846
-1186
1621
3422349
-21
-2
4
-3842
-1196
1611
3423374
-1
-4
5
-3828
-1169
1609
3424399
14
-4
5
-3840
-1166
1603
3417215
25
-4
4
-3837
-1152
1602
3418240
28
-2
5
-3846
-1139
1616
3419265
18
1
6
-3862
-1125
1612
3420290
2
-1
6
-3859
-1135
1603
3421315
-9
-4
5
-3837
-1141
1616
3422340
-12
-1
5
-3837
-1152
1609
3423365
-15
2
3
-3853
-1151
1608
3424390
-13
-1
3
-3856
-1153
1605
3425415
-11
-6
2
-3852
-1156
1599
3426440
-7
-6
0
-3836
-1159
1605
3427465
-3
-1
2
-3849
-1148
1616
3428490
-8
-1
4
-3867
-1148
1611
3429515
-8
-6
3
-3855
-1159
1602
3430540
-2
-7
4
-3845
-1165
1611
3431565
3
-2
3
-3834
-1151
1613
3432590
0
3
1
-3852
-1131
1613
3425409
-6
0
1
-3874
-1144
1613
3426434
-11
-8
0
-3849
-1149
1605
3427459
-13
-6
3
-3823
-1153
1598
3428484
-15
-2
4
-3835
-1155
1603
3429509
-13
-1
5
-3846
-1173
1600
3430534
-1
-1
7
-3835
-1177
1605
3431559
16
-1
7
-3835
-1168
1608
3432584
29
-1
6
-3840
-1168
1610
3433609
33
-3
6
-3866
-1136
1605
3434634
22
-7
3
-3884
-1123
1592
3435659
2
-12
-1
-3872
-1132
1614
3436684
-15
-11
-3
-3831
-1120
1618
3437709
-35
-3
-2
-3835
-1131
1605
3438734
-43
0
0
-3854
-1175
1609
3439759
-35
-6
2
-3856
-1180
1614
3440784
-20
-10
1
-3842
-1180
1602
3433601
1
-12
-1
-3839
-1184
1593
3434626
17
-11
-2
-3846
-1160
1604
3435651
19
-9
-1
-3853
-1152
1611
3436676
14
-8
2
-3853
-1141
1612
3437701
-1
-5
5
-3841
-1135
1607
3438726
-15
-3
6
-3824
-1161
1597
3439751
-3
2
2
-3829
-1197
1595
3440776
18
9
-3
-3833
-1195
1612
3441801
33
20
-7
-3820
-1169
1617
3442826
48
26
-9
-3846
-1174
1593
3443851
62
23
-12
-3866
-1162
1590
3444876
60
19
-8
-3865
-1142
1597
3445901
43
12
-4
-3834
-1118
1607
3446926
22
15
-6
-3840
-1108
1621
3447951
7
12
-3
-3902
-1145
1615
3448976
-3
-8
-9
-3899
-1137
1597
3441793
-15
-21
-18
-3869
-1126
1611
3442818
-32
-24
-17
-3879
-1154
1611
3443843
-50
-25
-20
-3851
-1123
1606
3444868
-68
-25
-16
-3823
-1138
1604
3445893
-67
-20
-8
-3804
-1203
1608
3446918
-41
-10
-1
-3801
-1222
1593
3447943
-2
-2
3
-3842
-1239
1602
3448968
30
-5
-1
-3888
-1190
1594
3449993
38
-14
-4
-3893
-1182
1598
3451018
43
-18
-5
-3823
-1171
1632
3452043
34
-9
1
-3833
-1118
1615
3453068
-8
-11
6
-3865
-1087
1634
3454093
-63
-23
8
-3918
-1098
1596
3455118
-103
-41
1
-3871
-1173
1594
3456143
-98
-34
-8
-3755
-1228
1630
3457168
-70
-4
-9
-3792
-1203
1623
3449984
-46
4
-7
-3815
-1226
1588
3451009
-5
1
-6
-3758
-1254
1595
3452034
43
9
8
-3711
-1271
1584
3453059
97
26
21
-3737
-1247
1577
3454084
136
38
32
-3785
-1167
1598
3455109
143
37
39
-3928
-1146
1584
3456134
133
14
38
-3941
-1197
1615
3457159
108
7
18
-3862
-1114
1620
3458184
104
18
13
-3892
-1086
1641
3459209
66
16
6
-3846
-1053
1628
3460234
14
18
8
-3913
-1088
1600
3461259
-23
1
6
-3915
-1138
1576
3462284
-46
-10
3
-3844
-1127
1589
3463309
-54
-3
4
-3831
-1161
1619
3464334
-37
1
9
-3825
-1221
1623
3465359
-3
4
14
-3827
-1171
1623
3458206
28
0
17
-3826
-1175
1578
3459231
43
2
9
-3852
-1154
1596
3460256
53
9
13
-3884
-1190
1633
3461281
59
8
11
-3808
-1079
1611
3462306
29
9
12
-3901
-1068
1572
3463331
1
-9
10
-3933
-1178
1604
3464356
3
-17
7
-3832
-1125
1628
3465381
-15
-3
10
-3851
-1077
1605
3466406
-37
-2
12
-3894
-1142
1620
3467431
-36
-4
22
-3898
-1175
1602
3468456
-9
-6
28
-3852
-1195
1580
3469481
20
-7
22
-3789
-1154
1593
3470506
31
3
25
-3803
-1138
1615
3471531
22
4
24
-3877
-1114
1590
3472556
16
-8
21
-3861
-1133
1593
3473581
13
-10
18
-3851
-1113
1601
3466369
6
-9
12
-3838
-1104
1605
3467394
-16
-6
3
-3843
-1075
1625
3468419
-40
-6
4
-3903
-1107
1606
3469444
-54
-15
5
-3889
-1130
1602
3470469
-53
-17
9
-3855
-1133
1609
3471494
-49
-11
12
-3835
-1147
1600
3472519
-42
-7
11
-3833
-1148
1594
3473544
-27
-7
12
-3827
-1154
1614
3474569
-16
-6
11
-3793
-1140
1588
3475594
-9
4
13
-3806
-1164
1581
3476619
12
12
14
-3830
-1171
1594
3477644
38
16
12
-3841
-1134
1606
3478669
43
19
10
-3842
-1121
1600
3479694
36
16
10
-3879
-1127
1594
3480719
35
8
6
-3904
-1133
1603
3481744
42
6
-1
-3882
-1125
1611
3474560
45
14
2
-3867
-1091
1617
3475585
20
11
5
-3928
-1070
1627
3476610
-8
-6
9
-3954
-1085
1580
3477635
-26
-30
-2
-3868
-1098
1595
3478660
-48
-27
-11
-3829
-1087
1611
3479685
-89
-18
-15
-3839
-1057
1593
3480710
-133
-13
-12
-3868
-1101
1585
3481735
-137
-13
0
-3861
-1205
1590
3482760
-95
-12
10
-3788
-1238
1576
3483785
-38
4
12
-3781
-1211
1585
3484810
9
15
14
-3856
-1208
1583
3485835
54
5
10
-3866
-1196
1587
3486860
89
-3
6
-3860
-1119
1593
3487885
78
-7
4
-3875
-1064
1605
3488910
22
-10
3
-3908
-1039
1595
3489935
-42
-15
3
-3953
-1075
1612
3482752
-80
-23
7
-3919
-1147
1610
3483777
-83
-27
6
-3811
-1134
1587
3484802
-74
-17
1
-3763
-1142
1579
3485827
-56
-4
3
-3840
-1201
1577
3486852
-27
-10
11
-3871
-1195
1573
3487877
13
-13
21
-3839
-1160
1596
3488902
48
-9
25
-3817
-1156
1605
3489927
62
-1
25
-3884
-1130
1595
3490952
55
-10
28
-3934
-1140
1599
3491977
57
-24
26
-3881
-1119
1607
3493002
62
-27
20
-3824
-1085
1604
3494027
36
-19
13
-3865
-1059
1615
3495052
-10
-23
11
-3920
-1090
1598
3496077
-40
-35
4
-3877
-1101
1608
3497102
-45
-30
3
-3819
-1127
1619
3498127
-43
-17
4
-3812
-1137
1629
3490944
-37
-14
5
-3818
-1145
1601
3491969
-19
-17
2
-3826
-1151
1587
3492994
13
-19
-6
-3801
-1179
1607
3494019
50
-6
-5
-3846
-1177
1623
3495044
69
-5
-2
-3884
-1115
1635
3496069
64
-12
1
-3881
-1082
1610
3497094
50
-17
2
-3822
-1095
1633
3498119
26
-7
9
-3841
-1076
1630
3499144
-11
-4
11
-3859
-1064
1616
3500169
-43
-6
7
-3844
-1090
1616
3501194
-51
-3
2
-3837
-1133
1632
3502219
-52
1
-8
-3841
-1125
1623
3503244
-58
3
-13
-3849
-1123
1611
3504269
-57
2
-11
-3852
-1141
1629
3505294
-39
1
-8
-3859
-1177
1610
3506319
-12
0
-8
-3868
-1159
1598
3499136
6
-1
-5
-3850
-1165
1600
3500161
25
2
0
-3824
-1144
1614
3501186
33
6
6
-3857
-1096
1613
3502211
20
0
9
-3870
-1116
1610
3503236
6
-5
4
-3844
-1124
1609
3504261
-5
1
2
-3837
-1130
1612
3505286
-13
5
-1
-3853
-1112
1618
3506311
-33
2
3
-3894
-1116
1609
3507336
-42
-11
3
-3857
-1153
1605
3508361
-28
-13
-2
-3820
-1160
1611
3509386
-20
-9
-7
-3848
-1136
1608
3510411
-31
-10
-14
-3863
-1115
1605
3511436
-38
-11
-11
-3856
-1131
1620
3512461
-38
-12
-4
-3857
-1131
1624
3513486
-40
-16
6
-3867
-1155
1605
3514511
-24
-15
14
-3861
-1180
1608
3507327
5
-14
15
-3850
-1186
1624
3508352
25
-16
11
-3847
-1153
1618
3509377
30
-10
8
-3856
-1135
1622
3510402
23
-13
6
-3831
-1119
1616
3511427
9
-10
7
-3803
-1114
1618
3512452
-2
-5
9
-3797
-1116
1620
3513477
-13
3
12
-3843
-1142
1608
3514502
-11
4
11
-3877
-1168
1615
3515527
8
1
10
-3847
-1169
1618
3516552
27
3
9
-3828
-1137
1626
3517577
32
5
9
-3859
-1129
1618
3518602
30
2
8
-3878
-1132
1617
3519627
27
-3
7
-3855
-1119
1619
3520652
19
0
4
-3838
-1099
1617
3521677
-5
2
-1
-3865
-1080
1612
3522702
-39
-4
-2
-3902
-1099
1611
3515520
-58
-14
-3
-3860
-1129
1615
3516545
-58
-11
-4
-3806
-1135
1621
3517570
-52
2
-3
-3795
-1151
1604
3518595
-37
13
0
-3830
-1165
1617
3519620
-14
9
4
-3883
-1173
1608
3520645
12
-4
5
-3852
-1162
1604
3521670
28
-7
7
-3834
-1152
1598
3522695
34
-4
8
-3854
-1135
1607
3523720
25
-3
6
-3870
-1121
1605
3524745
11
-5
4
-3854
-1120
1618
3525770
0
-3
0
-3836
-1111
1612
3526795
-21
2
-4
-3847
-1113
1615
3527820
-43
1
-6
-3888
-1128
1598
3528845
-52
-7
-10
-3888
-1139
1594
3529870
-55
-11
-15
-3839
-1142
1625
3530895
-59
-4
-14
-3830
-1136
1619
3523712
-67
-2
-10
-3857
-1146
1599
3524737
-58
-6
-3
-3853
-1194
1597
3525762
-31
-7
0
-3821
-1203
1608
3526787
-4
1
3
-3815
-1169
1605
3527812
8
5
4
-3850
-1165
1600
3528837
18
3
5
-3858
-1179
1604
3529862
33
3
6
-3833
-1164
1607
3530887
39
7
6
-3831
-1141
1607
3531912
28
10
8
-3875
-1126
1599
3532937
8
2
7
-3892
-1145
1593
3533962
-3
-5
2
-3850
-1150
1600
3534987
-9
0
-2
-3837
-1151
1605
3536012
-21
4
-7
-3851
-1130
1593
3537037
-32
2
-6
-3880
-1153
1605
3538062
-33
-4
-5
-3860
-1166
1596
3539087
-30
-4
-5
-3834
-1154
1599
3531904
-29
-1
-3
-3834
-1173
1589
3532929
-26
-2
-4
-3848
-1174
1582
3533954
-19
-3
-3
-3858
-1178
1605
3534979
-8
-4
0
-3842
-1170
1606
3536004
-5
1
-1
-3819
-1147
1606
3537029
-8
5
0
-3846
-1160
1591
3538054
-11
1
2
-3884
-1173
1587
3539079
-10
-7
5
-3873
-1175
1592
3540104
-8
-7
4
-3847
-1172
1602
3541129
-5
-3
3
-3838
-1170
1596
3542154
-3
0
3
-3849
-1170
1584
3543179
3
0
3
-3864
-1175
1581
3544204
9
-5
4
-3853
-1171
1588
3545229
8
-5
5
-3843
-1151
1600
3546254
2
-4
4
-3857
-1159
1595
3547279
-6
-6
1
-3872
-1168
1599
3540096
-15
-11
-2
-3864
-1147
1595
3541121
-23
-15
-4
-3836
-1157
1593
3542146
-31
-11
-4
-3846
-1163
1596
3543171
-37
-10
0
-3860
-1162
1583
3544196
-36
-12
4
-3833
-1192
1590
3545221
-19
-7
9
-3825
-1214
1607
3546246
2
-3
13
-3832
-1199
1598
3547271
18
-4
14
-3859
-1188
1590
3548296
31
-8
10
-3847
-1179
1589
3549321
36
-7
7
-3842
-1165
1589
3550346
28
-3
5
-3833
-1139
1596
3551371
5
1
3
-3850
-1121
1603
3552396
-23
0
5
-3866
-1155
1603
3553421
-32
-2
5
-3845
-1171
1592
3554446
-29
-1
7
-3837
-1173
1587
3555471
-24
0
6
-3850
-1193
1586
3548288
-11
0
3
-3869
-1202
1597
3549313
6
-2
2
-3857
-1185
1591
3550338
12
-4
1
-3857
-1165
1586
3551363
11
-3
5
-3850
-1182
1600
3552388
12
2
10
-3839
-1166
1605
3553413
9
4
9
-3849
-1151
1587
3554438
1
-1
6
-3864
-1161
1598
3555463
-8
-7
2
-3859
-1159
1579
3556488
-16
-8
-3
-3848
-1165
1582
3557513
-20
-6
-4
-3847
-1166
1593
3558538
-23
-4
-2
-3833
-1170
1586
3559563
-22
-2
2
-3830
-1184
1590
3560588
-10
2
6
-3842
-1198
1592
3561613
3
0
6
-3849
-1184
1583
3562638
13
-3
2
-3856
-1177
1582
3563663
14
-5
-4
-3862
-1168
1585
3556481
2
-4
-6
-3862
-1153
1599
3557506
-17
-4
-7
-3856
-1129
1589
3558531
-40
-5
-3
-3868
-1158
1580
3559556
-47
-7
1
-3850
-1189
1592
3560581
-41
-4
3
-3845
-1208
1587
3561606
-23
-1
5
-3841
-1219
1586
3562631
5
1
6
-3850
-1207
1580
3563656
30
-3
7
-3851
-1195
1570
3564681
39
-4
7
-3848
-1184
1584
3565706
37
-3
8
-3851
-1153
1590
3566731
25
-2
7
-3858
-1154
1593
3567756
8
-3
4
-3850
-1147
1593
3568781
-7
-1
3
-3850
-1162
1591
3569806
-16
-2
3
-3854
-1168
1587
3570831
-22
-3
3
-3856
-1175
1583
3571856
-20
-5
2
-3850
-1189
1586
3564672
-12
-3
1
-3849
-1193
1582
3565697
-7
-4
-1
-3849
-1186
1575
3566722
-3
-5
-1
-3855
-1182
1591
3567747
-1
-6
1
-3865
-1172
1598
3568772
0
-7
4
-3843
-1171
1585
3569797
1
-4
8
-3853
-1182
1583
3570822
6
-1
11
-3863
-1183
1589
3571847
10
-1
7
-3854
-1158
1591
3572872
4
-4
2
-3866
-1157
1589
3573897
-3
-11
1
-3856
-1162
1591
3574922
-15
-10
-1
-3853
-1150
1582
3575947
-31
-8
2
-3866
-1180
1577
3576972
-34
-11
5
-3843
-1189
1580
3577997
-24
-10
9
-3823
-1209
1570
3579022
2
-3
10
-3845
-1241
1573
3580047
39
0
10
-3834
-1236
1584
3572865
70
5
4
-3812
-1178
1590
3573890
78
11
-1
-3834
-1145
1602
3574915
58
11
-2
-3873
-1130
1588
3575940
30
0
-2
-3892
-1137
1574
3576965
6
-8
-5
-3883
-1130
1591
3577990
-21
-11
-5
-3878
-1140
1603
3579015
-42
-14
-4
-3870
-1161
1604
3580040
-43
-15
-1
-3844
-1194
1606
3581065
-22
-16
1
-3834
-1217
1588
3582090
7
-17
0
-3823
-1196
1572
3583115
28
-14
4
-3832
-1211
1580
3584140
48
-10
6
-3835
-1199
1592
3585165
60
-8
5
-3847
-1151
1602
3586190
54
-8
3
-3851
-1150
1600
3587215
36
-9
1
-3840
-1137
1604
3588240
