Device = VHR-0009
time_stamp = 1780038812389
sample_rate = 50
Data format = INT16
TYPE = 6-AXIS IMU RAW DATA
29
1
15
443
-4059
1198
2802817
31
-1
17
452
-4031
1191
2803842
30
-3
16
448
-4030
1194
2804867
28
0
8
440
-4042
1200
2805892
25
1
1
431
-4043
1207
2806917
16
2
-2
464
-4029
1209
2807942
4
1
6
457
-4018
1213
2808967
-11
0
10
438
-4037
1209
2809992
-17
-7
7
432
-4050
1199
2811017
-19
-9
0
450
-4047
1198
2812042
-19
-7
1
462
-4041
1186
2813067
-2
-2
6
455
-4059
1184
2814092
12
-1
10
460
-4046
1194
2815117
15
0
16
465
-4037
1198
2816142
6
-3
17
459
-4035
1192
2817167
10
4
17
447
-4031
1205
2818192
6
6
16
438
-4033
1223
2811008
-6
2
16
428
-4031
1215
2812033
-19
-3
16
410
-4035
1217
2813058
-31
-15
7
417
-4047
1200
2814083
-28
-15
-7
441
-4054
1199
2815108
-27
-11
-12
446
-4025
1192
2816133
-33
-8
-8
450
-4025
1189
2817158
-33
-6
0
449
-4042
1196
2818183
-44
-8
5
449
-4022
1197
2819208
-51
-8
6
458
-4041
1179
2820233
-41
-1
10
456
-4072
1170
2821258
-23
3
11
443
-4058
1172
2822283
-16
1
12
447
-4038
1174
2823308
-12
-2
12
429
-4052
1182
2824333
-12
-7
6
419
-4047
1188
2825358
-21
-14
-6
423
-4046
1183
2826383
-28
-16
-13
437
-4049
1177
2819199
-28
-16
-14
447
-4051
1170
2820224
-14
-14
-9
457
-4054
1164
2821249
-11
-14
-7
451
-4059
1170
2822274
-10
-11
-4
454
-4045
1172
2823299
-11
-10
-1
462
-4046
1153
2824324
-4
-7
-1
460
-4058
1159
2825349
-1
-6
2
452
-4052
1176
2826374
-10
-8
5
455
-4046
1177
2827399
-12
-9
6
464
-4039
1157
2828424
-2
-7
6
459
-4052
1165
2829449
3
-8
6
452
-4059
1175
2830474
-3
-8
5
448
-4041
1165
2831499
-2
-5
8
449
-4044
1163
2832524
6
-1
10
451
-4055
1172
2833549
6
-2
4
450
-4064
1168
2834574
3
-2
1
457
-4052
1168
2827392
9
-1
6
453
-4060
1165
2828417
18
0
7
453
-4060
1167
2829442
25
0
6
453
-4053
1162
2830467
27
2
7
461
-4041
1176
2831492
24
3
13
447
-4052
1176
2832517
28
2
12
434
-4043
1183
2833542
23
1
5
438
-4034
1193
2834567
2
-4
2
440
-4034
1185
2835592
-11
-5
2
443
-4045
1172
2836617
-10
-5
3
448
-4061
1171
2837642
-1
-5
4
449
-4050
1174
2838667
8
-2
7
453
-4044
1184
2839692
12
-1
9
442
-4049
1178
2840717
11
-3
7
438
-4054
1184
2841742
5
-9
3
437
-4049
1189
2842767
11
-15
0
444
-4077
1164
2835584
29
-38
6
459
-4123
1143
2836609
68
-70
22
426
-4071
1192
2837634
46
-78
32
402
-3961
1262
2838659
-74
-93
59
432
-4068
1232
2839684
-204
-100
127
534
-4368
1134
2840709
-313
-116
221
517
-4536
1077
2841734
-500
-187
379
546
-4802
967
2842759
-603
-268
631
592
-5182
796
2843784
-434
-298
918
651
-5542
922
2844809
-13
-242
1219
583
-5646
857
2845834
137
-198
1504
584
-5352
1006
2846859
-277
-233
1809
485
-5464
1149
2847884
-614
-306
2158
404
-5994
847
2848909
-593
-394
2509
485
-5690
696
2849934
-661
-468
2856
201
-5226
599
2850959
-753
-533
3203
133
-5434
398
2843777
-431
-556
3497
-115
-4997
344
2844802
-291
-565
3606
-319
-4147
562
2845827
-323
-528
3675
-737
-3375
853
2846852
-409
-490
3626
-1158
-2641
849
2847877
-674
-481
3493
-1539
-2152
863
2848902
-803
-486
3228
-1830
-1973
939
2849927
-588
-472
2897
-2006
-2007
1023
2850952
-221
-446
2519
-2207
-1779
1177
2851977
117
-420
2047
-2513
-1223
1369
2853002
252
-339
1554
-2956
-793
1567
2854027
167
-212
1062
-3215
-574
1566
2855052
28
-60
559
-3340
-613
1463
2856077
-40
80
92
-3453
-809
1226
2857102
0
231
-380
-3530
-640
1079
2858127
-155
355
-836
-3480
-677
988
2859152
-400
442
-1191
-3363
-994
935
2851968
-523
547
-1516
-3181
-1202
901
2852993
-573
672
-1825
-2915
-1472
791
2854018
-625
771
-2140
-2615
-1649
602
2855043
-756
786
-2480
-2281
-2292
364
2856068
-777
777
-2774
-1952
-2942
569
2857093
-731
861
-3023
-1533
-2934
1159
2858118
-768
1106
-3057
-991
-2954
809
2859143
-1262
1524
-2760
-909
-2693
-653
2860168
-2337
1090
-2361
-1229
-6211
-2939
2861193
-1422
402
-2456
-605
-5512
-1912
2862218
858
248
-2717
944
-5734
-2258
2863243
2710
224
-2057
94
-7116
-1709
2864268
1520
-164
-1300
-576
-8173
-323
2865293
-90
-323
-255
-253
-7864
-228
2866318
-555
-318
748
-101
-6977
-640
2867343
-171
-418
1395
-350
-6781
-1176
2860160
601
-558
1898
-682
-6258
-1223
2861185
763
-730
2355
-649
-5372
-630
2862210
478
-841
2674
-516
-4609
-53
2863235
288
-854
2899
-743
-4214
183
2864260
365
-851
3010
-1061
-3681
210
2865285
546
-846
2974
-1239
-2863
236
2866310
553
-890
2866
-1562
-2823
348
2867335
581
-931
2742
-1788
-2997
670
2868360
794
-766
2560
-1902
-2410
1119
2869385
782
-591
2292
-2140
-1815
1319
2870410
605
-480
1978
-2608
-1752
1404
2871435
398
-397
1744
-3035
-2132
1156
2872460
419
-284
1493
-3206
-1395
1221
2873485
232
-164
1179
-3483
-506
1502
2874510
-144
-49
822
-3650
-614
1602
2875535
-185
140
460
-3681
-1015
1388
2868351
-22
287
168
-3674
-1306
886
2869376
264
383
-185
-3802
-581
766
2870401
96
422
-646
-3768
71
1183
2871426
-401
479
-1071
-3514
-436
1135
2872451
-620
578
-1452
-3258
-1177
603
2873476
-636
639
-1801
-3049
-1308
463
2874501
-789
701
-2260
-2760
-810
612
2875526
-1170
727
-2849
-2109
-1001
562
2876551
-1207
785
-3239
-1523
-2479
343
2877576
-663
921
-3355
-1501
-3415
418
2878601
-744
1264
-3431
-1051
-1427
852
2879626
-2353
1122
-3175
-1197
-4286
-2492
2880651
-1666
765
-3103
-512
-3762
-2493
2881676
-78
507
-3538
934
-5692
-1923
2882701
1219
213
-3037
39
-8906
-1667
2883726
1603
20
-2064
-94
-8189
-624
2876544
226
-267
-975
-38
-8473
-437
2877569
-486
-461
141
-223
-8117
-1018
2878594
-101
-527
951
-378
-7167
-855
2879619
543
-518
1504
-526
-6411
-638
2880644
883
-562
2003
-542
-5694
-659
2881669
798
-670
2425
-477
-4723
-401
2882694
497
-773
2634
-583
-4057
8
2883719
298
-845
2741
-871
-4086
41
2884744
469
-800
2773
-1061
-3697
82
2885769
633
-741
2737
-1319
-3029
305
2886794
695
-706
2553
-1613
-2554
607
2887819
675
-587
2323
-1925
-1878
1076
2888844
385
-470
2056
-2206
-1759
1288
2889869
165
-361
1717
-2635
-2074
1160
2890894
236
-294
1396
-2851
-2452
924
2891919
659
-168
1125
-3007
-1765
1060
2884736
718
21
789
-3329
-633
1572
2885761
19
139
407
-3481
-1047
1481
2886786
-377
249
133
-3471
-1868
818
2887811
-111
392
-118
-3483
-1371
817
2888836
-68
559
-545
-3386
-115
1339
2889861
-584
683
-1035
-3107
-615
1056
2890886
-676
797
-1430
-2922
-1816
365
2891911
-301
920
-1842
-2709
-1471
628
2892936
-371
998
-2427
-2246
-1056
612
2893961
-693
1016
-2902
-1755
-1526
239
2894986
-342
1135
-3183
-1247
-2238
119
2896011
56
1405
-3495
-655
-586
1527
2897036
-1307
1490
-3807
-487
-2939
-1546
2898061
-2395
939
-3411
-247
-6361
-3217
2899086
-957
642
-3281
711
-7323
-1814
2900111
1013
430
-3004
566
-6889
-1724
2893177
2453
159
-2533
1135
-6667
-1643
2894202
1462
-378
-1581
585
-9609
-710
2895227
494
-692
-358
335
-9447
-406
2896252
53
-706
809
86
-8177
-178
2897277
211
-554
1677
-97
-6665
-214
2898302
529
-434
2252
-166
-5854
-156
2899327
552
-498
2729
-345
-5851
-461
2900352
450
-646
3161
-419
-5359
-378
2901377
359
-673
3398
-367
-3787
96
2902402
60
-652
3433
-652
-2853
444
2903427
-62
-578
3429
-1193
-2687
469
2904452
-69
-559
3373
-1743
-3176
18
2905477
140
-644
3257
-1913
-3254
-172
2906502
815
-662
2866
-1311
-1608
468
2907527
1119
-571
2407
-1797
-445
1322
2908552
660
-464
1958
-2779
-1160
1715
2901120
342
-401
1517
-3254
-1955
1002
2902145
508
-348
1105
-3299
-1488
587
2903170
553
-232
737
-3488
-308
1326
2904195
68
-92
265
-3499
-146
1851
2905220
-395
107
-119
-3557
-1153
1368
2906245
-189
337
-476
-3632
-1142
1052
2907270
-72
546
-908
-3533
45
1383
2908295
-612
703
-1433
-3050
91
1362
2909320
-1139
852
-1815
-2849
-1425
744
2910345
-915
1015
-2159
-2702
-1985
387
2911370
-636
1122
-2555
-2273
-1120
563
2912395
-936
1187
-3045
-1359
-596
856
2913420
-886
1334
-3464
-749
-2494
294
2914445
-510
1726
-3714
-358
-1716
1573
2915470
-1607
1762
-3767
-446
-4699
-2321
2916495
-2443
1163
-3286
428
-6215
-3372
2909312
-1142
802
-3210
629
-6819
-1698
2910337
704
599
-2759
448
-7643
-1559
2911362
2572
567
-2132
301
-7933
-2028
2912387
2183
89
-1418
81
-8019
-1521
2913412
510
-351
-312
187
-7909
-822
2914437
-333
-458
634
-60
-7463
-604
2915462
0
-410
1370
-266
-6831
-940
2916487
812
-389
1910
-437
-6175
-1021
2917512
1032
-498
2388
-534
-5445
-917
2918537
398
-743
2820
-423
-5138
-656
2919562
-208
-952
3177
-574
-4968
-524
2920587
-73
-1019
3330
-617
-3897
-381
2921612
187
-1046
3359
-1075
-3193
-228
2922637
305
-994
3399
-1498
-2503
73
2923662
-33
-908
3368
-1911
-2387
463
2924687
-362
-928
3230
-1997
-2997
380
2917504
332
-861
2955
-1654
-2835
742
2918529
1378
-720
2563
-1770
-1336
1190
2919554
1395
-567
2095
-2681
-589
1483
2920579
826
-441
1577
-3296
-399
1461
2921604
340
-307
1049
-3562
-159
1349
2922629
35
-138
494
-3787
210
1626
2923654
-250
81
-104
-3659
363
1628
2924679
-571
308
-579
-3605
-325
1230
2925704
-513
542
-1000
-3550
-851
997
2926729
-240
796
-1478
-3518
-382
1147
2927754
-350
942
-2016
-3054
-128
986
2928779
-651
1034
-2372
-2689
-1391
121
2929804
-523
1176
-2688
-2469
-1865
270
2930829
-646
1243
-3163
-1737
-1529
675
2931854
-1041
1366
-3491
-1035
-692
929
2932879
-1235
1800
-3846
-368
-872
-192
2925696
-1983
1570
-3698
-596
-5341
-3012
2926721
-1077
1103
-3652
298
-7790
-2478
2927746
120
709
-3167
399
-7040
-1348
2928771
1055
487
-2613
456
-6051
-1891
2929796
1093
97
-2202
483
-6787
-2023
2930821
107
-398
-1369
25
-9240
-1567
2931846
385
-484
-248
-72
-9442
-1200
2932871
809
-493
862
-288
-8179
-936
2933896
856
-534
1690
-259
-6224
-716
2934921
415
-644
2297
-357
-5617
-635
2935946
33
-832
2778
-483
-5245
-700
2936971
-106
-1004
3105
-574
-4960
-534
2937996
131
-1076
3322
-769
-4581
-272
2939021
593
-992
3386
-982
-3076
79
2940046
616
-880
3298
-1231
-2032
375
2941071
372
-828
3152
-1448
-2071
482
2933888
283
-836
3023
-1767
-2812
213
2934913
557
-832
2756
-2086
-2522
395
2935938
514
-771
2384
-2366
-1319
875
2936963
-355
-750
1985
-2840
-566
1211
2937988
-1336
-744
1599
-3298
-1275
1357
2939013
-1055
-509
1148
-3424
-1541
1462
2940038
-9
-70
704
-3468
-1280
1370
2941063
661
287
363
-3752
-559
1040
2942088
379
394
-19
-3851
-350
600
2943113
-21
440
-339
-3900
-965
350
2944138
50
527
-651
-3800
-520
638
2945163
-57
648
-1108
-3415
-93
1076
2946188
-282
805
-1684
-2971
-504
993
2947213
-233
970
-2201
-2670
-1287
486
2948238
-1
1071
-2610
-2437
-1720
223
2949263
24
1143
-3037
-2122
-674
792
2942080
-575
1323
-3538
-1225
-719
295
2943105
-956
1394
-3554
-919
-3628
-1070
2944130
-78
1463
-3572
-725
-4810
-1358
2945155
7
1143
-3452
-503
-5548
-1858
2946180
-426
737
-3002
-171
-5456
-1333
2947205
54
550
-2742
658
-5044
-1355
2948230
339
157
-2431
367
-8372
-1388
2949255
1119
-154
-1648
-316
-9316
-1104
2950280
1080
-349
-608
-320
-8403
-599
2951305
369
-417
435
-490
-7398
-700
2952330
165
-477
1162
-413
-6219
-877
2953355
344
-509
1730
-537
-6218
-479
2954380
668
-542
2223
-586
-5672
-506
2955405
406
-639
2653
-581
-4994
-412
2956430
-16
-722
2913
-696
-4306
-44
2957455
29
-752
2985
-773
-3701
48
2950272
211
-742
3061
-1207
-3488
69
2951297
210
-763
3116
-1472
-3452
44
2952322
159
-793
3071
-1784
-2918
185
2953347
226
-797
2787
-1766
-1932
522
2954372
388
-729
2416
-2066
-1692
908
2955397
706
-548
2044
-2612
-1427
1208
2956422
838
-332
1666
-3166
-1091
1019
2957447
649
-131
1214
-3490
-662
1152
2958472
296
68
754
-3512
-174
1456
2959497
-84
323
289
-3602
117
1496
2960522
-446
593
-150
-3522
-414
1290
2961547
-458
801
-607
-3519
-833
1095
2962572
-421
923
-1160
-3369
-624
893
2963597
-672
1003
-1676
-3063
-278
903
2964622
-1036
1139
-2158
-2557
-523
755
2965647
-1002
1316
-2626
-2147
-1228
98
2958463
-698
1408
-3102
-1633
-1749
-236
2959488
-369
1463
-3558
-1075
-2085
49
2960513
123
1803
-4006
-495
-1143
722
2961538
-512
1887
-4175
39
-3871
-2221
2962563
-1001
1331
-3535
-232
-7565
-3571
2963588
74
599
-3187
-161
-7924
-2289
2964613
949
47
-2845
387
-6897
-1587
2965638
1836
146
-2056
778
-6224
-1443
2966663
745
-106
-1262
190
-8434
-1066
2967688
-64
-332
-244
-89
-9377
-816
2968713
8
-409
869
-110
-8733
-920
2969738
425
-486
1821
-32
-7282
-1155
2970763
722
-637
2475
5
-5876
-1250
2971788
514
-863
2955
-50
-5231
-922
2972813
125
-1065
3352
-187
-5201
-654
2973838
83
-1157
3664
-353
-4637
-647
2966657
134
-1214
3823
-493
-3478
-482
2967682
30
-1287
3840
-943
-2919
-165
2968707
204
-1241
3720
-1330
-2142
318
2969732
415
-1136
3457
-1488
-1313
663
2970757
627
-1031
3109
-1852
-1362
819
2971782
713
-997
2801
-2598
-2287
593
2972807
845
-996
2526
-2802
-2603
454
2973832
1222
-836
2189
-3082
-413
1027
2974857
727
-647
1618
-3566
1661
1953
2975882
-442
-440
1104
-3762
594
2298
2976907
-578
-103
626
-3906
-110
1943
2977932
-235
212
24
-3997
473
1623
2978957
-323
421
-632
-3987
899
1493
2979982
-1000
558
-1206
-3719
805
1249
2981007
-1458
741
-1680
-3366
-229
937
2982032
-1053
1002
-2161
-3065
-766
757
2974849
-635
1185
-2695
-2688
-696
505
2975874
-636
1243
-3187
-2204
-1217
158
2976899
-456
1376
-3579
-1542
-1307
514
2977924
-396
1757
-3995
-1047
59
928
2978949
-1155
1671
-4041
-683
-4332
-2150
2979974
-1020
1495
-3834
-553
-4987
-2016
2980999
-672
1187
-3853
-49
-5557
-1091
2982024
14
929
-3396
143
-5151
-1305
2983049
1129
883
-3082
329
-5378
-1832
2984074
621
343
-2803
377
-8721
-1909
2985099
178
-77
-1790
101
-8744
-1450
2986124
-271
-288
-746
347
-8109
-1509
2987149
320
-416
85
236
-7579
-1822
2988174
1173
-554
732
-49
-7234
-934
2989199
1319
-624
1409
-358
-6801
-432
2990224
810
-694
2068
-332
-5600
-396
2983039
38
-833
2518
-207
-4614
-242
2984064
-164
-904
2724
-475
-4024
-187
2985089
81
-891
2746
-922
-3604
-123
2986114
220
-856
2685
-1273
-3324
18
2987139
143
-778
2619
-1460
-3232
258
2988164
98
-673
2517
-1631
-2724
430
2989189
270
-597
2207
-1712
-1882
632
2990214
395
-519
1805
-2082
-1772
907
2991239
290
-421
1445
-2514
-2165
690
2992264
217
-302
1181
-2692
-2164
671
2993289
125
-175
829
-2769
-1201
1031
2994314
-324
-44
341
-2962
-855
1239
2995339
-762
122
-105
-2888
-1627
1011
2996364
-654
334
-430
-2907
-2137
607
2997389
-291
555
-805
-2946
-1451
628
2998414
-362
705
-1295
-2855
-741
712
2991232
-706
849
-1789
-2327
-1176
374
2992257
-730
1075
-2127
-1994
-2107
716
2993282
-298
1436
-2536
-1649
-1787
895
2994307
-369
1848
-3068
-1139
803
1029
2995332
-1958
1853
-3161
-478
-4056
-2106
2996357
-1793
1511
-2862
-535
-6621
-2788
2997382
77
1334
-3241
726
-6121
-1854
2998407
681
948
-2372
-75
-7808
-2290
2999432
1304
514
-1613
-279
-5746
-2601
3000457
1047
-42
-1564
408
-6675
-2082
3001482
263
-528
-711
432
-8209
-1486
3002507
510
-640
163
256
-8183
-1202
3003532
924
-616
956
-43
-7345
-699
3004557
885
-575
1643
-353
-6119
-750
3005582
220
-712
2212
-487
-5555
-1034
3006607
-351
-940
2678
-510
-5135
-1163
2999424
-275
-1123
2880
-618
-3950
-943
3000449
-148
-1235
2904
-883
-3092
-527
3001474
-329
-1282
2879
-1288
-3174
-32
3002499
-559
-1254
2878
-1497
-4177
270
3003524
311
-1027
2848
-1570
-3469
172
3004549
1400
-761
2515
-1640
-1438
415
3005574
1161
-657
2198
-1904
-1468
732
3006599
678
-632
1976
-2247
-2280
488
3007624
923
-549
1622
-2616
-2482
322
3008649
1393
-365
1178
-3058
-1324
849
3009674
1113
-211
598
-3220
155
1288
3010699
-14
-114
126
-3279
-183
1439
3011724
-633
65
-227
-3357
-1379
1176
3012749
-264
351
-614
-3427
-1446
697
3013774
-30
592
-1122
-3303
-366
534
3014799
-862
661
-1548
-2989
-555
370
3007616
-1545
704
-1846
-2718
-1616
437
3008641
-1212
954
-2320
-1960
-1020
1127
3009666
-494
1426
-2861
-1424
63
1389
3010691
-667
1866
-3515
-1073
-1106
-403
3011716
-1571
1415
-3270
-1134
-6484
-3254
3012741
-774
1008
-3203
-274
-5183
-1835
3013766
-637
534
-3316
-40
-4362
-1271
3014791
-43
421
-2817
403
-4880
-984
3015816
681
340
-2665
748
-8330
-1137
3016841
747
119
-1782
167
-10545
-1329
3017866
717
-5
-479
36
-8514
-1345
3018891
98
-240
472
94
-7027
-1267
3019916
167
-320
1201
-105
-6638
-1039
3020941
615
-310
1720
-280
-6086
-712
3021966
603
-432
2114
-440
-5694
-923
3022991
428
-633
2500
-446
-5008
-963
3015808
343
-795
2718
-556
-4157
-577
3016833
486
-794
2719
-850
-3358
-92
3017858
581
-668
2653
-1215
-2961
161
3018883
568
-534
2618
-1610
-2941
284
3019908
608
-413
2435
-1866
-2403
310
3020933
493
-362
2096
-2049
-1854
229
3021958
298
-343
1765
-2285
-1874
503
3022983
242
-238
1457
-2480
-2009
810
3024008
299
-134
1139
-2716
-2238
718
3025033
408
-45
855
-2871
-2392
624
3026058
607
69
618
-2969
-2286
551
3027083
808
161
256
-3181
-1295
643
3028108
391
173
-168
-3094
-1240
740
3029133
-2
276
-411
-3124
-1737
564
3030158
-112
473
-686
-3093
-1151
597
3031183
-682
610
-1063
-2856
-1035
543
3024000
-1216
676
-1394
-2711
-1644
344
3025025
-1298
849
-1727
-2375
-1990
220
3026050
-1201
1107
-2042
-2055
-1979
-40
3027075
-1091
1278
-2456
-1566
-2113
-456
3028100
-758
1394
-2821
-1058
-2514
-133
3029125
-92
1665
-3107
-828
-1272
677
3030150
-365
1927
-3531
-126
-1579
-1711
3031175
-1284
1094
-2920
-546
-8964
-4528
3032200
1368
401
-3264
355
-6961
-2241
3033225
2316
-1
-2632
3
-7700
-1482
3034250
2425
-126
-1447
-366
-5349
-568
3035275
734
-262
-1523
1177
-5256
621
3036300
-1117
-359
-546
739
-8541
239
3037325
-600
-260
312
295
-8132
-630
3038350
31
-355
1056
-43
-7716
-1140
3039375
634
-425
1713
35
-6236
-779
3032339
575
-466
2172
73
-5006
-355
3033364
100
-497
2477
-157
-4506
-61
3034389
-261
-561
2666
-587
-4268
-377
3035414
-525
-731
2778
-920
-4395
-966
3036439
-477
-839
2876
-1064
-3556
-821
3037464
-257
-858
2729
-1070
-2577
-62
3038489
52
-700
2505
-1461
-2250
450
3039514
180
-488
2276
-2136
-2350
432
3040539
-57
-420
2087
-2503
-2381
73
3041564
-406
-472
1864
-2460
-2462
29
3042589
-488
-487
1671
-2607
-2950
-35
3043614
-149
-425
1404
-2684
-2223
144
3044639
-38
-371
1075
-2874
-1565
343
3045664
-247
-346
736
-3089
-1476
339
3046689
-504
-272
412
-3083
-1784
251
3047714
-562
-129
140
-3026
-1991
262
3040384
-472
51
-158
-2824
-2143
112
3041409
-163
208
-400
-2697
-3063
-295
3042434
703
388
-563
-3095
-2928
-637
3043459
936
438
-844
-3443
-517
-222
3044484
-539
352
-1289
-2915
271
777
3045509
-1589
532
-1653
-2113
-1561
1093
3046534
-516
1059
-2144
-1826
-2326
794
3047559
844
1453
-2779
-1965
-730
647
3048584
-115
1508
-3421
-1074
-135
-105
3049609
-1816
1101
-3081
-912
-6108
-2383
3050634
-314
961
-3016
82
-6432
-2197
3051659
493
647
-2811
360
-7481
-1754
3052684
837
278
-1876
-338
-7812
-2369
3053709
1994
-7
-1331
-71
-6521
-2251
3054734
1122
-547
-776
-389
-7278
-1346
3055759
-78
-853
179
-716
-7846
-930
3048576
-179
-818
1037
-673
-6826
-768
3049601
332
-714
1647
-627
-6219
-930
3050626
820
-746
2104
-616
-5968
-810
3051651
884
-853
2556
-565
-5530
-637
3052676
585
-999
2940
-608
-4773
-565
3053701
345
-1113
3185
-798
-3746
-404
3054726
220
-1120
3308
-1218
-3131
-78
3055751
310
-1006
3259
-1690
-2028
36
3056776
281
-988
3027
-2051
-1314
141
3057801
161
-1053
2733
-2076
-1780
823
3058826
283
-887
2576
-2141
-3077
1376
3059851
872
-637
2400
-2487
-3174
1121
3060876
1407
-498
1948
-2668
-1405
788
3061901
965
-548
1527
-3172
-555
822
3062926
280
-469
1281
-3531
-957
1392
3063951
5
-213
1107
-3510
-1069
1762
3056769
-225
13
803
-3567
-736
1638
3057794
-608
210
394
-3731
-612
1417
3058819
-843
449
40
-3723
-504
1476
3059844
-953
686
-287
-3713
-338
1363
3060869
-1176
840
-656
-3497
-886
700
3061894
-998
967
-947
-3542
-1606
80
3062919
-544
1072
-1322
-3460
-750
91
3063944
-575
1158
-1774
-3081
-241
353
3064969
-802
1285
-2261
-2648
-702
-3
3065994
-711
1364
-2691
-2480
-2014
-730
3067019
139
1442
-3127
-2245
-1150
-734
3068044
202
1483
-3500
-1392
-158
44
3069069
-339
1621
-3836
-796
-1733
387
3070094
-234
1760
-4344
-15
-2998
-254
3071119
-625
1718
-4457
1130
-2991
-712
3072144
-1926
1252
-3619
337
-8484
-3332
3064960
-492
1017
-3175
474
-8234
-2822
3065985
472
540
-2667
425
-8183
-2386
3067010
1783
159
-1523
-56
-8940
-2756
3068035
2367
-107
-1051
711
-6229
-1533
3069060
651
-519
18
193
-8876
-495
3070085
555
-407
1064
-521
-8189
-580
3071110
384
-381
1906
-400
-6329
-1066
3072135
77
-562
2486
-122
-5553
-1397
3073160
170
-742
2837
-161
-5082
-1107
3074185
179
-946
3089
-400
-4926
-774
3075210
204
-1038
3273
-648
-3894
-764
3076235
160
-1012
3292
-793
-2603
-526
3077260
15
-960
3253
-1246
-2181
30
3078285
-223
-833
3164
-1774
-2732
223
3079310
-246
-726
3104
-2254
-3059
54
3080335
447
-683
2768
-2137
-2081
91
3073151
1039
-594
2352
-2223
-1545
482
3074176
1016
-540
1994
-2740
-1161
610
3075201
567
-541
1567
-3246
-728
573
3076226
-107
-548
1150
-3391
-1145
506
3077251
-257
-458
807
-3417
-1468
668
3078276
29
-273
351
-3560
-626
978
3079301
-142
-107
-153
-3617
-232
1048
3080326
-543
107
-525
-3461
-756
1026
3081351
-540
377
-793
-3416
-1641
722
3082376
-86
590
-1103
-3467
-1608
347
3083401
31
678
-1499
-3311
-892
298
3084426
-558
707
-1802
-2933
-1204
297
3085451
-868
837
-2059
-2390
-2155
575
3086476
-538
1101
-2352
-2136
-2728
744
3087501
-251
1351
-2574
-2273
-2143
415
3088526
-651
1426
-2799
-1876
-1788
-790
3081344
-1046
1355
-2871
-1388
-1723
-164
3082369
-867
1588
-3211
-51
306
749
3083394
-1756
1560
-3792
975
-4436
-2029
3084419
-1145
1154
-3260
-355
-10098
-4317
3085444
793
737
-2637
243
-7597
-3163
3086469
1293
301
-2101
483
-7952
-2595
3087494
1538
-15
-1100
21
-8051
-1903
3088519
863
-347
-89
-376
-7998
-1323
3089544
62
-582
873
-596
-7349
-1583
3090569
-44
-764
1578
-610
-6351
-2013
3091594
369
-909
2018
-446
-5352
-1789
3092619
812
-1006
2316
-489
-4732
-1142
3093644
825
-1094
2587
-704
-4497
-657
3094669
523
-1141
2841
-999
-3989
-499
3095694
179
-1193
2946
-1209
-2985
-413
3096719
-212
-1250
2919
-1473
-2741
-310
3089536
-317
-1227
2859
-1889
-2823
-196
3090561
-4
-1177
2703
-2081
-2699
166
3091586
507
-1084
2449
-2144
-2748
371
3092611
1265
-870
2182
-2197
-2054
804
3093636
1600
-614
1853
-2403
-1304
1486
3094661
1149
-372
1497
-3005
-877
1726
3095686
200
-295
1079
-3218
-929
1025
3096711
-280
-245
695
-3366
-1465
644
3097736
-91
-64
322
-3545
-1161
1092
3098761
-155
155
-128
-3323
-484
1434
3099786
-592
373
-515
-3335
-831
1200
3100811
-627
582
-863
-3425
-1406
768
3101836
-422
794
-1256
-3281
-1113
706
3102861
-682
943
-1664
-2840
-1300
698
3103886
-842
1080
-1959
-2568
-1980
337
3104911
-711
1247
-2214
-2258
-1675
750
3097728
-438
1573
-2508
-1816
-1138
599
3098753
34
2099
-3057
-1484
-166
133
3099778
-736
1880
-3285
-1261
-4088
-2620
3100803
-826
1486
-3065
-1124
-5651
-2725
3101828
-228
944
-3008
-677
-4654
-1346
3102853
1055
830
-2847
71
-4325
-1283
3103878
1665
753
-2835
107
-5806
-1481
3104903
511
209
-2390
-141
-8470
-1487
3105928
119
-77
-1367
-165
-8367
-1272
3106953
78
-184
-442
-266
-7243
-1195
3107978
159
-275
291
-397
-6461
-1166
3109003
371
-352
875
-616
-6304
-1025
3110028
421
-464
1367
-649
-5989
-916
3111053
230
-609
1828
-673
-5814
-948
3112078
137
-735
2181
-635
-4934
-874
3113103
80
-821
2376
-725
-4076
-647
3105920
45
-873
2496
-1042
-3795
-348
3106945
84
-894
2592
-1366
-3819
-317
3107970
167
-922
2635
-1623
-3591
-496
3108995
198
-965
2508
-1720
-2555
-150
3110020
-123
-993
2354
-1851
-2795
366
3111045
-68
-871
2191
-2127
-2862
712
3112070
313
-696
1871
-2231
-2409
756
3113095
733
-495
1468
-2524
-1393
896
3114120
573
-315
1083
-2870
-1045
971
3115145
69
-195
779
-3075
-1479
829
3116170
-125
-12
398
-3089
-1497
930
3117195
-26
239
-87
-3178
-1000
1130
3118220
-86
482
-557
-3136
-687
912
3119245
-469
653
-964
-2971
-953
521
3120270
-733
769
-1293
-2847
-1975
135
3121295
-389
907
-1563
-2806
-2312
-16
3114112
-134
1039
-1918
-2631
-1274
326
3115137
-787
1061
-2360
-2021
-1140
585
3116162
-1222
1263
-2734
-1249
-2234
836
3117187
-572
1874
-3100
-760
-1469
543
3118212
-996
1754
-2938
-1058
-5365
-3380
3119237
-756
1061
-2453
-798
-7200
-3712
3120262
974
460
-2486
-33
-6140
-2345
3121287
1907
109
-2459
68
-4397
-1327
3122312
936
-91
-1894
-203
-6933
-1511
3123337
64
-295
-946
-586
-8864
-1569
3124362
25
-405
33
-502
-8016
-1217
3125387
200
-416
860
-409
-6613
-852
3126412
431
-422
1418
-470
-5817
-753
3127437
484
-512
1827
-641
-5352
-961
3128462
189
-668
2227
-747
-5192
-867
3129487
-22
-812
2533
-773
-4707
-593
3122303
199
-841
2645
-846
-3473
-416
3123328
353
-817
2591
-1226
-3066
-250
3124353
380
-812
2532
-1676
-3004
-121
3125378
97
-824
2475
-1901
-3031
121
3126403
-199
-846
2389
-2008
-3204
69
3127428
149
-792
2141
-1943
-2228
372
3128453
501
-661
1797
-2237
-2113
955
3129478
667
-461
1561
-2741
-2002
1154
3130503
359
-316
1307
-2876
-1927
782
3131528
112
-259
1120
-3260
-2521
232
3132553
356
-131
888
-3264
-1399
576
3133578
-97
-16
605
-3367
-585
1222
3134603
-798
169
250
-3509
-111
1477
3135628
-1386
414
-219
-3455
-264
1209
3136653
-1452
709
-651
-3201
-1498
644
3137678
-745
1009
-1009
-3007
-2023
-134
3130496
-94
1205
-1490
-3070
-954
-149
3131521
-100
1287
-2179
-2651
330
306
3132546
-578
1374
-2809
-1646
-725
144
3133571
-379
1545
-3119
-1651
-3387
-209
3134596
446
1738
-3514
-1533
-2218
-60
3135621
-155
1827
-3931
-131
979
112
3136646
-1491
1727
-3758
537
-5820
-3144
3137671
-966
1194
-3210
10
-9274
-3989
3138696
737
800
-2998
916
-8122
-2393
3139721
1277
533
-1844
-36
-7633
-2040
3140746
1077
210
-1031
-27
-5926
-2721
3141771
184
-453
-331
-116
-8750
-2787
3142796
313
-845
608
-223
-8282
-1756
3143821
236
-963
1492
-342
-7019
-1285
3144846
99
-1043
2155
-349
-5732
-1298
3145871
-167
-1223
2522
-359
-5155
-1192
3138688
-206
-1422
2780
-485
-4798
-1178
3139713
73
-1523
2940
-632
-4119
-774
3140738
317
-1506
2970
-898
-3371
-384
3141763
513
-1438
2899
-1126
-3054
-485
3142788
689
-1388
2890
-1342
-2741
-418
3143813
888
-1267
2724
-1667
-2062
125
3144838
933
-1139
2408
-1867
-1648
859
3145863
575
-966
2067
-2338
-1547
1240
3146888
210
-843
1633
-2830
-1549
981
3147913
301
-694
1171
-3076
-1413
701
3148938
476
-498
850
-3519
-1125
676
3149963
60
-408
452
-3593
-202
1179
3150988
-720
-251
39
-3442
-450
1615
3152013
-839
130
-317
-3294
-1144
1557
3153038
-466
531
-718
-3405
-972
1383
3154063
-453
820
-1267
-3156
10
1413
3146880
-878
1088
-1845
-2733
-214
1257
3147905
-770
1465
-2447
-2180
-809
905
3148930
-506
1777
-2970
-1846
-1432
286
3149955
-434
1927
-3408
-1378
-1506
120
3150980
-482
2062
-3697
-471
-2154
157
3152005
-244
2376
-3857
137
-2128
-179
3153030
-1106
2130
-3693
665
-6694
-3481
3154055
-971
1310
-2985
191
-9406
-3766
3155080
-1
797
-2597
577
-7248
-2447
3156105
643
525
-1786
-54
-5083
-2600
3157130
1409
373
-1302
-21
-5614
-2151
3158155
871
-3
-1108
-105
-8012
-1929
3159180
536
-207
-150
-204
-7746
-1685
3160205
262
-414
639
-143
-6450
-1288
3161230
182
-609
1105
-32
-5277
-1218
3162255
385
-687
1485
-54
-5467
-1026
3155072
311
-815
1930
-383
-5887
-1255
3156097
-108
-1062
2358
-465
-5826
-1306
3157122
-206
-1265
2729
-508
-5212
-963
3158147
309
-1274
2880
-635
-3939
-502
3159172
575
-1181
2999
-1014
-3569
-348
3160197
346
-1196
3083
-1351
-3649
-527
3161222
51
-1408
3053
-1181
-4258
-732
3162247
615
-1408
2952
-1074
-2697
-71
3163272
688
-1243
2697
-1339
-1378
823
3164297
400
-1040
2381
-2203
-1724
953
3165322
447
-817
2033
-2592
-1866
730
3166347
449
-676
1732
-2868
-2049
383
3167372
460
-600
1459
-3303
-1460
482
3168397
150
-484
1141
-3388
-442
1478
3169422
-164
-226
798
-3428
-929
1738
3170447
116
110
457
-3540
-1398
1232
3163263
426
322
126
-3712
-1008
829
3164288
188
374
-238
-3831
-500
764
3165313
-423
381
-593
-3639
-763
1071
3166338
-636
544
-885
-3281
-1164
1182
3167363
-290
836
-1206
-3165
-1218
736
3168388
-175
1031
-1614
-3084
-738
381
3169413
-695
1094
-2119
-2636
-826
260
3170438
-952
1219
-2620
-2058
-1488
-40
3171463
-699
1502
-3079
-1429
-1108
647
3172488
-751
1862
-3495
-1008
-359
664
3173513
-1285
2020
-3804
-560
-2518
-864
3174538
-884
2015
-3594
-300
-5844
-1874
3175563
243
1816
-3629
-361
-4531
-1678
3176588
341
1547
-3733
579
-2599
-620
3177613
266
1539
-3637
1443
-4995
-882
3178638
779
1388
-3386
1360
-8230
-1736
3171502
1447
1134
-2808
970
-7832
-1675
3172527
1439
878
-2139
693
-5842
-1469
3173552
783
518
-1600
738
-5827
-1440
3174577
480
247
-1098
704
-6403
-1392
3175602
156
30
-589
541
-6298
-1245
3176627
44
-100
-120
347
-5359
-924
3177652
272
-160
111
336
-4534
-744
3178677
524
-158
109
299
-3647
-402
3179702
384
-119
70
195
-3650
-223
3180727
286
-55
-34
168
-3553
-105
3181752
318
20
-199
300
-3521
122
3182777
392
87
-346
445
-3749
244
3183802
305
147
-415
678
-4536
327
3184827
540
308
29
499
-5326
140
3185852
434
246
62
823
-3899
-43
3186877
-305
10
-5
517
-4156
-172
3179649
15
36
-43
326
-4186
-307
3180674
482
130
11
400
-4202
-332
3181699
636
170
12
388
-4112
-243
3182724
401
105
63
323
-4180
-192
3183749
303
50
-15
538
-4272
-130
3184774
250
1
-179
374
-4131
8
3185799
201
-54
-71
399
-4150
125
3186824
194
-65
-20
526
-4189
248
3187849
49
-72
-33
481
-4117
269
3188874
-45
-57
55
471
-4173
183
3189899
-75
-41
30
534
-4198
-33
3190924
43
-33
-17
372
-4205
1
3191949
105
-30
-40
446
-4159
103
3192974
79
-17
-31
464
-4171
117
3193999
73
9
-18
408
-4168
105
3195024
101
25
-5
418
-4196
131
3187839
108
10
-39
439
-4188
164
3188864
78
-15
-65
476
-4167
174
3189889
22
-26
-62
494
-4158
154
3190914
-12
-23
-42
465
-4174
125
3191939
8
-26
-43
451
-4179
101
3192964
71
-34
-45
490
-4179
88
3193989
111
-25
-71
550
-4158
114
3195014
110
-10
-50
524
-4147
166
3196039
75
-9
-19
504
-4164
185
3197064
32
-9
-22
514
-4163
196
3198089
-5
-9
-12
532
-4146
192
3199114
-34
-5
17
521
-4158
153
3200139
-20
-1
26
486
-4189
141
3201164
18
-11
-17
474
-4202
128
3202189
51
-20
-62
506
-4169
176
3203214
37
-21
-39
512
-4149
181
3196032
13
-18
-19
516
-4157
187
3197057
-20
-17
-6
515
-4164
201
3198082
-14
-11
5
542
-4153
176
3199107
-29
-2
19
555
-4156
121
3200132
-21
2
26
528
-4165
130
3201157
9
5
27
511
-4169
156
3202182
14
5
23
521
-4168
168
3203207
1
11
9
508
-4166
171
3204232
1
7
14
497
-4170
169
3205257
1
1
5
491
-4182
174
3206282
-8
-3
-17
513
-4172
175
3207307
-16
-6
-20
529
-4157
170
3208332
-20
-4
-1
531
-4154
154
3209357
-6
1
16
519
-4173
143
3210382
21
1
9
519
-4163
162
3211407
20
0
-5
512
-4159
178
3204224
7
1
-1
509
-4166
173
3205249
8
5
-1
508
-4170
175
3206274
13
4
-4
517
-4163
174
3207299
12
2
6
540
-4160
155
3208324
28
3
14
531
-4155
158
3209349
40
3
12
527
-4164
174
3210374
32
3
-1
518
-4169
192
3211399
3
0
-3
515
-4179
201
3212424
-16
-1
6
505
-4184
174
3213449
20
-2
9
488
-4203
148
3214474
73
-4
3
502
-4175
174
3215499
78
-4
-9
500
-4153
221
3216524
45
-9
-21
502
-4141
238
3217549
4
-18
-29
508
-4164
206
3218574
1
-21
-36
526
-4168
192
3219599
10
-16
-29
554
-4133
208
3212415
6
-11
-9
546
-4177
186
3213440
28
-2
3
544
-4181
183
3214465
41
3
5
547
-4152
201
3215490
35
10
16
544
-4140
223
3216515
27
17
27
542
-4203
193
3217540
65
23
23
519
-4177
195
3218565
100
22
17
509
-4190
204
3219590
125
17
5
529
-4179
255
3220615
93
11
6
539
-4138
293
3221640
32
6
10
526
-4122
276
3222665
16
3
6
495
-4122
245
3223690
19
-1
5
510
-4178
230
3224715
40
-1
5
522
-4172
252
3225740
48
1
5
518
-4158
261
3226765
54
0
0
517
-4157
259
3227790
48
-2
0
541
-4123
279
3220608
8
6
9
551
-4094
312
3221633
-36
6
13
547
-4188
283
3222658
-31
0
9
515
-4178
263
3223683
-35
-7
7
489
-4143
283
3224708
-48
-13
4
489
-4152
256
3225733
-50
-19
-1
497
-4210
222
3226758
-10
-22
-18
493
-4230
226
3227783
47
-15
-28
507
-4162
243
3228808
65
0
-29
529
-4164
240
3229833
78
20
-26
556
-4158
247
3230858
90
25
-21
536
-4149
277
3231883
82
15
-22
528
-4129
322
3232908
22
-1
-7
584
-4136
354
3233933
-45
-9
12
571
-4116
337
3234958
-84
-13
24
543
-4126
263
3235983
-62
-5
20
525
-4201
224
3228800
-4
0
12
537
-4250
264
3229825
17
1
11
540
-4155
299
3230850
-1
-1
18
506
-4127
266
3231875
11
-2
8
498
-4138
256
3232900
22
-6
-3
518
-4178
300
3233925
7
-4
-3
539
-4183
316
3234950
11
6
8
538
-4136
287
3235975
-3
9
10
539
-4119
258
3237000
-16
3
6
535
-4183
251
3238025
3
-3
9
520
-4215
265
3239050
23
-9
12
526
-4168
281
3240075
27
-8
15
522
-4137
277
3241100
29
-9
12
508
-4143
277
3242125
32
-11
2
519
-4167
282
3243150
39
-10
-3
523
-4184
292
3244175
48
-9
3
523
-4183
297
3236992
73
-8
13
523
-4168
294
3238017
64
-10
10
531
-4116
309
3239042
33
-9
4
533
-4129
319
3240067
23
-3
3
547
-4185
306
3241092
35
-1
6
542
-4182
295
3242117
56
0
10
538
-4166
287
3243142
87
2
13
523
-4161
299
3244167
106
3
11
534
-4174
334
3245192
114
6
15
538
-4163
347
3246217
91
5
15
550
-4111
361
3247242
59
6
13
539
-4113
387
3248267
33
0
11
513
-4167
375
3249292
18
-3
9
503
-4162
389
3250317
8
0
11
500
-4148
386
3251342
9
2
12
499
-4181
353
3252367
32
2
9
488
-4152
356
3245184
39
-2
0
492
-4139
394
3246209
32
-2
-6
518
-4164
404
3247234
24
-2
-3
526
-4198
382
3248259
33
-3
1
512
-4146
376
3249284
38
-6
-1
503
-4139
390
3250309
24
-7
-8
509
-4151
415
3251334
5
-1
-8
527
-4129
425
3252359
-33
4
-2
546
-4145
407
3253384
-63
13
0
550
-4140
378
3254409
-74
18
0
543
-4115
353
3255434
-74
19
4
542
-4158
364
3256459
-70
19
10
534
-4192
362
3257484
-66
13
10
509
-4169
358
3258509
-49
2
9
501
-4181
339
3259534
-8
-3
11
516
-4221
314
3260559
38
-12
12
512
-4212
335
3253376
55
-20
10
492
-4127
375
3254401
39
-24
-1
501
-4115
391
3255426
8
-25
-6
519
-4163
380
3256451
-10
-23
-4
525
-4149
377
3257476
-18
-22
0
526
-4161
358
3258501
-5
-20
2
526
-4171
348
3259526
5
-22
0
524
-4183
352
3260551
16
-21
-1
525
-4140
349
3261576
22
-16
-1
530
-4158
350
3262601
37
-13
3
532
-4205
359
3263626
41
-13
2
535
-4136
373
3264651
9
-10
5
536
-4093
392
3265676
-34
-6
10
525
-4121
391
3266701
-55
-4
15
525
-4179
368
3267726
-43
-6
12
510
-4189
362
3268751
-13
-4
5
486
-4225
361
3261571
32
0
1
483
-4156
350
3262596
50
-1
-4
504
-4155
345
3263621
65
-4
-8
533
-4162
354
3264646
68
-7
-5
556
-4152
371
3265671
55
-8
0
561
-4184
372
3266696
59
-4
9
563
-4161
366
3267721
73
1
17
550
-4131
362
3268746
92
3
20
541
-4173
382
3269771
105
6
25
529
-4148
418
3270796
81
5
23
521
-4138
435
3271821
63
3
19
515
-4159
442
3272846
64
2
14
497
-4153
438
3273871
72
-1
10
499
-4146
436
3274896
63
0
11
515
-4146
443
3275921
49
5
11
535
-4120
458
3276946
18
6
10
526
-4141
472
3269761
-2
2
10
510
-4165
472
3270786
-5
-3
13
486
-4157
452
3271811
-10
-9
12
467
-4148
452
3272836
-25
-16
-2
477
-4155
469
3273861
-33
-13
-12
495
-4149
454
3274886
-26
-10
-15
512
-4171
423
3275911
-3
-10
-14
516
-4175
421
3276936
19
-10
-9
521
-4172
447
3277961
17
-8
-3
549
-4148
450
3278986
2
-4
-2
542
-4170
428
3280011
23
-1
-1
533
-4172
415
3281036
57
-3
-2
528
-4160
418
3282061
85
-3
-2
522
-4169
436
3283086
92
-5
0
517
-4141
484
3284111
56
-6
0
518
-4116
500
3285136
