Device = VHR-0009
time_stamp = 1779871854660
sample_rate = 50
Data format = INT16
TYPE = 6-AXIS IMU RAW DATA
22
12
5
-443
1610
3820
7283840
29
8
9
-459
1639
3799
7284865
13
7
12
-456
1658
3801
7285890
-16
7
12
-461
1624
3811
7286915
-12
1
9
-459
1623
3823
7287940
-2
-6
13
-475
1647
3827
7288965
-9
-10
15
-483
1674
3808
7289990
-25
-11
14
-483
1676
3782
7291015
-23
-12
12
-481
1655
3790
7292040
-8
-12
5
-484
1668
3823
7293065
0
-10
-4
-474
1646
3839
7294090
11
-3
-16
-469
1660
3818
7295115
0
9
-22
-465
1668
3803
7296140
-23
25
-24
-455
1655
3814
7297165
-33
37
-27
-481
1619
3836
7298190
-31
40
-42
-493
1631
3805
7299215
-24
33
-44
-480
1682
3804
7292032
-44
26
-43
-493
1684
3806
7293057
-60
17
-57
-480
1665
3792
7294082
-43
-12
-50
-457
1678
3797
7295107
-33
-52
-28
-433
1694
3798
7296132
-28
-102
7
-382
1670
3817
7297157
10
-139
48
-378
1630
3900
7298182
17
-160
63
-395
1587
3878
7299207
18
-175
65
-400
1627
3821
7300232
-6
-192
65
-397
1543
3843
7301257
-38
-196
52
-373
1535
3949
7302282
-71
-176
30
-375
1597
3966
7303307
-76
-150
9
-357
1544
3893
7304332
-42
-121
-2
-371
1585
3867
7305357
-75
-90
-14
-381
1599
3884
7306382
-126
-52
-34
-383
1564
3912
7307407
-139
-17
-55
-423
1578
3929
7300224
-123
7
-68
-436
1544
3899
7301249
-62
19
-77
-441
1566
3853
7302274
-16
23
-79
-447
1539
3855
7303299
6
31
-75
-465
1541
3872
7304324
2
36
-66
-471
1533
3860
7305349
-2
39
-54
-462
1516
3865
7306374
5
42
-39
-458
1571
3869
7307399
0
36
-14
-453
1581
3889
7308424
-9
34
4
-451
1546
3887
7309449
-7
35
10
-445
1527
3861
7310474
23
32
15
-419
1564
3863
7311499
23
33
20
-430
1607
3865
7312524
-15
36
17
-413
1571
3861
7313549
-27
38
14
-407
1568
3877
7314574
-8
34
11
-400
1562
3881
7315599
12
33
7
-409
1575
3881
7308416
10
28
2
-407
1561
3884
7309441
5
26
1
-403
1541
3881
7310466
12
24
3
-402
1538
3881
7311491
18
22
6
-402
1553
3871
7312516
11
21
3
-409
1555
3874
7313541
4
20
2
-417
1554
3891
7314566
5
16
4
-416
1541
3886
7315591
15
17
5
-425
1556
3858
7316616
9
17
5
-435
1588
3844
7317641
-2
11
9
-446
1599
3858
7318666
-6
4
10
-446
1580
3865
7319691
8
-2
3
-442
1587
3859
7320716
22
-5
-6
-440
1600
3859
7321741
19
-5
-11
-441
1585
3864
7322766
14
-4
-9
-439
1593
3891
7323791
8
2
-6
-457
1551
3893
7316608
14
10
-13
-463
1570
3867
7317633
17
16
-14
-461
1588
3860
7318658
11
22
-15
-459
1582
3880
7319683
7
27
-18
-459
1579
3892
7320708
10
33
-22
-461
1584
3878
7321733
14
38
-25
-471
1571
3853
7322758
8
38
-22
-471
1573
3859
7323783
-7
38
-16
-475
1567
3862
7324808
-10
30
-8
-488
1552
3831
7325833
4
18
3
-475
1557
3828
7326858
7
8
16
-479
1585
3856
7327883
-9
-1
23
-479
1572
3852
7328908
-8
-11
21
-471
1573
3810
7329933
-4
-20
18
-475
1592
3803
7330958
-20
-26
18
-470
1589
3810
7331983
-49
-30
19
-486
1581
3819
7324800
-71
-36
23
-523
1526
3821
7325825
-88
-54
27
-614
1518
3814
7326850
-153
-97
39
-703
1542
3678
7327875
-163
-130
101
-610
1340
3682
7328900
-16
-109
159
-345
1662
4080
7329925
-461
-50
251
-546
2225
3478
7330950
-784
-29
344
-461
616
1999
7331975
172
-152
269
128
884
4892
7333000
-1010
-64
44
126
3084
6292
7334025
-1976
-106
146
-547
326
3726
7335050
117
-339
60
-400
466
3012
7336075
453
-340
-2
50
2059
3378
7337100
-393
-176
106
10
1255
3798
7338125
-368
-109
94
-44
1047
4508
7339150
-389
-144
26
-112
1144
5302
7340175
-388
-146
-47
-173
368
5095
7332992
236
-26
-188
-22
514
4746
7334017
1022
19
-112
-455
1408
4544
7335042
574
41
-86
-1372
2198
2687
7336067
495
-68
-56
-643
-52
2227
7337092
1553
-337
-75
-111
3190
3339
7338117
98
-242
149
82
2098
4067
7339142
-694
2
237
-185
492
4574
7340167
-374
78
189
-150
1013
4524
7341192
-244
152
198
-204
1448
4215
7342217
-205
209
187
-259
1231
3989
7343242
13
214
179
-304
1401
4053
7344267
75
201
157
-285
1562
4202
7345292
-17
198
112
-286
1572
4132
7346317
-32
183
76
-270
1528
3971
7347342
51
143
54
-256
1418
3764
7348367
155
82
39
-225
1366
3683
7341183
191
41
35
-210
1395
3811
7342208
138
31
38
-217
1412
3987
7343233
30
39
47
-247
1331
4013
7344258
-12
30
48
-296
1354
3831
7345283
-20
4
46
-287
1429
3674
7346308
-28
-15
56
-267
1361
3793
7347333
-37
-12
65
-279
1353
4024
7348358
-65
9
61
-296
1394
4075
7349383
-75
21
46
-323
1412
3952
7350408
0
2
26
-323
1477
3897
7351433
30
-14
35
-287
1551
4009
7352458
-51
4
44
-301
1426
4099
7353483
-79
22
23
-328
1383
4099
7354508
-71
24
6
-320
1341
4036
7355533
-14
28
-6
-295
1331
3995
7356558
48
29
-6
-285
1298
4016
7349376
70
33
11
-271
1226
3985
7350401
92
54
37
-269
1224
3969
7351426
113
89
57
-293
1307
4018
7352451
68
118
65
-316
1364
3988
7353476
9
130
64
-346
1393
3898
7354501
-4
121
55
-335
1374
3884
7355526
17
101
35
-319
1402
3881
7356551
39
77
29
-330
1498
3875
7357576
6
62
39
-336
1479
3880
7358601
-15
47
45
-351
1408
3930
7359626
-7
29
30
-355
1432
3906
7360651
12
14
13
-349
1448
3900
7361676
23
1
5
-347
1429
3946
7362701
18
0
1
-366
1419
3957
7363726
12
-1
-9
-364
1412
3962
7364751
12
-2
-19
-347
1422
3963
7357569
10
-2
-22
-327
1437
3953
7358594
-6
8
-12
-336
1424
3948
7359619
-38
22
-11
-352
1424
3943
7360644
-62
34
-16
-378
1430
3937
7361669
-59
31
-22
-396
1409
3934
7362694
-34
21
-31
-392
1384
3910
7363719
-3
4
-29
-378
1436
3910
7364744
19
-12
-5
-370
1444
3989
7365769
-6
-9
7
-355
1350
3984
7366794
-7
-7
10
-371
1324
3931
7367819
7
-16
11
-363
1376
3936
7368844
-4
-15
11
-357
1391
3951
7369869
-23
-11
14
-359
1381
3966
7370894
-26
-10
15
-370
1392
3939
7371919
-28
-15
9
-375
1403
3944
7372944
-45
-17
1
-388
1397
3938
7365759
-58
-20
-4
-410
1429
3927
7366784
-50
-25
2
-418
1461
3922
7367809
-26
-29
64
-527
1428
3846
7368834
54
-17
184
-464
1331
4165
7369859
-123
40
194
-343
1983
4195
7370884
-456
116
302
-539
1735
3047
7371909
-73
11
457
-277
438
3146
7372934
50
-165
316
179
1365
4854
7373959
-871
-26
46
259
3047
5538
7374984
-1507
53
231
-719
-68
3983
7376009
175
-155
49
-171
576
3434
7377034
438
-159
13
-95
610
3220
7378059
72
-95
-137
-149
1233
3338
7379084
59
-35
-133
-90
893
4032
7380109
36
-6
-116
-151
1542
5133
7381134
-535
71
-119
-324
1723
5295
7373953
-710
141
-133
-249
146
4660
7374978
374
129
-329
-284
222
4262
7376003
1105
75
-380
-592
2217
4524
7377028
-75
109
-189
-1079
887
2769
7378053
618
18
-291
-959
207
3079
7379078
1440
-247
-257
-322
3005
3723
7380103
264
-117
-64
-64
2013
3836
7381128
-235
23
32
-317
1199
4021
7382153
-174
21
49
-279
1128
4084
7383178
-86
42
40
-316
1183
4049
7384203
33
67
35
-347
1312
4015
7385228
123
78
44
-356
1407
4019
7386253
80
75
43
-381
1463
3889
7387278
37
45
31
-354
1417
3807
7388303
62
11
12
-326
1475
3863
7389328
82
-5
-1
-280
1388
4013
7382144
113
-6
-7
-328
1492
4117
7383169
33
-5
-18
-351
1507
4004
7384194
-33
-9
-27
-410
1451
3825
7385219
7
-38
-28
-393
1365
3828
7386244
76
-60
-29
-370
1433
3921
7387269
103
-51
-25
-351
1374
4063
7388294
88
-22
-21
-361
1392
4084
7389319
30
5
-11
-395
1433
3989
7390344
-9
19
-2
-385
1400
3953
7391369
-14
27
5
-399
1382
3920
7392394
1
18
6
-396
1423
3906
7393419
-32
9
-4
-385
1463
3927
7394444
-31
31
-12
-399
1450
3928
7395469
7
28
-18
-391
1343
3973
7396494
41
21
-37
-405
1377
3921
7397519
63
23
-52
-401
1406
3885
7390336
120
20
-58
-418
1527
3907
7391361
122
12
-46
-385
1544
3878
7392386
53
14
-27
-380
1500
3854
7393411
-16
18
-13
-409
1409
3911
7394436
-19
19
-13
-418
1378
3995
7395461
20
17
-12
-401
1461
3969
7396486
21
18
3
-405
1508
3914
7397511
-6
11
10
-416
1455
3863
7398536
-3
4
5
-412
1452
3902
7399561
-2
2
-3
-401
1461
3948
7400586
-2
2
-4
-407
1449
3956
7401611
4
2
-7
-409
1496
3942
7402636
-1
3
-3
-411
1457
3912
7403661
17
-6
1
-406
1449
3911
7404686
28
-5
1
-408
1447
3965
7405711
13
5
-2
-422
1443
3947
7398529
-1
8
-5
-415
1446
3898
7399554
-2
10
-4
-418
1468
3888
7400579
-13
11
-5
-424
1460
3878
7401604
-15
9
-7
-416
1452
3892
7402629
-13
9
-5
-427
1464
3915
7403654
-15
7
-4
-429
1437
3966
7404679
-10
7
-11
-439
1437
3959
7405704
-2
8
-20
-444
1485
3889
7406729
-1
4
-19
-443
1492
3878
7407754
10
-9
-17
-440
1473
3917
7408779
12
-11
-21
-437
1462
3932
7409804
8
-5
-23
-452
1463
3908
7410829
5
-7
-22
-448
1472
3907
7411854
4
-9
-15
-427
1490
3922
7412879
-3
-6
-1
-428
1434
3930
7413904
3
4
8
-442
1415
3981
7406720
1
13
4
-434
1433
4006
7407745
-3
23
2
-441
1462
3977
7408770
-5
27
-1
-444
1492
3890
7409795
4
21
2
-440
1496
3864
7410820
6
12
4
-447
1476
3901
7411845
8
8
-2
-441
1484
3922
7412870
2
7
-8
-443
1480
3909
7413895
5
4
-6
-448
1454
3887
7414920
16
4
-6
-437
1440
3920
7415945
1
11
-6
-460
1468
3918
7416970
-5
7
-5
-449
1459
3913
7417995
1
7
4
-453
1450
3950
7419020
0
10
9
-457
1443
3966
7420045
1
15
8
-460
1434
3953
7421070
11
14
6
-448
1458
3914
7422095
8
9
11
-465
1486
3877
7414912
-9
4
15
-441
1447
3898
7415937
-4
3
9
-457
1466
3892
7416962
8
-4
-1
-440
1463
3893
7417987
5
-10
-1
-444
1473
3873
7419012
-18
-14
-3
-459
1480
3852
7420037
-63
-15
-14
-505
1493
3818
7421062
-100
-13
-31
-641
1423
3811
7422087
-40
-29
-21
-510
1124
3802
7423112
172
-22
38
-472
1682
3782
7424137
-82
5
140
-639
1808
3884
7425162
-467
20
157
-619
1861
2964
7426187
-427
9
258
-447
480
2646
7427212
394
81
150
305
1099
5865
7428237
-1001
56
-58
290
4786
6846
7429262
-2881
76
161
-1044
-1409
2964
7430287
825
-269
-214
-508
33
2324
7423104
1296
-332
-265
33
2866
2928
7424129
-325
-117
-74
-170
870
3859
7425154
-205
10
-65
-237
458
5156
7426179
12
65
-52
-389
1742
5572
7427204
-420
118
31
-630
958
4506
7428229
-139
131
-170
-421
591
4489
7429254
231
145
-267
-425
1009
4140
7430279
562
144
-233
-746
1830
4175
7431304
113
114
-222
-992
1748
3395
7432329
70
20
-153
-875
358
2905
7433354
873
-135
-171
-624
1855
3181
7434379
493
-154
-49
-279
2049
3745
7435404
-166
-10
67
-339
1143
4330
7436429
-255
82
68
-449
993
4381
7437454
-171
115
53
-518
1161
4069
7438479
-40
123
66
-542
1198
3986
7431296
44
115
70
-547
1302
4005
7432321
63
96
53
-509
1326
3990
7433346
89
84
31
-513
1413
3946
7434371
111
61
10
-494
1451
3856
7435396
113
34
3
-453
1431
3922
7436421
110
24
3
-455
1437
4062
7437446
61
24
1
-501
1418
3993
7438471
22
5
-9
-552
1377
3777
7439496
65
-36
-13
-530
1321
3682
7440521
174
-66
-6
-507
1398
3921
7441546
145
-59
-1
-493
1392
4125
7442571
37
-28
-1
-542
1381
3975
7443596
-27
-21
-1
-525
1343
3815
7444621
3
-23
10
-519
1350
3921
7445646
41
-15
16
-519
1433
4005
7446671
16
-6
15
-524
1462
3968
7439489
-11
7
7
-560
1438
3944
7440514
-3
7
-10
-541
1376
3967
7441539
29
8
-16
-532
1460
3969
7442564
9
17
-11
-566
1440
3852
7443589
8
9
2
-571
1374
3812
7444614
32
-3
13
-567
1414
3942
7445639
26
-5
11
-559
1409
3967
7446664
40
-4
17
-539
1418
3948
7447689
42
-3
32
-553
1484
3899
7448714
18
-3
46
-555
1429
3918
7449739
26
-1
44
-549
1438
3988
7450764
11
5
33
-552
1451
3944
7451789
23
1
26
-536
1461
3874
7452814
48
-3
20
-522
1462
3882
7453839
47
-6
13
-487
1437
3921
7454864
14
6
8
-496
1441
3909
7447681
-5
13
6
-504
1435
3889
7448706
-6
9
11
-515
1403
3897
7449731
14
2
14
-529
1387
3933
7450756
21
0
9
-521
1385
3907
7451781
21
1
4
-507
1434
3879
7452806
4
-1
4
-511
1462
3889
7453831
-19
-1
6
-527
1482
3896
7454856
-15
-8
11
-527
1480
3960
7455881
-14
-10
9
-539
1468
3966
7456906
-1
-14
5
-527
1479
3926
7457931
3
-15
-1
-529
1481
3896
7458956
8
-14
-3
-518
1458
3938
7459981
9
-14
-1
-509
1462
3935
7461006
10
-7
-3
-498
1417
3963
7462031
9
7
-13
-525
1395
3972
7463056
4
17
-23
-529
1391
3954
7455872
-20
25
-31
-550
1417
3933
7456897
-34
14
-29
-576
1485
3895
7457922
-32
-5
-16
-550
1466
3862
7458947
-1
-11
8
-544
1439
3875
7459972
10
-18
25
-548
1440
3928
7460997
-10
-19
23
-540
1464
3941
7462022
-26
-14
14
-525
1451
3914
7463047
-12
-15
10
-502
1452
3912
7464072
-13
-10
11
-508
1424
3918
7465097
-6
-5
3
-514
1434
3908
7466122
-1
-3
-1
-507
1470
3879
7467147
-24
-4
-4
-513
1447
3861
7468172
-34
-10
-13
-534
1436
3857
7469197
-38
-22
-25
-542
1455
3830
7470222
-62
-40
-35
-542
1486
3771
7471247
-126
-55
-40
-604
1487
3776
7464064
-233
-64
-59
-709
1273
3917
7465089
-148
-71
-24
-573
1031
3873
7466114
132
-17
-16
-666
1742
3614
7467139
-27
-60
15
-572
2007
3245
7468164
-409
-103
112
-613
1787
2460
7469189
-422
-123
250
-483
190
3336
7470214
153
-66
76
193
1302
6267
7471239
-766
41
-126
36
3346
6577
7472264
-2335
-113
-29
-533
115
3429
7473289
262
-301
-122
-738
-637
2702
7474314
1170
-350
-255
8
2493
3370
7475339
-344
-110
4
-106
1011
3889
7476364
-474
38
32
-294
573
4963
7477389
-317
32
36
-462
1048
5317
7478414
-333
25
67
-638
543
4650
7479439
80
73
-121
-400
630
4596
7472256
509
98
-141
-470
1037
4127
7473281
721
70
-109
-738
2006
4159
7474306
102
51
-51
-980
1448
3274
7475331
257
-24
4
-884
134
2916
7476356
1153
-209
-72
-463
2372
3487
7477381
258
-128
103
-166
2006
4025
7478406
-464
62
202
-336
735
4375
7479431
-312
125
149
-409
1012
4300
7480456
-155
172
138
-442
1163
4175
7481481
-32
194
124
-487
1141
4115
7482506
53
183
107
-475
1312
4057
7483531
48
183
101
-483
1408
4019
7484556
20
171
76
-490
1313
3944
7485581
72
134
46
-476
1337
3956
7486606
120
96
25
-449
1318
3956
7487631
167
66
8
-472
1450
3852
7480448
120
28
11
-465
1379
3775
7481473
77
-2
14
-479
1274
3898
7482498
82
-17
1
-490
1267
3994
7483523
101
-21
-9
-503
1309
3931
7484548
87
-30
0
-528
1333
3851
7485573
55
-45
1
-516
1275
3862
7486598
67
-41
-9
-500
1347
3972
7487623
47
-26
-7
-499
1429
3913
7488648
0
-15
6
-492
1321
3975
7489673
-6
1
4
-532
1352
4046
7490698
-8
13
-12
-554
1417
3920
7491723
-1
12
-12
-543
1362
3914
7492748
14
11
-13
-550
1374
3995
7493773
6
13
-22
-549
1367
3978
7494798
28
11
-13
-549
1325
3977
7495823
62
5
-9
-546
1340
3964
7488641
69
9
-11
-544
1358
3909
7489666
53
8
-6
-547
1366
3927
7490691
24
4
-1
-543
1362
3935
7491716
27
0
7
-531
1333
3963
7492741
52
-3
7
-531
1334
3993
7493766
67
1
-2
-511
1406
4014
7494791
47
15
-8
-505
1450
3996
7495816
7
26
-11
-516
1447
3935
7496841
-16
21
-13
-519
1381
3874
7497866
10
7
-18
-529
1397
3891
7498891
31
-4
-18
-542
1415
3902
7499916
21
-8
-13
-541
1344
3903
7500941
26
-16
-15
-533
1305
3913
7501966
41
-16
-13
-518
1363
3968
7502991
37
-6
2
-542
1378
3982
7504016
11
-5
8
-547
1381
3935
7496832
10
-9
15
-534
1414
3909
7497857
7
-7
20
-518
1395
3978
7498882
-7
1
14
-533
1450
3969
7499907
-9
2
10
-529
1496
3942
7500932
-16
2
7
-547
1425
3945
7501957
-4
-7
-8
-541
1394
3923
7502982
24
-11
-14
-526
1437
3946
7504007
15
-9
-9
-543
1359
3930
7505032
31
-12
-10
-543
1342
3939
7506057
35
-10
-11
-534
1409
3940
7507082
12
-3
-4
-521
1417
3939
7508107
-9
3
6
-547
1414
3919
7509132
-2
2
9
-560
1430
3887
7510157
8
-4
7
-541
1416
3906
7511182
8
-11
-2
-530
1418
3940
7512207
2
-11
-10
-529
1415
3944
7505023
11
-12
-12
-509
1397
3956
7506048
11
-2
-9
-524
1409
3898
7507073
-6
-3
-10
-518
1384
3888
7508098
-10
-2
-9
-539
1361
3945
7509123
-13
1
-11
-550
1356
3956
7510148
-10
2
-15
-538
1393
3913
7511173
-15
0
-9
-543
1437
3902
7512198
-45
-4
-3
-555
1414
3901
7513223
-49
-10
-7
-579
1474
3870
7514248
-110
-12
-20
-686
1463
3919
7515273
-121
-24
-35
-655
1153
4116
7516298
11
-11
-14
-628
1429
3841
7517323
58
-22
12
-613
1835
3314
7518348
-153
-97
97
-626
1651
3105
7519373
-296
-89
59
-530
1320
2792
7520398
-69
52
69
-402
624
3452
7513216
271
83
5
391
2742
6881
7514241
-2266
102
75
-401
2976
5548
7515266
-1989
-28
152
-1060
-2028
2330
7516291
1473
-363
-220
-382
1241
3360
7517316
567
-299
-166
-138
2376
4016
7518341
-1095
-70
-50
-385
610
4074
7519366
-519
24
-12
-381
-108
4196
7520391
356
70
7
-302
996
4540
7521416
57
114
18
-654
1576
4909
7522441
-426
91
-31
-717
808
4432
7523466
-47
60
-127
-572
718
4423
7524491
230
98
-192
-329
1134
4637
7525516
382
141
-93
-699
698
3981
7526541
759
72
-114
-906
1484
3903
7527566
439
0
-79
-800
1510
3589
7528591
205
-2
48
-909
663
3226
7521409
666
-84
38
-633
1428
3460
7522434
312
-77
98
-345
1920
3823
7523459
-379
53
206
-449
1041
4049
7524484
-400
100
216
-552
942
4196
7525509
-243
125
190
-583
1249
4353
7526534
-167
170
156
-658
1260
4284
7527559
-47
187
126
-691
1278
4020
7528584
100
186
121
-814
1444
3816
7529609
213
148
123
-824
1497
3723
7530634
230
109
143
-684
1414
3967
7531659
208
107
159
-606
1278
4249
7532684
229
108
156
-546
1282
4217
7533709
248
110
162
-538
1345
3925
7534734
234
96
158
-510
1307
3695
7535759
179
71
168
-465
1329
3837
7536784
111
70
171
-470
1348
4058
7529600
52
74
153
-494
1298
4066
7530625
26
62
120
-517
1297
3797
7531650
21
31
83
-529
1318
3662
7532675
57
1
54
-488
1347
3887
7533700
66
-13
38
-505
1360
4011
7534725
26
-8
28
-518
1294
3961
7535750
-6
-4
14
-559
1329
3847
7536775
-22
-13
-6
-549
1327
3807
7537800
13
-26
-9
-544
1382
3966
7538825
20
-32
-3
-585
1379
4062
7539850
6
-31
-18
-598
1361
3991
7540875
7
-36
-32
-573
1422
3881
7541900
32
-38
-22
-558
1432
3946
7542925
39
-35
-16
-578
1458
4022
7543950
21
-33
-26
-575
1469
3968
7544975
9
-37
-44
-594
1455
3881
7537793
29
-54
-64
-575
1432
3913
7538818
61
-58
-79
-551
1470
4013
7539843
51
-47
-82
-573
1460
3983
7540868
30
-46
-83
-606
1405
3895
7541893
41
-58
-89
-606
1346
3861
7542918
76
-67
-97
-605
1369
3911
7543943
78
-68
-94
-612
1399
3912
7544968
80
-59
-78
-606
1349
3873
7545993
82
-49
-55
-616
1373
3895
7547018
22
-35
-37
-639
1388
3915
7548043
-39
-28
-34
-653
1394
3887
7549068
-32
-37
-20
-662
1364
3880
7550093
9
-48
1
-661
1356
3934
7551118
15
-50
8
-653
1403
3918
7552143
0
-48
13
-605
1432
3901
7553168
3
-38
28
-582
1399
3962
7545983
5
-23
30
-572
1410
3960
7547008
-8
-11
19
-550
1424
3913
7548033
-14
-4
13
-543
1401
3916
7549058
1
-2
8
-543
1446
3942
7550083
-7
1
5
-547
1445
3922
7551108
-28
-4
-6
-542
1438
3885
7552133
-30
-18
-9
-542
1401
3884
7553158
-16
-31
-23
-539
1410
3904
7554183
-48
-45
-44
-570
1395
3910
7555208
-86
-60
-66
-630
1461
3875
7556233
-103
-84
-72
-626
1341
3844
7557258
-19
-128
-58
-490
1418
3551
7558283
32
-176
18
-513
1624
3509
7559308
-82
-216
111
-663
1359
3489
7560333
-104
-258
42
-530
1561
3027
7561358
-53
-246
115
-594
1086
2795
7554176
335
-142
30
-45
1137
4610
7555201
-212
-112
-60
560
3272
6614
7556226
-2408
-6
197
-552
705
5025
7557251
-412
-192
33
-979
-783
3243
7558276
1217
-420
-150
-183
2263
2928
7559301
-190
-227
-27
-111
1549
3596
7560326
-534
-64
8
-388
260
4291
7561351
220
-29
-45
-278
977
4449
7562376
248
67
23
-438
1568
4815
7563401
-223
152
14
-638
1159
4660
7564426
-50
175
-73
-667
968
4425
7565451
307
168
-206
-368
1172
4395
7566476
471
162
-141
-529
1244
4096
7567501
428
174
-128
-748
1586
4201
7568526
246
171
-98
-801
1506
3742
7569551
364
110
61
-887
530
3027
7562368
1111
-37
36
-597
1751
3353
7563393
558
-26
113
-276
2349
3847
7564418
-325
122
233
-396
1275
4156
7565443
-394
179
212
-431
1277
4202
7566468
-311
203
166
-446
1401
3928
7567493
-159
195
132
-443
1406
3714
7568518
52
162
119
-420
1466
3828
7569543
129
143
85
-405
1547
4001
7570568
18
140
47
-438
1546
3927
7571593
-72
119
13
-484
1496
3767
7572618
-19
81
-13
-461
1493
3861
7573643
53
48
-19
-465
1518
3942
7574668
46
32
-20
-514
1494
3880
7575693
10
-2
-38
-549
1481
3715
7576718
-1
-51
-41
-543
1391
3678
7577743
8
-76
-29
-542
1330
3870
7570560
12
-75
-20
-552
1338
4062
7571585
17
-59
-16
-560
1402
4060
7572610
-8
-39
-1
-566
1349
3992
7573635
-17
-21
6
-579
1355
3956
7574660
-19
-7
1
-589
1411
3915
7575685
-25
-2
-10
-590
1465
3799
7576710
10
-13
-7
-549
1462
3931
7577735
-2
-6
6
-557
1479
4047
7578760
-33
8
2
-594
1470
3938
7579785
-14
2
-1
-591
1436
3908
7580810
27
-5
-3
-594
1448
3935
7581835
40
-6
-8
-554
1446
3954
7582860
30
2
1
-572
1445
3911
7583885
20
7
2
-563
1426
3892
7584910
2
10
2
-581
1417
3851
7585935
8
7
0
-552
1391
3934
7578752
23
13
-1
-556
1450
4002
7579777
9
23
-3
-549
1423
3964
7580802
13
27
-2
-577
1440
3902
7581827
29
16
-8
-561
1425
3886
7582852
30
13
-12
-546
1458
3919
7583877
6
17
-10
-540
1417
3948
7584902
-5
23
-14
-558
1435
3912
7585927
-11
24
-19
-568
1459
3870
7586952
-8
21
-16
-579
1433
3870
7587977
4
15
-19
-575
1433
3890
7589002
2
12
-18
-589
1445
3899
7590027
-14
9
-17
-597
1422
3904
7591052
-16
4
-14
-579
1401
3940
7592077
-9
5
-1
-558
1366
3977
7593102
0
15
12
-579
1415
3953
7594127
-24
26
16
-597
1448
3896
7586944
-42
23
19
-582
1447
3878
7587969
-43
17
16
-588
1448
3865
7588994
-27
4
13
-583
1484
3908
7590019
-10
2
9
-563
1497
3979
7591044
-3
6
3
-594
1447
3962
7592069
11
-4
-8
-593
1426
3888
7593094
28
-13
-17
-586
1447
3879
7594119
20
-16
-22
-577
1442
3894
7595144
17
-17
-16
-576
1402
3935
7596169
22
-15
-5
-588
1403
3958
7597194
0
-3
-1
-603
1407
3923
7598219
-26
3
2
-627
1395
3898
7599244
-18
-4
-3
-611
1418
3896
7600269
4
-15
0
-588
1437
3905
7601294
9
-16
7
-591
1445
3900
7602319
-10
-14
2
-605
1447
3871
7595135
-21
-20
-10
-597
1446
3865
7596160
-13
-30
-13
-589
1441
3882
7597185
-3
-38
-10
-567
1437
3891
7598210
-15
-38
-8
-578
1435
3865
7599235
-29
-43
-5
-564
1379
3874
7600260
-25
-45
3
-566
1367
3933
7601285
-19
-43
12
-562
1398
3967
7602310
-30
-35
20
-576
1427
3908
7603335
-33
-36
26
-567
1427
3897
7604360
-43
-37
31
-566
1400
3915
7605385
-66
-36
25
-585
1444
3870
7606410
-147
-40
9
-655
1486
3778
7607435
-245
-70
4
-793
1331
3728
7608460
-121
-124
100
-637
1019
3424
7609485
255
-173
72
-205
2113
3317
7610510
-143
-154
163
-35
1824
4051
7603328
-580
73
112
-424
742
4617
7604353
38
-32
50
-247
777
4351
7605378
24
-222
-158
-275
2909
4130
7606403
-1226
-231
-216
-68
1965
4129
7607428
-1033
-316
-116
-599
-633
3901
7608453
698
-500
-354
-461
1172
3595
7609478
453
-502
-316
-319
1602
3311
7610503
-104
-389
-243
-318
815
3807
7611528
53
-296
-192
-282
575
4161
7612553
306
-185
-133
-258
1199
4642
7613578
-132
-53
-60
-450
1760
5043
7614603
-541
51
16
-700
934
4769
7615628
-218
103
-86
-524
766
4724
7616653
101
161
-182
-523
1142
4253
7617678
384
181
-115
-642
1512
4215
7618703
139
215
-109
-681
1640
4215
7611520
-103
242
7
-852
680
3611
7612545
405
143
-17
-747
1052
3538
7613570
522
140
-14
-423
2352
3569
7614595
-250
242
167
-338
1319
3730
7615620
-453
298
228
-454
1090
4155
7616645
-425
327
191
-478
1235
4204
7617670
-346
346
127
-556
1171
4042
7618695
-114
290
85
-558
1108
3868
7619720
144
214
44
-537
1229
3792
7620745
288
144
-2
-506
1338
3801
7621770
290
84
-27
-504
1432
3818
7622795
135
32
-33
-501
1323
3829
7623820
50
-4
-35
-517
1172
3923
7624845
103
-34
-39
-553
1181
3948
7625870
192
-58
-37
-556
1271
3961
7626895
168
-65
-18
-555
1306
3970
7619712
77
-56
-5
-578
1262
3986
7620737
-1
-43
6
-579
1227
3972
7621762
-6
-36
12
-598
1257
3997
7622787
-17
-35
8
-585
1261
3977
7623812
24
-32
6
-577
1322
4014
7624837
16
-15
11
-566
1353
3994
7625862
-17
5
9
-601
1285
3968
7626887
-1
5
-4
-599
1314
4008
7627912
22
7
-14
-603
1353
3986
7628937
35
6
-12
-589
1365
3940
7629962
42
10
-8
-603
1329
3940
7630987
34
9
-11
-597
1301
3950
7632012
27
8
-15
-610
1301
3938
7633037
32
2
-9
-604
1270
3964
7634062
53
6
0
-595
1274
4022
7635087
73
18
3
-617
1364
4000
7628057
31
30
7
-613
1335
3974
7629082
2
36
8
-608
1328
3950
7630107
3
41
7
-607
1320
3971
7631132
3
45
7
-610
1308
3941
7632157
14
42
9
-601
1282
3965
7633182
10
46
15
-601
1325
4007
7634207
-16
51
15
-620
1341
3999
7635232
-32
49
9
-630
1337
3962
7636257
-12
37
3
-621
1360
3917
7637282
21
25
3
-619
1413
3913
7638307
25
19
0
-619
1340
3923
7639332
28
11
-10
-614
1329
3943
7640357
24
0
-14
-626
1341
3916
7641382
29
-19
-11
-619
1359
3860
7642407
35
-31
-7
-611
1349
3883
7643432
25
-27
2
-606
1307
3990
7636097
20
-16
6
-622
1306
4048
7637122
6
-4
3
-623
1301
3993
7638147
5
1
-1
-631
1341
3935
7639172
2
4
-6
-632
1373
3911
7640197
6
3
-5
-626
1355
3926
7641222
7
10
-1
-631
1341
3994
7642247
-16
19
-4
-649
1349
3968
7643272
-27
18
-7
-651
1335
3885
7644297
-21
14
-2
-649
1334
3901
7645322
-22
15
6
-658
1328
3929
7646347
-37
20
14
-668
1312
3931
7647372
-45
23
22
-655
1281
3957
7648397
-31
20
33
-652
1285
3962
7649422
-15
16
38
-638
1347
3928
7650447
-15
9
43
-621
1353
3922
7651472
-21
4
44
-614
1343
3999
7644288
-27
4
37
-613
1347
4015
7645313
-21
3
29
-626
1359
3977
7646338
-4
-2
15
-625
1387
3955
7647363
4
-8
5
-614
1379
3946
7648388
7
-11
-1
-616
1356
3973
7649413
3
-7
-7
-626
1350
3992
7650438
-5
-4
-14
-647
1319
3934
7651463
0
-7
-20
-658
1309
3911
7652488
3
-6
-22
-660
1312
3932
7653513
-16
2
-21
-679
1290
3914
7654538
-32
10
-21
-687
1270
3936
7655563
-24
10
-11
-687
1266
3976
7656588
-13
10
1
-667
1312
3948
7657613
-20
9
28
-655
1319
3930
7658638
-31
7
45
-663
1313
3927
7659663
-24
3
40
-653
1329
3943
7652480
-8
-2
35
-637
1327
3980
7653505
-1
-5
34
-626
1348
3981
7654530
-21
0
27
-677
1386
3960
7655555
-100
-8
12
-861
1396
3900
7656580
-171
-67
22
-719
1121
3746
7657605
-83
-123
126
-810
1051
3652
7658630
167
-159
73
-614
1735
4214
7659655
160
-17
-26
-420
1604
4156
7660680
380
8
21
-681
899
2970
7661705
741
-334
-180
-37
2260
3013
7662730
129
-362
-258
-424
3001
4171
7663755
-1094
-365
-293
-105
1892
4440
7664780
-952
-314
-205
-790
-643
4115
7665805
460
-495
-426
-383
1412
3688
7666830
160
-407
-262
-172
1114
3460
7667855
-314
-244
-189
-363
861
4022
7660671
-254
-97
-98
-215
184
4351
7661696
-107
77
-12
-291
1484
5274
7662721
-747
278
133
-700
1605
5292
7663746
-1025
372
170
-740
242
4662
7664771
-457
389
-13
-581
632
4333
7665796
100
350
-8
-785
1073
4081
7666821
365
254
-30
-995
1756
3889
7667846
277
181
-7
-953
1216
3323
7668871
490
61
38
-919
429
3118
7669896
1178
-118
29
-643
1868
3825
7670921
460
-62
106
-416
2128
3984
7671946
-313
92
161
-508
807
4001
7672971
-156
107
121
-542
955
4114
7673996
34
112
103
-513
1223
4132
7675021
94
138
85
-579
1254
4113
7676046
78
148
44
-606
1296
3939
7668864
50
123
7
-598
1327
3788
7669889
65
71
-9
-579
1415
3681
7670914
48
27
1
-551
1350
3830
7671939
27
2
3
-559
1262
4010
7672964
33
-12
-4
-596
1323
4081
7673989
-14
-15
-18
-638
1300
3942
7675014
12
-32
-27
-673
1304
3887
7676039
30
-53
-22
-634
1243
4001
7677064
79
-65
-12
-672
1331
3950
7678089
79
-53
5
-615
1301
4066
7679114
8
-20
16
-672
1283
4063
7680139
-19
-4
7
-655
1265
4003
7681164
-10
5
5
-656
1308
3913
7682189
11
3
4
-657
1306
3885
7683214
37
-4
14
-628
1348
4023
7684239
13
14
24
-642
1331
4059
7677056
1
24
15
-668
1307
3958
7678081
15
21
2
-660
1310
3898
7679106
51
16
4
-645
1342
3974
7680131
39
24
8
-649
1345
3997
7681156
3
36
7
-670
1273
3965
7682181
13
37
-3
-694
1274
3927
7683206
51
30
-18
-681
1281
3907
7684231
79
31
-23
-664
1340
3975
7685256
63
38
-14
-684
1369
3979
7686281
32
44
-1
-698
1389
3924
7687306
2
41
11
-712
1354
3878
7688331
11
24
8
-693
1338
3863
7689356
24
11
8
-667
1355
3888
7690381
26
7
8
-664
1377
3936
7691406
15
7
11
-669
1363
3952
7692431
3
6
6
-674
1346
3939
7685247
4
2
4
-652
1334
3973
7686272
14
3
4
-653
1336
3997
7687297
16
8
2
-654
1334
3966
7688322
11
8
2
-670
1379
3930
7689347
-6
7
4
-665
1379
3928
7690372
-4
5
5
-668
1378
3927
7691397
5
8
-6
-662
1399
3953
7692422
10
10
-19
-681
1416
3938
7693447
27
2
-30
-695
1388
3909
7694472
55
-3
-47
-695
1387
3924
7695497
65
-1
-61
-693
1401
3961
7696522
48
9
-65
-696
1385
3948
7697547
43
17
-59
-707
1332
3947
7698572
39
26
-55
-732
1324
3936
7699597
36
27
-52
-714
1323
3934
7700622
25
34
-37
-718
1342
3954
7693440
9
39
-18
-732
1339
3927
7694465
13
35
-3
-738
1370
3878
7695490
10
23
8
-737
1360
3873
7696515
8
14
11
-716
1327
3919
7697540
12
9
7
-721
1358
3897
7698565
12
2
7
-714
1385
3869
7699590
-2
-4
8
-718
1387
3863
7700615
-5
-12
5
-706
1370
3910
7701640
2
-13
2
-709
1362
3952
7702665
13
-13
-1
-703
1377
3932
7703690
-1
-6
0
-722
1380
3902
7704715
-11
-2
1
-737
1382
3905
7705740
-8
-5
2
-717
1378
3931
7706765
0
-2
3
-718
1393
3948
7707790
-14
7
-1
-735
1400
3906
7708815
-18
8
-7
-748
1389
3885
7701632
-13
-1
-9
-743
1388
3920
7702657
-7
-5
-9
-727
1385
3946
7703682
13
-4
-2
-724
1392
3945
7704707
7
-2
4
-726
1384
3909
7705732
-2
3
2
-739
1388
3900
7706757
-2
0
0
-733
1392
3914
7707782
1
-1
-8
-729
1400
3891
7708807
18
-8
-23
-740
1409
3857
7709832
21
-25
-33
-733
1398
3876
7710857
15
-36
-39
-749
1403
3900
7711882
-25
-37
-48
-766
1410
3905
7712907
-82
-32
-45
-754
1352
3780
7713932
-84
-61
-10
-801
1348
3585
7714957
-34
-117
60
-800
1210
3570
7715982
44
-147
118
-853
1257
3819
7717007
13
-138
74
-679
1802
3707
7709823
-128
-90
52
-736
1945
2566
7710848
-83
-239
229
-273
228
3496
7711873
-299
-134
-35
-218
2116
6034
7712898
-1521
35
-134
-368
2509
5855
7713923
-1554
8
0
-879
-532
4300
7714948
254
-143
-152
-758
1013
3150
7715973
499
-153
-56
-504
1260
2727
7716998
-2
-73
-18
-395
898
3445
7718023
10
7
33
-463
602
4487
7719048
168
27
61
-665
1691
5142
7720073
-239
77
128
-782
1117
4669
7721098
-272
133
43
-652
563
4724
7722123
-57
175
-95
-713
1122
4177
7723148
340
149
-78
-861
1193
3778
7724173
336
72
-42
-934
1486
3640
7725198
201
-1
-46
-811
1110
3772
7718016
169
-28
-39
-900
1291
3708
7719041
190
-61
-53
-890
1334
3433
7720066
497
-126
-71
-629
1367
3732
7721091
529
-129
-3
-499
1586
4103
7722116
116
-40
44
-522
1299
4165
7723141
-96
35
43
-586
1109
4153
7724166
-55
76
34
-622
1124
4047
7725191
38
79
29
-617
1230
3964
7726216
39
75
45
-604
1227
4025
7727241
10
89
47
-635
1262
4078
7728266
-20
93
34
-632
1346
4023
7729291
-34
81
29
-642
1348
3847
7730316
-8
47
32
-643
1320
3836
7731341
19
22
41
-636
1258
4004
7732366
47
20
37
-666
1251
4076
7733391
35
27
38
-685
1293
3956
7726208
6
45
48
-696
1338
3841
7727233
-15
60
42
-688
1373
3904
7728258
-34
51
48
-697
1241
4039
7729283
2
45
28
-736
1270
4071
7730308
16
54
-8
-741
1387
3937
7731333
-3
61
-15
-732
1310
3824
7732358
21
51
-13
-737
1346
3835
7733383
20
36
-8
-738
1401
3881
7734408
-17
28
-9
-752
1337
3910
7735433
-19
22
-20
-759
1260
3935
7736458
26
11
-31
-760
1331
3901
7737483
36
4
-31
-761
1376
3881
7738508
15
-4
-26
-760
1341
3918
7739533
-12
-2
-26
-763
1311
3948
7740558
-2
2
-25
-755
1264
3959
7741583
24
5
-22
-770
1313
3961
7734401
8
7
-14
-762
1343
3952
7735426
-25
16
-5
-754
1296
3978
7736451
-25
17
-5
-761
1310
3945
7737476
-3
10
-2
-749
1297
3953
7738501
15
1
-3
-750
1357
3914
7739526
-2
2
0
-745
1330
3945
7740551
-11
0
-1
-754
1338
3927
7741576
-7
-4
-4
-761
1295
3904
7742601
19
-20
-13
-758
1320
3889
7743626
25
-25
-11
-730
1307
3981
7744651
19
-16
-10
-735
1294
4021
7745676
8
-5
-13
-737
1298
3956
7746701
2
1
-9
-759
1313
3903
7747726
1
-3
-2
-745
1280
3899
7748751
17
-10
9
-724
1276
4001
7749776
7
-4
19
-743
1311
3988
7742594
-19
7
22
-754
1280
3921
7743619
-15
4
22
-754
1290
3909
7744644
-8
-5
16
-747
1336
3948
7745669
-17
-2
8
-734
1348
3994
7746694
-9
7
4
-746
1363
3994
7747719
-6
3
5
-745
1338
3936
7748744
13
-5
8
-745
1325
3931
7749769
24
-7
6
-746
1322
3960
7750794
20
-3
-2
-742
1302
3973
7751819
21
6
-3
-743
1315
3971
7752844
22
17
3
-767
1310
3948
7753869
23
20
4
-767
1338
3907
7754894
27
20
8
-758
1345
3924
7755919
22
18
15
-769
1310
3958
7756944
18
8
14
-780
1292
3941
7757969
20
1
6
-767
1320
3877
7750783
19
-3
10
-752
1348
3886
7751808
4
1
19
-756
1349
3960
7752833
-13
3
15
-775
1312
3960
7753858
5
1
0
-768
1317
3894
7754883
26
-2
-3
-764
1345
3891
7755908
17
-2
0
-763
1367
3932
7756933
-5
-5
9
-771
1332
3928
7757958
-1
-10
13
-779
1320
3915
7758983
9
-11
6
-780
1319
3906
7760008
7
-15
0
-777
1358
3903
7761033
-6
-23
6
-779
1365
3909
7762058
-29
-35
0
-837
1359
3925
7763083
-54
-43
-3
-951
1317
3856
7764108
-13
-82
4
-686
1253
3743
7765133
78
-75
80
-676
1136
3830
7766158
221
-65
116
-991
1482
3757
7758976
184
-57
91
-773
1794
3687
7760001
-279
45
110
-786
1734
2809
7761026
-320
113
173
-539
219
3535
7762051
-111
78
-24
281
2493
6911
7763076
-2563
199
-41
-890
1918
5183
7764101
-1543
63
-86
-1144
-1044
2794
7765126
931
-144
-143
-576
1339
2891
7766151
603
-68
44
-606
1487
3535
7767176
-109
33
82
-651
740
4118
7768201
-37
84
106
-738
1023
4827
7769226
-165
131
131
-808
1066
4864
7770251
-355
151
107
-997
856
4437
7771276
-241
151
-51
-740
1042
4372
7772301
-97
136
-104
-802
927
3925
7773326
301
81
-62
-963
1277
4027
7774351
140
47
-100
-957
1593
3982
7767214
-112
13
18
-1113
787
3468
7768239
250
-97
52
-1109
518
3127
7769264
824
-216
6
-776
1592
3237
7770289
438
-212
83
-551
1473
3796
7771314
-49
-115
117
-603
1078
4327
7772339
-148
-37
82
-632
1086
4478
7773364
-94
19
60
-666
1118
4345
7774389
-29
58
27
-696
1162
4000
7775414
51
47
-8
-696
1277
3855
7776439
33
32
-19
-685
1275
3990
7777464
-3
38
-35
-725
1211
4139
7778489
2
44
-56
-758
1240
4148
7779514
18
38
-66
-769
1167
4052
7780539
61
7
-76
-790
1176
3854
7781564
100
-31
-70
-759
1236
3849
7782589
85
-40
-42
-779
1191
4002
7775360
49
-27
-23
-784
1098
4158
7776385
13
-2
-19
-828
1163
4099
7777410
10
1
-20
-829
1185
3895
7778435
30
-17
-14
-796
1186
3796
7779460
44
-27
3
-773
1151
3912
7780485
19
-25
6
-783
1218
3969
7781510
-21
-24
9
-781
1220
3894
7782535
-21
-27
22
-786
1240
3829
7783560
-9
-31
44
-780
1151
3881
7784585
27
-24
56
-765
1101
4067
7785610
30
5
53
-791
1156
4208
7786635
-27
38
36
-818
1211
4148
7787660
-61
54
19
-819
1190
3996
7788685
-21
44
21
-818
1215
3898
7789710
15
20
32
-799
1226
3897
7790735
14
5
33
-790
1159
3947
7783553
24
-1
25
-784
1174
4032
7784578
24
-3
17
-766
1233
4021
7785603
21
-4
19
-755
1246
3924
7786628
20
-7
22
-756
1206
3931
7787653
21
-7
8
-752
1188
4014
7788678
16
-3
-6
-750
1199
4015
7789703
14
-4
-8
-761
1199
3932
7790728
27
-11
1
-753
1185
3994
7791753
33
-10
2
-773
1234
3996
7792778
26
-13
1
-765
1184
3991
7793803
31
-15
-2
-778
1194
3976
7794828
52
-22
-13
-763
1229
3961
7795853
48
-24
-17
-757
1246
3939
7796878
49
-28
-21
-754
1212
3983
7797903
44
-25
-21
-754
1203
4042
7798928
46
-15
-22
-756
1201
4029
7791744
37
-2
-14
-773
1224
3975
7792769
30
1
-13
-773
1243
3965
7793794
21
4
-13
-768
1230
3987
7794819
21
13
-16
-757
1211
3980
7795844
29
20
-12
-763
1219
3963
7796869
40
17
9
-758
1239
3993
7797894
29
22
31
-782
1275
4023
7798919
-19
29
33
-795
1252
3977
7799944
-27
23
21
-794
1263
3930
7800969
4
14
3
-816
1289
3906
7801994
41
-1
-8
-804
1267
3895
7803019
55
-15
-11
-793
1284
3879
7804044
31
-21
-3
-773
1277
3907
7805069
12
-18
-1
-790
1185
3965
7806094
26
-11
-9
-782
1187
3986
7807119
32
2
-8
-797
1199
3995
7799935
14
17
-1
-800
1217
3963
7800960
-12
25
1
-803
1226
3943
7801985
-12
27
9
-803
1231
4030
7803010
-34
32
11
-844
1273
4007
7804035
-106
23
7
-1029
1410
3915
7805060
-195
-33
28
-1097
1245
3696
7806085
-128
-139
114
-702
791
3453
7807110
183
-157
128
-539
1357
4011
7808135
19
-52
64
-890
1792
4039
7809160
-135
3
-88
-772
989
2864
7810185
403
-181
-54
-60
1070
3865
7811210
-237
-96
-165
-367
3112
6196
7812235
-2145
-5
-155
-825
1264
5257
7813260
-1151
-184
-164
-1114
-661
2895
7814285
766
-352
-189
-586
766
2039
7815310
533
-250
-102
-342
1823
3150
7808128
-714
26
46
-458
484
4824
7809153
-1107
135
121
-818
865
6190
7810178
-1125
192
225
-931
360
5057
7811203
-170
258
185
-864
-512
4374
7812228
496
226
-28
-914
1696
4153
7813253
-115
190
29
-1320
2282
3463
7814278
-517
114
253
-1428
-562
2789
7815303
801
-159
97
-820
978
3260
7816328
697
-210
169
-489
2008
3817
7817353
-212
-35
280
-658
580
4402
7818378
-206
29
202
-634
613
4535
7819403
-80
78
155
-622
1083
4356
7820428
-49
120
111
-652
981
4123
7821453
83
109
52
-678
928
4022
7822478
218
75
-11
-679
1120
4022
7823503
249
46
-52
-672
1184
4093
7816320
179
27
-70
-681
1008
4083
7817345
113
4
-81
-689
975
3983
7818370
99
-24
-77
-699
954
4026
7819395
110
-39
-61
-698
916
4124
7820420
142
-38
-49
-742
959
4146
7821445
108
-38
-38
-752
1014
3988
7822470
74
-41
-23
-776
1048
3942
7823495
19
-39
-3
-733
978
4082
7824520
27
-16
4
-769
965
4202
7825545
15
7
-4
-788
1019
4111
7826570
19
17
-12
-799
1041
3974
7827595
42
4
-19
-773
1073
3952
7828620
78
-1
-17
-758
1050
4074
7829645
86
8
-26
-781
1041
4119
7830670
53
21
-49
-789
1057
4086
7831695
3
26
-65
-786
987
4067
7824512
-6
28
-96
-798
1023
3967
7825537
71
11
-113
-778
1127
3926
7826562
111
-8
-95
-755
1159
3988
7827587
75
-13
-79
-777
1099
4009
7828612
16
-15
-76
-763
1035
4010
7829637
-5
-12
-64
-773
1004
4018
7830662
10
-15
-55
-771
996
4034
7831687
30
-15
-38
-755
1042
4069
7832712
7
-3
-13
-782
1074
4080
7833737
-37
5
-4
-800
1049
4060
7834762
-42
5
-12
-811
1036
4017
7835787
8
-7
-23
-793
1067
4002
7836812
51
-18
-20
-774
1108
4040
7837837
24
-14
-10
-797
1088
4074
7838862
1
-12
-9
-804
1008
4023
7839887
74
-14
-16
-800
1080
4028
7832705
68
-10
-19
-774
1121
4015
7833730
3
1
-20
-774
1066
3995
7834755
-16
12
-20
-803
1050
4002
7835780
-1
9
-18
-804
1082
3994
7836805
-2
1
-11
-802
1030
3988
7837830
14
-4
-11
-804
1045
4007
7838855
17
-9
-14
-809
1074
3992
7839880
16
-12
-14
-788
1088
4003
7840905
11
-13
-6
-789
1094
4029
7841930
-2
-8
-1
-808
1081
4016
7842955
-7
-9
-3
-803
1070
3997
7843980
-9
-8
-5
-816
1071
4010
7845005
-11
-14
-7
-812
1086
4002
7846030
-14
-21
-4
-814
1069
4000
7847055
9
-34
5
-814
1058
4038
7848080
18
-28
8
-810
1083
4049
7841004
-2
-22
10
-816
1054
3992
7842029
28
-27
11
-806
1060
3958
7843054
70
-28
16
-809
1060
3995
7844079
91
-12
2
-778
1088
4025
7845104
101
4
-3
-765
1160
4063
7846129
56
9
3
-843
1197
4098
7847154
-15
4
4
-893
1099
4109
7848179
45
7
-1
-857
1076
4090
7849204
138
7
-46
-871
1242
3736
7850229
238
-75
-76
-876
1270
3382
7851254
260
-214
39
-1192
1324
3059
7852279
87
-345
-55
-675
1522
2974
7853304
-220
-303
-64
-583
1003
3406
7854329
42
-277
-53
-202
582
5662
7855354
-768
-201
-476
73
3606
6957
7856379
-1605
-127
61
-934
-1278
3911
7849088
880
-318
-113
-979
137
1635
7850113
925
-389
-324
10
2909
2911
7851138
-639
-72
-17
-405
105
4365
7852163
-172
37
35
-641
14
5094
7853188
176
68
63
-570
1681
5095
7854213
-391
200
266
-924
835
4706
7855238
-467
221
184
-765
394
4382
7856263
-166
220
91
-597
616
4563
7857288
106
276
92
-950
1361
4618
7858313
-12
226
80
-1376
1353
3470
7859338
139
71
146
-1020
493
2932
7860363
558
-69
106
-683
1768
3316
7861388
81
-29
236
-604
1189
4203
7862413
-246
100
244
-607
717
4668
7863438
-189
197
179
-623
971
4372
7864463
-179
226
171
-693
985
3853
7857280
-84
178
159
-756
916
3813
7858305
74
118
101
-720
992
3986
7859330
204
82
35
-684
1194
4040
7860355
188
59
8
-676
1233
3978
7861380
101
22
-16
-713
1126
3763
7862405
115
-36
-24
-678
1038
3883
7863430
206
-77
-32
-681
1075
4055
7864455
201
-82
-34
-682
1144
4208
7865480
79
-60
-19
-718
1072
4116
7866505
5
-52
-11
-756
1066
4002
7867530
-15
-60
-4
-761
1046
3913
7868555
66
-78
-4
-750
1103
3934
7869580
93
-71
7
-697
1050
4189
7870605
83
-36
-3
-753
1109
4182
7871630
59
-13
-10
-727
1184
4057
7872655
27
-3
-1
-756
1129
3991
7865472
59
-4
-10
-744
1095
3990
7866497
141
-5
-2
-726
1177
4005
7867522
216
2
27
-732
1180
4077
7868547
183
17
61
-738
1000
4100
7869572
180
29
64
-774
1125
4048
7870597
71
31
62
-759
1229
3869
7871622
-5
30
68
-730
1149
3919
7872647
7
27
61
-728
1217
4060
7873672
4
35
47
-729
1244
4062
7874697
13
37
39
-749
1235
3953
7875722
43
19
28
-737
1220
3906
7876747
65
7
22
-736
1280
3920
7877772
35
9
21
-736
1261
3983
7878797
-10
16
17
-745
1216
4002
7879822
-14
17
10
-768
1155
3960
7880847
43
3
-3
-765
1186
3924
7873665
64
-7
-12
-742
1251
3927
7874690
34
-8
-12
-729
1238
3959
7875715
-2
-1
-11
-729
1222
3984
7876740
-14
4
-11
-733
1187
3991
7877765
-4
2
-12
-742
1169
3961
7878790
27
-4
-16
-747
1239
3940
7879815
1
1
-15
-746
1236
3974
7880840
-30
11
-18
-758
1201
3987
7881865
-26
12
-24
-770
1204
3971
7882890
-8
9
-26
-782
1226
3954
7883915
-1
6
-32
-784
1205
3957
7884940
12
3
-32
-772
1232
3970
7885965
9
5
-20
-770
1210
3977
7886990
1
6
-11
-773
1260
3898
7888015
-19
-1
2
-756
1323
3740
7889040
-32
3
34
-734
1089
3966
7881857
-1
29
36
-749
1068
4303
7882882
-32
78
14
-790
1231
4300
7883907
-100
118
-14
-833
1232
4050
7884932
-57
101
-26
-830
1212
3860
7885957
46
50
-27
-807
1303
3852
7886982
32
15
-33
-794
1238
3906
7888007
26
-2
-39
-810
1171
3954
7889032
-1
-20
-51
-831
1279
3902
7890057
-108
-43
-43
-923
1281
3874
7891082
-171
-68
-18
-967
1250
3678
7892107
-167
-125
38
-958
1177
3316
7893132
-270
-212
-46
-593
1648
3166
7894157
-572
-127
-28
-1150
1015
2955
7895182
-76
-106
-345
-143
1149
4491
7896207
22
-138
-333
395
2911
6796
7897232
-1808
-103
-230
-985
270
4785
7890047
-161
-220
-389
-985
-1159
3360
7891072
990
-335
-446
-493
2231
2840
7892097
-137
-144
-133
-431
764
4032
7893122
-579
0
-72
-751
102
4637
7894147
-257
13
-60
-771
517
4655
7895172
-145
16
47
-833
674
4712
7896197
-8
89
50
-797
476
4891
7897222
175
131
-8
-838
504
4162
7898247
630
65
5
-946
1346
4056
7899272
330
43
-5
-1067
1764
3661
7900297
69
-8
144
-1156
228
3274
7901322
687
-160
50
-906
1219
3461
7902347
531
-204
35
-616
2087
3454
7903372
-89
-127
142
-548
950
3922
7904397
-171
-69
103
-591
811
4301
7905422
-118
-14
48
-602
1000
4314
7898240
-8
34
32
-639
1006
4266
7899265
102
54
30
-676
1100
4158
7900290
79
51
23
-679
1178
3990
7901315
11
39
24
-675
1133
3949
7902340
-29
27
19
-697
1048
4027
7903365
40
10
16
-690
1153
4148
7904390
111
6
20
-677
1253
4099
7905415
132
3
43
-668
1213
4034
7906440
104
3
81
-685
1057
4114
7907465
41
14
93
-742
1012
4084
7908490
40
15
80
-738
1094
4005
7909515
102
16
70
-710
1130
4016
7910540
133
17
69
-710
1158
3994
7911565
114
21
70
-697
1223
3978
7912590
45
38
65
-704
1173
4017
7913615
5
54
65
-715
1058
4110
7906432
39
63
52
-734
1168
4061
7907457
64
62
43
-730
1202
3914
7908482
72
56
40
-732
1220
3859
7909507
50
51
32
-748
1214
3925
7910532
6
46
4
-732
1211
3978
7911557
-3
37
-28
-700
1252
3876
7912582
32
10
-39
-672
1345
3809
7913607
46
-11
-29
-648
1242
4012
7914632
17
-9
-39
-649
1137
4170
7915657
2
12
-55
-680
1185
4107
7916682
-38
25
-50
-747
1115
3915
7917707
-14
3
-43
-791
1161
3836
7918732
7
-20
-34
-798
1225
3939
7919757
-6
-19
-20
-803
1192
4036
7920782
-15
-13
-13
-817
1143
3997
7921807
7
-17
-14
-817
1176
3945
7914624
17
-22
-11
-789
1157
3944
7915649
29
-20
1
-742
1177
4056
7916674
5
3
17
-756
1183
4103
7917699
-44
22
17
-785
1184
4041
7918724
-72
19
10
-811
1183
3985
7919749
-49
-2
-13
-781
1171
3936
7920774
38
-25
-20
-734
1251
3923
7921799
62
-29
-3
-725
1208
3975
7922824
16
-23
-1
-731
1140
4043
7923849
-12
-11
-8
-730
1155
4049
7924874
1
-4
-1
-728
1117
4004
7925899
39
-5
10
-743
1146
4001
7926924
32
-5
9
-753
1188
3957
7927949
10
3
8
-762
1168
3976
7928974
-2
5
8
-762
1180
3983
7929999
3
4
12
-761
1165
3986
7922816
7
7
13
-748
1167
4024
7923841
7
13
10
-763
1188
4009
7924866
9
13
4
-748
1222
3954
7925891
5
9
8
-745
1243
3955
7926916
0
1
9
-735
1210
3971
7927941
14
-7
6
-735
1210
3965
7928966
19
-11
2
-743
1230
3951
7929991
9
-21
2
-727
1213
3966
7931016
-1
-23
-3
-753
1228
3969
7932041
-7
-27
-12
-769
1217
3958
7933066
-11
-34
-15
-808
1209
3958
7934091
-5
-39
-14
-809
1136
3844
7935116
154
-52
21
-857
1116
3763
7936141
305
-78
70
-870
1264
3939
7937166
125
-42
6
-662
2141
3782
7938191
-330
76
114
-828
704
3307
7931008
47
34
19
-486
338
3780
7932033
81
-64
-267
52
3060
5203
7933058
-1536
126
-49
-767
1516
5124
7934083
-847
78
-136
-1020
-346
3523
7935108
580
-40
-277
-682
1567
3704
7936133
188
24
-125
-677
1348
3971
7937158
-260
91
-24
-697
533
3928
7938183
40
173
59
-671
594
4059
7939208
286
178
163
-818
806
4405
7940233
34
156
171
-939
1190
4481
7941258
-239
144
88
-873
1067
4354
7942283
-318
105
-25
-787
645
4164
7943308
20
71
-46
-940
963
4340
7944333
262
19
-91
-1013
1555
4379
7945358
22
-6
34
-1291
843
3447
7946383
399
-131
35
-1205
450
2807
7939200
1020
-304
-30
-731
2073
3044
7940225
442
-267
92
-525
1788
3746
7941250
-169
-148
172
-606
1032
4366
7942275
-262
-61
140
-678
953
4453
7943300
-145
-1
90
-709
1093
4312
7944325
-60
47
54
-729
1163
4073
7945350
-18
60
34
-752
1253
3885
7946375
6
54
15
-760
1334
3878
7947400
-18
48
1
-757
1290
4002
7948425
-26
41
-15
-783
1206
4046
7949450
18
17
-40
-766
1213
3882
7950475
76
-3
-50
-736
1241
3909
7951500
88
-12
-36
-734
1247
4023
7952525
64
-5
-23
-742
1157
4151
7953550
21
16
-11
-771
1119
4088
7954575
11
15
-13
-804
1244
3887
7947393
-5
6
4
-769
1073
4026
7948418
51
7
8
-790
1166
4150
7949443
65
14
-1
-763
1299
4128
7950468
8
30
0
-771
1282
3915
7951493
7
10
-11
-773
1272
3689
7952518
61
-27
-5
-716
1158
3962
7953543
98
-19
-12
-763
1264
4204
7954568
36
13
-28
-774
1289
4106
7955593
-10
30
-20
-821
1252
3890
7956618
11
12
-23
-844
1220
3765
7957643
69
-19
-24
-811
1233
3852
7958668
74
-19
-13
-818
1283
4042
7959693
20
-3
-6
-833
1253
4005
7960718
-1
2
-1
-842
1197
3866
7961743
20
-8
3
-839
1255
3818
7962768
12
-12
5
-819
1244
3866
7955585
21
1
17
-782
1217
4021
7956610
13
33
30
-803
1275
4156
7957635
-41
69
34
-835
1204
4130
7958660
-40
83
23
-861
1214
3973
7959685
1
73
18
-849
1240
3843
7960710
30
50
22
-814
1232
3854
7961735
41
35
29
-803
1280
3943
7962760
4
36
38
-804
1284
3994
7963785
-32
37
44
-825
1231
3938
7964810
-22
18
44
-841
1204
3883
7965835
11
-11
48
-806
1174
3916
7966860
28
-24
47
-791
1254
3927
7967885
-17
-21
47
-781
1264
3921
7968910
-44
-15
52
-790
1216
4007
7969935
-36
-9
44
-802
1232
4007
7970960
-26
0
29
-791
1246
3968
7963776
-22
10
18
-809
1257
3967
7964801
-10
12
9
-809
1291
3980
7965826
0
13
8
-816
1286
3957
7966851
-11
15
6
-842
1258
3920
7967876
-11
12
0
-837
1257
3949
7968901
-9
10
-7
-856
1259
3939
7969926
12
-6
-10
-830
1266
3929
7970951
19
-13
-3
-822
1262
3958
7971976
13
-12
2
-833
1272
3962
7973001
0
-10
5
-822
1245
3968
7974026
10
-13
9
-799
1225
3997
7975051
14
-10
9
-813
1247
3979
7976076
5
-3
1
-807
1258
3961
7977101
-1
0
-2
-821
1282
3937
7978126
-9
-3
-1
-814
1254
3938
7979151
-6
-7
-5
-815
1247
3950
7971968
8
-15
-11
-826
1280
3915
7972993
-1
-18
-13
-829
1306
3896
7974018
-46
-21
-18
-918
1398
3832
7975043
-124
-49
-11
-990
1400
3913
7976068
-206
-28
52
-929
1278
3931
7977093
-84
-28
79
-1006
1449
3742
7978118
-222
-147
97
-781
2137
2681
7979143
-357
-268
220
-836
1522
1588
7980168
154
-276
279
-620
-448
4285
7981193
474
-141
-234
888
2852
8494
7982218
-2502
232
-41
-818
2367
6431
7983243
-2103
172
32
-1678
-2358
1764
7984268
1621
-352
-128
-476
-132
2192
7985293
977
-265
-254
-357
2914
3590
7986318
-810
60
-25
-670
214
4328
7987343
-283
114
54
-699
128
4591
7980160
347
100
96
-736
1105
5036
7981185
-60
132
55
-1022
1117
4907
7982210
-152
143
-123
-920
498
4367
7983235
342
81
-208
-592
752
4337
7984260
748
56
-32
-905
974
4329
7985285
717
82
74
-1121
1663
3689
7986310
33
186
210
-976
563
3871
7987335
-408
238
229
-1108
518
3842
7988360
5
207
130
-1041
1292
3675
7989385
223
111
162
-835
1748
3211
7990410
197
29
237
-744
1670
3126
7991435
143
-23
254
-680
1213
3820
7992460
103
15
188
-751
1230
4341
7993485
6
65
106
-772
1424
4287
7994510
-121
99
37
-775
1424
3982
7995535
-107
88
1
-822
1334
3812
7988352
1
38
-27
-820
1302
3837
7989377
68
7
-70
-802
1101
3922
7990402
147
-3
-93
-806
1014
4030
7991427
182
-13
-91
-825
1112
4012
7992452
112
-20
-77
-833
1220
3920
7993477
-1
-34
-53
-822
1197
3910
7994502
-21
-43
-19
-811
1153
3971
7995527
-2
-43
0
-829
1165
4012
7996552
-7
-28
10
-840
1191
3945
7997577
-12
-23
7
-845
1185
3984
7998602
-32
-13
7
-839
1122
4099
7999627
-1
11
-2
-865
1192
4090
8000652
-16
29
-10
-885
1205
4022
8001677
-33
34
-23
-894
1232
3909
8002702
2
21
-23
-859
1208
3886
8003727
42
9
-4
-831
1198
3993
7996544
23
14
16
-841
1327
4005
7997569
-86
30
37
-828
1259
3990
7998594
-156
46
50
-856
1030
4064
7999619
-130
57
32
-893
1056
4022
8000644
-95
55
3
-897
1115
3904
8001669
-47
45
-9
-866
1134
3906
8002694
-2
33
-10
-841
1123
3967
8003719
40
31
-8
-860
1157
4017
8004744
22
29
-10
-880
1141
3987
8005769
-9
23
-16
-890
1076
3959
8006794
13
9
-19
-877
1147
3965
8007819
28
-3
-5
-894
1186
4005
8008844
12
-2
4
-900
1124
4025
8009869
15
-1
-3
-907
1155
4002
8010894
11
-8
-7
-890
1170
3948
8011919
19
-13
-3
-892
1172
3949
8004736
48
-10
-2
-904
1174
4008
8005761
61
-10
-2
-908
1170
4020
8006786
23
-15
-7
-888
1183
3922
8007811
17
-17
-3
-870
1164
3914
8008836
39
-14
-3
-872
1165
3985
8009861
34
-6
-7
-895
1167
4003
8010886
8
0
-6
-897
1169
3997
8011911
2
6
-5
-900
1161
3956
8012936
24
0
-2
-888
1173
3941
8013961
33
-8
3
-872
1193
3974
8014986
19
-6
2
-866
1195
4014
8016011
15
-4
-1
-874
1176
4004
8017036
20
-9
-4
-873
1201
3965
8018061
25
-18
0
-869
1228
3974
8019086
16
-14
10
-891
1223
3980
8020111
0
-15
10
-903
1209
3961
8012928
8
-22
11
-892
1198
3955
8013953
26
-27
17
-898
1163
3981
8014978
34
-24
16
-893
1165
3988
8016003
9
-13
10
-903
1158
3937
8017028
4
-11
1
-884
1167
3940
8018053
14
-14
0
-868
1167
3965
8019078
20
-13
3
-864
1171
3975
8020103
1
-6
2
-869
1165
3978
8021128
-14
-1
-4
-862
1163
3972
8022153
-21
0
-8
-873
1201
3954
8023178
-29
-4
-11
-866
1210
3925
8024203
-26
-14
-15
-872
1213
3921
8025228
-31
-23
-24
-881
1192
3945
8026253
-31
-24
-39
-892
1232
3949
8027278
-25
-29
-49
-946
1296
3953
8028303
-94
-47
-64
-976
1245
3899
8021120
-116
-69
-67
-926
1127
3682
8022145
77
-126
-80
-946
1305
3406
8023170
28
-254
-47
-893
1498
3320
8024195
-579
-311
-132
-740
2005
3083
8025220
-1131
-280
-124
-916
817
3035
8026245
-434
-231
-303
-1003
-80
3841
8027270
544
-209
-562
303
2857
6924
8028295
-1508
-78
-342
-333
2809
5590
8029320
-1784
-93
-53
-1359
-2597
3035
8030345
835
-319
-402
-734
711
3533
8031370
529
-280
-240
-593
1415
3625
8032395
-286
-126
-54
-701
207
3983
8033420
-90
-53
16
-696
102
4476
8034445
67
-13
32
-737
726
4778
8035470
-205
27
80
-784
677
4566
8036495
-97
65
117
-728
528
4869
8029312
-6
186
34
-662
815
4937
8030337
128
256
37
-935
230
3948
8031362
550
223
-19
-1077
1464
4010
8032387
153
185
-34
-869
1486
4060
8033412
-176
181
144
-1201
446
3517
8034437
371
65
127
-1107
436
3333
8035462
808
-41
92
-731
1612
3665
8036487
143
26
167
-626
1194
4079
8037512
-232
118
187
-737
730
4313
8038537
-158
129
143
-774
875
4246
8039562
-69
134
120
-765
879
4126
8040587
65
127
78
-784
912
4024
8041612
161
93
45
-782
1080
3887
8042637
177
56
41
-766
1140
3920
8043662
41
31
37
-778
1068
3933
8044687
-16
2
16
-781
1006
4006
8037537
23
-15
12
-793
945
4166
8038562
72
-20
-2
-827
957
4117
8039587
103
-19
-3
-841
1064
4086
8040612
0
-17
5
-875
1096
3889
8041637
-37
-36
0
-884
977
3795
8042662
61
-57
11
-823
881
4121
8043687
114
-36
3
-883
1028
4240
8044712
57
-9
-12
-859
1126
4076
8045737
-40
11
3
-872
1040
3898
8046762
-25
1
16
-874
892
3985
8047787
53
-1
16
-867
1032
4187
8048812
17
24
9
-872
1072
4114
8049837
-34
36
7
-883
1063
3930
8050862
-33
25
11
-872
1014
3948
8051887
24
9
15
-853
1051
4073
8052912
35
10
4
-863
1031
4040
8045696
25
4
1
-850
1016
3981
8046721
31
-3
9
-869
1048
3990
8047746
8
3
14
-851
960
4112
8048771
5
15
9
-881
1035
4093
8049796
-8
20
8
-872
1033
4031
8050821
-1
17
15
-896
989
4017
8051846
30
6
7
-887
1045
3986
8052871
37
0
7
-853
1059
4016
8053896
25
5
12
-854
1052
4045
8054921
4
11
12
-868
1031
4034
8055946
3
16
11
-870
1014
4025
8056971
13
14
8
-877
1059
4022
8057996
-3
9
11
-871
1042
3994
8059021
-3
7
17
-875
1018
4032
8060046
8
7
14
-875
1042
4026
8061071
13
2
12
-861
1044
4006
8054208
24
-3
17
-850
1060
4039
8055233
2
4
11
-864
1074
4015
8056258
-14
1
-4
-868
1023
3978
8057283
12
-14
-18
-853
994
3985
8058308
43
-24
-25
-839
1034
4022
8059333
38
-24
-13
-820
1025
4062
8060358
6
-10
-2
-860
1019
4049
8061383
-21
-1
-1
-873
1029
4016
8062408
-14
1
1
-877
1036
4020
8063433
-2
-5
4
-873
1051
4015
8064458
7
-7
3
-871
1064
4006
8065483
-3
1
2
-884
1078
4014
8066508
-15
3
-4
-893
1058
4032
8067533
-3
1
-7
-896
1051
4037
8068558
19
2
-7
-879
1065
4024
8069583
19
7
-4
-887
1071
4017
8062081
6
9
-1
-883
1023
4020
8063106
8
12
-2
-880
1038
4013
8064131
5
16
1
-888
1037
4021
8065156
7
14
4
-880
1054
3999
8066181
-2
14
5
-872
1062
4002
8067206
-9
15
5
-883
1046
4009
8068231
-3
9
5
-882
1037
3994
8069256
3
2
7
-875
1029
3994
8070281
6
-4
1
-871
1065
3994
8071306
1
-1
-1
-873
1065
4012
8072331
-6
-2
0
-883
1030
4009
8073356
7
-11
0
-882
1024
4037
8074381
14
-12
2
-867
1044
4027
8075406
2
-7
1
-872
1064
4002
8076431
-11
-10
1
-881
1066
3996
8077456
-13
-13
-2
-923
1083
3981
8070272
-20
-27
-15
-935
1089
3960
8071297
-40
-37
-25
-945
1085
3941
8072322
-19
-45
2
-980
897
4035
8073347
105
-46
31
-986
1075
4138
8074372
-69
-38
-104
-1024
1921
3464
8075397
-493
-150
-200
-764
1519
2350
8076422
-183
-274
-53
-938
418
2164
8077447
543
-269
-150
-794
762
4397
8078472
185
-139
-520
499
2959
7960
8079497
-2769
36
-339
-833
1765
5703
8080522
-1392
-31
-152
-1511
-2961
2217
8081547
1934
-334
-366
-597
737
2511
8082572
732
-244
-258
-385
2522
3857
8083597
-906
0
42
-795
-205
4760
8084622
-472
19
23
-877
29
5058
8085647
105
6
99
-883
401
4591
8078464
294
28
112
-979
688
4399
8079489
229
73
35
-672
1229
4561
8080514
202
112
156
-789
473
4247
8081539
428
86
110
-1091
1224
4157
8082564
45
58
67
-1132
1426
3497
8083589
-84
7
189
-1172
526
3013
8084614
495
-151
172
-799
1078
3668
8085639
196
-127
168
-622
1364
4144
8086664
-239
22
164
-779
777
4382
8087689
-133
77
111
-787
800
4411
8088714
-2
114
97
-806
952
4270
8089739
-11
134
80
-844
1030
3977
8090764
1
120
63
-845
974
3886
8091789
84
95
44
-807
987
3998
8092814
136
77
28
-832
1055
4116
8093839
85
65
11
-832
1070
4054
8086656
31
43
11
-837
1004
3945
8087681
48
1
17
-808
984
3865
8088706
112
-34
30
-788
984
4017
8089731
62
-34
41
-799
934
4105
8090756
43
-24
30
-807
955
4127
8091781
8
-13
24
-820
1014
4085
8092806
-7
-11
22
-817
956
4024
8093831
27
-10
22
-797
928
4033
8094856
43
2
27
-829
969
4093
8095881
12
10
15
-831
1002
4061
8096906
-7
14
10
-823
956
4027
8097931
1
11
13
-847
990
3976
8098956
10
-2
3
-849
1012
3949
8099981
32
-9
-7
-818
991
4050
8101006
49
5
-10
-831
1106
4145
8102031
-14
25
-5
-846
1102
4125
8094848
-56
33
8
-884
946
3998
8095873
-9
18
8
-889
950
3924
8096898
42
3
7
-857
1007
3991
8097923
36
3
10
-845
1029
4085
8098948
7
17
13
-836
1043
4087
8099973
-22
24
16
-863
1006
4013
8100998
-13
10
8
-852
965
3968
8102023
22
1
5
-826
1033
3995
8103048
1
3
9
-832
1023
4026
8104073
-27
0
9
-860
990
4012
8105098
-23
-9
-2
-857
1001
3974
8106123
0
-19
-8
-833
981
4008
8107148
27
-21
-6
-830
976
4086
8108173
16
-8
-5
-838
1017
4081
8109198
-21
3
-3
-867
1020
4016
8110223
-36
6
0
-865
989
4031
8103040
-9
3
1
-879
992
4047
8104065
7
-2
-1
-872
1021
4010
8105090
13
-5
-1
-850
1011
4034
8106115
4
2
3
-854
1023
4060
8107140
-10
7
6
-863
1002
4049
8108165
-9
7
6
-868
978
4050
8109190
8
9
4
-856
1003
4056
8110215
9
10
5
-859
1035
4028
8111240
-2
4
8
-843
1011
4010
8112265
1
3
8
-843
1009
4029
8113290
3
4
1
-843
1012
4038
8114315
-3
1
-4
-855
988
4009
8115340
2
-8
-4
-844
984
4030
8116365
7
-12
-2
-845
985
4055
8117390
-4
-7
-7
-847
970
4038
8118415
0
-8
-9
-831
1012
4001
8111232
1
-8
-1
-857
1025
4019
8112257
0
-12
-1
-851
986
4086
8113282
17
-9
-4
-855
985
4081
8114307
22
-4
-6
-862
1033
4022
8115332
8
-6
-3
-851
1009
3994
8116357
7
-4
0
-864
1000
4052
8117382
-2
-2
-2
-864
997
4080
8118407
-9
2
-1
-875
1006
4030
8119432
0
-2
2
-867
1018
4014
8120457
18
-6
8
-866
1010
4042
8121482
26
-6
12
-861
1051
4051
8122507
0
-1
12
-876
1055
4003
8123532
-38
1
-4
-963
1037
3953
8124557
-47
-18
-37
-973
1005
3883
8125582
18
-41
-34
-954
897
3611
8126607
239
-97
2
-619
892
3672
8119424
242
-60
76
-947
1392
4065
8120449
-113
58
-8
-946
1435
4108
8121474
-300
188
-57
-941
710
3627
8122499
150
180
75
-828
732
4269
8123524
114
233
52
-535
2511
6046
8124549
-1370
271
-123
-557
1921
5242
8125574
-1262
12
-49
-1291
-1458
3076
8126599
1081
-328
-259
-1011
815
2283
8127624
684
-352
-182
-418
1776
2887
8128649
-332
-158
44
-683
23
3904
8129674
21
-99
44
-655
429
4957
8130699
-87
-45
119
-870
1173
5176
8131724
-492
26
154
-988
379
4675
8132749
-169
84
50
-978
467
4592
8133774
101
141
-120
-744
1170
4385
8134799
378
157
17
-995
755
3954
8127617
399
104
-36
-1291
1799
3867
8128642
-221
54
-35
-1267
1182
3189
8129667
-75
-53
139
-1188
48
2983
8130692
670
-227
139
-855
1465
3603
8131717
113
-182
172
-648
1458
4081
8132742
-379
-35
207
-765
468
4435
8133767
-190
23
147
-792
818
4469
8134792
-83
83
118
-805
1129
4335
8135817
-77
126
84
-857
1013
4098
8136842
13
119
25
-837
1026
3994
8137867
67
102
-10
-842
1094
4043
8138892
75
78
-34
-844
1043
3973
8139917
106
42
-40
-812
965
4015
8140942
84
28
-19
-834
921
4087
8141967
77
7
-24
-865
1005
3989
8142992
52
-5
-4
-856
925
4061
8135808
36
-4
11
-905
929
4141
8136833
25
-2
11
-893
981
4124
8137858
-7
1
21
-925
985
3928
8138883
8
-30
10
-910
997
3751
8139908
52
-64
28
-814
847
3952
8140933
106
-49
28
-865
986
4192
8141958
43
-21
5
-841
1109
4127
8142983
-49
12
5
-875
1047
3954
8144008
-30
10
7
-875
961
3967
8145033
14
15
7
-893
983
4137
8146058
5
30
-4
-911
998
4155
8147083
0
37
-4
-922
1002
4034
8148108
14
30
8
-920
976
3925
8149133
34
19
18
-920
980
3973
8150158
47
16
18
-901
1011
4086
8151183
32
20
23
-901
1010
4107
8144000
17
21
23
-913
1026
4019
8145025
17
16
20
-931
1044
3935
8146050
10
4
19
-907
1019
3948
8147075
19
1
15
-893
1006
4058
8148100
30
6
7
-894
1032
4057
8149125
23
9
9
-902
1025
3996
8150150
10
10
13
-906
1025
3993
8151175
-1
7
7
-911
1041
3997
8152200
-11
1
-3
-906
1028
3977
8153225
3
-9
-5
-908
1063
3990
8154250
9
-20
-7
-896
1051
4012
8155275
20
-25
-9
-889
992
4007
8156300
44
-26
-11
-886
1025
4039
8157325
29
-20
-9
-892
1018
4019
8158350
22
-16
-7
-898
994
3997
8159375
21
-18
-1
-890
1035
4007
8152192
-1
-12
4
-896
1031
4056
8153217
-26
1
1
-903
1012
4067
8154242
-16
3
0
-903
1020
4046
8155267
4
-1
3
-907
1026
3996
8156292
13
-6
6
-911
1065
3982
8157317
2
-8
7
-890
1059
4035
8158342
-8
-6
3
-897
1047
4019
8159367
3
-13
-3
-889
1047
3954
8160392
16
-25
-5
-891
1039
3952
8161417
16
-34
-10
-883
1015
3991
8162442
19
-34
-11
-878
1027
4028
8163467
23
-31
-5
-887
995
4025
8164492
27
-34
-4
-897
1005
3996
8165517
33
-33
-3
-884
1047
4027
8166542
14
-24
-1
-883
1052
4058
8167567
10
-16
2
-865
1041
4064
8160384
15
-5
1
-884
1050
4061
8161409
9
1
-2
-886
1028
4061
8162434
16
2
-5
-891
1035
4031
8163459
14
3
-2
-884
1052
4014
8164484
-16
4
3
-884
1063
3984
8165509
-53
2
7
-903
1028
3977
8166534
-29
-11
4
-892
1042
4030
8167559
6
-23
-2
-868
1089
4026
8168584
2
-26
-4
-868
1063
3971
8169609
-5
-32
-10
-887
1094
3962
8170634
-83
-44
-25
-999
1046
3940
8171659
-94
-84
-55
-916
905
3913
8172684
35
-108
-42
-865
923
3752
8173709
99
-148
-6
-931
975
3581
8174734
-59
-211
-27
-804
1004
3759
8175759
-258
-191
-112
-875
1175
4117
8168576
-275
-148
-234
-981
1180
4069
8169601
-176
-205
-336
-961
1199
3294
8170626
-2
-398
-262
-321
1141
3195
8171651
65
-265
-280
-450
1585
5272
8172676
-864
-158
-334
-310
1682
5984
8173701
-1244
-145
-225
-741
-542
4317
8174726
419
-220
-335
-935
650
3136
8175751
382
-150
-295
-333
1605
3681
8176776
-448
85
-33
-589
244
4451
8177801
-254
147
48
-730
228
5097
8178826
-291
158
67
-768
572
4667
8179851
-203
228
109
-867
216
4768
8180876
156
304
23
-872
670
4393
8181901
366
291
33
-1039
1110
3982
8182926
-21
279
-40
-949
2003
4118
8183951
-480
280
268
-1322
257
3373
8176769
464
117
351
-1308
-687
3289
8177794
1235
-31
163
-874
1730
3723
8178819
311
99
292
-798
1305
4265
8179844
-303
214
334
-947
524
4332
8180869
-302
203
277
-956
381
3961
8181894
8
153
211
-947
874
3849
8182919
170
113
172
-858
1155
3972
8183944
184
99
154
-858
1126
4028
8184969
154
69
111
-856
1008
3888
8185994
136
26
60
-870
1139
3815
8187019
99
-12
45
-811
1119
4016
8188044
33
-16
55
-876
990
4154
8189069
-53
-23
39
-959
837
4012
8190094
-20
-53
8
-963
862
3871
8191119
80
-88
-7
-904
913
3938
8192144
139
-79
4
-838
995
4186
8184959
74
-35
15
-850
951
4252
8185984
0
8
3
-871
943
4129
8187009
-12
31
-18
-872
988
3953
8188034
39
36
-28
-842
1052
3961
8189059
56
40
-17
-855
1074
4087
8190084
-7
55
-11
-899
1004
4074
8191109
-55
52
-16
-949
995
3908
8192134
-8
23
-2
-933
986
3942
8193159
46
12
35
-930
994
4118
8194184
-5
27
60
-957
959
4104
8195209
-65
24
62
-981
924
3951
8196234
-22
2
47
-935
910
3941
8197259
82
4
34
-916
1085
4124
8198284
61
21
34
-932
1043
4102
8199309
17
27
22
-960
1004
3987
8200334
14
20
1
-947
961
3946
8193152
78
19
-9
-939
1076
4024
8194177
60
29
5
-950
1071
4033
8195202
1
39
20
-976
970
4061
8196227
-14
38
17
-1009
959
4021
8197252
28
32
16
-983
1055
3969
8198277
39
33
41
-977
1077
3974
8199302
12
28
71
-972
1025
3974
8200327
-13
23
84
-978
973
3991
8201352
-14
31
63
-942
979
4041
8202377
11
51
46
-926
1058
4111
8203402
-21
69
42
-944
1015
4044
8204427
-49
70
27
-987
996
3920
8205452
-24
44
10
-986
989
3908
8206477
37
17
-5
-949
1055
3981
8207502
55
7
7
-937
1099
4032
8208527
9
6
24
-954
999
3989
8201344
13
-3
23
-955
995
3968
8202369
24
-10
15
-942
1047
3950
8203394
13
-12
15
-925
1006
4031
8204419
5
-8
11
-933
1039
4041
8205444
-1
-3
9
-953
1017
3994
8206469
-2
-4
6
-975
989
3991
8207494
5
-13
-4
-968
1030
4015
8208519
14
-9
-13
-958
1055
4020
8209544
11
4
-9
-971
1028
4029
8210569
-9
8
-12
-972
1011
4023
8211594
-8
14
-20
-971
1013
4026
8212619
19
13
-24
-955
1025
4054
8213644
30
16
-20
-947
1078
4013
8214669
-7
24
-8
-971
1065
3958
8215694
-20
14
-9
-993
1030
3945
8216719
17
2
-13
-993
1039
3964
8209535
28
-7
-17
-1016
1063
3969
8210560
15
-21
-23
-999
1065
3935
8211585
7
-24
-22
-990
1004
3931
8212610
23
-29
-23
-1007
1013
3949
8213635
25
-33
-35
-1033
1045
3900
8214660
13
-44
-56
-1103
1075
3856
8215685
-35
-54
-81
-1154
1064
3923
8216710
-87
-35
-110
-1134
905
3655
8217735
180
-104
-145
-1017
1072
3337
8218760
451
-223
-107
-930
1124
3041
8219785
632
-235
-97
-1033
1377
2950
8220810
562
-202
-101
-627
1320
4304
8221835
-136
-32
-59
-197
1786
6567
8222860
-1642
134
-191
-632
1718
5419
8223885
-1227
-37
-122
-1331
-1163
3551
8224910
941
-330
-330
-966
1204
3265
8217728
463
-313
-202
-603
2075
3679
8218753
-393
-131
19
-807
20
3726
8219778
103
-83
15
-685
515
4435
8220803
-160
-15
66
-781
1353
5056
8221828
-603
81
106
-1066
625
4949
8222853
-216
143
-1
-1015
381
4723
8223878
218
173
-33
-853
713
4026
8224903
547
148
89
-1345
1265
3700
8225928
284
93
-5
-1210
2206
3919
8226953
-555
127
168
-1380
472
2835
8227978
136
-56
238
-1264
-23
3025
8229003
724
-209
177
-763
2007
3879
8230028
-159
-37
253
-769
1085
4293
8231053
-353
65
220
-843
687
4292
8232078
-125
91
188
-821
1084
4308
8233103
-64
141
155
-915
1071
4246
8225920
-7
154
77
-915
1041
4004
8226945
64
125
25
-862
1154
3837
8227970
101
87
-2
-828
1158
3900
8228995
108
59
-3
-842
1051
4121
8230020
92
52
-1
-904
911
4214
8231045
128
28
-6
-892
933
4071
8232070
148
10
21
-891
983
3892
8233095
191
-1
61
-918
1059
3897
8234120
120
-12
86
-938
1191
4011
8235145
-65
-5
89
-973
1128
3974
8236170
-99
-16
68
-979
1125
3854
8237195
-31
-40
48
-971
1133
3785
8238220
37
-58
37
-951
1065
3934
8239245
50
-59
13
-956
1138
4060
8240270
-2
-44
-1
-944
1168
3984
8241295
-25
-31
9
-946
1132
3939
8234112
-34
-33
17
-958
1005
3935
8235137
20
-31
9
-934
1017
4082
8236162
40
-9
2
-928
1102
4096
8237187
27
6
15
-909
1037
4055
8238212
60
21
29
-907
995
4013
8239237
115
39
27
-930
1037
3981
8240262
147
55
16
-926
1090
4008
8241287
150
75
14
-940
1260
4110
8242312
65
97
22
-970
1282
4173
8243337
-21
114
-1
-993
1116
4021
8244362
33
100
-24
-1002
1123
3828
8245387
102
72
-19
-976
1164
3844
8246412
118
55
2
-987
1157
3983
8247437
71
47
13
-995
1161
4009
8248462
22
40
15
-1014
1114
3915
8249487
46
16
9
-991
1131
3855
8242304
79
-2
8
-962
1162
3928
8243329
71
-2
8
-961
1117
4013
8244354
34
9
-2
-965
1117
3972
8245379
7
14
-11
-1003
1170
3904
8246404
16
1
-17
-1005
1163
3893
8247429
56
-10
-25
-988
1218
3921
8248454
59
-11
-30
-973
1218
3924
8249479
46
-11
-43
-971
1152
3913
8250504
56
-16
-61
-966
1128
3924
8251529
81
-20
-73
-939
1147
3964
8252554
103
-14
-65
-933
1216
3968
8253579
59
-5
-47
-961
1185
3973
8254604
-18
0
-41
-996
1167
3915
8255629
-39
-6
-42
-1022
1195
3880
8256654
-11
-17
-35
-1032
1191
3962
8257679
20
-33
-28
-1031
1283
3936
8250496
18
-38
-8
-1024
1242
3931
8251521
3
-39
2
-1039
1157
3937
8252546
17
-42
-9
-1027
1194
3909
8253571
32
-35
-9
-1004
1165
3947
8254596
49
-20
-2
-992
1204
3993
8255621
27
4
3
-1016
1204
3955
8256646
0
17
2
-1023
1179
3889
8257671
8
21
0
-1023
1185
3901
8258696
11
23
-2
-1008
1221
3941
8259721
3
31
1
-999
1213
3943
8260746
6
35
7
-1001
1218
3931
8261771
-12
32
8
-1010
1241
3885
8262796
-26
21
6
-994
1196
3872
8263821
-7
11
1
-1015
1238
3870
8264846
-62
1
-16
-1077
1220
3904
8265871
-127
-4
-33
-1101
1061
3974
8258688
-82
1
2
-1151
970
3894
8259713
127
-25
27
-1269
1054
3770
8260738
214
-134
-131
-902
2103
3276
8261763
-159
-214
-123
-879
1883
2288
8262788
-96
-337
75
-1006
871
2242
8263813
294
-409
-289
-168
2264
4992
8264838
-1300
-304
-267
-326
2951
6568
8265863
-2144
-244
-169
-1345
-483
4065
8266888
390
-490
-371
-874
-782
3430
8267913
828
-507
-322
-383
1909
3553
8268938
-471
-268
-70
-770
147
3911
8269963
-306
-164
-61
-694
-288
4476
8270988
89
-48
-9
-652
807
4876
8272013
-264
101
79
-900
1305
5183
8273038
-588
194
122
-1120
370
4587
8274063
-67
191
14
-1022
283
4375
8266881
385
168
-62
-936
1069
3958
8267906
413
152
29
-1130
1470
3821
8268931
160
146
14
-885
1499
4389
8269956
-379
212
190
-1236
461
4010
8270981
-219
171
188
-1410
143
3225
8272006
615
1
140
-884
1629
3215
8273031
275
0
262
-602
1364
3793
8274056
-238
120
322
-850
769
4310
8275081
-299
171
258
-863
805
4471
8276106
-160
213
192
-865
971
4347
8277131
-59
228
134
-874
1031
3998
8278156
64
199
113
-869
1004
3906
8279181
194
164
83
-904
1153
4004
8280206
161
136
39
-915
1211
3956
8281231
69
96
18
-925
1193
3851
8282256
32
48
28
-915
988
3898
8275072
91
13
21
-951
933
4054
8276097
148
-15
11
-954
1009
4080
8277122
129
-33
12
-952
1136
3929
8278147
31
-46
29
-906
976
3894
8279172
33
-43
43
-935
885
4061
8280197
66
-31
28
-944
1057
4072
8281222
48
-18
33
-937
1067
3999
8282247
40
-5
41
-976
1030
4006
8283272
39
10
27
-976
1008
4049
8284297
62
36
8
-954
1094
4116
8285322
-13
61
3
-965
1106
4007
8286347
-136
60
3
-990
1115
3844
8287372
-170
47
12
-993
1004
3957
8288397
-91
43
14
-1006
898
4095
8289422
57
39
5
-1022
1085
4071
8290447
92
37
11
-1018
1146
3948
8283264
27
31
19
-1031
1134
3864
8284289
-17
14
10
-1016
1037
3879
8285314
54
0
-4
-980
1037
4065
8286339
73
3
-13
-980
1100
4111
8287364
15
17
-19
-1003
1001
3981
8288389
17
16
-27
-996
1031
3903
8289414
47
17
-24
-984
1031
3986
8290439
78
27
-15
-997
1117
4059
8291464
42
34
-8
-1016
1054
3949
8292489
15
28
-10
-1032
1006
3858
8293514
44
6
-23
-1013
1026
3921
8294539
78
-11
-31
-995
1069
3990
8295564
82
-16
-25
-964
1083
3967
8296589
47
-14
-9
-1008
1140
3931
8297614
-14
-28
-5
-1046
1103
3900
8298639
-11
-40
-13
-1012
1061
4006
8291456
24
-34
-16
-999
1111
4076
8292481
25
-25
-14
-1009
1136
4009
8293506
10
-21
-17
-1020
1098
3964
8294531
17
-18
-28
-1030
1126
3951
8295556
28
-15
-35
-1021
1123
3953
8296581
22
-6
-33
-1026
1104
3939
8297606
0
-6
-25
-1036
1053
3948
8298631
-3
-12
-14
-1033
1024
3942
8299656
33
-20
0
-1012
1055
3951
8300681
54
-17
17
-1001
1024
4028
8301706
56
-10
21
-1005
1081
4026
8302731
13
2
18
-996
1116
4004
8303756
-11
13
17
-1004
1099
4012
8304781
2
13
9
-998
1151
3973
8305806
3
13
-4
-1008
1151
3939
8306831
3
10
-15
-1019
1109
3981
8299649
15
6
-19
-1030
1091
3957
8300674
18
5
-18
-1022
1101
3937
8301699
1
9
-14
-1016
1097
3965
8302724
-13
16
-7
-1031
1080
3991
8303749
-3
15
2
-1026
1094
3979
8304774
5
10
15
-1031
1081
3939
8305799
16
1
25
-1016
1100
3924
8306824
5
0
26
-1006
1099
3959
8307849
-10
7
17
-1019
1091
3996
8308874
1
4
6
-1016
1107
3982
8309899
6
0
1
-1014
1139
3935
8310924
-9
-6
1
-1002
1134
3944
8311949
-15
-10
1
-1010
1117
3994
8312974
-2
-12
4
-1030
1112
3991
8313999
3
-18
3
-1021
1134
3930
8315024
12
-21
2
-1010
1146
3965
8307840
23
-18
0
-1011
1118
4008
8308865
21
-12
-10
-1019
1107
3963
8309890
20
-8
-9
-1021
1086
3950
8310915
12
-8
-4
-1024
1076
3969
8311940
4
-7
-2
-1020
1103
3966
8312965
-2
-9
0
-1018
1112
3937
8313990
-5
-14
3
-1018
1117
3927
8315015
-21
-21
-2
-1029
1144
3909
8316040
-72
-32
-24
-1128
1220
3868
8317065
-122
-70
-45
-1066
977
3908
8318090
-95
-58
-59
-1009
1031
3912
8319115
1
-21
-58
-1238
1303
3568
8320140
86
-141
-59
-1359
1824
2847
8321165
-218
-340
-76
-883
1536
2187
8322190
-403
-374
-7
-783
363
2502
8323215
596
-291
-85
-239
301
5901
8316032
335
-83
-275
-195
3179
7711
8317057
-1811
0
-84
-1071
898
4599
8318082
-488
-167
1
-1384
-1466
2721
8319107
1005
-309
-227
-625
1689
3603
8320132
-68
-152
-57
-789
1287
3934
8321157
-295
-35
46
-904
123
4136
8322182
208
-21
39
-761
748
4312
8323207
79
28
86
-838
1406
4722
8324232
-408
93
130
-1067
797
4625
8325257
-230
125
13
-904
578
4725
8326282
30
182
-57
-1039
1008
3949
8327307
300
125
4
-1178
1015
3693
8328332
228
64
-15
-991
1553
4018
8329357
-84
90
117
-1114
904
3882
8330382
-99
52
146
-1307
580
3347
8331407
355
-69
107
-995
986
3380
8324223
388
-90
125
-749
1503
3821
8325248
-61
9
164
-770
1097
4275
8326273
-237
89
138
-844
962
4363
8327298
-180
113
94
-891
852
4227
8328323
-19
117
43
-946
976
4032
8329348
73
104
-1
-894
1134
3880
8330373
99
77
3
-846
1239
3907
8331398
20
57
21
-893
1105
3966
8332423
-21
34
9
-945
972
4012
8333448
12
-4
-22
-930
1031
3989
8334473
35
-29
-25
-883
1065
3901
8335498
54
-45
0
-891
1089
3927
8336523
-5
-57
20
-915
981
3978
8337548
-24
-60
11
-931
926
4025
8338573
11
-55
-5
-910
1044
4011
8339598
24
-42
-1
-904
1080
4003
8332416
-3
-25
13
-916
1022
4066
8333441
-19
-1
8
-964
1005
4108
8334466
-9
15
-16
-964
1069
4056
8335491
-22
24
-20
-961
1062
3959
8336516
0
20
-13
-959
1036
3937
8337541
36
19
0
-966
1054
4063
8338566
5
29
2
-978
1034
4072
8339591
-3
35
-4
-986
1065
3999
8340616
6
24
-9
-972
1058
3925
8341641
43
11
-2
-955
1043
3975
8342666
56
15
0
-949
1072
4081
8343691
14
27
-4
-956
1058
4046
8344716
-2
25
-4
-956
1040
3957
8345741
22
10
3
-953
1006
3942
8346766
48
0
3
-948
1054
4003
8347791
31
5
3
-950
1079
4046
8340608
-3
10
7
-956
1037
3996
8341633
-3
4
13
-962
1013
3951
8342658
14
0
13
-964
1042
4016
8343683
9
1
6
-963
1072
4036
8344708
-1
1
4
-958
1088
3964
8345733
2
-1
12
-971
1066
3963
8346758
3
-6
13
-970
1027
4014
8347783
12
-7
4
-967
1036
3991
8348808
23
-7
-5
-939
1061
3946
8349833
23
-4
6
-951
1077
4007
8350858
-5
1
4
-978
1087
4014
8351883
-22
-3
-10
-953
1040
3991
8352908
6
-2
-8
-943
1016
4037
8353933
33
0
1
-957
1087
4029
8354958
6
4
7
-973
1112
3981
8355983
-23
5
7
-959
1053
3977
8348800
-5
2
-1
-961
1061
3988
8349825
26
-2
-8
-947
1057
4003
8350850
40
-2
-3
-958
1121
3996
8351875
-1
0
0
-955
1073
3958
8352900
-23
2
1
-971
1054
3958
8353925
-9
-6
3
-963
1067
3962
8354950
0
-12
7
-955
1051
4012
8355975
11
-18
11
-954
1031
4065
8357000
22
-18
9
-957
1068
4019
8358025
10
-12
8
-963
1083
3954
8359050
-4
-10
12
-962
1060
3965
8360075
-5
-10
8
-965
1063
3986
8361100
-10
-9
-5
-998
1120
3946
8362125
-52
-14
-27
-1136
1107
3877
8363150
-34
-53
-55
-954
893
3914
8364175
89
-36
-14
-1040
1044
3841
8356992
182
-34
26
-1038
1054
3722
8358017
209
-55
-37
-960
1639
3600
8359042
-95
-42
37
-1131
1325
2940
8360067
102
-14
38
-767
60
3491
8361092
680
11
-73
-149
1793
6099
8362117
-891
186
-44
-919
2699
5842
8363142
-1606
150
-25
-1208
-693
3848
8364167
491
-122
-192
-1145
451
3109
8365192
770
-234
-172
-744
1936
2716
8366217
-74
-123
-8
-688
955
3685
8367242
-470
-62
10
-826
644
4717
8368267
-607
-13
21
-796
439
5098
8369292
-491
61
52
-1042
426
4821
8370317
-176
143
-73
-1063
844
4114
8371342
297
102
-10
-1104
926
3799
8372367
411
44
27
-1173
1867
4247
8365184
-338
89
145
-1450
941
3287
8366209
-197
-32
152
-1403
26
2744
8367234
553
-253
99
-835
1672
3396
8368259
-37
-169
195
-727
1053
4340
8369284
-324
-22
193
-853
628
4706
8370309
-144
54
123
-839
968
4478
8371334
-68
106
89
-898
1056
4081
8372359
-25
118
55
-915
944
3929
8373384
73
108
6
-922
1003
4022
8374409
110
93
-36
-930
1092
4144
8375434
71
75
-47
-934
1040
4100
8376459
40
49
-37
-944
961
3945
8377484
36
6
-20
-957
922
3795
8378509
87
-39
-8
-939
902
4004
8379534
100
-53
4
-928
880
4135
8380559
123
-52
10
-932
994
4004
8373376
53
-40
36
-904
977
4026
8374401
-42
-12
40
-983
988
4014
8375426
-65
-4
15
-942
916
4059
8376451
-1
8
7
-970
949
4088
8377476
76
2
-5
-971
1068
4017
8378501
54
8
3
-945
1011
3977
8379526
31
25
12
-992
991
4020
8380551
17
34
9
-968
923
4088
8381576
31
43
20
-978
929
4044
8382601
71
51
43
-992
995
4050
8383626
14
64
53
-1018
943
4064
8384651
-23
71
34
-1028
1014
4021
8385676
0
65
23
-1008
1042
3961
8386701
43
52
21
-997
1050
3936
8387726
65
34
24
-975
1075
3955
8388751
44
27
24
-986
1030
3983
8381568
26
17
15
-983
963
3981
8382593
54
11
1
-980
1031
3976
8383618
46
14
-3
-978
1046
3986
8384643
26
12
0
-985
1061
3970
8385668
2
6
6
-997
1080
3930
8386693
-20
-1
6
-994
937
3988
8387718
17
-13
-5
-1000
982
3977
8388743
32
-14
-10
-997
1055
3983
8389768
3
-7
-6
-987
1083
4034
8390793
-24
-3
1
-1005
1052
4024
8391818
-26
-5
0
-1022
974
3987
8392843
17
-12
-9
-1024
1015
3961
8393868
26
-11
-14
-996
1045
3986
8394893
8
-6
-12
-1006
1022
3995
8395918
6
0
-4
-1008
1005
4036
8396943
11
3
1
-1015
1029
4040
8389759
1
9
-5
-1005
1020
4001
8390784
-1
12
-7
-1014
1048
3985
8391809
10
9
-4
-1003
1036
4014
8392834
30
7
-3
-998
1019
4013
8393859
47
9
-6
-975
1077
3984
8394884
20
15
-4
-985
1052
3956
8395909
13
13
-2
-981
990
3972
8396934
29
17
-2
-981
1035
4078
8397959
0
32
-8
-1017
1105
4109
8398984
-30
38
-11
-1034
1079
4008
8400009
-6
29
-3
-1037
1043
3921
8401034
22
9
2
-1068
1038
3922
8402059
25
-12
0
-1062
1026
3973
8403084
32
-23
1
-1038
1015
4019
8404109
44
-23
7
-1034
1025
3977
8405134
53
-26
12
-1023
1016
3915
8397953
41
-20
14
-1001
1036
3969
8398978
5
-6
10
-1012
1097
3997
8400003
-35
1
5
-1030
1062
3909
8401028
-33
-9
-5
-1030
1063
3858
8402053
-4
-31
-15
-1017
1064
3898
8403078
21
-38
-15
-1012
1031
3980
8404103
9
-31
-10
-1018
1056
3988
8405128
-32
-24
-5
-1010
1029
3984
8406153
-40
-18
-1
-1014
1004
4001
8407178
-5
-18
3
-1012
1037
4026
8408203
12
-13
2
-989
1059
4034
8409228
10
4
2
-990
1049
4057
8410253
8
22
2
-1021
1063
4050
8411278
5
22
7
-1023
1057
3993
8412303
7
18
13
-1018
1049
3971
8413328
4
18
12
-1030
1060
3978
8406312
-1
16
3
-1022
1078
3989
8407337
1
13
4
-1028
1055
3996
8408362
24
4
8
-1030
1040
3997
8409387
34
0
8
-1015
1076
3955
8410412
4
2
8
-1010
1079
3917
8411437
-15
4
12
-1021
1041
3990
8412462
-3
2
9
-1029
1020
4011
8413487
13
1
2
-1023
1039
3964
8414512
21
-2
5
-1012
1071
3932
8415537
6
-4
9
-1011
1071
3957
8416562
-14
0
7
-1011
1055
3975
8417587
-20
3
2
-1023
1045
3982
8418612
-13
0
2
-1026
1042
3993
8419637
3
-8
3
-1022
1078
3991
8420662
2
-11
10
-1026
1098
3974
8421687
-7
-9
9
-1015
1058
3988
8414336
-11
-6
-1
-1048
1096
3974
8415361
-52
-6
-23
-1235
1096
3909
8416386
-56
-43
-41
-1197
913
3891
8417411
107
-33
-13
-954
762
3964
8418436
387
-21
2
-1025
1192
3976
8419461
335
-40
30
-1149
2082
3553
8420486
-207
-35
-11
-882
839
3140
8421511
-78
-51
-112
-226
350
4494
8422536
-348
-34
-194
-889
2328
5527
8423561
-849
38
-141
-1383
575
4352
8424586
50
-113
-174
-854
205
3392
8425611
454
-137
-113
-894
1284
3164
8426636
97
-56
-22
-830
916
3886
8427661
-221
39
59
-870
951
4277
8428686
-282
84
162
-1018
613
4355
8429711
-149
60
137
-1120
758
4460
8422528
29
110
72
-895
811
4856
8423553
149
171
75
-1217
529
3951
8424578
601
111
21
-1345
1487
3675
8425603
302
72
-33
-1345
1672
3298
8426628
-19
10
154
-1483
337
2974
8427653
709
-161
75
-1048
1476
3702
8428678
337
-113
97
-767
2017
4288
8429703
-395
85
184
-987
798
4425
8430728
-312
132
110
-1041
1020
4206
8431753
-203
145
62
-1043
1203
3997
8432778
-111
138
20
-1050
1088
3857
8433803
56
100
-2
-1037
1166
3946
8434828
97
73
-16
-1043
1198
4003
8435853
57
47
-34
-1058
1131
3951
8436878
36
11
-41
-1027
1072
3838
8437903
66
-30
-26
-1033
1066
3810
8430720
89
-62
-3
-1024
1077
3922
8431745
69
-73
20
-1027
1116
3985
8432770
16
-63
33
-1026
1075
3965
8433795
-15
-55
30
-1038
1090
3891
8434820
-12
-57
17
-1031
1102
3893
8435845
7
-45
3
-1030
1150
3989
8436870
-2
-28
-13
-1021
1163
4035
8437895
-38
-12
-21
-1040
1093
3973
8438920
-21
-12
-24
-1055
1044
3940
8439945
23
-19
-19
-1063
1187
3946
8440970
0
-15
-12
-1046
1120
3992
8441995
-2
-10
-6
-1060
1091
3986
8443020
8
-5
-3
-1059
1129
3990
8444045
9
2
-2
-1066
1130
3960
8445070
35
-3
-2
-1053
1197
3888
8446095
21
5
11
-1043
1112
4035
8438911
6
21
6
-1065
1105
4102
8439936
-3
30
-4
-1071
1152
3935
8440961
-8
27
-1
-1072
1096
3874
8441986
17
9
-9
-1061
1123
3849
8443011
34
-7
-15
-1025
1140
3889
8444036
19
-6
-5
-1041
1114
3975
8445061
2
-4
3
-1054
1098
3957
8446086
-11
-7
11
-1061
1072
3940
8447111
-12
-9
16
-1045
1085
3995
8448136
-15
-3
20
-1058
1132
3974
8449161
-31
1
21
-1052
1143
3923
8450186
-45
2
15
-1062
1133
3887
8451211
-23
-7
2
-1034
1119
3924
8452236
16
-7
-3
-1022
1168
4018
8453261
4
2
-4
-1043
1168
4008
8454286
-29
10
-5
-1054
1120
3926
8447105
-24
5
-1
-1066
1090
3919
8448130
6
-7
4
-1073
1088
3946
8449155
25
-14
4
-1052
1109
3951
8450180
8
-9
8
-1055
1112
3951
8451205
-16
-6
7
-1065
1127
3950
8452230
-22
-4
4
-1050
1103
3944
8453255
1
-7
-3
-1051
1106
3945
8454280
11
-11
-3
-1046
1145
3950
8455305
-9
-7
-1
-1045
1119
3938
8456330
-20
-7
-5
-1051
1099
3940
8457355
-16
-7
-8
-1051
1089
3926
8458380
-9
-8
-12
-1052
1129
3930
8459405
-23
-12
-11
-1052
1133
3919
8460430
-34
-16
-6
-1043
1089
3936
8461455
-18
-15
-5
-1053
1067
3975
8462480
3
-15
-8
-1058
1107
3994
8455296
-3
-15
-10
-1057
1130
3970
8456321
-20
-17
-15
-1049
1111
3942
8457346
-13
-22
-18
-1051
1142
3940
8458371
-18
-25
-21
-1096
1179
3902
8459396
-57
-37
-36
-1184
1162
3902
8460421
-75
-57
-29
-1108
996
4003
8461446
5
-32
-19
-1143
1130
3773
8462471
163
-81
-3
-1261
1352
3332
8463496
200
-213
-98
-913
1562
2823
8464521
242
-265
-8
-709
864
3388
8465546
335
-224
11
-885
1165
4695
8466571
0
-148
-125
-592
1792
5375
8467596
-828
-63
-195
-617
1551
4953
8468621
-994
-144
-76
-1114
283
3801
8469646
323
-287
-101
-976
297
3444
8470671
281
-267
-158
-635
1708
3563
8463488
-473
-58
-18
-769
617
3818
8464513
-423
20
7
-828
560
4615
8465538
-487
60
-7
-918
907
4858
8466563
-313
137
58
-1176
132
4682
8467588
64
160
-25
-894
583
4783
8468613
388
191
47
-1040
716
4232
8469638
695
176
2
-1615
1809
3744
8470663
78
101
91
-1747
664
2484
8471688
723
-105
71
-1208
765
2878
8472713
1005
-244
112
-808
2273
3839
8473738
78
-87
229
-830
1163
4465
8474763
-137
31
184
-849
1046
4391
8475788
-142
96
166
-858
1186
4086
8476813
-121
123
142
-896
1127
3990
8477838
65
116
80
-907
1215
4002
8478863
136
106
31
-912
1348
3936
8471680
53
86
11
-932
1264
3888
8472705
26
59
-5
-910
1147
3928
8473730
60
43
-14
-921
1178
3999
8474755
56
27
-18
-929
1223
3912
8475780
26
0
-13
-926
1233
3756
8476805
1
-36
12
-914
1187
3795
8477830
-29
-56
35
-946
1143
3964
8478855
-58
-65
35
-965
1089
3995
8479880
-18
-68
25
-959
1158
3964
8480905
7
-75
21
-950
1212
3919
8481930
-7
-71
18
-944
1186
3981
8482955
-20
-56
0
-947
1186
4045
8483980
-19
-34
-19
-927
1196
3971
8485005
-4
-15
-19
-950
1223
3906
8486030
-26
-4
-7
-961
1117
3987
8487055
-26
6
-9
-1002
1106
4003
8479873
-2
8
-19
-985
1116
4001
8480898
40
12
-15
-959
1174
3953
8481923
37
27
-5
-993
1204
3951
8482948
-12
36
-11
-1027
1161
3952
8483973
-5
36
-25
-1015
1178
3941
8484998
10
32
-27
-982
1177
3950
8486023
16
31
-23
-968
1230
3911
8487048
17
32
-5
-947
1222
3949
8488073
-10
42
8
-979
1188
3983
8489098
-22
39
1
-985
1160
3916
8490123
2
27
0
-978
1177
3906
8491148
14
15
5
-981
1194
3933
8492173
3
5
8
-987
1179
3919
8493198
-2
-3
16
-987
1166
3942
8494223
1
-9
18
-993
1150
3966
8495248
4
-11
10
-998
1138
3968
8488064
25
-14
-1
-984
1168
3974
8489089
23
-13
-14
-979
1220
3917
8490114
8
-15
-29
-965
1206
3851
8491139
16
-27
-21
-954
1184
3864
8492164
42
-34
-6
-968
1165
3933
8493189
74
-28
-3
-977
1183
4013
8494214
55
-15
-6
-984
1226
3992
8495239
10
-3
-6
-968
1159
3983
8496264
1
6
2
-978
1149
3970
8497289
-4
16
6
-976
1213
3935
8498314
-25
21
12
-989
1203
3937
8499339
-26
13
16
-1000
1172
3964
8500364
0
4
13
-999
1197
3964
8501389
4
4
6
-985
1240
3918
8502414
-2
3
6
-978
1220
3926
8503439
-2
-2
6
-987
1209
3925
8496256
3
-1
-3
-978
1233
3929
8497281
-1
1
-2
-974
1203
3964
8498306
-7
1
-1
-987
1192
3942
8499331
-14
0
-4
-994
1186
3898
8500356
-20
-5
-6
-995
1162
3901
8501381
-5
-11
-8
-991
1132
3946
8502406
14
-13
-10
-984
1219
3973
8503431
-17
-10
-4
-990
1246
3913
8504456
-47
-10
2
-1000
1179
3843
8505481
-31
-21
4
-1001
1207
3875
8506506
-40
-21
-6
-1078
1238
3969
8507531
-67
-14
-49
-1113
1182
3994
8508556
1
-16
-66
-1063
1103
3955
8509581
115
-15
6
-1045
1276
3907
8510606
59
-16
-15
-1233
1801
3797
8511631
-307
-103
-128
-1132
2157
2680
8504448
-491
-351
-16
-871
1084
1586
8505473
97
-478
29
-622
-227
3629
8506498
595
-363
-471
339
2539
7976
8507523
-1599
-47
-216
-1304
2441
5608
8508548
-1223
-153
19
-1507
-2047
2737
8509573
882
-462
-183
-545
1105
3019
8510598
217
-327
-63
-614
1453
3524
8511623
-345
-127
32
-727
273
4248
8512648
-25
-38
58
-674
434
4457
8513673
72
76
103
-743
1199
4915
8514698
-356
243
157
-987
1105
4773
8515723
-346
332
117
-1014
643
4585
8516748
-100
319
6
-915
708
4146
8517773
286
288
19
-1098
925
3838
8518798
336
242
-18
-1058
1560
3942
8519823
50
231
61
-1018
1081
4027
8512640
-263
205
126
-1346
739
3464
8513665
113
67
141
-1156
698
3327
8514690
437
-39
157
-815
1617
3793
8515715
-70
39
206
-760
1171
4133
8516740
-252
123
191
-944
787
4310
8517765
-123
141
114
-945
936
4283
8518790
-17
156
55
-948
1065
4136
8519815
20
145
30
-931
1126
3839
8520840
84
112
19
-961
1068
3767
8521865
132
75
0
-969
1040
3894
8522890
143
45
-19
-974
1073
4062
8523915
70
34
-30
-974
1135
3931
8524940
28
5
-15
-1003
1086
3812
8525965
31
-31
10
-1002
1026
3901
8526990
40
-50
14
-1020
1034
3997
8528015
27
-57
2
-1006
1037
3979
8520832
27
-61
-5
-1013
1090
3914
8521857
15
-67
-1
-982
1000
3915
8522882
46
-57
8
-969
993
4048
8523907
37
-29
10
-982
1128
4061
8524932
-49
-8
13
-982
1112
3911
8525957
-69
0
24
-990
978
3975
8526982
0
10
18
-1000
991
4182
8528007
19
41
0
-1034
1130
4195
8529032
-16
66
-11
-1058
1130
4023
8530057
-23
61
-12
-1066
1072
3864
8531082
17
27
-9
-1052
995
3870
8532107
66
5
-9
-1024
1013
3975
8533132
61
-2
-15
-1015
1082
3994
8534157
29
-6
-1
-1001
1103
3944
8535182
3
-12
20
-1009
1037
3931
8536207
6
-16
23
-1004
1033
4001
8529023
14
-14
12
-1003
1058
4009
8530048
8
-7
1
-999
1043
3960
8531073
7
-6
-1
-1019
1118
3958
8532098
-14
-9
2
-1016
1061
3955
8533123
3
-16
3
-1018
1014
3962
8534148
24
-18
3
-1027
1073
4002
8535173
-2
-14
-2
-1026
1104
3976
8536198
-15
-15
-1
-1026
1083
3962
8537223
2
-22
6
-1015
1057
3965
8538248
11
-24
4
-1011
1046
3971
8539273
3
-19
-1
-1013
1041
3984
8540298
6
-17
-2
-1002
1035
3986
8541323
13
-12
7
-991
1062
3992
8542348
-2
-6
15
-1004
1073
4019
8543373
-18
-3
11
-1001
1064
3996
8544398
-13
-1
5
-1006
1094
3945
8537216
-10
-4
-3
-1013
1090
3922
8538241
-7
-12
-12
-1001
1113
3946
8539266
-6
-16
-11
-999
1062
4001
8540291
2
-17
-7
-1001
1041
4020
8541316
2
-20
-11
-1003
1072
3966
8542341
-6
-27
-8
-995
1081
3951
8543366
-14
-29
-1
-1001
1031
3981
8544391
-6
-24
-7
-1017
1051
4022
8545416
-30
-19
-21
-1021
1072
3984
8546441
-28
-25
-33
-1027
1055
3965
8547466
-24
-39
-46
-1021
1083
3971
8548491
-65
-42
-41
-1081
1066
3972
8549516
-112
-55
-28
-1160
1130
3811
8550541
-38
-70
24
-1304
1511
3581
8551566
39
-90
110
-947
1647
3381
8552591
-291
-261
186
22
514
2897
8545468
-384
-47
207
-692
369
5584
8546493
-570
43
79
-744
1299
5342
8547518
-479
-14
246
-1054
-550
3805
8548543
334
-143
0
-996
1791
3584
8549568
-137
-115
-5
-885
1186
3960
8550593
-285
-30
-53
-822
653
4277
8551618
-94
49
-62
-891
958
4443
8552643
-252
113
-73
-969
657
4278
8553668
-98
104
-83
-1029
639
4331
8554693
176
75
-36
-965
722
4496
8555718
294
110
-9
-880
489
4336
8556743
668
135
46
-1191
589
4177
8557768
595
123
-51
-1669
1718
3382
8558793
194
19
69
-1453
462
2696
8559818
948
-176
106
-1008
1690
3207
8560843
451
-201
134
-631
2103
3867
8553600
-416
-4
208
-819
692
4490
8554625
-324
95
143
-879
803
4626
8555650
-161
167
82
-892
1240
4331
8556675
-154
209
47
-953
1184
3931
8557700
-47
184
-5
-988
1143
3715
8558725
72
119
-57
-943
1262
3807
8559750
88
72
-69
-925
1242
4046
8560775
51
44
-67
-933
1064
4121
8561800
60
16
-55
-981
1004
4024
8562825
71
-22
-38
-976
1072
3904
8563850
40
-51
-14
-982
1078
3853
8564875
33
-83
7
-979
1138
3830
8565900
27
-103
24
-942
1083
3958
8566925
11
-87
24
-966
1025
4111
8567950
12
-57
-4
-991
1092
4080
8568975
-12
-31
-35
-993
1134
3910
8561792
4
-24
-43
-972
1100
3903
8562817
41
-13
-41
-993
1136
4034
8563842
31
6
-49
-1011
1112
4050
8564867
36
13
-57
-1024
1091
3949
8565892
49
10
-57
-1013
1079
3922
8566917
59
9
-56
-1021
1134
3949
8567942
37
2
-54
-1029
1132
3944
8568967
11
-13
-43
-1027
1093
3892
8569992
11
-33
-28
-1014
1054
3915
8571017
28
-55
-12
-1006
1073
3940
8572042
38
-79
11
-967
1068
3972
8573067
48
-83
38
-946
1074
4045
8574092
50
-79
46
-965
1131
4065
8575117
37
-68
40
-951
1154
4022
8576142
29
-48
35
-950
1125
3990
8577167
24
-30
16
-962
1145
3974
8569984
14
-21
-2
-966
1132
4007
8571009
15
-9
-10
-966
1115
4009
8572034
24
0
-10
-968
1104
3946
8573059
29
1
-3
-976
1146
3918
8574084
-1
0
5
-993
1129
3907
8575109
-1
-7
1
-978
1109
3909
8576134
12
-10
-3
-956
1111
3970
8577159
8
-4
-2
-971
1160
3957
8578184
-7
-2
1
-975
1145
3930
8579209
-10
-2
2
-974
1108
3961
8580234
7
2
-2
-968
1157
3992
8581259
-2
7
-3
-962
1166
3970
8582284
-11
11
2
-962
1136
3965
8583309
-19
13
4
-977
1141
3944
8584334
-24
12
3
-965
1128
3948
8585359
-25
15
6
-967
1115
3969
8578176
-32
17
10
-957
1117
3959
8579201
-50
15
15
-946
1119
3934
8580226
-51
9
25
-960
1087
3944
8581251
-38
0
22
-968
1125
3940
8582276
-47
-13
9
-968
1133
3933
8583301
-44
-29
-1
-967
1111
3897
8584326
-36
-39
-10
-1044
1195
3868
8585351
-76
-49
-33
-1104
1120
3905
8586376
-90
-66
-19
-1141
861
3890
8587401
119
-104
28
-930
949
3828
8588426
243
-126
17
-801
1786
3664
8589451
-186
-128
92
-1145
1344
2561
8590476
-67
-191
80
-1062
159
2326
8591501
536
-131
-224
-224
1214
5572
8592526
-1165
32
-202
-274
3623
7471
8593551
-3195
202
17
-1575
-626
3809
8586368
-401
-150
-146
-1109
-1430
2926
8587393
1057
-378
-178
-646
2558
3398
8588418
-259
-204
53
-727
1187
3785
8589443
-639
-61
97
-700
-172
4401
8590468
-125
6
111
-730
409
4673
8591493
-76
95
107
-868
1142
4818
8592518
-246
165
120
-1023
618
4613
8593543
64
202
44
-843
629
4655
8594568
300
201
33
-990
489
3974
8595593
511
162
10
-1240
1067
3949
8596618
281
115
-32
-964
1320
4362
8597643
-100
135
129
-1323
561
3635
8598668
316
25
176
-1341
266
3050
8599693
837
-145
130
-789
1531
3498
8600718
173
-74
180
-728
1280
4056
8601743
-222
49
162
-860
796
4378
8594560
-134
98
97
-828
994
4425
8595585
-110
146
82
-911
898
4193
8596610
-20
145
26
-974
855
3905
8597635
97
109
-25
-924
971
3893
8598660
182
81
-38
-927
1074
3966
8599685
176
54
-51
-941
1007
4025
8600710
129
30
-43
-948
893
4034
8601735
124
12
-40
-970
960
4012
8602760
68
-8
-21
-944
963
3906
8603785
40
-44
-16
-950
978
3731
8604810
32
-63
20
-891
864
4066
8605835
56
-40
32
-957
955
4332
8606860
54
-8
18
-961
1059
4235
8607885
-35
23
17
-1005
1044
3934
8608910
-56
-2
2
-993
945
3715
8609935
42
-34
4
-929
907
3953
8602752
87
-16
6
-961
1085
4245
8603777
-21
18
-9
-986
1059
4118
8604802
-85
30
-16
-1012
961
3866
8605827
-45
14
-11
-1005
1004
3901
8606852
-8
-1
-1
-982
955
4055
8607877
43
-3
0
-991
992
4093
8608902
15
7
0
-991
1012
4027
8609927
-26
9
10
-1005
865
3940
8610952
10
-4
5
-1000
911
3958
8611977
26
-3
-7
-959
1045
4057
8613002
2
11
-1
-978
1013
4058
8614027
-15
15
4
-989
982
3992
8615052
-25
9
4
-997
963
3970
8616077
-6
-2
-3
-983
949
4007
8617102
22
-3
0
-976
1017
4074
8618127
0
-1
10
-988
1008
4022
8610944
-27
-6
11
-1002
984
3972
8611969
-11
-18
6
-1008
982
4002
8612994
20
-35
-5
-990
1025
4001
8614019
21
-44
-15
-988
1001
3968
8615044
-2
-61
-26
-1037
1026
3953
8616069
-41
-90
-45
-1011
945
3888
8617094
8
-122
-60
-965
920
3708
8618119
168
-169
-19
-1005
942
3676
8619144
398
-214
-53
-882
1346
3759
8620169
346
-199
-165
-974
1932
3382
8621194
38
-221
-82
-915
1241
2666
8622219
82
-220
-12
-497
-7
4096
8623244
-9
-131
-259
-80
2093
7119
8624269
-1673
150
-334
-913
1743
5868
8625294
-925
95
-277
-1384
-1639
2714
8626319
1087
-145
-400
-789
1774
3151
8619258
92
-52
-154
-775
1486
3838
8620283
-452
31
11
-1016
-369
4069
8621308
120
6
-9
-886
558
4540
8622333
11
54
73
-980
966
4571
8623358
-172
111
121
-1072
646
4383
8624383
25
150
89
-922
885
4618
8625408
83
160
125
-1097
616
3917
8626433
321
96
110
-1202
869
3809
8627458
229
56
19
-996
1530
4248
8628483
-133
95
158
-1250
887
3795
8629508
72
36
172
-1340
418
3312
8630533
597
-116
112
-962
1582
3295
8631558
141
-103
174
-771
1375
3732
8632583
-299
-4
172
-873
770
4323
8633608
-308
52
97
-867
894
4517
8634633
-208
109
73
-892
961
4354
8627328
-51
129
61
-932
881
4051
8628353
90
114
43
-967
1027
3830
8629378
98
80
17
-945
1126
3806
8630403
12
46
-2
-923
1064
3927
8631428
-11
16
7
-908
990
4051
8632453
17
-17
24
-944
937
4017
8633478
51
-37
34
-928
880
4025
8634503
61
-43
26
-957
970
4017
8635528
30
-54
22
-927
1009
3984
8636553
2
-48
31
-931
1001
3987
8637578
-19
-38
37
-943
926
4016
8638603
-20
-31
31
-957
909
4035
8639628
-11
-26
13
-962
1000
4003
8640653
7
-19
6
-931
990
4020
8641678
4
4
7
-948
1009
4083
8642703
-22
18
1
-972
974
4088
8635520
-33
20
-8
-980
968
3986
8636545
-4
10
-8
-970
944
3976
8637570
34
5
-4
-966
964
4046
8638595
22
5
-4
-972
1003
4051
8639620
-5
11
1
-979
983
4049
8640645
-4
14
3
-984
951
4026
8641670
6
14
1
-975
962
3990
8642695
15
10
7
-960
995
4017
8643720
2
9
16
-969
998
3988
8644745
-14
13
16
-976
975
4000
8645770
-22
9
7
-980
954
4018
8646795
-4
-4
2
-971
944
4007
8647820
26
-10
8
-958
985
4019
8648845
13
-10
17
-971
996
3988
8649870
-4
-11
16
-982
964
3994
8650895
-6
-8
14
-984
979
4040
8643711
-11
-7
15
-985
962
4043
8644736
-3
-13
15
-987
969
4017
8645761
15
-20
14
-964
995
4027
8646786
1
-11
9
-955
993
4005
8647811
-7
-11
3
-948
975
4028
8648836
13
-10
5
-951
964
4050
8649861
24
-6
7
-962
970
4033
8650886
15
-2
7
-957
976
4023
8651911
-8
-3
7
-975
978
3988
8652936
0
-12
13
-956
993
3996
8653961
2
-19
18
-953
982
4001
8654986
5
-21
12
-938
996
4006
8656011
3
-18
2
-946
1003
3987
8657036
-2
-18
-6
-933
984
4034
8658061
14
-16
-10
-930
963
4047
8659086
16
-8
-17
-956
1020
4052
8651904
-17
-5
-21
-1018
960
3987
8652929
-26
-19
-31
-1081
909
3932
8653954
79
-39
3
-1061
721
3765
8654979
459
-100
5
-1018
1081
3484
8656004
320
-196
-102
-681
1810
3334
8657029
-178
-103
20
-915
790
3555
8658054
286
65
-55
-775
491
5004
8659079
305
207
-33
-6
1777
6513
8660104
-1497
332
-42
-1053
1970
5171
8661129
-1010
158
17
-1686
-1303
2975
8662154
758
-243
-291
-962
2090
2531
8663179
169
-277
-151
-850
1923
3094
8664204
-442
-210
-56
-847
139
3711
8665229
1
-163
-54
-731
245
4207
8666254
41
-63
-4
-809
1053
4674
8667279
-369
71
63
-984
674
4904
8660096
-227
148
66
-1149
386
4588
8661121
227
198
-45
-1051
1061
4450
8662146
272
221
-45
-1085
805
3889
8663171
607
187
-38
-1296
1097
3930
8664196
365
175
-153
-1222
1889
4041
8665221
-124
185
14
-1393
375
3290
8666246
505
49
-7
-1336
543
3179
8667271
787
-119
-46
-916
2202
3346
8668296
-18
-56
102
-773
1212
3977
8669321
-281
61
162
-919
643
4668
8670346
-325
160
118
-1028
901
4556
8671371
-426
235
78
-1064
805
4089
8672396
-224
207
60
-1058
806
3881
8673421
57
144
47
-1021
1143
3838
8674446
94
90
31
-1005
1041
3735
8675471
133
26
12
-1006
1048
3856
8668288
113
-30
2
-977
1118
3950
8669313
50
-68
13
-961
1117
3989
8670338
-26
-88
20
-995
1067
3896
8671363
-26
-112
8
-1016
982
3937
8672388
36
-121
-10
-1003
993
4112
8673413
40
-102
-27
-975
1027
4083
8674438
7
-75
-38
-1002
1056
3914
8675463
-27
-59
-35
-997
971
3880
8676488
-13
-49
-34
-1033
985
3944
8677513
-12
-35
-28
-1037
995
4015
8678538
-51
-21
-18
-1095
1040
3947
8679563
-81
-22
-8
-1082
948
3989
8680588
-45
-14
-4
-1114
996
4140
8681613
-29
1
-27
-1118
1081
4155
8682638
-34
2
-36
-1095
1008
4035
8683663
10
-5
-37
-1089
1013
3908
8676482
46
-21
-31
-1072
1065
3908
8677507
47
-22
-18
-1045
978
4097
8678532
31
-4
-14
-1031
961
4171
8679557
11
14
-22
-1036
1089
4017
8680582
-14
14
-32
-1009
1091
3855
8681607
26
-1
-38
-1006
1084
3891
8682632
40
-10
-52
-991
1069
3997
8683657
26
2
-77
-995
1042
4035
8684682
9
8
-107
-997
1083
3922
8685707
22
4
-128
-994
1083
3922
8686732
12
7
-149
-1008
1069
4029
8687757
-36
26
-186
-1006
1036
4073
8688782
-62
50
-226
-1014
1002
4051
8689807
-57
61
-257
-1020
993
4049
8690832
-35
74
-276
-1042
875
4055
8691857
39
89
-297
-1055
877
4085
8684672
82
95
-309
-1050
910
4049
8685697
66
97
-305
-1100
965
3945
8686722
23
79
-285
-1085
887
3903
8687747
34
52
-265
-1147
900
3911
8688772
45
20
-256
-1177
918
3958
8689797
40
-10
-244
-1194
939
3954
8690822
26
-32
-231
-1204
1025
3885
8691847
13
-50
-216
-1229
1042
3876
8692872
-3
-64
-207
-1230
987
3902
8693897
9
-68
-216
-1225
965
3943
8694922
7
-53
-237
-1221
1035
3942
8695947
-17
-24
-256
-1207
1060
3911
8696972
-66
3
-268
-1228
1055
3840
8697997
-89
14
-276
-1282
1030
3858
8699022
-71
11
-296
-1290
989
3910
8700047
-45
21
-329
-1298
1004
3872
8692865
-25
34
-365
-1292
972
3854
8693890
-21
51
-382
-1302
953
3924
8694915
-53
77
-397
-1342
881
4011
8695940
-72
108
-420
-1362
761
4045
8696965
-27
138
-441
-1325
660
4043
8697990
37
183
-465
-1286
685
4025
8699015
14
250
-505
-1263
738
3990
8700040
-117
337
-575
-1226
709
3995
8701065
-257
436
-653
-1290
591
3926
8702090
-292
486
-679
-1418
567
3857
8703115
-283
451
-625
-1504
670
3904
8704140
-277
378
-530
-1585
720
3944
8705165
-218
286
-467
-1655
727
3916
8706190
-143
186
-434
-1690
746
3931
8707215
-93
96
-393
-1699
686
3968
8708240
-31
20
-342
-1700
587
3939
8701056
34
-31
-295
-1676
518
3938
8702081
54
-49
-268
-1663
450
3962
8703106
42
-50
-263
-1654
395
3909
8704131
39
-46
-252
-1673
325
3859
8705156
61
-50
-233
-1683
366
3879
8706181
28
-49
-215
-1673
400
3919
8707206
-25
-41
-199
-1697
294
3935
8708231
6
-44
-189
-1681
238
3946
8709256
43
-29
-173
-1664
322
3925
8710281
-1
-5
-152
-1685
328
3903
8711306
-51
13
-143
-1714
377
3933
8712331
-84
19
-139
-1730
364
3945
8713356
-34
13
-122
-1754
254
3969
8714381
47
13
-105
-1758
381
3985
8715406
29
31
-95
-1754
480
3964
8716431
-25
50
-106
-1738
492
3919
8709248
-27
59
-134
-1711
507
3920
8710273
16
76
-160
-1678
493
3924
8711298
68
106
-167
-1686
552
3958
8712323
40
135
-172
-1693
599
3966
8713348
-32
155
-190
-1703
513
3908
8714373
-37
164
-210
-1711
421
3873
8715398
10
169
-211
-1770
451
3889
8716423
20
165
-196
-1778
483
3899
8717448
1
157
-174
-1817
441
3890
8718473
-5
135
-155
-1845
360
3858
8719498
21
95
-119
-1871
382
3872
8720523
40
47
-71
-1860
401
3882
8721548
61
9
-31
-1848
363
3903
8722573
74
-12
-10
-1858
386
3884
8723598
53
-24
2
-1836
412
3857
8724623
21
-32
-1
-1820
404
3808
8717440
23
-51
-14
-1805
373
3794
8718465
58
-60
-27
-1802
402
3801
8719490
68
-59
-31
-1802
451
3816
8720515
36
-63
-53
-1775
458
3812
8721540
21
-60
-92
-1745
374
3843
8722565
67
-43
-110
-1783
333
3922
8723590
99
-16
-114
-1812
375
3932
8724615
75
12
-110
-1827
402
3908
8725640
33
33
-104
-1849
365
3884
8726665
22
51
-100
-1863
360
3864
8727690
17
62
-100
-1861
367
3859
8728715
30
66
-114
-1841
366
3851
8729740
49
78
-127
-1852
384
3819
8730765
44
92
-134
-1859
424
3810
8731790
7
99
-144
-1856
395
3835
8732815
2
110
-161
-1854
336
3837
8725634
31
123
-178
-1850
343
3836
8726659
40
145
-199
-1863
398
3821
8727684
7
168
-220
-1880
395
3759
8728709
-41
176
-247
-1902
383
3696
8729734
-60
177
-272
-1932
392
3726
8730759
-40
171
-275
-1995
323
3790
8731784
9
153
-267
-2049
388
3778
8732809
9
129
-256
-2055
440
3773
8733834
-12
108
-266
-2056
458
3765
8734859
-11
79
-295
-2022
403
3705
8735884
34
57
-318
-2019
448
3687
8736909
41
17
-340
-2003
538
3650
8737934
14
-37
-376
-1980
524
3527
8738959
-10
-104
-428
-1978
663
3314
8739984
-114
-196
-482
-2020
928
3071
8741009
-323
-338
-572
-2008
1075
2890
8733825
-493
-515
-700
-1935
955
2863
8734850
-495
-701
-852
-1835
637
2877
8735875
-369
-917
-1019
-1758
684
2774
8736900
-277
-1144
-1197
-1506
601
2890
8737925
-180
-1330
-1329
-1072
-38
3445
8738950
-147
-1427
-1356
-944
-532
3695
8739975
-330
-1516
-1371
-1081
-212
3129
8741000
-689
-1636
-1402
-846
-1
2818
8742025
-1135
-1674
-1302
-580
-596
3370
8743050
-1277
-1627
-1147
-589
-1421
4164
8744075
-1062
-1571
-1141
-461
-1334
4525
8745100
-932
-1486
-1193
-285
-885
4133
8746125
-829
-1416
-1122
-530
-1047
3804
8747150
-658
-1411
-1085
-20
-1941
4129
8748175
-486
-1368
-1021
335
-1993
4423
8749200
-748
-1290
-891
137
-1526
3993
8742017
-1017
-1325
-719
129
-1700
3456
8743042
-1138
-1464
-576
77
-1671
2986
8744067
-1195
-1604
-398
-41
-1657
2723
8745092
-125
-1510
-31
315
-4148
6360
8746117
2038
-845
-176
2311
-4401
11654
8747142
1835
78
-62
1259
502
8714
8748167
-119
498
167
-542
671
4747
8749192
-694
372
-68
35
-468
3311
8750217
-481
202
-177
376
-110
3041
8751242
-670
69
-92
469
-473
3163
8752267
-671
-18
-101
696
-1065
3839
8753292
-572
6
-120
727
-1328
4379
8754317
-603
84
-69
583
-1489
4347
8755342
-680
157
-8
440
-1612
4265
8756367
-710
202
11
366
-1770
4110
8757392
-558
205
6
279
-1680
3887
8750208
-348
163
1
236
-1558
3812
8751233
-180
108
-9
278
-1554
3933
8752258
-74
66
-22
340
-1548
4090
8753283
-49
45
-22
383
-1502
4153
8754308
-99
47
2
372
-1505
4097
8755333
-155
55
28
340
-1551
4019
8756358
-159
60
33
299
-1546
3957
8757383
-127
63
24
278
-1525
3951
8758408
-97
67
13
276
-1521
3981
8759433
-99
76
6
279
-1522
4011
8760458
-126
91
7
277
-1542
4024
8761483
-162
103
11
268
-1560
4021
8762508
-189
110
14
243
-1571
4002
8763533
-205
106
14
237
-1605
3979
8764558
-202
91
17
225
-1632
3981
8765583
-184
73
20
225
-1663
3988
8758415
-161
56
18
224
-1696
3989
8759440
-141
39
15
223
-1713
3972
8760465
-123
26
14
219
-1727
3953
8761490
-103
17
13
211
-1735
3940
8762515
-81
12
11
202
-1731
3943
8763540
-68
11
9
209
-1723
3932
8764565
-61
14
12
203
-1717
3939
8765590
-47
14
13
204
-1711
3944
8766615
-49
16
14
215
-1691
3941
8767640
-53
17
17
219
-1705
3951
8768665
-52
18
14
222
-1723
3963
8769690
-53
19
12
216
-1713
3965
8770715
-59
21
10
222
-1730
3959
8771740
-63
18
7
209
-1731
3945
8772765
-64
13
7
190
-1759
3946
8773790
-58
9
5
195
-1771
3934
8766593
-42
5
4
194
-1781
3944
8767618
-21
6
1
197
-1769
3963
8768643
-9
9
-4
223
-1744
3962
8769668
-11
14
-13
245
-1715
3948
8770693
-18
25
-20
265
-1734
3970
8771718
-17
36
-28
278
-1724
3992
8772743
-30
50
-34
263
-1703
3993
8773768
-56
62
-37
247
-1746
4048
8774793
-92
74
-35
242
-1832
4022
8775818
-80
76
-24
202
-1823
3967
8776843
-33
64
-19
190
-1819
3966
8777868
21
52
-11
250
-1945
3973
8778893
94
46
9
241
-1952
3936
8779918
208
37
32
203
-1879
3915
8780943
267
30
46
128
-1724
3850
8781968
291
18
56
61
-1624
3855
8774784
314
-2
39
76
-1634
3974
8775809
405
-32
34
193
-1867
4119
8776834
456
-32
41
264
-1855
4067
8777859
451
-1
74
193
-1672
4002
8778884
380
35
95
97
-1428
3981
8779909
282
51
93
-4
-1333
4082
8780934
180
40
82
70
-1503
4116
8781959
64
47
40
142
-1492
3992
8782984
-14
61
8
184
-1511
3926
8784009
4
73
-4
281
-1660
4032
8785034
56
99
-3
313
-1650
4151
8786059
87
139
20
256
-1595
4156
8787084
162
177
32
74
-1486
4109
8788109
235
174
11
-37
-1337
4138
8789134
297
153
24
-176
-1377
4403
8790159
394
117
110
-282
-1299
4746
8782975
300
127
162
-289
-801
4761
8784000
-63
190
296
-569
-1035
4530
8785025
-409
188
530
-756
-1546
4517
8786050
-643
114
640
-569
-2001
4414
8787075
-320
74
837
-469
-2170
4515
8788100
-125
65
1223
-666
-2863
4680
8789125
-125
92
1564
-917
-2804
4697
8790150
-268
204
1761
-1002
-2286
4601
8791175
-138
331
1999
-1167
-2454
4693
8792200
269
402
2220
-1376
-2436
4692
8793225
545
452
2333
-1567
-1997
4539
8794250
679
533
2295
-1632
-1221
4321
8795275
698
611
2247
-1600
-745
4084
8796300
656
663
2230
-1709
-776
4044
8797325
660
668
2197
-1747
-884
4096
8798350
