Device = VHR-0009
time_stamp = 1779871926775
sample_rate = 50
Data format = INT16
TYPE = 6-AXIS IMU RAW DATA
15
13
-8
-1709
-1026
3862
9127041
25
12
-8
-1722
-1025
3843
9128066
36
7
-9
-1712
-1031
3844
9129091
44
4
-9
-1715
-1028
3842
9130116
36
1
-12
-1718
-1037
3829
9131141
23
-3
-9
-1714
-1047
3843
9132166
24
-6
-5
-1711
-1059
3852
9133191
48
-6
0
-1710
-1064
3869
9134216
65
-5
5
-1719
-1027
3849
9135241
61
-7
10
-1721
-1009
3840
9136266
58
-10
7
-1708
-1015
3836
9137291
90
-15
1
-1708
-1026
3837
9138316
145
-23
-2
-1714
-1011
3844
9139341
169
-29
-7
-1715
-946
3869
9140366
116
-27
-10
-1709
-902
3891
9141391
19
-20
-9
-1699
-935
3883
9142416
-26
-13
-7
-1705
-1007
3879
9135232
5
-10
-6
-1689
-1031
3879
9136257
42
-6
0
-1687
-1005
3901
9137282
49
-2
7
-1703
-987
3884
9138307
36
3
14
-1700
-986
3871
9139332
25
5
17
-1696
-963
3866
9140357
21
6
16
-1710
-954
3879
9141382
30
5
13
-1709
-944
3885
9142407
47
2
10
-1708
-936
3857
9143432
53
-1
5
-1724
-933
3859
9144457
60
-3
-1
-1708
-942
3879
9145482
68
-4
-2
-1690
-935
3889
9146507
64
-3
-2
-1710
-927
3874
9147532
43
0
-3
-1723
-912
3878
9148557
7
-1
-3
-1724
-929
3868
9149582
-19
-2
-14
-1717
-920
3869
9150607
-41
-4
-37
-1724
-852
3858
9143424
-68
-17
-55
-1722
-982
3843
9144449
-30
-41
-70
-1686
-1020
3876
9145474
-39
-38
-81
-1659
-849
3961
9146499
-72
-2
-115
-1668
-858
4079
9147524
-89
3
-134
-1656
-867
4142
9148549
-170
-27
-105
-1638
-1148
3946
9149574
-119
-70
-49
-1704
-1351
3691
9150599
86
-143
-32
-1771
-1116
3371
9151624
231
-234
41
-1798
-997
3336
9152649
115
-336
137
-1825
-1060
3250
9153674
-24
-420
193
-1777
-1161
3353
9154699
-159
-510
224
-1656
-1146
3606
9155724
-336
-561
269
-1496
-1200
3787
9156749
-340
-559
317
-1439
-1127
3908
9157774
-370
-561
366
-1448
-1028
3972
9158799
-517
-572
421
-1398
-1255
3774
9151617
-479
-583
441
-1314
-1315
3830
9152642
-351
-571
428
-1258
-1182
4210
9153667
-294
-538
426
-1246
-1147
4200
9154692
-35
-506
343
-1217
-930
4045
9155717
222
-448
191
-1103
-307
4509
9156742
24
-351
144
-987
-353
4763
9157767
-213
-211
28
-882
-368
4731
9158792
-396
-59
-65
-997
-944
4396
9159817
-304
38
-127
-1173
-1354
4143
9160842
-95
62
-150
-1158
-1362
4069
9161867
-56
74
-113
-1080
-1136
4219
9162892
-221
115
-56
-1097
-1212
4225
9163917
-278
160
-40
-1212
-1423
3996
9164942
-128
164
-48
-1201
-1396
3918
9165967
67
170
-47
-1192
-1210
4146
9166992
103
192
-42
-1151
-1130
4188
9159808
81
233
-57
-1212
-1077
4020
9160833
56
250
-75
-1284
-1105
3947
9161858
55
245
-89
-1319
-1108
3920
9162883
4
231
-86
-1322
-1165
3894
9163908
-45
214
-76
-1355
-1257
3836
9164933
-62
177
-59
-1407
-1409
3619
9165958
4
120
-43
-1452
-1324
3538
9166983
21
44
-7
-1474
-1364
3628
9168008
-21
-28
12
-1446
-1314
3697
9169033
-40
-90
22
-1381
-1291
3660
9170058
-20
-139
38
-1363
-1261
3796
9171083
-31
-169
48
-1355
-1177
4008
9172108
-97
-163
24
-1299
-1081
3990
9173133
-178
-162
31
-1330
-1348
3856
9174158
-177
-204
31
-1333
-1439
3825
9175183
-183
-283
84
-1411
-1787
3537
9167999
-75
-401
155
-1415
-2018
3439
9169024
196
-478
159
-1255
-1604
3831
9170049
517
-464
196
-1047
-1062
4424
9171074
579
-411
236
-1019
-762
4543
9172099
455
-381
206
-945
-460
4409
9173124
452
-327
21
-887
-440
4402
9174149
552
-193
-236
-822
-144
4710
9175174
293
6
-411
-762
-51
4789
9176199
-293
289
-515
-773
-193
4717
9177224
-897
555
-534
-822
-653
4760
9178249
-1264
734
-464
-895
-1603
4442
9179274
-1103
813
-410
-1043
-1971
3998
9180299
-774
847
-382
-1227
-1900
3922
9181324
-654
861
-336
-1286
-1720
3904
9182349
-740
871
-257
-1292
-1389
3794
9183374
-890
880
-144
-1343
-1203
3855
9176192
-1495
917
40
-1449
-1163
3854
9177217
-2182
980
245
-1607
-1773
3683
9178242
-2450
1004
420
-1677
-2483
3311
9179267
-2252
986
502
-1717
-2771
3036
9180292
-2024
923
504
-1729
-2380
3065
9181317
-1864
838
487
-1827
-2718
2803
9182342
-1423
701
454
-2088
-3014
2403
9183367
-775
505
370
-2189
-2621
2258
9184392
-225
329
286
-2220
-2325
2329
9185417
158
182
218
-2227
-2229
2457
9186442
324
58
174
-2255
-2126
2521
9187467
226
-40
119
-2245
-2140
2576
9188492
123
-112
42
-2173
-2284
2734
9189517
123
-165
-30
-2111
-2322
2885
9190542
153
-189
-69
-2102
-2270
2956
9191567
125
-205
-81
-2105
-2339
2960
9184565
97
-207
-102
-2058
-2422
2994
9185590
84
-206
-111
-2031
-2424
2999
9186615
22
-203
-107
-2019
-2410
3004
9187640
10
-209
-90
-2063
-2511
3033
9188665
125
-216
-86
-2034
-2525
2991
9189690
269
-203
-115
-1927
-2462
2875
9190715
373
-242
-30
-2234
-2344
2345
9191740
356
-251
6
-2152
-2234
2355
9192765
8
-94
20
-1922
-2074
3639
9193790
-107
73
51
-1223
-3661
4129
9194815
1100
-133
162
-803
-2710
6295
9195840
-529
-243
-107
-1888
-2050
4278
9196865
-33
-124
155
-2456
-3131
2274
9197890
1000
-54
219
-1793
-1947
1653
9198915
809
140
214
-1803
-1396
1966
9199940
255
369
127
-1939
-747
2901
9192575
-288
468
107
-2060
-1645
3911
9193600
-214
293
85
-2063
-2568
4000
9194625
378
107
59
-1979
-2794
3739
9195650
308
126
-10
-2048
-2224
3927
9196675
-264
223
-89
-2084
-2235
3263
9197700
-672
373
-258
-2312
-568
3400
9198725
-1253
151
0
-2382
-1902
1611
9199750
-403
-109
60
-1964
-4191
1226
9200775
1004
-303
-218
-2049
-1426
2581
9201800
337
-258
-184
-2460
-2063
3587
9202825
-104
-198
-96
-2130
-2582
3685
9203850
-122
-155
-6
-1854
-2434
3241
9204875
-206
-134
27
-1766
-2682
2880
9205900
-105
-127
75
-1937
-2587
3110
9206925
86
-102
92
-1950
-2381
3547
9207950
154
-49
88
-1895
-2087
3512
9200768
50
-4
112
-2011
-2177
3144
9201793
11
-2
92
-2038
-2168
2996
9202818
28
3
47
-1981
-1993
3235
9203843
-39
20
34
-1980
-2140
3325
9204868
-72
23
15
-1992
-2165
3196
9205893
-96
16
14
-2030
-2261
3041
9206918
-68
-9
5
-2032
-2380
3019
9207943
25
-30
-17
-2011
-2302
3185
9208968
44
-42
-21
-1975
-2199
3185
9209993
11
-44
-9
-1992
-2213
3102
9211018
0
-51
-2
-2002
-2240
3098
9212043
5
-59
-5
-1995
-2292
3136
9213068
32
-71
-11
-1966
-2232
3192
9214093
30
-72
-12
-1931
-2261
3247
9215118
10
-56
-6
-1956
-2311
3256
9216143
4
-51
-4
-1985
-2267
3167
9208960
14
-46
-5
-1946
-2255
3204
9209985
45
-34
1
-1915
-2245
3268
9211010
29
-13
11
-1931
-2216
3262
9212035
-54
5
21
-1976
-2265
3227
9213060
-84
26
25
-1959
-2383
3265
9214085
-78
44
24
-1961
-2358
3258
9215110
-124
47
36
-2024
-2019
3218
9216135
-306
51
71
-2102
-2028
3187
9217160
-489
56
68
-2057
-2275
3126
9218185
-526
47
40
-2123
-2485
3112
9219210
-495
-19
34
-2272
-2792
3274
9220235
-321
-122
68
-2324
-2873
3415
9221260
-3
-212
128
-2345
-2790
3486
9222285
247
-293
196
-2285
-2648
3554
9223310
385
-339
250
-2046
-2469
3549
9224335
424
-342
275
-1877
-2453
3478
9217153
499
-334
251
-1890
-2298
3444
9218178
585
-286
209
-1804
-2096
3354
9219203
452
-209
186
-1606
-1999
3191
9220228
111
-120
170
-1602
-1960
3038
9221253
-141
-64
130
-1617
-2001
2920
9222278
-178
-42
94
-1677
-2097
2868
9223303
-73
-33
35
-1757
-2013
2828
9224328
8
-50
-29
-1863
-1921
2791
9225353
116
-89
-52
-2064
-1994
2625
9226378
213
-124
-70
-2092
-1857
2325
9227403
192
-160
-76
-2093
-1548
2361
9228428
-100
-128
-20
-2157
-1497
2777
9229453
-244
-7
52
-2182
-2135
2670
9230478
944
179
-3
-1488
-2739
3837
9231503
842
-225
-209
-24
-444
6626
9232528
-1350
-567
-446
-2494
-2523
2681
9225345
301
-755
-450
-2048
-1380
1257
9226370
766
-721
-141
-1437
-2503
2742
9227395
619
-620
-219
-1304
-1458
3718
9228420
316
-497
-256
-1542
-1417
4325
9229445
-93
-497
-208
-1619
-2084
4319
9230470
193
-440
-224
-1519
-2749
4487
9231495
385
-308
-388
-1457
-2246
4455
9232520
-166
-134
-396
-1803
-2017
4104
9233545
-722
65
-410
-1912
-1645
4285
9234570
-1234
363
-418
-1965
-1096
3846
9235595
-1256
393
-59
-2274
-3281
2712
9236620
-353
213
48
-2195
-3584
2184
9237645
560
48
47
-1802
-2418
2810
9238670
368
41
54
-1696
-2484
3473
9239695
204
97
136
-1643
-2705
3835
9240720
282
156
226
-1563
-2516
3963
9233536
341
227
302
-1510
-2362
3639
9234561
428
274
359
-1524
-2346
3218
9235586
202
300
435
-1438
-2211
3046
9236611
-6
357
489
-1404
-2453
3225
9237636
127
400
496
-1351
-2402
3248
9238661
262
446
495
-1291
-2061
3239
9239686
133
468
493
-1291
-1856
3061
9240711
-208
285
532
-2076
-1984
2771
9241736
-133
-84
441
-1649
-2760
4141
9242761
374
-165
281
-740
-2085
3933
9243786
492
-110
449
-1315
-1260
3236
9244811
13
-137
346
-1264
-1948
2617
9245836
-120
-169
175
-1289
-2234
3007
9246861
-135
-209
139
-1646
-1785
3660
9247886
-182
-218
117
-1886
-1857
3971
9248911
-89
-216
60
-1799
-2004
3781
9241728
90
-163
84
-1827
-1973
3603
9242753
176
-97
158
-1889
-1827
3572
9243778
35
-52
200
-1870
-1905
3663
9244803
-170
-17
215
-1801
-2070
3627
9245828
-287
13
220
-1924
-2050
3560
9246853
-378
88
227
-2273
-2006
3605
9247878
-376
158
241
-2436
-2071
3548
9248903
-272
179
279
-2195
-2203
3354
9249928
-128
203
340
-2014
-2267
3274
9250953
-46
198
379
-1816
-2199
3304
9251978
20
188
398
-1818
-2054
3369
9253003
40
173
404
-1886
-1862
3350
9254028
12
154
392
-1932
-1816
3249
9255053
64
133
366
-2027
-1754
3237
9256078
148
113
358
-2108
-1720
3342
9257103
180
105
350
-2155
-1687
3389
9249920
164
123
318
-2176
-1606
3442
9250945
139
142
273
-2119
-1528
3466
9251970
117
159
239
-2141
-1524
3430
9252995
129
171
201
-2165
-1534
3416
9254020
146
181
150
-2176
-1445
3360
9255045
136
184
94
-2202
-1427
3276
9256070
133
185
43
-2249
-1447
3275
9257095
81
176
11
-2272
-1511
3299
9258120
6
159
-4
-2287
-1622
3210
9259145
-19
152
-19
-2287
-1667
3203
9260170
-7
144
-36
-2279
-1711
3260
9261195
8
128
-53
-2261
-1702
3278
9262220
3
107
-52
-2287
-1678
3227
9263245
-9
88
-44
-2322
-1660
3175
9264270
-31
84
-44
-2331
-1704
3262
9265295
-16
82
-49
-2302
-1728
3300
9258113
13
77
-53
-2305
-1714
3261
9259138
22
73
-50
-2300
-1680
3236
9260163
3
76
-46
-2315
-1712
3290
9261188
-16
76
-48
-2330
-1780
3250
9262213
-9
69
-42
-2329
-1778
3201
9263238
6
61
-28
-2369
-1766
3206
9264263
17
52
-15
-2348
-1767
3239
9265288
21
44
-6
-2299
-1748
3217
9266313
20
39
-1
-2322
-1735
3191
9267338
4
32
-7
-2325
-1713
3198
9268363
-20
33
-5
-2313
-1720
3241
9269388
-54
36
3
-2340
-1746
3242
9270413
-78
29
14
-2372
-1733
3181
9271438
-67
22
21
-2402
-1724
3229
9272463
-46
18
30
-2339
-1764
3287
9273488
-57
15
45
-2330
-1813
3233
9266304
-52
7
32
-2341
-1746
3180
9267329
-48
5
15
-2341
-1722
3186
9268354
-36
-8
7
-2327
-1725
3151
9269379
-22
-21
11
-2359
-1770
3187
9270404
-18
-24
5
-2347
-1739
3258
9271429
-11
-37
19
-2403
-1769
3192
9272454
49
-83
32
-2615
-1902
2969
9273479
296
-163
-27
-2506
-2052
2474
9274504
451
-103
-120
-2386
-1405
2784
9275529
-62
35
-65
-2711
-594
3347
9276554
-802
145
-89
-2232
-1215
3325
9277579
140
132
172
-1499
-3101
3726
9278604
2
-10
-127
-2255
-924
4872
9279629
-490
-89
-263
-2505
-2363
3495
9280654
200
-131
-347
-2186
-1577
2305
9281679
-83
-28
-164
-2092
-1102
2503
9274496
-197
81
10
-2467
-2212
3483
9275521
-66
24
-82
-2307
-1996
3674
9276546
77
-80
26
-2133
-2462
3567
9277571
353
-114
-40
-2223
-2372
3876
9278596
173
-125
-87
-2235
-1642
3381
9279621
-47
-55
-28
-2067
-1821
3334
9280646
-361
88
-100
-2302
-808
3955
9281671
-898
74
66
-2550
-1386
2871
9282696
-741
-25
175
-2372
-2856
2017
9283721
380
-85
34
-2294
-1979
2402
9284746
636
-89
-58
-2486
-1520
2826
9285771
379
-88
-31
-2408
-1832
3288
9286796
46
-60
-27
-2219
-1877
3517
9287821
-161
-32
-27
-2095
-2234
3531
9288846
-79
-4
4
-2122
-2129
3441
9289871
-16
19
47
-2230
-1923
3373
9282687
-28
34
92
-2315
-2006
3278
9283712
47
34
106
-2343
-1971
3180
9284737
149
32
109
-2342
-1823
3175
9285762
197
43
119
-2293
-1688
3284
9286787
123
46
113
-2225
-1589
3303
9287812
-2
38
99
-2221
-1726
3176
9288837
-4
36
66
-2274
-1891
3190
9289862
86
35
14
-2295
-1675
3254
9290887
54
32
1
-2317
-1638
3229
9291912
-5
25
12
-2353
-1744
3199
9292937
18
22
12
-2384
-1776
3264
9293962
56
22
9
-2363
-1718
3231
9294987
31
15
12
-2304
-1703
3154
9296012
0
18
17
-2301
-1810
3230
9297037
20
14
10
-2276
-1873
3265
9298062
61
16
-4
-2268
-1856
3317
9290880
55
16
-11
-2282
-1724
3242
9291905
4
23
-8
-2318
-1683
3195
9292930
-24
26
5
-2363
-1780
3210
9293955
11
23
1
-2396
-1758
3238
9294980
57
23
1
-2404
-1708
3237
9296005
60
22
2
-2340
-1687
3259
9297030
31
24
-2
-2298
-1697
3284
9298055
27
24
-5
-2293
-1759
3281
9299080
35
24
-15
-2311
-1783
3250
9300105
51
26
-26
-2327
-1805
3246
9301130
65
26
-30
-2321
-1783
3237
9302155
67
32
-13
-2347
-1782
3239
9303180
74
38
0
-2355
-1778
3259
9304205
66
39
5
-2336
-1730
3256
9305230
39
44
19
-2363
-1758
3232
9306255
42
47
20
-2373
-1724
3225
9299073
55
42
20
-2361
-1702
3209
9300098
55
32
21
-2352
-1682
3206
9301123
58
34
15
-2356
-1702
3249
9302148
57
32
6
-2347
-1691
3245
9303173
32
28
-2
-2366
-1666
3193
9304198
9
22
-6
-2391
-1666
3161
9305223
1
20
-2
-2403
-1702
3184
9306248
20
21
-1
-2391
-1685
3238
9307273
17
23
-2
-2347
-1678
3262
9308298
-16
25
-5
-2362
-1760
3247
9309323
-7
17
-9
-2376
-1732
3200
9310348
1
6
-8
-2378
-1700
3170
9311373
-8
4
-8
-2361
-1753
3221
9312398
10
3
-12
-2352
-1768
3236
9313423
10
-3
-9
-2377
-1741
3187
9314448
2
-9
-2
-2391
-1712
3168
9307264
-7
-22
7
-2398
-1671
3170
9308289
-17
-25
17
-2411
-1723
3198
9309314
-17
-31
17
-2405
-1704
3221
9310339
-7
-42
19
-2398
-1711
3184
9311364
55
-45
13
-2339
-1705
3267
9312389
62
-11
-18
-2278
-1595
3440
9313414
-60
8
-40
-2331
-1600
3329
9314439
-78
-13
-43
-2383
-1704
3150
9315464
-40
-72
-51
-2353
-1643
2877
9316489
-36
-63
-23
-2458
-1846
2970
9317514
42
-45
-10
-2482
-1809
3310
9318539
85
-42
-20
-2293
-1668
3488
9319564
5
-34
-9
-2252
-1654
3434
9320589
-81
-26
16
-2298
-1683
3291
9321614
-99
-17
14
-2394
-1786
3203
9322639
-64
-34
1
-2520
-1878
3065
9315456
81
-74
-56
-2484
-1892
2919
9316481
76
-99
-129
-2368
-1576
2586
9317506
-102
-55
-88
-2472
-1735
2494
9318531
-396
187
-55
-2724
-1412
3416
9319556
-280
477
-99
-2061
-1728
4131
9320581
227
263
157
-1560
-1413
4870
9321606
-1139
5
-49
-2067
-1766
4127
9322631
-94
-73
-22
-2703
-3305
2483
9323656
1051
-63
-87
-2138
-1597
2226
9324681
419
70
81
-2350
-1557
2880
9325706
36
88
79
-2402
-2043
3545
9326731
223
-74
91
-2371
-2186
3349
9327756
843
-211
128
-2143
-2363
3373
9328781
1202
-144
14
-2289
-1563
4284
9329806
482
-114
82
-2410
-1340
3959
9330831
-875
199
-150
-2554
928
3917
9323721
-1631
218
143
-2310
-1246
2192
9324746
-813
46
312
-2300
-3754
1853
9325771
877
-32
34
-2599
-1745
2736
9326796
933
8
-97
-2703
-1092
3205
9327821
322
65
-28
-2436
-1529
3502
9328846
-188
98
-15
-2277
-1731
3471
9329871
-395
98
-6
-2287
-1929
3230
9330896
-245
89
26
-2442
-1898
3159
9331921
-9
79
45
-2506
-1749
3170
9332946
93
52
57
-2469
-1583
3079
9333971
46
32
69
-2510
-1542
3025
9334996
36
16
66
-2474
-1636
3158
9336021
46
0
46
-2406
-1542
3181
9337046
-31
-15
28
-2395
-1706
3120
9338071
19
-23
5
-2414
-1750
3162
9339096
82
-19
-14
-2423
-1543
3278
9331839
19
-1
-9
-2432
-1621
3374
9332864
-39
1
-5
-2448
-1632
3208
9333889
-82
-15
4
-2490
-1613
3018
9334914
-8
-18
14
-2505
-1648
3205
9335939
41
-17
13
-2436
-1628
3298
9336964
8
-21
22
-2392
-1736
3211
9337989
2
-29
10
-2387
-1666
3111
9339014
9
-25
0
-2433
-1706
3200
9340039
23
-13
-6
-2419
-1733
3346
9341064
12
-1
-6
-2369
-1606
3307
9342089
-27
2
11
-2422
-1603
3203
9343114
-30
-5
21
-2488
-1697
3173
9344139
14
-13
21
-2490
-1672
3179
9345164
31
-12
25
-2456
-1594
3206
9346189
15
-3
25
-2415
-1609
3264
9347214
16
-2
17
-2393
-1632
3269
9340032
26
-2
0
-2370
-1644
3234
9341057
22
-4
-16
-2396
-1679
3183
9342082
30
-1
-36
-2448
-1630
3226
9343107
27
2
-35
-2425
-1578
3254
9344132
-5
8
-17
-2445
-1639
3238
9345157
-9
9
-5
-2448
-1696
3252
9346182
0
7
4
-2454
-1688
3223
9347207
4
9
13
-2439
-1627
3171
9348232
-5
13
23
-2419
-1632
3185
9349257
4
16
18
-2413
-1623
3245
9350282
3
21
11
-2396
-1629
3282
9351307
-20
26
6
-2415
-1664
3241
9352332
-17
16
0
-2455
-1671
3171
9353357
15
3
-2
-2465
-1622
3150
9354382
-10
-23
5
-2489
-1595
3027
9355407
-20
-39
12
-2507
-1699
3107
9348225
45
-32
7
-2439
-1606
3324
9349250
26
-25
6
-2377
-1615
3314
9350275
-18
-27
3
-2384
-1602
3192
9351300
-31
-28
6
-2437
-1667
3160
9352325
3
-21
0
-2457
-1689
3255
9353350
6
-18
-8
-2418
-1653
3268
9354375
-6
-12
-1
-2394
-1651
3262
9355400
-10
-6
12
-2432
-1655
3245
9356425
0
-3
21
-2444
-1669
3235
9357450
1
0
22
-2444
-1669
3222
9358475
2
-1
18
-2420
-1614
3219
9359500
-2
-1
19
-2416
-1585
3235
9360525
-4
-2
11
-2413
-1635
3243
9361550
-2
-7
0
-2405
-1620
3198
9362575
-20
-11
-2
-2441
-1613
3149
9363600
-21
-11
3
-2450
-1676
3221
9356416
13
-6
2
-2423
-1707
3272
9357441
33
-4
4
-2403
-1656
3262
9358466
2
0
19
-2438
-1659
3225
9359491
-36
-1
21
-2455
-1680
3180
9360516
-20
-6
14
-2450
-1631
3178
9361541
-44
-15
11
-2444
-1566
3152
9362566
-72
-53
22
-2552
-1779
3011
9363591
59
-160
1
-2583
-2026
2739
9364616
239
-167
-134
-2583
-1682
2816
9365641
171
-74
-262
-2512
-833
3145
9366666
-249
-111
-205
-2631
-665
2108
9367691
-1109
-88
7
-2653
-2179
1498
9368716
161
333
2
-2113
-2892
4812
9369741
1701
135
-141
-1096
326
7800
9370766
-1021
-269
0
-2640
-1888
3447
9371791
-388
-386
-48
-2496
-3419
413
9364608
578
-74
-97
-2235
-1741
2525
9365633
304
133
48
-2453
-1091
3766
9366658
213
65
161
-2384
-2076
3978
9367683
257
-196
211
-2174
-2033
3374
9368708
535
-252
186
-2088
-2256
3819
9369733
616
-146
7
-2289
-1348
4395
9370758
417
-83
41
-2259
-1411
3444
9371783
-87
36
59
-2436
-600
3469
9372808
-983
192
-4
-2269
-84
3667
9373833
-1320
157
210
-2645
-1810
2464
9374858
-257
-25
124
-2317
-2965
2143
9375883
858
-108
-58
-2457
-1109
2702
9376908
405
-26
-46
-2741
-1243
3332
9377933
-46
14
-36
-2447
-1851
3554
9378958
-148
-51
-14
-2157
-1488
3043
9379983
-203
-36
65
-2256
-1749
3290
9372799
-43
20
77
-2405
-1962
3808
9373824
136
22
27
-2298
-1729
3590
9374849
105
26
18
-2287
-1466
3267
9375874
13
29
39
-2333
-1348
3194
9376899
-72
30
53
-2460
-1614
3213
9377924
-14
24
28
-2445
-1707
3307
9378949
59
14
2
-2337
-1516
3275
9379974
36
14
4
-2366
-1411
3282
9380999
-13
9
14
-2356
-1441
3301
9382024
-99
17
11
-2389
-1655
3318
9383049
-21
22
-17
-2366
-1709
3402
9384074
120
11
-33
-2338
-1591
3350
9385099
182
-6
-30
-2379
-1489
3168
9386124
165
-8
-34
-2403
-1489
3202
9387149
144
4
-44
-2395
-1574
3359
9388174
112
3
-48
-2340
-1522
3347
9380993
33
15
-34
-2335
-1587
3340
9382018
10
22
-22
-2341
-1661
3360
9383043
41
22
-18
-2376
-1607
3324
9384068
59
17
-15
-2383
-1542
3250
9385093
48
27
2
-2430
-1521
3287
9386118
9
12
11
-2423
-1492
3189
9387143
13
14
23
-2422
-1558
3333
9388168
62
22
15
-2375
-1503
3450
9389193
69
30
9
-2338
-1435
3426
9390218
52
38
-3
-2326
-1462
3367
9391243
26
29
-19
-2363
-1451
3173
9392268
37
31
-33
-2475
-1482
3265
9393293
59
30
-46
-2434
-1476
3342
9394318
34
24
-40
-2389
-1493
3259
9395343
32
10
-35
-2406
-1488
3244
9396368
31
-10
-34
-2397
-1468
3201
9389184
12
-18
-25
-2421
-1562
3232
9390209
49
-23
-28
-2417
-1572
3315
9391234
94
-38
-38
-2383
-1518
3260
9392259
113
-46
-44
-2392
-1500
3252
9393284
116
-54
-64
-2370
-1395
3251
9394309
75
-54
-75
-2372
-1365
3326
9395334
11
-53
-86
-2339
-1358
3384
9396359
-76
-57
-75
-2329
-1507
3317
9397384
-82
-61
-64
-2381
-1700
3275
9398409
4
-70
-73
-2335
-1636
3304
9399434
42
-63
-61
-2321
-1569
3403
9400459
17
-57
-33
-2319
-1576
3402
9401484
-23
-46
-6
-2323
-1643
3363
9402509
-13
-35
10
-2320
-1685
3399
9403534
15
-28
15
-2295
-1585
3412
9404559
19
-20
28
-2307
-1589
3403
9397512
29
-13
38
-2318
-1555
3376
9398537
53
-6
45
-2344
-1541
3408
9399562
103
4
44
-2326
-1459
3458
9400587
95
14
45
-2313
-1378
3396
9401612
20
19
45
-2346
-1458
3317
9402637
31
28
19
-2336
-1460
3374
9403662
50
26
-4
-2312
-1406
3383
9404687
34
24
-9
-2330
-1425
3376
9405712
19
18
-14
-2352
-1416
3329
9406737
-13
6
-19
-2362
-1429
3252
9407762
-17
1
-26
-2370
-1485
3289
9408787
6
-3
-37
-2345
-1468
3351
9409812
-12
-9
-37
-2375
-1460
3306
9410837
74
-55
-4
-2497
-1789
3200
9411862
534
-75
-56
-2460
-2057
3367
9412887
741
54
-295
-2321
-883
3527
9405568
-207
64
-381
-2336
86
2729
9406593
-1441
-144
-1
-2621
-1679
949
9407618
-378
-75
55
-2727
-3707
2145
9408643
1972
201
-117
-1755
-1067
7051
9409668
745
44
-196
-1860
586
6809
9410693
-1098
-173
-78
-1876
-1320
2734
9411718
-1138
-112
11
-2342
-1887
1282
9412743
-273
-6
78
-2689
-3255
2731
9413768
514
-4
-132
-2558
-1380
3515
9414793
200
-11
-5
-2076
-792
2943
9415818
-445
63
144
-1993
-1241
3316
9416843
-477
-3
216
-2170
-2225
4064
9417868
233
-182
178
-2377
-2582
3517
9418893
873
-178
37
-2319
-1961
3874
9419918
806
-49
-31
-2088
-1081
4091
9420943
84
-8
114
-2225
-994
3346
9413760
-629
144
42
-2238
-848
3934
9414785
-1022
254
42
-2458
-531
3745
9415810
-1184
113
271
-2612
-1847
2097
9416835
-67
-77
234
-2075
-3056
2249
9417860
891
-91
-5
-2522
-1329
2950
9418885
561
-28
-89
-2792
-1232
3360
9419910
336
-6
-66
-2294
-1336
3667
9420935
251
-23
-6
-2051
-1152
3594
9421960
-6
-30
42
-2214
-1403
3366
9422985
-111
-28
54
-2409
-1577
3302
9424010
-28
-8
8
-2410
-1587
3375
9425035
59
-5
-8
-2285
-1459
3439
9426060
40
-16
34
-2286
-1482
3366
9427085
38
-5
48
-2356
-1553
3463
9428110
98
8
29
-2315
-1424
3487
9429135
55
-14
25
-2248
-1372
3265
9421951
32
-14
52
-2324
-1508
3291
9422976
94
-1
36
-2363
-1411
3473
9424001
95
2
16
-2312
-1386
3516
9425026
39
-17
25
-2298
-1391
3323
9426051
1
-36
31
-2373
-1417
3178
9427076
1
-37
22
-2415
-1481
3272
9428101
54
-42
0
-2325
-1499
3454
9429126
113
-61
4
-2262
-1394
3404
9430151
104
-76
16
-2275
-1363
3336
9431176
72
-76
13
-2296
-1303
3422
9432201
0
-81
8
-2298
-1378
3407
9433226
-5
-67
3
-2296
-1451
3517
9434251
68
-52
5
-2241
-1397
3595
9435276
95
-44
25
-2256
-1458
3488
9436301
46
-41
25
-2294
-1339
3381
9437326
7
-9
27
-2335
-1359
3543
9430144
19
7
19
-2253
-1401
3606
9431169
51
22
4
-2222
-1313
3573
9432194
46
28
7
-2253
-1273
3472
9433219
-12
35
6
-2319
-1287
3404
9434244
-49
34
-4
-2336
-1368
3374
9435269
-3
41
-8
-2320
-1385
3464
9436294
28
41
-9
-2277
-1295
3485
9437319
-7
39
-1
-2284
-1346
3422
9438344
-43
29
-6
-2302
-1414
3339
9439369
-26
28
-10
-2337
-1447
3366
9440394
8
23
-10
-2335
-1448
3401
9441419
14
17
-7
-2311
-1407
3416
9442444
0
12
4
-2298
-1392
3396
9443469
-7
9
15
-2328
-1432
3411
9444494
17
7
16
-2325
-1404
3410
9445519
22
0
15
-2308
-1376
3395
9438337
20
1
12
-2320
-1356
3413
9439362
11
-1
11
-2320
-1373
3388
9440387
6
-10
9
-2319
-1402
3362
9441412
8
-18
6
-2328
-1445
3383
9442437
29
-21
6
-2332
-1432
3419
9443462
56
-20
7
-2286
-1308
3461
9444487
36
-10
16
-2286
-1325
3506
9445512
14
-12
18
-2306
-1313
3442
9446537
-9
-17
19
-2337
-1349
3368
9447562
6
-19
11
-2338
-1364
3386
9448587
67
-13
1
-2304
-1307
3480
9449612
79
-15
-3
-2275
-1276
3499
9450637
28
-8
-3
-2292
-1316
3464
9451662
4
3
-5
-2328
-1345
3452
9452687
2
6
-15
-2313
-1352
3430
9453712
3
10
-9
-2314
-1349
3427
9446529
6
7
3
-2328
-1343
3402
9447554
-16
-1
10
-2326
-1365
3369
9448579
-31
-10
7
-2324
-1379
3343
9449604
-24
-21
3
-2326
-1368
3345
9450629
-8
-38
-2
-2328
-1328
3347
9451654
-30
-54
-3
-2381
-1362
3399
9452679
-19
-98
-27
-2421
-1482
3339
9453704
149
-168
-81
-2349
-1355
2958
9454729
132
-182
-106
-2282
-1059
2827
9455754
-195
-175
-42
-2778
-1340
2652
9456779
-40
-166
-145
-2564
-1707
2777
9457804
653
122
-204
-2375
-948
4128
9458829
206
324
-114
-1485
560
4189
9459854
-516
22
353
-1026
-1863
5606
9460879
-1004
-206
7
-3276
-2695
3964
9461904
343
-236
-389
-1961
-1265
2306
9454720
-75
-78
-96
-1969
-825
2848
9455745
-450
14
21
-2325
-2153
3501
9456770
137
-49
-65
-2220
-1755
3941
9457795
240
-147
50
-1890
-1514
3986
9458820
172
-164
112
-2106
-2157
4029
9459845
401
-124
-40
-2224
-1517
4103
9460870
384
-67
74
-2275
-1606
3458
9461895
-114
82
-31
-2215
-374
3508
9462920
-533
155
41
-2046
-653
3781
9463945
-789
111
182
-2464
-1568
3057
9464970
-390
-8
158
-2323
-2236
2419
9465995
550
-83
47
-2232
-1442
2792
9467020
554
-53
7
-2501
-943
3328
9468045
137
-11
-22
-2309
-1259
3766
9469070
-40
20
3
-2007
-1386
3912
9470095
-76
42
30
-2069
-1534
3686
9462911
17
49
20
-2180
-1409
3498
9463936
-3
54
16
-2320
-1334
3323
9464961
-34
55
20
-2314
-1473
3358
9465986
25
45
27
-2238
-1377
3509
9467011
32
36
50
-2221
-1389
3550
9468036
2
17
58
-2223
-1373
3385
9469061
-23
3
62
-2295
-1448
3266
9470086
25
-4
43
-2281
-1406
3401
9471111
109
5
39
-2222
-1271
3589
9472136
77
-9
78
-2182
-1392
3459
9473161
16
-9
105
-2301
-1548
3418
9474186
85
-3
92
-2308
-1429
3502
9475211
151
13
73
-2256
-1355
3552
9476236
187
27
76
-2194
-1283
3614
9477261
157
35
81
-2233
-1162
3560
9478286
87
23
74
-2290
-1109
3379
9471104
36
22
57
-2327
-1151
3389
9472129
69
30
31
-2299
-1155
3562
9473154
73
27
6
-2241
-1094
3567
9474179
25
23
-3
-2270
-1149
3451
9475204
-35
9
-16
-2290
-1192
3330
9476229
-28
12
-30
-2308
-1332
3449
9477254
28
15
-48
-2268
-1304
3582
9478279
19
20
-35
-2246
-1326
3588
9479304
-8
20
-15
-2264
-1362
3458
9480329
-6
17
-7
-2305
-1294
3372
9481354
2
27
14
-2312
-1393
3534
9482379
39
34
35
-2265
-1390
3635
9483404
78
43
51
-2243
-1309
3560
9484429
105
54
71
-2281
-1280
3499
9485454
75
48
79
-2327
-1237
3398
9486479
16
38
69
-2336
-1237
3339
9479296
3
36
66
-2349
-1282
3414
9480321
66
38
65
-2322
-1216
3544
9481346
114
35
71
-2285
-1158
3555
9482371
98
39
68
-2318
-1155
3499
9483396
63
39
54
-2344
-1130
3412
9484421
52
36
42
-2370
-1138
3382
9485446
71
32
33
-2322
-1151
3464
9486471
73
42
25
-2343
-1185
3535
9487496
77
40
14
-2340
-1092
3517
9488521
40
39
12
-2368
-1097
3438
9489546
4
28
9
-2360
-1079
3372
9490571
-4
31
1
-2400
-1181
3426
9491596
38
25
-14
-2340
-1110
3481
9492621
20
19
-12
-2320
-1146
3480
9493646
31
15
-18
-2324
-1191
3508
9494671
49
16
-31
-2380
-1179
3442
9487487
30
20
-33
-2397
-1143
3396
9488512
-4
27
-14
-2371
-1219
3460
9489537
-7
23
-2
-2378
-1265
3450
9490562
23
13
8
-2367
-1172
3437
9491587
15
7
19
-2370
-1150
3419
9492612
5
8
18
-2369
-1134
3445
9493637
0
3
17
-2367
-1081
3422
9494662
-12
-3
41
-2379
-1151
3413
9495687
11
5
47
-2388
-1257
3527
9496712
38
20
24
-2377
-1184
3587
9497737
26
32
13
-2333
-1104
3536
9498762
-14
42
11
-2370
-1093
3432
9499787
-21
35
9
-2404
-1089
3356
9500812
-17
21
12
-2415
-1147
3354
9501837
1
15
5
-2406
-1168
3436
9502862
13
5
-9
-2369
-1112
3454
9495680
-6
-5
-11
-2355
-1134
3418
9496705
-7
-13
-11
-2367
-1189
3433
9497730
-26
-7
-19
-2419
-1186
3480
9498755
-81
9
-21
-2469
-1233
3454
9499780
89
-19
-6
-2411
-1416
3259
9500805
325
-39
15
-2511
-1249
3292
9501830
289
-36
-41
-2478
-933
3457
9502855
23
-11
-108
-2392
-633
3395
9503880
-287
-38
-73
-2535
-990
2988
9504905
-141
-102
-75
-2524
-1565
2743
9505930
193
-78
-88
-2356
-1329
3151
9506955
599
116
-78
-2397
-830
4060
9507980
997
211
2
-1733
-290
5298
9509005
-542
105
64
-1891
-462
4889
9510030
-1146
79
71
-2746
-2381
2776
9511055
64
122
-86
-2302
-1143
2642
9503873
-98
192
27
-2366
-903
3135
9504898
-377
213
45
-2451
-1332
3449
9505923
-286
170
-31
-2352
-1339
3886
9506948
-165
24
13
-2257
-1466
3507
9507973
282
-68
38
-2409
-1377
3462
9508998
320
-29
-53
-2540
-1014
3876
9510023
68
-26
-3
-2311
-1306
3239
9511048
107
11
25
-2522
-1347
3243
9512073
55
88
-89
-2445
-502
3754
9513098
-429
108
-37
-2599
-592
3506
9514123
-851
-9
30
-2593
-1012
2389
9515148
-274
-123
105
-2423
-2029
2180
9516173
623
-148
28
-2686
-1369
3033
9517198
604
-102
-126
-2656
-861
3683
9518223
128
-36
-129
-2297
-1026
3886
9519248
-179
0
-74
-2180
-1311
3732
9512063
-153
7
-38
-2364
-1414
3477
9513088
-13
21
-18
-2455
-1354
3375
9514113
36
40
5
-2471
-1300
3406
9515138
28
46
13
-2436
-1202
3399
9516163
-7
39
23
-2422
-1150
3377
9517188
-19
43
26
-2426
-1219
3460
9518213
21
38
9
-2395
-1242
3435
9519238
57
28
-1
-2417
-1159
3327
9520263
63
35
12
-2484
-1215
3377
9521288
36
37
1
-2470
-1211
3373
9522313
6
35
4
-2468
-1241
3377
9523338
36
30
25
-2446
-1236
3406
9524363
37
24
38
-2455
-1213
3332
9525388
14
17
41
-2490
-1202
3318
9526413
-19
6
38
-2476
-1108
3323
9527438
-66
0
42
-2482
-1148
3368
9520256
-67
-3
35
-2461
-1175
3424
9521281
-52
-26
34
-2429
-1146
3291
9522306
-65
-38
41
-2448
-1148
3249
9523331
-81
-21
33
-2483
-1217
3395
9524356
-50
-12
8
-2422
-1225
3546
9525381
-18
2
-8
-2402
-1173
3567
9526406
-8
10
-1
-2427
-1153
3444
9527431
-10
3
8
-2475
-1187
3288
9528456
5
-5
5
-2505
-1228
3295
9529481
17
-5
-6
-2471
-1171
3348
9530506
-7
-8
1
-2451
-1153
3375
9531531
-21
-19
17
-2463
-1215
3370
9532556
0
-35
23
-2446
-1190
3353
9533581
-4
-35
17
-2460
-1200
3393
9534606
-22
-41
5
-2420
-1207
3364
9535631
-23
-41
-2
-2421
-1255
3390
9528448
32
-30
-8
-2437
-1213
3486
9529473
41
-24
-4
-2423
-1168
3450
9530498
5
-8
8
-2470
-1263
3435
9531523
22
-4
3
-2444
-1205
3415
9532548
29
-2
5
-2449
-1181
3373
9533573
28
-8
11
-2456
-1168
3351
9534598
18
-18
12
-2435
-1168
3342
9535623
24
-18
6
-2432
-1175
3402
9536648
46
-22
-1
-2422
-1167
3447
9537673
54
-21
-7
-2414
-1198
3442
9538698
72
-16
-7
-2434
-1178
3441
9539723
54
-6
-3
-2450
-1131
3443
9540748
0
11
2
-2459
-1133
3440
9541773
-41
18
3
-2447
-1145
3409
9542798
-49
17
6
-2441
-1160
3389
9543823
-40
6
8
-2446
-1166
3345
9536668
-25
-6
1
-2442
-1193
3352
9537693
0
-14
-6
-2432
-1172
3394
9538718
7
-15
-4
-2428
-1212
3436
9539743
-2
-12
-5
-2424
-1209
3433
9540768
-5
-3
-3
-2431
-1211
3446
9541793
3
3
-1
-2426
-1223
3454
9542818
19
16
2
-2442
-1225
3451
9543843
20
31
5
-2450
-1138
3437
9544868
-7
39
11
-2443
-1135
3395
9545893
-25
35
14
-2452
-1172
3342
9546918
-21
24
12
-2450
-1195
3316
9547943
-5
14
2
-2463
-1194
3345
9548968
1
9
-4
-2473
-1162
3371
9549993
-30
-3
4
-2503
-1173
3300
9551018
-30
-29
20
-2525
-1328
3266
9552043
39
-38
-22
-2450
-1204
3342
9544832
48
-22
-55
-2501
-1099
3319
9545857
-24
-29
-70
-2623
-1216
3190
9546882
13
-15
-156
-2590
-1104
3260
9547907
63
-41
-259
-2539
-885
3381
9548932
-97
-152
-202
-2530
-978
2589
9549957
364
-199
-41
-1594
-1486
3550
9550982
153
-92
-105
-2861
-898
5190
9552007
344
-201
-136
-2484
-2092
3946
9553032
769
-347
-197
-1767
-748
2030
9554057
467
-191
18
-2294
-590
2621
9555082
-157
23
-20
-2773
-1176
3489
9556107
-310
55
-26
-2062
-1045
3811
9557132
-236
28
117
-1976
-1315
4312
9558157
87
-109
189
-2238
-1703
3998
9559182
626
-71
111
-2387
-1413
3854
9560207
519
53
46
-2273
-954
4011
9553025
-82
103
91
-2321
-1368
3770
9554050
-259
144
-20
-2356
-798
3595
9555075
-154
172
-8
-2395
-542
3535
9556100
-340
111
130
-2556
-797
2825
9557125
-32
-39
211
-2388
-1794
2444
9558150
638
-123
80
-2550
-1101
2883
9559175
671
-94
-38
-2713
-640
3503
9560200
320
-65
-69
-2336
-858
3828
9561225
38
-25
-44
-2137
-831
3934
9562250
-136
1
-5
-2239
-998
3718
9563275
-110
10
2
-2365
-1139
3514
9564300
6
8
-5
-2436
-1156
3345
9565325
114
-2
-11
-2399
-1010
3428
9566350
80
-5
4
-2387
-991
3533
9567375
75
10
14
-2362
-1022
3625
9568400
69
2
12
-2304
-925
3524
9561217
25
13
23
-2387
-960
3476
9562242
30
8
13
-2395
-941
3442
9563267
84
9
-8
-2366
-903
3538
9564292
132
10
-2
-2357
-851
3576
9565317
57
-5
7
-2370
-786
3454
9566342
-29
6
22
-2404
-938
3504
9567367
-20
5
0
-2389
-988
3518
9568392
16
-2
-19
-2354
-959
3452
9569417
28
-7
-17
-2373
-971
3439
9570442
60
-12
-16
-2370
-1027
3491
9571467
138
-4
-22
-2376
-1011
3582
9572492
176
6
-20
-2367
-892
3635
9573517
114
15
-8
-2332
-807
3606
9574542
-8
16
11
-2362
-893
3495
9575567
-40
10
12
-2420
-985
3417
9576592
1
-7
-3
-2399
-922
3403
9569409
34
-7
2
-2394
-912
3537
9570434
38
-1
0
-2364
-817
3651
9571459
-11
3
10
-2369
-810
3576
9572484
-61
-8
9
-2375
-861
3392
9573509
-42
-4
6
-2387
-980
3469
9574534
30
-2
-18
-2360
-965
3571
9575559
33
-5
-30
-2329
-913
3501
9576584
-37
-1
-17
-2349
-992
3517
9577609
-45
18
-13
-2406
-1033
3584
9578634
-16
28
-18
-2372
-923
3574
9579659
-19
36
-1
-2366
-866
3570
9580684
-44
37
28
-2393
-938
3536
9581709
-18
29
33
-2414
-894
3490
9582734
-9
15
24
-2404
-861
3426
9583759
-23
7
15
-2381
-923
3428
9584784
-6
2
-1
-2370
-896
3516
9577599
-13
-5
-12
-2374
-894
3533
9578624
-25
-8
-9
-2400
-980
3488
9579649
0
-1
-12
-2424
-965
3498
9580674
7
-2
-13
-2386
-938
3487
9581699
-2
-6
-6
-2365
-956
3496
9582724
-2
-10
3
-2381
-964
3496
9583749
4
-9
15
-2421
-948
3526
9584774
-2
-10
26
-2403
-914
3519
9585799
-25
-11
29
-2373
-918
3480
9586824
-20
-12
24
-2364
-907
3501
9587849
-4
-10
11
-2372
-912
3552
9588874
-3
-4
-3
-2376
-923
3572
9589899
-15
3
-8
-2368
-925
3537
9590924
-27
12
-6
-2405
-958
3499
9591949
-15
13
-6
-2420
-940
3483
9592974
-22
5
0
-2412
-946
3434
9585793
-61
-1
4
-2450
-958
3370
9586818
-34
-18
7
-2462
-1016
3384
9587843
49
-49
-18
-2436
-983
3438
9588868
57
-75
-70
-2415
-937
3330
9589893
7
-28
-118
-2392
-801
3468
9590918
-19
-45
-93
-2596
-931
3172
9591943
39
-161
-124
-2636
-955
2636
9592968
-59
-111
-115
-2697
-577
2816
9593993
371
89
-52
-1474
-1014
5139
9595018
-500
0
-35
-2213
490
6784
9596043
-1515
-188
23
-2392
-2440
2733
9597068
-239
-243
-34
-2043
-1456
1443
9598093
108
-93
98
-2408
-1184
2702
9599118
70
29
99
-2673
-1289
3334
9600143
-72
55
50
-2114
-771
3802
9601168
-499
68
134
-1969
-1188
4238
9593984
-268
-55
187
-2216
-1699
3817
9595009
450
-100
143
-2324
-1598
3577
9596034
667
26
39
-2335
-970
4524
9597059
302
74
8
-2154
-730
3868
9598084
-37
94
80
-2410
-790
3280
9599109
-308
178
-24
-2393
-503
3684
9600134
-410
207
-30
-2462
-624
3687
9601159
-443
89
79
-2546
-1033
2806
9602184
-82
-24
99
-2338
-1624
2572
9603209
573
-68
19
-2546
-1156
2955
9604234
580
-44
-85
-2607
-857
3388
9605259
292
-10
-101
-2361
-942
3734
9606284
126
-14
-59
-2154
-853
3811
9607309
-54
-10
-5
-2329
-1120
3562
9608334
-99
-28
-15
-2414
-1120
3359
9609359
-57
-16
-10
-2474
-1187
3397
9602175
21
-40
-2
-2391
-1073
3361
9603200
43
-51
29
-2358
-987
3460
9604225
21
-59
58
-2340
-1051
3567
9605250
13
-70
54
-2312
-988
3537
9606275
10
-59
48
-2373
-1034
3541
9607300
45
-68
30
-2353
-947
3535
9608325
71
-69
26
-2320
-950
3532
9609350
89
-51
30
-2327
-954
3619
9610375
66
-31
19
-2308
-915
3666
9611400
23
-13
1
-2293
-933
3605
9612425
-25
-10
-4
-2323
-961
3460
9613450
-51
-9
-11
-2372
-1067
3389
9614475
62
-6
-19
-2363
-971
3530
9615500
95
5
-3
-2308
-935
3678
9616525
48
14
9
-2297
-988
3643
9617550
17
16
16
-2313
-930
3521
9610369
-2
27
26
-2371
-988
3499
9611394
39
29
23
-2381
-977
3511
9612419
90
24
14
-2348
-920
3508
9613444
63
1
11
-2317
-831
3476
9614469
12
2
9
-2353
-910
3518
9615494
6
-9
-8
-2326
-964
3487
9616519
6
-7
-22
-2347
-990
3527
9617544
26
-2
-19
-2351
-972
3558
9618569
21
-3
-7
-2349
-958
3558
9619594
29
5
7
-2348
-1000
3583
9620619
40
-2
14
-2330
-946
3510
9621644
17
0
19
-2375
-919
3500
9622669
1
-9
24
-2349
-888
3496
9623694
-14
-11
22
-2351
-924
3533
9624719
1
-9
11
-2331
-916
3574
9625744
6
-7
-3
-2311
-873
3575
9618560
-11
-3
-13
-2328
-930
3531
9619585
-5
2
-19
-2344
-937
3534
9620610
-2
9
-13
-2363
-971
3566
9621635
-2
11
-1
-2346
-989
3570
9622660
4
7
4
-2352
-952
3522
9623685
-3
-2
8
-2363
-909
3472
9624710
-21
-16
8
-2370
-922
3448
9625735
-11
-16
2
-2349
-960
3503
9626760
15
-11
-2
-2326
-940
3593
9627785
3
-10
-10
-2305
-902
3589
9628810
-34
-9
-13
-2324
-957
3501
9629835
-25
-8
-14
-2372
-979
3483
9630860
7
-5
-13
-2378
-944
3530
9631885
9
-10
-4
-2347
-926
3528
9632910
-24
-16
-3
-2341
-901
3509
9633935
-50
-22
-5
-2361
-906
3476
9626751
-33
-46
1
-2381
-986
3422
9627776
61
-66
-35
-2372
-1004
3454
9628801
98
-47
-112
-2358
-674
3430
9629826
-222
-34
-169
-2456
-563
3138
9630851
-409
-18
-191
-2457
-908
3267
9631876
-343
-65
-168
-2673
-1043
2876
9632901
-463
-167
-180
-2395
-1200
2405
9633926
572
19
-68
-1992
-1882
4375
9634951
807
138
-98
-1944
341
6657
9635976
-982
-39
-44
-1926
-688
4307
9637001
-951
-59
56
-2283
-2216
2148
9638026
-118
71
-23
-2340
-1571
3167
9639051
-4
123
-6
-2228
-935
3682
9640076
57
100
79
-2120
-1541
3376
9641101
102
109
22
-2329
-1748
3362
9642126
293
8
-17
-2289
-1514
3622
9634944
764
-98
96
-2271
-1426
3746
9635969
1133
13
63
-2241
-714
4465
9636994
448
82
166
-2229
-514
3694
9638019
-315
145
139
-2512
-289
3321
9639044
-482
191
-61
-2433
757
3589
9640069
-1118
15
294
-2463
-1226
2599
9641094
-724
-5
251
-2448
-2854
2800
9642119
558
-14
-100
-2623
-713
3387
9643144
406
-26
-130
-2388
-519
3521
9644169
60
-6
-35
-2279
-1064
3675
9645194
-79
-13
-12
-2301
-1040
3461
9646219
-151
1
5
-2411
-1259
3351
9647244
-20
7
1
-2451
-1154
3476
9648269
91
8
12
-2295
-1027
3649
9649294
69
26
56
-2299
-1058
3644
9650319
-18
20
64
-2404
-1116
3410
9643136
6
8
39
-2416
-1080
3362
9644161
53
19
12
-2381
-900
3517
9645186
33
30
26
-2364
-970
3615
9646211
-7
23
43
-2348
-911
3518
9647236
-54
14
52
-2409
-1106
3353
9648261
49
13
27
-2420
-1013
3459
9649286
88
19
9
-2382
-892
3570
9650311
-7
17
17
-2328
-918
3475
9651336
-98
6
34
-2367
-1017
3336
9652361
-61
9
43
-2433
-1232
3457
9653386
61
6
10
-2405
-1073
3575
9654411
66
4
8
-2311
-943
3541
9655436
15
12
38
-2394
-985
3496
9656461
-1
6
45
-2431
-1010
3422
9657486
5
4
36
-2410
-1050
3427
9658511
88
7
23
-2393
-1053
3532
9651329
194
-1
22
-2368
-984
3556
9652354
192
-10
30
-2405
-847
3486
9653379
54
-24
39
-2418
-844
3346
9654404
-12
-16
41
-2427
-1049
3428
9655429
85
-17
14
-2365
-962
3560
9656454
119
-19
7
-2349
-848
3558
9657479
73
-23
15
-2381
-863
3506
9658504
-15
-20
13
-2416
-948
3462
9659529
-16
-13
4
-2429
-1009
3490
9660554
35
-8
2
-2387
-959
3544
9661579
59
-6
16
-2371
-930
3549
9662604
20
-8
24
-2364
-908
3493
9663629
-9
-4
32
-2385
-941
3517
9664654
21
3
31
-2379
-968
3573
9665679
102
13
29
-2385
-973
3605
9666704
167
20
23
-2375
-826
3584
9659520
95
31
27
-2404
-762
3479
9660545
-16
39
25
-2428
-832
3468
9661570
-43
40
13
-2402
-941
3496
9662595
9
38
-2
-2378
-947
3512
9663620
55
33
-4
-2389
-861
3525
9664645
32
33
6
-2436
-870
3506
9665670
-11
31
7
-2449
-928
3427
9666695
-3
25
11
-2430
-930
3452
9667720
15
0
21
-2426
-909
3462
9668745
0
-24
28
-2420
-903
3432
9669770
-13
-18
37
-2427
-880
3521
9670795
-25
-3
42
-2415
-881
3567
9671820
-14
6
40
-2375
-880
3528
9672845
16
9
36
-2401
-880
3497
9673870
16
12
21
-2435
-854
3489
9674895
-9
13
9
-2428
-862
3492
9667711
-13
10
3
-2429
-885
3462
9668736
1
9
9
-2455
-875
3410
9669761
13
-17
20
-2525
-946
3353
9670786
28
-84
9
-2533
-1093
3184
9671811
117
-110
-59
-2456
-958
3159
9672836
352
-60
-80
-2576
-876
3174
9673861
401
-74
-160
-2583
-85
2969
9674886
-245
-121
-169
-2519
-508
2595
9675911
-423
21
-12
-3022
-1916
3184
9676936
1187
333
-167
-1271
-293
5239
9677961
1326
111
243
-1214
886
7994
9678986
-454
-122
319
-3456
-2623
2624
9680011
72
-137
-252
-2213
370
351
9681036
-379
141
78
-2384
-1107
3291
9682061
-733
157
10
-2654
-1248
4498
9683086
-274
-26
4
-2276
-920
3862
9675904
89
-95
97
-2303
-1264
3461
9676929
287
-53
68
-2234
-1246
4096
9677954
155
8
-8
-2378
-664
4020
9678979
81
71
27
-2374
-425
3632
9680004
-457
107
9
-2445
-184
3672
9681029
-831
231
-41
-2543
100
3963
9682054
-1137
138
105
-2640
-837
2663
9683079
-453
-42
40
-2220
-1944
2237
9684104
677
-110
-39
-2712
-591
2701
9685129
537
-98
-50
-2828
-597
3235
9686154
172
-51
-46
-2532
-1136
3847
9687179
69
-23
-67
-2247
-1137
3982
9688204
19
-2
-62
-2195
-951
3716
9689229
-26
22
-3
-2406
-904
3454
9690254
-15
14
24
-2511
-1059
3343
9691279
114
17
80
-2467
-1390
3474
9684096
319
32
138
-2477
-1412
3571
9685121
414
56
159
-2431
-888
3667
9686146
279
79
205
-2353
-658
3612
9687171
78
101
244
-2415
-765
3461
9688196
37
91
237
-2467
-683
3388
9689221
52
67
201
-2521
-579
3315
9690246
120
44
166
-2506
-476
3368
9691271
105
33
163
-2503
-516
3432
9692296
23
33
163
-2562
-712
3418
9693321
38
26
121
-2536
-626
3414
9694346
49
23
90
-2521
-523
3454
9695371
37
17
74
-2492
-519
3513
9696396
-7
0
65
-2487
-490
3429
9697421
-52
-9
60
-2541
-542
3366
9698446
-36
-7
51
-2575
-655
3478
9699471
15
-15
18
-2482
-583
3509
9692288
0
-13
7
-2454
-615
3460
9693313
-28
-22
1
-2507
-734
3393
9694338
1
-32
-20
-2514
-696
3415
9695363
18
-23
-12
-2520
-721
3547
9696388
29
-12
4
-2502
-730
3604
9697413
5
-8
18
-2487
-627
3498
9698438
-57
-6
37
-2510
-673
3418
9699463
-51
-13
44
-2514
-724
3467
9700488
20
-18
24
-2510
-606
3472
9701513
30
-24
7
-2475
-510
3430
9702538
-29
-23
18
-2542
-616
3407
9703563
-15
-20
4
-2515
-653
3514
9704588
13
-11
-15
-2483
-626
3583
9705613
0
-12
-30
-2448
-596
3518
9706638
-20
-7
-32
-2468
-677
3483
9707663
10
4
-27
-2524
-729
3529
9700480
37
12
-31
-2506
-706
3551
9701505
28
20
-31
-2484
-671
3515
9702530
9
28
-24
-2492
-690
3495
9703555
9
33
-14
-2508
-689
3500
9704580
9
33
-9
-2491
-660
3475
9705605
1
33
-3
-2506
-673
3456
9706630
2
25
-10
-2510
-683
3435
9707655
0
22
-16
-2533
-653
3448
9708680
0
21
-24
-2526
-641
3451
9709705
2
14
-26
-2528
-657
3426
9710730
10
6
-26
-2548
-666
3406
9711755
22
-7
-32
-2532
-668
3370
9712780
32
-18
-29
-2524
-690
3391
9713805
66
-23
-23
-2526
-725
3468
9714830
82
-31
-23
-2498
-645
3527
9715855
23
-37
-18
-2489
-631
3456
9708675
-28
-37
-14
-2510
-712
3429
9709700
-2
-32
-15
-2519
-700
3488
9710725
32
-28
-18
-2480
-690
3526
9711750
80
-29
-18
-2485
-725
3499
9712775
82
-39
-29
-2501
-553
3423
9713800
-13
-44
-21
-2528
-611
3397
9714825
-12
-58
-19
-2584
-778
3394
9715850
-2
-78
-52
-2562
-858
3342
9716875
53
-63
-85
-2550
-921
3269
9717900
336
-15
-180
-2555
-488
3431
9718925
372
28
-367
-2388
436
3768
9719950
8
-36
-342
-2372
159
3514
9720975
-452
-216
-112
-2512
-1243
2501
9722000
-719
-330
-15
-3002
-2123
1737
9723025
-284
-163
-500
-2870
-1089
3266
9724050
1169
40
-296
-1450
279
6612
9716863
-329
-41
332
-1823
308
6499
9717888
-1838
-130
342
-2685
-2416
2366
9718913
-872
7
-107
-2359
-1234
2167
9719938
-199
41
129
-2368
-922
3167
9720963
99
-6
237
-2480
-635
2974
9721988
71
56
281
-2188
-512
3514
9723013
-161
72
325
-2125
-983
4259
9724038
152
-82
252
-2486
-1572
4100
9725063
737
-105
106
-2446
-1220
3607
9726088
677
69
24
-2360
-256
4060
9727113
33
151
120
-2284
-671
3732
9728138
-206
233
-10
-2567
26
3876
9729163
-459
227
-93
-2497
275
3679
9730188
-831
83
127
-2613
-914
2439
9731213
-215
-71
118
-2382
-1777
2189
9732238
822
-124
-57
-2751
-619
2937
9725056
729
-103
-120
-2882
-463
3512
9726081
346
-82
-65
-2406
-979
3752
9727106
225
-58
-37
-2240
-773
3750
9728131
-19
-43
-28
-2312
-622
3564
9729156
-158
-8
28
-2502
-851
3563
9730181
-63
-6
26
-2486
-872
3663
9731206
-40
-20
20
-2373
-804
3582
9732231
-222
-18
39
-2451
-788
3361
9733256
-165
-18
68
-2514
-979
3311
9734281
69
-38
40
-2450
-665
3438
9735306
29
-45
51
-2440
-710
3506
9736331
-3
-47
68
-2424
-815
3479
9737356
36
-44
54
-2440
-614
3541
9738381
25
-29
47
-2432
-727
3658
9739406
34
-18
24
-2390
-751
3709
9740431
-48
-14
27
-2396
-735
3548
9733248
-108
0
52
-2460
-789
3457
9734273
-43
8
49
-2435
-737
3481
9735298
-22
15
37
-2413
-687
3542
9736323
-25
22
38
-2405
-763
3592
9737348
5
20
21
-2403
-683
3530
9738373
2
20
9
-2441
-676
3429
9739398
7
23
10
-2502
-696
3471
9740423
13
18
2
-2466
-674
3527
9741448
-6
16
6
-2441
-735
3514
9742473
-37
1
3
-2431
-700
3411
9743498
-38
-3
0
-2467
-712
3420
9744523
-9
-5
-12
-2470
-697
3530
9745548
-15
3
-18
-2435
-726
3603
9746573
-24
6
-22
-2420
-706
3566
9747598
-71
-7
-34
-2437
-661
3394
9748623
-76
-12
-36
-2464
-787
3425
9741440
-4
-16
-49
-2446
-769
3509
9742465
10
-19
-47
-2419
-766
3523
9743490
-24
-20
-40
-2422
-782
3490
9744515
-65
-16
-33
-2429
-816
3498
9745540
-59
-5
-24
-2442
-901
3557
9746565
-26
-2
-24
-2425
-827
3568
9747590
-44
-3
-10
-2442
-804
3501
9748615
-74
-10
3
-2448
-827
3425
9749640
-56
-23
4
-2460
-817
3389
9750665
-17
-31
1
-2450
-795
3459
9751690
14
-34
1
-2425
-763
3575
9752715
2
-30
-2
-2392
-761
3614
9753740
-25
-24
-7
-2403
-778
3536
9754765
-29
-15
-17
-2428
-767
3501
9755790
-24
-10
-23
-2427
-838
3523
9756815
-2
-4
-24
-2432
-859
3542
9749870
4
-4
-21
-2413
-804
3504
9750895
-28
-10
-8
-2417
-831
3418
9751920
-28
-18
-4
-2443
-924
3434
9752945
14
-29
-13
-2435
-894
3496
9753970
30
-32
-20
-2407
-835
3525
9754995
-12
-28
-20
-2415
-794
3528
9756020
-26
-23
-6
-2430
-838
3507
9757045
-31
-16
-21
-2443
-803
3495
9758070
-47
-38
-22
-2450
-772
3426
9759095
14
-72
-14
-2488
-947
3366
9760120
141
-77
-80
-2494
-902
3398
9761145
311
-81
-201
-2400
-521
3368
9762170
-126
-98
-296
-2469
-154
2874
9763195
-630
-58
-313
-2828
-850
3003
9764220
-652
-128
-288
-2651
-465
2673
9765245
233
-290
119
-1503
-1919
3091
9757824
988
-114
217
-2427
-772
5849
9758849
-425
-187
-197
-2053
636
4732
9759874
-697
-269
101
-2236
-1782
3028
9760899
-304
-224
24
-2297
-1452
2983
9761924
-114
-137
-80
-2354
-1348
3225
9762949
155
-133
-94
-2252
-673
3383
9763974
-39
-102
8
-2122
-649
3616
9764999
-248
-79
65
-2025
-1087
4099
9766024
-3
-166
139
-2144
-1517
3892
9767049
460
-150
42
-2155
-1343
4306
9768074
450
-46
-68
-2125
-669
4368
9769099
356
4
23
-2022
-921
3811
9770124
-78
98
25
-2307
-397
3846
9771149
-616
212
-38
-2183
-364
4227
9772174
-701
226
67
-2423
-918
3542
9773199
-536
130
93
-2255
-1602
2580
9766016
304
101
37
-2248
-1329
3096
9767041
643
135
-34
-2473
-629
3754
9768066
311
191
-64
-2362
-921
3909
9769091
6
217
-27
-2156
-862
3729
9770116
-136
235
42
-2248
-1030
3590
9771141
-79
246
40
-2411
-1175
3552
9772166
34
230
18
-2403
-1098
3356
9773191
69
187
47
-2406
-958
3221
9774216
62
171
70
-2479
-865
3360
9775241
24
161
74
-2485
-819
3485
9776266
-25
132
70
-2430
-897
3394
9777291
-24
73
62
-2410
-857
3182
9778316
22
48
62
-2518
-930
3212
9779341
55
-2
33
-2489
-839
3191
9780366
45
-13
25
-2482
-910
3440
9781391
71
-6
13
-2395
-867
3692
9774208
59
4
15
-2377
-815
3698
9775233
18
-6
22
-2429
-880
3396
9776258
-51
-45
18
-2477
-830
3009
9777283
-14
-30
33
-2570
-1036
3436
9778308
114
-33
23
-2396
-955
3793
9779333
101
-20
25
-2321
-791
3776
9780358
1
-14
45
-2376
-758
3529
9781383
-101
-11
42
-2464
-800
3283
9782408
-46
10
24
-2490
-906
3498
9783433
88
32
-9
-2397
-943
3639
9784458
188
37
22
-2364
-920
3531
9785483
216
30
64
-2468
-877
3438
9786508
167
43
52
-2480
-825
3507
9787533
60
57
36
-2447
-800
3544
9788558
-27
61
49
-2443
-829
3497
9789583
-9
52
66
-2457
-868
3471
9782400
39
46
84
-2467
-840
3450
9783425
24
46
88
-2477
-811
3458
9784450
-19
45
82
-2457
-793
3443
9785475
-18
44
81
-2475
-812
3468
9786500
-2
37
72
-2489
-788
3450
9787525
5
29
66
-2478
-738
3427
9788550
6
32
60
-2515
-764
3453
9789575
11
25
46
-2514
-742
3427
9790600
10
21
42
-2517
-710
3397
9791625
11
10
46
-2508
-717
3433
9792650
6
-11
37
-2496
-749
3433
9793675
-2
-13
30
-2480
-722
3469
9794700
-11
-6
28
-2479
-776
3517
9795725
9
2
11
-2465
-787
3529
9796750
28
12
-2
-2477
-744
3519
9797775
25
22
-4
-2503
-714
3469
9790592
-3
26
-2
-2516
-755
3445
9791617
3
27
-1
-2535
-824
3450
9792642
25
13
-6
-2518
-750
3396
9793667
18
15
2
-2526
-771
3437
9794692
19
7
3
-2492
-737
3447
9795717
3
-2
3
-2502
-780
3420
9796742
15
-11
0
-2500
-783
3455
9797767
25
-18
-5
-2491
-766
3430
9798792
13
-18
-8
-2497
-771
3436
9799817
-19
-20
-3
-2526
-767
3421
9800842
-58
-41
2
-2524
-753
3283
9801867
-79
-60
17
-2536
-808
3277
9802892
-32
-51
32
-2546
-902
3515
9803917
47
-45
14
-2470
-788
3601
9804942
8
-45
-5
-2434
-573
3515
9805967
-113
-47
11
-2518
-772
3417
9798784
-26
-61
-5
-2557
-966
3380
9799809
154
-70
-67
-2507
-881
3327
9800834
225
-77
-132
-2558
-598
3253
9801859
45
-53
-165
-2582
-447
3271
9802884
-237
-2
-226
-2579
-438
3367
9803909
-385
17
-244
-2602
-569
3396
9804934
-338
-30
-168
-2551
-621
2827
9805959
501
10
33
-2026
-1127
3490
9806984
669
2
64
-2309
-41
5343
9808009
-976
-147
-144
-2325
-557
4534
9809034
-1093
-218
-180
-2495
-2053
2641
9810059
-271
-142
-239
-2247
-863
2403
9811084
5
-52
-32
-2490
-1271
3064
9812109
80
12
-49
-2398
-1039
3762
9813134
-71
-13
-12
-2216
-1134
4091
9814159
82
-151
52
-2247
-1577
3935
9806975
524
-205
8
-2239
-1408
3921
9808000
584
-87
-68
-2262
-605
4104
9809025
483
-26
122
-2269
-1263
3552
9810050
81
101
-11
-2538
236
4133
9811075
-733
171
-10
-2535
463
3603
9812100
-1207
95
225
-2489
-2038
2333
9813125
185
-11
25
-2293
-1798
2741
9814150
811
-30
-106
-2731
36
3379
9815175
314
-3
-5
-2572
-1075
3612
9816200
191
30
-9
-2297
-943
3799
9817225
70
59
-22
-2247
-852
3769
9818250
36
89
-6
-2389
-952
3582
9819275
153
109
-12
-2448
-821
3490
9820300
195
120
5
-2417
-893
3462
9821325
264
144
24
-2441
-962
3603
9822350
276
160
16
-2403
-822
3651
9815168
158
170
4
-2395
-716
3552
9816193
-12
156
-5
-2454
-706
3271
9817218
-43
138
6
-2589
-903
3197
9818243
39
96
-1
-2571
-724
3227
9819268
52
88
17
-2549
-811
3458
9820293
68
79
10
-2488
-773
3632
9821318
51
61
4
-2474
-677
3459
9822343
-33
36
-5
-2503
-732
3182
9823368
-17
38
7
-2604
-827
3324
9824393
50
22
-5
-2532
-697
3489
9825418
21
33
12
-2493
-796
3562
9826443
20
41
11
-2502
-822
3509
9827468
33
41
-7
-2526
-772
3401
9828493
81
45
-6
-2549
-827
3390
9829518
146
38
-17
-2538
-774
3398
9830543
147
26
-10
-2533
-771
3377
9823361
119
20
-3
-2578
-770
3405
9824386
107
12
-2
-2571
-743
3405
9825411
89
6
4
-2560
-707
3391
9826436
73
-2
18
-2543
-687
3404
9827461
59
-7
30
-2566
-747
3419
9828486
23
-17
21
-2547
-733
3407
9829511
7
-12
15
-2537
-730
3445
9830536
5
-19
9
-2517
-715
3421
9831561
22
-24
12
-2532
-744
3441
9832586
49
-28
7
-2538
-694
3457
9833611
24
-29
5
-2546
-707
3406
9834636
7
-32
6
-2544
-734
3402
9835661
20
-40
12
-2534
-724
3416
9836686
26
-42
23
-2543
-744
3453
9837711
27
-42
27
-2530
-698
3479
9838736
12
-44
29
-2514
-679
3470
9831552
4
-41
30
-2528
-667
3457
9832577
6
-38
35
-2535
-673
3470
9833602
23
-40
29
-2524
-644
3485
9834627
15
-42
25
-2511
-612
3434
9835652
-12
-39
20
-2509
-619
3442
9836677
-5
-31
8
-2499
-668
3525
9837702
8
-27
-9
-2473
-672
3568
9838727
-1
-21
-15
-2473
-693
3533
9839752
-15
-16
-14
-2501
-717
3452
9840777
-13
-14
-8
-2536
-754
3392
9841802
6
-10
-3
-2545
-753
3435
9842827
36
-5
13
-2489
-724
3526
9843852
20
2
25
-2485
-698
3565
9844877
-4
2
23
-2482
-629
3508
9845902
-29
-3
15
-2493
-648
3417
9846927
-17
-14
8
-2519
-694
3413
9839745
18
-17
-3
-2498
-630
3488
9840770
13
-13
-9
-2491
-616
3496
9841795
-16
-6
-8
-2514
-672
3480
9842820
-9
1
-10
-2511
-715
3516
9843845
7
3
-10
-2503
-723
3507
9844870
7
1
-8
-2492
-675
3444
9845895
-14
-1
4
-2518
-688
3413
9846920
-31
-6
11
-2533
-723
3417
9847945
-48
-7
8
-2537
-733
3432
9848970
-28
-30
17
-2548
-751
3361
9849995
-23
-54
-3
-2530
-689
3304
9851020
-71
-48
-43
-2561
-738
3277
9852045
98
-47
-44
-2567
-793
3391
9853070
201
-14
-114
-2562
-483
3574
9854095
-78
10
-191
-2568
-226
3376
9855120
-675
-29
-180
-2760
-731
2683
9847936
-146
7
-108
-2544
-1460
2956
9848961
696
104
-75
-2022
-69
5082
9849986
-569
64
-119
-2239
802
5169
9851011
-1720
-36
81
-2244
-1504
3164
9852036
-644
-51
-24
-2552
-1918
2317
9853061
388
18
-107
-2456
-865
2837
9854086
150
98
-82
-2440
-751
3785
9855111
-307
37
-42
-2357
-892
4088
9856136
-359
-99
72
-2376
-1398
3630
9857161
155
-126
72
-2364
-1696
3703
9858186
566
-54
-14
-2518
-1007
3762
9859211
388
13
43
-2407
-611
3686
9860236
-425
133
-34
-2526
152
3885
9861261
-1141
161
110
-2723
-510
2979
9862286
-707
28
152
-2489
-2359
2252
9863311
537
-138
-14
-2566
-899
2524
9856128
506
-113
-17
-2865
-460
3192
9857153
163
-76
-11
-2569
-1219
3662
9858178
176
-41
-31
-2302
-994
3915
9859203
40
-6
-23
-2269
-876
3769
9860228
-32
37
21
-2427
-967
3655
9861253
-52
5
16
-2520
-1039
3172
9862278
37
-15
-10
-2581
-960
3153
9863303
119
-7
4
-2550
-855
3516
9864328
73
-11
3
-2429
-892
3607
9865353
50
-9
19
-2433
-933
3484
9866378
11
-16
19
-2488
-861
3317
9867403
-8
-15
16
-2560
-902
3309
9868428
7
-26
7
-2490
-886
3455
9869453
31
-12
27
-2447
-943
3607
9870478
55
-16
39
-2456
-898
3482
9871503
13
-29
33
-2492
-927
3269
9864320
40
-29
26
-2518
-1053
3335
9865345
180
-7
2
-2459
-945
3583
9866370
241
18
-7
-2389
-734
3810
9867395
93
37
20
-2385
-691
3760
9868420
-62
45
44
-2465
-884
3366
9869445
-54
54
32
-2544
-1013
3264
9870470
64
49
13
-2504
-928
3415
9871495
111
49
15
-2474
-826
3556
9872520
99
42
30
-2473
-781
3501
9873545
35
34
44
-2496
-787
3359
9874570
1
41
52
-2551
-912
3406
9875595
47
34
31
-2505
-869
3433
9876620
89
28
31
-2507
-754
3441
9877645
51
20
43
-2521
-701
3434
9878670
-11
9
47
-2553
-749
3351
9879695
-44
-12
35
-2537
-787
3302
9872513
3
-8
22
-2539
-826
3466
9873538
49
-19
-1
-2473
-746
3473
9874563
29
-23
-3
-2475
-799
3453
9875588
13
-26
-8
-2490
-828
3463
9876613
19
-24
-18
-2513
-867
3463
9877638
34
-27
-23
-2505
-853
3386
9878663
51
-21
-12
-2524
-836
3409
9879688
62
-21
4
-2524
-841
3473
9880713
62
-29
13
-2494
-855
3463
9881738
73
-39
8
-2478
-772
3427
9882763
53
-46
7
-2502
-737
3407
9883788
59
-33
14
-2504
-706
3488
9884813
89
-21
20
-2480
-661
3587
9885838
44
-12
25
-2482
-715
3582
9886863
-8
-9
15
-2493
-749
3466
9887888
-38
-8
-4
-2469
-747
3392
9880704
-57
-3
-15
-2488
-834
3468
9881729
-9
-1
-29
-2475
-813
3558
9882754
29
5
-24
-2453
-793
3543
9883779
3
14
-11
-2486
-803
3496
9884804
-26
11
-2
-2500
-872
3387
9885829
-5
10
3
-2518
-921
3390
9886854
30
7
3
-2482
-824
3480
9887879
25
1
18
-2487
-822
3452
9888904
9
-7
29
-2516
-788
3403
9889929
-3
-12
40
-2527
-738
3419
9890954
-9
-21
42
-2517
-745
3423
9891979
-4
-31
32
-2485
-716
3455
9893004
-10
-38
23
-2463
-697
3463
9894029
-22
-41
13
-2471
-765
3457
9895054
-10
-42
-1
-2494
-786
3475
9896079
2
-38
-2
-2502
-801
3500
9889026
20
-29
-2
-2468
-808
3505
9890051
31
-24
5
-2468
-771
3475
9891076
15
-26
12
-2485
-788
3443
9892101
4
-29
13
-2468
-787
3474
9893126
5
-27
15
-2454
-797
3529
9894151
3
-27
20
-2457
-773
3529
9895176
7
-23
29
-2487
-728
3538
9896201
-36
-3
17
-2473
-695
3628
9897226
-49
14
5
-2455
-779
3608
9898251
14
-9
-7
-2531
-689
3352
9899276
78
-106
-23
-2673
-861
2723
9900301
118
-168
-135
-2611
-737
2257
9901326
-93
-147
-160
-2736
-549
2751
9902351
-90
-104
-47
-2727
-782
3774
9903376
85
90
-90
-2312
-273
4941
9904401
108
165
55
-1396
-569
4470
9897088
-357
50
208
-2398
-365
4557
9898113
-1669
52
33
-2646
-1309
4053
9899138
-710
52
-29
-2477
-2366
2954
9900163
204
4
-63
-2198
-670
2828
9901188
235
20
65
-2600
-997
2806
9902213
47
40
30
-2610
-585
2775
9903238
-183
80
32
-2295
-970
3330
9904263
-125
42
48
-2409
-1085
3768
9905288
244
-95
77
-2525
-1137
3799
9906313
485
-149
-16
-2354
-1046
3764
9907338
443
-79
-105
-2398
-678
4046
9908363
352
-53
-46
-2277
-968
3452
9909388
130
5
-42
-2573
-625
3404
9910413
-170
140
-140
-2474
-5
4272
9911438
-582
157
-8
-2544
-454
3577
9912463
-721
59
93
-2563
-1347
2400
9905280
45
-40
29
-2426
-1564
2509
9906305
489
-40
-82
-2810
-652
3136
9907330
230
-15
-109
-2641
-862
3523
9908355
3
0
-104
-2272
-711
3824
9909380
-153
21
-49
-2310
-893
3820
9910405
-141
5
-57
-2441
-967
3449
9911430
-139
-21
-76
-2522
-848
3091
9912455
-145
-37
-53
-2563
-1076
3212
9913480
-29
-39
-30
-2494
-1115
3578
9914505
49
-40
-7
-2420
-1025
3689
9915530
8
-51
11
-2387
-987
3488
9916555
-28
-53
24
-2455
-993
3301
9917580
9
-42
29
-2487
-965
3418
9918605
36
-20
24
-2447
-870
3622
9919630
-8
-31
34
-2417
-832
3495
9920655
-85
-61
66
-2445
-952
3260
9913472
-118
-58
61
-2483
-1001
3352
9914497
-71
-66
42
-2416
-1004
3505
9915522
-64
-71
40
-2390
-962
3559
9916547
-126
-91
48
-2420
-933
3396
9917572
-161
-91
66
-2476
-1025
3357
9918597
-68
-77
60
-2466
-1136
3506
9919622
49
-70
45
-2361
-986
3623
9920647
60
-64
54
-2335
-899
3597
9921672
19
-72
61
-2379
-899
3448
9922697
-22
-61
55
-2422
-979
3472
9923722
25
-40
44
-2419
-964
3584
9924747
63
-24
44
-2385
-869
3626
9925772
45
-14
62
-2364
-868
3600
9926797
23
-3
63
-2377
-908
3557
9927822
47
-4
38
-2359
-919
3478
9928847
58
6
16
-2366
-930
3522
9921663
78
22
9
-2419
-933
3576
9922688
30
18
4
-2392
-842
3467
9923713
-34
38
23
-2441
-958
3507
9924738
-28
39
28
-2415
-922
3529
9925763
-26
24
38
-2416
-957
3417
9926788
-13
-10
51
-2431
-955
3301
9927813
-3
-31
45
-2439
-931
3391
9928838
21
-44
34
-2426
-905
3490
9929863
22
-47
24
-2381
-833
3513
9930888
-1
-44
23
-2381
-825
3541
9931913
-14
-41
19
-2393
-915
3563
9932938
17
-31
0
-2387
-898
3590
9933963
36
-10
-7
-2390
-866
3582
9934988
16
4
-5
-2390
-868
3542
9936013
-7
14
-4
-2385
-918
3533
9937038
0
17
-6
-2396
-925
3494
9929857
19
13
-7
-2398
-935
3484
9930882
29
9
-3
-2395
-895
3513
9931907
16
7
3
-2409
-894
3498
9932932
7
6
8
-2412
-906
3487
9933957
13
6
13
-2394
-944
3515
9934982
28
8
11
-2405
-902
3540
9936007
27
10
7
-2406
-872
3505
9937032
21
8
6
-2415
-850
3466
9938057
9
1
5
-2430
-862
3439
9939082
8
-4
1
-2427
-878
3490
9940107
9
-15
1
-2421
-870
3490
9941132
-2
-28
4
-2397
-905
3464
9942157
13
-37
6
-2395
-953
3512
9943182
49
-41
4
-2406
-881
3555
9944207
4
-38
6
-2403
-829
3498
9945232
-39
-42
31
-2478
-913
3429
9938048
7
-54
28
-2479
-994
3390
9939073
68
2
-51
-2446
-880
3534
9940098
109
4
-102
-2422
-587
3282
9941123
-105
-80
-93
-2430
-523
2810
9942148
-370
-143
30
-2856
-1016
2373
9943173
-216
-17
37
-2655
-1196
2891
9944198
874
228
125
-1774
-493
5649
9945223
-123
59
98
-1628
136
6864
9946248
-1371
-105
52
-2528
-2175
3083
9947273
-49
-73
-80
-2346
-1345
1519
9948298
189
56
107
-2459
-909
3196
9949323
-124
73
158
-2699
-1170
3483
9950348
-84
70
76
-2207
-775
3176
9951373
-324
139
151
-2118
-818
3356
9952398
-316
147
140
-2515
-1008
3789
9953423
8
13
119
-2463
-880
3947
9946240
106
-80
58
-2338
-999
3732
9947265
122
-78
-57
-2211
-1058
3961
9948290
-17
-61
-78
-2386
-1045
3768
9949315
-49
9
-13
-2443
-1325
3643
9950340
-358
66
-24
-2465
-494
3789
9951365
-775
120
49
-2555
-550
3357
9952390
-752
71
165
-2520
-1753
2461
9953415
398
-2
62
-2431
-1718
2809
9954440
902
-54
-46
-2578
-293
3317
9955465
407
-68
-23
-2500
-648
3351
9956490
-28
-32
21
-2501
-905
3368
9957515
-130
-14
3
-2398
-1121
3463
9958540
-13
-8
-24
-2384
-1001
3567
9959565
33
-20
13
-2402
-951
3516
9960590
11
-19
51
-2427
-1012
3433
9961615
0
-14
60
-2461
-1117
3464
9954433
58
-14
37
-2437
-1071
3531
9955458
74
-7
18
-2379
-915
3589
9956483
33
-4
20
-2376
-914
3556
9957508
0
-9
10
-2424
-896
3399
9958533
-16
4
4
-2466
-979
3417
9959558
31
12
-6
-2430
-962
3512
9960583
55
6
-13
-2397
-891
3524
9961608
43
7
-3
-2421
-942
3504
9962633
27
-1
0
-2431
-967
3455
9963658
31
-27
-1
-2434
-1032
3290
9964683
71
-35
2
-2491
-1062
3330
9965708
130
-39
10
-2450
-979
3476
9966733
113
-33
26
-2395
-934
3569
9967758
85
-23
45
-2380
-927
3646
9968783
68
-14
47
-2396
-885
3577
9969808
35
-26
40
-2416
-898
3373
9962817
43
-22
33
-2450
-916
3424
9963842
107
-18
20
-2417
-889
3561
9964867
141
-20
14
-2381
-800
3543
9965892
113
-23
22
-2411
-765
3485
9966917
58
-33
24
-2427
-767
3412
9967942
33
-32
25
-2448
-903
3467
9968967
71
-37
12
-2400
-919
3543
9969992
82
-33
5
-2379
-849
3553
9971017
39
-23
7
-2402
-819
3520
9972042
-15
-16
13
-2402
-922
3547
9973067
-6
-6
10
-2398
-962
3593
9974092
26
-4
4
-2396
-840
3521
9975117
15
-1
11
-2390
-809
3492
9976142
-4
6
18
-2409
-838
3524
9977167
-11
13
12
-2400
-855
3572
9978192
-8
11
10
-2400
-858
3495
9970815
7
6
5
-2427
-824
3470
9971840
1
2
1
-2425
-805
3477
9972865
-16
-6
-1
-2404
-826
3489
9973890
-20
-10
0
-2416
-858
3500
9974915
-11
-20
-4
-2404
-872
3446
9975940
-4
-26
-5
-2411
-860
3449
9976965
6
-27
-2
-2415
-886
3543
9977990
-4
-24
-6
-2389
-875
3566
9979015
-15
-17
0
-2377
-874
3549
9980040
-15
-12
7
-2401
-888
3526
9981065
-4
-14
9
-2403
-891
3509
9982090
10
-13
7
-2392
-846
3508
9983115
1
-13
9
-2423
-807
3503
9984140
-22
-17
9
-2403
-851
3493
9985165
-6
-16
3
-2388
-842
3520
9986190
-4
-20
-7
-2393
-834
3508
9979009
-10
-23
-14
-2402
-865
3502
9980034
4
-21
-15
-2397
-841
3544
9981059
6
-25
-17
-2416
-918
3514
9982084
83
-40
-30
-2390
-1074
3489
9983109
163
-21
-80
-2311
-683
3665
9984134
8
40
-94
-2380
-466
3745
9985159
-79
64
-74
-2490
-915
3650
9986184
85
-6
-135
-2494
-867
3185
9987209
33
-105
-282
-2356
-546
2631
9988234
-65
-73
-140
-2791
-1087
3103
9989259
-78
-47
-195
-2558
-1144
3251
9990284
843
-78
-178
-1428
-1004
4781
9991309
77
-52
-98
-2982
498
4825
9992334
-562
-161
-68
-1948
-1252
3141
9993359
-326
-31
-67
-2162
-1066
3415
9994384
-282
43
-30
-2432
-1406
3672
9987200
-189
26
-73
-2196
-974
3126
9988225
-57
71
-24
-2254
-919
2594
9989250
-45
192
1
-2284
-932
3372
9990275
-188
178
3
-2400
-1001
4366
9991300
-43
18
35
-2344
-1277
4121
9992325
450
2
30
-2230
-1494
3885
9993350
636
102
-5
-2360
-1042
4002
9994375
632
97
36
-2365
-1145
3800
9995400
218
140
-182
-2336
-567
3565
9996425
234
231
-288
-2285
-221
3682
9997450
64
256
-210
-2526
-222
3433
9998475
-56
200
-90
-2609
-609
3131
9999500
62
144
-155
-2475
-505
2910
10000525
18
68
-169
-2381
-990
2856
10001550
196
42
-151
-2674
-1102
3191
10002575
159
40
-167
-2630
-758
3426
9995392
15
61
-122
-2369
-1070
3692
9996417
-46
83
-83
-2356
-1042
3795
9997442
-111
103
-28
-2421
-1183
3639
9998467
-132
86
2
-2477
-1076
3245
9999492
-39
77
34
-2542
-1137
3168
10000517
140
64
43
-2504
-944
3471
10001542
141
51
66
-2466
-906
3550
10002567
7
22
65
-2491
-889
3346
10003592
-46
0
55
-2551
-853
3240
10004617
-3
-13
54
-2532
-854
3316
10005642
40
-15
58
-2502
-877
3423
10006667
38
-28
51
-2491
-805
3414
10007692
34
-48
54
-2510
-803
3327
10008717
56
-66
44
-2513
-806
3323
10009742
72
-66
32
-2491
-812
3498
10010767
66
-60
22
-2454
-809
3591
10003584
10
-68
13
-2429
-753
3422
10004609
-38
-70
16
-2472
-851
3363
10005634
9
-73
8
-2461
-879
3529
10006659
62
-63
7
-2425
-872
3622
10007684
72
-58
9
-2426
-812
3511
10008709
31
-47
18
-2450
-749
3454
10009734
0
-26
39
-2485
-876
3565
10010759
5
-23
37
-2458
-882
3538
10011784
25
-23
34
-2414
-822
3508
10012809
39
-27
37
-2434
-789
3510
10013834
53
-29
30
-2449
-811
3500
10014859
100
-22
30
-2443
-797
3552
10015884
117
-25
31
-2428
-785
3535
10016909
6
-48
21
-2461
-702
3334
10017934
-64
-55
29
-2520
-891
3313
10018959
60
-55
27
-2448
-783
3555
10011775
111
-53
33
-2376
-730
3642
10012800
86
-47
33
-2379
-744
3571
10013825
11
-41
22
-2417
-649
3490
10014850
-42
-34
19
-2439
-796
3454
10015875
9
-21
12
-2422
-807
3616
10016900
45
-9
8
-2385
-735
3673
10017925
24
5
17
-2402
-737
3595
10018950
-9
14
23
-2426
-745
3507
10019975
-22
17
20
-2437
-772
3461
10021000
-3
17
18
-2455
-828
3475
10022025
41
9
12
-2425
-724
3536
10023050
21
4
21
-2405
-663
3533
10024075
-30
2
27
-2449
-765
3467
10025100
-24
-5
17
-2465
-751
3456
10026125
-4
-9
14
-2439
-759
3484
10027150
9
-14
15
-2428
-744
3504
10019968
6
-15
15
-2428
-724
3502
10020993
-10
-15
15
-2424
-749
3528
10022018
-13
-17
17
-2434
-801
3530
10023043
9
-18
21
-2433
-779
3523
10024068
-1
-15
22
-2427
-736
3496
10025093
-18
-18
25
-2416
-740
3479
10026118
-14
-19
31
-2422
-759
3533
10027143
0
-14
32
-2428
-777
3574
10028168
-4
-14
30
-2420
-756
3541
10029193
-11
-11
31
-2435
-738
3496
10030218
-9
-14
27
-2426
-707
3481
10031243
-11
-11
27
-2427
-719
3513
10032268
-14
-17
28
-2431
-723
3485
10033293
-16
-32
35
-2425
-682
3400
10034318
-11
-25
48
-2460
-743
3507
10035343
0
-1
35
-2490
-802
3658
10028182
50
-31
12
-2487
-833
3521
10029207
16
-58
-86
-2478
-615
3042
10030232
-144
-56
-135
-2404
-326
2859
10031257
-360
-56
-5
-2678
-969
3093
10032282
26
-101
96
-2755
-1169
3506
10033307
505
-26
44
-2264
-426
3602
10034332
852
1
217
-1212
-915
4997
10035357
-951
-14
160
-3098
421
5052
10036382
-1102
-105
54
-2357
-1889
3021
10037407
-407
-116
-12
-2131
-1048
2843
10038432
-85
-60
87
-2425
-820
3385
10039457
8
-45
111
-2500
-414
3229
10040482
-291
12
115
-2264
-305
2975
10041507
-599
117
83
-2167
-185
3269
10042532
-686
133
35
-2295
-629
3614
10043557
-334
-20
0
-2464
-1406
3792
10036351
124
-182
-147
-2539
-1485
3782
10037376
355
-194
-329
-2160
-1197
4197
10038401
202
-169
-298
-2351
-983
3916
10039426
3
-118
-232
-2312
-1049
3487
10040451
-210
-28
-185
-2365
-858
3782
10041476
-632
25
-169
-2354
-590
3822
10042501
-678
8
-18
-2478
-1013
3049
10043526
-346
-78
-14
-2334
-1845
2662
10044551
500
-155
-106
-2330
-1114
2908
10045576
609
-154
-105
-2477
-584
3423
10046601
257
-108
-49
-2345
-1113
3929
10047626
98
-71
-29
-2138
-1023
4025
10048651
-125
-16
-11
-2174
-1092
3755
10049676
-160
7
8
-2250
-1069
3524
10050701
-111
12
15
-2307
-1031
3497
10051726
-39
25
11
-2307
-1089
3580
10044544
-11
11
2
-2277
-1059
3547
10045569
7
3
-9
-2304
-1120
3446
10046594
38
-11
-18
-2303
-1058
3438
10047619
61
-11
-22
-2275
-997
3607
10048644
59
-7
-11
-2237
-990
3673
10049669
-15
-10
6
-2289
-1147
3531
10050694
0
-13
6
-2298
-1131
3452
10051719
33
-8
14
-2329
-1074
3531
10052744
91
1
29
-2277
-1088
3679
10053769
163
8
47
-2232
-1008
3685
10054794
142
9
55
-2285
-890
3519
10055819
50
11
50
-2319
-904
3423
10056844
35
20
40
-2325
-1001
3538
10057869
88
18
20
-2284
-968
3606
10058894
112
18
23
-2269
-905
3606
10059919
73
20
26
-2299
-900
3545
10052736
36
26
12
-2300
-955
3540
10053761
36
27
3
-2271
-999
3637
10054786
68
27
-2
-2243
-952
3682
10055811
54
37
7
-2303
-942
3572
10056836
36
51
21
-2368
-1004
3529
10057861
58
55
20
-2353
-956
3536
10058886
58
54
30
-2340
-920
3539
10059911
39
47
46
-2327
-927
3505
10060936
39
31
49
-2321
-941
3465
10061961
47
14
40
-2306
-958
3473
10062986
58
6
38
-2327
-962
3547
10064011
66
4
35
-2352
-933
3575
10065036
89
3
42
-2339
-858
3532
10066061
70
0
60
-2360
-920
3513
10067086
106
-8
58
-2348
-978
3523
10068111
203
-22
39
-2306
-889
3531
10060927
259
-25
33
-2318
-801
3563
10061952
244
-19
33
-2319
-735
3602
10062977
127
-11
30
-2316
-687
3613
10064002
-14
4
27
-2342
-786
3613
10065027
-19
14
24
-2363
-816
3591
10066052
18
15
21
-2342
-759
3553
10067077
15
21
29
-2350
-747
3560
10068102
-11
22
27
-2360
-796
3543
10069127
-21
11
7
-2325
-818
3518
10070152
8
4
-5
-2287
-832
3569
10071177
25
3
-9
-2324
-843
3604
10072202
12
5
-8
-2345
-841
3597
10073227
7
13
-1
-2369
-825
3577
10074252
6
23
8
-2366
-821
3548
10075277
11
22
11
-2352
-827
3528
10076302
29
18
8
-2349
-786
3550
10069120
19
11
4
-2350
-732
3537
10070145
-19
-3
3
-2362
-787
3467
10071170
-21
-13
-1
-2373
-809
3471
10072195
-6
-18
-8
-2370
-792
3532
10073220
-14
-21
-10
-2356
-782
3567
10074245
-28
-25
-8
-2344
-799
3561
10075270
-29
-36
-8
-2333
-838
3519
10076295
-13
-41
-6
-2343
-844
3509
10077320
-18
-40
-1
-2344
-861
3547
10078345
-46
-37
7
-2375
-819
3659
10079370
-101
-45
31
-2355
-882
3764
10080395
-77
-35
45
-2364
-1086
3776
10081420
128
-61
33
-2374
-1021
3516
10082445
275
-89
-22
-2381
-531
3234
10083470
192
-92
-32
-2370
-685
3113
10084495
-198
-51
21
-2735
-897
2787
10077313
-359
-71
-50
-2775
-1426
2247
10078338
515
56
-72
-2199
-1259
4127
10079363
578
211
-43
-1103
548
7723
10080388
-1271
14
201
-2230
-1472
4161
10081413
-445
-3
-63
-2481
-1315
1846
10082438
169
49
-17
-2209
-308
2926
10083463
-171
71
28
-2513
-491
3204
10084488
-124
93
68
-2379
-540
3084
10085513
-167
118
180
-2111
-822
3504
10086538
-173
142
160
-2247
-1030
3974
10087563
93
100
169
-2286
-915
3983
10088588
198
42
240
-2300
-948
3993
10089613
131
117
116
-2405
-1078
4413
10090638
199
152
29
-2168
-1098
3851
10091663
421
156
69
-2434
-990
3341
10092688
219
229
-64
-2526
-102
3589
10085504
-151
288
-84
-2435
-340
3653
10086529
-297
344
-21
-2653
-475
3347
10087554
-351
244
-7
-2626
-750
2710
10088579
-100
131
-81
-2540
-988
2625
10089604
352
32
-134
-2667
-726
2897
10090629
341
13
-183
-2633
-648
3358
10091654
198
30
-147
-2493
-841
3764
10092679
100
41
-128
-2361
-879
3851
10093704
-7
78
-100
-2422
-999
3738
10094729
-52
116
-88
-2496
-982
3505
10095754
-27
118
-73
-2548
-892
3307
10096779
-130
113
-53
-2583
-771
3220
10097804
-204
115
2
-2578
-1043
3323
10098829
-87
108
30
-2575
-1119
3419
10099854
26
84
40
-2565
-968
3391
10100879
23
55
38
-2555
-804
3346
10093696
-10
55
37
-2555
-801
3519
10094721
-15
47
94
-2550
-1047
3425
10095746
35
4
127
-2580
-966
3063
10096771
46
-22
128
-2639
-891
3002
10097796
70
-15
108
-2668
-869
3326
10098821
85
-19
84
-2543
-781
3535
10099846
47
-14
97
-2533
-740
3479
10100871
2
-16
101
-2564
-656
3366
10101896
-30
-21
96
-2616
-809
3319
10102921
19
-35
67
-2585
-771
3347
10103946
73
-33
54
-2573
-718
3402
10104971
82
-36
50
-2553
-686
3427
10105996
74
-23
48
-2584
-783
3476
10107021
97
-23
28
-2552
-695
3433
10108046
71
-10
23
-2570
-738
3461
10109071
51
-9
17
-2557
-720
3433
10101971
32
-7
13
-2576
-711
3378
10102996
89
-4
12
-2581
-765
3472
10104021
107
-6
13
-2555
-735
3473
10105046
56
-10
20
-2572
-689
3379
10106071
-10
-13
31
-2611
-759
3320
10107096
-4
-15
27
-2598
-803
3374
10108121
20
-20
22
-2558
-738
3451
10109146
5
-25
28
-2543
-729
3435
10110171
-11
-21
31
-2573
-730
3443
10111196
-29
-26
34
-2575
-728
3384
10112221
-33
-23
39
-2587
-719
3412
10113246
-39
-22
36
-2552
-696
3445
10114271
-55
-19
33
-2548
-714
3440
10115296
-33
-18
28
-2567
-687
3462
10116321
-23
-19
18
-2548
-633
3438
10117346
-27
-15
12
-2557
-681
3426
10110080
-14
-18
0
-2552
-671
3402
10111105
-2
-20
-8
-2567
-714
3369
10112130
24
-18
-19
-2571
-681
3423
10113155
-3
-15
-15
-2552
-757
3428
10114180
-23
-16
-8
-2559
-808
3407
10115205
-14
-25
-1
-2554
-797
3435
10116230
-12
-26
4
-2553
-780
3445
10117255
-7
-21
11
-2539
-755
3483
10118280
-17
-18
25
-2542
-814
3446
10119305
-13
-22
30
-2545
-768
3387
10120330
-10
-26
33
-2566
-721
3384
10121355
6
-23
27
-2561
-741
3448
10122380
25
-21
22
-2528
-684
3475
10123405
3
-20
27
-2531
-705
3446
10124430
-14
-22
18
-2547
-698
3394
10125455
-10
-30
8
-2552
-686
3389
10118272
-1
-34
4
-2541
-691
3463
10119297
-12
-29
4
-2525
-762
3486
10120322
-8
-22
3
-2532
-740
3464
10121347
-19
-19
3
-2545
-729
3421
10122372
-25
-19
7
-2534
-766
3433
10123397
0
-18
10
-2522
-758
3502
10124422
11
-21
10
-2531
-694
3493
10125447
-15
-23
7
-2532
-673
3420
10126472
-46
-26
3
-2538
-704
3391
10127497
-42
-32
-2
-2548
-743
3396
10128522
-29
-41
-12
-2534
-734
3410
10129547
-21
-45
-20
-2541
-711
3435
10130572
-22
-52
-23
-2516
-693
3443
10131597
-43
-52
-23
-2498
-743
3453
10132622
-44
-50
-31
-2518
-761
3479
10133647
-34
-49
-45
-2499
-748
3486
10126463
-34
-46
-34
-2503
-787
3503
10127488
-55
-53
-55
-2561
-858
3481
10128513
-44
-53
-94
-2480
-847
3366
10129538
4
-24
-102
-2496
-599
3394
10130563
-77
-29
-67
-2617
-667
3377
10131588
-155
-55
-156
-2529
-591
3191
10132613
-264
-50
-216
-2651
-379
2932
10133638
-675
-132
-185
-2636
-577
2361
10134663
-583
-211
-57
-2946
-1495
1997
10135688
366
-83
-83
-2661
-1373
3625
10136713
1078
138
87
-1116
76
7261
10137738
-949
-15
69
-2067
-43
5599
10138763
-1149
-154
42
-2817
-2527
1593
10139788
-112
-123
-7
-2302
-928
2295
10140813
-129
-21
130
-2683
-1557
3550
10141838
28
-44
59
-2455
-868
3195
10134656
-207
8
103
-2188
-794
3382
10135681
-467
40
118
-2272
-1346
3871
10136706
96
-177
113
-2358
-1417
3981
10137731
684
-260
120
-2303
-1200
4259
10138756
363
-121
103
-2272
-1290
4370
10139781
-123
16
155
-2464
-911
3225
10140806
-834
231
0
-2441
624
3801
10141831
-1599
108
393
-2482
-1725
2572
10142856
-23
14
230
-2562
-2329
2704
10143881
1139
-37
-4
-2636
230
3087
10144906
843
-61
111
-2478
-876
3175
10145931
669
-98
74
-2503
-468
3467
10146956
24
-111
18
-2534
-682
3222
10147981
-185
-86
29
-2481
-1067
3423
10149006
-62
-53
32
-2393
-1030
3874
10150031
16
-41
32
-2272
-976
3857
10142849
35
-28
60
-2341
-865
3529
10143874
36
-37
62
-2437
-844
3258
10144899
155
-25
43
-2421
-844
3501
10145924
211
-17
13
-2366
-794
3710
10146949
123
2
11
-2413
-766
3671
10147974
-37
15
16
-2387
-761
3523
10148999
-82
24
13
-2425
-949
3500
10150024
-2
28
-3
-2431
-878
3565
10151049
27
17
0
-2372
-756
3508
10152074
8
24
20
-2437
-825
3460
10153099
11
16
16
-2450
-852
3433
10154124
23
5
5
-2436
-826
3491
10155149
14
-7
0
-2423
-785
3503
10156174
-16
-8
5
-2424
-816
3483
10157199
-12
-24
7
-2418
-836
3411
10158224
14
-20
7
-2445
-944
3492
10151039
55
-13
-4
-2407
-813
3593
10152064
20
-6
-4
-2391
-798
3571
10153089
-10
-12
6
-2415
-861
3454
10154114
7
-15
15
-2447
-905
3464
10155139
48
-11
18
-2426
-840
3556
10156164
22
-6
19
-2385
-798
3563
10157189
-13
0
21
-2395
-796
3554
10158214
-13
-2
21
-2409
-829
3500
10159239
14
-5
15
-2421
-858
3504
10160264
50
2
9
-2427
-811
3536
10161289
47
12
8
-2437
-753
3530
10162314
7
13
11
-2424
-741
3503
10163339
-25
12
12
-2418
-771
3482
10164364
-15
11
6
-2412
-823
3508
10165389
8
8
-11
-2389
-819
3539
10166414
17
9
-17
-2399
-820
3537
10159233
12
10
-12
-2433
-824
3513
10160258
3
11
-7
-2457
-833
3480
10161283
-5
9
-2
-2458
-838
3436
10162308
-7
4
9
-2464
-821
3434
10163333
-4
-10
11
-2436
-812
3458
10164358
6
-30
9
-2400
-778
3460
10165383
-2
-42
7
-2414
-820
3445
10166408
7
-54
-6
-2414
-802
3462
10167433
2
-61
-10
-2418
-816
3470
10168458
10
-48
-4
-2436
-852
3572
10169483
17
-37
-1
-2412
-805
3594
10170508
5
-32
3
-2378
-818
3526
10171533
3
-31
-1
-2387
-816
3506
10172558
3
-24
-9
-2394
-829
3565
10173583
8
-13
-9
-2385
-827
3640
10174608
0
3
0
-2372
-837
3668
10167425
-11
13
7
-2377
-796
3584
10168450
-25
10
6
-2414
-806
3465
10169475
-18
3
5
-2436
-820
3421
10170500
-15
-5
3
-2410
-775
3456
10171525
-37
-4
11
-2396
-859
3545
10172550
-31
-1
9
-2401
-883
3579
10173575
-4
0
6
-2417
-808
3532
10174600
-21
-8
13
-2423
-816
3431
10175625
-20
-16
20
-2447
-839
3407
10176650
-2
-25
20
-2437
-821
3460
10177675
1
-31
17
-2388
-812
3530
10178700
-10
-42
10
-2369
-769
3539
10179725
-38
-47
8
-2431
-807
3498
10180750
-27
-79
11
-2525
-1034
3383
10181775
181
-148
-26
-2500
-1210
3089
10182800
283
-156
-74
-2451
-785
3061
10175615
53
-62
-110
-2652
-401
3225
10176640
-186
37
-259
-2451
-381
3485
10177665
-188
203
-339
-2313
-60
4457
10178690
-25
186
-105
-1925
-317
3531
10179715
113
86
188
-2215
-967
3195
10180740
-371
77
-100
-2094
-763
5292
10181765
-567
-68
-187
-2476
-2056
4410
10182790
176
-171
-288
-2300
-628
2845
10183815
-393
-80
-130
-2138
-633
2225
10184840
-514
-12
120
-2442
-1605
2987
10185865
-166
11
53
-2364
-1057
3435
10186890
-156
92
63
-2370
-756
3901
10187915
-314
31
139
-2485
-1235
3962
10188940
-35
-71
166
-2393
-1468
3829
10189965
355
-35
76
-2228
-1321
4186
10190990
239
3
-11
-2108
-956
4277
10183808
5
40
2
-2214
-1277
3621
10184833
26
98
13
-2562
-936
3482
10185858
-418
199
-61
-2406
-329
3941
10186883
-665
252
73
-2544
-691
3349
10187908
-445
207
100
-2396
-1640
2702
10188933
444
137
-12
-2383
-1094
2835
10189958
595
117
-59
-2669
-367
3063
10190983
193
117
-35
-2669
-1085
3303
10192008
113
103
-62
-2437
-927
3567
10193033
19
101
-74
-2358
-840
3459
10194058
-106
88
-33
-2514
-1143
3263
10195083
-46
54
-28
-2568
-1159
3268
10196108
77
21
-34
-2505
-1055
3256
10197133
70
13
-13
-2524
-992
3328
10198158
33
3
8
-2486
-1038
3469
10199183
22
-2
21
-2446
-997
3469
10192000
1
-1
31
-2501
-1020
3410
10193025
-3
-23
27
-2484
-1011
3340
10194050
-7
-48
25
-2515
-954
3228
10195075
-2
-50
34
-2524
-958
3328
10196100
12
-54
37
-2479
-1007
3508
10197125
55
-66
31
-2437
-1028
3499
10198150
116
-75
24
-2436
-952
3376
10199175
90
-64
21
-2488
-878
3410
10200200
26
-62
15
-2458
-898
3476
10201225
-7
-44
18
-2455
-1012
3570
10202250
26
-40
17
-2418
-992
3516
10203275
47
-32
19
-2440
-948
3500
10204300
86
-30
15
-2455
-941
3477
10205325
69
-38
12
-2452
-873
3376
10206350
40
-27
20
-2468
-969
3504
10207375
50
-24
13
-2418
-926
3552
10200192
64
-12
4
-2424
-928
3528
10201217
111
-3
-3
-2428
-881
3519
10202242
114
-3
0
-2456
-886
3441
10203267
142
4
-1
-2461
-928
3489
10204292
178
8
-8
-2439
-889
3514
10205317
131
10
-13
-2425
-855
3479
10206342
48
17
-8
-2449
-831
3511
10207367
-14
15
-2
-2460
-900
3458
10208392
-20
16
6
-2459
-964
3433
10209417
14
18
9
-2456
-925
3476
10210442
24
17
6
-2451
-864
3493
10211467
12
21
3
-2430
-830
3516
10212492
-8
26
11
-2459
-850
3502
10213517
-16
17
12
-2473
-864
3400
10214542
-28
-1
10
-2477
-899
3306
10215567
15
-2
5
-2501
-934
3457
10208383
62
-7
-2
-2426
-832
3582
10209408
10
-4
11
-2438
-855
3521
10210433
-29
-7
16
-2470
-893
3385
10211458
-18
-9
12
-2493
-905
3410
10212483
18
-9
10
-2460
-865
3498
10213508
9
-15
9
-2427
-823
3492
10214533
-12
-17
11
-2461
-832
3446
10215558
-19
-21
5
-2489
-858
3420
10216583
-4
-29
-2
-2473
-876
3422
10217608
5
-29
-4
-2457
-874
3457
10218633
12
-32
-1
-2455
-851
3463
10219658
29
-38
1
-2452
-847
3459
10220683
53
-42
-6
-2434
-837
3492
10221708
47
-40
-9
-2424
-859
3509
10222733
9
-33
-8
-2445
-880
3510
10223758
-5
-25
-12
-2442
-861
3514
10216575
3
-22
-13
-2431
-862
3499
10217600
-5
-45
-12
-2434
-862
3415
10218625
-36
-60
-12
-2477
-864
3353
10219650
-18
-69
4
-2537
-933
3385
10220675
57
-88
-4
-2521
-1071
3405
10221700
250
-65
-96
-2400
-793
3401
10222725
167
-92
-110
-2444
-470
3165
10223750
-239
-93
-22
-2813
-797
2898
10224775
-126
-102
-42
-2463
-1028
3090
10225800
568
78
79
-2627
-858
3524
10226825
1170
172
112
-1317
-348
4971
10227850
-523
-56
105
-2367
227
6276
10228875
-1881
-66
-115
-2717
-2145
2844
10229900
-561
-69
-185
-2107
-925
1873
10230925
29
-32
56
-2440
-1453
3444
10231950
111
-44
21
-2628
-772
3123
10224769
-138
27
111
-2265
-620
3220
10225794
-409
123
160
-2272
-977
3295
10226819
-222
174
74
-2316
-857
3672
10227844
-93
153
68
-2304
-777
4144
10228869
-70
35
84
-2377
-1227
4017
10229894
100
-24
-31
-2392
-1309
3860
10230919
278
2
-184
-2231
-1143
4166
10231944
92
29
-159
-2422
-1124
3608
10232969
137
31
-90
-2499
-1238
3126
10233994
112
35
-80
-2551
-790
3295
10235019
-194
121
-140
-2385
-841
3981
10236044
-374
166
-27
-2510
-705
3677
10237069
-443
113
45
-2597
-1064
2615
10238094
8
9
-19
-2416
-1208
2290
10239119
442
-38
-36
-2684
-762
2918
10240144
279
-34
-17
-2698
-1041
3503
10232960
113
-24
-23
-2348
-1058
3693
10233985
28
-9
-4
-2327
-968
3581
10235010
-9
-1
-1
-2444
-1027
3485
10236035
17
-13
-6
-2469
-986
3301
10237060
-18
-21
0
-2510
-1020
3295
10238085
-11
-37
22
-2468
-1086
3393
10239110
14
-50
25
-2436
-1016
3509
10240135
65
-46
28
-2417
-1047
3566
10241160
55
-69
27
-2408
-915
3333
10242185
6
-53
25
-2497
-947
3421
10243210
56
-56
27
-2427
-1033
3532
10244235
113
-65
19
-2409
-999
3486
10245260
159
-58
20
-2402
-924
3521
10246285
104
-56
24
-2416
-833
3459
10247310
7
-49
21
-2444
-961
3426
10248335
53
-42
14
-2408
-961
3561
10241151
106
-32
19
-2376
-964
3612
10242176
124
-33
17
-2389
-930
3538
10243201
66
-39
23
-2423
-821
3394
10244226
-24
-29
42
-2454
-949
3426
10245251
-7
-21
40
-2398
-988
3578
10246276
53
-10
31
-2354
-951
3682
10247301
81
3
24
-2368
-841
3624
10248326
30
9
27
-2397
-819
3463
10249351
-39
9
27
-2427
-920
3358
10250376
-8
13
24
-2456
-974
3481
10251401
54
8
14
-2386
-885
3576
10252426
50
7
23
-2373
-836
3557
10253451
-8
6
34
-2435
-857
3491
10254476
-32
6
29
-2445
-892
3429
10255501
-9
-1
21
-2410
-879
3420
10256526
10
-5
21
-2412
-876
3501
10249344
14
-13
17
-2414
-846
3490
10250369
-4
-14
13
-2431
-881
3485
10251394
-10
-25
7
-2416
-886
3465
10252419
2
-22
4
-2411
-885
3510
10253444
5
-24
3
-2406
-870
3531
10254469
-13
-19
9
-2425
-910
3533
10255494
-16
-20
9
-2390
-902
3487
10256519
-10
-17
9
-2424
-910
3499
10257544
3
-20
9
-2405
-877
3515
10258569
-5
-18
14
-2403
-892
3513
10259594
-14
-19
14
-2398
-866
3490
10260619
-16
-18
15
-2402
-877
3501
10261644
-7
-22
10
-2410
-885
3506
10262669
0
-20
6
-2393
-850
3525
10263694
-9
-14
8
-2390
-880
3525
10264719
-11
-8
7
-2392
-905
3540
10257536
2
-2
5
-2407
-913
3541
10258561
5
-1
1
-2390
-882
3517
10259586
-4
-6
1
-2401
-876
3480
10260611
8
-5
2
-2414
-904
3483
10261636
22
-6
0
-2417
-885
3500
10262661
9
-12
2
-2403
-884
3497
10263686
-1
-17
5
-2398
-913
3481
10264711
10
-21
9
-2419
-892
3466
10265736
8
-23
9
-2443
-891
3494
10266761
9
-31
12
-2450
-909
3518
10267786
14
-23
-1
-2446
-921
3367
10268811
-62
13
-47
-2606
-837
3192
10269836
-181
0
-149
-2591
-305
3037
10270861
-223
-102
-88
-2418
-632
2859
10271886
3
-58
161
-2669
-1732
3103
10272911
405
115
52
-2121
-805
4227
10265727
-16
167
41
-1943
454
5288
10266752
-1061
67
179
-2032
-1192
4643
10267777
-1003
-84
63
-2630
-2390
2826
10268802
442
-137
-124
-2303
-1039
2583
10269827
392
-35
-12
-2415
-814
3481
10270852
-169
12
19
-2495
-856
3402
10271877
-288
50
18
-2295
-1032
2990
10272902
-173
117
45
-2236
-1062
3258
10273927
46
128
42
-2407
-873
3863
10274952
255
-12
123
-2329
-1089
3959
10275977
323
-145
145
-2283
-1202
3784
10277002
413
-95
27
-2348
-1481
4381
10278027
660
-32
-77
-2296
-1121
3777
10279052
618
-17
-41
-2447
-604
3195
10280077
-139
94
-60
-2421
-230
3888
10281102
-777
210
-39
-2529
-294
4007
10273920
-792
193
96
-2615
-1303
2881
10274945
284
93
-36
-2171
-1660
2764
10275970
1101
39
-89
-2499
-136
3166
10276995
724
81
-43
-2715
-628
3504
10278020
376
122
-83
-2513
-718
3715
10279045
105
172
-144
-2332
-484
3641
10280070
-137
226
-125
-2390
-812
3558
10281095
-127
219
-95
-2507
-1030
3470
10282120
-35
185
-97
-2542
-997
3238
10283145
47
168
-78
-2562
-889
3237
10284170
54
153
-51
-2559
-923
3358
10285195
5
119
-37
-2574
-888
3265
10286220
-38
93
-25
-2595
-888
3265
10287245
8
60
1
-2585
-965
3239
10288270
44
22
2
-2588
-857
3198
10289295
50
9
13
-2590
-888
3358
10282112
43
-23
10
-2535
-760
3368
10283137
2
-26
13
-2569
-788
3407
10284162
-11
-29
22
-2544
-861
3417
10285187
-14
-42
15
-2546
-852
3345
10286212
1
-43
12
-2575
-883
3368
10287237
31
-51
13
-2540
-809
3391
10288262
19
-46
24
-2527
-817
3480
10289287
11
-44
25
-2513
-845
3501
10290312
20
-35
18
-2531
-835
3423
10291337
7
-27
12
-2540
-796
3397
10292362
-11
-22
25
-2539
-830
3437
10293387
-25
-21
30
-2528
-859
3428
10294412
-22
-12
20
-2521
-790
3470
10295437
-37
-14
27
-2517
-789
3424
10296462
-27
-9
28
-2551
-908
3442
10297487
62
-21
13
-2487
-777
3515
10290304
53
-15
11
-2509
-733
3486
10291329
-10
-13
10
-2534
-768
3380
10292354
-33
-4
15
-2547
-849
3439
10293379
5
-5
14
-2517
-889
3476
10294404
29
-2
9
-2512
-800
3475
10295429
5
5
17
-2518
-781
3457
10296454
-26
7
21
-2537
-834
3423
10297479
-18
5
18
-2541
-853
3401
10298504
8
-5
15
-2527
-800
3400
10299529
5
-13
17
-2530
-805
3396
10300554
2
-15
14
-2548
-828
3419
10301579
16
-20
6
-2539
-799
3441
10302604
4
-24
2
-2533
-755
3410
10303629
-13
-20
10
-2521
-811
3445
10304654
-1
-20
15
-2524
-857
3462
10305679
10
-19
9
-2524
-807
3441
10298496
0
-10
10
-2521
-789
3464
10299521
-20
-3
10
-2508
-817
3474
10300546
-16
-4
8
-2499
-811
3463
10301571
-6
-14
12
-2513
-818
3387
10302596
-6
-11
11
-2548
-851
3399
10303621
25
-7
7
-2523
-800
3492
10304646
15
-5
8
-2501
-757
3494
10305671
-24
-2
13
-2508
-796
3443
10306696
-22
-3
10
-2532
-816
3402
10307721
3
-7
0
-2523
-807
3402
10308746
11
-11
-5
-2517
-800
3417
10309771
2
-13
-3
-2525
-780
3447
10310796
-14
-17
3
-2531
-780
3432
10311821
-32
-19
6
-2538
-806
3391
10312846
-18
-25
8
-2512
-818
3414
10313871
-7
-28
6
-2513
-813
3422
10306687
-15
-27
-1
-2519
-813
3448
10307712
-39
-26
-3
-2520
-818
3443
10308737
-59
-30
-4
-2508
-834
3406
10309762
-53
-30
3
-2546
-842
3434
10310787
-20
-46
23
-2572
-912
3363
10311812
73
-64
17
-2599
-973
3315
10312837
141
-52
-46
-2593
-697
3243
10313862
-40
-60
-117
-2627
-396
3029
10314887
-375
-59
-111
-2694
-524
3103
10315912
-457
-67
89
-2738
-301
2371
10316937
90
194
465
-1931
-961
3777
10317962
505
207
610
-2022
-1618
7148
10318987
-311
-87
-21
-2972
-1396
3693
10320012
63
-87
-245
-2013
-51
1819
10321037
-242
50
45
-2542
-968
3291
10322062
-38
32
44
-2770
-1304
3480
10314919
314
4
10
-2490
-491
3288
10315944
-211
75
108
-2424
-685
3153
10316969
-340
115
112
-2518
-1109
3276
10317994
-88
140
23
-2396
-786
3822
10319019
-133
60
-2
-2450
-864
4015
10320044
-60
-118
-44
-2481
-924
3503
10321069
240
-145
-114
-2478
-1286
3355
10322094
567
-92
-175
-2386
-1098
4065
10323119
502
-115
-168
-2608
-653
3466
10324144
194
-92
-142
-2534
-360
3270
10325169
-310
-12
-100
-2497
-580
3622
10326194
-686
73
-63
-2757
-492
3519
10327219
-663
5
-21
-2632
-1165
2646
10328244
183
-134
-113
-2330
-1302
2573
10329269
788
-175
-78
-2692
-357
3044
10330294
445
-147
-24
-2673
-742
3452
10323072
151
-115
-11
-2420
-1006
3729
10324097
40
-74
-34
-2350
-845
3782
10325122
-64
-54
-25
-2374
-831
3641
10326147
-104
-54
2
-2425
-824
3380
10327172
-48
-56
24
-2498
-950
3340
10328197
82
-63
26
-2470
-866
3530
10329222
123
-44
26
-2407
-773
3723
10330247
62
-36
21
-2363
-747
3615
10331272
-24
-35
14
-2416
-763
3334
10332297
-22
-34
15
-2520
-863
3357
10333322
65
-45
-3
-2431
-748
3534
10334347
81
-49
0
-2395
-813
3596
10335372
112
-62
7
-2394
-800
3505
10336397
47
-76
5
-2430
-677
3377
10337422
28
-48
15
-2468
-909
3569
10338447
116
-49
-1
-2363
-796
3625
10331265
103
-37
17
-2383
-759
3605
10332290
70
-28
35
-2392
-736
3564
10333315
23
-24
30
-2399
-742
3491
10334340
53
-3
23
-2408
-813
3622
10335365
129
6
15
-2363
-705
3682
10336390
106
16
15
-2387
-640
3599
10337415
26
25
19
-2418
-660
3522
10338440
-3
34
13
-2421
-751
3518
10339465
32
24
4
-2412
-774
3492
10340490
50
5
-1
-2439
-689
3408
10341515
1
-5
4
-2460
-697
3399
10342540
-4
-13
7
-2439
-786
3466
10343565
76
-18
2
-2396
-767
3595
10344590
141
-19
6
-2374
-723
3641
10345615
118
-19
8
-2395
-634
3566
10346640
22
-24
6
-2407
-613
3467
10339457
-42
-18
10
-2434
-762
3470
10340482
-14
-15
6
-2434
-764
3550
10341507
36
-15
15
-2395
-688
3618
10342532
17
-12
28
-2373
-665
3600
10343557
-18
-8
33
-2391
-688
3541
10344582
-18
-13
25
-2426
-708
3499
10345607
1
-21
9
-2406
-697
3491
10346632
28
-15
8
-2399
-644
3578
10347657
15
-14
11
-2404
-637
3586
10348682
-15
-15
10
-2409
-648
3517
10349707
-33
-19
13
-2400
-680
3474
10350732
-30
-13
16
-2430
-755
3517
10351757
7
-12
9
-2405
-762
3595
10352782
22
-11
6
-2361
-664
3616
10353807
-10
-2
9
-2369
-663
3610
10354832
-16
9
8
-2401
-689
3621
10347648
-1
11
-1
-2397
-674
3573
10348673
3
5
-6
-2402
-643
3485
10349698
-22
-13
-7
-2429
-659
3402
10350723
-46
-33
-9
-2457
-698
3373
10351748
-27
-51
-16
-2424
-747
3442
10352773
25
-61
-12
-2392
-703
3547
10353798
13
-62
-5
-2391
-676
3597
10354823
-52
-71
9
-2414
-764
3557
10355848
-39
-83
0
-2429
-885
3461
10356873
26
-78
-53
-2450
-720
3332
10357898
28
-85
-62
-2512
-604
3168
10358923
-120
-149
-90
-2435
-439
2943
10359948
-336
-188
4
-2812
-772
2779
10360973
-564
19
17
-2771
-701
3469
10361998
-109
395
87
-1669
-63
4588
10363023
347
362
584
-1260
-519
7013
10355839
-1279
110
301
-2535
-1634
4614
10356864
-436
67
58
-2567
-1842
1941
10357889
256
106
52
-2260
-492
2742
10358914
-177
142
163
-2642
-955
2882
10359939
40
155
153
-2594
-534
3019
10360964
-266
210
111
-2276
-447
3235
10361989
-538
254
58
-2349
-760
3758
10363014
-218
96
45
-2505
-1001
3970
10364039
229
-128
28
-2503
-1102
3574
10365064
424
-152
-84
-2401
-995
3582
10366089
412
-63
-214
-2275
-523
4169
10367114
145
-53
-125
-2446
-1143
3626
10368139
138
-12
-91
-2562
-1068
3384
10369164
39
21
-125
-2462
-452
3678
10370189
-309
166
-142
-2433
-441
4266
10371214
-496
211
18
-2689
-739
3357
10364032
-276
140
3
-2366
-1541
2463
10365057
526
45
-94
-2536
-714
2562
10366082
535
12
-73
-2903
-349
2924
10367107
283
19
-67
-2607
-863
3513
10368132
202
-2
18
-2355
-838
3630
10369157
212
4
70
-2467
-1063
3561
10370182
210
-9
27
-2535
-810
3396
10371207
46
-10
0
-2535
-787
3250
10372232
6
-6
-2
-2509
-725
3426
10373257
41
-15
4
-2450
-577
3561
10374282
-51
-27
25
-2523
-786
3360
10375307
-31
-36
17
-2577
-895
3350
10376332
62
-45
-13
-2489
-761
3439
10377357
55
-40
-9
-2489
-675
3516
10378382
-5
-43
10
-2473
-708
3506
10379407
-38
-47
26
-2477
-749
3464
10372224
-50
-45
32
-2509
-841
3431
10373249
-18
-50
23
-2475
-798
3418
10374274
-21
-47
26
-2505
-775
3435
10375299
-10
-40
30
-2484
-757
3543
10376324
5
-35
27
-2441
-702
3552
10377349
-4
-26
33
-2449
-717
3532
10378374
23
-27
38
-2455
-799
3510
10379399
29
-26
16
-2469
-726
3439
10380424
15
-12
10
-2484
-740
3518
10381449
7
-4
2
-2449
-709
3621
10382474
0
-12
6
-2440
-725
3519
10383499
6
-17
7
-2477
-731
3447
10384524
2
-16
3
-2490
-777
3467
10385549
17
-12
-5
-2463
-782
3505
10386574
37
-12
-3
-2446
-747
3523
10387599
32
-16
5
-2468
-752
3487
10380416
13
-28
9
-2480
-729
3417
10381441
10
-40
13
-2488
-763
3402
10382466
2
-49
13
-2460
-770
3416
10383491
10
-38
21
-2460
-784
3561
10384516
54
-41
19
-2425
-708
3598
10385541
59
-41
20
-2435
-709
3536
10386566
51
-40
21
-2450
-704
3484
10387591
18
-37
17
-2459
-681
3481
10388616
-5
-29
11
-2456
-722
3547
10389641
9
-27
6
-2432
-687
3567
10390666
7
-27
5
-2430
-658
3513
10391691
-13
-26
2
-2424
-647
3510
10392716
-34
-16
2
-2441
-702
3569
10393741
-30
-4
2
-2444
-728
3571
10394766
-19
-4
1
-2423
-701
3522
10395791
-21
-2
-6
-2425
-718
3496
10388609
15
3
-13
-2432
-733
3540
10389634
33
10
-21
-2432
-703
3536
10390659
9
20
-13
-2452
-706
3544
10391684
-19
18
-2
-2432
-777
3489
10392709
-17
17
-6
-2445
-781
3452
10393734
6
12
-9
-2456
-725
3487
10394759
12
2
-5
-2448
-709
3520
10395784
-2
-20
-5
-2459
-697
3462
10396809
-48
-37
-8
-2521
-749
3358
10397834
6
-60
-2
-2530
-891
3403
10398859
124
-53
-67
-2445
-685
3558
10399884
144
-56
-84
-2520
-550
3505
10400909
-82
-136
-73
-2663
-471
2644
10401934
-316
-132
-49
-2702
-665
2313
10402959
107
84
177
-2691
-904
3153
10403984
788
190
183
-1244
-525
6414
10396800
-1287
11
53
-2527
361
5984
10397825
-1439
-64
-73
-2469
-2386
2349
10398850
44
-119
-95
-2139
-820
2238
10399875
146
-17
75
-2554
-1066
3204
10400900
80
45
51
-2692
-619
3475
10401925
-164
54
55
-2227
-804
3259
10402950
-171
84
123
-2311
-1068
3267
10403975
113
78
56
-2449
-836
3481
10405000
157
68
-35
-2269
-632
3860
10406025
22
-16
-29
-2352
-999
4139
10407050
279
-154
-41
-2397
-1214
3600
10408075
723
-162
-146
-2399
-1139
3761
10409100
550
-132
-218
-2397
-550
3742
10410125
644
-115
-40
-2358
-1208
3623
10411150
317
60
-189
-2439
365
4440
10412175
-865
205
-157
-2740
1157
3231
10404992
-1133
55
303
-2177
-2639
2007
10406017
917
-85
47
-2447
-1604
2865
10407042
1488
-103
-135
-2931
217
3287
10408067
866
-83
-87
-2415
-491
3694
10409092
217
-58
-75
-2248
-41
3871
10410117
-409
-29
-17
-2347
-864
3490
10411142
-370
-49
4
-2491
-911
3330
10412167
-107
-56
27
-2481
-1018
3540
10413192
137
-74
34
-2393
-741
3631
10414217
107
-73
64
-2308
-482
3558
10415242
-17
-53
104
-2405
-694
3532
10416267
10
-64
79
-2364
-570
3553
10417292
17
-74
74
-2225
-610
3643
10418317
60
-63
82
-2322
-631
3784
10419342
71
-49
55
-2339
-592
3748
10420367
83
-25
16
-2323
-479
3675
10413184
23
-7
-5
-2330
-472
3615
10414209
37
21
0
-2364
-696
3710
10415234
144
26
-15
-2370
-495
3591
10416259
81
59
-7
-2350
-567
3660
10417284
4
90
5
-2371
-707
3767
10418309
8
109
1
-2338
-674
3701
10419334
7
111
6
-2358
-575
3523
10420359
-29
117
10
-2470
-642
3434
10421384
21
116
-7
-2492
-704
3455
10422409
120
98
-34
-2374
-476
3507
10423434
97
96
-18
-2374
-444
3547
10424459
29
99
1
-2451
-488
3553
10425484
-10
95
1
-2450
-512
3542
10426509
-5
94
0
-2409
-550
3576
10427534
12
91
12
-2382
-519
3638
10428559
-19
86
26
-2423
-430
3630
10421376
-73
71
48
-2422
-712
3541
10422401
-66
60
90
-2537
-1009
3327
10423426
63
45
72
-2558
-648
3371
10424451
93
60
73
-2558
-604
3546
10425476
102
74
79
-2520
-599
3607
10426501
110
80
72
-2455
-371
3543
10427526
53
78
78
-2523
-323
3371
10428551
-35
58
53
-2540
-350
3252
10429576
-99
37
23
-2525
-448
3286
10430601
-95
21
-2
-2565
-497
3399
10431626
-52
-3
-19
-2550
-432
3481
10432651
-84
-31
-37
-2488
-384
3385
10433676
-156
-64
-49
-2469
-445
3264
10434701
-196
-100
-64
-2506
-570
3316
10435726
-177
-121
-67
-2622
-636
3403
10436751
-108
-126
-72
-2569
-522
3532
10429569
-97
-131
-62
-2399
-515
3591
10430594
-107
-127
-52
-2351
-608
3616
10431619
-98
-114
-62
-2397
-591
3646
10432644
-114
-93
-79
-2464
-507
3628
10433669
-173
-70
-87
-2475
-500
3577
10434694
-230
-52
-95
-2408
-538
3556
10435719
-238
-42
-117
-2357
-628
3577
10436744
-191
-36
-147
-2352
-695
3621
10437769
-116
-19
-161
-2405
-763
3675
10438794
3
-3
-164
-2410
-835
3651
10439819
46
-10
-183
-2356
-696
3484
10440844
0
-9
-197
-2384
-690
3388
10441869
23
4
-189
-2454
-854
3475
10442894
86
7
-192
-2463
-794
3586
10443919
78
7
-192
-2421
-706
3585
10444944
26
13
-186
-2345
-732
3638
10437760
-56
22
-176
-2322
-805
3631
10438785
-121
45
-166
-2373
-858
3596
10439810
-128
75
-137
-2443
-950
3684
10440835
-33
105
-114
-2418
-1007
3810
10441860
44
126
-98
-2329
-975
3713
10442885
82
159
-71
-2345
-989
3545
10443910
184
200
-46
-2390
-1029
3595
10444935
349
242
-48
-2384
-995
3807
10445960
474
274
-50
-2349
-941
3792
10446985
524
303
-30
-2376
-833
3614
10448010
487
347
7
-2524
-809
3517
10449035
424
384
40
-2595
-801
3574
10450060
311
409
59
-2597
-779
3625
10451085
106
434
93
-2561
-651
3485
10452110
-99
459
141
-2609
-664
3316
10453135
-186
476
188
-2687
-820
3325
10445951
-107
461
197
-2652
-848
3342
10446976
-21
446
211
-2670
-803
3244
10448001
-10
447
244
-2791
-678
3139
10449026
-65
442
257
-2865
-652
3090
10450051
-67
429
264
-2864
-612
3127
10451076
-14
406
273
-2863
-593
3132
10452101
31
366
282
-2876
-624
3034
10453126
34
327
287
-2927
-590
2934
10454151
0
304
312
-2986
-663
2936
10455176
-52
286
345
-2996
-820
2988
10456201
-23
279
365
-2992
-817
3075
10457226
2
281
396
-3006
-678
3108
10458251
-17
288
439
-2991
-548
3115
10459276
-50
303
473
-2969
-460
3203
10460301
-48
323
479
-2948
-373
3278
10461326
-11
341
452
-2942
-280
3268
10454145
-26
358
396
-2941
-151
3156
10455170
-114
383
334
-3004
22
3045
10456195
-225
414
280
-3106
58
2956
10457220
-276
420
220
-3157
-44
2885
10458245
-240
403
169
-3160
-131
2785
10459270
-192
372
136
-3177
-104
2687
10460295
-176
325
102
-3195
-157
2587
10461320
-189
240
56
-3080
-370
2490
10462345
-140
154
19
-3059
-426
2531
10463370
-103
58
-20
-2958
-397
2603
10464395
-148
-50
-65
-2710
-451
2700
10465420
-167
-115
-69
-2652
-500
2791
10466445
-172
-185
-76
-2455
-487
2687
10467470
-170
-199
-65
-2532
-796
2739
10468495
-150
-225
-28
-3044
-940
2915
10469520
-88
-297
-71
-3048
-893
3207
10462337
-61
-309
-61
-2952
-1012
3373
10463362
-19
-286
-2
-2949
-842
3465
10464387
-74
-238
58
-2833
-819
3478
10465412
-223
-157
93
-2723
-764
3451
10466437
-352
-62
113
-2755
-793
3435
10467462
-412
12
103
-2644
-970
3364
10468487
-511
89
89
-2545
-785
3237
10469512
-677
191
132
-2704
-773
3240
10470537
-768
259
212
-2915
-898
3353
10471562
-706
303
281
-2908
-1276
3438
10472587
-698
353
342
-2898
-1085
3317
10473612
-907
466
432
-3101
-380
3169
10474637
-1381
611
552
-3269
-390
3071
10475662
-1592
718
671
-3369
-1041
2961
10476687
-1163
762
805
-3517
-1450
2957
10477712
-885
819
900
-3794
-767
2781
10470529
-1015
909
974
-4054
-69
2293
10471554
-1230
965
1033
-4278
52
1919
10472579
-1524
965
1119
-4665
115
1682
10473604
-1823
969
1177
-5111
575
1373
10474629
-2051
936
1064
-4969
876
1061
10475654
-2234
890
1033
-4896
982
774
10476679
-2145
784
1085
-5044
423
517
10477704
-1460
522
1026
-4803
-57
724
10478729
-695
364
930
-4447
485
1570
10479754
-755
314
837
-4020
869
1690
10480779
-1161
288
811
-3994
353
1322
10481804
-841
101
766
-4083
-585
958
10482829
382
-73
548
-3515
-258
1481
10483854
1026
-89
363
-3028
495
2044
10484879
582
-35
337
-3035
237
1993
10485904
-66
23
279
-3185
-312
1942
10478721
-323
89
233
-3562
-363
2125
10479746
-392
126
183
-3755
-233
2174
10480771
-286
122
101
-3856
-35
2121
10481796
-220
113
0
-4004
-118
1941
10482821
-108
18
89
-4218
-510
1343
10483846
298
-176
195
-4285
-665
1110
10484871
594
-277
171
-4022
-55
1797
10485896
472
-119
-20
-3778
466
2385
10486921
6
64
-148
-3789
-140
2029
10487946
-305
144
-237
-3829
-902
1480
10488971
-257
167
-281
-3711
-654
1487
10489996
-439
225
-346
-3716
-189
1942
10491021
-971
286
-382
-3901
-430
2016
10492046
-988
217
-292
-4186
-789
1336
10493071
-352
-16
-66
-4072
-931
183
10494096
192
-475
212
-4147
-1457
-329
10486912
498
-561
-42
-3511
495
2038
10487937
-399
-342
-126
-3285
987
2919
10488962
-1272
11
-281
-3704
-485
2343
10489987
-771
66
-159
-3954
-1478
913
10491012
4
-145
-96
-4074
-1324
1241
10492037
103
-264
-76
-3720
-58
2139
10493062
-471
-103
-142
-3700
-192
2767
10494087
-377
50
-170
-3907
-898
2867
10495112
273
71
-168
-4274
-1150
2273
10496137
649
113
-111
-4594
-747
1835
10497162
338
137
-42
-4554
-455
1520
10498187
-79
163
-77
-4224
-673
1532
10499212
-68
132
-108
-3954
-835
1681
10500237
53
61
-109
-3846
-997
1611
10501262
126
-15
-37
-3762
-782
1464
10502287
67
-103
44
-3769
-524
1219
10495104
32
-204
75
-3537
-569
1295
10496129
57
-279
83
-3448
-781
1827
10497154
340
-239
-5
-3563
-992
2040
10498179
924
-161
-27
-3713
-650
2257
10499204
699
-1
26
-3690
-237
2024
10500229
45
91
169
-3923
-450
1417
10501254
-178
45
89
-3832
-195
1941
10502279
-38
60
-45
-3798
-418
2295
10503304
226
183
-117
-4175
-634
2646
10504329
140
339
-161
-4248
-917
1791
10505354
361
293
-7
-4566
-1434
852
10506379
549
120
34
-4310
-359
1072
10507404
155
109
-16
-3898
223
1966
10508429
-397
142
-60
-3852
-246
1952
10509454
-263
58
-44
-4136
-730
1409
10510479
258
-89
1
-3983
-13
1263
10503296
547
-242
98
-3343
-107
881
10504321
605
-385
231
-3252
-1057
1457
10505346
575
-319
-2
-3371
-171
2234
10506371
-93
-127
-37
-3617
-41
1631
10507396
-246
-132
140
-4198
-1500
556
10508421
158
-339
10
-3963
-312
1608
10509446
-246
-262
-184
-3374
905
2843
10510471
-833
27
-183
-3549
-623
2707
10511496
-571
165
-232
-3740
-1410
2150
10512521
-55
88
-137
-3803
-1295
1763
10513546
120
25
-117
-3827
-329
2194
10514571
-98
66
-239
-3631
-143
2400
10515596
-7
91
-360
-3798
-598
2386
10516621
336
-15
-400
-3860
-1190
1929
10517646
648
-167
-386
-4054
-1408
1670
10518671
