Device = VHR-0009
time_stamp = 1780036959698
sample_rate = 50
Data format = INT16
TYPE = 6-AXIS IMU RAW DATA
-37
-235
-392
1641
-1998
2683
8983169
3
-203
-306
1773
-1991
2608
8984194
123
-165
-195
1836
-1953
2504
8985219
225
-117
-88
1866
-1881
2401
8986244
272
-76
24
1851
-1804
2523
8987269
257
-67
110
1730
-1998
2679
8988294
210
-75
135
1673
-2261
2655
8989319
139
-80
151
1736
-2129
2647
8990344
9
-91
179
1782
-2120
2670
8991369
-129
-95
204
1797
-2164
2652
8992394
-235
-93
215
1827
-2298
2648
8993419
-282
-85
206
1908
-2457
2676
8994444
-215
-58
206
1902
-2537
2652
8995469
-127
-18
200
1927
-2513
2583
8996494
-169
20
193
1981
-2445
2605
8997519
-219
42
207
2054
-2630
2841
8998544
-56
63
258
2056
-2820
2889
8991362
31
73
310
2011
-2530
2609
8992387
4
124
382
2129
-2709
2076
8993412
178
219
425
2332
-2826
1694
8994437
504
285
451
2091
-2197
3161
8995462
1032
125
519
794
-3355
5100
8996487
1362
95
160
-1226
-2945
6921
8997512
-786
-15
186
2715
-1441
-510
8998537
-197
421
261
1594
-3454
1569
8999562
281
451
48
761
-3471
4070
9000587
666
340
-133
899
-2685
3817
9001612
1017
288
-134
850
-3197
3353
9002637
1169
82
-182
839
-3358
4299
9003662
258
-178
-217
1631
-1717
4484
9004687
-1687
-245
-42
2396
857
3701
9005712
-3451
-289
193
2052
-1984
2389
9006737
-1842
-345
136
1333
-5655
2412
8999552
290
-229
-23
1257
-2223
2544
9000577
-83
-156
-2
1228
-2877
2613
9001602
-261
-98
-58
1345
-3013
2848
9002627
-336
-112
-102
1369
-2753
2832
9003652
-509
-111
-100
1542
-2818
2495
9004677
-398
-76
-95
1507
-3170
2536
9005702
12
-64
-122
1462
-3025
2708
9006727
268
-77
-135
1448
-2718
2853
9007752
267
-92
-130
1487
-2675
2847
9008777
216
-66
-113
1551
-2716
2751
9009802
209
6
-95
1583
-2667
2614
9010827
241
46
-69
1535
-2608
2751
9011852
266
17
-39
1537
-2650
3035
9012877
240
-36
-6
1586
-2573
3010
9013902
77
-58
41
1656
-2487
2784
9014927
268
-77
-135
1448
-2718
2853
9007752
267
-92
-130
1487
-2675
2847
9008777
216
-66
-113
1551
-2716
2751
9009802
209
6
-95
1583
-2667
2614
9010827
241
46
-69
1535
-2608
2751
9011852
266
17
-39
1537
-2650
3035
9012877
240
-36
-6
1586
-2573
3010
9013902
77
-58
41
1656
-2487
2784
9014927
-67
-30
72
1620
-2563
2601
9007744
-85
6
80
1553
-2755
2702
9008769
-25
3
71
1520
-2892
2960
9009794
59
-33
54
1516
-2792
3119
9010819
3
-66
39
1532
-2743
2987
9011844
-63
-70
25
1550
-2741
2789
9012869
-82
-53
10
1572
-2900
2776
9013894
17
-45
-6
1552
-2889
2868
9014919
83
-58
-21
1540
-2784
2865
9015944
30
-65
-39
1564
-2792
2807
9016969
-13
-60
-50
1584
-2785
2794
9017994
8
-58
-54
1563
-2829
2821
9019019
71
-54
-59
1558
-2707
2823
9020044
45
-54
-65
1560
-2719
2836
9021069
25
-54
-70
1558
-2720
2836
9022094
37
-56
-72
1559
-2711
2849
9023119
73
-56
-71
1597
-2655
2839
9015937
64
-51
-68
1596
-2598
2792
9016962
37
-49
-62
1604
-2620
2823
9017987
73
-54
-52
1610
-2586
2852
9019012
87
-57
-43
1600
-2593
2841
9020037
35
-56
-48
1620
-2646
2802
9021062
21
-47
-55
1637
-2623
2783
9022087
51
-42
-50
1641
-2596
2824
9023112
55
-39
-40
1659
-2592
2843
9024137
42
-40
-29
1695
-2576
2813
9025162
18
-32
-23
1705
-2608
2776
9026187
15
-20
-20
1701
-2627
2806
9027212
32
-15
-19
1690
-2622
2819
9028237
26
-13
-17
1696
-2651
2827
9029262
28
-10
-17
1704
-2623
2839
9030287
20
-7
-9
1679
-2583
2812
9031312
-19
-2
-1
1697
-2653
2816
9024128
-5
7
2
1713
-2657
2835
9025153
38
13
7
1710
-2640
2845
9026178
57
11
12
1689
-2610
2879
9027203
26
6
13
1691
-2614
2866
9028228
-7
10
20
1691
-2634
2843
9029253
-11
14
26
1686
-2642
2859
9030278
9
15
27
1685
-2657
2882
9031303
21
15
25
1670
-2613
2874
9032328
6
15
25
1668
-2658
2853
9033353
6
17
24
1693
-2675
2867
9034378
24
18
29
1671
-2650
2868
9035403
30
24
31
1657
-2651
2812
9036428
37
34
29
1664
-2589
2764
9037453
23
39
37
1665
-2582
2859
9038478
18
30
42
1683
-2665
2891
9039503
61
38
61
1768
-2673
2792
9032319
46
47
98
1700
-2591
2693
9033344
87
8
138
1694
-2271
2844
9034369
-39
-8
188
1861
-2415
2450
9035394
-10
70
215
1759
-3044
1804
9036419
315
181
150
1704
-3028
2513
9037444
883
78
145
1588
-2161
3943
9038469
1122
8
50
-304
-2260
6236
9039494
-1054
-170
-123
1673
-1837
1605
9040519
-851
75
103
2077
-3854
1085
9041544
312
145
-46
1346
-2907
3556
9042569
480
50
-103
1300
-2200
3452
9043594
610
83
-83
1502
-2955
2851
9044619
1046
103
-75
1219
-3291
2963
9045644
1342
-69
-160
1240
-3203
4102
9046669
540
-165
-206
1966
-1210
4031
9047694
-1203
-196
-50
2549
-510
3077
9040512
-1686
-165
115
2062
-3369
2154
9041537
-39
-66
45
1603
-3224
2483
9042562
710
27
0
1601
-2427
2826
9043587
649
66
1
1540
-2509
3150
9044612
468
51
-6
1469
-2175
3191
9045637
61
24
0
1574
-2326
3051
9046662
-162
37
-3
1558
-2611
2984
9047687
-89
39
-25
1551
-2615
2997
9048712
91
48
-54
1562
-2508
3014
9049737
194
49
-63
1566
-2366
3085
9050762
169
32
-58
1548
-2364
3172
9051787
113
21
-64
1563
-2380
3154
9052812
69
19
-70
1573
-2389
3083
9053837
84
23
-73
1643
-2414
3006
9054862
168
52
-66
1623
-2306
2935
9055887
178
40
-65
1614
-2392
3163
9048925
170
-7
-76
1611
-2385
3443
9049950
65
-55
-78
1612
-2337
3392
9050975
-81
-43
-72
1666
-2273
3119
9052000
-146
4
-60
1645
-2365
3009
9053025
-19
27
-55
1603
-2418
3198
9054050
102
34
-52
1602
-2242
3299
9055075
32
26
-41
1635
-2248
3269
9056100
-28
20
-27
1632
-2254
3240
9057125
-51
24
-19
1627
-2299
3121
9058150
-21
30
-9
1604
-2348
3145
9059175
38
15
-10
1568
-2376
3291
9060200
53
-4
-25
1562
-2356
3262
9061225
15
-16
-34
1584
-2296
3218
9062250
-29
-24
-39
1620
-2293
3158
9063275
-18
-31
-38
1630
-2346
3140
9064300
36
-28
-44
1618
-2321
3123
9056895
61
-30
-47
1606
-2269
3144
9057920
20
-39
-48
1614
-2279
3164
9058945
-15
-44
-43
1649
-2257
3131
9059970
-42
-36
-32
1650
-2234
3065
9060995
-54
-30
-31
1644
-2323
3091
9062020
-10
-20
-34
1647
-2322
3085
9063045
32
-9
-32
1684
-2300
3088
9064070
42
6
-27
1690
-2261
3082
9065095
24
13
-23
1668
-2250
3108
9066120
0
15
-17
1690
-2268
3127
9067145
9
17
-11
1666
-2308
3172
9068170
33
14
-9
1646
-2228
3167
9069195
6
2
-12
1637
-2251
3157
9070220
-6
0
-15
1650
-2287
3162
9071245
13
0
-14
1642
-2273
3163
9072270
15
-2
-9
1655
-2254
3162
9065088
12
-3
0
1669
-2250
3188
9066113
-10
-4
5
1675
-2266
3174
9067138
-31
-6
6
1641
-2292
3157
9068163
-19
-10
6
1630
-2316
3134
9069188
7
-8
10
1651
-2273
3135
9070213
-8
-8
9
1649
-2273
3168
9071238
-16
-8
6
1643
-2291
3148
9072263
-9
-3
5
1670
-2309
3118
9073288
3
4
11
1672
-2277
3122
9074313
9
4
16
1661
-2282
3156
9075338
3
-3
13
1661
-2306
3176
9076363
-15
-6
8
1669
-2344
3174
9077388
-9
2
3
1664
-2325
3100
9078413
4
9
-3
1661
-2310
3095
9079438
13
6
-7
1645
-2319
3183
9080463
21
-1
-10
1644
-2244
3188
9073280
-21
-8
-8
1666
-2248
3138
9074305
-37
-3
-8
1674
-2294
3120
9075330
-14
3
-2
1668
-2268
3150
9076355
-10
4
4
1673
-2244
3145
9077380
-31
13
10
1715
-2249
3149
9078405
-50
49
10
1769
-2316
3118
9079430
-21
96
24
1785
-2301
3046
9080455
28
179
37
1965
-2272
2652
9081480
340
245
107
1814
-1863
2724
9082505
187
133
164
1564
-1681
3473
9083530
-31
-71
80
1418
-3191
3438
9084555
712
-143
-12
1491
-2554
3195
9085580
982
-79
-58
602
-995
4962
9086605
-936
-145
0
1274
-1908
4085
9087630
-1579
-72
110
2047
-2834
2015
9088655
-383
102
109
1758
-2602
1956
9081472
399
128
60
1489
-2381
2982
9082497
312
115
24
1286
-1818
3587
9083522
199
94
43
1331
-2993
3347
9084547
802
18
-7
1104
-3313
3813
9085572
799
-154
-29
1251
-2414
4315
9086597
-394
-226
-2
2399
-838
3269
9087622
-1718
-128
129
2566
-914
2570
9088647
-1470
-153
160
1690
-3218
3040
9089672
-302
-204
113
1546
-3375
2647
9090697
557
-89
46
1609
-2582
2888
9091722
348
-58
29
1490
-2217
3175
9092747
-166
-49
-13
1570
-2370
3054
9093772
-536
-45
-41
1591
-2606
3056
9094797
-430
-54
-56
1616
-2806
2980
9095822
-83
-38
-74
1627
-2525
2917
9096847
88
-34
-90
1629
-2422
2996
9089665
80
-23
-101
1653
-2453
2966
9090690
60
-10
-82
1689
-2466
3009
9091715
94
4
-59
1687
-2329
3060
9092740
108
0
-47
1689
-2284
3003
9093765
63
-13
-39
1680
-2314
3080
9094790
25
-36
-25
1695
-2351
3177
9095815
-2
-53
10
1695
-2200
3102
9096840
-69
-62
42
1671
-2345
2979
9097865
-81
-31
40
1678
-2407
2872
9098890
-31
15
38
1649
-2503
2832
9099915
104
39
35
1576
-2494
2984
9100940
156
26
25
1601
-2350
3113
9101965
61
9
12
1657
-2420
3085
9102990
0
9
3
1678
-2452
3012
9104015
-10
7
2
1696
-2324
2996
9105040
-34
1
8
1684
-2419
3039
9097855
-25
-5
0
1685
-2466
3069
9098880
-11
-7
-3
1688
-2413
3021
9099905
-19
-8
-2
1668
-2435
3031
9100930
-21
-5
-2
1674
-2423
3028
9101955
-21
-5
1
1666
-2450
3016
9102980
-13
-5
-2
1650
-2485
3011
9104005
-9
1
-9
1642
-2476
3024
9105030
-12
6
-15
1650
-2433
3037
9106055
-23
8
-18
1646
-2388
3066
9107080
-51
4
-16
1635
-2368
3080
9108105
-93
0
-25
1663
-2392
3067
9109130
-159
13
-28
1713
-2503
2892
9110155
-123
26
-32
1719
-2667
2957
9111180
32
30
-42
1727
-2542
3113
9112205
91
21
-40
1729
-2385
3116
9113230
36
16
-30
1726
-2266
3080
9106048
-46
8
-27
1697
-2376
3041
9107073
-39
7
-27
1691
-2480
2990
9108098
40
0
-28
1668
-2432
3098
9109123
40
-11
-32
1676
-2388
3121
9110148
-29
-12
-33
1700
-2399
3026
9111173
-43
-4
-27
1698
-2422
2987
9112198
-12
1
-20
1687
-2419
2988
9113223
11
2
-10
1676
-2397
3019
9114248
-1
3
-5
1665
-2432
3021
9115273
-9
10
-6
1648
-2456
3004
9116298
9
16
-12
1630
-2474
3029
9117323
41
18
-19
1630
-2427
3037
9118348
35
18
-25
1656
-2410
3052
9119373
27
17
-26
1639
-2389
3067
9120398
13
9
-21
1636
-2376
3050
9121423
2
5
-16
1653
-2374
3046
9114289
-8
4
-13
1667
-2405
3036
9115314
6
5
-15
1675
-2432
3060
9116339
29
4
-15
1681
-2376
3087
9117364
20
-2
-15
1656
-2375
3072
9118389
-10
-6
-22
1669
-2409
3048
9119414
1
-5
-20
1689
-2391
3043
9120439
10
-10
-14
1692
-2374
3062
9121464
-6
-20
-12
1703
-2363
3068
9122489
-24
-24
-9
1714
-2369
3095
9123514
-23
-28
-1
1711
-2362
3071
9124539
-30
-30
6
1728
-2358
3006
9125564
-35
-15
12
1715
-2371
2963
9126589
-20
-3
21
1689
-2389
3020
9127614
-3
0
24
1674
-2425
3049
9128639
-10
2
21
1693
-2403
3025
9129664
-22
8
23
1680
-2407
3000
9122433
-7
5
25
1681
-2425
3026
9123458
8
2
23
1674
-2402
3036
9124483
-12
0
23
1666
-2398
3026
9125508
-19
5
24
1678
-2405
2984
9126533
-11
25
23
1707
-2364
2923
9127558
21
54
32
1721
-2374
2949
9128583
52
57
60
1699
-2312
3060
9129608
12
47
71
1723
-2348
3053
9130633
-21
73
91
1732
-2219
2765
9131658
-47
121
129
1781
-2356
2628
9132683
24
139
146
1725
-2564
2961
9133708
100
106
130
1767
-2383
3400
9134733
-78
20
97
1819
-2368
2744
9135758
143
-5
97
1921
-2618
2897
9136783
773
4
14
508
-2058
4480
9137808
97
-93
-123
184
-2887
4705
9130625
-486
-166
-55
2793
-2497
805
9131650
450
223
-27
1613
-2492
2653
9132675
144
163
-9
1543
-1888
3509
9133700
-29
131
49
1511
-2478
3539
9134725
15
111
112
1513
-2135
3527
9135750
-38
62
171
1305
-2801
3116
9136775
204
-70
75
1335
-3183
3725
9137800
-13
-175
56
1676
-2184
3975
9138825
-863
-206
85
2198
-1006
3327
9139850
-1449
-180
133
2058
-2855
2224
9140875
-374
-110
114
1558
-3438
2682
9141900
449
-64
18
1585
-2582
2929
9142925
212
-17
3
1491
-2435
2997
9143950
-203
-9
-42
1460
-2840
2922
9144975
-242
11
-89
1499
-2787
2918
9146000
-124
0
-112
1463
-2858
2974
9138817
190
-23
-124
1505
-2392
3027
9139842
239
-26
-160
1566
-2281
2930
9140867
29
5
-168
1702
-2412
2722
9141892
16
31
-129
1692
-2467
2919
9142917
211
23
-92
1694
-2316
3208
9143942
206
-19
-53
1712
-2205
3212
9144967
-47
-32
-36
1695
-2268
3000
9145992
-115
-23
-22
1689
-2397
2903
9147017
-20
-9
6
1671
-2419
2949
9148042
56
-12
30
1621
-2367
3116
9149067
12
-18
24
1614
-2436
3145
9150092
-76
3
17
1635
-2515
2944
9151117
-58
31
12
1621
-2531
2900
9152142
57
34
8
1613
-2541
3052
9153167
118
24
-1
1637
-2400
3117
9154192
45
7
-7
1667
-2424
3112
9147007
-29
4
-9
1656
-2451
3069
9148032
-43
8
-5
1664
-2464
2999
9149057
10
13
8
1681
-2466
3025
9150082
61
16
10
1654
-2418
3063
9151107
40
5
5
1628
-2418
3079
9152132
-13
-3
6
1639
-2435
3045
9153157
-36
-3
10
1653
-2508
3005
9154182
-3
1
12
1645
-2498
3001
9155207
26
6
8
1654
-2459
3023
9156232
22
11
5
1618
-2466
3054
9157257
23
0
-2
1598
-2483
3079
9158282
43
-11
-7
1600
-2468
3005
9159307
74
-6
-9
1630
-2481
2968
9160332
128
7
-7
1632
-2444
3006
9161357
181
6
-3
1640
-2388
3108
9162382
176
3
-2
1647
-2303
3108
9155200
53
12
6
1647
-2301
3057
9156225
-23
17
16
1637
-2418
3046
9157250
21
25
17
1613
-2436
3070
9158275
59
22
14
1613
-2442
3127
9159300
70
19
8
1623
-2394
3110
9160325
49
13
3
1617
-2374
3124
9161350
24
8
1
1615
-2388
3116
9162375
4
2
0
1621
-2391
3080
9163400
-4
1
-5
1626
-2426
3062
9164425
19
5
-11
1621
-2443
3094
9165450
36
5
-11
1620
-2371
3103
9166475
27
-3
-5
1620
-2333
3116
9167500
-10
-5
-7
1636
-2367
3108
9168525
-27
1
-3
1625
-2384
3076
9169550
-8
3
3
1615
-2362
3119
9170575
-1
-3
7
1609
-2402
3138
9163392
-8
-8
5
1604
-2382
3086
9164417
-25
-11
3
1605
-2402
3107
9165442
-19
-13
0
1606
-2412
3110
9166467
-4
-9
-1
1625
-2397
3068
9167492
10
0
-5
1607
-2414
3083
9168517
15
0
-8
1609
-2374
3102
9169542
3
-4
-6
1604
-2391
3091
9170567
0
-6
-5
1604
-2399
3104
9171592
7
-10
-6
1614
-2374
3120
9172617
-2
-15
-5
1619
-2379
3115
9173642
-10
-18
-4
1628
-2359
3116
9174667
-17
-21
1
1636
-2357
3101
9175692
-12
-18
3
1658
-2383
3069
9176717
3
-13
3
1636
-2393
3087
9177742
11
-15
0
1618
-2390
3126
9178767
9
-22
-1
1638
-2364
3095
9171584
-13
-24
1
1632
-2388
3052
9172609
-19
-20
0
1628
-2405
3066
9173634
-17
-17
0
1641
-2389
3068
9174659
-10
-12
0
1648
-2375
3062
9175684
6
-9
0
1665
-2351
3089
9176709
3
-7
3
1648
-2347
3080
9177734
-15
-8
9
1645
-2354
3064
9178759
-30
-5
13
1651
-2385
3073
9179784
-22
11
12
1687
-2431
3045
9180809
34
71
5
1776
-2468
2865
9181834
78
121
9
1678
-2230
2690
9182859
76
116
27
1802
-2477
2764
9183884
19
126
95
2033
-2402
2842
9184909
-151
88
209
1780
-1711
2855
9185934
-248
-21
240
1526
-1901
3424
9186959
15
-132
146
444
-2686
4433
9179776
-502
-152
-122
606
-2465
4283
9180801
-638
-152
65
2155
-3234
1298
9181826
306
29
1
1695
-2058
2614
9182851
-4
23
-12
1492
-2203
3647
9183876
-200
-22
81
1591
-2651
3409
9184901
43
-6
109
1598
-2528
3406
9185926
74
-13
161
1433
-2679
3174
9186951
75
-56
137
1484
-2718
3002
9187976
119
17
17
1466
-3502
2892
9189001
464
13
-90
1586
-2455
3899
9190026
-368
-78
-139
2284
-1124
3001
9191051
-807
-116
44
1878
-3265
2723
9192076
211
-90
-2
1682
-2855
2812
9193101
328
-45
-51
1674
-2277
2917
9194126
-80
-39
-49
1578
-2708
3031
9195151
-75
-45
-56
1550
-2390
3050
9188078
-161
-68
-36
1571
-2426
2964
9189103
-118
-66
-30
1580
-2532
2926
9190128
-47
-25
-68
1590
-2552
2731
9191153
38
2
-71
1615
-2540
2841
9192178
184
6
-43
1586
-2352
3030
9193203
127
-13
-21
1592
-2333
3093
9194228
-32
-22
-20
1630
-2334
2971
9195253
-91
-8
-17
1642
-2500
2826
9196278
4
15
-9
1646
-2500
2881
9197303
120
20
7
1638
-2296
3013
9198328
39
-4
26
1639
-2308
3108
9199353
-77
-24
33
1657
-2462
3093
9200378
-99
-13
40
1685
-2535
2952
9201403
-75
20
45
1676
-2530
2872
9202428
-38
37
43
1647
-2533
2951
9203453
44
31
39
1629
-2448
3053
9196160
39
18
28
1636
-2502
3064
9197185
-13
10
14
1629
-2562
3066
9198210
-42
7
4
1633
-2545
2996
9199235
-19
9
8
1639
-2538
2996
9200260
6
11
5
1626
-2528
3035
9201285
-1
7
-4
1625
-2531
3057
9202310
-1
5
-8
1627
-2506
3030
9203335
-6
7
-3
1620
-2496
3009
9204360
-10
10
-4
1611
-2528
3018
9205385
-2
10
-7
1596
-2534
3009
9206410
9
6
-14
1601
-2514
3034
9207435
18
-4
-17
1605
-2485
3054
9208460
-2
-8
-12
1612
-2481
3022
9209485
-19
-6
-9
1620
-2495
3024
9210510
-4
-8
-6
1623
-2484
3045
9211535
19
-8
-5
1630
-2459
3020
9204352
17
-5
-1
1606
-2462
3032
9205377
-2
-12
0
1605
-2480
3050
9206402
-3
-18
-1
1625
-2485
3025
9207427
-7
-18
0
1629
-2503
3009
9208452
0
-5
1
1636
-2438
2962
9209477
6
-3
6
1629
-2489
3027
9210502
22
-10
2
1623
-2520
3014
9211527
19
-16
-2
1619
-2452
2989
9212552
-13
-18
0
1623
-2508
2983
9213577
-10
-14
0
1638
-2506
2948
9214602
4
-7
2
1634
-2473
2991
9215627
7
-4
-1
1640
-2489
2996
9216652
6
-3
-1
1648
-2468
3006
9217677
1
-3
1
1627
-2462
3001
9218702
4
-1
2
1634
-2448
2973
9219727
-9
0
6
1627
-2458
2989
9212544
-9
0
13
1643
-2427
2993
9213569
-16
4
15
1635
-2483
3003
9214594
-24
7
9
1633
-2545
3019
9215619
5
13
7
1642
-2519
3013
9216644
34
15
12
1641
-2466
3026
9217669
10
14
17
1639
-2488
3036
9218694
-2
16
17
1630
-2500
3019
9219719
21
10
18
1619
-2508
3053
9220744
28
2
13
1622
-2493
3040
9221769
1
1
13
1621
-2498
3047
9222794
-18
-5
13
1619
-2534
3052
9223819
3
-7
12
1613
-2502
3022
9224844
9
-8
10
1614
-2477
3010
9225869
1
-4
6
1619
-2518
3025
9226894
22
-3
7
1617
-2489
3037
9227919
19
-8
9
1611
-2444
3019
9220736
7
-4
11
1632
-2455
2959
9221761
6
25
11
1666
-2484
2827
9222786
18
94
9
1754
-2596
2685
9223811
123
170
40
1804
-2413
2604
9224836
198
169
114
1781
-2042
2622
9225861
93
77
201
1851
-2293
2967
9226886
-95
0
214
1635
-2127
3433
9227911
-59
-84
180
1499
-2305
2882
9228936
189
-8
39
-34
-3189
4455
9229961
-669
-150
-104
1482
-2190
3919
9230986
-324
-76
102
1819
-2878
1921
9232011
132
36
-10
1626
-2311
2675
9233036
9
31
14
1578
-2643
3256
9234061
131
-7
37
1549
-2499
3264
9235086
98
-23
90
1496
-2451
3344
9236111
-118
-23
95
1557
-2657
3145
9228928
29
-12
87
1421
-2977
3253
9229953
400
-81
49
1194
-2988
3422
9230978
241
-115
-50
1571
-2903
2989
9232003
40
-96
-119
1897
-2067
3682
9233028
-670
-143
-131
2148
-2031
2691
9234053
-431
-127
25
1884
-3157
2471
9235078
324
-51
4
1786
-2193
2531
9236103
282
13
7
1604
-2489
2762
9237128
147
39
-11
1385
-2462
3040
9238153
-65
3
-18
1388
-2551
3073
9239178
-159
-32
-36
1516
-2613
2945
9240203
-122
-28
-56
1533
-2485
2818
9241228
-79
-33
-70
1583
-2598
2920
9242253
65
-25
-73
1590
-2424
2969
9243278
33
-28
-59
1582
-2343
2996
9244303
-98
-34
-43
1635
-2527
2994
9237121
-91
-8
-32
1626
-2472
2899
9238146
-52
11
-18
1638
-2551
2872
9239171
12
43
-21
1628
-2500
2857
9240196
64
49
-12
1636
-2474
3010
9241221
56
30
-2
1627
-2428
3131
9242246
-2
-3
11
1668
-2480
3129
9243271
-64
-13
11
1658
-2506
2984
9244296
-82
-2
10
1656
-2591
2927
9245321
-1
20
7
1661
-2567
2967
9246346
46
25
3
1628
-2533
3028
9247371
33
14
-6
1633
-2493
3088
9248396
7
-2
-11
1622
-2494
3104
9249421
-23
-7
-14
1638
-2583
3009
9250446
7
4
-10
1628
-2572
2947
9251471
52
15
-6
1616
-2514
2944
9252496
63
28
-2
1613
-2497
2964
9245313
42
26
-4
1602
-2500
3063
9246338
28
6
-7
1584
-2500
3105
9247363
5
-11
-13
1566
-2534
3075
9248388
-14
-17
-14
1590
-2513
3005
9249413
-19
-19
-13
1588
-2485
2990
9250438
-6
-20
-14
1595
-2509
2999
9251463
12
-16
-16
1591
-2487
3007
9252488
4
-12
-14
1597
-2480
2998
9253513
10
-8
-10
1624
-2446
3014
9254538
2
-8
-7
1623
-2451
3013
9255563
3
-14
2
1615
-2460
3016
9256588
10
-17
4
1627
-2448
3008
9257613
-11
-14
10
1642
-2464
2989
9258638
-13
-7
16
1652
-2513
3003
9259663
13
5
16
1653
-2505
2979
9260688
23
13
17
1644
-2493
3012
9253504
30
7
17
1623
-2496
3028
9254529
3
-5
9
1630
-2528
3016
9255554
-17
-12
3
1635
-2527
3008
9256579
-8
-18
2
1636
-2539
2998
9257604
-8
-17
-3
1634
-2499
2987
9258629
-16
-16
-2
1629
-2498
2980
9259654
-12
-9
-5
1628
-2525
2975
9260679
-6
4
-9
1642
-2526
2965
9261704
14
16
-5
1624
-2503
2975
9262729
25
15
-5
1623
-2500
3022
9263754
17
7
-8
1625
-2461
3028
9264779
0
-4
-5
1633
-2474
3029
9265804
-17
-10
-4
1627
-2499
3008
9266829
-15
-9
-4
1617
-2508
2984
9267854
-3
-4
-3
1614
-2498
2992
9268879
-1
0
0
1629
-2453
2997
9261695
-11
1
4
1633
-2465
2989
9262720
-2
9
3
1632
-2528
3003
9263745
23
16
2
1615
-2476
3034
9264770
7
10
4
1600
-2464
3011
9265795
-13
2
5
1610
-2492
3013
9266820
-2
-3
5
1613
-2475
3024
9267845
1
-4
8
1612
-2468
3024
9268870
-8
-4
7
1612
-2501
3007
9269895
2
-3
9
1629
-2477
2980
9270920
2
3
13
1641
-2491
2954
9271945
19
17
15
1654
-2509
2953
9272970
52
40
21
1680
-2465
2898
9273995
57
67
37
1721
-2402
2895
9275020
28
85
69
1758
-2420
2895
9276045
14
96
122
1859
-2483
2529
9277070
56
106
206
1895
-2559
2283
9269888
102
96
207
1966
-2112
2405
9270913
470
0
217
1308
-2134
3983
9271938
649
-180
-96
-904
-2022
7286
9272963
-1285
-425
-101
1792
-3461
2125
9273988
-1036
-133
119
2412
-2047
934
9275013
-293
68
27
1452
-2637
2882
9276038
231
20
13
1483
-3070
3363
9277063
449
13
0
1514
-2335
3425
9278088
217
8
59
1554
-2578
3144
9279113
78
-5
139
1437
-2655
3157
9280138
43
-59
87
1482
-2970
3358
9281163
0
-60
-33
1771
-3010
2839
9282188
197
-18
-31
1748
-2025
3217
9283213
-523
-26
-51
2007
-1993
2857
9284238
-648
-68
2
1852
-3185
2991
9285263
108
-107
12
1695
-2390
2859
9278081
108
-86
37
1773
-2504
2457
9279106
-83
1
17
1521
-2495
2610
9280131
-253
39
-10
1354
-2601
2756
9281156
-341
28
-3
1456
-2750
2740
9282181
-173
19
6
1529
-2754
2757
9283206
32
13
-16
1561
-2642
2900
9284231
75
23
-37
1564
-2499
2887
9285256
-72
31
-41
1570
-2606
2843
9286281
-104
20
-29
1586
-2674
3027
9287306
-9
3
-3
1623
-2488
3016
9288331
-46
-3
20
1672
-2518
2893
9289356
-70
22
19
1663
-2644
2835
9290381
8
52
21
1637
-2716
2827
9291406
103
57
36
1602
-2721
2965
9292431
164
37
36
1579
-2630
3081
9293456
84
17
34
1596
-2556
3033
9286272
-28
16
28
1599
-2674
2975
9287297
-32
29
7
1580
-2720
2881
9288322
-7
37
0
1592
-2725
2853
9289347
84
22
-9
1572
-2643
3078
9290372
93
-7
-17
1582
-2570
3110
9291397
-10
-25
-22
1617
-2615
2987
9292422
-63
-17
-26
1588
-2664
2885
9293447
-17
-8
-19
1577
-2646
2858
9294472
49
3
-13
1577
-2610
2896
9295497
49
9
-15
1571
-2586
2933
9296522
12
7
-20
1570
-2606
2950
9297547
11
1
-13
1548
-2593
2947
9298572
6
-7
-8
1547
-2589
2950
9299597
4
-14
-6
1559
-2561
2955
9300622
7
-19
-1
1562
-2539
2917
9301647
0
-11
7
1562
-2537
2877
9294465
7
1
12
1551
-2561
2910
9295490
28
1
12
1570
-2568
2960
9296515
28
-3
15
1581
-2562
2963
9297540
9
-7
19
1576
-2559
2946
9298565
-16
-5
21
1593
-2591
2921
9299590
-16
6
23
1596
-2610
2919
9300615
-1
12
19
1586
-2631
2934
9301640
11
20
13
1598
-2678
2956
9302665
31
17
6
1582
-2609
2976
9303690
14
6
1
1581
-2619
2948
9304715
-11
4
-5
1586
-2657
2947
9305740
5
6
-11
1583
-2657
2967
9306765
25
9
-16
1572
-2622
2936
9307790
15
13
-18
1576
-2607
2934
9308815
15
9
-19
1582
-2564
2985
9309840
11
2
-16
1567
-2603
2987
9302656
4
0
-19
1575
-2630
2954
9303681
15
6
-23
1575
-2600
2928
9304706
23
14
-23
1575
-2598
2940
9305731
44
11
-23
1581
-2567
2970
9306756
55
4
-21
1563
-2525
2990
9307781
26
-4
-21
1552
-2541
2985
9308806
10
-11
-18
1574
-2551
2960
9309831
12
-12
-12
1560
-2540
2959
9310856
5
-10
-7
1576
-2556
2947
9311881
8
-5
-3
1567
-2553
2948
9312906
12
-7
-2
1566
-2525
2986
9313931
2
-15
0
1591
-2539
2969
9314956
-9
-16
5
1600
-2543
2949
9315981
-11
-4
11
1569
-2563
2924
9317006
-4
7
14
1573
-2572
2926
9318031
3
19
14
1583
-2599
2946
9310848
64
29
16
1612
-2644
2944
9311873
176
64
28
1595
-2627
2889
9312898
158
89
42
1566
-2367
2905
9313923
26
80
46
1583
-2407
2976
9314948
-21
85
61
1645
-2512
2955
9315973
15
106
90
1701
-2487
2886
9316998
26
138
135
1788
-2423
2420
9318023
-163
188
172
1869
-2581
1784
9319048
23
187
212
1833
-2660
2544
9320073
517
33
148
1177
-2209
4432
9321098
932
-192
-79
-643
-2343
6897
9322123
-1262
-355
-230
1712
-2433
2117
9323148
-1519
-118
73
2057
-3011
917
9324173
-208
13
-37
1515
-2929
3205
9325198
305
-13
-65
1553
-2943
3333
9326223
388
-10
-34
1573
-2137
3021
9319040
105
-13
101
1585
-2483
3011
9320065
-103
23
93
1394
-2772
3173
9321090
28
16
61
1340
-3032
3301
9322115
374
-44
33
1362
-2821
3219
9323140
302
-30
-35
1417
-3050
2502
9324165
514
13
-135
1537
-3045
3518
9325190
97
-74
-179
2054
-1152
3321
9326215
-955
-119
-11
2020
-2357
2640
9327240
-434
-89
39
1726
-3116
2477
9328265
187
-31
-1
1593
-2743
2436
9329290
274
27
4
1455
-2577
2902
9330315
170
8
-9
1340
-2468
3066
9331340
-80
-26
-28
1432
-2597
2927
9332365
-176
-25
-37
1515
-2771
2942
9333390
-62
-17
-43
1516
-2670
2999
9334415
17
-11
-49
1593
-2488
2877
9327232
7
11
-44
1590
-2441
2813
9328257
-24
35
-33
1594
-2606
2818
9329282
59
43
-20
1576
-2582
2974
9330307
100
17
-7
1577
-2471
3182
9331332
15
-17
5
1584
-2480
3170
9332357
-92
-22
12
1613
-2594
2923
9333382
-86
3
19
1591
-2669
2792
9334407
12
27
21
1597
-2644
2945
9335432
39
35
12
1568
-2608
3003
9336457
0
15
6
1540
-2652
3063
9337482
-27
-5
-14
1573
-2713
3051
9338507
-45
-4
-17
1571
-2498
2935
9339532
-90
-3
-24
1529
-2612
2950
9340557
-64
-5
-52
1560
-2793
2970
9341582
39
-2
-65
1582
-2721
2991
9342607
102
-3
-67
1596
-2580
2990
9335424
59
-13
-56
1598
-2504
2988
9336449
-12
-25
-46
1598
-2542
2982
9337474
-14
-28
-36
1591
-2542
2967
9338499
1
-19
-32
1603
-2557
2931
9339524
20
-11
-26
1599
-2545
2960
9340549
27
-7
-22
1595
-2520
2963
9341574
1
-6
-14
1606
-2518
2954
9342599
-15
-4
-3
1564
-2525
2943
9343624
-16
-8
-1
1546
-2528
2936
9344649
-17
-3
0
1535
-2597
2908
9345674
-4
2
-2
1548
-2590
2962
9346699
10
5
-2
1565
-2546
2967
9347724
-5
9
1
1556
-2511
2968
9348749
-25
6
2
1563
-2564
2960
9349774
-9
8
4
1561
-2563
2942
9350799
8
9
11
1558
-2566
2973
9343616
22
9
14
1541
-2554
2990
9344641
8
7
13
1564
-2575
2967
9345666
6
11
10
1577
-2573
2980
9346691
12
10
11
1584
-2589
2985
9347716
22
6
10
1607
-2560
3004
9348741
18
2
11
1621
-2541
2999
9349766
15
3
15
1638
-2557
2977
9350791
34
5
21
1649
-2566
3009
9351816
39
7
22
1636
-2605
3006
9352841
34
10
18
1604
-2594
2966
9353866
31
8
10
1604
-2622
3020
9354891
32
2
2
1599
-2590
3039
9355916
-5
-12
-5
1577
-2576
2994
9356941
-36
-20
-12
1586
-2604
2968
9357966
-9
-14
-14
1581
-2602
2938
9358991
15
-11
-18
1576
-2579
2951
9351807
12
-4
-22
1591
-2615
2953
9352832
35
10
-23
1591
-2571
2955
9353857
44
19
-19
1567
-2556
2970
9354882
27
17
-22
1566
-2571
2972
9355907
25
15
-25
1576
-2559
2962
9356932
28
10
-25
1567
-2533
2980
9357957
34
0
-23
1566
-2507
2962
9358982
29
-1
-19
1605
-2486
2974
9360007
20
1
-13
1606
-2480
3019
9361032
16
-3
-5
1579
-2461
3007
9362057
6
-4
7
1610
-2444
2980
9363082
2
4
23
1595
-2472
2984
9364107
-3
8
33
1559
-2475
2969
9365132
-10
12
39
1554
-2497
2969
9366157
-2
19
44
1558
-2506
2989
9367182
-2
26
43
1548
-2530
2963
9360000
12
42
38
1558
-2551
2936
9361025
46
64
39
1540
-2539
2953
9362050
53
80
48
1585
-2494
2928
9363075
23
104
81
1669
-2451
2876
9364100
54
128
136
1689
-2309
2770
9365125
84
143
179
1836
-2269
2533
9366150
-35
113
239
1757
-2120
2090
9367175
-203
109
195
1697
-2477
2119
9368200
726
12
216
1504
-2632
4408
9369225
1127
-301
-80
-850
-2403
7241
9370250
-857
-538
-252
918
-4187
3498
9371275
-1244
-275
107
2559
-951
817
9372300
-839
28
150
1692
-2861
2426
9373325
-107
64
53
1519
-3298
2860
9374350
564
89
7
1519
-2015
3066
9375375
218
133
142
1444
-2793
3187
9368193
41
99
163
1337
-2543
3205
9369218
61
18
100
1326
-3064
3247
9370243
113
-56
40
1572
-3164
3142
9371268
230
-45
-5
1469
-2834
3214
9372293
39
-66
-70
1697
-1904
3168
9373318
-652
-80
-27
2025
-2264
2648
9374343
-595
-69
35
1699
-2946
2785
9375368
-159
-59
48
1661
-2311
2736
9376393
-229
-39
35
1552
-3057
2650
9377418
-111
11
-22
1424
-2874
2779
9378443
-197
22
-24
1335
-2695
2839
9379468
-272
-9
-16
1400
-2826
2838
9380493
-192
-19
-38
1488
-2733
2786
9381518
-58
-3
-52
1514
-2749
2845
9382543
48
23
-59
1508
-2718
2828
9383568
88
35
-53
1503
-2668
2845
9376384
47
41
-44
1538
-2681
2808
9377409
23
36
-26
1542
-2644
2908
9378434
14
19
-17
1545
-2630
2993
9379459
-14
17
-17
1550
-2581
2841
9380484
-49
31
-12
1539
-2551
2706
9381509
-47
37
5
1527
-2581
2824
9382534
32
10
24
1523
-2691
3054
9383559
98
-31
21
1490
-2730
3206
9384584
12
-61
36
1487
-2745
3050
9385609
-102
-52
48
1529
-2726
2754
9386634
-104
-9
44
1529
-2689
2701
9387659
-48
19
42
1486
-2787
2892
9388684
33
12
25
1477
-2816
2983
9389709
67
1
7
1499
-2827
2952
9390734
20
-4
-3
1499
-2777
2916
9391759
7
-5
-3
1514
-2755
2896
9384578
16
-2
-11
1525
-2756
2902
9385603
14
2
-22
1518
-2765
2911
9386628
30
-2
-29
1534
-2752
2897
9387653
33
-1
-35
1526
-2703
2850
9388678
15
-11
-37
1505
-2735
2947
9389703
0
-26
-38
1525
-2771
2935
9390728
-12
-27
-43
1535
-2708
2864
9391753
10
-19
-42
1523
-2687
2847
9392778
34
-7
-43
1518
-2675
2861
9393803
36
1
-41
1521
-2660
2891
9394828
40
8
-36
1528
-2665
2867
9395853
56
20
-33
1538
-2673
2808
9396878
63
31
-32
1545
-2590
2777
9397903
42
19
-21
1533
-2590
2916
9398928
-7
-11
-19
1546
-2639
3007
9399953
-83
-29
-22
1594
-2649
2947
9392768
-112
-32
-14
1575
-2704
2968
9393793
-81
-24
-8
1576
-2707
2902
9394818
-38
-2
-4
1592
-2671
2815
9395843
0
26
0
1569
-2716
2856
9396868
51
35
1
1524
-2675
2899
9397893
39
37
3
1518
-2634
2866
9398918
6
40
8
1502
-2704
2885
9399943
17
33
2
1487
-2697
2931
9400968
38
25
-7
1501
-2633
2905
9401993
22
22
-7
1502
-2641
2919
9403018
-4
17
-7
1506
-2681
2940
9404043
-3
10
-4
1534
-2648
2938
9405068
-5
10
7
1527
-2658
2927
9406093
-3
10
9
1533
-2682
2931
9407118
15
12
5
1522
-2653
2936
9408143
17
14
4
1514
-2686
2927
9401279
17
17
7
1509
-2679
2911
9402304
15
14
8
1516
-2650
2936
9403329
3
11
12
1512
-2666
2933
9404354
-8
9
15
1516
-2664
2914
9405379
-18
15
15
1533
-2654
2892
9406404
-21
21
12
1543
-2667
2908
9407429
-6
20
11
1524
-2666
2932
9408454
12
21
12
1517
-2675
2930
9409479
12
26
12
1512
-2619
2912
9410504
-13
18
13
1478
-2607
2996
9411529
-40
1
20
1478
-2667
3017
9412554
-52
-4
28
1474
-2680
2887
9413579
-57
6
34
1453
-2744
2769
9414604
-5
19
26
1479
-2699
2797
9415629
59
28
23
1515
-2603
2876
9416654
48
19
26
1538
-2666
2977
9409152
14
0
29
1527
-2670
3033
9410177
-38
-16
29
1551
-2683
2952
9411202
-59
-14
46
1515
-2673
2819
9412227
-36
-7
59
1555
-2743
2880
9413252
-72
-1
59
1609
-2810
2919
9414277
-57
13
89
1726
-2769
2704
9415302
-14
42
96
1787
-2961
2273
9416327
187
55
89
1626
-2554
2666
9417352
376
-49
94
1676
-2403
3132
9418377
696
-94
7
-118
-3015
5134
9419402
-820
-228
-256
930
-2397
3855
9420427
-1119
-115
95
2277
-2642
921
9421452
-233
68
37
1501
-2546
2608
9422477
146
36
-5
1384
-2983
3197
9423502
330
45
0
1378
-2680
2954
9424527
209
59
67
1351
-2768
2992
9417344
208
39
42
1221
-2978
2912
9418369
413
-3
2
1173
-3345
3318
9419394
459
-26
-32
1502
-2580
2973
9420419
-78
-23
-5
1946
-1697
3307
9421444
-990
-38
11
2215
-1653
2484
9422469
-1011
-10
101
1561
-3563
2156
9423494
36
42
57
1405
-3329
2373
9424519
502
65
27
1497
-2709
2823
9425544
425
28
35
1340
-2503
3159
9426569
41
-30
18
1286
-2595
3079
9427594
-373
-22
-14
1302
-2836
2643
9428619
-435
-1
-8
1381
-3033
2647
9429644
-125
21
-30
1406
-2989
2779
9430669
144
24
-56
1477
-2779
2945
9431694
153
30
-64
1531
-2753
2917
9432719
98
35
-55
1522
-2719
2956
9425536
52
11
-34
1546
-2732
3022
9426561
-16
0
-15
1545
-2674
2890
9427586
-53
-8
2
1545
-2849
2896
9428611
24
-2
-1
1524
-2777
2886
9429636
34
5
-5
1509
-2747
2831
9430661
29
-5
1
1495
-2772
2896
9431686
38
-7
-4
1486
-2845
2897
9432711
67
-8
-3
1449
-2751
2926
9433736
7
-18
-17
1419
-2714
2821
9434761
-39
-26
-23
1461
-2755
2788
9435786
7
-26
-13
1485
-2641
2872
9436811
20
-25
3
1475
-2521
2920
9437836
-35
-22
17
1457
-2599
2901
9438861
-66
-17
18
1442
-2742
2896
9439886
-40
-10
16
1459
-2829
2898
9440911
15
-4
22
1486
-2737
2896
9433728
15
-1
31
1490
-2667
2850
9434753
-16
5
32
1487
-2755
2852
9435778
-17
10
28
1489
-2852
2880
9436803
19
6
21
1490
-2808
2871
9437828
28
-2
19
1497
-2794
2844
9438853
12
-8
15
1480
-2770
2902
9439878
-35
-10
6
1483
-2781
2902
9440903
-40
-11
-3
1512
-2848
2884
9441928
7
-6
-17
1505
-2803
2869
9442953
19
-10
-24
1496
-2739
2895
9443978
12
-13
-19
1503
-2765
2861
9445003
4
-10
-17
1507
-2772
2869
9446028
-1
-11
-14
1489
-2731
2880
9447053
-11
-10
-13
1495
-2750
2864
9448078
-7
-5
-13
1501
-2780
2864
9449103
27
-3
-14
1491
-2741
2879
9441919
20
-2
-16
1476
-2750
2854
9442944
6
4
-15
1467
-2739
2827
9443969
0
-2
-10
1486
-2703
2848
9444994
-10
-7
-8
1495
-2711
2868
9446019
-11
-8
-7
1509
-2675
2874
9447044
-18
0
2
1494
-2715
2819
9448069
-11
13
6
1484
-2754
2852
9449094
30
15
10
1466
-2699
2908
9450119
9
7
10
1454
-2723
2898
9451144
-14
0
5
1469
-2722
2875
9452169
21
-13
9
1481
-2647
2913
9453194
23
-14
11
1471
-2745
2899
9454219
-23
-7
7
1482
-2797
2854
9455244
-2
4
10
1494
-2803
2872
9456269
25
17
3
1476
-2803
2847
9457294
43
25
5
1491
-2704
2874
9450112
52
20
12
1497
-2688
2941
9451137
23
11
7
1486
-2749
2903
9452162
19
2
8
1476
-2731
2919
9453187
7
-3
8
1490
-2754
2913
9454212
7
16
-5
1604
-2869
2875
9455237
122
53
10
1629
-2814
2800
9456262
255
61
82
1767
-2635
2703
9457287
238
28
206
1534
-2413
2690
9458312
-125
17
151
1331
-3342
1943
9459337
395
142
46
1363
-3134
1907
9460362
959
139
-11
355
-1284
5686
9461387
-784
-213
-71
1180
-1616
4179
9462412
-1249
-180
33
1742
-3591
1942
9463437
-429
14
-24
1400
-2663
2151
9464462
-31
62
-45
1338
-3530
2727
9465487
442
26
-31
1480
-2818
3121
9458304
330
-1
-32
1554
-1997
2837
9459329
-119
-33
-11
1543
-2453
3014
9460354
-194
-32
-16
1410
-2916
3310
9461379
95
0
-25
1401
-3753
2968
9462404
493
-53
-21
1267
-2970
3198
9463429
414
-145
-21
1415
-2531
3310
9464454
-190
-156
-72
1871
-2306
3207
9465479
-924
-138
-72
2096
-2283
2691
9466504
-699
-104
36
1593
-3521
2557
9467529
81
-92
-1
1591
-2689
2512
9468554
222
-35
-16
1579
-2959
2377
9469579
322
22
-32
1448
-2675
2772
9470604
132
13
-15
1382
-2483
2931
9471629
-176
-15
-7
1403
-2836
2914
9472654
-180
-24
-34
1426
-2851
2795
9473679
-22
-37
-44
1491
-2758
2830
9466496
81
-38
-37
1470
-2565
2912
9467521
30
-54
-23
1506
-2616
2855
9468546
-50
-43
-12
1538
-2714
2710
9469571
-52
-29
8
1536
-2783
2799
9470596
47
-29
25
1493
-2662
2916
9471621
59
-34
37
1520
-2632
2872
9472646
-8
-15
48
1551
-2638
2706
9473671
-43
18
66
1549
-2805
2646
9474696
50
42
79
1537
-2768
2719
9475721
148
38
94
1554
-2657
2839
9476746
119
34
94
1528
-2669
2909
9477771
34
44
74
1489
-2782
2846
9478796
-12
44
56
1499
-2848
2840
9479821
3
40
46
1479
-2802
2828
9480846
8
30
34
1468
-2812
2905
9481871
10
3
23
1473
-2765
2994
9474689
-41
-18
9
1468
-2768
2942
9475714
-88
-21
8
1499
-2805
2853
9476739
-66
-7
6
1504
-2872
2782
9477764
13
13
-2
1491
-2864
2837
9478789
73
17
-8
1481
-2744
2959
9479814
44
10
-10
1513
-2724
2931
9480839
1
5
-7
1507
-2755
2915
9481864
-16
-6
-4
1487
-2777
2943
9482889
3
-20
-3
1498
-2781
2908
9483914
28
-27
-4
1500
-2738
2900
9484939
5
-30
-6
1493
-2757
2886
9485964
-15
-29
-8
1485
-2797
2862
9486989
3
-30
-9
1490
-2788
2848
9488014
23
-30
-13
1494
-2796
2831
9489039
34
-22
-22
1497
-2744
2827
9490064
22
-22
-18
1520
-2730
2845
9482881
34
-23
-9
1513
-2682
2867
9483906
9
-18
-8
1489
-2722
2812
9484931
1
-12
-8
1494
-2782
2842
9485956
30
-11
-14
1491
-2749
2900
9486981
9
-20
-18
1497
-2744
2881
9488006
-13
-26
-15
1500
-2717
2872
9489031
-35
-24
-17
1521
-2718
2849
9490056
-10
-16
-18
1525
-2770
2815
9491081
44
-7
-24
1512
-2739
2841
9492106
68
-2
-22
1503
-2695
2844
9493131
53
-2
-16
1521
-2708
2853
9494156
28
3
-13
1504
-2688
2832
9495181
9
8
-7
1513
-2690
2815
9496206
19
13
1
1534
-2685
2852
9497231
25
12
6
1538
-2666
2885
9498256
4
5
8
1512
-2657
2895
9491072
-18
-7
12
1499
-2704
2876
9492097
-17
-12
13
1501
-2715
2857
9493122
-29
-9
13
1504
-2704
2841
9494147
-27
2
14
1519
-2720
2803
9495172
4
22
22
1515
-2723
2810
9496197
49
39
42
1549
-2709
2888
9497222
84
59
55
1573
-2828
2926
9498247
111
98
67
1549
-2678
2677
9499272
136
112
116
1578
-2868
2505
9500297
245
113
86
1559
-2995
2290
9501322
332
120
14
1641
-2418
2237
9502347
281
65
105
1919
-2633
2851
9503372
850
-16
21
69
-2493
5282
9504397
-172
-198
-206
1079
-1697
4148
9505422
-1373
-112
84
2117
-3156
1580
9506447
-629
29
75
1511
-2315
2471
9499264
-171
19
43
1396
-2927
3079
9500289
246
18
11
1291
-3042
3428
9501314
401
45
32
1232
-2844
2850
9502339
472
10
32
1200
-3302
3209
9503364
159
-62
-77
1433
-3034
3841
9504389
-287
-138
-66
2076
-1473
3189
9505414
-1086
-108
60
2157
-2154
2101
9506439
-622
-48
118
1525
-3874
2368
9507464
311
-13
44
1441
-2778
2750
9508489
305
12
85
1405
-2511
2847
9509514
58
7
53
1357
-2896
2795
9510539
-70
-3
-8
1345
-2844
2724
9511564
-154
-37
-28
1404
-2934
2893
9512589
-121
-69
-43
1431
-2900
2887
9513614
-98
-68
-55
1487
-2810
2611
9514639
-67
-36
-67
1515
-2851
2642
9507457
13
4
-73
1483
-2762
2783
9508482
32
20
-65
1499
-2750
2903
9509507
17
30
-55
1509
-2745
2820
9510532
22
41
-45
1507
-2748
2749
9511557
35
48
-36
1491
-2739
2820
9512582
78
29
-19
1504
-2707
3002
9513607
73
-3
-12
1507
-2672
2974
9514632
-23
-18
-6
1513
-2715
2834
9515657
-68
-1
-1
1486
-2782
2799
9516682
1
5
0
1488
-2783
2871
9517707
60
8
-8
1513
-2720
2868
9518732
57
2
-5
1534
-2701
2930
9519757
30
-4
2
1532
-2663
2875
9520782
-16
-8
20
1527
-2727
2869
9521807
-19
-10
29
1511
-2741
2884
9522832
-12
-7
26
1490
-2765
2826
9515649
-7
7
19
1466
-2768
2758
9516674
15
16
12
1476
-2851
2800
9517699
68
16
5
1472
-2783
2875
9518724
67
5
1
1475
-2743
2927
9519749
10
-3
-5
1473
-2747
2885
9520774
-34
-4
-8
1484
-2740
2791
9521799
-36
3
-7
1501
-2798
2802
9522824
25
10
-7
1491
-2768
2853
9523849
59
8
-3
1477
-2714
2915
9524874
25
-2
-2
1508
-2711
2933
9525899
-7
-6
2
1492
-2714
2875
9526924
-31
-10
8
1457
-2777
2878
9527949
-12
-8
9
1489
-2787
2865
9528974
2
1
15
1508
-2773
2843
9529999
22
8
12
1499
-2747
2904
9531024
44
18
5
1498
-2652
2909
9523840
49
15
18
1495
-2616
2917
9524865
28
6
15
1494
-2780
2919
9525890
32
9
-1
1483
-2815
2910
9526915
39
1
2
1481
-2762
2913
9527940
34
-11
6
1498
-2762
2900
9528965
37
-18
6
1492
-2712
2899
9529990
15
-26
6
1490
-2727
2880
9531015
18
-30
7
1491
-2765
2886
9532040
28
-30
3
1493
-2724
2886
9533065
17
-27
5
1498
-2721
2836
9534090
13
-18
4
1504
-2763
2801
9535115
33
-14
0
1498
-2737
2857
9536140
35
-16
-7
1497
-2707
2881
9537165
-3
-14
-12
1511
-2741
2854
9538190
-7
-6
-7
1516
-2720
2811
9539215
11
4
-3
1519
-2685
2822
9532031
18
10
-1
1526
-2721
2902
9533056
21
7
0
1514
-2688
2936
9534081
-6
-1
1
1529
-2729
2921
9535106
-2
0
2
1520
-2726
2892
9536131
10
4
3
1515
-2760
2891
9537156
39
7
1
1493
-2717
2924
9538181
35
4
-3
1474
-2710
2928
9539206
7
-2
-6
1475
-2725
2901
9540231
1
-6
-5
1500
-2725
2887
9541256
12
-4
-2
1500
-2697
2916
9542281
11
-4
2
1503
-2680
2904
9543306
4
-2
4
1493
-2673
2869
9544331
-8
-1
6
1477
-2699
2878
9545356
3
-3
6
1480
-2708
2919
9546381
-1
-9
3
1495
-2690
2895
9547406
-14
-6
9
1502
-2675
2841
9540434
-12
4
14
1500
-2726
2846
9541459
17
10
16
1492
-2685
2882
9542484
18
9
18
1492
-2651
2881
9543509
-5
11
22
1501
-2698
2873
9544534
-2
21
24
1491
-2711
2889
9545559
3
29
29
1488
-2699
2919
9546584
3
34
35
1499
-2693
2951
9547609
3
38
37
1527
-2757
2959
9548634
73
42
54
1501
-2739
2950
9549659
126
57
52
1532
-2649
2798
9550684
121
85
55
1560
-2671
2642
9551709
146
102
98
1641
-2835
2662
9552734
258
116
188
1729
-2522
2502
9553759
119
138
221
1671
-2637
2317
9554784
85
75
166
1451
-2924
3435
9555809
667
-128
187
1171
-1902
4114
9548416
347
-253
71
285
-2352
4842
9549441
-1426
-289
-82
872
-3045
3430
9550466
-1308
-191
96
1761
-3248
1402
9551491
-228
-4
-4
1468
-2754
2023
9552516
314
56
-58
1274
-3158
3158
9553541
671
66
-121
1208
-2657
3204
9554566
653
48
-65
1219
-2606
3077
9555591
241
5
-78
1534
-2402
3032
9556616
-324
39
-119
1689
-3166
2498
9557641
23
7
-111
1616
-2886
3275
9558666
-27
-67
-118
1861
-2134
2996
9559691
-305
-83
-30
1669
-2908
2932
9560716
35
-99
-40
1534
-2590
2930
9561741
-54
-108
-15
1577
-2593
2717
9562766
-184
-68
-26
1553
-3053
2561
9563791
-45
-26
-40
1466
-2722
2635
9556608
-49
-34
-40
1427
-2755
2942
9557633
-9
-63
-51
1398
-2685
3087
9558658
-46
-75
-59
1451
-2707
2894
9559683
-91
-29
-69
1482
-2718
2692
9560708
-70
24
-61
1481
-2815
2713
9561733
74
52
-52
1487
-2720
2884
9562758
178
36
-38
1485
-2612
3020
9563783
106
12
-30
1520
-2552
2972
9564808
-16
-6
-22
1550
-2644
2884
9565833
-42
12
-11
1568
-2646
2678
9566858
-73
51
-8
1576
-2584
2585
9567883
-51
46
-10
1502
-2774
2985
9568908
50
-15
-5
1468
-2697
3337
9569933
-15
-75
12
1487
-2595
3185
9570958
-129
-97
9
1544
-2742
2807
9571983
-94
-63
6
1569
-2777
2638
9564800
15
-19
19
1575
-2882
2761
9565825
143
4
20
1511
-2704
2970
9566850
101
-6
12
1496
-2539
2993
9567875
-29
-15
12
1520
-2658
2881
9568900
-62
-4
9
1543
-2789
2810
9569925
2
9
9
1545
-2789
2885
9570950
71
7
10
1526
-2699
2947
9571975
37
-1
7
1528
-2637
2939
9573000
-21
-8
4
1548
-2672
2922
9574025
-28
-10
5
1530
-2672
2907
9575050
-21
-17
7
1507
-2702
2872
9576075
-4
-27
2
1511
-2738
2881
9577100
26
-24
-1
1516
-2710
2875
9578125
44
-9
-5
1520
-2815
2820
9579150
60
9
-11
1520
-2779
2852
9580175
76
1
-10
1515
-2628
2939
9572992
38
-13
-7
1548
-2643
2941
9574017
12
-13
-7
1549
-2676
2915
9575042
-3
-2
-8
1558
-2727
2863
9576067
41
3
1
1534
-2692
2886
9577092
46
-2
0
1521
-2625
2892
9578117
-7
-7
2
1555
-2684
2917
9579142
-8
-7
3
1532
-2708
2924
9580167
3
-3
-3
1508
-2697
2846
9581192
14
6
-7
1513
-2702
2851
9582217
24
10
-7
1526
-2668
2913
9583242
16
5
-4
1533
-2643
2907
9584267
18
1
-3
1539
-2613
2885
9585292
-3
-4
3
1552
-2676
2929
9586317
-5
-7
8
1555
-2665
2928
9587342
-2
-6
11
1530
-2637
2899
9588367
-11
-3
10
1527
-2692
2892
9581183
4
2
11
1517
-2718
2906
9582208
9
1
12
1519
-2715
2937
9583233
10
0
5
1517
-2672
2926
9584258
-13
0
0
1529
-2666
2900
9585283
-9
2
2
1522
-2709
2897
9586308
21
2
-1
1538
-2687
2909
9587333
25
6
-3
1535
-2636
2927
9588358
-22
-3
-1
1534
-2601
2954
9589383
-39
-11
0
1527
-2694
2858
9590408
25
4
-6
1553
-2673
2858
9591433
52
10
-9
1525
-2700
2943
9592458
18
9
-15
1545
-2722
2913
9593483
5
11
-14
1552
-2663
2882
9594508
-12
11
-2
1562
-2620
2912
9595533
-10
1
12
1535
-2661
2917
9596558
7
-7
12
1513
-2648
2935
9589376
-33
0
7
1554
-2707
2935
9590401
-43
31
13
1658
-2758
2861
9591426
29
65
56
1675
-2671
2735
9592451
177
34
119
1717
-2521
2933
9593476
-54
-63
194
1531
-2014
3262
9594501
-571
-119
185
1669
-2557
2213
9595526
-93
60
164
1378
-3671
1211
9596551
468
255
-50
-24
-2928
4815
9597576
-634
-35
-117
1539
-2214
4003
9598601
62
-17
93
1778
-3303
1997
9599626
329
104
-80
1487
-1604
2348
9600651
-222
82
9
1460
-2943
3111
9601676
-53
27
1
1487
-2988
3384
9602701
151
36
-6
1417
-2510
3295
9603726
48
95
59
1259
-3127
2992
9604751
168
48
25
1183
-3375
3498
9597568
183
-68
-74
1548
-2897
3374
9598593
-388
-127
-93
2088
-1771
3064
9599618
-1174
-94
-17
1989
-2315
2423
9600643
-907
-100
46
1655
-3213
2843
9601668
-310
-169
19
1557
-2980
2741
9602693
125
-143
31
1573
-3134
2473
9603718
243
-53
46
1332
-2470
2447
9604743
-123
9
28
1346
-2776
2503
9605768
-320
51
22
1362
-2920
2567
9606793
-181
19
3
1361
-3133
2840
9607818
114
-34
-18
1424
-2707
2787
9608843
61
-47
-14
1495
-2728
2591
9609868
-41
-9
-22
1487
-2837
2561
9610893
-13
23
-12
1483
-2855
2661
9611918
75
21
13
1481
-2838
2883
9612943
72
5
28
1507
-2743
2891
9605760
-15
16
28
1543
-2744
2659
9606785
-39
33
42
1530
-2944
2727
9607810
67
30
42
1532
-2955
2833
9608835
120
9
37
1523
-2827
2882
9609860
51
-13
28
1518
-2884
2885
9610885
-33
-19
18
1511
-2784
2776
9611910
-112
-15
21
1505
-2877
2675
9612935
-42
-10
17
1501
-2961
2758
9613960
91
-11
-1
1487
-2854
2773
9614985
79
-18
-7
1486
-2840
2803
9616010
6
-19
-19
1499
-2856
2767
9617035
-31
-18
-18
1496
-2878
2749
9618060
-16
-24
-15
1486
-2823
2782
9619085
-12
-24
-17
1485
-2862
2743
9620110
20
-18
-12
1469
-2819
2754
9621135
5
-15
-11
1470
-2819
2744
9613953
4
-18
-9
1480
-2838
2829
9614978
4
-25
-11
1480
-2837
2789
9616003
-16
-25
-10
1490
-2825
2739
9617028
-13
-11
-8
1532
-2857
2753
9618053
47
-1
-2
1521
-2844
2841
9619078
72
-8
3
1507
-2841
2888
9620103
43
-20
4
1501
-2846
2853
9621128
21
-28
3
1484
-2859
2779
9622153
33
-28
0
1493
-2870
2757
9623178
39
-25
-6
1509
-2852
2747
9624203
33
-33
-10
1505
-2805
2784
9625228
9
-41
-13
1529
-2787
2748
9626253
4
-39
-13
1549
-2789
2700
9627278
8
-25
-12
1546
-2825
2665
9628303
49
-13
-10
1554
-2772
2742
9629328
44
-12
-9
1554
-2786
2743
9622144
42
-10
-5
1554
-2783
2778
9623169
26
-4
-7
1587
-2781
2781
9624194
44
12
2
1590
-2802
2764
9625219
77
30
5
1528
-2807
2730
9626244
96
48
7
1470
-2821
2742
9627269
104
52
11
1469
-2781
2820
9628294
91
53
10
1498
-2808
2838
9629319
75
53
3
1478
-2767
2842
9630344
57
36
-5
1464
-2780
2872
9631369
58
11
-4
1474
-2764
2878
9632394
47
-9
3
1513
-2723
2876
9633419
17
-15
6
1494
-2740
2859
9634444
-2
-18
5
1508
-2733
2849
9635469
1
-13
7
1512
-2764
2846
9636494
25
-13
11
1473
-2747
2839
9637519
6
-20
10
1452
-2741
2821
9630337
-19
-28
12
1456
-2744
2816
9631362
-31
-27
14
1483
-2785
2796
9632387
-17
-19
13
1489
-2752
2790
9633412
-9
-12
11
1521
-2735
2776
9634437
7
-1
23
1539
-2718
2792
9635462
9
6
31
1548
-2771
2794
9636487
55
32
38
1624
-2894
2697
9637512
235
101
56
1622
-3047
2255
9638537
447
189
91
1760
-3188
1818
9639562
558
249
112
1980
-2961
2326
9640587
-24
151
244
1538
-319
3869
9641612
-1109
-85
349
1318
-1314
4556
9642637
-1052
-384
225
1036
-4691
2413
9643662
1055
-345
-59
348
-4278
3620
9644687
295
-232
-123
1189
-1807
3786
9645712
-1209
-125
202
1622
-2914
1999
9638529
-841
55
140
1635
-2259
1387
9639554
-109
167
24
1539
-3444
2293
9640579
737
144
-46
1347
-3126
3608
9641604
793
169
-32
1190
-2755
2813
9642629
433
125
58
1312
-3287
2938
9643654
165
33
-53
1410
-3127
3394
9644679
-19
-49
-102
1691
-2324
3331
9645704
-537
-69
-39
2076
-1719
2585
9646729
-1013
-29
16
1724
-3425
2385
9647754
-237
-36
14
1560
-3368
2540
9648779
211
-46
17
1521
-3140
2649
9649804
250
-43
36
1499
-2528
2753
9650829
-123
-20
47
1415
-2610
2470
9651854
-421
24
39
1374
-3014
2537
9652879
-225
18
2
1212
-3343
2924
9653904
131
-13
-45
1258
-3028
2982
9646719
130
-19
-51
1380
-2803
2696
9647744
-28
14
-55
1446
-2899
2620
9648769
6
47
-49
1427
-2795
2831
9649794
46
23
-18
1455
-2723
2955
9650819
5
-11
-5
1481
-2843
2776
9651844
-59
-7
-19
1521
-3054
2455
9652869
61
30
-15
1491
-2900
2544
9653894
158
12
3
1428
-2815
2996
9654919
113
-45
-4
1433
-2813
3069
9655944
-45
-64
-17
1446
-2868
2767
9656969
-195
-26
-40
1494
-3020
2436
9657994
-140
27
-47
1488
-3065
2572
9659019
106
26
-51
1463
-2839
2930
9660044
145
-14
-56
1478
-2702
2934
9661069
-20
-31
-70
1504
-2871
2680
9662094
-84
-21
-72
1538
-3037
2509
9654913
85
27
-57
1539
-2975
2647
9655938
283
63
-37
1538
-2764
2788
9656963
268
75
-32
1524
-2683
2882
9657988
113
76
-28
1500
-2745
2903
9659013
-9
69
-19
1488
-2877
2884
9660038
4
49
-14
1470
-2879
2906
9661063
18
17
-25
1434
-2852
2902
9662088
5
-6
-41
1438
-2817
2859
9663113
-31
-15
-52
1423
-2831
2833
9664138
-35
-24
-54
1422
-2801
2845
9665163
-19
-20
-52
1466
-2784
2795
9666188
9
-8
-43
1473
-2800
2835
9667213
25
-2
-40
1483
-2761
2828
9668238
24
5
-28
1515
-2754
2811
9669263
22
16
-17
1515
-2717
2773
9670288
21
21
-8
1487
-2781
2805
9663104
52
16
-3
1497
-2772
2849
9664129
61
6
1
1488
-2710
2880
9665154
7
-8
3
1479
-2708
2856
9666179
-30
-15
9
1490
-2808
2792
9667204
8
-11
8
1491
-2799
2783
9668229
29
-4
4
1482
-2797
2786
9669254
27
0
1
1490
-2737
2813
9670279
-13
-1
4
1509
-2777
2800
9671304
-14
7
6
1515
-2807
2759
9672329
6
14
5
1476
-2831
2801
9673354
26
10
0
1474
-2797
2832
9674379
13
0
-2
1470
-2780
2853
9675404
-27
-8
-7
1469
-2800
2822
9676429
-30
-10
-9
1488
-2834
2820
9677454
2
-3
-10
1493
-2781
2839
9678479
3
0
-10
1482
-2780
2830
9671295
-3
2
-8
1509
-2752
2826
9672320
0
7
-2
1525
-2777
2864
9673345
18
6
5
1513
-2779
2888
9674370
13
6
9
1514
-2793
2868
9675395
16
3
5
1487
-2824
2870
9676420
13
-9
-7
1453
-2810
2907
9677445
4
-21
-11
1463
-2798
2889
9678470
-2
-29
-13
1487
-2780
2836
9679495
-2
-27
-13
1482
-2774
2822
9680520
4
-22
-14
1498
-2774
2801
9681545
27
-12
-10
1531
-2739
2779
9682570
32
-1
-3
1518
-2754
2794
9683595
21
-3
0
1478
-2748
2829
9684620
3
-11
6
1483
-2744
2804
9685645
-20
-10
6
1471
-2762
2768
9686670
-35
-5
3
1469
-2787
2744
9679588
-17
26
-2
1479
-2792
2707
9680613
1
39
-3
1443
-2677
2785
9681638
-77
38
0
1559
-2827
2734
9682663
-8
94
-4
1638
-2972
2519
9683688
40
149
58
1729
-2552
2535
9684713
-48
98
187
1845
-2276
2711
9685738
-113
84
335
1574
-2107
2366
9686763
-401
70
333
1351
-2626
2925
9687788
-78
-99
295
1359
-3539
3209
9688813
638
-166
90
159
-3200
4065
9689838
-170
-194
-129
1230
-2138
3871
9690863
-1312
-41
99
1750
-2960
1480
9691888
-564
87
62
1454
-3250
1971
9692913
320
71
-8
1343
-3277
2959
9693938
389
24
-52
1292
-2753
3290
9694963
409
52
-69
1191
-3096
2907
9687680
565
25
-22
1259
-3621
2870
9688705
373
-13
-73
1360
-2919
3354
9689730
-154
-95
-97
1693
-2123
3450
9690755
-740
-73
-57
2134
-2077
2044
9691780
-806
29
52
1625
-3587
2207
9692805
95
14
27
1506
-2769
2719
9693830
342
-8
26
1481
-3115
2774
9694855
336
-3
28
1410
-2670
2794
9695880
-98
-3
16
1345
-2905
2632
9696905
-301
23
-20
1337
-3033
2557
9697930
-240
26
-25
1325
-2976
2729
9698955
-87
4
-41
1401
-2979
2804
9699980
58
15
-66
1433
-2808
2683
9701005
9
33
-67
1446
-2794
2709
9702030
-22
35
-48
1427
-2970
2790
9703055
54
20
-36
1433
-2840
2956
9695872
36
-5
-20
1439
-2802
2889
9696897
-9
-2
-12
1484
-2974
2661
9697922
37
40
-10
1466
-2858
2619
9698947
1
55
8
1443
-2853
2762
9699972
30
30
19
1421
-2891
2971
9700997
68
-16
9
1410
-2771
3016
9702022
-6
-32
8
1425
-2849
2776
9703047
-66
6
-2
1438
-2960
2503
9704072
-41
38
-9
1398
-2982
2711
9705097
29
35
-13
1438
-2893
2768
9706122
19
27
-16
1479
-2935
2764
9707147
28
16
-24
1444
-2828
2851
9708172
-12
-3
-26
1434
-2793
2798
9709197
-62
-15
-19
1457
-2884
2756
9710222
-39
-15
-18
1437
-2923
2766
9711247
-4
-10
-18
1435
-2866
2801
9704064
-7
-9
-15
1444
-2882
2799
9705089
-15
1
-14
1449
-2901
2696
9706114
8
8
-8
1449
-2883
2759
9707139
23
3
-5
1427
-2883
2780
9708164
16
-11
-5
1399
-2880
2830
9709189
-11
-22
-9
1407
-2826
2813
9710214
-37
-11
-6
1446
-2896
2723
9711239
-11
8
-10
1441
-2888
2693
9712264
31
23
-4
1445
-2860
2740
9713289
57
31
15
1490
-2889
2826
9714314
81
29
28
1507
-2829
2856
9715339
42
23
21
1470
-2874
2850
9716364
22
14
10
1433
-2910
2837
9717389
34
4
-4
1419
-2926
2811
9718414
33
-10
-18
1411
-2883
2827
9719439
19
-31
-26
1428
-2857
2849
9712256
-9
-46
-31
1427
-2829
2790
9713281
-37
-52
-32
1432
-2860
2776
9714306
-24
-46
-34
1435
-2838
2742
9715331
1
-39
-27
1436
-2797
2757
9716356
-3
-29
-17
1421
-2828
2732
9717381
-5
-13
-10
1440
-2845
2715
9718406
17
7
-6
1442
-2821
2741
9719431
53
12
3
1451
-2819
2790
9720456
49
9
8
1453
-2763
2788
9721481
7
-1
14
1459
-2804
2798
9722506
13
-12
17
1468
-2816
2811
9723531
13
-27
20
1464
-2804
2824
9724556
-26
-54
18
1462
-2814
2851
9725581
-69
-80
19
1503
-2815
2819
9726606
-85
-94
25
1512
-2851
2774
9727631
-91
-91
25
1479
-2890
2702
9720448
-93
-69
19
1486
-2945
2649
9721473
-46
-40
14
1508
-2942
2690
9722498
-5
-16
7
1481
-2935
2703
9723523
5
1
-4
1465
-2923
2712
9724548
7
12
-12
1470
-2929
2736
9725573
29
20
-16
1473
-2883
2725
9726598
37
22
-15
1450
-2820
2755
9727623
16
11
-13
1445
-2854
2815
9728648
-3
1
-15
1466
-2851
2768
9729673
-7
-4
-12
1465
-2835
2773
9730698
12
-7
-4
1465
-2800
2792
9731723
16
-8
8
1473
-2781
2764
9732748
-4
4
13
1504
-2883
2745
9733773
46
41
1
1564
-3046
2622
9734798
230
70
7
1511
-2911
2607
9735823
256
73
70
1605
-2753
2672
9728640
104
103
179
1872
-2923
2385
9729665
-15
114
263
1501
-2565
2318
9730690
-147
60
265
1399
-2191
2574
9731715
152
35
246
867
-2936
2829
9732740
231
-92
7
415
-2241
4854
9733765
-864
-192
-18
1423
-2525
3359
9734790
-1068
-67
99
1552
-3717
1561
9735815
-171
47
35
1472
-3242
1849
9736840
403
84
29
1440
-2809
2714
9737865
294
69
56
1407
-2705
3348
9738890
61
43
77
1242
-3103
3214
9739915
208
-5
92
1281
-3512
2767
9740940
221
-28
0
1403
-3238
2935
9741965
-30
-43
-67
1613
-2634
3261
9742990
-665
-56
-83
1990
-2403
2521
9744015
-605
-58
72
1736
-3215
2273
9736831
225
-44
50
1489
-3588
2535
9737856
437
-11
5
1339
-2754
2932
9738881
51
-12
47
1242
-2742
2661
9739906
-248
-3
16
1357
-3158
2318
9740931
-192
19
-21
1255
-3172
2508
9741956
-45
7
-49
1257
-3136
2752
9742981
61
-7
-82
1319
-2958
2840
9744006
19
-24
-84
1343
-2759
2756
9745031
-80
-30
-67
1358
-2934
2683
9746056
-40
-19
-49
1362
-2902
2695
9747081
-2
-4
-30
1377
-2902
2621
9748106
27
16
-19
1384
-2894
2592
9749131
35
34
-5
1425
-2877
2622
9750156
72
20
9
1385
-2852
2855
9751181
9
-26
16
1402
-2817
2919
9752206
-101
-43
24
1453
-2952
2688
9745024
-96
-15
22
1426
-3072
2497
9746049
27
19
16
1403
-2974
2652
9747074
79
24
14
1410
-2900
2767
9748099
16
14
8
1432
-2966
2761
9749124
-21
15
2
1424
-2998
2636
9750149
12
8
1
1397
-3033
2734
9751174
39
-8
-8
1401
-2959
2781
9752199
5
-26
-16
1418
-3010
2818
9753224
-27
-35
-25
1396
-2978
2745
9754249
-66
-40
-31
1390
-3053
2651
9755274
-41
-38
-46
1430
-3067
2678
9756299
24
-26
-61
1433
-3058
2697
9757324
70
-16
-76
1425
-2971
2751
9758349
46
-11
-86
1441
-2929
2676
9759374
6
-3
-88
1443
-3024
2616
9760399
59
-1
-92
1420
-2983
2731
9753378
100
-13
-96
1447
-2864
2761
9754403
57
-30
-96
1473
-2880
2740
9755428
10
-29
-93
1477
-2861
2671
9756453
-6
-14
-82
1479
-2907
2717
9757478
40
-16
-73
1499
-2854
2785
9758503
45
-21
-63
1507
-2833
2723
9759528
8
-15
-56
1509
-2806
2678
9760553
-12
-10
-43
1511
-2841
2720
9761578
12
-10
-27
1513
-2802
2735
9762603
15
-7
-15
1493
-2806
2674
9763628
15
-1
-6
1477
-2849
2696
9764653
20
1
2
1482
-2846
2714
9765678
18
1
8
1476
-2864
2727
9766703
5
-3
7
1473
-2866
2705
9767728
-12
-10
7
1471
-2878
2702
9768753
-7
-15
9
1487
-2879
2705
9761408
-3
-11
11
1494
-2883
2663
9762433
-14
-5
11
1481
-2892
2674
9763458
-3
1
13
1494
-2859
2705
9764483
3
8
13
1517
-2888
2726
9765508
19
10
14
1520
-2868
2745
9766533
14
3
17
1513
-2834
2735
9767558
-23
-3
24
1520
-2851
2726
9768583
-34
-4
33
1521
-2896
2691
9769608
4
4
37
1494
-2898
2709
9770633
14
11
34
1505
-2873
2745
9771658
-7
15
30
1497
-2935
2728
9772683
-3
17
20
1459
-2941
2739
9773708
5
8
6
1437
-2950
2751
9774733
4
1
-4
1453
-2927
2738
9775758
1
-3
-8
1460
-2898
2739
9776783
-10
0
-9
1481
-2903
2733
9769600
-4
5
-4
1492
-2911
2737
9770625
36
9
3
1481
-2912
2776
9771650
51
7
10
1473
-2860
2816
9772675
-11
4
17
1456
-2883
2793
9773700
-23
2
31
1452
-2986
2727
9774725
83
14
39
1442
-2933
2682
9775750
87
44
-3
1445
-2927
2713
9776775
52
52
-40
1468
-2977
2848
9777800
109
34
25
1561
-2750
2669
9778825
-18
85
93
1613
-2566
1999
9779850
-236
200
174
1746
-2850
1464
9780875
150
304
185
1431
-3414
1957
9781900
1127
167
123
1578
-2637
3237
9782925
1180
-67
103
1515
-1718
3804
9783950
402
-137
13
-224
-2531
5525
9784975
-1581
-254
-103
1729
-2142
2862
9777792
-1791
-44
160
1723
-3463
1106
9778817
-412
66
40
1324
-3670
2430
9779842
388
36
-77
1357
-3000
2817
9780867
516
29
-29
1278
-2515
3330
9781892
359
52
-1
1118
-3571
3046
9782917
710
7
-80
1025
-3975
2992
9783942
1053
-131
-123
1253
-2770
3963
9784967
-255
-220
-102
2290
-597
3267
9785992
-1918
-144
108
2253
-2341
1620
9787017
-924
-22
121
1357
-4737
1879
9788042
609
57
55
1425
-2670
2338
9789067
668
85
121
1370
-2524
2779
9790092
361
45
107
1272
-2669
2964
9791117
-122
-30
57
1245
-2860
2905
9792142
-444
-60
49
1329
-3099
2603
9793167
-384
-37
32
1301
-3239
2560
9785983
-67
-19
-19
1321
-3050
2737
9787008
131
-22
-46
1382
-2819
2785
9788033
116
4
-46
1445
-2938
2526
9789058
126
54
-29
1469
-3082
2630
9790083
201
71
-12
1452
-2882
2850
9791108
156
52
11
1481
-2739
2884
9792133
38
37
33
1481
-2737
2879
9793158
-61
33
31
1439
-2970
2700
9794183
-30
30
15
1413
-3088
2743
9795208
74
18
-1
1401
-2972
2897
9796233
68
-6
-8
1388
-2848
2939
9797258
-33
-27
-24
1402
-2936
2870
9798283
-68
-23
-39
1413
-2994
2722
9799308
-7
0
-48
1416
-2986
2673
9800333
56
9
-52
1418
-2913
2814
9801358
63
-8
-56
1403
-2874
2924
9794176
7
-23
-59
1399
-2864
2820
9795201
-6
-22
-55
1392
-2873
2695
9796226
67
-17
-51
1394
-2962
2736
9797251
222
-12
-51
1393
-2931
2748
9798276
314
-8
-49
1377
-2758
2770
9799301
257
-1
-40
1418
-2684
2808
9800326
169
10
-24
1443
-2650
2812
9801351
86
22
-5
1419
-2640
2717
9802376
6
26
15
1405
-2729
2730
9803401
28
9
14
1411
-2784
2895
9804426
53
-11
11
1406
-2690
2895
9805451
-36
-20
16
1442
-2722
2858
9806476
-97
-7
27
1441
-2800
2801
9807501
-71
12
31
1439
-2809
2779
9808526
-13
15
36
1445
-2817
2845
9809551
20
10
35
1470
-2816
2926
9802369
-6
3
30
1461
-2818
2914
9803394
-50
-3
29
1439
-2845
2846
9804419
-49
1
24
1436
-2883
2807
9805444
-14
8
17
1407
-2869
2848
9806469
-2
3
9
1398
-2877
2895
9807494
-6
-1
1
1403
-2832
2873
9808519
-38
-1
-7
1427
-2870
2836
9809544
-19
5
-10
1413
-2921
2827
9810569
29
3
-14
1414
-2837
2864
9811594
13
-2
-16
1421
-2832
2867
9812619
-29
-7
-17
1403
-2874
2837
9813644
-6
-12
-19
1401
-2884
2865
9814669
41
-16
-22
1402
-2830
2823
9815694
65
-10
-25
1395
-2857
2782
9816719
120
6
-30
1405
-2856
2817
9817744
190
10
-32
1417
-2811
2871
9810561
167
5
-38
1439
-2731
2906
9811586
30
0
-41
1473
-2758
2922
9812611
-69
-2
-42
1479
-2835
2865
9813636
-81
3
-45
1496
-2850
2829
9814661
-40
7
-45
1508
-2826
2873
9815686
25
2
-44
1502
-2778
2913
9816711
37
-5
-44
1488
-2752
2868
9817736
8
-4
-40
1477
-2739
2868
9818761
2
-6
-31
1453
-2733
2858
9819786
0
-9
-21
1439
-2753
2822
9820811
-6
-5
-18
1431
-2769
2840
9821836
-1
1
-17
1419
-2742
2857
9822861
15
1
-10
1404
-2672
2874
9823886
-16
0
-7
1428
-2726
2866
9824911
-1
23
-3
1491
-2838
2820
9825936
95
47
7
1429
-2703
2749
9818752
80
54
30
1536
-2776
2620
9819777
112
103
92
1648
-2867
2513
9820802
180
132
191
1479
-2506
2742
9821827
-6
29
219
1451
-2234
3024
9822852
17
-63
196
1524
-2411
2419
9823877
294
-18
158
675
-2679
3531
9824902
-766
-97
-73
679
-2751
4721
9825927
-869
-197
55
1579
-3620
2437
9826952
62
-96
78
1655
-2692
1888
9827977
122
24
52
1431
-2327
2826
9829002
-100
43
54
1272
-2985
2897
9830027
223
15
16
1362
-2939
3037
9831052
327
17
-19
1276
-3261
2895
9832077
279
69
-31
1309
-3306
2548
9833102
506
67
-89
950
-3428
3527
9834127
452
-50
-156
1309
-2801
3791
9826944
-358
-228
-106
2331
-1005
3398
9827969
-1538
-255
41
2161
-2215
2333
9828994
-1014
-169
40
1413
-4556
2161
9830019
220
-109
10
1427
-2647
2627
9831044
196
-93
60
1328
-2769
2882
9832069
99
-89
37
1271
-2963
2793
9833094
-82
-56
-39
1352
-3004
2255
9834119
-113
25
-37
1369
-3057
2204
9835144
121
73
-30
1363
-2859
2732
9836169
179
40
-43
1430
-2657
3001
9837194
6
-12
-48
1480
-2785
2824
9838219
-82
-4
-37
1476
-2818
2532
9839244
-12
24
-18
1464
-2858
2656
9840269
89
31
7
1481
-2628
2802
9841294
47
16
30
1485
-2711
2844
9842319
-9
0
31
1482
-2808
2770
9835137
-37
-2
36
1476
-2867
2684
9836162
-15
-1
47
1478
-2874
2762
9837187
-6
6
49
1468
-2889
2729
9838212
1
12
43
1441
-2907
2849
9839237
1
14
33
1443
-2902
2827
9840262
-12
20
26
1458
-2932
2773
9841287
-14
34
13
1457
-2965
2697
9842312
18
43
2
1429
-2929
2811
9843337
24
32
-14
1443
-2899
2893
9844362
-16
25
-16
1462
-2870
2784
9845387
-57
38
-12
1473
-2948
2751
9846412
-36
57
-15
1465
-3017
2749
9847437
76
54
-10
1452
-2923
2890
9848462
106
37
-12
1443
-2836
2911
9849487
28
16
-20
1419
-2898
2893
9850512
-12
2
-29
1409
-2928
2847
9843328
11
-8
-34
1437
-2890
2807
9844353
38
-16
-36
1424
-2865
2836
9845378
45
-29
-42
1414
-2788
2849
9846403
-6
-29
-49
1422
-2825
2763
9847428
8
-27
-45
1426
-2849
2801
9848453
42
-30
-42
1433
-2743
2786
9849478
-1
-29
-35
1423
-2791
2760
9850503
-13
-22
-29
1424
-2758
2734
9851528
-17
-6
-24
1434
-2807
2708
9852553
27
-1
-14
1428
-2757
2804
9853578
30
-1
-3
1470
-2734
2783
9854603
3
1
8
1503
-2769
2802
9855628
4
2
18
1485
-2790
2784
9856653
1
6
24
1475
-2841
2765
9857678
19
3
29
1454
-2857
2811
9858703
7
-1
27
1438
-2815
2784
9851520
-27
1
23
1443
-2866
2745
9852545
-22
15
14
1440
-2909
2743
9853570
13
34
6
1444
-2887
2738
9854595
42
46
0
1465
-2833
2750
9855620
67
50
3
1475
-2834
2836
9856645
80
39
6
1458
-2750
2912
9857670
9
16
13
1461
-2768
2879
9858695
-37
2
17
1471
-2839
2829
9859720
-12
-3
18
1464
-2851
2833
9860745
18
-9
17
1431
-2826
2872
9861770
-10
-17
9
1422
-2843
2813
9862795
-45
-12
1
1428
-2886
2780
9863820
-19
-3
-5
1441
-2864
2792
9864845
-3
4
-10
1435
-2852
2792
9865870
2
7
-9
1421
-2801
2825
9866895
-34
12
-5
1433
-2803
2817
9859713
-71
23
2
1450
-2808
2844
9860738
-96
30
8
1422
-2845
2869
9861763
-60
19
17
1411
-2864
2915
9862788
-58
3
21
1404
-2848
2826
9863813
-58
1
12
1395
-2881
2757
9864838
-64
7
1
1420
-2905
2728
9865863
-15
38
-14
1485
-2982
2627
9866888
52
76
-7
1467
-2763
2666
9867913
20
55
60
1500
-2629
2896
9868938
-39
25
148
1639
-2688
2894
9869963
59
81
203
1739
-2470
2045
9870988
-65
200
231
1499
-2967
1391
9872013
164
188
145
994
-3359
2720
9873038
1087
54
24
277
-2290
5509
9874063
-528
-152
-112
1256
-2250
3377
9875088
-1030
-57
-19
1577
-3987
1600
9867904
-55
33
-57
1542
-2929
2523
9868929
188
0
-40
1246
-2716
3237
9869954
-85
-79
-4
1399
-2466
3050
9870979
-34
-71
-8
1233
-3323
2911
9872004
379
-17
-61
1135
-3472
2833
9873029
431
-33
-56
1157
-2850
3532
9874054
-253
-71
-92
1382
-2381
3324
9875079
-762
-142
-59
2321
-2028
2493
9876104
-794
-108
51
1848
-3010
2127
9877129
-154
-63
45
1405
-3802
2274
9878154
450
20
71
1369
-2328
2691
9879179
-9
-16
86
1255
-2977
2920
9880204
-115
-71
53
1273
-2997
2696
9881229
-215
-47
4
1304
-3062
2386
9882254
-269
2
-2
1345
-3078
2469
9883279
-129
18
-20
1379
-3050
2704
9876095
45
5
-36
1431
-2924
2771
9877120
66
15
-24
1481
-2818
2631
9878145
0
44
7
1444
-2958
2594
9879170
4
60
20
1408
-2933
2644
9880195
45
54
36
1401
-2899
2794
9881220
43
45
42
1373
-2895
2784
9882245
-19
30
34
1358
-3026
2753
9883270
-55
31
9
1402
-3120
2638
9884295
22
46
-6
1420
-3076
2627
9885320
89
49
-17
1412
-2937
2716
9886345
68
29
-23
1400
-2947
2987
9887370
-24
-17
-30
1381
-2960
3004
9888395
-61
-44
-31
1393
-3004
2805
9889420
-69
-30
-39
1407
-3048
2535
9890445
28
2
-34
1372
-3016
2636
9891470
162
3
-26
1371
-2909
2849
9884289
160
-19
-23
1425
-2884
2840
9885314
79
-23
-23
1407
-2853
2767
9886339
-1
-9
-23
1386
-2907
2661
9887364
2
-3
-17
1386
-3009
2679
9888389
66
-5
-19
1357
-2889
2769
9889414
45
-12
-29
1352
-2899
2773
9890439
17
-22
-38
1367
-2897
2776
9891464
4
-24
-42
1410
-2945
2713
9892489
39
-11
-40
1448
-2917
2687
9893514
66
-4
-40
1439
-2867
2728
9894539
51
-7
-37
1445
-2804
2782
9895564
-5
-9
-28
1470
-2863
2744
9896589
12
-5
-13
1453
-2844
2718
9897614
25
-5
-5
1427
-2842
2741
9898639
32
-7
0
1421
-2830
2765
9899664
6
-13
5
1402
-2806
2786
9892533
-58
-18
8
1392
-2866
2719
9893558
-60
-12
6
1426
-2916
2641
9894583
1
-2
8
1416
-2908
2695
9895608
21
4
7
1415
-2883
2729
9896633
13
10
9
1438
-2844
2766
9897658
-5
13
18
1425
-2841
2779
9898683
-13
13
27
1416
-2917
2765
9899708
-3
17
29
1429
-2940
2762
9900733
11
19
28
1434
-2942
2788
9901758
24
7
26
1429
-2870
2847
9902783
-8
-6
25
1422
-2896
2797
9903808
-21
-14
20
1433
-2949
2792
9904833
-1
-15
13
1431
-2974
2770
9905858
9
-8
5
1426
-2959
2742
9906883
19
-2
4
1429
-2885
2780
9907908
5
1
4
1433
-2903
2780
9900671
-8
5
0
1422
-2886
2748
9901696
-25
14
-8
1431
-2949
2699
9902721
8
23
-10
1415
-2960
2745
9903746
26
4
-14
1389
-2945
2838
9904771
5
-25
-20
1388
-2865
2809
9905796
-39
-38
-22
1406
-2878
2724
9906821
-42
-24
-21
1415
-2899
2643
9907846
-4
-7
-16
1402
-2919
2680
9908871
42
0
-15
1395
-2838
2744
9909896
22
-2
-12
1413
-2826
2779
9910921
-15
-6
-3
1420
-2808
2741
9911946
-27
-1
6
1424
-2879
2717
9912971
14
6
10
1418
-2837
2746
9913996
14
1
18
1399
-2844
2769
9915021
3
0
23
1390
-2833
2750
9916046
-14
3
36
1410
-2808
2738
9908865
-12
1
52
1434
-2830
2806
9909890
18
-14
60
1429
-2767
2817
9910915
-37
-26
83
1385
-2753
2777
9911940
-95
-30
99
1382
-2867
2776
9912965
-76
-18
100
1377
-2900
2715
9913990
-56
-7
104
1381
-2975
2689
9915015
17
4
104
1425
-3020
2728
9916040
107
16
116
1449
-2902
2760
9917065
132
2
144
1447
-2766
2829
9918090
60
-7
201
1497
-2723
2630
9919115
-1
12
277
1663
-3297
2300
9920140
145
92
248
1423
-3737
1418
9921165
264
95
217
1653
-2885
1738
9922190
784
-34
305
698
-2018
4864
9923215
800
-277
-25
-59
-1922
6281
9924240
-1187
-362
19
1794
-2829
1687
9917056
-1235
-69
198
1483
-3253
1278
9918081
-395
74
55
1102
-3570
2293
9919106
361
15
-20
1128
-3520
3374
9920131
616
27
-91
1071
-2726
3267
9921156
379
35
20
1281
-3363
2502
9922181
423
2
-19
1319
-3084
3093
9923206
63
-56
-86
1497
-3061
3135
9924231
-374
-104
-46
1827
-2143
2689
9925256
-656
-60
26
1708
-2911
2190
9926281
-225
-29
4
1360
-3668
2639
9927306
218
-48
-38
1374
-2771
2678
9928331
199
-52
-26
1355
-3316
2646
9929356
329
-37
-68
1287
-2600
2760
9930381
-96
-33
-52
1296
-2754
2563
9931406
-354
-16
-57
1335
-3168
2470
9932431
-215
12
-67
1333
-3088
2490
9925249
9
34
-62
1373
-2947
2642
9926274
131
45
-50
1365
-2679
2730
9927299
42
46
-47
1353
-2867
2743
9928324
-24
66
-60
1323
-3003
2643
9929349
17
67
-44
1345
-3021
2824
9930374
64
44
-39
1397
-2841
2923
9931399
0
9
-23
1414
-2792
2907
9932424
-75
-16
-9
1465
-2935
2885
9933449
-70
1
-6
1426
-2895
2640
9934474
-71
12
7
1400
-3078
2774
9935499
27
7
2
1362
-2994
2899
9936524
23
-2
-5
1370
-2998
2840
9937549
-3
10
-12
1366
-2983
2766
9938574
13
20
-19
1341
-2971
2758
9939599
32
11
-27
1334
-3042
2809
9940624
38
-4
-44
1357
-3084
2760
9933440
81
-14
-50
1356
-2912
2811
9934465
43
-33
-53
1340
-2846
2813
9935490
-30
-42
-54
1363
-2975
2745
9936515
-11
-33
-55
1373
-2933
2684
9937540
15
-14
-53
1359
-2900
2688
9938565
50
-9
-51
1351
-2832
2776
9939590
49
-21
-49
1371
-2853
2828
9940615
6
-30
-47
1413
-2915
2764
9941640
-24
-23
-45
1405
-2888
2648
9942665
-25
-2
-40
1410
-2916
2571
9943690
51
8
-31
1418
-2912
2761
9944715
78
-11
-37
1403
-2769
2905
9945740
-11
-37
-38
1423
-2836
2835
9946765
-65
-38
-34
1422
-2852
2699
9947790
-62
-16
-24
1448
-2883
2616
9948815
-5
6
-12
1440
-2916
2675
9941632
65
8
-11
1424
-2816
2789
9942657
30
-4
-12
1427
-2794
2795
9943682
-35
-6
-8
1448
-2852
2741
9944707
-40
7
0
1457
-2903
2686
9945732
6
18
7
1428
-2911
2734
9946757
44
10
12
1417
-2830
2814
9947782
3
-2
15
1467
-2835
2826
9948807
-54
-7
20
1483
-2907
2766
9949832
-48
-2
28
1465
-2956
2740
9950857
4
7
29
1437
-2920
2736
9951882
14
13
26
1394
-2936
2742
9952907
9
7
15
1360
-2939
2754
9953932
9
-2
4
1376
-2938
2789
9954957
1
-10
-3
1377
-2893
2750
9955982
-29
-17
-6
1385
-2890
2743
9957007
-29
-14
-8
1423
-2882
2751
9949824
-14
-5
-3
1430
-2876
2730
9950849
-5
4
5
1419
-2849
2744
9951874
-10
15
13
1434
-2893
2741
9952899
20
33
17
1469
-2921
2710
9953924
85
50
16
1485
-2909
2585
9954949
163
77
45
1501
-2745
2594
9955974
159
107
119
1587
-2652
2468
9956999
60
106
216
1573
-2694
2485
9958024
-122
92
237
1354
-3023
2594
9959049
47
53
189
1583
-2992
2407
9960074
157
14
245
1373
-2195
3094
9961099
-157
-19
109
-152
-2822
4938
9962124
-1011
-187
-111
1306
-3586
2756
9963149
-262
-97
-8
1538
-3554
1621
9964174
371
21
-88
1254
-2596
2610
9965199
339
-1
-102
1258
-3332
3262
9958016
648
5
-144
1193
-2995
3219
9959041
469
12
-69
1256
-2819
2834
9960066
-177
23
-30
1485
-3081
2638
9961091
-194
-16
-47
1585
-2982
3418
9962116
-148
-77
-82
1915
-2141
2695
9963141
-336
-17
27
1516
-3250
2279
9964166
51
11
-25
1348
-2993
2636
9965191
122
-7
-58
1335
-3006
2876
9966216
26
-32
-62
1363
-2934
2786
9967241
-81
-36
-57
1382
-2794
2533
9968266
-221
-26
-62
1422
-3047
2605
9969291
-121
-25
-63
1395
-3011
2880
9970316
7
-44
-50
1387
-2804
2913
9971341
-46
-32
-36
1434
-2820
2601
9972366
-85
20
-29
1386
-2854
2536
9973391
-53
49
-33
1369
-3076
2668
9966208
117
47
-29
1368
-2883
2833
9967233
145
2
-18
1408
-2762
3024
9968258
47
-47
-8
1413
-2711
3011
9969283
-90
-63
-8
1415
-2810
2729
9970308
-108
-47
-4
1408
-3090
2550
9971333
45
-15
-27
1409
-3077
2617
9972358
142
8
-51
1398
-2942
2701
9973383
137
9
-76
1442
-3013
2822
9974408
117
10
-88
1464
-2885
2797
9975433
53
19
-90
1491
-2917
2642
9976458
60
25
-82
1519
-2794
2703
9977483
89
14
-68
1505
-2776
2878
9978508
67
-5
-68
1481
-2811
2986
9979533
45
-15
-60
1464
-2761
2915
9980558
-6
-16
-48
1464
-2848
2755
9981583
-5
-2
-33
1475
-2873
2706
9974400
48
0
-20
1450
-2809
2828
9975425
81
-17
-8
1433
-2744
2892
9976450
6
-15
-3
1440
-2808
2801
9977475
-47
21
-1
1412
-2914
2657
9978500
-29
16
-9
1374
-2993
2772
9979525
4
-28
-34
1428
-2871
2911
9980550
-25
-61
-50
1493
-2826
2887
9981575
-51
-67
-55
1517
-2853
2773
9982600
-43
-48
-55
1548
-2852
2663
9983625
16
-16
-45
1534
-2843
2715
9984650
69
-5
-44
1530
-2740
2827
9985675
38
-11
-39
1513
-2724
2837
9986700
-23
-10
-34
1487
-2769
2756
9987725
-31
2
-29
1485
-2817
2658
9988750
42
16
-26
1472
-2806
2788
9989775
80
10
-30
1445
-2672
2867
9982592
19
-5
-30
1437
-2703
2823
9983617
-16
-16
-24
1427
-2698
2824
9984642
-48
-17
-21
1447
-2736
2741
9985667
-40
-11
-19
1452
-2748
2742
9986692
8
-12
-6
1452
-2662
2799
9987717
12
-14
24
1493
-2628
2796
9988742
-30
3
62
1522
-2703
2745
9989767
-29
32
100
1522
-2795
2657
9990792
22
50
130
1516
-2851
2722
9991817
70
46
141
1494
-2875
2852
9992842
42
34
140
1496
-2920
2851
9993867
-4
25
130
1488
-2955
2752
9994892
-13
23
115
1490
-2979
2742
9995917
-2
22
94
1486
-2945
2758
9996942
-8
17
79
1498
-2953
2744
9997967
3
31
61
1502
-2932
2677
9990784
-6
55
51
1493
-2848
2631
9991809
-27
60
53
1506
-2816
2907
9992834
-56
43
64
1543
-2939
2976
9993859
10
55
81
1537
-2992
2723
9994884
23
69
70
1577
-3043
2704
9995909
-58
96
65
1767
-2935
2263
9996934
-147
92
147
1786
-2558
2268
9997959
-292
52
99
1814
-2354
1895
9998984
310
80
36
634
-3537
3860
10000009
727
-152
-216
-68
-1535
6429
10001034
-1625
-317
-41
1563
-2966
1593
10002059
-1429
-153
160
1714
-3181
1955
10003084
-568
-56
30
1035
-2786
2658
10004109
-49
-46
44
1323
-3689
2511
10005134
500
55
42
1191
-3131
2614
10006159
497
130
47
1245
-2932
2350
9998976
807
112
22
783
-4082
3387
10000001
1054
-38
-95
1253
-2454
3274
10001026
-329
-30
-94
1581
-2194
3412
10002051
-1289
-77
-70
2101
-2363
2304
10003076
-808
-38
39
1692
-3864
2080
10004101
342
-21
2
1445
-2966
2410
10005126
505
30
6
1556
-3083
2319
10006151
486
84
-15
1344
-2683
2738
10007176
81
44
-13
1285
-2827
2843
10008201
-215
5
-23
1406
-3164
2602
10009226
-202
21
-43
1405
-2998
2416
10010251
-34
34
-45
1389
-2948
2648
10011276
97
38
-43
1416
-2696
2814
10012301
42
23
-18
1408
-2871
2856
10013326
-44
24
-33
1435
-3085
2661
10014351
2
42
-26
1412
-2950
2714
10007168
87
21
-4
1401
-2749
2893
10008193
57
-21
18
1395
-2770
2905
10009218
-89
-40
9
1400
-3038
2739
10010243
-71
-13
2
1374
-3079
2565
10011268
52
19
7
1348
-3018
2686
10012293
95
22
-10
1355
-2932
2780
10013318
75
9
-26
1395
-2907
2808
10014343
22
6
-39
1413
-2953
2703
10015368
19
-15
-36
1419
-3051
2631
10016393
117
-15
-38
1479
-2968
2549
10017418
280
10
-33
1465
-2647
2756
10018443
235
-1
-10
1445
-2641
2918
10019468
93
-33
20
1364
-2669
3106
10020493
-68
-71
45
1363
-2771
2903
10021518
-99
-52
61
1381
-2920
2553
10022543
-21
9
65
1358
-2919
2560
10015360
73
47
66
1332
-2914
2694
10016385
108
56
58
1340
-2928
2802
10017410
94
48
45
1356
-2866
2841
10018435
19
36
40
1353
-2873
2800
10019460
-36
18
35
1382
-2943
2808
10020485
-14
12
26
1414
-2964
2817
10021510
36
3
23
1427
-2893
2877
10022535
23
-9
19
1419
-2880
2864
10023560
-25
-17
19
1436
-2930
2847
10024585
-26
-11
11
1443
-2980
2747
10025610
-1
-2
5
1451
-3019
2739
10026635
47
3
-3
1443
-2952
2815
10027660
25
1
-13
1433
-2948
2844
10028685
-15
5
-26
1415
-3016
2816
10029710
1
15
-41
1393
-3014
2775
10030735
41
28
-52
1397
-2973
2739
10023552
66
38
-64
1386
-2900
2751
10024577
60
38
-74
1390
-2862
2791
10025602
56
34
-77
1396
-2846
2762
10026627
52
28
-78
1386
-2862
2825
10027652
75
16
-82
1381
-2816
2819
10028677
64
9
-76
1385
-2749
2802
10029702
28
6
-60
1385
-2742
2843
10030727
-8
5
-43
1406
-2768
2808
10031752
3
8
-24
1418
-2756
2817
10032777
27
14
-7
1406
-2767
2845
10033802
33
16
6
1392
-2795
2881
10034827
25
21
13
1386
-2812
2851
10035852
23
26
18
1370
-2840
2849
10036877
30
24
16
1356
-2862
2873
10037902
31
10
10
1346
-2817
2880
10038927
10
-5
4
1355
-2842
2894
10031744
1
-12
-5
1371
-2881
2846
10032769
8
-2
-12
1387
-2831
2831
10033794
24
7
-13
1420
-2790
2875
10034819
31
8
-13
1420
-2794
2871
10035844
21
1
-10
1400
-2756
2859
10036869
1
-1
-5
1406
-2813
2855
10037894
2
3
-3
1403
-2810
2858
10038919
2
1
0
1387
-2811
2861
10039944
7
-5
-5
1367
-2797
2866
10040969
-3
-12
-10
1384
-2787
2869
10041994
-25
-15
-17
1385
-2793
2835
10043019
-21
-14
-14
1383
-2781
2844
10044044
-10
-13
-8
1378
-2784
2817
10045069
-7
-13
-1
1383
-2749
2821
10046094
-21
-13
5
1368
-2776
2835
10047119
-18
-10
9
1377
-2793
2841
10039936
7
-7
15
1408
-2818
2838
10040961
31
-3
16
1377
-2775
2909
10041986
7
-7
29
1359
-2667
2853
10043011
-81
7
41
1408
-2733
2744
10044036
-104
28
54
1437
-2890
2777
10045061
-36
53
69
1493
-2909
2770
10046086
36
97
87
1488
-2865
2454
10047111
65
151
133
1470
-2775
2193
10048136
211
180
143
1534
-3077
2597
10049161
416
154
120
1512
-2979
2899
10050186
376
41
142
1550
-2416
3020
10051211
295
-65
207
1257
-2419
3308
10052236
191
-2
-67
-22
-2521
4787
10053261
-1177
-157
-35
1460
-2623
2706
10054286
-894
-47
63
1530
-4122
1675
10055311
170
49
-49
1353
-2912
2627
10048128
324
15
-109
1061
-2721
3242
10049153
400
10
-150
1152
-3374
3074
10050178
861
48
-231
1090
-3657
2853
10051203
1094
-14
-326
830
-3025
3705
10052228
401
-197
-291
1512
-2605
4054
10053253
-649
-270
-162
2559
-160
3009
10054278
-1805
-172
51
1971
-2400
2094
10055303
-883
-83
38
1426
-4352
1728
10056328
636
23
-44
1466
-3246
2291
10057353
1019
56
-8
1390
-2330
3226
10058378
464
-9
5
1289
-2325
3399
10059403
-234
-77
-3
1357
-2544
2973
10060428
-559
-80
-9
1388
-2840
2752
10061453
-487
-46
-14
1351
-2922
2658
10062478
-189
-17
-14
1399
-2856
2697
10063503
55
16
-16
1412
-2724
2729
10056320
86
44
-2
1425
-2635
2748
10057345
36
53
16
1401
-2728
2918
10058370
-3
41
19
1403
-2753
2961
10059395
-2
6
26
1420
-2768
2943
10060420
-23
-21
30
1429
-2833
2855
10061445
-20
-19
32
1438
-2800
2849
10062470
-32
-5
42
1418
-2803
2850
10063495
-52
11
39
1417
-2857
2784
10064520
-36
23
30
1407
-2908
2834
10065545
23
25
13
1414
-2928
2960
10066570
58
12
1
1416
-2810
2928
10067595
3
0
-9
1426
-2857
2865
10068620
-3
-1
-17
1435
-2863
2840
10069645
18
5
-26
1435
-2850
2763
10070670
58
16
-31
1439
-2881
2772
10071695
153
21
-41
1465
-2837
2883
10064512
232
7
-40
1468
-2749
2966
10065537
193
-13
-38
1458
-2677
2970
10066562
48
-23
-38
1448
-2742
2883
10067587
-23
-24
-33
1426
-2842
2852
10068612
13
-24
-37
1423
-2793
2908
10069637
21
-13
-46
1461
-2743
2876
10070662
-8
12
-47
1471
-2715
2833
10071687
-45
36
-45
1429
-2652
2837
10072712
-89
23
-33
1433
-2618
2896
10073737
-105
-1
-15
1456
-2718
2946
10074762
-108
-9
-10
1452
-2816
2868
10075787
-73
0
-13
1454
-2861
2759
10076812
11
16
-7
1446
-2778
2815
10077837
17
12
0
1454
-2714
2917
10078862
-26
-2
0
1459
-2702
2905
10079887
-68
-5
-2
1455
-2769
2888
10072704
-80
1
-6
1444
-2824
2837
10073729
-31
3
-3
1437
-2806
2878
10074754
-5
-3
-2
1448
-2755
2898
10075779
-13
-7
-3
1458
-2769
2873
10076804
-6
-8
-2
1443
-2773
2876
10077829
-8
-9
2
1448
-2787
2865
10078854
-22
-8
5
1480
-2753
2847
10079879
-28
-7
9
1469
-2794
2862
10080904
-8
0
7
1454
-2829
2851
10081929
3
18
1
1456
-2827
2730
10082954
13
37
1
1470
-2901
2745
10083979
94
45
-9
1460
-2764
2839
10085004
107
27
-8
1465
-2652
2916
10086029
41
-6
2
1410
-2725
3072
10087054
-61
-45
-9
1384
-2778
3116
10088079
-141
-71
3
1437
-2797
2968
10080895
-149
-75
10
1450
-2821
2825
10081920
-51
-62
4
1471
-2836
2805
10082945
63
-40
-4
1470
-2787
2831
10083970
49
-20
-4
1442
-2792
2771
10084995
12
-16
4
1434
-2827
2819
10086020
34
-16
6
1458
-2732
2875
10087045
17
-12
8
1573
-2806
2899
10088070
95
39
13
1660
-3016
2467
10089095
281
96
53
1539
-2598
2374
10090120
158
93
132
1695
-2535
2606
10091145
-166
41
189
1635
-2364
2427
10092170
-188
32
224
1639
-2358
2433
10093195
614
18
260
483
-2872
3970
10094220
-147
-103
-99
616
-1539
5025
10095245
-1492
-148
139
1660
-3086
2101
10096270
-709
17
176
1464
-3727
1586
10089088
299
95
92
1249
-2847
2481
10090113
376
78
83
1221
-2964
3460
10091138
412
72
57
1194
-2747
3248
10092163
386
46
84
1292
-3311
2602
10093188
597
20
13
1351
-3702
2917
10094213
337
35
-61
1315
-2617
3766
10095238
-478
-90
-9
1945
-1527
3332
10096263
-1268
-118
66
1960
-2507
2278
10097288
-400
-103
82
1414
-4064
2578
10098313
639
-56
-44
1359
-3018
2792
10099338
250
-65
25
1190
-2749
2956
10100363
-93
-104
-10
1311
-3121
2957
10101388
-194
-93
-50
1358
-2783
2406
10102413
-327
-2
-62
1408
-3220
1993
10103438
66
91
-87
1324
-3222
2541
10104463
405
101
-103
1352
-2654
2974
10097280
271
43
-90
1396
-2546
3077
10098305
40
0
-68
1420
-2706
2947
10099330
-25
5
-54
1417
-2771
2731
10100355
31
6
-42
1417
-2825
2895
10101380
125
-29
-31
1404
-2694
3140
10102405
87
-77
-34
1445
-2575
3087
10103430
-104
-95
-10
1423
-2626
2811
10104455
-249
-82
6
1419
-2895
2572
10105480
-114
-37
4
1408
-3030
2609
10106505
99
5
4
1388
-2871
2712
10107530
103
23
-10
1415
-2828
2871
10108555
38
27
-16
1439
-2753
2900
10109580
-22
20
-12
1443
-2819
2840
10110605
-8
16
-15
1455
-2866
2829
10111630
45
7
-18
1462
-2750
2895
10112655
11
-14
-20
1456
-2714
2892
10105733
-66
-22
-24
1470
-2829
2837
10106758
-45
-18
-19
1466
-2822
2816
10107783
-12
-13
-13
1458
-2771
2839
10108808
-27
-8
-12
1431
-2811
2793
10109833
-8
1
-15
1411
-2851
2766
10110858
15
20
-20
1433
-2869
2765
10111883
39
41
-18
1456
-2894
2807
10112908
58
44
-21
1447
-2815
2905
10113933
40
32
-19
1429
-2749
2897
10114958
-16
13
-23
1411
-2850
2908
10115983
-14
-7
-28
1411
-2834
2905
10117008
0
-19
-25
1398
-2850
2858
10118033
12
-24
-29
1402
-2787
2826
10119058
7
-27
-33
1408
-2856
2875
10120083
27
-32
-46
1455
-2831
2897
10121108
29
-30
-54
1501
-2770
2834
10113664
46
-19
-42
1534
-2709
2862
10114689
45
-7
-28
1535
-2662
2868
10115714
7
2
-17
1548
-2712
2840
10116739
12
13
-5
1518
-2774
2833
10117764
38
21
12
1506
-2764
2838
10118789
28
25
20
1481
-2835
2839
10119814
35
23
8
1438
-2870
2826
10120839
58
13
-8
1406
-2869
2852
10121864
54
-11
-24
1372
-2841
2901
10122889
26
-37
-39
1383
-2797
2890
10123914
-23
-56
-52
1433
-2734
2854
10124939
-49
-48
-62
1487
-2755
2835
10125964
-33
-17
-71
1536
-2775
2797
10126989
28
8
-71
1550
-2699
2821
10128014
79
14
-52
1523
-2625
2849
10129039
70
7
-17
1486
-2600
2818
10121856
23
2
17
1449
-2651
2803
10122881
-22
5
41
1413
-2711
2800
10123906
-62
11
42
1425
-2771
2846
10124931
-71
14
37
1453
-2808
2897
10125956
-40
12
26
1460
-2766
2968
10126981
-23
0
10
1452
-2741
2987
10128006
-31
-11
3
1467
-2720
2933
10129031
-68
-14
6
1481
-2685
2826
10130056
-69
-4
26
1522
-2658
2831
10131081
-19
6
54
1554
-2666
2899
10132106
4
30
103
1515
-2496
2751
10133131
-143
47
147
1502
-2636
2652
10134156
-155
42
158
1564
-3090
2748
10135181
59
27
167
1473
-2825
2951
10136206
111
-29
184
1614
-2337
2955
10137231
-26
-58
252
1626
-2490
2321
10130047
35
-22
262
1868
-3221
1819
10131072
376
55
161
304
-2662
4452
10132097
105
-140
-1
114
-3611
5390
10133122
-958
-267
156
2083
-2195
1260
10134147
-388
107
216
1570
-2946
1078
10135172
212
234
78
1289
-3306
2761
10136197
462
245
-39
1082
-3175
3244
10137222
891
207
-27
1060
-3501
3059
10138247
1028
56
-84
1132
-3161
3216
10139272
330
-46
-200
1446
-2467
3965
10140297
-700
-151
-117
1974
-1331
3475
10141322
-1600
-150
-6
2136
-2752
2317
10142347
-829
-118
29
1426
-3842
2785
10143372
68
-125
13
1363
-2526
2383
10144397
97
-54
50
1497
-3171
2516
10145422
217
-6
33
1226
-2555
3021
10138240
-202
-34
4
1281
-2765
2716
10139265
-478
10
-2
1319
-3133
2238
10140290
-220
45
-10
1281
-3266
2589
10141315
245
36
-44
1281
-2745
2907
10142340
211
8
-44
1357
-2636
2817
10143365
24
17
-35
1418
-2796
2610
10144390
15
44
-19
1393
-2953
2732
10145415
119
47
0
1393
-2723
2864
10146440
69
22
24
1403
-2771
2878
10147465
25
-13
33
1410
-2775
2961
10148490
-36
-37
21
1368
-2855
2849
10149515
-101
-27
12
1374
-2983
2628
10150540
-81
7
6
1388
-3134
2637
10151565
96
19
-2
1377
-2900
2904
10152590
118
6
-5
1389
-2776
2901
10153615
21
-10
-5
1424
-2809
2884
10146432
1
-33
2
1438
-2760
2939
10147457
39
-54
17
1448
-2868
2857
10148482
60
-41
23
1464
-3091
2641
10149507
163
-2
23
1431
-3039
2670
10150532
255
18
19
1368
-2775
2875
10151557
164
13
13
1327
-2661
2945
10152582
-47
-10
-3
1334
-2918
2887
10153607
-79
-15
-25
1339
-3054
2773
10154632
20
-15
-39
1374
-2845
2782
10155657
49
-11
-38
1385
-2784
2834
10156682
17
-12
-37
1402
-2851
2893
10157707
19
-10
-38
1403
-2797
2845
10158732
28
-8
-25
1395
-2762
2830
10159757
45
-14
-8
1403
-2727
2809
10160782
29
-4
5
1391
-2790
2766
10161807
50
2
14
1384
-2842
2855
10154624
111
1
14
1391
-2769
2862
10155649
110
-2
18
1406
-2716
2852
10156674
89
-5
29
1411
-2713
2908
10157699
44
0
37
1418
-2742
2871
10158724
-4
2
44
1394
-2767
2867
10159749
-9
-7
47
1384
-2807
2892
10160774
-3
-7
40
1407
-2849
2852
10161799
-4
-1
35
1396
-2862
2833
10162824
0
2
28
1384
-2855
2868
10163849
9
1
21
1407
-2847
2861
10164874
6
0
18
1412
-2831
2881
10165899
-9
0
12
1383
-2848
2883
10166924
-5
-9
3
1380
-2831
2875
10167949
0
-9
-2
1405
-2865
2858
10168974
19
3
-1
1415
-2830
2876
10169999
27
12
-2
1410
-2811
2853
10162816
31
14
-1
1391
-2800
2854
10163841
5
10
-4
1398
-2824
2891
10164866
-18
-3
-5
1393
-2829
2902
10165891
-22
-21
-2
1377
-2806
2943
10166916
-27
-27
-2
1372
-2822
2916
10167941
-24
-25
-6
1398
-2813
2863
10168966
3
-11
-8
1385
-2812
2817
10169991
37
10
-6
1402
-2808
2859
10171016
41
25
2
1382
-2759
2955
10172041
70
18
11
1563
-2841
3107
10173066
262
40
84
1827
-3023
3135
10174091
343
53
174
1544
-2200
2656
10175116
-288
23
170
1306
-2647
2210
10176141
-232
-37
152
1381
-3498
2350
10177166
576
-54
102
74
-2495
4762
10178191
-17
-279
-84
1276
-1890
4212
10171007
-931
-180
105
1676
-2922
1623
10172032
-227
33
19
1294
-3232
1838
10173057
140
72
-38
1148
-3048
2715
10174082
40
-3
-25
1303
-2862
3168
10175107
104
16
-41
1228
-2715
3018
10176132
190
23
-33
1135
-3139
2529
10177157
394
-30
-127
1216
-3639
3227
10178182
87
-127
-135
1604
-2394
3766
10179207
-666
-225
-46
2216
-775
2712
10180232
-1439
-197
103
1852
-2983
2504
10181257
-656
-161
65
1428
-3914
2330
10182282
204
-84
3
1396
-3497
2287
10183307
605
-28
15
1292
-2743
2764
10184332
219
-12
-2
1368
-2748
2511
10185357
-133
47
-25
1387
-3052
2318
10186382
-101
90
-39
1376
-3032
2689
10179200
70
70
-28
1392
-2879
3011
10180225
92
23
-37
1436
-2752
2906
10181250
-52
31
-49
1476
-2853
2574
10182275
-3
75
-38
1416
-3020
2651
10183300
170
75
-21
1403
-2747
2966
10184325
148
40
3
1440
-2709
2954
10185350
-4
33
6
1449
-2766
2712
10186375
-70
43
16
1411
-2792
2690
10187400
-63
37
31
1416
-2880
2915
10188425
-67
17
37
1417
-2855
2952
10189450
-100
15
45
1424
-2860
2775
10190475
-66
28
48
1374
-2809
2809
10191500
-71
30
46
1340
-2955
2890
10192525
-45
24
36
1377
-3059
2865
10193550
2
26
30
1422
-2976
2765
10194575
48
41
30
1421
-2907
2701
10187392
105
53
28
1407
-2906
2794
10188417
132
52
24
1414
-2954
2869
10189442
131
35
20
1365
-2878
2912
10190467
50
14
14
1330
-2845
2832
10191492
-23
1
5
1331
-2986
2805
10192517
17
-7
-9
1347
-2946
2825
10193542
45
-9
-18
1366
-2887
2806
10194567
35
-9
-27
1355
-2854
2819
10195592
1
-18
-33
1367
-2861
2781
10196617
-10
-19
-33
1387
-2927
2774
10197642
39
-10
-28
1403
-2819
2817
10198667
47
-10
-19
1370
-2742
2835
10199692
2
-16
-18
1342
-2807
2815
10200717
-20
-11
-24
1354
-2896
2818
10201742
19
-7
-20
1376
-2864
2835
10202767
48
-9
-14
1382
-2807
2838
10195583
23
-11
-9
1387
-2756
2831
10196608
-20
-9
-2
1385
-2827
2797
10197633
-23
8
2
1413
-2903
2745
10198658
13
29
7
1410
-2869
2733
10199683
52
33
17
1389
-2798
2848
10200708
38
14
27
1379
-2749
2892
10201733
-2
-9
37
1366
-2793
2833
10202758
-33
-5
30
1344
-2915
2764
10203783
-21
11
17
1362
-2958
2744
10204808
53
30
12
1392
-2927
2781
10205833
76
35
7
1391
-2799
2838
10206858
31
18
12
1373
-2704
2949
10207883
-27
-9
20
1355
-2853
2946
10208908
-46
-27
16
1339
-2902
2896
10209933
-51
-32
14
1340
-2891
2886
10210958
-36
-28
13
1363
-2905
2834
10203776
6
-24
7
1392
-2805
2848
10204801
22
-21
2
1397
-2894
2830
10205826
42
-12
-7
1365
-2935
2782
10206851
39
-14
-10
1354
-2831
2827
10207876
-24
-26
-10
1379
-2814
2829
10208901
-45
-29
-8
1403
-2834
2817
10209926
-39
-25
-8
1374
-2840
2781
10210951
-20
-2
-11
1463
-2967
2770
10211976
106
61
-11
1553
-3077
2504
10213001
258
107
33
1478
-2712
2323
10214026
199
132
97
1589
-2530
2391
10215051
-74
123
169
1510
-2763
2589
10216076
-128
66
150
1843
-2608
1878
10217101
333
143
130
982
-3368
2514
10218126
888
-41
29
462
-2103
6263
10219151
-800
-306
-35
651
-1191
4256
10211968
-1747
-293
127
1703
-3624
1597
10212993
-776
-105
129
1389
-2778
2413
10214018
-247
-53
130
1139
-3368
2857
10215043
-30
16
120
1202
-3130
2621
10216068
258
109
125
1176
-3042
2604
10217093
522
145
104
1142
-3801
2582
10218118
815
144
0
868
-3460
3155
10219143
496
45
-119
1366
-3139
3735
10220168
-541
-74
-84
2187
-1075
2927
10221193
-1695
-87
60
1882
-2575
1908
10222218
-689
-52
44
1411
-4775
2132
10223243
595
-1
-39
1385
-2994
2495
10224268
526
-8
47
1248
-2641
2968
10225293
171
-48
47
1218
-2733
2952
10226318
-257
-56
-16
1224
-3032
2307
10227343
-439
1
-34
1260
-3482
2174
10220159
-52
39
-56
1226
-3382
2761
10221184
241
2
-89
1274
-2792
2956
10222209
69
-26
-82
1359
-2741
2718
10223234
-118
9
-71
1330
-3077
2554
10224259
-11
42
-71
1272
-3109
2749
10225284
121
32
-55
1296
-2862
2864
10226309
87
-3
-32
1371
-2865
2898
10227334
55
-34
-23
1376
-2785
2789
10228359
7
-48
-12
1380
-2974
2701
10229384
32
-37
10
1367
-2922
2698
10230409
-30
-28
19
1351
-2991
2709
10231434
-54
-14
15
1352
-2993
2686
10232459
-59
-14
27
1314
-2855
2765
10233484
-120
-16
30
1334
-2917
2709
10234509
-92
-12
33
1344
-3019
2667
10235534
21
0
27
1323
-3061
2667
10228352
73
9
15
1331
-3047
2670
10229377
84
3
8
1344
-2979
2763
10230402
40
-14
1
1376
-2911
2749
10231427
-13
-25
5
1360
-3024
2713
10232452
-14
-23
-4
1349
-3054
2682
10233477
-5
-10
-10
1336
-3032
2661
10234502
16
-11
-12
1352
-2996
2769
10235527
28
-19
-13
1360
-2943
2727
10236552
-6
-9
-13
1388
-2976
2643
10237577
9
-3
-11
1343
-3040
2744
10238602
51
-16
-15
1358
-2987
2760
10239627
49
-21
-15
1386
-2944
2745
10240652
-7
-15
-14
1351
-2999
2704
10241677
0
-5
-18
1331
-2969
2684
10242702
31
-4
-16
1343
-2956
2732
10243727
41
-3
-17
1350
-2976
2754
10236544
29
-6
-23
1331
-2962
2751
10237569
24
-13
-22
1375
-2941
2729
10238594
40
-13
-12
1387
-2920
2727
10239619
33
-14
-7
1367
-2923
2731
10240644
20
-18
-4
1368
-2902
2704
10241669
18
-16
-1
1365
-2928
2719
10242694
26
-17
2
1348
-2938
2737
10243719
12
-20
-2
1353
-2960
2699
10244744
10
-18
-7
1360
-2969
2688
10245769
19
-19
-5
1360
-2915
2696
10246794
0
-17
-1
1379
-2903
2676
10247819
-11
-10
4
1382
-2933
2702
10248844
5
-5
3
1367
-2921
2707
10249869
18
-3
3
1366
-2906
2701
10250894
3
-1
6
1398
-2928
2713
10251919
-3
2
9
1398
-2935
2719
10244888
-9
5
11
1385
-2900
2698
10245913
-15
5
18
1391
-2931
2734
10246938
-16
8
16
1402
-2977
2736
10247963
1
9
9
1372
-2964
2762
10248988
6
7
5
1371
-2973
2755
10250013
-4
6
4
1380
-2989
2766
10251038
-6
4
3
1374
-2978
2766
10252063
-8
1
-1
1377
-2974
2766
10253088
-3
1
-4
1388
-2983
2759
10254113
7
1
-3
1367
-2968
2784
10255138
10
0
-11
1368
-2984
2787
10256163
50
0
-4
1396
-2932
2749
10257188
90
-6
11
1359
-2893
2705
10258213
50
-4
0
1313
-2908
2673
10259238
-2
2
-9
1349
-2904
2627
10260263
-21
14
-9
1384
-2954
2675
10252928
-19
23
-1
1414
-2942
2765
10253953
-36
18
10
1411
-2871
2685
10254978
-70
28
34
1429
-2850
2600
10256003
-35
42
63
1475
-2965
2540
10257028
154
82
82
1635
-3136
2415
10258053
178
88
110
1633
-2809
2359
10259078
-38
6
137
1497
-2544
2771
10260103
-67
-135
182
1295
-2779
3062
10261128
428
-149
-58
-565
-3099
5944
10262153
-1177
-254
-133
1472
-2364
2216
10263178
-1145
26
98
1925
-4137
278
10264203
538
218
-42
1264
-3506
2578
10265228
996
148
-82
1110
-2629
3031
10266253
551
95
-43
1384
-2394
2867
10267278
175
62
-48
1323
-3102
3125
10268303
409
15
-109
1147
-3453
3056
10261120
679
-29
-127
1114
-3542
3139
10262145
711
-119
-112
1082
-2770
3501
10263170
2
-183
-116
1836
-2040
3208
10264195
-1095
-118
-39
2440
-1149
2115
10265220
-1469
-8
99
1496
-3696
2239
10266245
-159
-66
83
1481
-3818
2570
10267270
798
-67
-6
1456
-3010
2788
10268295
624
-33
24
1190
-1916
2806
10269320
-542
17
-16
1222
-3140
2093
10270345
-662
140
-52
1250
-3642
2034
10271370
-5
188
-89
1278
-3287
2771
10272395
357
131
-102
1348
-2560
3134
10273420
96
60
-112
1490
-2590
2825
10274445
-136
53
-92
1499
-2889
2607
10275470
-80
71
-66
1430
-2973
2733
10276495
25
58
-27
1375
-2685
2922
10269312
-104
12
-12
1330
-2751
3052
10270337
-349
-35
-19
1377
-2692
2962
10271362
-552
-40
21
1421
-2936
2578
10272387
-425
10
32
1333
-3192
2516
10273412
-172
33
9
1287
-3303
2655
10274437
46
27
-7
1366
-3143
2779
10275462
117
10
-5
1396
-2813
2864
10276487
10
-4
-1
1386
-2853
2749
10277512
-75
7
-7
1347
-3070
2658
10278537
-65
15
-14
1369
-3186
2748
10279562
45
-5
-19
1385
-3034
2848
10280587
50
-42
-24
1389
-2873
2822
10281612
-50
-54
-22
1379
-2909
2727
10282637
-145
-51
-22
1359
-3042
2711
10283662
-116
-46
-24
1358
-3092
2641
10284687
-18
-49
-18
1381
-3031
2673
10277504
52
-49
-16
1382
-2953
2680
10278529
38
-38
-17
1358
-2901
2641
10279554
-18
-19
-11
1381
-2936
2630
10280579
-77
0
-3
1428
-2955
2550
10281604
-105
21
12
1448
-3051
2559
10282629
-35
36
22
1435
-3073
2536
10283654
73
44
24
1423
-3008
2599
10284679
111
43
13
1403
-2934
2636
10285704
63
34
-1
1385
-2980
2633
10286729
23
22
-11
1406
-2977
2631
10287754
27
4
-15
1435
-2918
2633
10288779
16
-8
-18
1440
-2919
2638
10289804
-12
-18
-14
1428
-2938
2665
10290829
-25
-18
-6
1444
-2906
2668
10291854
-47
-5
7
1436
-3012
2644
10292879
-32
9
9
1409
-3078
2647
10285695
3
18
2
1398
-3057
2655
10286720
20
17
-1
1400
-3020
2696
10287745
22
10
-4
1402
-3003
2732
10288770
16
0
-6
1391
-2975
2706
10289795
14
-9
0
1388
-2954
2697
10290820
23
-17
15
1425
-2964
2749
10291845
38
-24
26
1427
-2976
2790
10292870
35
-28
38
1375
-2955
2742
10293895
2
-25
40
1359
-2957
2672
10294920
-12
-21
36
1365
-2984
2643
10295945
-6
-20
30
1358
-3003
2623
10296970
10
-18
21
1337
-3023
2655
10297995
28
-15
7
1348
-2985
2683
10299020
9
-17
2
1367
-2962
2684
10300045
-10
-22
1
1394
-2934
2665
10301070
-4
-23
5
1388
-2966
2636
10293888
4
-18
7
1385
-2929
2666
10294913
-15
-17
16
1388
-2978
2641
10295938
-1
-9
17
1384
-2961
2597
10296963
-24
7
15
1390
-2971
2537
10297988
-27
32
14
1415
-3014
2520
10299013
14
34
20
1463
-2857
2548
10300038
70
36
54
1526
-2733
2513
10301063
137
48
103
1473
-2844
2780
10302088
167
16
141
1407
-3074
2978
10303113
244
15
182
1473
-3203
2232
10304138
282
127
188
1617
-2916
1590
10305163
347
219
220
1656
-2674
2433
10306188
341
55
288
1319
-1979
4279
10307213
225
-252
277
896
-2423
4240
10308238
-303
-204
-16
293
-3124
2482
10309263
-1517
-50
-126
1070
-3925
1813
10302080
177
-90
41
1532
-4595
3152
10303105
498
-102
-110
1116
-1996
3356
10304130
-482
-170
40
1381
-2934
3028
10305155
-345
-107
134
1511
-2865
2549
10306180
181
11
188
1233
-3927
2293
10307205
790
84
97
1095
-3781
2363
10308230
927
85
55
886
-2594
3500
10309255
-209
-23
49
1765
-2024
3258
10310280
-1458
-78
60
2258
-1343
2189
10311305
-1606
-95
215
1489
-4961
1844
10312330
472
-38
50
1356
-3668
2105
10313355
664
27
90
1105
-2162
2498
10314380
-79
-10
85
1267
-3325
2609
10315405
-141
-14
22
1132
-3022
2604
10316430
-422
1
3
1222
-3336
2397
10317455
-355
32
-15
1245
-3558
2349
10310271
39
48
-72
1213
-3248
2550
10311296
179
37
-107
1249
-2935
2629
10312321
64
21
-81
1274
-2964
2748
10313346
-79
-1
-63
1286
-3133
2770
10314371
-124
-12
-57
1300
-3220
2645
10315396
-42
10
-49
1339
-3241
2437
10316421
82
36
-22
1353
-3132
2578
10317446
143
26
10
1377
-3062
2798
10318471
185
-6
38
1374
-2959
2820
10319496
167
-14
39
1343
-2974
2572
10320521
124
33
31
1236
-3115
2385
10321546
149
62
2
1184
-3328
2596
10322571
276
34
-27
1207
-3140
2825
10323596
253
-13
-44
1259
-2882
2867
10324621
34
-43
-56
1275
-2846
2742
10325646
-121
-39
-63
1280
-3047
2555
10318678
-55
-21
-63
1286
-3053
2553
10319703
27
-23
-55
1302
-2976
2653
10320728
24
-25
-51
1328
-2900
2636
10321753
-40
-17
-48
1326
-2992
2635
10322778
-31
-3
-43
1312
-3106
2598
10323803
40
7
-35
1307
-3082
2548
10324828
64
-2
-22
1292
-2931
2670
10325853
-6
-17
-18
1307
-2909
2729
10326878
-64
-23
-11
1352
-3051
2686
10327903
-18
-13
-1
1350
-3041
2619
10328928
18
15
0
1305
-3054
2596
10329953
32
25
-12
1312
-3097
2721
10330978
57
11
-26
1345
-3145
2773
10332003
86
0
-39
1365
-3124
2727
10333028
76
-6
-49
1369
-3082
2735
10334053
81
-16
-57
1368
-3035
2767
10326656
68
-22
-68
1349
-3024
2719
10327681
29
-35
-77
1340
-3037
2775
10328706
11
-61
-81
1353
-3001
2784
10329731
-15
-81
-79
1358
-2990
2710
10330756
-38
-81
-76
1344
-2983
2649
10331781
-36
-68
-80
1337
-2988
2599
10332806
-1
-54
-83
1328
-2981
2647
10333831
23
-42
-85
1338
-2970
2646
10334856
45
-36
-78
1366
-2952
2668
10335881
43
-32
-71
1382
-2910
2697
10336906
26
-30
-63
1371
-2952
2670
10337931
36
-31
-64
1376
-2918
2633
10338956
59
-30
-65
1410
-2918
2655
10339981
90
-36
-65
1435
-2900
2693
10341006
95
-56
-67
1428
-2843
2748
10342031
52
-87
-65
1388
-2790
2710
10334847
-30
-113
-58
1353
-2764
2605
10335872
-119
-120
-44
1347
-2814
2564
10336897
-157
-109
-34
1355
-2924
2536
10337922
-139
-82
-26
1357
-2982
2505
10338947
-73
-50
-15
1402
-2954
2579
10339972
-40
-26
-20
1430
-2961
2626
10340997
-45
-9
-31
1457
-2977
2613
10342022
-31
2
-30
1476
-2980
2608
10343047
9
9
-22
1552
-2973
2655
10344072
57
10
-5
1593
-2943
2694
10345097
87
7
13
1616
-2923
2696
10346122
98
8
26
1649
-2938
2718
10347147
88
6
30
1628
-2964
2772
10348172
50
-4
25
1614
-3001
2752
10349197
23
-20
14
1565
-2983
2732
10350222
4
-38
2
1531
-2968
2695
10343041
-27
-50
-15
1521
-2948
2661
10344066
-53
-58
-37
1500
-2968
2641
10345091
-51
-55
-62
1428
-3002
2574
10346116
-31
-38
-89
1418
-3003
2545
10347141
-28
-4
-111
1465
-2975
2541
10348166
-10
31
-115
1465
-2969
2556
10349191
22
67
-113
1481
-2937
2588
10350216
56
95
-110
1491
-2915
2637
10351241
61
107
-115
1458
-2904
2675
10352266
76
106
-117
1478
-2909
2656
10353291
94
95
-116
1444
-2898
2669
10354316
78
64
-123
1424
-2860
2759
10355341
20
19
-124
1482
-2816
2788
10356366
-51
-20
-118
1545
-2823
2751
10357391
-84
-39
-103
1584
-2801
2712
10358416
-92
-50
-87
1598
-2802
2690
10351233
-113
-58
-68
1657
-2818
2684
10352258
-135
-48
-41
1728
-2845
2643
10353283
-92
-28
-6
1730
-2861
2632
10354308
-7
-3
24
1699
-2828
2629
10355333
2
17
46
1691
-2768
2676
10356358
-56
24
69
1644
-2824
2667
10357383
-60
17
82
1605
-2884
2665
10358408
-30
-3
81
1599
-2878
2676
10359433
-28
-18
74
1592
-2885
2640
10360458
-56
-25
59
1569
-2916
2577
10361483
-63
-26
36
1586
-2940
2613
10362508
-44
-28
15
1605
-2907
2624
10363533
-44
-35
4
1624
-2929
2585
10364558
-43
-38
1
1693
-2943
2621
10365583
-14
-42
10
1651
-2916
2617
10366608
-34
-43
16
1613
-2958
2586
10359425
-81
-27
15
1607
-3012
2572
10360450
-80
-13
14
1580
-3041
2609
10361475
-48
-4
13
1588
-3025
2632
10362500
-47
6
6
1583
-3039
2614
10363525
-39
16
7
1586
-3031
2614
10364550
-18
26
14
1595
-3033
2614
10365575
13
29
11
1565
-3035
2647
10366600
35
18
2
1542
-2976
2660
10367625
8
6
-11
1515
-2998
2639
10368650
-10
-1
-22
1519
-2976
2615
10369675
-8
-3
-25
1525
-2950
2603
10370700
-1
-5
-23
1527
-2961
2604
10371725
16
-8
-21
1508
-2936
2601
10372750
0
-5
-18
1529
-2934
2596
10373775
-8
1
-12
1565
-2942
2626
10374800
8
7
-5
1567
-2931
2624
10367620
9
9
-2
1555
-2944
2603
10368645
8
13
-1
1541
-2968
2597
10369670
-5
13
-6
1510
-2971
2588
10370695
-35
14
-15
1479
-3005
2545
10371720
-42
21
-30
1469
-3051
2532
10372745
-15
30
-49
1461
-2989
2552
10373770
-29
30
-70
1434
-2958
2541
10374795
-26
32
-89
1484
-2903
2579
10375820
-8
32
-105
1555
-2930
2669
10376845
17
19
-108
1592
-2892
2675
10377870
26
2
-97
1646
-2836
2637
10378895
54
0
-79
1718
-2885
2653
10379920
109
7
-60
1715
-2862
2722
10380945
134
-2
-40
1658
-2836
2744
10381970
116
-17
-27
1642
-2806
2742
10382995
59
-30
-13
1657
-2803
2734
10375807
30
-43
4
1658
-2812
2724
10376832
21
-63
20
1640
-2799
2686
10377857
-12
-74
31
1588
-2836
2653
10378882
-49
-74
28
1598
-2898
2650
10379907
-44
-72
26
1604
-2949
2640
10380932
-25
-63
16
1602
-2900
2605
10381957
-38
-55
7
1595
-2918
2624
10382982
-41
-52
-3
1583
-2956
2602
10384007
-16
-51
-10
1574
-2953
2583
10385032
-22
-54
-23
1594
-2925
2588
10386057
-68
-61
-35
1618
-2907
2548
10387082
-121
-64
-42
1646
-2931
2500
10388107
-135
-58
-48
1698
-2948
2526
10389132
-130
-46
-56
1711
-2967
2510
10390157
-117
-36
-60
1693
-2949
2498
10391182
-77
-30
-64
1693
-2930
2529
10384043
-32
-25
-66
1727
-2926
2549
10385068
-27
-19
-66
1715
-2912
2571
10386093
-48
-9
-59
1754
-2921
2579
10387118
-25
16
-48
1845
-3024
2638
10388143
63
43
-39
1780
-3003
2689
10389168
87
34
-37
1630
-2890
2692
10390193
16
-7
-45
1588
-2922
2639
10391218
-17
-38
-53
1629
-2979
2571
10392243
-11
-46
-64
1678
-2977
2583
10393268
-9
-41
-71
1723
-2934
2578
10394293
-10
-33
-74
1699
-2950
2532
10395318
12
-29
-83
1671
-2996
2458
10396343
49
-14
-100
1670
-3026
2405
10397368
93
8
-120
1729
-3016
2443
10398393
142
24
-133
1771
-2965
2480
10399418
133
38
-137
1742
-2871
2471
10392193
90
50
-135
1749
-2857
2499
10393218
90
60
-138
1792
-2911
2552
10394243
125
59
-147
1805
-2934
2646
10395268
154
43
-157
1867
-2894
2717
10396293
172
19
-176
1887
-2839
2789
10397318
168
-13
-189
1800
-2697
2836
10398343
95
-56
-192
1750
-2676
2837
10399368
46
-97
-198
1787
-2663
2798
10400393
-37
-116
-189
1836
-2591
2772
10401418
-82
-132
-169
1847
-2651
2761
10402443
-18
-152
-150
1836
-2600
2768
10403468
13
-165
-121
1803
-2544
2731
10404493
-16
-165
-90
1777
-2514
2694
10405518
-28
-167
-61
1787
-2609
2688
10406543
11
-172
-43
1865
-2577
2648
10407568
23
-171
-23
1904
-2572
2607
10400384
18
-163
3
1916
-2590
2603
10401409
2
-154
22
1920
-2602
2588
10402434
-17
-148
42
1916
-2647
2543
10403459
-15
-147
55
1953
-2706
2505
10404484
-14
-139
56
1977
-2691
2485
10405509
-42
-125
53
1973
-2733
2502
10406534
-51
-110
46
1982
-2776
2486
10407559
-34
-98
31
1993
-2791
2469
10408584
-9
-88
18
1994
-2770
2447
10409609
-15
-73
11
1986
-2776
2456
10410634
-36
-56
4
1985
-2774
2455
10411659
-42
-41
-1
1989
-2781
2456
10412684
-22
-32
-3
1975
-2770
2480
10413709
-3
-31
-5
1984
-2751
2497
10414734
6
-31
-7
2014
-2737
2506
10415759
4
-30
-9
2017
-2741
2508
10408576
-2
-32
-10
1983
-2738
2521
10409601
-7
-39
-7
1991
-2774
2514
10410626
9
-44
-9
2010
-2767
2525
10411651
12
-49
-19
2000
-2706
2527
10412676
-16
-58
-25
1995
-2733
2536
10413701
-27
-64
-31
1982
-2760
2548
10414726
-21
-67
-37
1978
-2764
2512
10415751
-6
-69
-37
1990
-2751
2514
10416776
4
-70
-39
1998
-2734
2523
10417801
-15
-69
-43
2010
-2711
2486
10418826
-35
-64
-43
2014
-2713
2467
10419851
-32
-56
-41
2018
-2713
2437
10420876
-47
-42
-41
2039
-2672
2414
10421901
-70
-31
-36
2062
-2705
2412
10422926
-51
-22
-28
2062
-2716
2411
10423951
-30
-12
-26
2062
-2709
2400
10416769
0
-5
-25
2087
-2734
2439
10417794
29
-2
-25
2084
-2676
2452
10418819
6
-4
-22
2081
-2654
2451
10419844
-33
-3
-17
2078
-2677
2433
10420869
-25
-2
-10
2075
-2707
2445
10421894
2
-2
-4
2077
-2689
2437
10422919
10
1
1
2061
-2674
2440
10423944
6
7
6
2051
-2680
2443
10424969
-4
13
9
2056
-2729
2427
10425994
-6
23
9
2042
-2767
2416
10427019
2
34
7
2026
-2758
2435
10428044
-2
41
-2
2029
-2804
2428
10429069
-2
49
-18
2048
-2848
2431
10430094
7
60
-38
2038
-2858
2444
10431119
-27
70
-62
2002
-2884
2395
10432144
