Device = VHR-0009
time_stamp = 1779871785930
sample_rate = 50
Data format = INT16
TYPE = 6-AXIS IMU RAW DATA
1
-25
9
-1557
-20
4021
5522560
-11
-26
18
-1547
-42
4038
5523585
-10
-20
22
-1528
-29
4048
5524610
-13
-12
23
-1526
-3
4038
5525635
-21
-2
22
-1549
31
4021
5526660
-25
2
18
-1551
41
4030
5527685
-24
2
14
-1547
27
4047
5528710
-9
-1
10
-1555
24
4048
5529735
7
-4
5
-1560
35
4052
5530760
11
-7
3
-1552
24
4044
5531785
13
-8
2
-1544
12
4052
5532810
19
-7
5
-1538
-3
4053
5533835
19
-4
7
-1543
-11
4035
5534860
23
-3
7
-1528
-19
4036
5535885
20
0
6
-1546
-1
4025
5536910
7
3
6
-1559
-13
4026
5537935
8
1
5
-1541
-28
4020
5530752
28
-2
10
-1519
-14
4023
5531777
30
2
15
-1524
17
4021
5532802
10
7
13
-1543
4
4023
5533827
-1
9
6
-1543
0
4020
5534852
2
9
4
-1542
14
4007
5535877
5
9
6
-1557
7
3991
5536902
10
9
6
-1557
19
4004
5537927
3
12
5
-1564
30
4006
5538952
-1
14
5
-1558
-6
4007
5539977
9
16
4
-1545
-12
4010
5541002
7
21
8
-1537
1
4006
5542027
-7
23
8
-1544
6
4011
5543052
-12
26
6
-1539
-3
4036
5544077
-13
28
5
-1538
15
4012
5545102
-13
25
6
-1547
3
3993
5546127
-8
22
4
-1558
27
4011
5538943
-7
19
4
-1555
25
4015
5539968
-3
15
1
-1552
31
3991
5540993
-3
12
0
-1555
55
3994
5542018
-13
12
-5
-1555
27
4002
5543043
-7
11
-12
-1555
0
4010
5544068
9
8
-18
-1554
23
4010
5545093
1
9
-19
-1561
24
3996
5546118
-11
9
-20
-1559
-13
3997
5547143
-1
8
-17
-1564
-12
3994
5548168
4
7
-13
-1584
-3
3997
5549193
-2
5
-12
-1590
-11
4000
5550218
-7
4
-14
-1593
0
3995
5551243
-4
4
-12
-1601
-2
3975
5552268
-3
4
-11
-1604
19
3977
5553293
-16
4
-12
-1602
0
3973
5554318
-22
5
-18
-1620
13
3970
5547136
-22
6
-22
-1629
-8
3988
5548161
-11
4
-25
-1625
-6
3997
5549186
-6
4
-20
-1624
3
4000
5550211
-11
6
-9
-1620
-32
4021
5551236
-7
7
-2
-1615
-33
4032
5552261
-8
8
5
-1614
-8
4018
5553286
-18
8
13
-1614
-19
4005
5554311
-18
4
18
-1609
-8
4028
5555336
-17
2
24
-1587
-26
4030
5556361
-1
3
27
-1580
-29
4013
5557386
14
-2
26
-1568
12
4003
5558411
3
-1
29
-1564
-4
4024
5559436
-4
3
21
-1564
-10
4030
5560461
-3
3
13
-1566
16
4000
5561486
-10
2
10
-1580
11
3979
5562511
-9
-2
7
-1580
0
3988
5555328
4
-5
5
-1574
-7
4000
5556353
17
-6
5
-1580
-5
3992
5557378
15
-6
4
-1567
5
3999
5558403
4
-2
3
-1570
-4
4001
5559428
0
-1
-1
-1595
0
4006
5560453
3
-6
-3
-1582
-32
4019
5561478
14
-3
-6
-1574
-8
4021
5562503
13
0
-6
-1571
-5
4029
5563528
7
3
-3
-1581
-10
4031
5564553
6
5
-2
-1585
2
4019
5565578
3
7
-3
-1599
30
4011
5566603
-1
8
-5
-1602
10
3995
5567628
7
7
-7
-1593
6
3985
5568653
12
4
-8
-1597
-1
3981
5569678
10
3
-7
-1611
11
3979
5570703
0
1
-9
-1617
9
3964
5563520
-8
-1
-9
-1604
-17
3959
5564545
-2
-3
-8
-1615
-14
3971
5565570
1
-6
-3
-1621
-11
3984
5566595
-10
-6
0
-1619
-3
3973
5567620
-17
-4
2
-1615
-13
3980
5568645
-18
-4
7
-1625
-10
4005
5569670
-15
-5
7
-1635
7
4019
5570695
-16
-6
8
-1614
3
4019
5571720
-13
-5
6
-1612
-5
4015
5572745
-4
0
4
-1612
-1
4041
5573770
0
7
4
-1601
-15
4061
5574795
1
17
5
-1595
4
4032
5575820
-9
27
7
-1601
-17
4028
5576845
-8
33
7
-1626
2
4039
5577870
-6
34
8
-1628
-17
4005
5578895
10
31
10
-1625
-21
3998
5571713
7
34
10
-1632
33
3995
5572738
-9
39
9
-1639
-16
3967
5573763
0
32
15
-1631
-9
3977
5574788
7
36
22
-1610
-32
4025
5575813
16
47
25
-1619
-7
4028
5576838
15
43
27
-1626
15
3992
5577863
-9
34
28
-1608
-33
3955
5578888
-6
32
21
-1615
-15
3952
5579913
-4
29
9
-1624
47
3941
5580938
-17
29
6
-1630
13
3940
5581963
-9
29
-2
-1646
24
3943
5582988
1
17
-6
-1640
-4
3925
5584013
-2
7
-3
-1626
-5
3923
5585038
-23
2
2
-1639
-40
3925
5586063
-18
-11
-2
-1633
-25
3909
5587088
-32
-20
-1
-1628
-14
3917
5579906
-62
-21
0
-1651
-72
3923
5580931
-61
-27
-18
-1701
-12
3971
5581956
-114
-43
-44
-1691
16
3949
5582981
-140
-83
-63
-1828
34
3946
5584006
21
-201
-65
-1992
-38
4082
5585031
173
-213
-205
-1445
226
3827
5586056
83
-83
-104
-1548
440
3230
5587081
346
-17
-35
-1673
-740
3789
5588106
424
-7
-205
-1045
243
5446
5589131
-809
130
-274
-1394
698
4900
5590156
-851
54
-135
-1480
-856
4321
5591181
-128
-84
-174
-1583
-102
3251
5592206
137
-71
-116
-1367
126
3044
5593231
-174
51
-61
-1304
-92
3922
5594256
-447
126
-1
-1381
-485
5305
5595281
-402
94
-3
-1394
-628
4916
5588096
238
191
6
-1498
-1128
4922
5589121
679
265
-41
-1663
-84
4463
5590146
929
287
116
-2490
929
3388
5591171
547
281
196
-2778
-882
2693
5592196
1014
-59
-102
-1825
376
2303
5593221
601
-315
-85
-1247
1588
2547
5594246
-153
-205
168
-1623
-390
4030
5595271
-78
-120
70
-1770
-420
5066
5596296
-158
-17
43
-1603
-178
4681
5597321
-235
91
46
-1711
148
4099
5598346
-307
110
79
-1694
-62
3781
5599371
-141
81
110
-1686
-212
3785
5600396
63
36
99
-1704
92
3974
5601421
15
11
109
-1704
66
3985
5602446
-15
-2
106
-1715
99
3929
5603471
3
-20
102
-1650
88
4002
5596289
20
-20
94
-1597
67
4030
5597314
-6
-8
84
-1600
239
3909
5598339
-94
-10
87
-1632
69
3828
5599364
-20
-17
68
-1626
-78
4012
5600389
106
-10
29
-1647
105
4136
5601414
53
12
10
-1650
203
3998
5602439
-53
32
15
-1669
77
3907
5603464
-43
24
11
-1670
86
3910
5604489
-20
13
19
-1666
39
3966
5605514
20
11
29
-1678
9
4080
5606539
28
17
25
-1700
99
4059
5607564
-24
26
20
-1703
122
3957
5608589
-27
28
24
-1697
30
3939
5609614
37
24
19
-1706
94
3975
5610639
57
28
18
-1707
171
4009
5611664
7
43
23
-1711
123
3971
5604481
-6
54
19
-1734
48
3939
5605506
21
44
8
-1746
81
3892
5606531
22
33
0
-1723
89
3872
5607556
32
33
3
-1720
70
3933
5608581
29
33
2
-1720
95
3959
5609606
-14
30
4
-1715
87
3890
5610631
-26
25
10
-1703
34
3879
5611656
-9
14
12
-1712
26
3902
5612681
2
3
9
-1712
54
3899
5613706
-11
0
7
-1708
46
3921
5614731
-23
-1
0
-1713
54
3899
5615756
9
-5
-15
-1704
139
3938
5616781
24
-1
-16
-1692
173
4002
5617806
-11
9
-13
-1721
108
3974
5618831
-21
4
-16
-1722
52
3935
5619856
-20
-5
-15
-1710
49
3912
5612672
-14
-9
-10
-1711
31
3933
5613697
8
-8
-12
-1703
78
3993
5614722
-4
-2
-10
-1715
99
4011
5615747
-37
4
-3
-1725
46
3981
5616772
-22
3
-5
-1729
38
3942
5617797
6
-1
-6
-1718
116
3949
5618822
-4
3
2
-1723
92
3960
5619847
-12
8
5
-1741
61
3951
5620872
-15
6
3
-1724
71
3913
5621897
-13
0
7
-1724
78
3903
5622922
-5
-7
9
-1727
72
3893
5623947
-10
-23
7
-1728
63
3877
5624972
-19
-37
6
-1732
63
3845
5625997
-45
-57
1
-1709
92
3784
5627022
-109
-69
7
-1796
51
3778
5628047
-172
-113
10
-1892
-226
3843
5620864
-96
-149
-37
-1845
-332
3861
5621889
-23
-150
-115
-1892
333
3589
5622914
-442
-200
-206
-1817
583
3037
5623939
-637
-208
-121
-1600
-807
3001
5624964
-6
-211
78
-1460
-1181
4728
5625989
470
-138
21
-1284
1117
6296
5627014
-681
-98
-144
-1433
2734
4461
5628039
-2710
-230
316
-949
-1885
3296
5629064
-1038
-242
303
-1776
-3342
4191
5630089
596
-301
-210
-1549
1160
3687
5631114
-294
-137
-23
-1320
595
3360
5632139
-675
53
155
-1333
-493
3623
5633164
94
155
130
-1375
-1031
4877
5634189
630
111
-33
-1482
-419
5194
5635214
504
81
-128
-1408
74
4821
5636239
178
256
-61
-1481
-262
4553
5629055
516
329
21
-1805
-761
4139
5630080
715
297
-219
-2208
1209
3881
5631105
-340
159
146
-2265
-697
2699
5632130
419
1
139
-1835
-1167
2747
5633155
1210
-175
-78
-1463
1045
3752
5634180
286
7
69
-1391
-452
4649
5635205
90
197
58
-1775
-341
4875
5636230
-147
241
-8
-1697
100
4174
5637255
-400
266
50
-1754
-136
3560
5638280
-289
222
62
-1697
-316
3556
5639305
1
170
82
-1688
-449
3849
5640330
225
119
63
-1704
-117
3974
5641355
234
89
62
-1717
62
3878
5642380
186
56
71
-1747
22
3777
5643405
155
16
50
-1738
15
3813
5644430
99
-7
41
-1694
56
3872
5637248
19
-17
52
-1720
4
3865
5638273
9
-27
35
-1745
-32
3843
5639298
23
-42
8
-1755
-22
3785
5640323
40
-54
-2
-1712
-60
3862
5641348
76
-47
-1
-1707
-97
4026
5642373
75
-34
-8
-1745
-51
4034
5643398
12
-18
-17
-1768
6
3935
5644423
-42
-12
-12
-1768
12
3916
5645448
-38
-13
1
-1761
-37
3973
5646473
-3
-13
3
-1774
-11
4001
5647498
5
-8
5
-1783
-20
3993
5648523
28
-7
0
-1763
50
3976
5649548
32
0
2
-1755
13
3995
5650573
29
11
3
-1744
-2
3984
5651598
19
21
2
-1750
-20
3911
5652623
35
20
0
-1750
-42
3937
5645440
57
16
-5
-1736
-14
3961
5646465
53
14
-5
-1719
22
3967
5647490
27
18
3
-1726
-7
3933
5648515
8
18
6
-1745
-4
3905
5649540
3
11
0
-1751
18
3905
5650565
9
8
-1
-1737
-3
3943
5651590
16
8
3
-1753
42
3943
5652615
-2
12
4
-1767
10
3921
5653640
-8
10
3
-1776
-31
3925
5654665
3
3
-4
-1770
-1
3928
5655690
2
1
-5
-1767
-9
3914
5656715
12
3
-2
-1755
-21
3935
5657740
17
5
2
-1743
-7
3935
5658765
-13
9
6
-1757
0
3886
5659790
-30
4
8
-1772
2
3881
5660815
-28
-6
9
-1773
-22
3908
5653632
-19
-12
9
-1774
-17
3926
5654657
-20
-13
13
-1768
-23
3949
5655682
-17
-11
13
-1771
11
3951
5656707
-35
-15
14
-1764
7
3931
5657732
-33
-20
14
-1749
-22
3959
5658757
-20
-17
11
-1750
-6
3960
5659782
-33
-15
6
-1768
2
3931
5660807
-34
-22
-4
-1769
-3
3925
5661832
-17
-24
-10
-1749
16
3928
5662857
-5
-16
-10
-1728
42
3938
5663882
-20
-4
-7
-1719
-20
3945
5664907
2
-4
-9
-1713
-45
3981
5665932
-7
-3
-15
-1727
-1
3932
5666957
-34
-4
-10
-1724
-40
3904
5667982
-24
-5
-5
-1729
-51
3913
5669007
-4
-6
-5
-1747
-24
3932
5661824
4
-10
-11
-1753
-5
3947
5662849
-11
-18
-13
-1751
-35
3941
5663874
-24
-20
-15
-1746
-50
3940
5664899
-24
-20
-15
-1744
-32
3938
5665924
-50
-32
-10
-1750
2
3908
5666949
-154
-40
2
-1779
-21
3894
5667974
-196
-84
35
-1917
-324
3772
5668999
52
-172
5
-1917
-592
3766
5670024
179
-186
-131
-1844
171
3532
5671049
-448
-207
-166
-1850
1016
2827
5672074
-1159
-132
-105
-1838
-35
3447
5673099
-760
-65
-46
-1556
-1683
4895
5674124
731
-179
135
-927
-351
4700
5675149
571
-152
123
-1507
1297
4617
5676174
-1283
-208
134
-1130
318
5002
5677199
-1793
-289
198
-1723
-1373
3635
5670017
-252
-347
104
-1687
-1273
2737
5671042
525
-268
-15
-1378
201
3405
5672067
88
-42
10
-1250
203
4395
5673092
-228
92
99
-1457
-851
5384
5674117
88
18
-8
-1501
-1114
5089
5675142
614
66
-182
-1510
-180
4549
5676167
844
210
-133
-1674
-9
4324
5677192
849
306
-219
-2149
1215
4193
5678217
-254
217
-32
-2352
136
2658
5679242
33
29
204
-2041
-1998
2513
5680267
1279
-258
-138
-1567
1080
3400
5681292
353
-152
-46
-1204
221
4196
5682317
-71
41
119
-1652
-788
4689
5683342
-21
74
23
-1642
-236
4384
5684367
-117
111
42
-1628
-20
3997
5685392
-189
123
63
-1600
-141
3900
5678207
-53
119
90
-1597
-389
4036
5679232
116
90
87
-1615
-176
4012
5680257
109
58
89
-1614
10
3916
5681282
62
30
100
-1637
15
3893
5682307
34
-5
95
-1626
46
3848
5683332
-11
-34
96
-1605
-54
3795
5684357
23
-66
89
-1606
-83
3866
5685382
67
-79
64
-1606
55
4000
5686407
38
-71
52
-1593
32
4052
5687432
-16
-50
37
-1593
-26
4002
5688457
-42
-37
18
-1617
-124
3902
5689482
-26
-50
4
-1589
-121
3842
5690507
-13
-64
37
-1594
-206
3976
5691532
-17
-77
71
-1642
-123
4059
5692557
-81
-92
100
-1644
-44
3955
5693582
-103
-108
129
-1642
-89
3935
5686400
-37
-120
133
-1628
-2
4036
5687425
7
-107
123
-1604
119
4154
5688450
-16
-77
115
-1596
16
4131
5689475
-24
-52
93
-1591
19
4017
5690500
-22
-30
69
-1560
30
3986
5691525
7
-1
43
-1555
12
4070
5692550
31
25
14
-1560
31
4114
5693575
0
48
2
-1555
-15
4061
5694600
0
59
-3
-1556
-64
4029
5695625
28
60
-10
-1548
-9
4029
5696650
17
65
-5
-1543
-1
4021
5697675
-4
60
2
-1554
-59
3962
5698700
6
45
1
-1562
-53
3926
5699725
32
39
-4
-1561
2
4007
5700750
18
37
-6
-1582
-4
4027
5701775
5
31
-12
-1582
-42
3975
5694592
2
24
-19
-1588
-21
3933
5695617
-6
15
-26
-1593
-54
3928
5696642
12
12
-40
-1580
0
3979
5697667
-3
15
-37
-1569
-34
4013
5698692
-21
25
-36
-1595
-71
3993
5699717
-18
26
-47
-1606
-30
3983
5700742
-22
28
-50
-1601
-35
3997
5701767
-31
25
-50
-1633
-86
3943
5702792
-29
10
-53
-1641
-63
3860
5703817
-2
-2
-44
-1634
-25
3918
5704842
6
-8
-42
-1632
-10
4024
5705867
-27
-1
-37
-1637
-69
4027
5706892
-46
-5
-32
-1657
-89
3959
5707917
-37
-20
-28
-1641
-87
3915
5708942
-24
-27
-24
-1639
-66
3954
5709967
-40
-30
-28
-1643
-25
3973
5702785
-114
-39
-27
-1677
-42
3892
5703810
-133
-91
-7
-1700
-291
3785
5704835
4
-137
-11
-1702
-386
3781
5705860
266
-116
-68
-1805
-27
3727
5706885
-1
-132
-118
-1791
637
3431
5707910
-1002
-136
-182
-1386
816
3543
5708935
-1835
-132
23
-1565
-661
3480
5709960
-1042
-259
227
-1817
-1913
3047
5710985
1165
-372
288
-520
-1320
5022
5712010
1004
-277
102
-840
1898
6951
5713035
-1713
-278
165
-1724
-13
4130
5714060
-2207
-308
114
-1427
-1237
2746
5715085
-452
-212
89
-1338
-1392
3503
5716110
775
-111
-7
-1241
-166
4121
5717135
480
56
-11
-1350
226
4874
5718160
-175
51
13
-1495
-703
5086
5710976
17
-20
-98
-1405
-1103
4430
5712001
676
52
-141
-1324
-355
4608
5713026
920
167
-97
-1476
-325
4279
5714051
868
269
-165
-1833
405
4585
5715076
-158
283
-251
-1847
1083
3684
5716101
-757
298
72
-1885
-1691
2877
5717126
904
93
25
-1627
-813
3320
5718151
1247
28
-141
-1288
948
4174
5719176
398
257
-23
-1439
-340
4777
5720201
338
376
-62
-1611
-323
4798
5721226
175
418
-148
-1576
217
4268
5722251
-244
438
-129
-1623
-32
3652
5723276
-240
378
-70
-1602
-395
3620
5724301
181
288
-54
-1607
-375
3922
5725326
371
205
-58
-1619
-52
3799
5726351
190
133
-33
-1709
-59
3493
5719180
134
55
0
-1686
-192
3611
5720205
164
4
15
-1681
-188
3859
5721230
95
-20
15
-1691
-89
3817
5722255
-49
-61
40
-1707
-23
3516
5723280
-63
-108
100
-1696
-280
3665
5724305
86
-105
94
-1667
-437
4188
5725330
203
-59
66
-1682
-166
4256
5726355
112
-17
45
-1738
180
3961
5727380
-112
16
57
-1730
-7
3851
5728405
-132
37
70
-1775
-217
3990
5729430
-7
35
44
-1769
-24
4042
5730455
55
31
35
-1777
107
3895
5731480
55
15
41
-1771
66
3879
5732505
12
-1
46
-1739
-16
3902
5733530
-9
-9
47
-1722
-27
3974
5734555
15
-11
45
-1720
-1
4032
5727360
20
-13
43
-1726
-7
3975
5728385
5
-13
49
-1721
-53
3945
5729410
-2
-11
51
-1716
-26
3945
5730435
2
-5
48
-1720
-3
4022
5731460
15
4
44
-1703
-17
4061
5732485
18
15
37
-1713
23
3933
5733510
-5
15
29
-1710
35
3879
5734535
7
11
29
-1684
-6
3950
5735560
29
15
23
-1692
-19
3980
5736585
18
16
15
-1691
3
3933
5737610
5
13
11
-1703
-17
3917
5738635
10
13
11
-1705
-19
3931
5739660
14
6
11
-1711
-31
3932
5740685
17
0
11
-1715
-5
3944
5741710
7
1
6
-1712
5
3940
5742735
-4
1
5
-1711
17
3928
5735552
-1
-3
4
-1708
23
3933
5736577
-3
0
3
-1718
11
3953
5737602
-5
0
-2
-1722
0
3945
5738627
0
-2
-10
-1729
40
3911
5739652
-3
-4
-11
-1730
49
3893
5740677
-13
-7
-10
-1734
23
3928
5741702
-22
-9
-12
-1725
-23
3962
5742727
-26
-5
-17
-1729
-71
3942
5743752
-7
-6
-16
-1729
-49
3946
5744777
-1
-10
-10
-1712
-87
3983
5745802
16
-11
-1
-1721
-30
3986
5746827
1
-19
3
-1709
33
3946
5747852
-33
-16
12
-1717
-3
3925
5748877
-46
-23
9
-1744
-22
3882
5749902
-13
-32
4
-1716
-35
3909
5750927
21
-29
0
-1717
2
3975
5743745
12
-22
-6
-1717
-9
3977
5744770
-15
-16
-12
-1714
-22
3944
5745795
-45
-19
-8
-1727
-44
3897
5746820
-71
-29
4
-1774
-76
3898
5747845
-97
-49
24
-1870
-226
4041
5748870
-93
-44
-15
-1888
-219
4212
5749895
4
-27
-120
-1872
184
3981
5750920
-75
-146
-230
-1925
1145
3227
5751945
-572
-338
-169
-1628
396
2643
5752970
-935
-472
48
-1617
-832
2398
5753995
-428
-488
-28
-1156
-566
3873
5755020
-77
-262
-243
-1098
679
6041
5756045
-723
-245
-107
-1050
-541
5436
5757070
-909
-296
-184
-1679
-634
3393
5758095
-459
-284
-102
-1261
-1126
3135
5759120
-96
-81
-39
-1181
-742
4076
5751936
99
73
7
-1391
-442
4506
5752961
50
146
8
-1378
-586
4994
5753986
-4
104
66
-1564
-741
4545
5755011
287
43
36
-1581
-821
4222
5756036
653
125
-40
-1510
-220
4776
5757061
1032
209
-2
-1624
-356
4336
5758086
970
259
-243
-1943
1316
4380
5759111
-297
220
-45
-2128
250
3267
5760136
-144
85
134
-1995
-1611
2764
5761161
985
-125
-63
-1507
703
3531
5762186
498
15
46
-1392
97
4611
5763211
286
190
62
-1662
-475
4888
5764236
215
248
-49
-1650
82
4373
5765261
-87
317
-47
-1663
-18
3932
5766286
-151
331
-41
-1670
-166
3854
5767311
45
302
-43
-1642
-195
3930
5760128
239
262
-35
-1629
-77
3873
5761153
285
197
-1
-1707
8
3678
5762178
233
106
18
-1714
-70
3604
5763203
236
53
30
-1666
-95
3739
5764228
189
30
40
-1682
31
3797
5765253
80
22
51
-1720
-41
3811
5766278
65
7
42
-1734
-15
3843
5767303
63
2
34
-1735
53
3875
5768328
28
4
34
-1748
21
3856
5769353
6
3
24
-1758
-40
3837
5770378
26
0
4
-1743
28
3863
5771403
13
5
1
-1744
75
3902
5772428
-10
2
15
-1793
0
3905
5773453
17
-19
24
-1786
-21
3950
5774478
18
-30
39
-1766
14
3900
5775503
-14
-25
54
-1771
47
3885
5768319
-26
-20
72
-1769
75
3978
5769344
-26
-5
85
-1796
38
4078
5770369
-1
7
81
-1808
80
4032
5771394
-5
17
64
-1804
176
3895
5772419
-33
25
55
-1774
154
3877
5773444
-26
37
55
-1769
79
3986
5774469
-1
42
43
-1779
66
4029
5775494
9
46
34
-1785
121
3974
5776519
-8
51
41
-1791
68
3909
5777544
3
38
44
-1782
60
3872
5778569
9
23
50
-1762
60
3881
5779594
22
24
53
-1753
69
3933
5780619
30
31
48
-1772
100
3928
5781644
5
28
38
-1768
77
3869
5782669
1
25
27
-1754
98
3878
5783694
-4
24
23
-1754
86
3896
5776514
7
27
16
-1751
81
3909
5777539
8
25
9
-1776
110
3880
5778564
8
13
2
-1792
89
3882
5779589
28
1
-8
-1785
85
3908
5780614
36
-2
-17
-1786
116
3871
5781639
36
1
-24
-1786
127
3874
5782664
28
2
-26
-1801
121
3899
5783689
6
9
-30
-1806
110
3927
5784714
-7
19
-30
-1802
93
3942
5785739
-21
21
-30
-1823
81
3909
5786764
-16
13
-28
-1809
43
3895
5787789
11
13
-22
-1805
118
3924
5788814
-2
14
-9
-1800
58
3923
5789839
-13
12
1
-1821
4
3894
5790864
5
3
2
-1805
73
3882
5791889
-1
2
8
-1805
90
3881
5784704
6
0
11
-1799
98
3920
5785729
-7
3
16
-1804
83
3904
5786754
-15
6
12
-1815
64
3877
5787779
5
2
6
-1814
86
3883
5788804
10
-2
5
-1813
70
3889
5789829
20
-8
2
-1813
90
3903
5790854
5
-11
-2
-1801
95
3884
5791879
-7
-16
-6
-1802
68
3867
5792904
10
-20
-12
-1802
65
3882
5793929
18
-28
-17
-1804
100
3875
5794954
0
-33
-16
-1785
81
3845
5795979
-17
-41
-5
-1784
55
3817
5797004
-29
-64
6
-1799
59
3726
5798029
-115
-104
28
-1903
2
3651
5799054
-207
-132
59
-1921
-554
3823
5800079
-43
-79
-73
-1811
-21
3896
5792896
-188
-35
-203
-1930
1054
3731
5793921
-494
-29
-267
-1889
885
3850
5794946
-464
-89
-201
-1479
-4
3880
5795971
-625
-142
148
-1663
-1113
3277
5796996
-325
-164
168
-1814
-663
3164
5798021
84
-88
65
-1209
644
5600
5799046
-1032
-26
108
-1292
-134
5807
5800071
-1433
-159
-43
-1992
-345
3062
5801096
-336
-195
48
-1640
-920
2737
5802121
194
-76
92
-1536
-348
3883
5803146
282
23
125
-1512
-351
4216
5804171
421
100
121
-1615
-133
4739
5805196
174
107
151
-1694
-299
4720
5806221
110
80
118
-1952
-622
4239
5807246
329
31
-95
-1895
-173
4061
5808271
497
48
-113
-1599
85
4329
5801089
581
98
-29
-1894
-8
4065
5802114
186
83
-106
-1974
305
3951
5803139
-250
106
-122
-1973
531
3907
5804164
-351
82
100
-2251
-871
3431
5805189
470
-97
70
-1913
-797
3247
5806214
931
-208
24
-1635
869
3329
5807239
324
-106
92
-1559
232
3801
5808264
49
-5
89
-1663
-309
4349
5809289
-9
64
41
-1701
-117
4375
5810314
-125
130
14
-1714
-91
4103
5811339
-129
132
-2
-1712
-74
3780
5812364
-28
82
9
-1694
-90
3619
5813389
83
21
34
-1654
-105
3812
5814414
134
7
48
-1676
-14
4031
5815439
84
8
43
-1741
54
4018
5816464
14
0
43
-1752
-28
3947
5809280
-34
-29
32
-1743
75
3701
5810305
4
-57
48
-1702
-107
3744
5811330
118
-67
34
-1720
66
4019
5812355
77
-35
20
-1766
60
4067
5813380
23
-15
-4
-1758
49
3969
5814405
-3
-12
-9
-1740
119
3863
5815430
-34
-10
7
-1742
-12
3864
5816455
-8
-12
12
-1763
-95
3962
5817480
4
-13
8
-1761
1
3936
5818505
-28
-10
7
-1767
80
3857
5819530
-42
-13
14
-1750
5
3891
5820555
-10
-7
16
-1755
-44
4029
5821580
10
11
-1
-1768
62
4033
5822605
19
29
-20
-1755
151
4032
5823630
13
50
-14
-1729
34
4019
5824655
1
56
-10
-1761
-23
3934
5817472
-5
44
-11
-1750
-35
3859
5818497
34
34
-12
-1729
32
3900
5819522
25
30
-12
-1732
79
3913
5820547
4
28
-4
-1746
0
3926
5821572
-8
26
-3
-1760
-16
3908
5822597
-17
27
-12
-1766
7
3887
5823622
-13
34
-25
-1764
34
3883
5824647
-7
38
-30
-1786
-9
3890
5825672
16
34
-28
-1783
-16
3926
5826697
31
33
-24
-1805
13
3925
5827722
13
27
-24
-1821
60
3871
5828747
-14
17
-18
-1816
14
3869
5829772
-1
4
-11
-1808
31
3903
5830797
2
-4
4
-1818
16
3927
5831822
-2
-11
6
-1819
17
3932
5832847
9
-8
9
-1812
13
3951
5825664
10
-4
5
-1811
53
3939
5826689
-9
1
3
-1806
51
3900
5827714
-25
-1
-1
-1800
44
3873
5828739
-19
-3
-4
-1788
28
3869
5829764
-2
-5
-6
-1781
11
3914
5830789
17
4
-5
-1777
-15
3967
5831814
29
23
-4
-1786
9
3994
5832839
6
32
-8
-1808
31
3926
5833864
-27
23
-5
-1807
-23
3829
5834889
-8
10
5
-1807
-92
3845
5835914
33
-4
11
-1801
-14
3881
5836939
19
-10
17
-1806
43
3851
5837964
-9
-18
28
-1818
21
3839
5838989
-23
-36
35
-1797
1
3835
5840014
-30
-51
39
-1804
-14
3819
5841039
-20
-80
39
-1826
45
3679
5833855
-6
-117
42
-1836
-22
3631
5834880
82
-97
28
-1799
-183
4007
5835905
100
-10
27
-1837
111
4475
5836930
-69
53
-5
-1985
379
4080
5837955
-319
-29
-94
-1852
487
2821
5838980
-984
-212
43
-1536
-474
2350
5840005
-831
-163
281
-1736
-1633
3761
5841030
445
84
157
-1614
-205
6014
5842055
204
118
60
-925
1925
6141
5843080
-2168
58
117
-1686
764
3758
5844105
-2139
-3
216
-2100
-2078
2750
5845130
-278
-125
-11
-1629
-983
3327
5846155
746
-126
-8
-1574
-426
3479
5847180
1095
-57
-40
-1535
14
4118
5848205
624
3
-37
-1708
194
4733
5849230
-100
-50
-45
-1791
-306
4713
5842049
-104
-67
-170
-1578
-434
4501
5843074
435
65
-152
-1686
-325
4263
5844099
869
128
-100
-1952
-285
4479
5845124
500
220
-265
-1937
597
4622
5846149
-57
266
21
-2227
-839
3676
5847174
642
140
175
-2253
-1749
3140
5848199
1707
-121
40
-1850
922
2995
5849224
977
-122
100
-1549
1315
3195
5850249
46
-2
212
-1557
-51
3666
5851274
-25
21
165
-1771
52
4079
5852299
-129
50
125
-1769
229
4188
5853324
-279
117
78
-1822
205
3999
5854349
-233
125
20
-1821
126
3704
5855374
-24
72
1
-1781
83
3609
5856399
125
11
9
-1778
226
3705
5857424
74
-26
14
-1799
200
3777
5850240
14
-42
10
-1789
47
3869
5851265
41
-54
-5
-1802
107
3909
5852290
46
-63
-1
-1779
164
3911
5853315
-8
-63
11
-1768
156
3852
5854340
-73
-58
36
-1740
-45
3898
5855365
-66
-30
55
-1792
-209
4020
5856390
8
-1
44
-1806
68
4080
5857415
-19
38
49
-1805
262
4071
5858440
-117
70
68
-1826
154
3969
5859465
-115
75
70
-1854
114
3880
5860490
-65
63
62
-1863
119
3860
5861515
1
51
39
-1859
208
3871
5862540
8
39
27
-1816
243
3878
5863565
-12
35
34
-1806
147
3886
5864590
-10
34
42
-1812
107
3854
5865615
2
27
43
-1814
85
3872
5858431
19
26
28
-1798
108
3908
5859456
20
34
9
-1791
153
3934
5860481
-3
43
2
-1794
131
3903
5861506
-23
39
-4
-1804
126
3818
5862531
-19
28
-6
-1791
72
3847
5863556
23
25
-11
-1797
84
3930
5864581
11
23
-17
-1804
157
3891
5865606
-60
20
-15
-1820
114
3795
5866631
-56
8
-12
-1825
31
3815
5867656
8
0
-27
-1833
155
3918
5868681
3
6
-38
-1817
195
3965
5869706
-31
23
-39
-1833
102
3929
5870731
-37
22
-44
-1873
57
3844
5871756
-13
9
-45
-1858
57
3836
5872781
11
2
-40
-1845
91
3932
5873806
7
11
-37
-1857
137
3953
5866625
-27
15
-31
-1860
98
3878
5867650
-26
5
-17
-1860
7
3845
5868675
24
-4
-10
-1860
83
3890
5869700
28
-3
-4
-1853
106
3938
5870725
3
4
-3
-1852
120
3921
5871750
-34
9
-2
-1870
85
3857
5872775
-26
5
-3
-1864
50
3848
5873800
25
-6
-3
-1855
94
3870
5874825
26
-9
-1
-1849
120
3868
5875850
3
-2
-3
-1859
102
3888
5876875
-8
-3
-11
-1859
86
3901
5877900
-15
-5
-4
-1851
37
3858
5878925
3
-9
1
-1842
54
3847
5879950
5
-12
1
-1853
93
3859
5880975
-11
-16
2
-1859
96
3873
5882000
-18
-20
4
-1842
90
3869
5874817
-15
-26
5
-1842
79
3864
5875842
-21
-36
6
-1860
80
3851
5876867
-39
-55
7
-1985
43
3845
5877892
-57
-91
-7
-2019
-14
3965
5878917
-396
-67
-107
-1887
335
3944
5879942
-910
-46
-117
-1909
76
3635
5880967
-797
-152
-120
-1901
-281
2858
5881992
-362
-340
-99
-1549
-683
2676
5883017
141
-255
82
-1527
-882
4620
5884042
-27
53
-166
-1222
1209
6544
5885067
-1866
115
-144
-1344
2161
5043
5886092
-2870
-18
285
-2084
-2503
2181
5887117
-312
-230
100
-1963
-2241
2968
5888142
657
-317
-132
-1534
855
3559
5889167
74
-232
79
-1656
-363
3327
5890192
90
-141
112
-1531
-892
4000
5883008
314
-48
121
-1610
-581
4664
5884033
391
-10
85
-1816
-364
4722
5885058
369
-2
0
-1770
-312
4538
5886083
383
90
-58
-1811
-117
4190
5887108
350
131
-94
-1909
-337
3897
5888133
372
133
-177
-1878
209
4247
5889158
176
162
-166
-1946
321
4169
5890183
-79
112
22
-2309
-805
3331
5891208
679
-84
27
-1909
-855
3062
5892233
1138
-194
-72
-1536
578
3639
5893258
473
-52
20
-1506
-25
4363
5894283
103
99
26
-1680
-330
4607
5895308
-4
170
-22
-1691
-181
4344
5896333
-68
211
-44
-1774
-30
3974
5897358
-158
207
-57
-1765
-84
3729
5898383
-36
177
-35
-1737
-342
3737
5891200
258
126
-53
-1741
-60
3916
5892225
334
96
-55
-1764
51
3950
5893250
195
72
-65
-1775
98
3803
5894275
-4
46
-49
-1776
-86
3681
5895300
20
25
-42
-1768
-185
3814
5896325
126
22
-48
-1785
-27
3997
5897350
106
27
-42
-1818
-54
3948
5898375
30
31
-46
-1847
-63
3809
5899400
15
24
-53
-1852
-126
3759
5900425
55
14
-60
-1846
-95
3864
5901450
63
21
-55
-1836
-64
3977
5902475
27
36
-50
-1858
-72
3934
5903500
-2
40
-48
-1890
-55
3820
5904525
20
22
-50
-1899
-41
3810
5905550
41
2
-46
-1835
-31
3867
5906575
10
6
-32
-1848
-29
3880
5899392
-5
8
-26
-1859
-51
3911
5900417
-12
9
-26
-1864
-30
3882
5901442
-11
8
-23
-1853
-56
3857
5902467
15
14
-25
-1849
-56
3897
5903492
22
23
-25
-1868
-16
3917
5904517
-11
30
-29
-1875
-37
3869
5905542
-12
33
-34
-1883
-55
3856
5906567
19
30
-37
-1872
-43
3925
5907592
29
35
-40
-1865
-38
3941
5908617
8
39
-41
-1881
-30
3866
5909642
1
35
-38
-1881
-41
3866
5910667
20
37
-37
-1881
-42
3894
5911692
35
43
-34
-1894
-45
3914
5912717
24
44
-35
-1901
-30
3894
5913742
5
42
-35
-1914
-65
3854
5914767
24
37
-37
-1919
-92
3852
5907584
39
30
-36
-1897
-42
3858
5908609
23
27
-28
-1909
-41
3841
5909634
14
23
-22
-1900
-106
3853
5910659
24
19
-16
-1908
-102
3862
5911684
16
17
-11
-1911
-67
3859
5912709
-10
13
-2
-1919
-88
3827
5913734
-11
0
11
-1914
-122
3802
5914759
9
-12
19
-1905
-82
3792
5915784
-6
-18
31
-1902
-94
3805
5916809
-30
-20
46
-1909
-100
3821
5917834
-36
-33
56
-1921
-78
3828
5918859
-44
-47
60
-1908
-47
3806
5919884
-53
-50
62
-1902
-25
3815
5920909
-56
-53
61
-1904
-59
3861
5921934
-41
-56
54
-1897
-52
3897
5922959
-42
-54
49
-1882
-28
3885
5915776
-66
-49
49
-1878
-64
3844
5916801
-43
-51
47
-1869
-77
3881
5917826
-13
-45
50
-1883
-101
3910
5918851
26
-32
53
-1987
-164
4021
5919876
-24
-35
-9
-1982
-85
3981
5920901
-278
-80
-53
-2052
92
3515
5921926
-628
-196
-119
-1903
407
3479
5922951
-874
-198
-103
-1663
-200
3873
5923976
-773
-194
80
-1923
-577
3501
5925001
-325
-310
211
-1752
-1106
2808
5926026
392
-230
191
-1422
-614
4766
5927051
-583
29
-19
-1720
1794
6164
5928076
-2304
-21
229
-1330
-433
4331
5929101
-1861
-9
282
-2094
-2190
2759
5930126
202
-111
78
-1803
-1152
2689
5931151
1083
-90
26
-1509
346
3331
5923967
903
53
143
-1526
184
4380
5924992
467
78
205
-1792
-548
5001
5926017
189
-18
130
-1846
-585
4233
5927042
317
22
52
-1791
-595
4464
5928067
690
83
-10
-1832
-535
4050
5929092
1025
110
-109
-1951
219
4247
5930117
642
157
-258
-2011
1026
4211
5931142
-206
118
-5
-2370
-485
3213
5932167
63
-64
-43
-2081
-1206
2839
5933192
840
-281
-149
-1649
664
3102
5934217
465
-245
-16
-1480
259
3911
5935242
240
-95
40
-1559
-492
4609
5936267
232
11
-25
-1668
-122
4573
5937292
-76
108
-41
-1772
-57
4129
5938317
-283
148
-40
-1814
-40
3798
5939342
-280
135
-33
-1784
-193
3724
5932386
-67
85
-23
-1778
-215
3816
5933411
103
29
-19
-1788
-85
3897
5934436
52
-11
-4
-1778
-50
3818
5935461
-34
-28
20
-1760
-162
3741
5936486
18
-49
22
-1731
-122
3867
5937511
72
-51
28
-1738
-40
4021
5938536
11
-30
16
-1783
-33
3988
5939561
-64
-2
8
-1810
-121
3909
5940586
-42
3
-2
-1808
-136
3916
5941611
2
-5
-9
-1793
-93
3921
5942636
25
-8
-11
-1793
-13
3912
5943661
-29
-10
-9
-1806
-49
3885
5944686
-49
-14
1
-1810
-124
3880
5945711
-38
-31
1
-1801
-98
3912
5946736
-10
-33
19
-1783
-151
3950
5947761
15
-27
22
-1793
-73
3926
5940352
19
-9
25
-1791
-74
4014
5941377
0
8
12
-1791
-52
3991
5942402
-20
30
8
-1800
-122
3951
5943427
-4
31
-4
-1802
-88
3936
5944452
-1
34
-6
-1815
-109
3924
5945477
-12
30
0
-1821
-114
3904
5946502
-11
21
13
-1813
-121
3878
5947527
26
11
18
-1811
-66
3903
5948552
18
13
23
-1800
-91
3907
5949577
8
18
26
-1801
-97
3906
5950602
9
17
22
-1798
-66
3907
5951627
-3
18
17
-1814
-74
3894
5952652
-6
19
15
-1811
-108
3882
5953677
3
14
16
-1802
-102
3865
5954702
14
8
18
-1801
-113
3915
5955727
19
8
18
-1807
-84
3955
5948544
1
8
15
-1813
-59
3931
5949569
-6
5
11
-1810
-55
3916
5950594
-7
1
10
-1817
-72
3903
5951619
-12
-4
12
-1816
-96
3880
5952644
1
-6
13
-1819
-124
3878
5953669
37
-3
-1
-1818
-24
3934
5954694
20
6
-9
-1819
-35
3940
5955719
-5
13
-10
-1827
-73
3900
5956744
-15
2
-10
-1823
-72
3863
5957769
-18
-4
-7
-1818
-135
3862
5958794
5
-6
-6
-1817
-122
3903
5959819
12
-6
-4
-1815
-72
3897
5960844
-7
-3
3
-1827
-85
3901
5961869
-13
-7
11
-1840
-126
3932
5962894
-7
-38
18
-1860
-138
3874
5963919
16
-61
17
-1819
-140
3818
5956737
41
-52
18
-1824
2
3865
5957762
-15
-54
29
-1878
-42
3927
5958787
-92
-49
16
-1884
-212
3957
5959812
-81
-39
-22
-1998
-325
3717
5960837
28
-96
-72
-2122
15
3520
5961862
-206
-150
-248
-1682
625
3820
5962887
-769
-102
-137
-1641
190
4278
5963912
-1029
-209
244
-1470
-765
4065
5964937
-1450
-213
159
-1545
157
3484
5965962
-1283
-223
169
-1127
-1143
4216
5966987
-1013
-131
244
-1819
-939
4375
5968012
-310
-203
161
-1865
-1051
4021
5969037
-428
-208
-2
-1582
109
3620
5970062
-538
-142
77
-1699
-634
3627
5971087
-198
-105
52
-1557
-798
3424
5972112
492
-19
90
-1487
-1042
3556
5964928
1262
117
70
-1566
-612
4467
5965953
1233
164
100
-1699
222
4943
5966978
491
150
189
-1818
-157
4639
5968003
28
227
34
-1770
-487
4370
5969028
196
249
-69
-1801
-698
4018
5970053
370
214
-141
-1870
-57
4181
5971078
363
223
-170
-1931
368
4175
5972103
6
178
-37
-2269
-6
3431
5973128
27
46
46
-2003
-1023
3030
5974153
943
-102
-58
-1757
89
3253
5975178
978
-142
-59
-1598
232
3887
5976203
628
-52
-28
-1572
-271
4486
5977228
273
25
-73
-1688
28
4340
5978253
-133
87
-63
-1654
-183
3952
5979278
-298
92
-34
-1721
-226
3709
5980303
-226
68
1
-1690
-483
3764
5973119
78
38
12
-1775
-332
3977
5974144
195
-1
0
-1805
-24
3940
5975169
65
-13
8
-1804
0
3765
5976194
-11
-28
18
-1804
-100
3743
5977219
14
-50
12
-1777
-98
3849
5978244
39
-57
8
-1766
-79
3944
5979269
39
-38
7
-1798
-122
3971
5980294
20
-36
-4
-1806
-39
3900
5981319
-1
-33
3
-1800
-111
3919
5982344
9
-38
5
-1807
-66
3918
5983369
-5
-34
10
-1800
-112
3916
5984394
12
-25
15
-1805
-109
3996
5985419
11
-14
11
-1815
-55
3986
5986444
-6
-7
16
-1809
-95
3987
5987469
-11
-11
21
-1789
-101
3944
5988494
18
-14
28
-1785
-47
3911
5981312
19
-14
31
-1756
-59
3927
5982337
37
3
35
-1768
-72
3982
5983362
29
10
28
-1769
-33
3971
5984387
-8
11
26
-1760
-56
3925
5985412
-22
13
27
-1750
-77
3864
5986437
-3
0
29
-1764
-28
3833
5987462
-28
-31
26
-1776
17
3786
5988487
-46
-68
22
-1775
-38
3803
5989512
-4
-95
8
-1762
-29
3900
5990537
15
-107
-2
-1696
-55
3996
5991562
12
-87
-2
-1685
-120
4029
5992587
9
-60
-3
-1693
-107
4027
5993612
9
-35
-3
-1716
-89
4011
5994637
-1
-10
-4
-1724
-93
3994
5995662
-15
7
-10
-1740
-76
3950
5996687
-9
13
-9
-1736
-109
3978
5989504
10
17
-12
-1730
-87
4017
5990529
2
29
-10
-1739
-85
3975
5991554
-17
33
-7
-1749
-67
3910
5992579
-15
28
0
-1758
-89
3924
5993604
13
21
-1
-1750
-74
3955
5994629
19
16
6
-1743
-73
3965
5995654
14
17
9
-1738
-85
3974
5996679
15
21
8
-1747
-49
3962
5997704
8
21
4
-1756
-39
3938
5998729
16
18
-2
-1760
-56
3938
5999754
25
19
-8
-1757
-69
3935
6000779
31
23
-13
-1766
-69
3949
6001804
29
25
-13
-1763
-43
3945
6002829
13
22
-10
-1774
-88
3917
6003854
19
21
-14
-1760
-66
3912
6004879
19
25
-11
-1772
-69
3910
5997696
18
20
-8
-1776
-88
3921
5998721
22
16
-4
-1766
-68
3921
5999746
13
15
2
-1768
-70
3894
6000771
6
8
6
-1783
-62
3871
6001796
1
-1
9
-1776
-73
3864
6002821
3
-7
10
-1776
-76
3874
6003846
-5
-8
8
-1779
-58
3873
6004871
-26
-11
6
-1783
-47
3854
6005896
-33
-20
3
-1790
-85
3860
6006921
-28
-32
0
-1822
-121
3915
6007946
-51
-43
-10
-1796
-152
3929
6008971
-63
-33
-16
-1878
-105
3859
6009996
25
-50
-30
-1996
-18
3766
6011021
103
-66
-131
-2029
290
3579
6012046
-342
-163
-297
-1710
561
3113
6013071
-520
-205
-18
-1377
-701
3451
6005888
-180
-128
228
-1341
-906
4572
6006913
299
-7
220
-1560
-154
5450
6007938
-281
-27
73
-1559
984
4697
6008963
-1518
-25
175
-1761
-399
3441
6009988
-611
-66
154
-1839
-1458
3671
6011013
210
-121
-31
-1659
-119
3830
6012038
196
-70
-38
-1616
178
3662
6013063
78
28
-24
-1542
-136
3763
6014088
161
126
12
-1472
-278
4543
6015113
153
119
100
-1722
-505
4804
6016138
134
79
-14
-1668
-835
4496
6017163
511
164
-187
-1759
-345
4254
6018188
1052
144
-217
-1853
289
4204
6019213
787
194
-318
-2092
1771
3768
6020238
-365
145
61
-2353
-437
2501
6021263
296
-96
106
-1900
-1944
2881
6014080
1512
-328
-118
-1616
1260
3662
6015105
445
-188
-31
-1389
379
4415
6016130
-171
26
25
-1701
-192
4622
6017155
-354
102
-32
-1685
-29
4233
6018180
-408
132
-68
-1652
-70
3850
6019205
-199
86
-106
-1628
-154
3712
6020230
45
42
-94
-1631
-115
3861
6021255
131
22
-76
-1718
19
3935
6022280
74
-3
-65
-1767
80
3856
6023305
40
-34
-48
-1740
82
3894
6024330
47
-43
-31
-1754
-14
4029
6025355
31
-33
-17
-1808
-55
4011
6026380
-2
-32
-11
-1831
-40
3865
6027405
30
-42
-20
-1776
44
3882
6028430
62
-35
-32
-1751
130
3976
6029455
2
-11
-31
-1778
2
3991
6022273
-33
1
-34
-1804
-39
3924
6023298
-29
1
-32
-1819
-23
3881
6024323
14
-4
-29
-1796
1
3910
6025348
22
-5
-18
-1784
21
3918
6026373
1
1
0
-1783
-25
3934
6027398
-1
3
7
-1791
-14
3948
6028423
2
6
8
-1770
-28
3965
6029448
1
16
11
-1777
-19
3964
6030473
8
20
12
-1761
-15
3970
6031498
5
30
12
-1772
26
3940
6032523
-9
36
16
-1779
3
3912
6033548
-8
34
14
-1771
18
3899
6034573
-4
22
20
-1762
-50
3933
6035598
19
19
16
-1765
2
3972
6036623
10
25
14
-1785
46
3925
6037648
-3
23
13
-1786
26
3894
6030464
-4
21
15
-1784
11
3870
6031489
-2
19
15
-1777
1
3882
6032514
9
20
19
-1775
21
3917
6033539
1
19
17
-1784
2
3914
6034564
-10
13
11
-1787
-8
3893
6035589
-10
3
10
-1776
14
3902
6036614
-12
0
13
-1771
2
3917
6037639
4
-1
17
-1767
37
3957
6038664
-1
-2
14
-1768
55
3956
6039689
-18
0
10
-1779
54
3909
6040714
-19
-1
0
-1786
82
3901
6041739
-29
-5
-14
-1779
35
3882
6042764
-7
-12
-23
-1768
14
3916
6043789
20
-18
-27
-1777
15
3927
6044814
8
-26
-26
-1784
-3
3878
6045839
-12
-37
-22
-1760
-19
3856
6038656
-12
-43
-12
-1765
-47
3904
6039681
2
-43
-8
-1763
-23
3939
6040706
-18
-39
-5
-1773
-10
3906
6041731
-60
-40
-2
-1792
-14
3866
6042756
-69
-52
12
-1833
-82
3896
6043781
-14
-88
9
-1883
-147
4108
6044806
11
-79
-29
-1940
-116
4170
6045831
56
-25
-84
-2049
261
3859
6046856
-321
-77
-263
-1878
1463
3338
6047881
-1426
-198
-191
-1462
611
2998
6048906
-1504
-232
190
-1393
-2484
2886
6049931
115
-171
138
-1188
-2156
4272
6050956
828
29
-73
-1477
1504
6566
6051981
-933
104
-28
-1851
1513
5370
6053006
-2129
20
-113
-1944
-757
2551
6054031
-542
-71
-45
-1571
-1426
3143
6046848
469
-87
-52
-1508
-282
3600
6047873
468
-34
85
-1521
-356
3664
6048898
185
52
159
-1550
-680
4089
6049923
9
112
133
-1611
-563
4729
6050948
19
114
65
-1832
-397
4546
6051973
276
126
-5
-1525
-846
4383
6052998
738
210
-42
-1787
-616
4424
6054023
741
267
-279
-2173
948
4625
6055048
-79
308
-291
-2479
958
3343
6056073
-343
139
4
-2256
-2204
2336
6057098
1580
-216
-60
-1736
-334
2808
6058123
1439
-303
-94
-1457
975
3769
6059148
356
-87
82
-1545
-535
4757
6060173
49
53
27
-1707
-115
4843
6061198
-348
163
10
-1741
97
4185
6062223
-632
196
32
-1804
-180
3605
6055040
-383
142
52
-1787
-568
3483
6056065
168
51
42
-1751
-280
3854
6057090
339
11
26
-1765
87
4032
6058115
204
-4
27
-1798
128
3923
6059140
11
-31
21
-1791
80
3771
6060165
-27
-47
38
-1750
-128
3802
6061190
73
-56
17
-1769
-30
3916
6062215
88
-53
3
-1754
-30
3962
6063240
44
-33
-6
-1784
-8
3891
6064265
4
-22
-3
-1794
-144
3881
6065290
26
-27
-12
-1788
-116
3919
6066315
37
-19
-13
-1787
-46
3886
6067340
29
-9
-4
-1794
-47
3868
6068365
5
-13
13
-1809
-92
3938
6069390
-14
-12
21
-1813
-66
3983
6070415
-29
-3
19
-1823
-17
3987
6063231
-50
-6
14
-1806
-12
3915
6064256
-42
-16
15
-1776
-77
3909
6065281
10
-14
16
-1757
-53
4002
6066306
14
1
10
-1755
27
3990
6067331
-30
22
5
-1768
-52
3957
6068356
-40
28
-1
-1798
-104
3918
6069381
-23
16
-1
-1798
-87
3890
6070406
-19
6
0
-1791
-75
3881
6071431
-9
0
11
-1773
-79
3916
6072456
7
-1
16
-1777
-88
3951
6073481
13
0
7
-1790
-41
3939
6074506
-10
0
1
-1800
-47
3897
6075531
-14
4
3
-1800
-102
3902
6076556
20
0
0
-1783
-68
3912
6077581
14
-3
0
-1786
5
3866
6078606
-28
-16
9
-1788
-57
3778
6071543
-46
-30
17
-1804
-142
3855
6072568
-71
-29
6
-1824
-192
4013
6073593
-88
-21
-11
-1824
-190
4121
6074618
5
-7
-32
-1839
-226
4114
6075643
171
-24
-50
-1945
-16
3942
6076668
50
-76
-95
-2020
85
3472
6077693
-446
-273
-213
-1746
182
2636
6078718
-979
-389
-164
-1215
-21
2751
6079743
-1010
-69
-26
-1919
-757
4531
6080768
-221
72
-287
-1335
-541
5525
6081793
368
-42
37
-1041
450
5411
6082818
-1858
28
30
-1857
1276
3897
6083843
-2028
28
406
-1879
-2693
2643
6084868
-186
-50
133
-1781
-1275
3020
6085893
921
-82
37
-1608
-498
3701
6086918
936
32
0
-1632
265
4136
6079616
345
164
22
-1726
-88
4909
6080641
-125
163
-39
-1689
-433
4950
6081666
49
172
-45
-1686
-569
4476
6082691
488
219
-68
-1853
-826
3908
6083716
804
239
-150
-1951
2
4162
6084741
384
181
-92
-2223
640
3579
6085766
-62
65
178
-2283
-1085
2962
6086791
883
-156
154
-1926
-811
3035
6087816
1190
-256
31
-1596
744
3799
6088841
373
-79
113
-1603
-57
4546
6089866
17
64
93
-1782
-238
4577
6090891
-173
139
46
-1813
-133
4137
6091916
-291
183
32
-1860
-91
3809
6092941
-185
167
32
-1794
-235
3662
6093966
74
124
51
-1794
-240
3760
6094991
190
91
57
-1812
-89
3987
6087807
113
80
48
-1866
-34
3945
6088832
-4
48
26
-1866
-29
3710
6089857
1
1
32
-1822
-84
3662
6090882
82
-34
38
-1815
-69
3832
6091907
108
-48
36
-1808
-4
3954
6092932
8
-44
31
-1826
-101
3825
6093957
2
-49
30
-1811
-218
3811
6094982
77
-49
18
-1792
-52
3888
6096007
54
-38
8
-1783
51
3825
6097032
1
-26
29
-1791
-120
3949
6098057
14
-16
24
-1826
-119
4092
6099082
-17
8
1
-1860
-42
4010
6100107
-62
7
-5
-1854
-6
3818
6101132
-59
-11
12
-1830
-101
3736
6102157
42
-24
16
-1817
-63
3933
6103182
46
-20
18
-1814
-4
4024
6096000
3
-6
18
-1817
-57
3964
6097025
2
2
8
-1815
-32
3902
6098050
17
9
5
-1817
-37
3930
6099075
31
19
-1
-1832
-18
3961
6100100
38
30
-15
-1838
-16
4002
6101125
44
39
-24
-1840
-16
3989
6102150
22
37
-18
-1853
-25
3865
6103175
-16
21
-14
-1849
-50
3750
6104200
-1
-1
-3
-1840
-66
3773
6105225
42
-12
4
-1847
-71
3882
6106250
33
-16
6
-1843
-86
3922
6107275
-9
-7
2
-1846
-70
3889
6108300
-37
-3
1
-1846
-77
3837
6109325
1
0
5
-1826
-63
3906
6110350
6
11
14
-1840
-67
3954
6111375
-19
19
15
-1867
-78
3891
6104192
-28
20
10
-1865
-49
3840
6105217
-10
16
12
-1851
-43
3864
6106242
15
14
14
-1850
-36
3921
6107267
9
15
14
-1851
-26
3927
6108292
-9
12
14
-1852
-37
3886
6109317
-6
7
11
-1846
-44
3850
6110342
2
5
10
-1851
-23
3874
6111367
-12
1
13
-1846
-54
3912
6112392
-6
-1
8
-1842
-45
3894
6113417
4
-5
3
-1837
-11
3866
6114442
-7
-9
1
-1836
-38
3844
6115467
-24
-9
3
-1860
-40
3857
6116492
-30
-14
4
-1860
-82
3899
6117517
-16
-20
1
-1855
-78
3892
6118542
0
-20
0
-1856
-48
3894
6119567
2
-19
-1
-1854
-21
3893
6112384
-22
-19
-1
-1855
-47
3849
6113409
-25
-21
0
-1855
-57
3838
6114434
-18
-25
1
-1861
-56
3865
6115459
-16
-33
-1
-1853
-61
3855
6116484
-38
-43
-3
-1863
-106
3875
6117509
-71
-59
-6
-1884
-139
3957
6118534
-110
-55
-2
-2021
-165
3894
6119559
-3
-51
18
-2239
-243
3779
6120584
147
-86
-212
-2111
715
3637
6121609
-513
-231
-318
-1679
988
2773
6122634
-1453
-346
140
-1159
-1065
2260
6123659
-1320
36
10
-1699
-788
4759
6124684
-306
42
-64
-1190
119
7161
6125709
-1178
-10
-131
-2033
595
4656
6126734
-1124
-127
-43
-1905
-1372
2749
6127759
-670
-114
34
-1359
-1458
3043
6120576
10
-65
99
-1818
-1208
3856
6121601
358
-118
44
-1701
-490
3597
6122626
509
-21
125
-1585
-713
3762
6123651
514
119
88
-1690
-241
4547
6124676
245
165
143
-1806
-209
4642
6125701
186
182
117
-1907
-738
4308
6126726
339
196
-61
-1806
-539
4143
6127751
559
210
-157
-1820
-344
3840
6128776
541
141
-110
-1824
-238
4111
6129801
150
184
-203
-1956
518
4615
6130826
-208
218
-91
-2438
229
3511
6131851
-246
14
86
-2280
-1731
2584
6132876
1208
-282
10
-1706
-739
2896
6133901
1499
-348
-18
-1580
925
3698
6134926
572
-206
97
-1563
-76
4416
6135951
71
-76
49
-1677
-151
4507
6128769
-273
20
5
-1706
-261
4150
6129794
-379
77
-10
-1792
-263
3862
6130819
-243
65
-22
-1787
-236
3708
6131844
-30
26
-6
-1762
-304
3802
6132869
109
-10
18
-1801
-189
3874
6133894
98
-31
26
-1867
-85
3886
6134919
35
-43
33
-1851
-133
3893
6135944
2
-49
25
-1827
-120
3922
6136969
38
-38
26
-1795
-112
4005
6137994
38
-14
21
-1833
-125
4015
6139019
41
13
17
-1825
-195
4005
6140044
51
32
4
-1837
-96
3944
6141069
8
37
4
-1827
-113
3843
6142094
8
26
16
-1833
-150
3851
6143119
35
18
26
-1812
-136
3917
6144144
25
21
38
-1828
-113
3939
6136960
4
16
34
-1831
-104
3918
6137985
2
7
34
-1821
-117
3927
6139010
8
3
30
-1815
-101
3926
6140035
12
-2
27
-1805
-72
3894
6141060
9
-2
25
-1810
-112
3902
6142085
22
-4
18
-1802
-105
3909
6143110
31
8
16
-1794
-122
3952
6144135
20
24
9
-1804
-76
3940
6145160
-7
29
7
-1805
-123
3874
6146185
7
23
6
-1821
-137
3874
6147210
28
16
1
-1817
-100
3906
6148235
22
20
3
-1815
-120
3938
6149260
21
18
11
-1820
-113
3928
6150285
17
18
14
-1828
-106
3911
6151310
17
15
13
-1849
-70
3893
6152335
-1
-1
8
-1839
-46
3837
6145153
-15
-9
10
-1826
-102
3825
6146178
13
-12
11
-1831
-137
3905
6147203
43
-11
3
-1835
-107
3961
6148228
37
1
-6
-1829
-84
3956
6149253
20
13
-8
-1833
-86
3909
6150278
10
17
-11
-1837
-99
3851
6151303
-4
12
-5
-1826
-82
3836
6152328
-16
9
6
-1826
-154
3884
6153353
11
8
2
-1832
-131
3926
6154378
18
12
0
-1844
-79
3948
6155403
-3
10
1
-1835
-83
3931
6156428
-5
11
10
-1842
-64
3919
6157453
-25
14
17
-1857
-102
3881
6158478
-24
11
29
-1853
-209
3877
6159503
1
12
19
-1842
-87
3886
6160528
-47
22
16
-1858
-29
3890
6153344
-81
30
17
-1882
-135
3854
6154369
-6
15
1
-1857
-84
3844
6155394
13
11
4
-1893
-36
3856
6156419
14
7
6
-2026
-87
3837
6157444
31
-6
-58
-1972
-1
3693
6158469
-25
-9
-129
-1934
34
3413
6159494
-118
-22
-75
-1856
-211
3753
6160519
-261
27
55
-1780
76
4557
6161544
-336
62
136
-1181
-60
4750
6162569
-1368
99
46
-1450
539
4506
6163594
-1903
101
293
-1929
-1618
3608
6164619
-221
-41
137
-2150
-1303
3063
6165644
582
-123
-13
-1729
196
3108
6166669
402
-71
16
-1750
0
3585
6167694
263
-40
-4
-1800
-410
4054
6168719
367
-13
-56
-1760
-375
4359
6161536
413
25
-82
-1851
-266
4340
6162561
320
62
-144
-1832
-117
4343
6163586
167
112
-119
-1843
-384
4035
6164611
247
124
-100
-2021
-508
3770
6165636
297
96
-169
-1950
121
4058
6166661
9
75
-90
-2250
317
3866
6167686
-89
-34
164
-2481
-1157
3126
6168711
1047
-222
25
-2091
-328
3122
6169736
1240
-348
-60
-1543
1184
3410
6170761
246
-221
38
-1553
256
4121
6171786
-272
-86
90
-1790
-406
4536
6172811
-326
4
26
-1778
-285
4397
6173836
-276
84
-34
-1807
-37
4083
6174861
-171
105
-34
-1786
-145
3816
6175886
44
89
5
-1795
-179
3837
6176911
101
56
27
-1792
-128
3926
6169728
101
46
35
-1825
-140
3966
6170753
136
36
14
-1842
53
3941
6171778
67
27
16
-1829
73
3815
6172803
24
17
29
-1828
-50
3823
6173828
40
-2
12
-1859
26
3823
6174853
43
-4
2
-1859
-52
3875
6175878
64
-2
-15
-1856
-35
3852
6176903
1
-9
-32
-1844
-16
3649
6177928
17
-13
-22
-1824
-109
3868
6178953
48
5
-26
-1880
-18
3997
6179978
15
36
-35
-1913
4
3974
6181003
-9
33
-33
-1920
-23
3854
6182028
-6
9
-24
-1926
-56
3779
6183053
38
-10
-13
-1879
-58
3858
6184078
42
-6
-9
-1875
-3
3905
6185103
-2
4
-5
-1881
-60
3887
6177919
-35
1
-10
-1876
-39
3843
6178944
-63
-13
-12
-1858
-9
3780
6179969
-33
-26
-5
-1816
-71
3842
6180994
26
-24
1
-1844
-77
3955
6182019
13
-12
-2
-1855
-52
3918
6183044
-20
3
-9
-1883
-34
3869
6184069
-27
4
-14
-1878
-33
3879
6185094
-34
0
-12
-1878
-45
3866
6186119
-8
-7
-6
-1876
-21
3922
6187144
-4
-6
-2
-1889
-11
3931
6188169
-1
-5
-4
-1886
-48
3910
6189194
14
-11
-7
-1851
-2
3866
6190219
-4
-13
4
-1847
-49
3851
6191244
0
-12
7
-1853
-77
3891
6192269
10
-13
-4
-1840
-8
3899
6193294
-28
-5
-6
-1831
-65
3866
6186112
-25
-2
-6
-1848
-112
3862
6187137
-11
-10
-12
-1845
-54
3826
6188162
-9
-11
-6
-1839
-49
3862
6189187
-11
-11
2
-1848
-61
3958
6190212
-6
-10
0
-1855
-37
3963
6191237
-29
-5
-5
-1862
-12
3872
6192262
-33
-4
-5
-1878
-72
3868
6193287
9
-8
-7
-1877
-78
3921
6194312
22
-10
-10
-1870
-12
3946
6195337
10
-4
-8
-1865
-51
3926
6196362
3
2
-9
-1854
-81
3900
6197387
11
3
-8
-1857
-82
3891
6198412
18
-2
-3
-1852
-53
3886
6199437
0
-6
3
-1856
-57
3862
6200462
-23
-9
6
-1869
-82
3836
6201487
-48
-16
10
-1880
-94
3797
6194304
-47
-33
8
-1865
-86
3811
6195329
-40
-43
2
-1855
-121
3847
6196354
-4
-39
-5
-1872
-70
3938
6197379
17
-31
-11
-1868
-16
4010
6198404
-71
-5
-27
-1858
10
3898
6199429
-169
-4
-29
-1941
-90
3663
6200454
-137
-61
1
-1974
-298
3712
6201479
-60
-127
1
-1971
-286
3789
6202504
-108
-191
-99
-1741
126
3638
6203529
-614
-210
-47
-1747
115
3384
6204554
-1252
-124
21
-1867
-837
3623
6205579
-967
38
-119
-1897
-1056
4527
6206604
-182
54
-125
-1261
370
5053
6207629
29
127
-12
-1433
1030
5086
6208654
-1355
185
356
-1541
-441
4344
6209679
-1424
153
365
-2405
-2392
3004
6202496
-13
-31
36
-1881
-778
2883
6203521
684
-26
34
-1648
135
3286
6204546
729
13
88
-1765
174
3858
6205571
387
-5
70
-1715
-369
4569
6206596
164
-39
29
-1601
-725
4746
6207621
329
67
-10
-1832
-794
4310
6208646
933
104
-123
-1991
-202
3950
6209671
943
135
-238
-2055
921
4250
6210696
83
131
-5
-2439
69
3096
6211721
48
25
205
-2216
-2164
2705
6212746
1425
-265
-66
-1902
408
3187
6213771
877
-286
-101
-1472
861
3813
6214796
31
-90
61
-1634
-261
4481
6215821
-113
-17
2
-1721
-87
4480
6216846
-191
60
-25
-1743
-115
4158
6217871
-245
100
-44
-1808
-111
3865
6210701
-174
94
-35
-1810
-327
3790
6211726
28
59
-36
-1853
-91
3830
6212751
61
23
-19
-1853
-44
3823
6213776
64
-6
1
-1888
-113
3898
6214801
54
-38
-6
-1885
-32
3858
6215826
4
-44
-6
-1845
-19
3848
6216851
19
-36
7
-1853
-109
3971
6217876
57
-29
5
-1888
-111
3981
6218901
45
-27
-5
-1885
-96
3850
6219926
37
-22
-4
-1852
-67
3795
6220951
54
-12
12
-1848
-102
3895
6221976
55
-5
20
-1851
-82
3956
6223001
10
5
29
-1854
-89
3911
6224026
-42
14
35
-1869
-115
3853
6225051
-6
6
40
-1877
-60
3883
6226076
20
0
39
-1844
-22
3911
6218880
18
13
56
-1840
-77
3948
6219905
20
6
56
-1856
-87
3945
6220930
10
-10
53
-1838
-169
3908
6221955
63
-17
48
-1766
-158
3880
6222980
119
23
55
-1781
27
3947
6224005
52
60
77
-1819
9
3963
6225030
-20
78
79
-1833
6
3929
6226055
-59
81
73
-1863
4
3868
6227080
-40
59
56
-1846
53
3822
6228105
1
48
44
-1856
-3
3871
6229130
47
33
16
-1868
96
3907
6230155
25
27
1
-1862
41
3921
6231180
24
27
-14
-1864
22
3879
6232205
25
31
-28
-1866
-25
3879
6233230
43
33
-49
-1873
-19
3888
6234255
49
43
-64
-1870
-20
3862
6227072
45
50
-75
-1865
55
3830
6228097
14
61
-73
-1880
-52
3833
6229122
28
64
-81
-1905
-66
3864
6230147
39
63
-92
-1905
-48
3849
6231172
21
61
-99
-1904
-31
3820
6232197
14
60
-96
-1895
-82
3845
6233222
8
62
-88
-1902
-61
3875
6234247
-7
69
-79
-1917
-64
3873
6235272
-7
76
-74
-1933
-53
3862
6236297
-8
83
-65
-1948
-61
3836
6237322
-5
79
-57
-1953
-36
3821
6238347
-7
72
-47
-1942
-39
3819
6239372
-4
69
-37
-1934
-77
3850
6240397
-1
66
-33
-1939
-58
3853
6241422
-7
68
-29
-1941
-44
3852
6242447
-8
65
-22
-1945
-63
3858
6235264
0
66
-20
-1949
-62
3881
6236289
-5
73
-22
-1979
-44
3867
6237314
-5
69
-17
-2000
-61
3862
6238339
11
68
-13
-1999
-17
3870
6239364
9
72
-10
-2006
0
3885
6240389
9
78
-11
-2017
-49
3879
6241414
23
87
-13
-2031
-7
3843
6242439
17
88
-13
-2047
0
3793
6243464
13
86
-10
-2073
-21
3789
6244489
37
79
-8
-2086
-41
3818
6245514
56
79
-12
-2091
-17
3830
6246539
45
77
-18
-2081
5
3758
6247564
24
67
-17
-2075
-14
3684
6248589
18
46
-10
-2043
-14
3637
6249614
5
34
13
-2024
-90
3684
6250639
5
36
26
-2060
-144
3794
6243456
7
44
25
-2091
-94
3812
6244481
-10
51
22
-2084
-49
3776
6245506
-39
52
19
-2092
-8
3685
6246531
-90
38
15
-2105
-24
3626
6247556
-93
20
14
-2119
-162
3673
6248581
-15
-9
13
-2166
-72
3743
6249606
-30
-21
1
-2167
52
3729
6250631
-116
-7
-3
-2232
-14
3653
6251656
-141
-19
-28
-2356
-62
3531
6252681
-232
-71
-177
-2212
413
3037
6253706
-677
-157
-193
-2080
-65
2205
6254731
-601
-255
9
-2251
-1061
2765
6255756
258
-91
42
-1657
-211
6035
6256781
47
122
-44
-1202
1465
7138
6257806
-2154
57
-117
-1760
1149
3623
6258831
-1377
-7
318
-2453
-3708
1948
6251649
854
-125
-13
-1907
-192
3466
6252674
375
-61
67
-1723
343
3919
6253699
-63
60
130
-1985
-791
4326
6254724
-19
11
20
-2077
-680
4335
6255749
157
-54
-51
-2008
-511
4041
6256774
603
34
-130
-1890
-19
4631
6257799
716
149
-31
-2109
-329
3967
6258824
848
154
-97
-2360
57
3813
6259849
475
124
-155
-2443
796
3557
6260874
-47
28
170
-2692
-822
2611
6261899
681
-222
84
-2243
-649
2576
6262924
1106
-381
-43
-1819
1027
3284
6263949
226
-263
44
-1776
178
4042
6264974
-158
-112
62
-1873
-485
4401
6265999
-159
-13
8
-1915
-195
4172
6267024
-249
59
2
-1989
-66
3806
6259841
-196
90
-4
-2004
-128
3720
6260866
-29
92
5
-2016
-172
3879
6261891
28
86
13
-2058
8
3891
6262916
-50
68
27
-2069
-11
3730
6263941
-23
34
29
-2062
-21
3731
6264966
29
10
29
-2032
36
3818
6265991
40
7
32
-2053
5
3840
6267016
34
7
16
-2058
40
3791
6268041
1
1
3
-2039
55
3688
6269066
-4
-7
-5
-2012
-63
3697
6270091
50
-3
-10
-2028
-101
3824
6271116
49
-13
-32
-2034
35
3712
6272141
1
-7
-19
-1996
-31
3796
6273166
-9
24
-1
-2051
-140
3958
6274191
2
42
-7
-2092
-21
3878
6275216
-16
47
-2
-2099
7
3777
6268031
-30
32
-2
-2104
-11
3691
6269056
-6
1
-2
-2079
-62
3672
6270081
61
-17
3
-2030
-50
3782
6271106
56
-15
-1
-2044
24
3805
6272131
15
-14
-2
-2031
-20
3792
6273156
5
-10
-8
-2030
-19
3788
6274181
-12
-5
-6
-2046
-67
3752
6275206
4
-5
-7
-2053
-67
3771
6276231
18
-6
-8
-2055
0
3793
6277256
-1
-6
-3
-2052
10
3791
6278281
-4
-4
5
-2065
-31
3782
6279306
20
-7
1
-2072
-20
3778
6280331
21
4
3
-2073
-57
3824
6281356
21
23
6
-2110
-67
3852
6282381
14
39
1
-2108
-3
3850
6283406
-7
42
1
-2103
-2
3796
6276224
-8
34
11
-2095
-24
3741
6277249
16
21
22
-2065
-19
3762
6278274
25
15
28
-2075
-13
3821
6279299
27
23
23
-2061
-19
3835
6280324
18
34
13
-2068
20
3803
6281349
2
36
7
-2068
7
3751
6282374
9
25
6
-2062
14
3721
6283399
23
14
8
-2059
-34
3755
6284424
30
13
3
-2060
-12
3778
6285449
13
15
1
-2058
21
3739
6286474
-2
3
6
-2061
-30
3735
6287499
10
-10
7
-2070
-29
3759
6288524
22
-17
9
-2053
-13
3780
6289549
7
-8
10
-2045
-23
3763
6290574
-10
-5
12
-2077
-10
3733
6291599
-2
-15
12
-2083
-14
3758
6284492
9
-15
11
-2065
17
3761
6285517
-8
-9
12
-2073
11
3756
6286542
-14
-9
10
-2070
-19
3770
6287567
-4
-5
10
-2093
-23
3805
6288592
6
-6
2
-2094
14
3804
6289617
-1
-3
-1
-2089
24
3774
6290642
-10
2
3
-2099
9
3774
6291667
-10
0
8
-2105
19
3777
6292692
-11
-8
14
-2101
14
3746
6293717
-5
-10
16
-2091
10
3733
6294742
-2
-10
15
-2082
-12
3761
6295767
6
-12
12
-2053
-33
3801
6296792
8
-7
11
-2050
-20
3818
6297817
-9
3
12
-2059
-9
3799
6298842
-23
7
14
-2071
7
3752
6299867
-34
2
14
-2104
-7
3713
6292608
-51
-12
8
-2152
-54
3719
6293633
-69
-32
-11
-2099
-84
3735
6294658
-65
-37
-7
-2198
-2
3621
6295683
-26
-66
24
-2287
-114
3484
6296708
48
-103
-86
-2138
296
3504
6297733
-347
-144
-173
-2034
577
3159
6298758
-775
-111
-28
-2263
-833
3223
6299783
130
-105
3
-1714
-1159
5075
6300808
289
-112
-206
-1526
1817
5522
6301833
-1192
-83
82
-1607
504
3817
6302858
-560
-35
566
-2406
-2698
2759
6303883
532
-256
247
-1932
-308
2552
6304908
86
-225
219
-1705
106
3260
6305933
-299
-52
189
-1781
9
4286
6306958
-441
79
103
-1933
136
5263
6307983
-373
64
129
-1943
-503
4491
6300801
195
132
7
-1798
-694
4565
6301826
797
271
-46
-2062
102
4777
6302851
789
316
-64
-3094
1240
3139
6303876
268
131
50
-2864
-741
2138
6304901
1091
-246
-53
-1927
182
2375
6305926
1107
-436
0
-1633
1200
3583
6306951
86
-256
113
-1749
-74
4614
6307976
-291
-76
53
-1812
-395
4510
6309001
-321
16
11
-1830
-103
4069
6310026
-279
86
-1
-1910
101
3849
6311051
-179
121
-17
-1933
-68
3801
6312076
-21
118
-25
-1992
-18
3782
6313101
22
81
-44
-2047
222
3719
6314126
4
36
-45
-2036
122
3786
6315151
27
2
-47
-2026
180
3759
6316176
42
-22
-20
-1999
82
3822
6308992
59
-27
-11
-2040
114
3791
6310017
58
-31
-23
-2053
79
3770
6311042
62
-21
-23
-2007
-2
3895
6312067
51
-2
-39
-2019
52
3811
6313092
23
16
-39
-1992
-48
3801
6314117
22
41
-31
-2017
18
3863
6315142
3
54
-31
-2061
75
3826
6316167
-12
44
-26
-2045
73
3764
6317192
-10
23
-8
-2057
25
3712
6318217
34
-2
1
-2038
28
3727
6319242
49
-10
8
-2031
132
3796
6320267
7
-5
10
-2043
80
3827
6321292
-23
1
2
-2040
29
3802
6322317
-23
2
7
-2018
-29
3753
6323342
16
0
11
-2016
40
3772
6324367
33
1
17
-2008
51
3800
6317183
21
13
20
-2020
58
3816
6318208
-20
22
19
-2044
56
3798
6319233
-36
29
17
-2050
2
3802
6320258
6
29
10
-2044
75
3818
6321283
5
30
12
-2038
129
3803
6322308
-10
33
30
-2046
71
3801
6323333
-16
39
35
-2055
51
3802
6324358
-14
40
29
-2070
46
3785
6325383
5
32
22
-2054
93
3774
6326408
6
25
21
-2045
105
3764
6327433
-1
19
21
-2052
69
3723
6328458
0
5
13
-2042
112
3702
6329483
-7
-3
15
-2028
39
3733
6330508
-8
-10
4
-2036
98
3704
6331533
-8
-19
4
-2022
27
3773
6332558
5
-26
1
-2011
70
3784
6325377
-13
-18
-2
-2025
80
3761
6326402
-9
-20
-5
-2030
69
3784
6327427
2
-26
-12
-2022
93
3765
6328452
-6
-21
-10
-2035
66
3824
6329477
-25
-11
-11
-2064
77
3851
6330502
-32
-5
-15
-2074
81
3810
6331527
-15
-9
-12
-2072
88
3794
6332552
-3
-11
-5
-2079
106
3788
6333577
-7
-15
1
-2063
67
3790
6334602
1
-13
5
-2049
60
3826
6335627
5
-8
-2
-2037
56
3814
6336652
6
-2
0
-2025
20
3824
6337677
10
9
2
-2036
59
3827
6338702
-10
17
3
-2042
73
3818
6339727
-22
22
7
-2049
53
3807
6340752
-11
22
7
-2062
82
3786
6333568
-6
20
1
-2076
91
3785
6334593
0
10
-11
-2068
62
3774
6335618
14
-5
-21
-2049
65
3751
6336643
14
-10
-20
-2031
57
3740
6337668
7
-13
-9
-2034
35
3747
6338693
-1
-20
-3
-2008
11
3749
6339718
2
-14
1
-2023
28
3770
6340743
2
-8
1
-2042
43
3808
6341768
-12
1
-1
-2053
42
3804
6342793
-28
6
-2
-2063
56
3774
6343818
-34
2
1
-2061
49
3757
6344843
-29
-5
5
-2068
64
3740
6345868
-35
-14
8
-2110
113
3757
6346893
-116
-17
18
-2176
60
3829
6347918
-225
-12
29
-2235
-56
3745
6348943
-130
-28
-7
-2320
-21
3385
6341760
51
-170
-132
-1991
737
3131
6342785
-270
-248
-33
-1914
872
2824
6343810
-1065
-279
180
-2233
305
2087
6344835
-1041
-331
253
-1884
-1635
3879
6345860
-295
-186
-87
-1396
-984
6785
6346885
-608
-159
-324
-1321
2037
5852
6347910
-1271
-80
271
-2403
-2306
2650
6348935
291
-265
-21
-1869
-937
3226
6349960
77
-236
8
-1603
417
3328
6350985
-61
-85
195
-1782
-1165
3549
6352010
293
-35
93
-1700
-180
4568
6353035
-25
59
68
-1842
210
5347
6354060
-323
123
69
-1944
-616
4683
6355085
236
238
-79
-1782
-631
4662
6356110
899
308
-28
-1766
-158
4408
6357135
556
340
13
-2524
673
3608
6349952
-295
352
131
-2614
-923
2765
6350977
533
113
145
-2457
-731
2519
6352002
1011
-257
96
-1836
1000
2718
6353027
358
-255
170
-1627
138
3614
6354052
102
-116
104
-1873
-150
4431
6355077
39
-18
35
-1823
20
4531
6356102
-146
109
5
-1891
-8
4019
6357127
-149
152
-21
-1976
-128
3613
6358152
-5
133
-22
-1981
-102
3694
6359177
122
93
-14
-2015
-26
3854
6360202
147
58
-4
-2026
103
3885
6361227
48
31
2
-2048
148
3763
6362252
-20
-20
-3
-2005
-1
3645
6363277
66
-55
2
-1951
-42
3704
6364302
216
-67
2
-1943
28
3833
6365327
252
-42
-2
-1966
56
3909
6358144
193
-8
-15
-1997
166
3903
6359169
0
10
-25
-1981
73
3758
6360194
-64
11
-18
-1982
-119
3725
6361219
10
8
-5
-1993
-100
3836
6362244
48
7
1
-2027
103
3856
6363269
-22
8
17
-2023
66
3814
6364294
-57
0
43
-2026
-52
3816
6365319
18
-6
44
-2008
-12
3878
6366344
76
13
33
-2033
107
3916
6367369
52
27
20
-2018
155
3842
6368394
3
35
20
-1998
86
3803
6369419
-9
40
24
-1995
25
3799
6370444
24
42
27
-2005
26
3815
6371469
45
41
27
-2019
67
3851
6372494
28
43
23
-2013
63
3817
6373519
13
43
21
-2002
91
3736
6366336
-2
38
24
-1996
80
3699
6367361
14
29
17
-2003
71
3761
6368386
21
31
12
-2013
92
3805
6369411
3
32
9
-2034
79
3802
6370436
-5
28
5
-2043
83
3767
6371461
-8
17
3
-2057
87
3701
6372486
-3
0
2
-2031
91
3696
6373511
14
-17
2
-2022
68
3749
6374536
37
-21
-3
-2021
103
3834
6375561
3
-15
-3
-2017
52
3874
6376586
-12
-8
-7
-2025
16
3853
6377611
5
-1
-3
-2022
34
3804
6378636
27
0
2
-2001
48
3786
6379661
47
6
10
-1997
77
3841
6380686
31
16
13
-2025
99
3818
6381711
15
18
5
-2022
95
3805
6374528
10
26
-1
-2037
90
3785
6375553
11
30
-3
-2040
68
3767
6376578
22
30
-4
-2033
91
3771
6377603
14
27
-4
-2047
112
3774
6378628
6
26
-6
-2050
94
3764
6379653
10
24
-7
-2065
80
3766
6380678
20
15
-14
-2056
92
3763
6381703
22
18
-16
-2045
127
3751
6382728
-4
22
-12
-2058
103
3743
6383753
-6
14
-10
-2053
48
3780
6384778
4
16
-14
-2059
89
3787
6385803
-7
18
-18
-2079
110
3743
6386828
-3
11
-16
-2069
70
3761
6387853
6
11
-20
-2074
88
3789
6388878
-7
13
-25
-2100
111
3755
6389903
-22
4
-31
-2108
72
3730
6382721
-9
-15
-40
-2104
87
3741
6383746
28
-30
-39
-2110
150
3795
6384771
26
-25
-29
-2089
108
3821
6385796
18
-17
-16
-2082
11
3801
6386821
26
-11
-5
-2062
6
3782
6387846
0
-1
3
-2056
41
3737
6388871
-19
-2
12
-2041
44
3752
6389896
-20
-4
19
-2035
98
3757
6390921
-55
2
22
-2109
137
3703
6391946
-138
-1
9
-2184
-50
3756
6392971
-142
-7
-3
-2121
-186
3762
6393996
-117
-10
46
-2239
78
3521
6395021
-155
-112
5
-2098
469
3278
6396046
-328
-167
-63
-1992
823
3336
6397071
-890
-77
117
-1454
-701
4368
6398096
-930
200
121
-1856
-611
5099
6390913
-664
279
-38
-2307
977
4507
6391938
-974
189
-55
-1790
-451
3937
6392963
-459
142
38
-2296
-1056
3521
6393988
336
-30
-71
-2185
-191
2867
6395013
184
-77
-130
-1890
352
2879
6396038
-176
2
-39
-1715
-385
3850
6397063
-294
87
26
-1931
-374
4802
6398088
-267
65
75
-2070
-1153
4465
6399113
162
150
-70
-1986
-897
4254
6400138
524
255
-96
-2195
-368
3586
6401163
1140
254
-69
-2512
399
3933
6402188
623
224
-184
-2827
1283
2937
6403213
-177
118
5
-2596
-1623
2287
6404238
1109
-219
-97
-2197
0
2871
6405263
971
-339
-100
-1868
1263
3785
6406288
-137
-133
45
-1891
-221
4487
6399104
-373
41
-15
-2060
-410
4338
6400129
-329
104
-35
-2095
-263
3933
6401154
-251
145
-17
-2200
56
3822
6402179
-288
171
12
-2238
10
3813
6403204
-288
171
37
-2302
-219
3791
6404229
-170
137
28
-2317
-240
3715
6405254
6
111
18
-2303
-257
3626
6406279
189
83
16
-2235
-143
3649
6407304
258
69
42
-2178
-170
3726
6408329
282
59
49
-2192
-111
3686
6409354
240
42
53
-2162
-47
3644
6410379
170
42
56
-2160
-49
3624
6411404
134
36
53
-2159
-63
3642
6412429
94
18
51
-2148
-3
3599
6413454
64
7
55
-2141
-27
3627
6414479
60
15
53
-2155
4
3713
6407295
39
24
37
-2192
71
3677
6408320
8
33
30
-2196
-3
3699
6409345
9
38
17
-2236
51
3656
6410370
36
27
9
-2234
48
3661
6411395
56
20
5
-2209
35
3705
6412420
34
21
9
-2228
-57
3694
6413445
47
10
10
-2223
-55
3678
6414470
57
5
14
-2216
3
3679
6415495
30
8
22
-2224
-13
3668
6416520
10
10
35
-2224
-32
3637
6417545
11
10
45
-2215
-27
3638
6418570
3
19
43
-2236
-7
3670
6419595
7
30
33
-2258
73
3712
6420620
-19
36
24
-2265
57
3709
6421645
-15
39
16
-2274
5
3708
6422670
6
37
4
-2270
53
3673
6415488
5
36
1
-2267
57
3631
6416513
7
24
8
-2290
58
3604
6417538
21
-1
14
-2277
69
3604
6418563
18
-14
27
-2252
-15
3642
6419588
20
-15
28
-2261
-20
3655
6420613
23
-14
16
-2248
18
3666
6421638
24
-12
9
-2234
14
3676
6422663
17
-11
3
-2229
15
3635
6423688
-6
-11
-2
-2215
48
3612
6424713
-18
-11
3
-2231
10
3649
6425738
5
-10
1
-2234
51
3691
6426763
16
-9
-3
-2242
48
3702
6427788
23
-6
-13
-2256
45
3679
6428813
27
-12
-20
-2252
114
3629
6429838
7
-20
-18
-2250
72
3606
6430863
2
-24
-17
-2264
57
3657
6423680
7
-26
-14
-2258
33
3702
6424705
9
-21
-9
-2267
44
3696
6425730
13
-19
-4
-2261
46
3672
6426755
4
-18
0
-2258
36
3691
6427780
-2
-14
3
-2257
33
3685
6428805
3
-11
4
-2249
26
3668
6429830
6
-8
7
-2249
48
3705
6430855
-13
-4
8
-2253
73
3673
6431880
-35
-5
10
-2245
47
3626
6432905
-30
-13
15
-2237
21
3640
6433930
-23
-22
20
-2250
39
3645
6434955
-41
-36
19
-2272
53
3650
6435980
-80
-62
19
-2315
-53
3710
6437005
-100
-99
13
-2366
-228
3825
6438030
-147
-103
-16
-2232
-141
3641
6439055
-42
-103
-2
-2338
78
3373
6431872
149
-215
-21
-2381
379
3341
6432897
-179
-415
-62
-2094
481
2429
6433922
-617
-498
133
-2049
-776
2631
6434947
-360
-262
-49
-1691
-1188
4968
6435972
-468
-99
-373
-1393
2122
6571
6436997
-2456
89
71
-2014
682
4346
6438022
-742
-12
447
-2821
-2600
2809
6439047
394
-238
81
-1931
-4
2315
6440072
-24
-141
170
-1897
-404
2713
6441097
44
-60
159
-2043
-341
4016
6442122
16
40
78
-2075
23
5016
6443147
-140
68
136
-2147
-231
4669
6444172
-36
101
102
-2209
-751
3845
6445197
350
165
-77
-2118
-187
4432
6446222
375
247
-90
-2130
-233
4204
6447247
272
296
-138
-2488
351
3761
6440064
200
197
10
-2658
-258
3036
6441089
484
23
67
-2613
-1031
2428
6442114
1334
-238
33
-2112
62
2842
6443139
1263
-305
42
-1886
831
3868
6444164
412
-137
67
-1933
227
4481
6445189
-79
25
44
-1993
-143
4362
6446214
-232
124
9
-2104
-2
3834
6447239
-259
147
-1
-2087
18
3538
6448264
-134
152
9
-2106
-155
3618
6449289
77
125
3
-2137
-67
3790
6450314
101
106
8
-2139
107
3829
6451339
-28
95
6
-2195
61
3651
6452364
-44
55
8
-2202
7
3546
6453389
36
9
27
-2193
79
3564
6454414
83
-33
52
-2205
28
3675
6455439
92
-70
53
-2195
48
3703
6448256
61
-97
52
-2130
40
3700
6449281
60
-95
52
-2077
-60
3726
6450306
105
-73
38
-2088
43
3735
6451331
90
-51
25
-2074
117
3733
6452356
41
-27
17
-2087
119
3726
6453381
-4
-4
14
-2105
82
3787
6454406
-12
11
8
-2148
115
3775
6455431
-20
11
3
-2172
75
3694
6456456
-17
-12
-3
-2179
107
3625
6457481
-7
-25
9
-2164
22
3681
6458506
37
-38
12
-2160
122
3727
6459531
37
-45
23
-2115
85
3788
6460556
48
-27
19
-2101
69
3826
6461581
47
-5
2
-2120
105
3749
6462606
11
10
-13
-2121
95
3769
6463631
-17
29
-20
-2141
78
3798
6456448
-9
36
-23
-2155
46
3737
6457473
35
36
-17
-2158
3
3726
6458498
80
36
-14
-2140
13
3789
6459523
101
37
-13
-2121
55
3820
6460548
92
44
-7
-2134
88
3785
6461573
61
47
-5
-2174
160
3686
6462598
32
32
2
-2155
184
3589
6463623
27
16
13
-2161
105
3648
6464648
50
11
5
-2184
117
3728
6465673
53
9
-9
-2204
135
3715
6466698
44
6
-24
-2179
98
3663
6467723
47
0
-27
-2187
97
3629
6468748
48
-8
-24
-2184
104
3656
6469773
24
-15
-20
-2195
131
3665
6470798
7
-16
-12
-2202
102
3707
6471823
7
-12
-8
-2223
129
3704
6464640
-4
-10
-1
-2208
71
3685
6465665
11
-6
-2
-2203
121
3708
6466690
1
-6
-2
-2179
154
3707
6467715
-14
-3
1
-2167
119
3698
6468740
-6
-1
0
-2159
125
3727
6469765
8
2
0
-2171
118
3754
6470790
5
4
-5
-2176
122
3764
6471815
-2
4
-8
-2171
137
3730
6472840
0
1
-1
-2170
148
3711
6473865
-4
-6
14
-2170
140
3707
6474890
-11
-12
22
-2180
93
3707
6475915
10
-16
16
-2193
145
3732
6476940
10
-16
14
-2169
168
3723
6477965
-5
-12
10
-2162
139
3692
6478990
-6
-7
5
-2156
117
3709
6480015
1
-2
-2
-2159
129
3719
6472833
-2
3
-6
-2172
144
3718
6473858
-13
3
-5
-2183
111
3688
6474883
-10
-5
-4
-2184
99
3679
6475908
-6
-19
-4
-2173
115
3651
6476933
-9
-40
0
-2159
137
3586
6477958
-23
-63
12
-2083
153
3530
6478983
-22
-68
45
-2081
80
3619
6480008
-41
-69
25
-2154
196
3706
6481033
-208
-88
-3
-2148
-6
3680
6482058
-319
-118
-11
-2063
59
3357
6483083
-399
-140
38
-2039
26
3148
6484108
-219
-216
69
-1859
-189
3421
6485133
-158
-248
137
-2010
236
3395
6486158
-464
-194
293
-2116
-463
3277
6487183
-200
-58
446
-2064
-1277
4258
6488208
581
59
430
-992
594
6662
6481025
-1412
88
221
-2118
2157
5118
6482050
-2105
-11
175
-2834
-1598
2125
6483075
188
-237
-73
-2082
-294
2556
6484100
673
-273
-40
-1940
764
3531
6485125
133
-202
-32
-1993
194
4253
6486150
-201
-151
-143
-2016
-250
4958
6487175
-199
-112
-295
-1985
-720
4825
6488200
258
-41
-391
-2138
-618
4230
6489225
815
10
-372
-2302
172
3781
6490250
754
67
-316
-2198
883
4642
6491275
157
146
-106
-2529
474
3518
6492300
-72
144
14
-2678
-1745
2148
6493325
1240
-262
-146
-2081
328
2063
6494350
1061
-453
-90
-1538
1311
3185
6495375
57
-224
62
-1647
-149
4679
6496400
-204
-27
17
-1901
-203
4960
6489216
-360
102
-100
-1905
118
4161
6490241
-436
176
-107
-1918
6
3530
6491266
-223
159
-82
-1957
-302
3523
6492291
130
107
-66
-2005
-190
3850
6493316
215
88
-72
-2045
131
3998
6494341
112
98
-79
-2072
182
3886
6495366
0
74
-80
-2043
120
3637
6496391
11
28
-46
-1954
-136
3620
6497416
147
2
-17
-1935
-28
3845
6498441
176
10
-13
-1974
124
3892
6499466
65
27
-19
-1983
173
3810
6500491
-47
36
-19
-2000
15
3687
6501516
11
24
-29
-2001
-7
3725
6502541
67
19
-32
-2000
115
3841
6503566
-2
34
-26
-2043
67
3812
6504591
-41
29
-29
-2057
28
3735
6497694
-9
12
-31
-2069
62
3750
6498719
15
-11
-21
-2064
89
3811
6499744
-15
-30
-8
-2064
40
3829
6500769
-25
-30
-2
-2089
22
3831
6501794
-9
-34
-1
-2086
0
3790
6502819
34
-53
3
-2025
32
3772
6503844
53
-41
9
-1972
92
3799
6504869
17
-6
6
-2003
112
3796
6505894
-30
13
-10
-2039
62
3750
6506919
-39
17
-24
-2075
10
3739
6507944
-15
10
-37
-2102
27
3733
6508969
-6
-3
-33
-2070
34
3715
6509994
-10
-5
-9
-2073
73
3701
6511019
-21
-15
10
-2068
72
3713
6512044
-43
-29
20
-2049
10
3741
6513069
-41
-40
23
-2057
7
3776
6505618
-29
-51
18
-2045
43
3798
6506643
-35
-56
19
-2025
18
3806
6507668
-34
-53
22
-2040
34
3860
6508693
-28
-51
15
-2035
83
3973
6509718
-23
-42
-6
-2044
79
3976
6510743
-27
-39
-40
-1999
113
3838
6511768
-39
-34
-42
-1968
90
3747
6512793
-27
-26
-25
-1974
47
3810
6513818
-9
-20
-13
-1976
10
3895
6514843
15
-11
-10
-1989
-36
3924
6515868
25
-6
-17
-2003
10
3846
6516893
-1
-1
-20
-1974
-16
3747
6517918
-22
-8
-7
-1971
-39
3688
6518943
-39
-18
8
-1989
-13
3737
6519968
-124
-26
0
-2089
22
3724
6520993
-167
-68
-4
-2041
-177
3694
6513792
-85
-71
22
-1991
-172
3801
6514817
-56
-20
69
-2334
-66
3841
6515842
-12
-66
-22
-2247
345
3631
6516867
-368
-205
-198
-1867
1132
2434
6517892
-960
-373
142
-1743
-281
1997
6518917
-797
-165
203
-1745
-1363
4943
6519942
-277
-84
-12
-1264
509
7134
6520967
-1343
-7
20
-1881
270
4301
6521992
-269
-106
71
-2370
-1688
2729
6523017
154
-232
-205
-1581
105
2869
6524042
-211
-97
1
-1648
-462
3481
6525067
75
-5
51
-1692
-577
4240
6526092
-46
41
-22
-1825
-101
5007
6527117
-330
29
13
-1832
-915
4780
6528142
41
117
-52
-1811
-1075
4361
6529167
527
208
-168
-1972
-232
4043
6521984
818
172
-63
-2178
-67
3883
6523009
641
166
-234
-2174
1016
4053
6524034
-167
180
-17
-2598
320
2645
6525059
-22
-32
180
-2381
-1830
2293
6526084
1432
-414
38
-1799
-33
3224
6527109
1062
-369
1
-1620
923
4202
6528134
-58
-111
79
-1721
-155
4647
6529159
-353
33
39
-1810
-394
4391
6530184
-271
82
-1
-1848
-120
3945
6531209
-213
97
13
-1830
-231
3742
6532234
-16
100
24
-1870
-261
3823
6533259
151
83
20
-1917
-68
3947
6534284
131
76
10
-1946
16
3876
6535309
96
66
0
-1979
53
3770
6536334
83
41
-3
-1948
42
3758
6537359
65
19
6
-1915
-22
3765
6530176
71
3
6
-1917
-51
3818
6531201
61
9
18
-1938
-123
3972
6532226
43
11
9
-1952
-43
3886
6533251
19
8
5
-1929
-138
3839
6534276
68
24
22
-1899
-138
3956
6535301
99
52
30
-1942
24
3948
6536326
41
63
37
-1951
15
3875
6537351
-14
63
42
-1971
-8
3759
6538376
0
48
38
-1985
-43
3728
6539401
59
35
33
-1964
4
3850
6540426
62
26
24
-1989
68
3843
6541451
21
16
2
-1986
95
3747
6542476
-7
0
-19
-1968
82
3681
6543501
31
-7
-33
-1933
16
3759
6544526
86
-12
-43
-1931
18
3825
6545551
99
-15
-45
-1909
-2
3869
6538368
87
-14
-36
-1900
-42
3875
6539393
86
-9
-29
-1920
-31
3840
6540418
70
0
-21
-1911
-7
3860
6541443
33
16
-13
-1948
13
3867
6542468
-4
18
-10
-1972
9
3844
6543493
-25
13
-4
-1978
-28
3851
6544518
-11
12
5
-1973
-34
3861
6545543
3
11
13
-1980
14
3825
6546568
-25
9
22
-1979
39
3775
6547593
-40
10
29
-1999
5
3830
6548618
-20
7
25
-1995
17
3871
6549643
-10
10
17
-2002
49
3845
6550668
-4
8
13
-1989
58
3802
6551693
-1
14
14
-1990
28
3816
6552718
-1
15
17
-1992
-9
3847
6553743
2
17
20
-1986
14
3854
6546560
-3
18
25
-1985
-36
3865
6547585
3
18
21
-1967
24
3838
6548610
3
17
27
-1966
20
3835
6549635
4
18
28
-1958
47
3843
6550660
-13
26
29
-1977
34
3843
6551685
-12
27
21
-1986
41
3809
6552710
7
20
7
-1985
53
3779
6553735
10
13
-3
-1995
87
3753
6554760
-16
6
-13
-1998
85
3737
6555785
-30
-3
-25
-1982
14
3751
6556810
-8
-14
-35
-1981
15
3806
6557835
7
-22
-41
-1970
-4
3830
6558860
7
-24
-38
-1972
-41
3792
6559885
11
-28
-32
-1960
-29
3780
6560910
6
-32
-21
-1968
-20
3805
6561935
1
-36
-13
-1990
33
3793
6554752
-38
-39
-13
-2015
29
3748
6555777
-103
-52
-12
-2078
-61
3822
6556802
-184
-50
-5
-2114
-167
3906
6557827
-124
-18
14
-2292
-179
3735
6558852
57
-128
-44
-2073
694
3160
6559877
-256
-270
-7
-1543
908
2526
6560902
-741
-129
392
-1742
-1513
3850
6561927
-587
74
235
-1719
-840
5406
6562952
-850
176
-38
-1772
1492
5206
6563977
-1740
216
119
-1704
-256
4261
6565002
-1235
136
130
-2421
-1556
3100
6566027
333
-133
-69
-1970
-360
3165
6567052
286
-153
-39
-1757
107
3375
6568077
-56
-82
32
-1927
-333
3450
6569102
131
-80
23
-1857
-623
4060
6570127
191
-65
-16
-1888
52
4306
6562943
16
-94
36
-2009
-337
3761
6563968
98
-66
-29
-1826
-739
4028
6564993
222
20
-95
-1833
-571
4744
6566018
169
103
-174
-2213
451
4791
6567043
-196
113
-7
-2795
-486
3231
6568068
469
-88
40
-2502
-2098
2725
6569093
1844
-379
-106
-1950
796
3215
6570118
971
-325
57
-1549
619
4074
6571143
-103
-92
191
-1701
-464
4488
6572168
-318
30
151
-1803
-298
4276
6573193
-336
88
121
-1819
-17
3890
6574218
-269
121
116
-1828
-199
3746
6575243
-23
123
98
-1820
-306
3899
6576268
154
113
62
-1838
-87
3945
6577293
153
103
45
-1863
53
3839
6578318
95
91
38
-1871
40
3814
6571137
63
70
40
-1877
-73
3795
6572162
128
36
43
-1877
-165
3838
6573187
229
16
28
-1881
-2
3858
6574212
188
5
18
-1930
82
3785
6575237
140
-5
6
-1919
1
3800
6576262
133
-2
0
-1896
-42
3880
6577287
134
8
-3
-1928
-27
3889
6578312
104
24
-12
-1937
6
3876
6579337
37
33
-20
-1951
14
3799
6580362
11
41
-21
-1952
-26
3851
6581387
28
42
-12
-1985
16
3879
6582412
48
29
-1
-1990
82
3856
6583437
37
27
18
-1984
23
3820
6584462
14
23
18
-2014
24
3725
6585487
45
6
15
-1969
-23
3807
6586512
73
1
12
-1953
-2
3880
6579328
61
9
8
-1969
27
3847
6580353
29
18
6
-1967
30
3801
6581378
-2
21
3
-1971
-23
3780
6582403
12
16
-2
-1975
-21
3824
6583428
19
9
-3
-1971
0
3824
6584453
8
6
9
-1962
22
3832
6585478
-22
12
28
-1988
-5
3827
6586503
-23
9
30
-1993
22
3774
6587528
3
-1
27
-1954
35
3773
6588553
18
2
30
-1957
34
3817
6589578
3
9
27
-1991
46
3829
6590603
-9
9
15
-1980
-2
3837
6591628
2
-1
2
-1968
70
3782
6592653
-6
-1
10
-1966
24
3800
6593678
5
4
23
-1977
1
3890
6594703
9
6
22
-1995
84
3857
6587520
4
11
21
-1981
16
3851
6588545
14
15
13
-1997
79
3818
6589570
24
12
9
-1980
36
3815
6590595
40
18
7
-1961
59
3903
6591620
7
34
4
-1989
84
3870
6592645
-16
35
-1
-1980
34
3811
6593670
17
29
6
-1981
43
3837
6594695
29
23
9
-2004
80
3818
6595720
10
19
4
-1991
70
3786
6596745
7
22
3
-1976
62
3803
6597770
-2
23
3
-1990
44
3793
6598795
-10
21
-2
-1992
42
3761
6599820
-13
17
-10
-2001
35
3771
6600845
-15
16
-23
-2005
40
3777
6601870
-18
17
-28
-1997
33
3771
6602895
-16
19
-30
-2006
2
3802
6595712
-2
15
-34
-2015
65
3825
6596737
2
11
-31
-2003
72
3841
6597762
-10
14
-21
-2021
30
3818
6598787
-6
8
-12
-2028
7
3793
6599812
3
-7
-6
-2019
13
3776
6600837
7
-11
-1
-2015
29
3796
6601862
-11
-10
-4
-2031
52
3781
6602887
-32
-22
-12
-2070
36
3732
6603912
-52
-76
-15
-2081
38
3684
6604937
-63
-133
-6
-2074
-99
3638
6605962
-9
-177
0
-2096
1
3656
6606987
-16
-203
2
-2161
118
3718
6608012
-36
-206
-6
-2119
55
3690
6609037
-78
-225
-2
-2091
-45
3398
6610062
-87
-326
16
-2101
-103
3111
6611087
-94
-439
-12
-1920
133
3377
6603905
-307
-436
-3
-1863
-80
3316
6604930
-208
-431
116
-2010
-1068
3375
6605955
384
-196
27
-1196
109
5283
6606980
-450
-5
-115
-1033
1893
6515
6608005
-2332
-151
30
-1524
-211
4799
6609030
-778
-256
131
-2033
-1915
2904
6610055
712
-279
65
-1665
136
2803
6611080
179
-148
121
-1352
236
3777
6612105
-203
-11
147
-1662
-478
4459
6613130
-34
17
45
-1597
-449
4746
6614155
36
13
-1
-1571
-222
4712
6615180
81
48
-73
-1648
-234
4606
6616205
209
174
-132
-1801
34
4013
6617230
410
201
-117
-1836
-193
4109
6618255
100
236
-208
-1962
627
4275
6619280
-196
246
-38
-2359
-431
3089
6612095
335
-4
28
-2181
-1063
2412
6613120
1120
-287
-53
-1604
332
3036
6614145
715
-228
0
-1491
525
4161
6615170
41
-14
79
-1619
-319
4811
6616195
-108
91
42
-1735
-250
4464
6617220
-187
128
-6
-1793
11
3882
6618245
-261
133
3
-1791
-190
3598
6619270
-40
95
15
-1783
-304
3763
6620295
209
56
10
-1777
14
4056
6621320
129
67
7
-1804
62
3961
6622345
-21
63
0
-1883
-58
3722
6623370
4
18
-6
-1849
-50
3717
6624395
69
-16
7
-1804
-67
3945
6625420
90
-18
21
-1822
-18
4045
6626445
112
-16
12
-1850
132
3960
6627470
48
-9
10
-1840
124
3767
6620288
-10
-3
19
-1836
7
3775
6621313
1
-6
9
-1821
-55
3905
6622338
23
3
-2
-1817
-11
4004
6623363
12
18
-6
-1833
24
3976
6624388
-7
22
-5
-1832
-15
3894
6625413
-3
13
-2
-1807
-57
3833
6626438
44
11
14
-1793
-51
3911
6627463
83
11
18
-1803
-35
3941
6628488
87
14
18
-1792
-6
3914
6629513
67
16
23
-1791
-18
3897
6630538
61
22
34
-1798
-61
3939
6631563
59
27
31
-1800
-2
3940
6632588
23
34
30
-1831
35
3859
6633613
13
32
18
-1815
40
3877
6634638
58
29
8
-1827
99
3900
6635663
33
38
8
-1860
72
3879
6628480
21
34
2
-1867
81
3844
6629505
14
19
-4
-1853
105
3797
6630530
-10
7
-3
-1840
38
3777
6631555
15
-7
4
-1826
-12
3880
6632580
23
-8
6
-1822
28
3938
6633605
-2
-3
3
-1832
25
3903
6634630
-17
-4
2
-1805
6
3864
6635655
-19
-1
10
-1815
23
3881
6636680
-25
0
14
-1832
27
3893
6637705
-19
-2
9
-1841
70
3898
6638730
-26
-1
1
-1843
92
3887
6639755
-32
-2
-7
-1842
65
3879
6640780
-34
-4
-22
-1830
70
3864
6641805
-39
-5
-25
-1839
12
3851
6642830
-27
-11
-21
-1845
-2
3877
6643855
-27
-11
-20
-1849
22
3884
6636672
-34
-11
-14
-1847
18
3902
6637697
-34
-10
-6
-1831
-22
3921
6638722
-27
-10
0
-1853
12
3888
6639747
-31
-17
3
-1862
31
3858
6640772
-35
-22
11
-1868
-18
3877
6641797
-30
-30
16
-1965
-36
3894
6642822
-23
-34
7
-1963
-139
3959
6643847
0
13
5
-2137
-42
3915
6644872
-87
1
-98
-2260
459
3880
6645897
-525
-180
-242
-1324
610
3069
6646922
-826
-216
207
-1461
-1817
2797
6647947
251
-94
81
-1253
-936
5358
6648972
-294
-28
-91
-1339
2252
5590
6649997
-1693
68
239
-2216
-831
3739
6651022
-679
-176
134
-1958
-1107
3004
6652047
-147
-281
29
-1615
-164
3254
6644864
-207
-245
12
-1837
170
3566
6645889
-275
-247
42
-1663
-415
3429
6646914
-10
-158
38
-1553
-455
3913
6647939
29
-48
36
-1604
-83
4515
6648964
-96
49
111
-1685
-319
4707
6649989
33
117
84
-1836
-519
4364
6651014
265
143
-12
-1748
-389
4522
6652039
348
196
-16
-1802
-202
4436
6653064
411
200
-9
-2028
-437
3973
6654089
269
162
-178
-2005
436
4026
6655114
80
172
-47
-1903
142
4005
6656139
-139
125
115
-2277
-295
3142
6657164
223
-63
164
-1887
-1018
3221
6658189
911
-178
88
-1590
-165
3865
6659214
643
-91
50
-1634
328
4199
6660239
105
45
48
-1649
-68
4295
6653057
-60
129
7
-1713
-133
4130
6654082
-121
154
-19
-1758
-123
3806
6655107
-95
134
-16
-1763
-200
3744
6656132
39
106
-10
-1776
-218
3796
6657157
122
64
-32
-1805
10
3784
6658182
83
37
-17
-1793
-42
3855
6659207
41
19
-15
-1821
-17
3840
6660232
43
5
-9
-1816
-126
3932
6661257
68
1
-16
-1818
-55
3915
6662282
57
7
-28
-1844
-25
3890
6663307
48
15
-32
-1823
-45
3925
6664332
29
29
-31
-1859
-71
3905
6665357
3
30
-22
-1861
-130
3862
6666382
10
28
-13
-1872
-124
3880
6667407
31
28
-12
-1890
-91
3924
6668432
56
25
-13
-1879
-37
3964
6661249
50
34
-7
-1881
-12
3945
6662274
6
43
-2
-1885
-27
3839
6663299
8
41
6
-1873
-94
3838
6664324
58
35
8
-1871
-51
3908
6665349
61
45
3
-1874
-35
3958
6666374
34
51
3
-1893
-25
3900
6667399
2
45
-4
-1895
-18
3792
6668424
-9
31
-10
-1871
-80
3744
6669449
35
15
-9
-1854
-48
3826
6670474
50
1
-9
-1855
-36
3863
6671499
14
-3
-8
-1854
-48
3825
6672524
-7
-4
-1
-1865
-94
3824
6673549
-1
-13
-2
-1870
-82
3830
6674574
6
-16
0
-1867
-58
3866
6675599
2
-14
4
-1879
-65
3899
6676624
-9
-9
10
-1884
-93
3908
6669440
-16
-6
13
-1907
-53
3887
6670465
-21
-12
12
-1902
-4
3850
6671490
-17
-15
13
-1894
-39
3875
6672515
10
-17
13
-1883
-45
3935
6673540
16
-13
13
-1884
-35
3947
6674565
0
-17
5
-1881
-30
3869
6675590
-20
-32
14
-1863
-57
3809
6676615
-43
-46
35
-1883
-87
3822
6677640
-61
-64
58
-2001
-169
3921
6678665
-52
-104
56
-1997
-349
3922
6679690
-60
-126
-4
-1963
25
3450
6680715
-218
-219
-38
-1918
593
2986
6681740
-725
-362
13
-1579
275
2907
6682765
-855
-269
189
-1566
-1520
3482
6683790
10
-119
87
-1712
-910
4853
6684815
332
-51
-65
-1422
1402
6026
6677632
-1517
3
-34
-1391
1514
5190
6678657
-2162
41
302
-2149
-2152
3050
6679682
-223
-159
69
-1929
-1809
2842
6680707
499
-256
-112
-1579
732
3170
6681732
30
-148
70
-1596
-330
3422
6682757
205
-62
119
-1563
-792
4239
6683782
516
0
98
-1653
-73
4907
6684807
298
29
148
-1736
-182
4470
6685832
-64
83
92
-1799
-541
4088
6686857
22
148
-29
-1482
-598
4970
6687882
367
283
-20
-1734
-693
4844
6688907
564
322
-146
-2218
295
4307
6689932
214
303
-235
-2280
853
3554
6690957
-100
218
72
-2555
-807
2644
6691982
831
-92
29
-1934
-1193
2682
6693007
1568
-338
-75
-1541
999
3322
6685824
632
-204
39
-1464
405
4320
6686849
-37
15
88
-1725
-362
4695
6687874
-222
121
-1
-1794
-225
4242
6688899
-324
162
-37
-1796
-124
3774
6689924
-212
164
-21
-1778
-268
3677
6690949
56
119
-3
-1788
-277
3839
6691974
169
84
5
-1803
-103
3944
6692999
115
71
3
-1847
-4
3892
6694024
37
39
4
-1834
-12
3788
6695049
21
10
22
-1782
-51
3784
6696074
40
-5
37
-1805
-19
3848
6697099
65
-8
38
-1829
-9
3933
6698124
64
0
14
-1854
25
3889
6699149
48
6
-2
-1826
43
3824
6700174
31
14
-10
-1814
-62
3851
6701199
38
24
-21
-1833
-45
3936
6694016
30
35
-26
-1835
-52
3974
6695041
9
43
-23
-1852
-22
3887
6696066
-4
43
-10
-1888
-41
3839
6697091
14
35
5
-1909
-7
3899
6698116
36
26
15
-1911
8
3956
6699141
39
30
21
-1916
-13
3958
6700166
32
39
12
-1931
-4
3957
6701191
15
41
9
-1921
-73
3961
6702216
20
25
23
-1920
-122
3871
6703241
45
-3
43
-1908
-15
3782
6704266
47
-21
77
-1880
89
3821
6705291
1
-13
111
-1877
15
3865
6706316
-4
5
122
-1904
-67
3889
6707341
31
5
100
-1917
47
3874
6708366
23
-2
73
-1897
67
3846
6709391
22
3
58
-1875
33
3855
6702207
23
15
53
-1880
19
3868
6703232
29
21
58
-1893
49
3890
6704257
27
24
65
-1918
86
3877
6705282
25
25
67
-1949
83
3897
6706307
38
28
66
-1929
26
3950
6707332
66
38
57
-1914
39
3965
6708357
72
48
53
-1922
17
3937
6709382
59
44
48
-1914
-4
3906
6710407
60
50
57
-1895
-79
3879
6711432
108
70
61
-1893
4
3895
6712457
86
85
62
-1907
118
3826
6713482
29
81
65
-1916
125
3712
6714507
30
69
67
-1906
118
3674
6715532
38
51
70
-1905
110
3700
6716557
43
34
63
-1898
101
3766
6717582
50
20
49
-1893
153
3755
6710643
21
8
40
-1883
202
3703
6711668
-27
-7
29
-1877
171
3724
6712693
-33
-22
17
-1883
112
3826
6713718
-10
-37
-2
-1879
172
3824
6714743
-29
-44
-6
-1837
192
3788
6715768
-43
-40
6
-1853
83
3851
6716793
-35
-38
3
-1889
129
3848
6717818
-77
-43
1
-1924
175
3791
6718843
-146
-56
3
-1974
7
3874
6719868
-185
-63
-35
-2010
5
3774
6720893
-119
-94
-30
-2115
114
3644
6721918
-117
-178
-48
-1987
346
3542
6722943
-368
-307
-31
-1645
347
3505
6723968
-989
-399
128
-1703
207
3413
6724993
-1848
-398
173
-1834
-734
3504
6726018
-899
-372
15
-1463
-1371
4375
6718592
-66
-398
-122
-1231
776
4839
6719617
-789
-321
231
-1638
56
4217
6720642
-724
-308
275
-2086
-1353
3664
6721667
-536
-430
-50
-1457
-430
3344
6722692
-283
-304
-41
-1469
-155
3644
6723717
-288
-154
0
-1401
-383
4211
6724742
-351
1
-44
-1644
-562
4754
6725767
-31
69
-44
-1706
-974
4819
6726792
324
107
-90
-1789
-815
4789
6727817
672
140
-62
-1771
116
4482
6728842
951
156
-29
-2197
-34
3823
6729867
876
156
-290
-2198
1155
2966
6730892
-49
36
93
-1846
-1364
2423
6731917
1128
-189
212
-1805
-1770
4126
6732942
1732
-192
-175
-1613
1293
5261
6733967
269
146
-112
-1470
550
4934
6726784
-516
366
-56
-1682
-260
4058
6727809
-400
345
-42
-1694
-385
3671
6728834
-84
289
0
-1714
-374
3812
6729859
161
262
-2
-1709
-257
3969
6730884
261
249
-2
-1718
-53
3946
6731909
225
214
-5
-1712
8
3779
6732934
179
157
26
-1716
19
3784
6733959
134
109
45
-1728
6
3822
6734984
98
75
27
-1727
56
3745
6736009
95
36
28
-1728
5
3721
6737034
153
1
12
-1762
-7
3814
6738059
199
-19
-8
-1781
0
3951
6739084
187
-27
-32
-1797
124
3899
6740109
74
-27
-43
-1775
114
3756
6741134
20
-30
-31
-1780
-45
3817
6742159
81
-39
-32
-1804
-22
3962
6734977
106
-28
-30
-1798
81
4019
6736002
40
-6
-30
-1841
84
3953
6737027
-4
4
-42
-1859
48
3887
6738052
13
7
-52
-1846
36
3919
6739077
58
8
-51
-1846
-39
3978
6740102
102
16
-61
-1854
69
4000
6741127
62
36
-63
-1853
67
3947
6742152
42
56
-65
-1850
49
3923
6743177
55
61
-68
-1844
59
3905
6744202
71
68
-65
-1835
69
3947
6745227
88
84
-67
-1862
92
3945
6746252
75
100
-77
-1883
86
3881
6747277
58
104
-88
-1906
74
3846
6748302
66
92
-91
-1912
37
3829
6749327
88
79
-91
-1923
36
3834
6750352
88
70
-83
-1928
41
3857
6743168
59
60
-68
-1935
20
3822
6744193
50
42
-55
-1929
24
3774
6745218
47
30
-38
-1908
35
3773
6746243
36
24
-17
-1926
18
3833
6747268
16
11
-3
-1926
18
3804
6748293
1
-9
9
-1918
51
3720
6749318
3
-28
30
-1922
36
3746
6750343
17
-48
40
-1909
38
3828
6751368
13
-55
36
-1895
69
3844
6752393
-5
-52
25
-1874
100
3821
6753418
-29
-59
20
-1859
54
3808
6754443
-25
-64
22
-1843
39
3822
6755468
-25
-74
25
-1844
103
3802
6756493
-61
-79
36
-1847
31
3838
6757518
-31
-97
43
-1847
-66
3825
6758543
35
-122
45
-1909
105
3834
6751360
-43
-125
44
-1904
51
3828
6752385
-54
-122
4
-1938
77
3612
6753410
-19
-195
15
-2087
223
3399
6754435
-198
-311
-76
-1859
745
3151
6755460
-712
-432
-84
-1497
908
3321
6756485
-1480
-377
216
-1995
-193
3175
6757510
-654
-387
322
-1115
-2449
4815
6758535
217
-337
101
-900
368
6248
6759560
-777
-252
193
-2087
468
4160
6760585
-589
-374
192
-1744
-821
3561
6761610
-322
-308
39
-1313
-134
3377
6762635
98
-134
57
-1617
-243
3777
6763660
234
-65
-39
-1387
-24
3938
6764685
66
110
-50
-1363
-75
4856
6765710
-85
175
4
-1698
-407
4942
6766735
12
144
-65
-1766
-593
4421
6759561
255
181
-125
-1541
-542
4666
6760586
621
232
-63
-1748
-653
3980
6761611
1145
231
-176
-1939
805
4229
6762636
375
266
-116
-2296
782
3701
6763661
-41
161
16
-2118
-1039
2873
6764686
932
-82
-154
-1712
383
3166
6765711
737
-121
-120
-1414
860
3996
6766736
56
76
-31
-1473
-219
4588
6767761
-27
229
-90
-1625
-167
4551
6768786
-71
293
-112
-1664
89
4052
6769811
-163
313
-88
-1719
-9
3794
6770836
-82
302
-68
-1723
-330
3922
6771861
128
271
-67
-1782
-67
3995
6772886
142
241
-74
-1803
142
3852
6773911
97
198
-58
-1828
120
3678
6774936
125
138
-22
-1837
53
3770
6767744
174
86
7
-1824
58
3884
6768769
133
56
23
-1846
80
3786
6769794
95
17
29
-1904
106
3645
6770819
86
-36
25
-1861
112
3641
6771844
109
-55
26
-1830
62
3781
6772869
117
-56
25
-1824
112
3855
6773894
56
-42
28
-1853
100
3878
6774919
22
-25
21
-1863
81
3881
6775944
6
-16
6
-1883
116
3828
6776969
9
-6
5
-1869
109
3897
6777994
17
8
5
-1897
190
3903
6779019
7
18
18
-1893
97
3949
6780044
25
23
18
-1890
162
3913
6781069
13
28
21
-1898
138
3854
6782094
23
25
21
-1881
151
3906
6783119
35
27
18
-1892
193
3928
6775936
4
32
13
-1882
150
3868
6776961
-5
33
13
-1884
127
3814
6777986
15
27
10
-1883
168
3860
6779011
16
28
11
-1881
149
3898
6780036
10
30
8
-1886
146
3838
6781061
3
27
8
-1869
170
3763
6782086
-1
22
16
-1868
154
3814
6783111
-19
18
6
-1874
178
3838
6784136
-46
18
-5
-1874
187
3823
6785161
-65
13
-13
-1885
135
3822
6786186
-50
-4
-25
-1893
128
3838
6787211
-30
-23
-26
-1900
92
3821
6788236
-6
-36
-25
-1884
127
3796
6789261
2
-41
-10
-1865
119
3858
6790286
2
-34
0
-1867
150
3948
6791311
-21
-16
0
-1872
144
3941
6784128
-28
4
-3
-1894
143
3909
6785153
-29
18
-10
-1910
125
3878
6786178
-28
24
-10
-1911
103
3860
6787203
-17
22
-2
-1908
103
3894
6788228
-4
24
1
-1911
136
3935
6789253
-9
28
2
-1909
133
3922
6790278
-17
27
9
-1909
113
3853
6791303
-6
11
13
-1903
141
3792
6792328
5
-2
22
-1875
116
3839
6793353
22
-5
24
-1880
114
3882
6794378
12
-1
13
-1887
158
3838
6795403
-11
0
10
-1884
99
3812
6796428
12
-2
8
-1883
127
3868
6797453
5
-3
1
-1881
141
3861
6798478
-11
4
3
-1881
106
3874
6799503
-9
10
3
-1895
117
3859
6792320
2
10
6
-1905
103
3877
6793345
13
4
4
-1897
124
3876
6794370
6
3
3
-1886
113
3844
6795395
0
2
4
-1901
117
3836
6796420
-7
2
6
-1914
139
3832
6797445
-7
-3
5
-1890
142
3821
6798470
1
-7
12
-1883
120
3857
6799495
6
-11
12
-1891
132
3843
6800520
-7
-18
7
-1897
161
3801
6801545
-18
-29
6
-1900
161
3780
6802570
-28
-39
3
-1911
188
3797
6803595
-89
-34
8
-1916
100
3952
6804620
-152
1
1
-1981
3
3947
6805645
-231
45
-12
-2117
86
3669
6806670
-435
45
-65
-2066
318
3584
6807695
-753
28
-117
-1798
562
3462
6800512
-1306
-6
-57
-1857
272
2836
6801537
-1459
-30
97
-1822
-1704
3276
6802562
-20
125
49
-1519
-1388
5869
6803587
8
139
-264
-1523
2359
6601
6804612
-2705
58
-113
-1691
875
3969
6805637
-2301
-5
275
-2445
-2830
1671
6806662
37
-265
84
-1747
-1735
1663
6807687
1308
-261
32
-1575
-800
3331
6808712
1194
-103
-30
-1660
488
4659
6809737
365
-5
66
-1864
631
5394
6810762
-461
-19
81
-1844
-762
4350
6811787
-134
130
3
-1790
-1560
4674
6812812
451
272
-126
-1860
-306
4651
6813837
227
365
-265
-2376
1074
4449
6814862
-477
408
-151
-2713
1003
3425
6815887
-1192
233
97
-2476
-1714
2077
6808704
61
-98
113
-1898
-1811
2372
6809729
907
-219
9
-1720
-117
3682
6810754
511
-48
91
-1874
-508
4555
6811779
234
100
30
-1891
-232
4633
6812804
-93
179
12
-1914
-245
4056
6813829
-187
191
36
-2023
-611
3517
6814854
55
131
24
-1978
-508
3456
6815879
303
91
33
-1998
-438
3698
6816904
451
61
15
-2036
-332
3915
6817929
433
35
-1
-2067
-107
3888
6818954
217
-10
10
-2074
-101
3614
6819979
132
-67
34
-1997
-295
3586
6821004
215
-93
46
-1950
-272
3843
6822029
209
-91
42
-2007
-175
3866
6823054
127
-88
33
-2002
-233
3771
6824079
133
-70
31
-1982
-333
3827
6816895
179
-55
22
-1989
-231
3848
6817920
144
-42
23
-1982
-173
3862
6818945
86
-29
24
-2004
-173
3810
6819970
73
-24
19
-1992
-200
3803
6820995
113
-15
18
-1987
-190
3840
6822020
157
-9
21
-1997
-177
3855
6823045
177
-5
14
-1992
-93
3847
6824070
135
1
15
-1979
-75
3828
6825095
63
8
18
-1967
-85
3799
6826120
23
6
21
-1983
-133
3777
6827145
29
0
21
-1975
-143
3794
6828170
32
-13
13
-1966
-36
3723
6829195
30
-16
20
-1948
-184
3837
6830220
60
-11
13
-1963
-110
3902
6831245
44
-1
-2
-1979
-31
3807
6832270
22
-1
-2
-1977
-44
3819
6825088
-1
-1
-2
-1996
-62
3823
6826113
12
-10
-8
-2013
-97
3852
6827138
38
-24
-14
-2012
-74
3868
6828163
65
-30
-14
-2040
-72
3854
6829188
86
-40
-14
-2038
-6
3832
6830213
59
-42
0
-2035
-40
3829
6831238
33
-42
8
-2063
-65
3847
6832263
34
-49
15
-2059
-77
3855
6833288
42
-48
25
-2028
-108
3897
6834313
49
-37
34
-2000
-138
3934
6835338
82
-13
32
-1993
-69
3946
6836363
77
15
25
-1996
9
3891
6837388
20
35
21
-1981
-24
3810
6838413
9
44
15
-1972
-109
3808
6839438
55
47
3
-1951
-123
3888
6840463
74
57
-4
-1928
-105
3884
6833280
62
61
0
-1937
-81
3845
6834305
47
54
4
-1933
-83
3844
6835330
44
46
7
-1934
-75
3859
6836355
47
38
8
-1926
-46
3835
6837380
42
30
17
-1918
-70
3823
6838405
44
25
18
-1928
-19
3801
6839430
44
19
14
-1945
-27
3803
6840455
47
19
1
-1981
-16
3811
6841480
48
14
-9
-1989
25
3803
6842505
37
3
-12
-1953
5
3762
6843530
27
-9
-13
-1953
-56
3720
6844555
43
-16
-18
-1945
-56
3740
6845580
65
-11
-18
-1955
-46
3796
6846605
57
-4
-32
-1979
20
3810
6847630
-5
-1
-45
-2009
89
3740
6848655
-58
-4
-52
-2031
74
3717
6841472
-63
-6
-60
-2079
29
3777
6842497
-28
-7
-60
-2121
37
3825
6843522
8
-15
-57
-2103
121
3833
6844547
-2
-19
-45
-2081
92
3819
6845572
4
-16
-46
-2041
72
3828
6846597
16
1
-56
-2004
28
3838
6847622
30
26
-76
-1981
42
3804
6848647
-22
55
-101
-2002
108
3725
6849672
-97
88
-127
-2022
18
3683
6850697
-105
119
-160
-2054
-43
3652
6851722
-102
143
-190
-2080
-58
3603
6852747
-112
164
-214
-2076
-113
3577
6853772
-84
179
-223
-2088
-193
3598
6854797
-35
176
-207
-2116
-245
3619
6855822
-12
146
-177
-2143
-190
3616
6856847
-57
92
-125
-2168
-175
3638
6849800
-99
32
-78
-2185
-168
3687
6850825
-95
-31
-44
-2191
-129
3715
6851850
-102
-91
-11
-2195
-132
3733
6852875
-80
-142
20
-2184
-145
3791
6853900
-30
-181
49
-2161
-113
3820
6854925
-14
-203
70
-2159
-55
3807
6855950
-63
-216
81
-2174
-57
3736
6856975
-110
-232
80
-2171
-121
3725
6858000
-64
-247
73
-2109
-192
3827
6859025
-1
-246
70
-2065
-133
3884
6860050
-11
-225
74
-2023
-197
3858
6861075
-24
-193
77
-1974
-338
3846
6862100
-7
-155
85
-1923
-354
3883
6863125
0
-114
105
-1884
-371
3922
6864150
-18
-74
124
-1841
-354
3917
6865175
-55
-31
138
-1809
-265
3900
6857857
-136
10
141
-1816
-239
3878
6858882
-185
37
127
-1807
-267
3903
6859907
-172
48
111
-1790
-288
3974
6860932
-136
58
86
-1770
-221
3993
6861957
-116
70
57
-1763
-135
3989
6862982
-127
83
31
-1809
-73
4006
6864007
-149
84
5
-1850
-74
3961
6865032
-139
73
-18
-1868
-84
3927
6866057
-105
63
-38
-1889
-98
3926
6867082
-76
61
-53
-1912
-84
3926
6868107
-46
59
-63
-1953
-98
3915
6869132
-5
57
-78
-1934
-110
3921
6870157
15
66
-101
-1913
-161
3917
6871182
14
79
-133
-1885
-218
3879
6872207
3
97
-178
-1875
-224
3877
6873232
-9
114
-213
-1892
-245
3925
6866048
-26
129
-248
-1869
-279
3925
6867073
-49
141
-281
-1849
-342
3853
6868098
-56
150
-327
-1817
-360
3838
6869123
-70
171
-380
-1778
-384
3806
6870148
-100
202
-427
-1767
-416
3688
6871173
-115
235
-467
-1787
-420
3630
6872198
-107
267
-493
-1836
-445
3652
6873223
-94
280
-514
-1913
-444
3689
6874248
-105
259
-534
-1924
-556
3666
6875273
-104
235
-536
-2002
-624
3640
6876298
-51
199
-515
-2150
-583
3669
6877323
-1
141
-480
-2236
-609
3696
6878348
38
82
-449
-2339
-647
3705
6879373
64
33
-432
-2401
-672
3765
6880398
72
2
-410
-2438
-699
3762
6881423
103
-21
-370
-2444
-690
3702
6874240
144
-36
-309
-2406
-713
3721
6875265
166
-30
-243
-2366
-769
3755
6876290
184
-11
-194
-2296
-810
3765
6877315
207
16
-152
-2181
-884
3781
6878340
216
53
-111
-2088
-875
3724
6879365
185
85
-74
-2054
-791
3677
6880390
93
110
-37
-2043
-765
3701
6881415
-3
128
4
-2086
-722
3667
6882440
-64
124
40
-2144
-647
3615
6883465
-89
96
71
-2181
-600
3634
6884490
-64
59
94
-2189
-607
3682
6885515
-27
33
103
-2161
-529
3715
6886540
-3
26
108
-2146
-464
3766
6887565
-10
34
109
-2161
-450
3798
6888590
-11
47
101
-2177
-371
3807
6889615
-33
70
84
-2186
-365
3792
6882433
-17
96
57
-2196
-423
3820
6883458
35
121
20
-2237
-423
3840
6884483
79
144
-14
-2269
-416
3838
6885508
114
165
-34
-2282
-419
3830
6886533
134
182
-33
-2295
-461
3822
6887558
145
201
-26
-2227
-447
3744
6888583
122
224
1
-2304
-416
3732
6889608
96
217
-6
-2285
-560
3732
6890633
124
211
-22
-2253
-562
3631
6891658
117
213
-35
-2295
-598
3554
6892683
116
201
-40
-2323
-615
3548
6893708
122
185
-26
-2386
-528
3588
6894733
95
175
-10
-2411
-529
3578
6895758
81
174
4
-2422
-561
3543
6896783
79
172
12
-2440
-550
3487
6897808
67
169
16
-2461
-520
3445
6890624
59
166
20
-2492
-519
3478
6891649
72
168
18
-2513
-487
3524
6892674
71
176
18
-2555
-458
3517
6893699
60
184
18
-2578
-446
3470
6894724
57
185
16
-2594
-437
3442
6895749
62
178
13
-2599
-427
3417
6896774
73
171
15
-2608
-400
3426
6897799
70
167
19
-2638
-354
3421
6898824
58
160
21
-2651
-349
3404
6899849
46
150
20
-2650
-356
3395
6900874
48
145
15
-2631
-340
3391
6901899
51
142
13
-2627
-318
3349
6902924
46
133
16
-2643
-348
3321
6903949
48
119
19
-2648
-327
3308
6904974
36
101
20
-2654
-309
3276
6905999
8
79
29
-2667
-321
3246
6898816
-3
57
36
-2674
-345
3276
6899841
7
39
36
-2668
-369
3327
6900866
14
22
36
-2631
-404
3328
6901891
15
7
40
-2611
-408
3319
6902916
10
-9
43
-2584
-416
3367
6903941
-5
-14
47
-2580
-411
3444
6904966
-24
-10
48
-2579
-368
3473
6905991
-43
-1
48
-2586
-371
3451
6907016
-36
9
52
-2617
-333
3472
6908041
-23
21
51
-2627
-317
3520
6909066
-3
40
44
-2622
-311
3525
6910091
18
62
29
-2615
-251
3493
6911116
10
79
14
-2599
-260
3440
6912141
11
88
4
-2603
-302
3450
6913166
36
91
-19
-2608
-250
3448
6914191
38
96
-50
-2631
-230
3409
6907007
39
91
-85
-2643
-277
3390
6908032
49
79
-118
-2671
-260
3385
6909057
51
66
-141
-2699
-305
3364
6910082
76
48
-154
-2732
-383
3348
6911107
113
27
-160
-2746
-373
3371
6912132
116
18
-158
-2725
-388
3375
6913157
103
12
-141
-2680
-449
3368
6914182
94
8
-116
-2657
-439
3353
6915207
53
9
-93
-2658
-428
3340
6916232
18
13
-72
-2683
-439
3330
6917257
12
12
-58
-2721
-390
3303
6918282
9
9
-49
-2755
-353
3280
6919307
14
10
-51
-2793
-317
3274
6920332
1
16
-62
-2838
-312
3235
6921357
-2
21
-79
-2843
-382
3191
6922382
16
29
-95
-2843
-433
3139
6915200
27
39
-104
-2862
-449
3113
6916225
18
44
-100
-2829
-537
3102
6917250
18
24
-78
-2753
-655
3125
6918275
30
-18
-51
-2683
-631
3225
6919300
9
-59
-21
-2586
-597
3380
6920325
-19
-86
7
-2479
-601
3424
6921350
-13
-115
43
-2448
-537
3443
6922375
-35
-143
77
-2490
-449
3543
6923400
-64
-141
100
-2591
-369
3609
6924425
-102
-124
110
-2637
-357
3537
6925450
-109
-100
116
-2689
-403
3415
6926475
-68
-83
100
-2738
-389
3350
6927500
-42
-63
72
-2770
-399
3372
6928525
-32
-40
42
-2782
-383
3427
6929550
-13
-20
30
-2793
-354
3451
6930575
-8
-14
43
-2784
-416
3441
6923392
0
-21
63
-2758
-421
3429
6924417
-7
-31
85
-2686
-436
3427
6925442
-22
-33
106
-2607
-452
3434
6926467
-32
-29
118
-2557
-422
3421
6927492
-59
-19
116
-2539
-369
3421
6928517
-87
-11
108
-2537
-367
3420
6929542
-77
-15
98
-2547
-341
3424
6930567
-63
-22
85
-2549
-279
3420
6931592
-59
-25
69
-2571
-288
3421
6932617
-35
-29
46
-2587
-320
3446
6933642
5
-30
23
-2598
-332
3497
6934667
25
-25
-2
-2609
-318
3482
6935692
27
-16
-17
-2600
-358
3479
6936717
30
-3
-24
-2594
-395
3489
6937742
30
11
-28
-2589
-414
3474
6938767
35
25
-27
-2594
-410
3465
6931584
22
37
-24
-2615
-382
3454
6932609
1
47
-21
-2649
-379
3427
6933634
1
45
-16
-2670
-419
3416
6934659
26
38
-13
-2670
-404
3408
6935684
39
31
-9
-2662
-399
3377
6936709
30
28
-7
-2662
-365
3372
6937734
12
29
-2
-2659
-387
3404
6938759
9
31
1
-2668
-404
3389
6939784
19
26
3
-2663
-385
3359
6940809
13
24
6
-2683
-356
3368
6941834
0
23
6
-2674
-394
3379
6942859
11
18
6
-2667
-410
3360
6943884
19
10
6
-2672
-374
3365
6944909
8
9
11
-2683
-376
3394
6945934
-2
10
12
-2662
-392
3381
6946959
