Device = VHR-0009
time_stamp = 1780033539044
sample_rate = 50
Data format = INT16
TYPE = 6-AXIS IMU RAW DATA
-44
-22
8
1981
170
3627
3957889
-52
-24
-10
2026
139
3597
3958914
-30
-12
-8
2056
197
3620
3959939
-43
-10
-8
2052
161
3642
3960964
-35
-6
-15
2031
126
3635
3961989
-11
2
-14
2030
201
3573
3963014
-8
7
-3
2013
192
3532
3964039
1
23
-4
2029
206
3585
3965064
-37
27
-18
2058
144
3666
3966089
-39
10
-3
2049
99
3645
3967114
37
18
8
2004
211
3603
3968139
26
17
9
1985
251
3627
3969164
-65
11
-8
2026
164
3701
3970189
-89
0
-2
2040
75
3629
3971214
15
14
12
2011
189
3558
3972239
21
14
6
2031
271
3665
3973264
-47
3
-1
2023
178
3707
3966080
-73
5
-6
1971
68
3657
3967105
-29
5
-14
2040
74
3556
3968130
66
29
8
2038
208
3506
3969155
34
38
19
2006
280
3611
3970180
-107
13
4
2052
102
3715
3971205
-72
13
10
2017
37
3673
3972230
37
33
7
1948
150
3670
3973255
14
23
-4
2000
183
3668
3974280
-19
17
3
2005
121
3604
3975305
14
27
1
1996
147
3619
3976330
6
25
-3
2025
169
3674
3977355
-16
20
1
2003
138
3694
3978380
-3
20
-4
1975
141
3699
3979405
-14
13
-9
1980
117
3656
3980430
1
13
-8
1999
128
3606
3981455
27
21
3
1993
236
3611
3974272
-13
16
1
1994
174
3637
3975297
-37
12
-3
1993
91
3663
3976322
8
20
-2
1992
140
3664
3977347
26
23
3
1965
214
3670
3978372
-3
14
8
1960
185
3682
3979397
-12
11
8
1974
170
3693
3980422
-12
9
8
1983
139
3682
3981447
15
11
12
1967
142
3649
3982472
22
7
10
1975
186
3675
3983497
-9
-1
9
1993
148
3668
3984522
2
3
9
1973
130
3668
3985547
-1
-1
0
1973
97
3673
3986572
9
-6
-4
2001
147
3657
3987597
9
-3
2
1972
178
3656
3988622
-9
-8
-1
1960
143
3650
3989647
0
-7
0
1976
156
3687
3982464
15
-27
6
1982
142
3642
3983489
102
-39
26
2003
207
3569
3984514
189
2
47
2042
297
3431
3985539
142
83
55
1943
487
3709
3986564
-176
23
47
1840
-53
3734
3987589
-41
-41
14
2189
-56
3727
3988614
151
47
82
1898
293
3702
3989639
49
9
64
1865
194
3551
3990664
36
8
47
2024
217
3537
3991689
3
39
62
2016
301
3739
3992714
-98
30
55
1957
117
3772
3993739
-48
22
47
1982
82
3702
3994764
76
17
71
1954
243
3722
3995789
46
3
72
1905
215
3670
3996814
-33
-7
42
1978
101
3621
3997839
-34
7
32
2001
66
3645
3990657
-1
12
35
1994
75
3669
3991682
26
12
24
1989
106
3673
3992707
18
13
18
1961
150
3673
3993732
-15
7
12
1948
162
3691
3994757
-35
3
-4
1971
159
3689
3995782
-21
6
0
1947
136
3675
3996807
8
2
8
1955
175
3683
3997832
12
-3
15
1963
192
3700
3998857
8
-7
25
1950
176
3700
3999882
12
-12
30
1942
171
3700
4000907
5
-17
32
1960
146
3673
4001932
2
-16
37
1953
126
3666
4002957
2
-17
37
1977
116
3672
4003982
6
-15
34
1983
90
3668
4005007
15
-15
21
1982
105
3642
4006032
11
-10
1
2006
156
3624
3998848
-11
-4
-1
1998
168
3609
3999873
-22
5
11
1967
173
3581
4000898
-20
19
20
1961
158
3613
4001923
-1
31
24
1954
111
3660
4002948
44
47
22
1954
138
3699
4003973
46
44
19
1961
174
3720
4004998
24
27
18
1959
149
3730
4006023
14
16
20
1943
147
3753
4007048
4
-4
18
1942
121
3751
4008073
14
-13
13
1953
138
3723
4009098
6
-22
15
1936
127
3719
4010123
18
-33
12
1954
79
3710
4011148
47
-24
15
1943
151
3709
4012173
26
-40
11
1950
130
3712
4013198
25
-47
4
1983
130
3683
4014223
25
-44
4
1962
159
3661
4007039
18
-47
-6
1973
168
3647
4008064
22
-50
-10
1977
149
3663
4009089
39
-47
-15
2003
178
3656
4010114
35
-43
-8
1981
200
3630
4011139
21
-48
-13
2000
194
3634
4012164
22
-44
-12
2001
208
3629
4013189
22
-33
0
1957
179
3608
4014214
30
-22
5
1976
209
3625
4015239
24
-23
10
1997
196
3653
4016264
14
-21
13
1992
197
3645
4017289
-1
-8
21
1976
165
3588
4018314
12
10
23
2001
139
3556
4019339
20
18
24
2028
224
3587
4020364
-23
12
30
2022
204
3610
4021389
-37
16
25
2003
141
3603
4022414
-11
60
16
1977
72
3496
4015232
31
102
-2
1988
99
3503
4016257
23
92
-13
2032
194
3653
4017282
-31
67
-7
2005
197
3780
4018307
-49
61
-17
1951
135
3718
4019332
-10
84
-32
1909
121
3601
4020357
28
106
-36
1925
157
3568
4021382
30
100
-35
1981
214
3663
4022407
9
79
-16
1982
228
3735
4023432
0
79
-1
1913
195
3664
4024457
0
80
-1
1879
181
3632
4025482
27
66
2
1889
197
3783
4026507
28
49
3
1900
206
3825
4027532
35
48
11
1894
200
3694
4028557
-1
47
8
1890
155
3658
4029582
-17
14
3
1910
90
3747
4030607
53
6
3
1917
177
3887
4023500
61
2
7
1891
272
3754
4024525
13
11
-13
1877
140
3530
4025550
31
19
-26
1889
175
3686
4026575
40
3
-19
1892
208
3889
4027600
51
19
-18
1867
243
3834
4028625
9
31
-37
1835
241
3621
4029650
-28
50
-37
1830
116
3548
4030675
24
63
-48
1894
-157
3745
4031700
221
133
-75
2013
211
3960
4032725
307
111
-56
1815
746
4394
4033750
30
30
-123
1805
716
3801
4034775
-15
89
-226
1931
212
2293
4035800
291
331
-63
1562
-410
2516
4036825
1063
177
-165
1841
-645
5263
4037850
820
285
-290
2140
2192
5839
4038875
-942
15
-180
1812
1809
3643
4031616
-1092
-500
264
1311
-1240
2767
4032641
219
-460
-18
1537
-220
2992
4033666
436
-128
-165
2192
1175
3629
4034691
-76
89
134
1911
524
4177
4035716
-79
-88
331
1643
-201
4547
4036741
321
-276
147
1821
513
4279
4037766
-231
-254
91
2079
1389
2346
4038791
-773
-200
38
1842
294
2820
4039816
-615
-141
-75
1958
-266
4091
4040841
-268
-47
-91
2085
122
3724
4041866
255
-188
-124
2060
-1098
3767
4042891
882
110
-151
1979
714
3651
4043916
251
-21
-112
1759
497
3584
4044941
18
-110
-209
2045
16
3614
4045966
319
-1
-151
1933
360
3742
4046991
335
-23
-124
1918
622
3813
4039808
193
-84
-88
1925
658
3761
4040833
71
-88
-56
1880
630
3672
4041858
-30
-93
-62
1920
552
3637
4042883
-48
-87
-49
1936
450
3602
4043908
5
-63
-23
1957
468
3571
4044933
28
-49
0
1990
525
3563
4045958
7
-42
23
1979
519
3560
4046983
-26
-31
34
1961
482
3563
4048008
-44
-17
32
1982
415
3541
4049033
-2
3
31
1997
406
3579
4050058
29
16
33
1979
471
3640
4051083
-12
9
34
1967
459
3625
4052108
-44
6
33
1970
400
3610
4053133
-30
16
33
1952
393
3615
4054158
-19
19
26
1968
408
3648
4055183
-18
14
20
1986
393
3665
4048000
-8
17
18
1967
396
3626
4049025
-10
18
16
1960
411
3616
4050050
-19
9
17
1975
410
3650
4051075
-22
9
20
1960
418
3669
4052100
-25
3
24
1948
400
3656
4053125
-14
1
18
1959
396
3644
4054150
-9
1
18
1961
404
3641
4055175
-11
-4
17
1969
393
3644
4056200
-8
-1
17
1963
406
3646
4057225
-14
-3
15
1970
397
3631
4058250
-8
9
15
1963
366
3590
4059275
16
25
19
1953
363
3607
4060300
37
31
21
1975
386
3615
4061325
44
53
30
1971
380
3559
4062350
85
80
49
1898
351
3601
4063375
113
30
51
1976
475
3758
4056191
54
-26
61
2002
468
3824
4057216
41
-31
82
1858
366
3781
4058241
34
-46
53
1923
420
3730
4059266
8
-53
58
1950
413
3633
4060291
36
-62
75
1979
435
3599
4061316
44
-48
89
2001
547
3629
4062341
-26
-48
88
1985
429
3508
4063366
21
5
81
1943
460
3289
4064391
18
61
54
1885
206
3374
4065416
83
111
-18
2163
-39
3584
4066441
293
297
-27
2177
237
3294
4067466
242
395
-98
1814
407
3122
4068491
700
171
-186
2134
363
3788
4069516
1102
371
-145
2309
1726
3245
4070541
-116
313
0
851
928
5931
4071566
-1892
123
-66
1099
1120
6081
4064384
-1889
-480
-93
2819
412
2180
4065409
234
-392
489
1265
-1364
2628
4066434
792
-320
101
1474
1187
3087
4067459
4
-172
-2
2827
1381
3500
4068484
-496
307
342
1962
71
3626
4069509
-121
86
520
1484
-405
3941
4070534
272
-122
275
1981
441
4476
4071559
-129
-142
127
2113
819
3669
4072584
-845
-121
86
2036
855
2723
4073609
-898
-147
-2
1779
-825
3093
4074634
424
-81
-137
2112
-1615
3809
4075659
1196
375
-67
2034
1246
4007
4076684
261
110
-90
1837
487
3898
4077709
-137
-40
-146
1978
-86
3743
4078734
67
-23
-83
1938
407
3888
4079759
31
-97
-79
1922
423
3943
4072576
-1
-102
-61
1825
269
3750
4073601
26
-71
-83
1869
333
3605
4074626
28
-67
-86
1979
464
3586
4075651
-18
-74
-33
1933
433
3575
4076676
-37
-69
-13
2012
435
3563
4077701
-18
-38
-3
1992
388
3595
4078726
2
-32
-1
1938
328
3592
4079751
28
-23
-13
1985
399
3594
4080776
20
-17
-15
1974
379
3649
4081801
-2
-12
-10
1952
331
3608
4082826
-6
1
-11
1957
322
3610
4083851
-21
6
-20
1979
267
3625
4084876
-32
30
-14
1950
178
3566
4085901
44
49
4
1987
408
3637
4086926
32
35
18
1949
477
3727
4087951
-32
5
15
1915
362
3745
4080768
-27
-6
12
1929
351
3735
4081793
-8
-13
15
1926
331
3694
4082818
3
-15
17
1933
344
3661
4083843
-11
-23
11
1974
334
3660
4084868
-31
-28
3
1985
299
3648
4085893
-24
-21
3
1959
304
3612
4086918
-19
-15
-9
1972
298
3594
4087943
-9
2
-17
1983
303
3594
4088968
-10
17
-13
1954
329
3605
4089993
-19
16
-18
1977
348
3623
4091018
-5
21
-16
1959
342
3672
4092043
1
23
-13
1934
328
3685
4093068
-5
17
-16
1935
338
3684
4094093
-1
11
-8
1924
332
3698
4095118
4
9
1
1941
373
3671
4096143
-8
-2
3
1939
357
3682
4088960
-19
-13
0
1941
301
3711
4089985
-11
-11
-1
1940
319
3701
4091010
-10
-16
13
1940
289
3650
4092035
-1
-13
12
1944
305
3622
4093060
-5
-9
2
1960
334
3623
4094085
-13
-7
-10
1981
314
3625
4095110
12
5
-9
1979
322
3635
4096135
29
11
0
1947
375
3660
4097160
4
1
-1
1944
365
3667
4098185
-5
-1
5
1935
339
3660
4099210
-3
3
10
1926
346
3667
4100235
-7
-1
6
1941
336
3663
4101260
-6
-1
7
1965
340
3667
4102285
-5
-3
8
1957
337
3660
4103310
-10
-5
8
1947
343
3649
4104335
-16
-7
4
1958
329
3657
4097152
-16
-6
2
1948
302
3659
4098177
-1
-1
1
1934
313
3665
4099202
-2
-1
-1
1943
336
3669
4100227
-17
-5
0
1946
318
3659
4101252
-13
-5
-1
1944
324
3661
4102277
-4
-2
-1
1948
334
3657
4103302
1
5
3
1951
335
3614
4104327
8
29
10
1927
306
3554
4105352
28
37
14
1945
275
3632
4106377
46
33
25
1985
375
3707
4107402
72
45
57
1938
334
3598
4108427
107
65
61
1869
266
3519
4109452
100
-15
45
2009
298
3677
4110477
110
-61
74
2035
364
3865
4111502
59
-76
70
1952
343
3941
4112527
-32
-131
72
1870
393
3905
4105344
-56
-149
43
1850
363
3765
4106369
-22
-89
-3
1875
346
3510
4107394
2
-30
-12
1887
191
3425
4108419
35
17
-54
2129
28
3654
4109444
219
143
-53
2179
130
3499
4110469
618
175
-114
1925
487
3370
4111494
786
201
-219
2031
1002
3256
4112519
-254
431
-149
1822
1336
2560
4113544
-573
169
-99
1600
-553
4404
4114569
-43
342
-178
2099
929
6369
4115594
-1292
126
-121
2043
2331
4152
4116619
-1233
-566
328
1351
-1655
2442
4117644
81
-317
80
1427
-545
2661
4118669
507
-301
-73
2240
1004
3046
4119694
172
-7
126
2216
935
3970
4120719
-288
132
286
1820
291
4222
4113536
-8
-58
390
1833
-647
4280
4114561
448
-125
251
1826
608
3859
4115586
-237
-92
137
2130
1192
2447
4116611
-728
-56
28
1983
-13
3209
4117636
-534
-16
-32
2000
-404
3824
4118661
160
-38
-51
2109
-1008
3904
4119686
1011
182
-56
2082
406
3705
4120711
322
221
-29
1648
853
3600
4121736
-305
-18
-139
1990
-190
3685
4122761
80
18
-97
2085
261
4022
4123786
254
-13
-8
1829
540
4110
4124811
160
-88
-12
1817
437
3905
4125836
36
-102
-17
1828
462
3722
4126861
-87
-126
4
1852
418
3597
4127886
-116
-125
15
1977
330
3578
4128911
-59
-78
23
2028
243
3529
4121728
24
-37
38
1983
267
3575
4122753
20
-36
39
2020
312
3622
4123778
-26
-26
21
2028
293
3570
4124803
-61
-18
21
1965
239
3531
4125828
-65
-17
2
1972
151
3574
4126853
-20
8
-30
2000
149
3634
4127878
26
28
-39
2000
209
3636
4128903
32
28
-37
1982
237
3653
4129928
11
15
-32
1952
289
3708
4130953
-32
-7
-24
1945
305
3745
4131978
-34
-9
-24
1949
289
3679
4133003
15
0
-10
1943
332
3654
4134028
16
4
4
1937
345
3613
4135053
-2
-5
4
1962
308
3662
4136078
-19
-16
6
1986
266
3678
4137103
-8
-16
20
1964
250
3657
4129920
14
-14
14
1961
268
3658
4130945
9
-11
7
1954
279
3638
4131970
-2
-6
2
1970
263
3616
4132995
0
-1
-5
1994
253
3640
4134020
7
3
-6
1975
276
3650
4135045
-8
2
-7
1964
279
3638
4136070
-11
1
-9
1967
271
3657
4137095
5
3
-11
1953
273
3692
4138120
12
1
-14
1952
307
3705
4139145
0
-5
-11
1962
304
3655
4140170
-1
-6
-4
1953
293
3639
4141195
-10
-9
0
1966
300
3653
4142220
-16
-13
4
1974
272
3653
4143245
0
-6
8
1958
252
3645
4144270
11
1
5
1954
270
3632
4145295
2
1
1
1968
271
3641
4138112
1
3
-1
1973
270
3653
4139137
1
4
-5
1973
284
3648
4140162
-5
5
-9
1968
281
3640
4141187
5
7
-7
1959
286
3646
4142212
13
14
-6
1966
329
3641
4143237
-1
11
-3
1947
309
3652
4144262
-3
8
-4
1947
291
3672
4145287
7
9
1
1943
290
3682
4146312
7
9
5
1951
293
3667
4147337
12
6
6
1950
276
3663
4148362
8
3
2
1964
283
3651
4149387
4
1
2
1970
289
3660
4150412
6
-1
1
1955
285
3678
4151437
12
3
-1
1953
274
3644
4152462
24
34
0
1957
261
3572
4153487
52
86
3
1925
192
3459
4146303
155
107
28
1926
249
3541
4147328
179
45
52
1984
401
3899
4148353
20
-102
65
2063
385
4039
4149378
-44
-143
93
1937
283
3951
4150403
-18
-121
88
1818
264
3780
4151428
63
-123
62
1907
403
3499
4152453
93
-51
104
1841
579
3340
4153478
-13
20
45
1902
354
3405
4154503
-81
40
-8
2110
15
3655
4155528
92
114
-33
2294
-8
3529
4156553
362
208
-3
1978
373
3442
4157578
530
171
-113
1992
674
3570
4158603
463
290
-185
2192
996
2715
4159628
-10
310
-90
1348
-379
3788
4160653
-274
293
-109
1342
-74
6627
4161678
-1199
108
-360
2724
2667
4964
4154496
-925
-583
291
1620
-1014
2297
4155521
296
-505
273
974
-895
2792
4156546
379
-280
-86
2392
1653
3186
4157571
-269
190
182
2251
778
3143
4158596
-157
217
405
1480
-556
3443
4159621
633
-70
270
2159
448
4491
4160646
134
-48
211
2173
1279
3872
4161671
-842
-100
165
1901
330
2805
4162696
-908
-72
59
1890
-491
3352
4163721
-306
58
-31
2070
-291
3782
4164746
162
73
-61
2044
-901
3807
4165771
945
190
-104
1951
-76
3814
4166796
581
257
-51
1792
1125
3855
4167821
-257
-42
-77
1924
175
3945
4168846
-228
-99
-56
1946
125
3961
4169871
-3
-85
-1
1849
414
3919
4162688
21
-112
9
1847
389
3811
4163713
-24
-106
4
1849
312
3607
4164738
-66
-81
4
1913
288
3529
4165763
-64
-68
16
1998
231
3562
4166788
-32
-40
35
2019
223
3590
4167813
-29
-23
37
1980
173
3629
4168838
-37
-27
15
1991
106
3636
4169863
-18
-6
-3
1971
129
3596
4170888
-4
-2
-16
1955
136
3641
4171913
-6
0
-34
1998
162
3677
4172938
-16
10
-35
1960
151
3657
4173963
8
4
-30
1947
233
3699
4174988
-4
-3
-29
1935
242
3683
4176013
-3
-3
-24
1922
241
3672
4177038
15
-10
-21
1944
295
3753
4178063
-1
-25
-12
1956
292
3724
4170879
-4
-33
-1
1952
276
3679
4171904
-9
-32
5
1963
222
3626
4172929
-12
-22
17
1959
208
3594
4173954
1
-5
31
1972
263
3624
4174979
-25
-1
35
1939
182
3650
4176004
-13
3
25
1957
147
3648
4177029
19
18
14
1964
198
3652
4178054
-1
18
6
1961
214
3663
4179079
-26
6
-10
1980
161
3673
4180104
-22
14
-26
1987
116
3631
4181129
-2
22
-36
1975
135
3631
4182154
13
30
-37
1964
210
3658
4183179
-11
23
-41
1945
186
3670
4184204
-5
21
-42
1943
230
3711
4185229
-14
13
-40
1916
254
3733
4186254
-24
0
-35
1924
258
3720
4179072
-12
-3
-21
1925
262
3689
4180097
-9
0
-11
1932
285
3652
4181122
-13
-1
-4
1947
241
3655
4182147
-1
0
0
1972
249
3677
4183172
-4
1
8
1949
247
3687
4184197
-2
-3
12
1933
200
3667
4185222
9
10
10
1937
192
3648
4186247
6
18
11
1921
171
3642
4187272
4
17
11
1947
173
3687
4188297
-6
15
8
1959
140
3682
4189322
20
25
12
1945
224
3675
4190347
10
16
11
1918
258
3711
4191372
-18
4
-1
1931
201
3706
4192397
-2
13
1
1923
222
3688
4193422
5
12
4
1917
214
3686
4194447
2
21
3
1924
187
3651
4187264
15
41
13
1942
157
3563
4188289
65
66
28
1932
181
3577
4189314
129
73
48
1920
302
3717
4190339
87
28
78
1868
286
3821
4191364
68
-51
50
1954
137
3793
4192389
164
-76
57
1929
246
3741
4193414
122
-106
86
1850
335
3849
4194439
9
-197
36
1994
161
3979
4195464
39
-160
39
1964
189
3674
4196489
89
-42
54
1808
393
3354
4197514
27
-14
2
1867
254
3553
4198539
114
-30
-66
2117
-201
3689
4199564
460
145
-67
2213
363
3525
4200589
302
217
-76
1823
613
3295
4201614
92
148
-184
1915
173
3303
4202639
371
219
-185
2288
540
3056
4195456
439
311
-44
1733
555
3768
4196481
-18
195
-31
1395
112
5704
4197506
-1033
304
-321
2353
1708
5083
4198531
-1851
-211
8
1559
222
3779
4199556
-1085
-612
123
1352
-1167
2601
4200581
444
-418
-34
1940
175
2988
4201606
637
-143
87
2087
784
3447
4202631
304
-33
185
1898
170
3607
4203656
276
-129
249
2058
26
3927
4204681
474
-115
198
1886
515
3993
4205706
27
-103
70
2039
922
3174
4206731
-659
9
56
2158
650
2686
4207756
-699
92
94
1901
-206
3291
4208781
-166
141
40
2033
-118
3681
4209806
275
116
-19
2072
-679
3813
4210831
955
158
-80
2033
-373
3863
4203649
703
290
-12
1756
1006
4031
4204674
-147
-24
-91
1917
201
4110
4205699
-199
-80
-91
1960
56
4043
4206724
-24
-50
-49
1776
360
3904
4207749
-51
-114
-64
1845
396
3722
4208774
-42
-115
-37
1887
386
3597
4209799
3
-83
-3
1936
462
3566
4210824
-5
-75
12
1996
385
3576
4211849
-3
-52
36
1969
289
3589
4212874
2
-37
50
1979
285
3612
4213899
0
-33
47
1977
207
3662
4214924
-4
-30
29
1955
171
3643
4215949
-8
-22
10
1969
193
3618
4216974
-10
-25
-9
1994
170
3636
4217999
23
-9
-8
1991
234
3638
4219024
26
-2
-16
1938
210
3659
4211850
1
-12
-46
1977
241
3649
4212875
9
-3
-40
1950
311
3654
4213900
-13
-14
-45
1963
301
3682
4214925
-16
-10
-40
1973
302
3683
4215950
3
-8
-24
1949
327
3663
4216975
-16
-11
-21
1955
315
3644
4218000
-17
-12
-9
1946
312
3657
4219025
-10
-14
6
1938
295
3673
4220050
-12
-15
14
1968
284
3662
4221075
-12
-13
17
1959
259
3650
4222100
-1
-14
15
1974
243
3662
4223125
-1
-15
7
1995
242
3665
4224150
2
-20
7
1981
235
3653
4225175
7
-18
1
1974
245
3633
4226200
7
-13
-7
1974
277
3620
4227225
-8
-13
-10
1954
264
3655
4220032
-29
-18
-21
1992
260
3661
4221057
-24
-11
-20
1990
279
3647
4222082
-28
-6
-16
1972
267
3587
4223107
-23
3
-17
1972
276
3601
4224132
-16
2
-16
1980
273
3674
4225157
5
4
-9
1969
293
3701
4226182
10
1
-2
1948
307
3683
4227207
1
-8
1
1950
289
3664
4228232
1
-10
7
1967
291
3682
4229257
0
-12
13
1970
288
3670
4230282
3
-14
17
1963
270
3648
4231307
0
-14
14
1979
270
3633
4232332
-1
-17
10
1982
252
3651
4233357
-7
-20
2
1985
250
3661
4234382
-19
-25
-5
1985
251
3662
4235407
-14
-23
-7
1980
265
3637
4228224
-1
-17
-9
1968
286
3639
4229249
-13
-19
-21
1985
261
3650
4230274
-11
-18
-22
1987
238
3635
4231299
10
-8
-23
1983
224
3616
4232324
26
10
-25
2009
240
3574
4233349
59
39
-16
2009
245
3520
4234374
112
85
-10
1951
302
3572
4235399
126
20
10
1976
395
3779
4236424
93
-53
25
2032
425
3897
4237449
13
-77
25
1933
233
3718
4238474
42
-76
30
1882
293
3685
4239499
35
-100
22
1960
350
3715
4240524
-22
-95
7
1960
190
3601
4241549
-1
-80
1
2017
252
3591
4242574
52
-56
15
2038
365
3626
4243599
55
-38
6
2022
303
3535
4236417
64
-1
-29
2083
204
3502
4237442
161
85
-68
2097
169
3503
4238467
401
229
-100
1892
285
3531
4239492
196
183
-196
1999
682
4055
4240517
71
-4
-196
2211
587
3338
4241542
477
114
-260
1953
228
2466
4242567
221
443
-129
941
1027
5779
4243592
-2074
39
-411
2679
2410
4928
4244617
-1500
-660
258
2303
-2186
2425
4245642
744
-46
188
1228
-583
2603
4246667
637
3
-187
1861
1653
3096
4247692
-89
-302
74
2245
154
3687
4248717
0
27
111
1984
329
4026
4249742
-59
65
200
1948
195
4233
4250767
15
-80
313
1902
120
4208
4251792
-39
-137
205
1840
351
3468
4244611
-234
-144
67
2202
659
2837
4245636
-393
-66
19
2055
28
3443
4246661
-132
-15
-8
2041
10
3627
4247686
38
16
-25
2064
-100
3524
4248711
571
9
-41
2250
-119
3514
4249736
610
216
38
1871
1132
3436
4250761
-102
30
-8
1932
278
3705
4251786
-62
-3
-61
2124
32
3943
4252811
188
44
3
1934
429
3943
4253836
128
-15
13
1933
496
3822
4254861
47
-36
38
1901
384
3671
4255886
15
-31
42
1935
357
3572
4256911
-50
-42
13
2044
307
3609
4257936
-53
-38
17
2043
230
3598
4258961
14
-16
18
2044
253
3559
4259986
33
-6
9
2037
275
3557
4252801
24
-3
9
2013
280
3577
4253826
0
-6
-1
2027
324
3619
4254851
-31
-11
-16
2025
263
3628
4255876
8
4
-15
2016
295
3620
4256901
36
22
-12
1983
350
3636
4257926
1
12
-22
1981
281
3599
4258951
10
15
-14
1983
361
3652
4259976
-19
5
-4
1987
373
3666
4261001
-21
2
-2
2001
338
3645
4262026
-3
7
3
1991
338
3619
4263051
-4
7
-3
1994
327
3598
4264076
-13
8
-7
2013
299
3609
4265101
-7
20
-4
2007
272
3604
4266126
10
20
1
2000
307
3637
4267151
8
17
0
1991
326
3659
4268176
-4
3
1
1983
306
3675
4260991
-12
-1
-4
1979
328
3665
4262016
-18
-4
-1
1991
342
3624
4263041
-18
-3
5
1986
364
3618
4264066
-29
-5
6
1996
326
3618
4265091
-20
5
9
1993
313
3608
4266116
-5
17
10
1980
311
3587
4267141
1
19
2
1997
299
3620
4268166
-9
18
-4
1998
290
3657
4269191
-14
16
-5
1992
292
3639
4270216
-12
16
-9
1983
298
3639
4271241
-7
12
-16
1988
305
3655
4272266
-8
9
-15
1981
330
3629
4273291
-10
7
-15
1971
330
3635
4274316
-9
7
-16
1973
327
3662
4275341
-11
12
-14
1971
322
3619
4276366
-7
13
-8
1973
344
3627
4269184
-16
9
-7
1971
327
3672
4270209
-10
6
-4
1966
299
3672
4271234
1
10
1
1965
315
3651
4272259
-1
5
0
1975
327
3650
4273284
-16
-3
-2
1987
313
3653
4274309
-19
-5
-2
1988
311
3639
4275334
-5
2
-2
1969
316
3625
4276359
-1
3
-5
1968
326
3635
4277384
-1
4
-4
1972
326
3658
4278409
0
3
-2
1955
316
3664
4279434
-2
3
1
1957
309
3640
4280459
-5
4
0
1983
301
3628
4281484
-5
7
0
1986
323
3641
4282509
-10
5
0
1964
321
3642
4283534
-12
6
-2
1967
312
3627
4284559
-6
12
-3
1958
312
3640
4277376
-7
9
-5
1963
308
3663
4278401
-8
6
-5
1965
312
3668
4279426
-1
8
-3
1950
314
3644
4280451
-1
6
-5
1955
334
3672
4281476
-13
-3
-5
1967
321
3682
4282501
-3
-3
1
1958
324
3653
4283526
5
-1
4
1947
326
3647
4284551
-7
-7
0
1967
315
3675
4285576
-8
-8
4
1961
315
3665
4286601
1
4
9
1972
306
3587
4287626
34
64
15
2001
236
3361
4288651
191
166
51
1922
228
3275
4289676
306
99
108
1830
479
3967
4290701
99
-127
30
2216
433
4285
4291726
-13
-169
22
2105
153
3683
4292751
43
-103
67
1818
471
3523
4285568
-48
-182
21
1853
347
3785
4286593
-28
-160
-7
1933
369
3944
4287618
-34
-113
3
1878
356
3698
4288643
-20
-109
-8
1938
364
3516
4289668
17
-100
-20
2091
312
3610
4290693
94
-5
-39
2099
243
3633
4291718
77
88
-84
1966
228
3560
4292743
-125
140
-207
2280
523
3007
4293768
270
342
-69
2051
290
1419
4294793
1055
395
-153
1730
-510
4200
4295818
728
478
-277
1965
2135
6487
4296843
-1312
260
-329
2187
2126
3999
4297868
-1648
-432
295
1553
-1669
3228
4298893
-243
-291
42
1474
-325
2708
4299918
404
-301
-101
2017
679
3067
4300943
441
-162
78
2132
827
3792
4293760
204
21
222
1908
811
4136
4294785
-60
-119
390
1954
57
4005
4295810
206
-107
339
1726
165
4078
4296835
12
-156
169
1993
692
3379
4297860
-387
-89
99
2350
798
2666
4298885
-487
-15
93
1938
-116
3443
4299910
-59
16
11
2105
-160
3698
4300935
86
120
-26
2114
267
3577
4301960
-69
69
-29
1934
133
3611
4302985
-65
19
-66
2026
65
3661
4304010
338
-24
-57
2206
-52
3792
4305035
494
186
-6
1842
876
3779
4306060
-13
18
-17
1778
473
3741
4307085
-83
-71
-63
2063
204
3778
4308110
34
-16
-5
1949
423
3786
4309135
-32
-54
6
1964
390
3678
4301952
-43
-64
0
2026
281
3606
4302977
13
-33
5
1981
312
3562
4304002
13
-22
-1
1981
331
3564
4305027
-19
-23
-7
2045
310
3573
4306052
-12
-4
-3
2016
310
3562
4307077
-7
0
-10
1996
295
3592
4308102
-5
1
-20
2018
327
3651
4309127
-3
6
-13
1973
308
3632
4310152
7
9
-16
1972
345
3632
4311177
-4
4
-22
1995
349
3642
4312202
-14
8
-16
1979
334
3615
4313227
-2
5
-19
1990
344
3658
4314252
-5
4
-21
2011
334
3622
4315277
14
13
-6
1959
309
3597
4316302
22
7
-9
1984
366
3683
4317327
-11
-8
-5
1994
367
3701
4310145
-18
-17
7
1969
324
3636
4311170
-2
-7
8
1982
358
3606
4312195
-10
-7
5
2000
358
3627
4313220
-13
-7
5
1993
333
3632
4314245
-5
-2
4
1994
337
3612
4315270
-2
5
6
1995
336
3598
4316295
1
8
3
1991
323
3620
4317320
-2
7
-2
1990
324
3652
4318345
-4
5
-6
1988
319
3649
4319370
-2
5
-9
1987
331
3639
4320395
-4
4
-10
1989
345
3628
4321420
-7
4
-6
1974
337
3626
4322445
-3
4
-7
1982
338
3640
4323470
3
5
-5
1973
345
3664
4324495
1
1
-3
1983
358
3658
4325520
-2
0
1
1982
340
3626
4318336
1
-2
1
1979
323
3645
4319361
2
-7
1
1990
351
3654
4320386
-3
-12
2
1990
331
3640
4321411
7
-7
2
1980
336
3617
4322436
8
0
1
1978
334
3600
4323461
15
6
1
1988
304
3607
4324486
37
36
3
1999
270
3476
4325511
89
87
18
1987
283
3373
4326536
202
87
57
1972
408
3649
4327561
107
16
75
1962
503
4124
4328586
-108
-128
58
2089
356
4033
4329611
-95
-137
90
1950
204
3557
4330636
-37
-143
37
1872
168
3525
4331661
123
-112
33
1976
554
3820
4332686
75
-80
49
1905
549
3760
4333711
-103
-75
16
1940
236
3410
4326528
-24
-30
-3
2083
208
3402
4327553
120
69
-53
2320
250
3475
4328578
213
190
-87
1998
464
3649
4329603
46
205
-204
2101
1052
3257
4330628
-11
197
-273
2181
84
1913
4331653
663
313
-42
898
-1434
5355
4332678
-354
650
-401
2219
3487
5928
4333703
-1427
-398
-98
2894
479
2573
4334728
-233
-282
565
926
-1783
2637
4335753
497
-180
-85
1701
1164
3173
4336778
133
-221
-25
2529
854
3761
4337803
-56
156
231
1670
109
4078
4338828
-25
-23
299
1841
93
4211
4339853
47
-147
294
1938
318
4316
4340878
-103
-230
150
1922
349
3680
4341903
-482
-202
86
2289
1003
2664
4334720
-739
-100
72
1982
87
3203
4335745
-343
-51
-10
1906
-372
3503
4336770
371
-31
-105
2235
-654
3602
4337795
836
213
-89
2169
514
3388
4338820
272
201
-35
1840
655
3442
4339845
-146
9
-123
2155
54
3779
4340870
131
43
-71
2105
294
4056
4341895
233
64
5
1782
557
4001
4342920
52
-15
-29
1828
470
3798
4343945
-46
-42
-44
1906
368
3639
4344970
-52
-33
-19
1925
350
3565
4345995
-59
-45
-20
2061
317
3615
4347020
-31
-26
-6
2069
243
3565
4348045
35
2
9
1998
285
3556
4349070
14
0
-12
2040
367
3611
4350095
-35
-5
-16
2001
280
3595
4342912
-19
3
-18
1977
302
3623
4343937
-21
5
-32
2017
373
3631
4344962
-23
10
-26
1982
331
3607
4345987
5
18
-24
1950
329
3631
4347012
-6
22
-29
1971
338
3629
4348037
-8
31
-14
1954
321
3619
4349062
3
35
-3
1955
332
3632
4350087
-17
31
-7
1987
331
3638
4351112
-5
22
-1
1973
296
3700
4352137
4
13
1
1967
330
3703
4353162
-13
-3
-6
1976
309
3693
4354187
-22
-10
-7
1948
296
3655
4355212
-13
-10
-5
1941
321
3626
4356237
-12
-12
-13
1988
339
3644
4357262
-10
-3
-3
1957
331
3635
4358287
-9
3
2
1958
348
3630
4351103
-14
3
-9
1982
325
3637
4352128
-4
12
-8
1956
300
3625
4353153
3
17
-10
1968
324
3639
4354178
-11
8
-12
1985
326
3674
4355203
-11
8
-3
1954
320
3646
4356228
-3
9
-2
1946
326
3648
4357253
-12
4
-10
1969
309
3667
4358278
-3
6
0
1959
318
3643
4359303
12
12
7
1956
348
3636
4360328
8
4
6
1958
328
3678
4361353
14
4
9
1948
337
3692
4362378
3
0
9
1961
347
3649
4363403
-9
0
7
1953
314
3629
4364428
-5
-1
4
1963
291
3652
4365453
18
8
7
1962
321
3665
4366478
16
5
13
1940
327
3669
4359296
-7
-7
5
1968
342
3664
4360321
-24
-8
3
1971
287
3608
4361346
-8
24
7
1948
230
3542
4362371
52
34
16
1989
332
3613
4363396
102
48
39
2012
436
3692
4364421
128
73
72
1859
384
3675
4365446
86
38
47
1876
289
3608
4366471
39
-48
41
2054
272
3724
4367496
63
-58
56
2010
203
3588
4368521
105
-37
42
1976
336
3611
4369546
27
-94
14
1958
415
3965
4370571
-39
-136
6
1919
304
4028
4371596
74
-100
-19
1970
172
3872
4372621
246
10
-49
2018
472
3556
4373646
297
57
-105
1887
445
3444
4374671
86
200
-121
1894
1045
2915
4367488
-788
245
-50
1813
243
2481
4368513
275
128
-98
1511
-1613
4345
4369538
926
607
-250
2371
2162
6284
4370563
-941
72
-130
2351
2674
3333
4371588
-1191
-506
425
1280
-2002
2365
4372613
-48
-182
0
1669
-191
3173
4373638
322
-245
-84
2331
961
3757
4374663
219
-156
123
1928
520
3883
4375688
52
-78
153
1813
460
4060
4376713
-134
-195
270
1969
329
4074
4377738
-113
-198
172
1815
222
3840
4378763
-167
-227
44
2117
484
3261
4379788
-400
-130
21
2128
541
3078
4380813
-435
-91
-5
2005
-55
3383
4381838
-285
4
-60
2073
56
3336
4382863
158
-63
-96
2252
-877
3421
4375861
863
264
-52
2106
553
3390
4376886
406
265
-18
1805
809
3496
4377911
-64
91
-86
2024
154
3790
4378936
121
100
-47
2024
298
4049
4379961
201
99
-10
1857
587
4097
4380986
14
-4
-24
1838
336
3897
4382011
36
-45
-9
1921
308
3689
4383036
66
-25
24
1949
557
3655
4384061
-75
-69
39
1967
414
3628
4385086
-77
-83
43
1992
236
3639
4386111
8
-46
36
2021
320
3588
4387136
13
-28
37
1995
333
3560
4388161
-16
-30
26
1992
304
3565
4389186
-30
-22
13
2031
304
3571
4390211
-32
-5
4
2003
266
3573
4391236
-8
9
-8
1999
265
3589
4383872
11
26
-19
2007
324
3614
4384897
-8
33
-21
1967
329
3620
4385922
-22
31
-29
1949
284
3634
4386947
-4
26
-44
1992
292
3700
4387972
-3
25
-36
1984
336
3716
4388997
-6
10
-12
1956
369
3676
4390022
7
-3
0
1964
411
3678
4391047
-16
-14
8
1942
388
3687
4392072
-21
-26
12
1945
331
3675
4393097
3
-20
15
1965
352
3648
4394122
2
-19
21
1967
341
3630
4395147
-11
-24
18
1987
296
3619
4396172
-3
-17
14
2010
286
3609
4397197
4
-9
13
1994
299
3604
4398222
4
-7
4
1994
293
3615
4399247
2
-2
-2
1985
301
3623
4392064
6
7
-6
1973
323
3612
4393089
1
9
-12
1989
358
3635
4394114
-23
0
-13
1978
312
3663
4395139
-5
2
-11
1970
326
3659
4396164
6
5
-3
1955
347
3665
4397189
-7
-6
0
1978
349
3661
4398214
-10
-11
7
1980
353
3667
4399239
-12
-18
10
1980
331
3647
4400264
-1
-15
12
1974
326
3630
4401289
5
-12
9
1982
325
3633
4402314
8
-6
10
1977
322
3631
4403339
16
-4
13
1979
327
3633
4404364
8
-5
12
1979
327
3642
4405389
-4
-8
9
1993
299
3626
4406414
4
-2
8
1989
315
3617
4407439
1
10
2
1985
300
3581
4400255
16
20
0
1998
239
3515
4401280
105
53
21
2024
367
3583
4402305
141
69
51
1910
431
3708
4403330
46
-16
28
1985
308
3797
4404355
15
-33
20
2026
280
3704
4405380
45
-45
49
1955
427
3653
4406405
14
-86
48
1957
383
3725
4407430
17
-116
28
1975
308
3775
4408455
42
-83
24
1953
420
3647
4409480
-13
-64
30
1937
429
3513
4410505
-49
-69
10
2005
262
3508
4411530
27
-28
-52
2280
75
3507
4412555
245
210
-101
2128
176
3493
4413580
498
229
-167
1707
390
4111
4414605
253
99
-163
2165
1202
3181
4415630
-314
93
-212
1672
-152
2772
4408448
174
168
-132
1314
-617
5194
4409473
-642
287
-444
2882
2726
4738
4410498
-923
-284
106
1901
-331
3336
4411523
-225
-362
169
1358
-713
2711
4412548
328
-312
-47
2089
870
3093
4413573
94
-134
111
2196
870
3532
4414598
-46
128
185
1820
413
3800
4415623
-64
116
147
1871
197
3788
4416648
119
-55
237
1943
400
4015
4417673
-42
-118
225
2002
508
3698
4418698
-339
-98
151
2205
677
3069
4419723
-515
-35
96
2030
171
3217
4420748
-201
-8
39
1913
-320
3716
4421773
37
89
-29
2162
393
3541
4422798
34
5
-38
2040
-600
3550
4423823
608
110
-64
2189
3
3506
4416640
499
255
13
1865
998
3745
4417665
-122
6
-26
1900
282
3937
4418690
-78
-28
-28
1966
216
3963
4419715
57
1
-4
1918
530
3937
4420740
-26
-60
7
1873
402
3744
4421765
-71
-77
19
1906
286
3567
4422790
-40
-59
14
2027
322
3585
4423815
-30
-43
17
2047
297
3579
4424840
-11
-8
31
1986
259
3515
4425865
8
-3
13
2036
253
3576
4426890
2
4
5
2038
232
3603
4427915
16
11
16
1978
282
3614
4428940
-13
9
-8
2001
284
3620
4429965
-22
6
-16
1985
240
3632
4430990
-6
5
-18
1985
313
3665
4432015
-16
6
-15
2003
334
3650
4424832
-1
14
-7
1945
300
3652
4425857
-1
13
-13
1947
315
3646
4426882
-3
-5
-14
2003
348
3727
4427907
-14
-14
-3
1984
330
3703
4428932
-12
-20
4
1968
340
3620
4429957
-12
-23
-1
1973
317
3612
4430982
-14
-24
-9
1990
280
3640
4432007
-4
-19
-10
1985
297
3652
4433032
-6
-15
-17
2009
324
3616
4434057
-24
-3
-29
1997
299
3577
4435082
-37
6
-43
1974
236
3594
4436107
-38
19
-61
2003
168
3584
4437132
1
45
-49
2014
253
3571
4438157
13
65
-32
1977
312
3569
4439182
-3
54
-29
1988
300
3628
4440207
6
38
-20
1982
355
3775
4433024
6
10
-19
1952
339
3771
4434049
19
10
-13
1921
379
3715
4435074
-8
-1
-8
1897
349
3678
4436099
-25
-13
-5
1957
315
3640
4437124
1
-4
8
1980
336
3641
4438149
-1
-3
16
1966
315
3638
4439174
-5
-2
13
1982
294
3614
4440199
0
8
4
1987
283
3611
4441224
7
18
4
1969
273
3614
4442249
16
22
2
1980
290
3629
4443274
21
35
0
1981
276
3619
4444299
47
55
7
1912
290
3609
4445324
48
12
4
1970
372
3785
4446349
33
-28
12
1994
360
3815
4447374
21
-29
29
1903
345
3711
4448399
10
-34
27
1915
361
3655
4441215
16
-31
32
1921
341
3650
4442240
19
-45
38
1962
348
3658
4443265
19
-40
54
1986
326
3609
4444290
58
-3
65
1966
301
3548
4445315
87
2
56
1962
294
3670
4446340
58
-39
30
2006
279
3764
4447365
57
-41
47
1988
372
3697
4448390
9
-23
55
1920
345
3555
4449415
-27
-9
27
1956
313
3451
4450440
-44
14
32
1962
207
3694
4451465
-107
14
-19
2081
37
3853
4452490
47
69
-61
2290
237
3381
4453515
290
216
-34
1961
615
3148
4454540
442
190
-172
1896
554
3399
4455565
105
385
-235
1679
276
3452
4456590
27
150
-134
1248
-303
6006
4449408
-907
126
-333
2637
2576
5282
4450433
-1316
-596
159
1868
-688
2462
4451458
-75
-524
265
1260
-1021
2254
4452483
534
-284
21
2212
1492
3171
4453508
18
-41
178
2339
956
3578
4454533
-304
198
293
1627
-174
3789
4455558
46
-34
252
1943
-98
4103
4456583
205
-90
244
2154
561
3827
4457608
-30
-70
198
1965
564
2998
4458633
-412
-21
93
2037
236
3015
4459658
-394
42
-13
2119
-534
3669
4460683
75
127
-63
2091
-258
3857
4461708
160
166
-67
2028
143
3521
4462733
344
13
-153
2108
-745
3648
4463758
730
229
-77
2006
898
3763
4464783
165
104
7
1716
929
4042
4457600
-234
-88
-61
1893
162
4038
4458625
-55
-28
-23
1850
331
3884
4459650
-13
-63
-6
1870
412
3775
4460675
-44
-100
10
1934
341
3634
4461700
-46
-86
35
1944
317
3549
4462725
-64
-64
23
2026
262
3557
4463750
-41
-44
26
2021
187
3571
4464775
15
-31
29
2005
224
3601
4465800
15
-17
18
2018
252
3578
4466825
-5
-4
8
1967
170
3568
4467850
-5
6
-14
1991
166
3610
4468875
3
18
-21
2011
216
3646
4469900
8
15
-17
1982
273
3696
4470925
-18
7
-22
1962
277
3666
4471950
-20
-3
-24
1946
247
3710
4472975
-8
-10
-23
1966
281
3717
4465791
-11
-12
-14
1970
314
3660
4466816
-20
-24
-4
1966
277
3672
4467841
-14
-27
0
1975
276
3665
4468866
-5
-25
11
1972
267
3654
4469891
-8
-24
11
1983
243
3634
4470916
-8
-17
7
1997
234
3608
4471941
-10
-12
1
2007
257
3621
4472966
-25
-5
-3
2005
250
3623
4473991
-25
-4
-8
1988
214
3597
4475016
-2
8
-13
1998
237
3610
4476041
9
14
-12
1981
249
3647
4477066
5
16
-9
1965
264
3651
4478091
-7
8
-13
1987
253
3663
4479116
-10
4
-11
1980
263
3681
4480141
-14
-4
-7
1978
286
3673
4481166
-12
-7
-3
1981
278
3642
4473984
-11
-3
2
1960
256
3622
4475009
-1
1
6
1960
265
3645
4476034
-5
-1
5
1979
240
3668
4477059
4
-1
6
1985
232
3663
4478084
5
0
4
1974
249
3646
4479109
-9
0
-3
1978
235
3625
4480134
-7
-3
-7
1983
215
3653
4481159
-4
-2
-8
1989
253
3661
4482184
-5
-6
-7
1979
253
3656
4483209
0
-7
-6
1967
268
3664
4484234
-2
-8
-3
1964
290
3663
4485259
-8
-8
-2
1964
260
3643
4486284
0
3
-2
1973
233
3611
4487309
20
48
2
1998
211
3486
4488334
79
116
14
1932
171
3463
4489359
154
65
33
1947
286
3674
4482176
167
-61
62
2085
390
4032
4483201
23
-119
43
2027
258
3985
4484226
-16
-124
26
1903
243
3647
4485251
7
-141
31
1877
283
3670
4486276
-16
-153
2
1945
279
3762
4487301
-29
-96
-3
1970
306
3556
4488326
-19
-53
3
1989
264
3381
4489351
31
-31
12
2084
314
3448
4490376
54
-3
27
2082
291
3558
4491401
63
4
10
2121
104
3655
4492426
166
88
-81
2260
-67
3455
4493451
510
263
-93
2101
395
3120
4494476
517
388
-125
1980
1444
2674
4495501
81
306
-176
1555
-322
3817
4496526
140
167
3
1077
-540
6885
4497551
-840
94
-403
2642
2890
5079
4490367
-1084
-597
211
2094
-275
1950
4491392
-183
-504
325
1089
-924
2372
4492417
260
-388
-93
2296
896
3271
4493442
68
-57
43
2574
572
3897
4494467
-59
82
307
1745
-284
3812
4495492
185
-50
251
1957
152
3686
4496517
231
-83
122
2100
414
3810
4497542
-94
-75
50
2212
630
3082
4498567
-417
6
52
2168
648
2865
4499592
-314
30
20
1853
-353
3608
4500617
106
118
-49
2051
262
3673
4501642
226
25
-115
2111
-679
3743
4502667
708
220
-110
2172
303
3536
4503692
327
287
-10
1768
946
3677
4504717
-276
-2
-92
2048
96
3880
4505742
-68
6
-57
2081
185
4008
4498560
79
39
-7
1867
528
3925
4499585
-62
-45
-28
1888
393
3707
4500610
-81
-64
-11
1916
316
3577
4501635
-47
-48
5
1978
401
3589
4502660
-80
-44
4
2043
320
3550
4503685
-45
-23
19
2001
231
3570
4504710
3
-3
13
2027
298
3595
4505735
-12
6
6
2021
293
3586
4506760
-23
7
3
1974
224
3612
4507785
-26
13
-10
2005
239
3613
4508810
-19
20
-14
1999
207
3638
4509835
2
22
-12
1999
239
3654
4510860
0
19
-13
1997
327
3664
4511885
-32
2
-15
1982
289
3641
4512910
-24
4
-18
1965
264
3641
4513935
0
1
-20
1974
311
3704
4506753
-4
-7
-13
1974
318
3678
4507778
3
-10
1
1966
314
3651
4508803
-1
-13
7
1968
307
3646
4509828
-12
-17
9
1990
293
3628
4510853
-7
-6
13
1989
286
3594
4511878
-6
-2
8
1992
240
3613
4512903
-5
4
-1
2015
258
3635
4513928
-2
6
1
1999
260
3618
4514953
1
11
0
1983
295
3615
4515978
-15
10
-6
1984
273
3635
4517003
-12
9
-12
1992
261
3674
4518028
-1
11
-12
1986
268
3650
4519053
8
10
-7
1981
310
3652
4520078
0
2
0
1957
323
3684
4521103
-10
-11
2
1968
297
3686
4522128
-2
-9
10
1967
292
3653
4515019
4
-12
15
1969
281
3651
4516044
4
-15
14
1995
282
3648
4517069
0
-11
15
1981
271
3623
4518094
-1
-12
10
1993
260
3629
4519119
1
-11
4
1994
256
3641
4520144
5
-7
3
1986
273
3623
4521169
8
-5
-1
1989
285
3633
4522194
5
-4
-4
1987
270
3638
4523219
13
-1
1
1972
291
3664
4524244
15
-5
3
1989
310
3662
4525269
11
-4
8
1984
326
3633
4526294
6
10
16
1979
300
3569
4527319
35
63
15
1962
228
3519
4528344
74
48
20
1950
270
3656
4529369
77
-9
46
2014
339
3750
4530394
115
-44
94
1964
339
3840
4523136
68
-85
66
1987
311
3760
4524161
9
-138
50
2032
256
3701
4525186
-8
-142
45
2021
204
3637
4526211
37
-108
47
1991
242
3647
4527236
80
-37
36
1949
366
3460
4528261
21
15
-1
2010
302
3386
4529286
68
87
-77
2174
13
3397
4530311
367
267
-79
1976
223
3212
4531336
401
248
-167
2024
313
3814
4532361
148
184
-238
2216
780
3700
4533386
-121
227
-157
1938
366
3085
4534411
-55
131
2
887
-600
5756
4535436
-1073
206
-255
2514
2731
5599
4536461
-1775
-360
118
2382
962
2121
4537486
-686
-440
398
917
-1757
2528
4538511
340
-253
60
1992
470
3068
4531328
481
-128
103
2461
664
3539
4532353
300
60
263
1870
326
3867
4533378
102
10
218
1967
-8
3867
4534403
74
-118
258
2088
-87
4106
4535428
-16
-137
131
1904
163
3769
4536453
-343
-140
12
2203
191
3055
4537478
-401
-8
30
2123
274
2956
4538503
-267
38
11
1924
-378
3440
4539528
100
132
-66
2156
-171
3645
4540553
87
185
-63
2083
328
3702
4541578
-86
62
-61
1943
-65
3838
4542603
370
-36
-57
2079
-116
4043
4543628
435
119
35
1862
951
4019
4544653
-180
-67
37
1765
267
3817
4545678
-200
-128
-14
2009
-48
3721
4546703
16
-55
23
1999
281
3713
4539521
-38
-77
53
1976
225
3577
4540546
-86
-74
51
2062
101
3486
4541571
-40
-31
42
2070
60
3494
4542596
6
2
28
2048
106
3540
4543621
9
2
10
2082
86
3601
4544646
5
12
-1
2073
57
3624
4545671
-1
17
-4
2013
63
3627
4546696
-3
3
-18
2011
121
3696
4547721
-18
0
-24
1997
114
3657
4548746
-18
7
-23
1975
131
3638
4549771
-13
3
-29
2016
160
3666
4550796
-4
5
-25
2018
184
3638
4551821
13
6
-10
1989
232
3682
4552846
-22
-14
-12
2012
176
3669
4553871
0
-12
-4
2017
178
3624
4554896
15
0
4
1993
190
3605
4547712
-20
0
-5
2010
85
3589
4548737
-13
12
-13
2040
50
3601
4549762
12
23
-10
2042
120
3634
4550787
6
21
-12
2019
120
3641
4551812
9
17
-18
2001
112
3658
4552837
7
13
-20
2001
138
3687
4553862
-1
6
-16
2000
168
3673
4554887
0
5
-7
1985
182
3646
4555912
1
1
-4
1979
157
3656
4556937
-1
-2
-3
1996
151
3664
4557962
1
-5
1
1999
154
3658
4558987
8
-6
4
2007
161
3649
4560012
3
-6
3
2013
161
3624
4561037
-5
-4
0
2006
127
3626
4562062
4
1
-4
2020
132
3627
4563087
-7
6
-12
2024
137
3613
4555903
2
7
-5
1998
170
3653
4556928
4
6
-1
1977
191
3679
4557953
-6
1
2
1972
156
3662
4558978
-2
-1
3
1983
144
3661
4560003
-3
1
3
1997
140
3651
4561028
-1
-4
2
2015
148
3656
4562053
5
-4
0
2016
144
3662
4563078
7
-5
-2
1998
129
3645
4564103
6
-6
-6
1990
136
3641
4565128
9
1
-8
2005
146
3627
4566153
30
35
4
1980
133
3524
4567178
71
76
27
1943
152
3485
4568203
151
16
52
2032
154
3710
4569228
136
-29
37
2063
239
3887
4570253
47
-85
24
2013
137
3770
4571278
43
-99
6
2031
201
3695
4564096
56
-99
20
1972
254
3666
4565121
20
-54
14
1891
159
3533
4566146
30
-5
-2
1938
133
3480
4567171
135
25
-39
2188
-20
3403
4568196
423
215
-61
2106
179
3293
4569221
665
220
-14
1809
292
3746
4570246
742
99
-118
2185
423
3987
4571271
259
293
-109
2098
1474
3447
4572296
-216
12
-42
1169
-134
4506
4573321
-474
81
-344
1930
100
4964
4574346
-1198
-130
-275
2545
477
4205
4575371
-689
-473
96
1732
-842
2826
4576396
277
-217
-82
1807
168
2230
4577421
355
-173
-68
2009
739
2879
4578446
224
-220
47
2268
676
3618
4579471
263
76
84
2063
549
3757
4572288
177
123
193
1897
248
3972
4573313
163
-20
260
1866
279
4151
4574338
12
-65
144
1935
433
3808
4575363
-132
-72
75
2124
569
3210
4576388
-204
-34
76
1941
363
3316
4577413
-286
-30
-29
2085
-215
3569
4578438
11
40
-71
2258
-83
3569
4579463
186
93
-53
2041
57
3574
4580488
82
78
-97
2051
120
3600
4581513
36
85
-89
2052
302
3607
4582538
74
54
-23
1946
377
3709
4583563
123
18
-2
1944
510
3895
4584588
66
-9
10
1917
476
3889
4585613
-24
-21
26
1883
402
3713
4586638
-59
-34
43
1934
290
3556
4587663
-31
-19
59
2013
279
3568
4580479
-19
-17
73
2036
334
3674
4581504
-24
-39
63
2058
220
3698
4582529
-8
-24
49
2029
222
3640
4583554
-21
-35
42
1985
323
3688
4584579
-120
-58
17
2019
458
3648
4585604
-151
-122
15
2046
-87
3533
4586629
140
0
12
2094
158
3474
4587654
16
81
32
1887
621
3626
4588679
-204
-76
-16
2086
-82
3638
4589704
72
26
-15
2085
219
3648
4590729
68
43
3
1938
445
3662
4591754
-66
-33
-11
2039
163
3591
4592779
29
16
-1
2039
254
3623
4593804
20
17
8
1999
336
3653
4594829
-26
-20
-1
2027
195
3661
4595854
10
-11
0
2019
268
3671
4588810
-7
-17
4
2004
271
3606
4589835
-11
-25
3
2002
235
3632
4590860
1
-20
-1
2013
285
3654
4591885
-7
-18
-1
2044
268
3563
4592910
11
-3
7
2028
293
3587
4593935
-30
-8
7
2001
281
3635
4594960
-40
-16
-2
2037
169
3608
4595985
15
17
5
2010
207
3563
4597010
21
16
3
2012
279
3637
4598035
-19
-9
-6
2058
261
3692
4599060
-17
-13
-3
2033
254
3670
4600085
-10
-11
-2
2000
291
3602
4601110
-9
-16
-5
2009
245
3584
4602135
7
-3
-7
2014
240
3612
4603160
9
2
-3
2020
275
3644
4604185
-3
0
0
2036
234
3604
4596864
5
6
4
2031
240
3594
4597889
15
11
2
2034
244
3594
4598914
27
6
6
2024
264
3677
4599939
-3
-9
-2
2036
300
3683
4600964
-15
-11
5
2005
247
3584
4601989
17
0
11
2000
266
3590
4603014
13
10
14
2014
315
3613
4604039
-5
2
17
2012
254
3627
4605064
8
10
6
2035
247
3615
4606089
17
23
0
2007
274
3613
4607114
-12
8
-13
2017
211
3625
4608139
-15
4
-17
2042
204
3635
4609164
7
10
-11
2035
228
3626
4610189
31
25
1
1994
276
3596
4611214
43
29
11
1984
296
3578
4612239
76
19
32
1989
290
3623
4605055
103
-22
47
2050
274
3680
4606080
92
-33
43
2049
288
3701
4607105
57
-79
21
2095
298
3686
4608130
15
-80
33
2023
299
3557
4609155
12
-73
45
1964
255
3543
4610180
96
-18
48
1947
330
3656
4611205
114
13
-12
2091
103
3630
4612230
215
146
-84
2126
99
3456
4613255
495
192
-91
1990
395
3429
4614280
353
340
-154
2170
1427
2896
4615305
-468
289
-112
1566
-217
3603
4616330
-23
-15
-97
1216
-1408
6330
4617355
-524
183
-435
2742
2754
5134
4618380
-1079
-468
57
2128
605
2285
4619405
-435
-616
301
1199
-1209
2536
4620430
72
-293
-57
2290
790
3162
4613248
84
62
79
2380
483
3506
4614273
204
112
334
1673
-248
3631
4615298
488
-63
224
2002
500
3874
4616323
71
-71
69
2363
737
3420
4617348
-458
-24
69
2152
344
2877
4618373
-461
34
45
1957
-91
3262
4619398
10
108
-12
2059
-20
3547
4620423
392
79
-106
2072
-832
3875
4621448
847
232
-117
2178
462
3816
4622473
362
246
5
1800
1198
3947
4623498
-391
-60
-54
1903
137
3914
4624523
-196
-71
-45
2034
78
3896
4625548
48
-12
-2
1904
439
3846
4626573
-26
-59
2
1899
427
3662
4627598
-80
-71
9
1982
356
3540
4628623
-75
-57
25
2036
324
3556
4621441
-74
-50
34
2061
248
3547
4622466
-37
-33
39
2033
192
3552
4623491
-4
-11
24
2036
181
3557
4624516
6
12
7
2026
193
3550
4625541
7
17
-4
2021
213
3622
4626566
-9
8
-20
2047
228
3656
4627591
-7
13
-20
2012
261
3634
4628616
-10
5
-24
1986
250
3641
4629641
-10
-2
-34
2004
273
3664
4630666
-11
1
-30
1995
263
3627
4631691
2
6
-18
1996
305
3607
4632716
2
1
-8
2000
332
3653
4633741
-9
-8
-1
2000
277
3664
4634766
11
-9
4
2001
275
3677
4635791
7
-9
7
1995
277
3628
4636816
-7
-18
3
2006
250
3621
4629633
-26
-18
-4
2027
222
3601
4630658
-16
-15
-5
2034
230
3602
4631683
10
-4
-4
2033
285
3610
4632708
8
1
-2
1992
287
3619
4633733
-9
-1
-9
2002
241
3644
4634758
-8
1
-2
2024
242
3648
4635783
25
10
21
1993
333
3645
4636808
-5
-2
21
1987
317
3619
4637833
-29
-7
6
2012
224
3589
4638858
1
11
2
2003
253
3603
4639883
-5
8
-3
2017
243
3646
4640908
-1
2
-5
2035
244
3670
4641933
2
1
2
1992
263
3643
4642958
-9
-8
-3
1985
260
3645
4643983
-21
-14
-10
2006
261
3660
4645008
-15
-12
-8
2007
273
3626
4637824
-2
-8
-4
2001
289
3613
4638849
-6
-9
-4
2013
276
3617
4639874
-11
-3
2
2002
266
3608
4640899
-5
-2
5
2012
252
3627
4641924
5
5
2
2021
269
3624
4642949
1
9
2
1996
238
3622
4643974
-7
9
-3
2009
241
3619
4644999
-7
3
-5
2015
227
3647
4646024
-1
1
-6
2003
276
3666
4647049
-8
-12
-7
1999
256
3643
4648074
0
-4
-6
1986
307
3646
4649099
-21
-12
-4
1979
266
3617
4650124
-2
-9
-2
2006
279
3631
4651149
18
1
11
2005
324
3643
4652174
3
-1
13
1998
275
3602
4653199
-3
3
13
1993
253
3629
4646015
-5
9
8
2012
225
3614
4647040
12
13
11
1989
209
3643
4648065
7
6
3
2024
261
3661
4649090
-15
-7
7
2012
241
3657
4650115
17
25
-12
1956
159
3644
4651140
117
48
-32
1986
223
3629
4652165
155
-11
4
2052
368
3703
4653190
25
-60
0
2034
318
3615
4654215
-49
-56
1
2005
141
3401
4655240
113
-1
8
2030
311
3511
4656265
142
-6
12
1984
400
3772
4657290
21
-47
-11
2043
235
3869
4658315
40
4
-44
2050
133
3666
4659340
225
78
8
1803
442
3647
4660365
155
-3
1
1948
659
3884
4661390
-71
-27
-119
2154
368
3861
4654208
-102
86
-107
2223
711
2633
4655233
2
240
-94
1810
53
2210
4656258
369
228
-91
1103
-971
5071
4657283
-263
379
-405
2807
2349
6298
4658308
-1411
-233
-20
2256
728
3229
4659333
-619
-516
294
1163
-1899
2014
4660358
578
-250
-50
1929
705
3059
4661383
500
-23
12
2449
961
3553
4662408
189
164
271
1708
146
3880
4663433
112
-104
294
1828
335
4328
4664458
-12
-215
176
2160
438
4057
4665483
-208
-123
117
2180
876
2809
4666508
-464
-82
140
1888
428
3005
4667533
-349
-59
23
2019
-459
3728
4668558
1
84
-18
2127
-2
3716
4669583
-66
71
-9
2070
175
3500
4662400
104
-42
-89
2186
-530
3698
4663425
477
126
-53
2134
486
3667
4664450
114
102
12
1814
667
3787
4665475
-103
-83
-45
1991
101
3884
4666500
84
-27
-21
1979
355
3890
4667525
7
-45
17
1909
452
3720
4668550
-100
-96
30
1979
265
3568
4669575
-67
-68
36
2036
195
3501
4670600
-10
-35
32
2069
201
3532
4671625
15
-27
24
2099
236
3611
4672650
10
-18
19
2076
215
3558
4673675
9
-9
13
2050
188
3547
4674700
-5
-7
-2
2046
177
3590
4675725
-11
0
-10
2035
196
3601
4676750
0
3
-21
2043
199
3621
4677775
2
7
-30
2050
230
3601
4670592
-13
10
-32
2028
211
3581
4671617
-1
15
-33
2028
253
3628
4672642
1
14
-30
2023
279
3651
4673667
1
7
-17
2025
307
3657
4674692
-6
4
-6
2007
278
3630
4675717
0
-3
-2
2006
230
3637
4676742
8
-2
1
2032
273
3656
4677767
-5
-13
7
2034
246
3644
4678792
-7
-17
6
2034
212
3610
4679817
0
-9
7
2027
239
3577
4680842
5
-8
7
2038
221
3590
4681867
8
0
6
2033
267
3668
4682892
-35
-18
-5
2036
172
3616
4683917
18
-1
-3
2055
233
3571
4684942
19
19
8
2006
323
3590
4685967
-29
-1
-3
2025
193
3619
4678785
-1
13
-11
2046
206
3636
4679810
16
20
-4
2023
266
3624
4680835
3
8
-5
2025
254
3626
4681860
-1
7
-6
2035
223
3626
4682885
11
12
-5
2023
230
3633
4683910
20
4
-1
2014
243
3658
4684935
22
2
6
2012
233
3637
4685960
40
-12
24
2033
291
3641
4686985
70
-23
32
2027
328
3678
4688010
33
-19
30
2009
285
3615
4689035
23
-4
36
1969
206
3509
4690060
55
-8
38
2056
273
3579
4691085
17
-19
40
2087
273
3596
4692110
3
-13
34
2081
245
3521
4693135
18
20
28
2065
258
3481
4694160
63
41
29
2005
229
3569
4686976
59
12
6
2036
190
3774
4688001
100
6
2
2017
178
3713
4689026
116
32
7
1960
308
3618
4690051
58
-27
5
1965
279
3730
4691076
21
-82
-23
2076
152
3790
4692101
119
-10
-60
2104
252
3735
4693126
97
95
-39
1920
336
3377
4694151
100
112
-119
2023
138
3305
4695176
415
102
-145
2208
413
3604
4696201
286
346
51
2057
1653
3468
4697226
-88
134
-51
1322
135
4691
4698251
-673
44
-115
1772
727
5500
4699276
-1723
-256
8
2295
1085
3167
4700301
-848
-594
242
1777
-1673
2083
4701326
528
-318
126
1939
-133
3041
4702351
691
-73
90
2592
1013
3587
4695167
307
123
258
1997
58
3840
4696192
336
-125
296
1814
-133
4035
4697217
295
-195
129
2164
616
3821
4698242
-375
-119
59
2295
855
2820
4699267
-715
-35
61
2001
108
2736
4700292
-224
-9
-24
2090
-346
3435
4701317
316
101
-101
2188
-516
3812
4702342
690
170
-124
2191
-239
3654
4703367
461
318
-46
1922
1023
3661
4704392
-240
35
-74
2041
286
3824
4705417
-156
-33
-45
2113
129
4007
4706442
47
3
-5
1966
461
3993
4707467
-24
-39
-16
1920
383
3715
4708492
-63
-59
-6
1908
311
3574
4709517
-77
-62
-4
2024
341
3534
4710542
-101
-50
18
2074
253
3503
4703360
-79
-39
24
2084
129
3511
4704385
-9
-13
1
2134
148
3537
4705410
32
19
-9
2120
204
3536
4706435
21
22
-23
2068
200
3586
4707460
-15
16
-45
2086
191
3575
4708485
-43
36
-51
2034
128
3525
4709510
-8
39
-49
2030
163
3606
4710535
19
40
-45
2054
304
3678
4711560
-17
24
-27
2005
303
3675
4712585
-42
11
-15
1994
248
3640
4713610
9
11
2
2013
339
3685
4714635
25
1
29
1997
407
3696
4715660
-21
-25
41
2016
316
3641
4716685
-24
-26
43
2035
231
3596
4717710
4
-21
45
2032
207
3617
4718735
-1
-23
31
2069
185
3606
4711552
-6
-21
22
2078
155
3575
4712577
1
-10
14
2049
200
3556
4713602
-16
-10
1
2070
193
3573
4714627
-19
-1
-7
2071
190
3581
4715652
-5
12
-8
2037
203
3576
4716677
-3
19
-13
2044
240
3606
4717702
-10
20
-13
2043
248
3629
4718727
-14
23
-9
2014
250
3608
4719752
-14
20
-8
2023
240
3627
4720777
-6
19
-6
2033
251
3661
4721802
-8
10
-1
2025
234
3656
4722827
-8
4
0
2028
228
3639
4723852
-9
-2
1
2031
204
3626
4724877
-4
-3
-1
2039
203
3628
4725902
-2
-3
-3
2034
218
3629
4726927
-6
1
-6
2034
228
3594
4719744
-13
9
-10
2030
238
3565
4720769
-14
19
-13
2040
214
3563
4721794
10
44
-7
2043
205
3563
4722819
45
90
4
1983
184
3504
4723844
114
52
13
2020
251
3644
4724869
156
-6
57
2050
409
3967
4725894
-16
-62
20
2058
224
3719
4726919
-1
-62
39
1992
207
3569
4727944
70
-74
25
2046
381
3680
4728969
27
-81
46
1997
344
3698
4729994
9
-72
69
1969
307
3625
4731019
42
-23
90
1956
363
3592
4732044
27
-10
80
1988
193
3574
4733069
75
-12
28
2191
12
3504
4734094
329
79
30
2113
84
3395
4735119
628
151
72
1983
429
3368
4727968
568
236
-9
2127
690
3316
4728993
151
243
-153
2308
305
2951
4730018
429
116
-53
1924
-293
4403
4731043
761
121
19
1112
622
7123
4732068
-1667
23
-403
2340
2987
4430
4733093
-2181
-888
186
1923
-1120
1650
4734118
-378
-579
175
1436
-1599
2196
4735143
653
-231
-115
2550
1144
2926
4736168
673
12
157
2455
835
3343
4737193
310
159
334
1784
178
3495
4738218
261
-14
271
2205
123
3842
4739243
250
-30
173
2166
193
4151
4740268
-5
-41
107
2046
257
3392
4741293
-160
-16
64
2116
483
3088
4742318
-248
21
-2
2024
12
3443
4743343
-6
21
-50
2138
-106
3795
4736129
78
55
-78
2197
400
3768
4737154
-44
-42
-66
2076
-37
3671
4738179
264
-24
-53
2166
52
3602
4739204
218
153
18
1937
1045
3722
4740229
-325
-78
1
1973
306
3710
4741254
-182
-103
-5
2138
54
3642
4742279
70
-20
21
2079
399
3660
4743304
-7
-56
41
2064
337
3544
4744329
-66
-66
56
2083
219
3480
4745354
-66
-41
27
2148
199
3530
4746379
-71
-15
6
2147
145
3470
4747404
-38
4
-5
2118
133
3468
4748429
-2
11
-28
2156
163
3565
4749454
0
23
-29
2126
207
3549
4750479
-15
24
-27
2069
221
3572
4751504
-37
17
-40
2089
212
3607
4744321
-25
18
-32
2080
249
3613
4745346
-12
14
-26
2084
305
3609
4746371
-15
8
-16
2078
312
3603
4747396
-9
2
-5
2066
307
3608
4748421
-16
-7
3
2083
284
3598
4749446
-7
-14
13
2080
237
3622
4750471
13
-15
19
2078
248
3621
4751496
-1
-22
19
2086
241
3594
4752521
-16
-30
12
2112
205
3574
4753546
-13
-25
12
2110
221
3548
4754571
-15
-18
8
2104
231
3535
4755596
-22
-11
-2
2116
205
3549
4756621
-29
1
-5
2099
194
3537
4757646
-13
4
-6
2115
230
3569
4758671
2
8
-4
2115
251
3602
4759696
-3
8
-1
2073
246
3594
4752512
-8
2
-8
2078
213
3604
4753537
4
0
-9
2098
242
3616
4754562
-3
-3
-3
2081
231
3571
4755587
-12
-10
-9
2108
192
3566
4756612
8
-7
-8
2109
224
3600
4757637
6
-6
-4
2089
261
3578
4758662
-11
-9
-10
2105
254
3551
4759687
-8
-7
-9
2094
223
3581
4760712
9
-3
-3
2092
249
3589
4761737
10
-4
3
2087
255
3580
4762762
1
-2
6
2087
237
3565
4763787
-4
-1
5
2097
228
3569
4764812
-8
-3
-2
2126
219
3589
4765837
-1
-3
-4
2111
210
3582
4766862
8
-1
-4
2097
239
3582
4767887
4
-2
-6
2106
246
3583
4760704
6
0
-1
2073
254
3582
4761729
2
-1
3
2072
253
3581
4762754
-8
-4
1
2098
238
3582
4763779
-8
-1
1
2106
222
3570
4764804
0
4
0
2107
240
3570
4765829
-1
4
-5
2106
248
3568
4766854
-15
23
-6
2099
211
3453
4767879
-16
63
7
2043
53
3222
4768904
106
71
88
2024
41
3472
4769929
244
39
74
2258
550
4245
4770954
6
-104
51
2179
275
3959
4771979
-93
-181
71
2032
203
3665
4773004
-34
-175
-5
1968
165
3626
4774029
14
-112
-1
2007
358
3491
4775054
-44
-63
-9
2056
289
3391
4776079
-10
-26
-19
2127
231
3464
4768896
41
-19
-50
2347
97
3525
4769921
141
135
-66
2278
265
3382
4770946
119
239
-65
2023
606
3101
4771971
-119
321
-175
2205
569
2529
4772996
260
324
-238
2092
-733
3673
4774021
798
307
-48
1267
359
6804
4775046
-916
93
-301
2492
2961
4882
4776071
-1473
-749
138
2141
-1186
1655
4777096
29
-503
264
1251
-1426
2486
4778121
677
-233
-144
2628
1419
3389
4779146
245
86
106
2370
663
3607
4780171
-47
43
335
1668
-235
3671
4781196
237
-115
173
2240
440
3930
4782221
-46
-136
103
2383
573
3449
4783246
-387
-85
72
2112
168
2818
4784271
-339
12
5
2152
-110
3187
4777088
71
110
-47
2228
-140
3751
4778113
187
175
-57
2109
234
3738
4779138
16
98
-69
2150
334
3575
4780163
9
21
-68
2089
-79
3668
4781188
371
27
-51
2165
77
3696
4782213
286
174
30
1927
905
3738
4783238
-199
-25
0
2007
237
3710
4784263
-94
-41
-24
2195
57
3629
4785288
48
27
19
2069
415
3618
4786313
-74
-37
19
2091
259
3557
4787338
-66
-31
16
2120
131
3490
4788363
9
17
7
2095
206
3502
4789388
-7
17
-14
2124
232
3572
4790413
-34
15
-19
2131
217
3550
4791438
-25
25
-20
2102
191
3536
4792463
-9
27
-26
2100
222
3590
4785279
-13
25
-24
2077
249
3596
4786304
-9
21
-27
2079
252
3635
4787329
-2
17
-27
2086
267
3630
4788354
-3
16
-15
2063
305
3567
4789379
-18
10
-16
2069
241
3564
4790404
-13
12
-27
2090
150
3593
4791429
5
24
-26
2089
168
3579
4792454
26
23
-15
2095
271
3597
4793479
5
4
-8
2081
278
3640
4794504
-17
-9
-10
2066
249
3644
4795529
-6
-13
-8
2052
265
3633
4796554
-1
-12
-5
2051
296
3586
4797579
-15
-17
-6
2073
267
3561
4798604
-13
-12
-1
2080
258
3573
4799629
0
-6
5
2070
234
3585
4800654
8
-2
5
2085
224
3581
4793474
10
2
1
2090
235
3582
4794499
-10
-3
-7
2095
226
3581
4795524
-20
-6
-13
2104
209
3579
4796549
-2
-1
-13
2100
232
3582
4797574
11
6
-8
2074
261
3579
4798599
9
2
-8
2059
262
3614
4799624
6
-2
-5
2062
279
3617
4800649
2
-2
4
2053
269
3602
4801674
1
-5
9
2072
251
3595
4802699
0
-6
12
2084
259
3593
4803724
-9
-12
5
2098
237
3605
4804749
-1
-7
7
2087
234
3580
4805774
9
-2
8
2068
257
3560
4806799
-1
-5
4
2077
230
3592
4807824
2
-3
0
2088
217
3604
4808849
11
2
0
2069
257
3607
4801664
-2
-4
-4
2079
259
3592
4802689
-7
-6
-4
2079
256
3575
4803714
-2
-7
-5
2074
272
3606
4804739
-3
-11
-2
2080
261
3617
4805764
-2
-11
4
2071
259
3592
4806789
4
-10
8
2067
253
3587
4807814
3
-11
6
2079
258
3602
4808839
-4
-14
5
2085
221
3593
4809864
12
-12
12
2076
260
3603
4810889
-2
-21
8
2095
254
3608
4811914
-10
-13
4
2102
199
3527
4812939
21
40
13
2060
143
3323
4813964
121
90
51
2021
201
3342
4814989
250
28
89
2145
476
3919
4816014
49
-102
63
2200
280
3898
4817039
-27
-150
48
2106
154
3674
4809855
-9
-144
47
2046
324
3658
4810880
5
-145
45
1977
298
3623
4811905
26
-105
37
2016
384
3604
4812930
-23
-87
28
2090
226
3581
4813955
34
-20
-39
2360
107
3492
4814980
245
167
-50
2122
252
3011
4816005
331
221
-173
2197
484
2427
4817030
390
390
-191
2339
544
1976
4818055
736
290
-45
1283
-990
6346
4819080
-97
317
-329
2208
2375
6874
4820105
-1493
-504
-170
2519
1337
3078
4821130
-902
-768
430
1328
-2001
2428
4822155
-97
-427
-126
1874
612
2422
4823180
85
-355
-139
2583
968
3028
4824205
156
-86
166
2128
4
3111
4825230
538
146
73
2167
235
3266
4818049
575
149
80
2415
635
3607
4819074
398
114
211
2051
154
3885
4820099
158
31
104
2112
-17
3728
4821124
2
44
29
2189
248
3643
4822149
-128
49
89
2141
403
3528
4823174
-181
38
74
2202
543
3479
4824199
-134
-28
36
2154
355
3716
4825224
-148
14
7
1937
375
3466
4826249
128
-60
-18
2153
-462
3259
4827274
517
282
-2
2092
1015
3588
4828299
-116
72
34
2010
516
3771
4829324
-202
-62
2
2339
149
3764
4830349
-10
-4
56
2124
340
3754
4831374
-33
-65
36
2080
332
3628
4832399
-58
-82
21
2106
283
3515
4833424
-77
-59
12
2080
284
3475
4826240
-106
-43
-2
2135
289
3454
4827265
-98
-34
-14
2180
236
3447
4828290
-35
-15
-17
2182
243
3479
4829315
7
14
-16
2153
298
3453
4830340
10
21
-16
2121
299
3523
4831365
0
18
-19
2153
315
3580
4832390
-10
22
-11
2138
336
3581
4833415
-17
6
-8
2123
289
3596
4834440
-13
12
-5
2133
324
3528
4835465
-21
17
-5
2086
280
3521
4836490
7
13
-14
2132
242
3551
4837515
27
32
-4
2129
322
3546
4838540
7
9
3
2110
278
3633
4839565
-8
-13
0
2137
284
3650
4840590
-14
-22
7
2112
292
3589
4841615
-16
-31
5
2125
293
3550
4834433
-11
-24
5
2116
313
3509
4835458
-7
-21
3
2130
317
3526
4836483
-6
-10
2
2143
304
3516
4837508
1
3
5
2113
285
3519
4838533
4
4
-7
2145
276
3564
4839558
1
4
-11
2143
288
3586
4840583
-8
-2
-12
2133
294
3566
4841608
-13
-5
-16
2134
289
3530
4842633
-4
4
-15
2129
303
3509
4843658
3
11
-14
2112
296
3542
4844683
5
10
-19
2137
297
3587
4845708
11
13
-13
2119
324
3577
4846733
8
4
-11
2114
294
3568
4847758
-4
0
-14
2130
301
3560
4848783
-4
1
-7
2114
292
3541
4849808
3
2
-6
2122
305
3550
4842624
0
1
-2
2130
337
3569
4843649
-9
-5
2
2121
300
3566
4844674
7
2
7
2104
313
3563
4845699
2
6
8
2115
341
3533
4846724
-11
5
6
2119
296
3543
4847749
2
10
9
2111
281
3574
4848774
10
9
10
2124
312
3582
4849799
-1
6
13
2117
304
3543
4850824
-6
7
9
2096
273
3545
4851849
-18
-2
-3
2134
284
3590
4852874
-18
-4
-7
2150
281
3576
4853899
1
2
-4
2115
299
3537
4854924
3
4
-6
2107
334
3533
4855949
-7
0
-9
2108
312
3566
4856974
0
1
-3
2102
312
3585
4857999
0
2
2
2108
323
3573
4850817
-6
-1
4
2119
317
3558
4851842
-10
0
6
2114
314
3549
4852867
-17
-4
0
2120
297
3562
4853892
-12
-2
-2
2121
284
3565
4854917
0
2
1
2106
313
3561
4855942
-11
-4
0
2112
306
3567
4856967
-12
-4
0
2106
283
3565
4857992
-2
0
-2
2097
304
3569
4859017
-15
-3
-6
2115
292
3569
4860042
-10
-6
-10
2121
250
3578
4861067
11
2
-12
2122
314
3547
4862092
-4
-3
-13
2111
310
3576
4863117
-21
-11
-16
2118
288
3577
4864142
-10
-8
-14
2107
297
3564
4865167
-3
-5
-15
2113
320
3570
4866192
-12
-9
-18
2102
302
3564
4859008
-8
-11
-19
2115
308
3575
4860033
-6
-5
-18
2121
303
3548
4861058
12
21
-12
2115
288
3493
4862083
35
61
-8
2104
301
3405
4863108
63
65
-4
2074
223
3449
4864133
111
57
25
2134
367
3621
4865158
36
-2
74
2155
473
3766
4866183
1
-73
93
2134
291
3604
4867208
113
-97
80
2103
323
3646
4868233
91
-123
59
2047
432
3763
4869258
64
-127
76
2011
374
3732
4870283
87
-97
65
2019
320
3612
4871308
37
-89
35
2114
301
3411
4872333
-12
-99
23
2187
157
3464
4873358
115
-71
-29
2406
-135
3510
4874383
437
137
-33
2224
418
3379
4867200
333
218
-92
2120
710
3422
4868225
-111
290
-132
2297
772
2699
4869250
-505
469
-17
1878
407
2094
4870275
456
385
160
1054
-1089
5682
4871300
-266
485
-349
2838
3016
6025
4872325
-1768
-325
151
2211
896
2501
4873350
-744
-748
422
1297
-1992
3300
4874375
366
-371
-30
2401
551
3752
4875400
330
-111
112
2247
453
3326
4876425
122
-146
274
1630
-369
3419
4877450
200
-231
54
2322
426
3588
4878475
-57
-139
-47
2635
538
3152
4879500
-295
-21
78
2159
561
2743
4880525
-291
41
43
2077
49
3079
4881550
50
143
-20
2279
-145
3512
4882575
206
250
27
2089
284
3676
4875392
-16
168
27
2071
295
3861
4876417
-160
87
3
2197
374
3808
4877442
67
-34
57
2073
-320
3810
4878467
362
104
78
2007
392
3763
4879492
-29
70
93
1940
599
3776
4880517
-263
-110
65
2073
0
3710
4881542
-20
-65
53
2170
147
3647
4882567
29
-47
63
2133
313
3584
4883592
-71
-81
67
2103
165
3471
4884617
-83
-59
41
2166
115
3395
4885642
-43
-26
17
2168
136
3487
4886667
-36
-19
-1
2165
106
3536
4887692
-46
-1
-16
2139
59
3500
4888717
-15
13
-13
2122
117
3530
4889742
1
12
-18
2114
169
3604
4890767
-21
9
-36
2127
175
3598
4883584
-21
1
-46
2117
140
3609
4884609
4
-6
-52
2142
162
3616
4885634
-37
7
-70
2130
3
3486
4886659
8
26
-52
2131
126
3474
4887684
59
25
-13
2111
348
3645
4888709
-11
-13
-16
2122
215
3636
4889734
-6
-3
-5
2087
189
3588
4890759
-14
-5
-6
2093
186
3550
4891784
-7
-18
-4
2142
207
3578
4892809
15
-14
12
2133
247
3589
4893834
-3
-15
20
2110
226
3548
4894859
-9
-9
18
2113
178
3520
4895884
1
2
15
2113
150
3542
4896909
14
9
13
2136
171
3567
4897934
11
9
8
2142
177
3590
4898959
1
8
5
2127
162
3573
4891777
-7
6
-1
2115
159
3549
4892802
-8
9
-6
2132
161
3551
4893827
-9
20
-6
2107
163
3542
4894852
-2
23
-10
2115
157
3572
4895877
2
20
-15
2133
155
3625
4896902
-1
15
-9
2104
182
3617
4897927
-5
7
-5
2091
182
3598
4898952
-8
2
-6
2094
173
3581
4899977
2
3
-7
2112
162
3562
4901002
8
4
-13
2116
177
3584
4902027
1
4
-16
2113
190
3586
4903052
-5
2
-9
2113
195
3568
4904077
-2
8
-10
2110
183
3537
4905102
1
11
-13
2094
192
3589
4906127
-8
10
-13
2101
205
3622
4907152
-1
6
-8
2091
193
3623
4899968
5
5
0
2091
196
3592
4900993
-4
-3
1
2097
195
3591
4902018
-11
-9
-2
2114
175
3589
4903043
-2
-3
-1
2111
172
3565
4904068
11
3
-1
2113
184
3559
4905093
10
10
0
2109
194
3546
4906118
14
20
4
2080
209
3542
4907143
13
25
1
2090
201
3590
4908168
-2
24
-2
2102
156
3574
4909193
-9
25
-5
2090
144
3575
4910218
-6
25
-12
2123
210
3611
4911243
-30
20
-13
2109
196
3564
4912268
-10
21
-7
2075
214
3623
4913293
-3
20
-3
2055
224
3628
4914318
-2
13
0
2062
200
3637
4915343
8
6
5
2052
195
3655
4908160
7
-8
7
2071
215
3651
4909185
-5
-21
12
2106
214
3620
4910210
-6
6
24
2060
159
3491
4911235
-19
23
33
2045
84
3451
4912260
57
9
33
2177
155
3587
4913285
111
41
64
2076
197
3597
4914310
79
17
89
2015
137
3679
4915335
85
-83
34
2219
249
3809
4916360
66
-79
52
2023
242
3531
4917385
12
-86
71
1943
202
3394
4918410
33
-120
1
2238
220
3700
4919435
129
-107
3
2154
158
3769
4920460
196
-50
53
1996
318
3612
4921485
63
-51
29
2045
259
3564
4922510
-8
-96
-24
2184
-150
3579
4923535
277
6
-84
2351
-56
3369
4916352
409
224
-115
2147
634
3189
4917377
-184
340
-90
2067
1446
3028
4918402
-824
231
-46
2005
-117
3598
4919427
-143
59
7
1533
-1451
4506
4920452
-22
423
-130
2266
2185
5602
4921477
-1393
-306
-53
2366
695
3461
4922502
-963
-453
57
1627
-1576
2188
4923527
30
-280
-50
2069
-215
3315
4924552
388
-59
-60
2533
528
3086
4925577
369
188
82
1935
-26
2861
4926602
465
99
97
1877
285
3780
4927627
360
-95
19
2377
359
4290
4928652
79
-115
69
2179
142
3806
4929677
-73
-51
94
1972
516
3193
4930702
-371
37
34
2023
332
3117
4931727
-303
66
-4
2063
-370
3658
4924544
23
135
-24
2212
210
3651
4925569
56
78
-7
2134
-194
3757
4926594
360
55
-34
2159
-145
3742
4927619
173
188
79
1900
915
3797
4928644
-355
-68
26
1991
-65
3806
4929669
-110
-66
6
2100
-157
3768
4930694
81
-3
20
2014
296
3708
4931719
-55
-65
7
2078
174
3572
4932744
-88
-59
19
2086
67
3486
4933769
-43
-25
14
2087
90
3475
4934794
-23
-8
1
2113
113
3551
4935819
-22
1
-6
2103
50
3563
4936844
-7
24
-12
2085
65
3549
4937869
-6
22
-16
2091
101
3599
4938894
-11
19
-20
2091
98
3601
4939919
-12
28
-19
2055
104
3586
4932736
-3
20
-20
2048
112
3683
4933761
-8
9
-23
2069
123
3661
4934786
-21
9
-15
2058
131
3570
4935811
-4
4
0
2037
102
3584
4936836
9
-7
6
2055
104
3666
4937861
32
-27
9
2091
138
3738
4938886
38
-36
19
2057
205
3710
4939911
-17
-53
26
2038
169
3614
4940936
-42
-56
21
2066
103
3544
4941961
-6
-40
19
2092
95
3541
4942986
12
-26
16
2110
95
3557
4944011
13
-18
12
2106
81
3582
4945036
10
-11
6
2093
79
3583
4946061
-1
-4
-2
2087
75
3558
4947086
-10
3
-11
2106
70
3545
4948111
-20
9
-14
2095
58
3557
4941171
-2
11
-22
2111
108
3603
4942196
1
12
-19
2080
138
3622
4943221
2
2
-14
2060
145
3632
4944246
0
-3
-13
2068
151
3655
4945271
-11
-6
-13
2065
90
3635
4946296
-5
-4
-6
2071
100
3583
4947321
22
-4
5
2086
166
3617
4948346
-1
-11
8
2086
136
3585
4949371
-4
-10
6
2081
94
3580
4950396
3
-8
0
2089
80
3593
4951421
4
-6
-4
2095
91
3588
4952446
3
-1
-4
2096
117
3590
4953471
-8
0
-6
2083
106
3582
4954496
3
2
-9
2088
118
3596
4955521
8
7
-7
2092
158
3618
4956546
-9
5
0
2059
124
3587
4949119
-10
7
-5
2073
91
3556
4950144
10
16
-10
2100
98
3583
4951169
17
16
-8
2082
118
3637
4952194
11
6
-7
2089
103
3636
4953219
7
3
-13
2084
131
3616
4954244
-4
-3
-14
2054
131
3612
4955269
-10
-4
-16
2067
130
3606
4956294
-5
24
-5
2042
88
3509
4957319
8
65
11
2005
62
3409
4958344
56
45
30
2107
74
3534
4959369
177
-61
23
2231
133
3785
4960394
207
-100
78
2144
431
3944
4961419
20
-132
65
1997
220
3748
4962444
-4
-123
25
1981
24
3490
4963469
99
-57
29
2007
181
3502
4964494
67
-35
20
2073
194
3612
4957312
-8
-37
5
2152
87
3516
4958337
41
-33
-4
2242
-19
3405
4959362
195
85
-35
2246
98
3256
4960387
305
220
-67
2045
200
3154
4961412
684
197
-130
2143
-151
3736
4962437
843
311
-212
2417
842
3869
4963462
-51
226
-118
1551
1061
4492
4964487
-192
-21
-53
1005
-754
6184
4965512
-1798
-173
-468
2726
2038
3511
4966537
-1456
-727
73
2095
-1141
1396
4967562
145
-456
81
1648
-1140
2804
4968587
913
-206
-124
2748
1468
3560
4969612
469
-4
185
2266
665
3493
4970637
68
19
360
1720
-108
3328
4971662
282
-65
203
2146
284
3946
4972687
68
-36
112
2372
755
3365
4965504
-257
35
141
2119
647
2705
4966529
-404
130
82
2052
-35
3208
4967554
-3
154
20
2242
-319
3759
4968579
244
175
-8
2147
-476
3815
4969604
604
128
-84
2254
-329
3834
4970629
341
258
-16
1965
989
3908
4971654
-356
-59
-49
2025
100
3866
4972679
-241
-102
-61
2178
9
3806
4973704
3
-23
-8
1977
381
3733
4974729
-45
-69
-7
1983
365
3596
4975754
-77
-76
4
2059
282
3514
4976779
-52
-51
31
2095
258
3477
4977804
-33
-28
35
2131
212
3472
4978829
-17
-20
24
2161
114
3527
4979854
8
0
13
2177
113
3532
4980879
9
15
1
2151
122
3507
4973695
-4
13
-16
2132
116
3553
4974720
-13
20
-31
2116
132
3557
4975745
-13
33
-35
2080
172
3572
4976770
-6
33
-34
2089
208
3588
4977795
-16
45
-27
2085
257
3533
4978820
-3
44
-20
2067
224
3604
4979845
-12
32
-24
2083
198
3694
4980870
-1
13
-13
2098
176
3651
4981895
46
9
13
2044
268
3689
4982920
2
-22
15
2050
221
3648
4983945
-18
-36
11
2071
169
3607
4984970
-3
-37
12
2091
192
3595
4985995
0
-35
13
2104
173
3549
4987020
5
-21
4
2110
161
3513
4988045
4
-5
-3
2118
177
3515
4989070
-13
-1
-17
2140
134
3544
4981889
-8
8
-24
2135
161
3558
4982914
0
17
-15
2096
229
3572
4983939
-11
14
-19
2089
221
3571
4984964
-7
18
-18
2076
225
3587
4985989
-12
28
-13
2068
207
3586
4987014
2
23
-4
2080
202
3610
4988039
21
17
6
2087
258
3655
4989064
-2
1
13
2065
212
3653
4990089
-10
-6
10
2068
170
3600
4991114
-1
-4
6
2081
173
3575
4992139
-4
-6
2
2097
176
3594
4993164
-2
-3
1
2106
180
3594
4994189
4
5
4
2086
191
3557
4995214
4
11
3
2077
190
3543
4996239
-5
13
-7
2103
170
3579
4997264
-6
15
-15
2107
192
3606
4990079
-3
19
-14
2084
210
3572
4991104
3
21
-13
2070
199
3569
4992129
3
22
-17
2074
185
3588
4993154
9
26
-12
2056
209
3617
4994179
8
24
-9
2054
222
3636
4995204
-1
15
-6
2071
219
3629
4996229
-9
11
-1
2062
225
3603
4997254
-16
5
-4
2070
205
3602
4998279
-12
5
-5
2067
196
3604
4999304
-3
7
-3
2067
204
3607
5000329
-4
4
-3
2071
211
3607
5001354
-7
6
-2
2055
194
3597
5002379
-14
22
-2
2039
179
3542
5003404
-11
22
3
2028
139
3533
5004429
13
6
23
2070
208
3638
5005454
25
-11
46
2134
214
3652
4998272
72
-41
75
2066
179
3630
4999297
127
-62
88
2056
346
3698
5000322
13
-124
54
2109
180
3753
5001347
-18
-126
35
2108
135
3691
5002372
36
-69
51
1998
235
3560
5003397
37
-38
36
1996
265
3584
5004422
-50
-18
31
2075
294
3577
5005447
-93
-17
21
2154
85
3462
5006472
7
46
-22
2230
9
3352
5007497
140
157
-50
2123
81
3119
5008522
311
270
-93
2183
424
3028
5009547
356
371
-173
2356
841
2832
5010572
290
271
-145
1610
-658
5224
5011597
-6
261
-47
1497
671
6891
5012622
-1850
-46
-274
2512
2525
3721
5013647
-1938
-714
199
1499
-1821
1680
5006464
-407
-394
67
1692
-987
2696
5007489
358
-172
-27
2680
979
3199
5008514
266
-49
266
2174
272
3447
5009539
228
54
319
1910
161
3570
5010564
264
-15
270
2158
194
3928
5011589
220
-29
232
2125
88
3573
5012614
206
-2
195
1954
211
3263
5013639
-112
88
80
2162
255
3258
5014664
-374
125
40
2108
-484
3477
5015689
-140
98
-19
2198
-831
3945
5016714
113
133
-46
2284
51
3891
5017739
34
41
-44
2033
-249
3764
5018764
283
8
-101
2079
-62
3598
5019789
186
153
14
1816
814
3659
5020814
-288
-56
-57
1931
-218
3793
5021839
-21
-57
-70
2148
-80
3863
5014655
168
-22
-7
2037
368
3815
5015680
11
-95
23
1981
190
3609
5016705
-41
-96
41
2006
62
3483
5017730
-29
-67
37
2084
34
3508
5018755
-9
-38
29
2133
-1
3524
5019780
29
-13
30
2122
28
3552
5020805
33
-9
16
2135
-21
3563
5021830
16
12
6
2091
-27
3530
5022855
7
21
-1
2035
-25
3559
5023880
1
18
-23
2092
-17
3631
5024905
0
24
-31
2077
24
3652
5025930
3
14
-30
2049
56
3675
5026955
4
-2
-28
2068
116
3686
5027980
-18
-13
-21
2052
115
3634
5029005
-12
-20
-13
2034
78
3604
5030030
-7
-14
-10
2051
77
3596
5022848
8
-17
-4
2067
44
3648
5023873
13
-18
4
2075
54
3638
5024898
7
-22
11
2086
89
3602
5025923
-5
-25
13
2075
75
3581
5026948
-15
-22
6
2088
49
3582
5027973
-9
-21
1
2100
50
3612
5028998
8
-13
5
2089
77
3595
5030023
6
-5
6
2052
68
3567
5031048
-6
-4
3
2077
40
3573
5032073
-5
2
3
2074
29
3608
5033098
-6
-3
-4
2090
26
3656
5034123
-13
-9
-8
2099
31
3645
5035148
-12
-15
-8
2086
53
3603
5036173
-6
-11
-1
2060
83
3570
5037198
-3
-6
3
2056
75
3580
5038223
6
-4
3
2081
82
3629
5031041
6
-3
5
2078
68
3635
5032066
7
-4
5
2079
50
3601
5033091
6
-2
2
2097
46
3600
5034116
8
-1
5
2093
73
3595
5035141
8
3
10
2062
91
3585
5036166
1
-2
5
2083
46
3615
5037191
8
-1
4
2084
60
3636
5038216
5
-5
9
2071
61
3618
5039241
2
-7
10
2081
51
3599
5040266
12
-2
13
2074
57
3594
5041291
15
2
11
2076
75
3583
5042316
-1
3
4
2089
49
3582
5043341
2
2
-1
2101
30
3615
5044366
3
0
-7
2098
47
3628
5045391
-3
-7
-6
2080
51
3631
5046416
0
-6
-2
2066
83
3597
5039231
-6
-4
-3
2065
95
3579
5040256
-14
-5
-4
2071
61
3616
5041281
-5
-4
-4
2075
62
3646
5042306
2
-7
2
2074
58
3635
5043331
11
-8
5
2082
72
3614
5044356
13
-21
8
2053
92
3615
5045381
53
-68
18
2099
61
3618
5046406
151
10
24
2074
82
3640
5047431
113
91
18
1936
-20
3567
5048456
114
-20
-3
2106
42
3618
5049481
116
-103
3
2296
276
3726
5050506
-97
-140
-19
2189
-15
3550
5051531
-285
-120
-57
2158
20
3487
5052556
-373
-65
-48
2052
3
3523
5053581
-300
-25
-71
2002
-181
3495
5054606
-98
33
-84
2075
159
3614
5047424
-185
33
-62
2074
297
3703
5048449
-319
-26
-43
2122
19
3643
5049474
-159
-1
-36
2181
-112
3496
5050499
-4
127
0
2132
95
3409
5051524
-35
211
-11
2130
277
3190
5052549
50
269
-52
2147
365
3027
5053574
-27
297
-80
1797
-177
4192
5054599
-53
13
76
1453
-169
6717
5055624
-1235
-260
-122
2596
1319
4625
5056649
-1041
-731
117
1882
-2046
1361
5057674
431
-442
80
1498
-1308
2227
5058699
719
-99
-101
2899
1183
3166
5059724
255
225
85
2446
233
3392
5060749
142
104
196
1856
-446
3697
5061774
213
-66
87
2208
320
4068
5062799
-106
-98
85
2172
80
3906
5055617
-314
-52
56
1975
-121
3097
5056642
-308
43
-21
2104
-126
3049
5057667
-94
103
-57
2122
-503
3727
5058692
219
126
-44
2209
125
3703
5059717
99
89
-54
2198
-350
3618
5060742
381
64
-90
2214
-524
3518
5061767
486
238
50
1922
702
3635
5062792
-16
53
-12
2051
1
3752
5063817
16
28
-25
2141
-258
3755
5064842
168
65
12
2024
88
3773
5065867
45
-6
-6
2105
94
3734
5066892
-35
-35
10
2061
-44
3625
5067917
-18
-24
20
2036
-46
3572
5068942
-11
-18
3
2091
-20
3588
5069967
2
-7
5
2093
-46
3568
5070992
11
15
8
2083
-12
3523
5063808
-1
20
-6
2131
-40
3559
5064833
-11
29
-16
2109
-75
3566
5065858
12
42
-11
2075
8
3599
5066883
3
34
-21
2077
13
3647
5067908
-9
32
-18
2048
-4
3634
5068933
4
30
-11
2037
20
3656
5069958
5
25
-13
2056
17
3658
5070983
-4
17
-4
2044
10
3654
5072008
-6
6
0
2049
-5
3638
5073033
16
-1
7
2066
25
3680
5074058
6
-12
11
2051
0
3654
5075083
5
-20
14
2044
-13
3642
5076108
-3
-29
8
2080
-16
3645
5077133
-7
-30
12
2073
-14
3612
5078158
-5
-27
15
2066
-7
3571
5079183
11
-16
11
2071
-17
3577
5072000
17
-6
10
2086
-18
3593
5073025
13
2
8
2077
-9
3591
5074050
0
2
1
2078
-34
3593
5075075
4
3
-4
2077
-33
3632
5076100
8
2
-3
2074
7
3638
5077125
-5
-4
-4
2069
14
3623
5078150
-15
-11
-3
2063
-10
3635
5079175
-5
-12
-1
2057
-10
3641
5080200
9
-10
5
2056
3
3648
5081225
5
-13
12
2061
8
3619
5082250
0
-17
11
2078
4
3616
5083275
-2
-18
10
2099
9
3624
5084300
1
-21
12
2080
-3
3607
5085325
8
-18
12
2068
-7
3592
5086350
9
-15
10
2078
-17
3607
5087375
13
-12
11
2076
-14
3599
5080327
15
-9
14
2070
0
3602
5081352
7
-10
11
2095
-8
3608
5082377
5
-6
13
2082
-17
3593
5083402
2
-5
9
2081
9
3604
5084427
-8
-8
2
2087
1
3625
5085452
-1
-7
3
2083
2
3618
5086477
5
-7
7
2064
8
3619
5087502
4
-9
5
2073
4
3637
5088527
3
-15
6
2074
2
3649
5089552
-1
-21
10
2070
1
3624
5090577
-8
-21
9
2082
-4
3566
5091602
31
-12
32
2022
-45
3415
5092627
157
-3
88
2004
46
3605
5093652
133
-26
67
2102
53
3835
5094677
90
-148
4
2327
-159
3723
5095702
115
-124
3
2221
108
3478
5088385
27
-79
46
2003
147
3479
5089410
-158
-94
-21
2040
-228
3694
5090435
-87
-71
-59
2176
-188
3714
5091460
59
-19
-100
2299
-145
3523
5092485
285
115
-123
2073
-29
3239
5093510
660
154
-213
2163
109
3119
5094535
243
453
-115
2140
953
2741
5095560
-301
244
-74
1704
-903
4247
5096585
265
65
-186
1958
-94
6412
5097610
-577
51
-77
2434
2353
4453
5098635
-1054
-522
129
1614
-826
2055
5099660
-342
-378
91
1519
-755
2559
5100685
151
-237
-48
2622
477
3300
5101710
426
-23
86
2310
-12
3393
5102735
569
164
140
1880
20
3394
5103760
386
-35
130
2239
124
3845
5096577
210
-134
83
2300
25
4167
5097602
-121
-88
13
2194
191
3431
5098627
-411
-18
60
2158
534
2777
5099652
-294
48
43
1904
-231
3256
5100677
99
97
-16
2142
-45
3586
5101702
128
166
-39
2247
-53
3718
5102727
209
104
-78
2200
-262
3771
5103752
196
204
68
1936
716
3772
5104777
-197
9
24
2016
18
3836
5105802
-126
-35
9
2093
-242
3790
5106827
75
-6
40
2028
144
3767
5107852
18
-63
14
2088
155
3714
5108877
-46
-83
22
2078
56
3570
5109902
-46
-72
30
2088
75
3506
5110927
-59
-57
14
2136
23
3492
5111952
-27
-29
17
2104
-17
3492
5104767
14
1
8
2138
41
3512
5105792
10
13
-4
2154
41
3556
5106817
2
21
-4
2109
7
3559
5107842
-12
32
-15
2107
14
3536
5108867
-9
36
-24
2107
5
3602
5109892
10
30
-23
2093
39
3677
5110917
-2
16
-26
2089
72
3647
5111942
-10
7
-23
2069
59
3617
5112967
11
-5
-13
2051
91
3680
5113992
-5
-21
-10
2097
113
3647
5115017
-2
-29
1
2099
112
3625
5116042
1
-34
13
2075
87
3607
5117067
2
-39
15
2088
76
3588
5118092
7
-34
16
2109
52
3571
5119117
4
-22
19
2106
30
3535
5120142
-6
-18
9
2131
30
3542
5112960
-5
-13
2
2149
46
3563
5113985
-6
-8
1
2130
45
3562
5115010
-6
-5
-6
2118
38
3560
5116035
2
3
-12
2106
40
3585
5117060
4
8
-11
2086
56
3593
5118085
3
10
-9
2106
87
3601
5119110
-13
13
1
2091
57
3585
5120135
-3
5
-1
2108
49
3597
5121160
1
7
-3
2111
91
3609
5122185
-18
-3
-4
2100
56
3604
5123210
-10
-5
-5
2109
55
3602
5124235
-8
-6
-1
2098
61
3584
5125260
-5
-3
2
2098
76
3581
5126285
-7
-1
2
2100
66
3570
5127310
-8
4
3
2112
64
3575
5128335
-7
8
2
2109
62
3588
5121152
-5
8
3
2105
64
3594
5122177
-4
8
3
2109
56
3598
5123202
-5
8
4
2107
53
3592
5124227
-5
6
4
2086
47
3599
5125252
-3
4
4
2092
66
3615
5126277
-6
2
2
2089
48
3608
5127302
-6
2
1
2089
46
3598
5128327
-4
1
-1
2098
76
3610
5129352
-8
-1
-3
2104
51
3602
5130377
-4
1
-2
2088
61
3583
5131402
-3
0
-3
2099
62
3607
5132427
-2
-1
-2
2105
77
3609
5133452
-2
1
2
2082
86
3589
5134477
-14
-4
0
2079
51
3597
5135502
-10
-5
-4
2087
31
3619
5136527
-6
-1
0
2085
42
3605
5129343
-17
1
6
2103
34
3590
5130368
-20
22
5
2104
-25
3504
5131393
15
72
6
2040
-52
3453
5132418
58
40
9
2083
42
3550
5133443
126
-45
48
2182
188
3767
5134468
123
-93
70
2186
174
3827
5135493
83
-104
52
2058
108
3662
5136518
52
-96
36
2008
93
3529
5137543
38
-72
38
2047
96
3553
5138568
20
-46
34
2088
81
3575
5139593
-12
-51
28
2162
109
3607
5140618
5
-43
26
2237
18
3591
5141643
62
70
-1
2195
58
3421
5142668
-34
202
-5
2019
10
3318
5143693
29
185
-15
2088
102
3629
5144718
185
222
-32
2356
749
3287
5137536
-585
433
19
2039
955
2841
5138561
-371
-55
131
1121
-2149
5975
5139586
-625
154
-183
2680
1708
5607
5140611
-1118
-390
51
2112
-201
2352
5141636
-342
-505
147
1197
-1797
2102
5142661
347
-296
-108
2526
278
3220
5143686
395
-104
20
2652
288
3537
5144711
360
77
126
1868
-53
3615
5145736
233
-41
93
2144
132
3706
5146761
65
-93
93
2188
48
3837
5147786
-168
-61
55
2037
-76
3368
5148811
-205
-3
7
2119
94
3051
5149836
-198
70
-37
2184
-128
3325
5150861
-18
98
-29
2200
-435
3588
5151886
213
148
-25
2234
-52
3699
5152911
117
120
-12
2085
-12
3823
5145728
-26
40
-9
2008
74
3858
5146753
-107
-23
-2
2020
-20
3783
5147778
203
-124
-31
2134
-594
3757
5148803
379
86
59
2004
655
3634
5149828
-148
-58
67
2005
193
3669
5150853
-241
-131
-5
2235
-446
3535
5151878
69
-13
30
2157
-23
3520
5152903
36
-22
27
2126
26
3518
5153928
-36
-30
10
2147
-156
3488
5154953
10
12
1
2123
-117
3495
5155978
14
24
-18
2154
-47
3554
5157003
-20
22
-26
2142
-78
3574
5158028
-16
22
-28
2107
-81
3605
5159053
6
18
-37
2121
-46
3630
5160078
-3
25
-35
2090
18
3608
5161103
-28
23
-25
2058
-20
3531
5153919
11
25
-28
2101
-44
3606
5154944
24
24
-26
2128
0
3686
5155969
-3
3
-10
2096
-33
3632
5156994
5
-13
-8
2117
-29
3630
5158019
1
-16
0
2095
-16
3592
5159044
4
-20
11
2091
3
3607
5160069
-2
-24
12
2107
3
3608
5161094
0
-19
18
2089
-34
3570
5162119
10
-11
16
2123
-16
3573
5163144
2
-9
17
2115
-49
3572
5164169
12
-8
16
2116
-61
3574
5165194
8
-3
5
2131
-59
3583
5166219
3
-4
-3
2122
-69
3596
5167244
-1
0
-7
2104
-55
3566
5168269
-7
-1
-14
2117
-47
3592
5169294
1
-2
-14
2127
-35
3620
5162112
1
2
-11
2112
26
3580
5163137
-19
0
-10
2096
-19
3554
5164162
-1
3
-7
2093
-35
3592
5165187
20
6
-2
2100
-5
3630
5166212
11
2
1
2110
-25
3614
5167237
3
-2
4
2110
-20
3587
5168262
-2
-6
1
2128
-9
3594
5169287
-8
-10
0
2133
-32
3601
5170312
0
-6
-2
2113
-50
3578
5171337
14
2
1
2115
-15
3571
5172362
18
7
2
2095
-19
3586
5173387
15
7
2
2098
-22
3609
5174412
0
4
1
2114
-27
3601
5175437
1
3
-1
2121
-41
3585
5176462
6
10
-5
2113
-23
3571
5177487
-2
8
-10
2114
-35
3587
5170304
4
7
-9
2107
-23
3601
5171329
7
6
-6
2100
-8
3618
5172354
6
2
-6
2087
-9
3630
5173379
6
-4
-3
2085
18
3624
5174404
1
-8
-3
2106
16
3609
5175429
-1
12
3
2096
1
3533
5176454
-16
32
18
2058
-82
3485
5177479
37
8
10
2140
-96
3576
5178504
132
7
48
2095
41
3629
5179529
137
-52
79
2083
28
3712
5180554
128
-106
35
2213
68
3763
5181579
85
-96
27
2085
-31
3608
5182604
31
-80
6
2085
-43
3461
5183629
7
-29
10
2125
72
3478
5184654
-59
-9
21
2080
-55
3469
5185679
-15
44
20
2157
-71
3479
5178497
65
109
5
2150
-162
3691
5179522
197
94
-38
2268
-338
3581
5180547
462
305
22
2017
609
3336
5181572
142
321
108
1857
821
2932
5182597
-307
351
-116
2308
-181
2728
5183622
204
223
-77
1674
-1572
6087
5184647
-403
84
-25
1916
1424
7099
5185672
-1323
-508
-228
2693
196
2591
5186697
-460
-504
-36
1020
-1360
1351
5187722
-77
-231
-159
2116
307
2718
5188747
161
-176
-85
2766
213
3010
5189772
627
125
117
2029
354
3273
5190797
587
206
191
1975
666
3842
5191822
233
57
164
2184
183
4213
5192847
-15
-25
165
1993
-206
4024
5193872
-82
-42
140
1886
-121
3519
5186688
-134
13
43
2047
102
3414
5187713
-250
58
3
2098
-253
3564
5188738
-153
51
-15
2184
-445
3745
5189763
11
82
-49
2306
115
3542
5190788
116
-6
-73
2100
-608
3628
5191813
299
96
-45
2025
323
3625
5192838
-84
85
25
1934
578
3774
5193863
-381
-84
-45
2063
-440
3772
5194888
-6
-10
-27
2075
-18
3699
5195913
66
-4
11
2012
249
3666
5196938
-67
-55
19
2014
-43
3570
5197963
-35
-23
23
2059
-50
3543
5198988
-13
-6
14
2103
-35
3586
5200013
-8
-5
10
2094
-76
3610
5201038
-13
4
2
2108
-89
3578
5202063
-4
11
-7
2105
-77
3597
5194879
7
12
-13
2066
-67
3610
5195904
-15
18
-19
2067
-34
3599
5196929
-17
16
-29
2059
-70
3647
5197954
11
23
-23
2048
-2
3635
5198979
-4
28
-19
2050
52
3587
5200004
-19
21
-18
2050
-20
3629
5201029
2
17
-15
2046
-37
3678
5202054
4
17
-11
2045
-34
3657
5203079
6
8
0
2035
-54
3658
5204104
14
-2
1
2044
-10
3661
5205129
-9
-15
0
2073
12
3665
5206154
-35
-24
0
2061
-43
3614
5207179
-9
-17
-5
2043
-42
3585
5208204
17
-6
-9
2072
1
3612
5209229
10
-4
-4
2068
-11
3617
5210254
11
-2
3
2049
-3
3610
5203072
6
-2
5
2060
4
3623
5204097
-8
0
7
2055
-35
3606
5205122
-5
1
5
2055
-43
3608
5206147
0
3
0
2060
-27
3643
5207172
0
1
-1
2057
-23
3642
5208197
-3
-1
0
2043
-28
3627
5209222
-8
-2
-2
2039
-49
3626
5210247
-4
-4
-6
2053
-40
3654
5211272
1
-6
-5
2061
-18
3649
5212297
1
-9
-4
2065
-3
3624
5213322
-5
-15
0
2048
-18
3630
5214347
3
-18
-2
2050
-15
3620
5215372
9
-12
5
2058
5
3617
5216397
1
-13
8
2055
-19
3618
5217422
4
-12
8
2064
-17
3619
5218447
-1
-13
6
2070
-25
3620
5211264
-2
-14
6
2063
-33
3624
5212289
5
-14
6
2066
-12
3623
5213314
4
-12
5
2063
-7
3600
5214339
2
-10
3
2052
-45
3589
5215364
7
-7
-3
2071
-33
3625
5216389
13
-1
-2
2072
-14
3627
5217414
6
-5
-6
2054
-36
3612
5218439
3
-4
-12
2059
-23
3624
5219464
2
-5
-14
2054
-17
3637
5220489
10
-8
-12
2056
-30
3630
5221514
16
-5
-8
2069
1
3630
5222539
10
-10
-5
2062
21
3633
5223564
-1
-18
-5
2058
19
3638
5224589
-4
-22
-7
2073
-8
3631
5225614
9
-21
-5
2062
-10
3624
5226639
21
-21
-4
2061
-7
3633
5219484
20
-17
-2
2070
-5
3638
5220509
36
3
7
2057
-16
3615
5221534
56
39
6
2054
-42
3525
5222559
66
48
12
2015
-116
3505
5223584
124
0
23
2105
-45
3645
5224609
120
-78
20
2171
92
3777
5225634
76
-125
18
2130
82
3712
5226659
80
-162
15
2045
37
3623
5227684
98
-140
-17
2025
26
3668
5228709
76
-103
-33
2013
-2
3672
5229734
152
-121
-92
2335
-325
3541
5230759
449
135
-144
2203
2
3292
5231784
552
244
-125
1847
552
2970
5232809
77
314
-181
2187
972
2682
5233834
26
70
-237
1795
-1049
5755
5234859
-172
60
-105
2109
1032
5762
5227657
-890
-296
-138
2436
1025
3530
5228682
-633
-607
-33
1400
-1691
1946
5229707
87
-205
-155
1951
-162
2547
5230732
263
-56
-196
2621
487
3028
5231757
368
-44
13
2212
407
3196
5232782
521
52
130
2146
706
3548
5233807
337
120
167
2133
610
3922
5234832
153
12
230
1897
208
4032
5235857
83
-110
188
1964
85
3925
5236882
-50
-153
85
2163
156
3805
5237907
-261
-121
56
2161
15
3459
5238932
-227
-116
44
2178
-161
3430
5239957
103
-73
-3
2368
134
3245
5240982
45
71
-8
2088
-179
3184
5242007
184
121
-73
2188
18
3312
5243032
221
224
51
2192
892
3577
5235841
-83
67
36
2179
221
3714
5236866
6
46
54
2176
163
3866
5237891
41
27
60
2077
200
3912
5238916
-33
-31
49
1965
75
3744
5239941
-64
-47
38
1997
74
3539
5240966
-60
-48
14
2124
93
3487
5241991
-41
-42
5
2188
130
3516
5243016
-30
-36
6
2201
163
3524
5244041
-24
-24
-1
2187
150
3494
5245066
-29
9
-9
2126
130
3402
5246091
-15
29
-17
2119
95
3472
5247116
5
28
-33
2193
114
3596
5248141
-8
24
-24
2148
139
3626
5249166
6
16
-10
2092
190
3638
5250191
-9
0
-15
2092
176
3614
5251216
-14
-3
-7
2085
169
3571
5244031
-2
-6
3
2099
173
3587
5245056
-2
-10
4
2139
166
3579
5246081
6
-10
15
2132
151
3550
5247106
12
-10
15
2134
123
3554
5248131
3
-9
4
2140
101
3564
5249156
4
-6
-1
2140
114
3542
5250181
-3
-3
-6
2153
144
3532
5251206
-15
-1
-13
2143
134
3536
5252231
-15
9
-21
2130
135
3540
5253256
-13
14
-21
2124
163
3563
5254281
-10
17
-19
2127
201
3578
5255306
-18
17
-17
2106
182
3576
5256331
-17
13
-14
2100
161
3608
5257356
-10
13
-9
2097
182
3629
5258381
-19
8
-1
2109
144
3588
5259406
-9
3
3
2128
153
3575
5252224
-7
0
4
2131
153
3578
5253249
-17
-4
-2
2137
143
3575
5254274
-13
-5
-5
2132
138
3569
5255299
-9
-2
-7
2124
126
3575
5256324
1
0
-7
2115
157
3573
5257349
5
2
-5
2106
163
3576
5258374
-2
3
0
2107
146
3576
5259399
-4
7
3
2123
152
3560
5260424
-8
10
-1
2125
137
3554
5261449
-5
11
-5
2126
136
3561
5262474
-5
16
-10
2116
158
3561
5263499
-12
16
-15
2118
143
3568
5264524
-10
22
-14
2095
147
3574
5265549
-10
23
-15
2105
163
3597
5266574
-13
23
-16
2105
154
3603
5267599
-9
22
-13
2086
174
3595
5260416
-15
17
-10
2089
179
3599
5261441
-13
13
-6
2099
164
3601
5262466
0
15
2
2089
175
3609
5263491
-4
9
4
2096
157
3597
5264516
-1
7
1
2106
141
3574
5265541
6
22
8
2105
158
3551
5266566
26
45
5
2095
126
3567
5267591
38
62
18
2074
195
3567
5268616
-14
56
34
2050
77
3506
5269641
-13
12
37
2111
39
3542
5270666
86
-12
22
2210
198
3661
5271691
120
-24
52
2082
268
3749
5272716
95
-68
45
1994
222
3744
5273741
33
-79
31
2000
276
3713
5274766
-53
-79
24
2017
172
3592
5275791
-38
-38
26
2105
90
3477
5268608
21
4
34
2121
146
3409
5269633
-62
55
-2
2165
1
3228
5270658
-101
196
-81
2278
-155
3149
5271683
149
316
-85
2188
-13
3035
5272708
470
418
-68
2404
668
3178
5273733
429
400
3
1999
418
4437
5274758
-467
270
49
1389
1092
6742
5275783
-2572
-140
0
1800
1488
5279
5276808
-2468
-713
-7
1977
-1461
1915
5277833
-568
-441
23
1448
-1196
2117
5278858
373
-297
28
2299
-37
3020
5279883
662
-68
121
2446
1
3180
5280908
664
200
196
1994
125
3224
5281933
431
179
159
2060
15
3502
5282958
397
27
112
2203
-211
4149
5283983
240
-15
34
2264
-119
3848
5276800
-25
11
19
2020
136
3485
5277825
-273
29
-21
2007
-102
3537
5278850
-142
34
-56
2027
-248
3496
5279875
181
14
-111
2070
-804
3839
5280900
498
77
-133
2178
77
3854
5281925
164
118
38
1897
870
3804
5282950
-325
-91
-23
2003
-149
3859
5283975
-100
-74
-5
2059
-99
3812
5285000
53
-57
38
1964
128
3668
5286025
0
-95
27
2046
11
3564
5287050
13
-75
30
2108
-29
3469
5288075
10
-38
31
2123
-18
3432
5289100
-6
-32
24
2148
-60
3515
5290125
0
-14
14
2131
-100
3509
5291150
28
8
4
2091
-92
3562
5292175
28
20
-18
2094
-63
3603
5284991
-5
30
-33
2083
-33
3597
5286016
-22
30
-36
2060
-30
3630
5287041
-4
23
-35
2058
-20
3674
5288066
-6
20
-23
2039
17
3663
5289091
-19
10
-18
2018
-4
3644
5290116
4
2
-15
2053
13
3661
5291141
11
-5
-7
2068
51
3664
5292166
7
-20
2
2065
18
3657
5293191
11
-28
6
2067
3
3635
5294216
15
-27
8
2073
10
3595
5295241
11
-25
11
2060
-20
3593
5296266
5
-19
7
2076
-61
3583
5297291
12
-8
3
2090
-29
3571
5298316
11
1
4
2078
-7
3578
5299341
-2
2
-4
2089
-1
3611
5300366
-3
-1
-7
2087
8
3634
5293277
1
2
-3
2060
16
3607
5294302
-3
-1
3
2053
34
3632
5295327
-6
-10
-2
2065
-44
3637
5296352
17
-3
4
2065
4
3622
5297377
5
-10
4
2073
5
3620
5298402
-9
-10
4
2069
-23
3602
5299427
1
-8
4
2066
-26
3603
5300452
2
-8
2
2088
-19
3618
5301477
2
-6
2
2083
-23
3612
5302502
10
-2
3
2072
4
3600
5303527
-4
0
1
2064
9
3582
5304552
-14
1
-4
2081
-32
3595
5305577
2
10
-4
2090
-13
3606
5306602
16
11
1
2078
28
3612
5307627
11
8
1
2064
25
3617
5308652
-1
6
0
2062
1
3618
5301377
-2
6
-1
2061
-12
3630
5302402
7
4
3
2055
7
3655
5303427
4
0
7
2067
34
3625
5304452
-11
-7
7
2061
-2
3609
5305477
-11
-9
3
2066
-33
3620
5306502
6
-4
3
2059
-6
3624
5307527
6
-4
7
2066
6
3607
5308552
0
-2
5
2086
-11
3595
5309577
2
0
3
2083
-5
3604
5310602
-1
-1
1
2086
2
3617
5311627
-1
-3
-3
2077
-9
3624
5312652
6
0
-3
2066
9
3627
5313677
-6
12
4
2036
8
3597
5314702
-22
-4
13
2039
-84
3603
5315727
27
14
34
2073
30
3616
5316752
40
20
71
2004
-32
3510
5309568
129
-48
74
2163
34
3603
5310593
174
-58
76
2176
69
3730
5311618
104
-74
46
2083
-24
3654
5312643
65
-71
65
2038
211
3539
5313668
4
-87
61
1991
76
3728
5314693
5
-46
19
2034
-94
3792
5315718
36
-34
-7
2144
-155
3662
5316743
120
65
-49
2247
-9
3331
5317768
230
236
-13
1916
325
3180
5318793
-184
182
-165
2060
-94
3240
5319818
-379
194
-247
2572
12
3036
5320843
190
35
-198
1699
-1148
6308
5321868
-455
11
-190
1690
1323
6241
5322893
-1585
-465
-268
2567
862
2003
5323918
-801
-533
6
1265
-2024
1461
5324943
58
-176
-105
2082
136
2742
5317760
585
-50
-87
2827
666
3266
5318785
700
156
211
1978
175
3586
5319810
725
96
257
1934
181
4049
5320835
672
-77
195
2284
-58
4196
5321860
454
-51
189
1850
-32
3959
5322885
-10
-120
124
1997
371
3520
5323910
-415
-67
31
2358
295
3116
5324935
-362
9
41
2091
-331
3289
5325960
47
79
-3
2189
-81
3218
5326985
286
56
-103
2298
-756
3764
5328010
381
178
-53
2176
379
3719
5329035
-59
130
36
1952
520
3728
5330060
-403
-36
-73
2153
-251
3752
5331085
-103
-7
-28
2100
-62
3703
5332110
77
-3
13
2047
272
3717
5333135
1
-37
16
2045
179
3646
5325953
-27
-34
28
1997
8
3549
5326978
-3
-19
20
2094
26
3547
5328003
-6
-8
25
2137
19
3568
5329028
-9
-4
33
2123
-22
3549
5330053
-9
8
12
2167
-20
3538
5331078
-4
16
-3
2145
-49
3566
5332103
5
24
-11
2122
-18
3540
5333128
-2
33
-24
2114
13
3550
5334153
-4
25
-31
2103
-6
3630
5335178
1
26
-34
2089
41
3632
5336203
-13
20
-36
2073
60
3635
5337228
-3
12
-30
2082
68
3653
5338253
7
11
-22
2069
90
3612
5339278
10
4
-14
2077
67
3611
5340303
9
3
-7
2083
37
3611
5341328
12
-3
2
2081
27
3620
5334143
20
-9
6
2100
49
3636
5335168
12
-12
9
2076
25
3607
5336193
4
-18
6
2087
18
3601
5337218
5
-17
2
2112
38
3595
5338243
10
-10
6
2087
33
3561
5339268
19
-9
2
2091
46
3588
5340293
15
-5
-3
2121
56
3585
5341318
8
3
5
2074
52
3568
5342343
12
1
7
2058
45
3617
5343368
21
0
-6
2102
80
3646
5344393
12
4
-4
2089
129
3607
5345418
-28
-7
1
2079
100
3581
5346443
-35
-6
13
2073
31
3568
5347468
-3
12
27
2087
17
3558
5348493
11
23
28
2085
20
3588
5349518
7
19
18
2112
32
3635
5342336
-15
10
11
2110
26
3628
5343361
-16
1
7
2105
9
3616
5344386
5
4
4
2090
34
3602
5345411
8
6
4
2063
41
3585
5346436
0
8
5
2054
32
3591
5347461
0
13
6
2075
30
3617
5348486
4
18
10
2073
8
3611
5349511
9
18
6
2095
29
3606
5350536
-3
19
-1
2092
41
3590
5351561
-19
13
-7
2095
15
3597
5352586
-11
15
-10
2089
35
3611
5353611
1
21
-12
2070
65
3623
5354636
-8
14
-19
2068
67
3637
5355661
-25
8
-22
2079
81
3610
5356686
-25
7
-14
2065
75
3593
5357711
-6
8
-3
2055
84
3622
5350528
10
8
7
2055
73
3648
5351553
6
4
14
2048
43
3637
5352578
4
5
20
2043
42
3621
5353603
-9
0
14
2065
9
3613
5354628
-7
3
8
2075
-2
3601
5355653
-3
10
5
2076
22
3586
5356678
-6
10
-1
2080
25
3610
5357703
2
12
-4
2072
26
3619
5358728
4
13
-8
2062
42
3619
5359753
-5
9
-16
2055
43
3629
5360778
-6
7
-17
2056
49
3650
5361803
1
7
-9
2052
77
3637
5362828
-1
9
-5
2047
99
3601
5363853
-10
4
-3
2038
63
3620
5364878
-10
2
-2
2043
41
3652
5365903
2
4
3
2048
37
3652
5358720
8
7
9
2040
42
3618
5359745
-2
2
6
2051
35
3607
5360770
-15
-6
-1
2078
33
3637
5361795
-15
-6
-3
2077
27
3612
5362820
-2
0
-6
2058
30
3610
5363845
6
1
-8
2059
53
3637
5364870
2
-1
-8
2045
58
3636
5365895
-1
-4
-5
2032
51
3634
5366920
-4
-5
-3
2048
37
3616
5367945
-5
-1
-5
2073
33
3606
5368970
0
4
-7
2076
66
3601
5369995
-3
7
-8
2058
56
3612
5371020
0
9
-8
2044
46
3630
5372045
3
8
-4
2033
46
3644
5373070
6
3
-3
2033
48
3658
5374095
1
2
-2
2040
70
3645
5366912
-9
-4
-2
2037
62
3634
5367937
-6
-9
-2
2057
49
3638
5368962
5
-7
1
2058
68
3633
5369987
6
-8
6
2040
79
3628
5371012
-4
-13
8
2043
56
3628
5372037
-8
-13
7
2048
23
3631
5373062
4
-10
9
2044
45
3633
5374087
1
-11
8
2050
44
3620
5375112
-6
-11
4
2061
33
3612
5376137
-8
-11
1
2053
40
3612
5377162
-11
-10
-3
2071
43
3609
5378187
-7
-6
-6
2061
46
3612
5379212
-2
-2
-7
2052
46
3592
5380237
-1
2
-11
2054
41
3611
5381262
1
3
-12
2050
29
3661
5382287
8
3
-12
2049
70
3644
5375104
-11
-4
-12
2049
81
3626
5376129
-25
-14
-16
2052
34
3650
5377154
-5
-10
-7
2040
48
3644
5378179
4
-11
0
2050
69
3631
5379204
2
-14
4
2050
79
3631
5380229
-5
-15
6
2050
77
3618
5381254
-13
-20
1
2069
56
3612
5382279
-5
-17
0
2066
43
3604
5383304
8
-11
2
2054
48
3602
5384329
6
-9
0
2062
55
3617
5385354
0
-8
6
2048
36
3608
5386379
-4
-6
3
2062
28
3597
5387404
-4
-2
1
2077
35
3596
5388429
-9
2
-2
2071
39
3588
5389454
-12
6
-8
2076
48
3613
5390479
-12
8
-11
2062
57
3614
5383297
-10
10
-9
2050
54
3606
5384322
-7
11
-7
2045
54
3621
5385347
-6
11
-4
2045
63
3635
5386372
-6
9
-6
2042
48
3636
5387397
-4
9
-4
2043
68
3621
5388422
-7
7
-4
2048
53
3626
5389447
-2
6
-5
2052
49
3643
5390472
-3
4
-1
2038
58
3634
5391497
-5
3
-2
2044
60
3625
5392522
-4
3
0
2047
60
3626
5393547
-5
3
3
2048
68
3623
5394572
-7
4
2
2046
61
3627
5395597
-3
6
2
2045
42
3634
5396622
0
5
2
2046
54
3642
5397647
-3
1
1
2050
51
3632
5398672
0
0
2
2043
43
3626
5391489
2
1
-1
2034
46
3631
5392514
3
1
-2
2042
56
3646
5393539
-1
1
-2
2041
68
3636
5394564
-6
-2
-2
2040
64
3626
5395589
-5
-3
-4
2047
62
3635
5396614
1
-3
2
2031
59
3648
5397639
8
-4
8
2035
64
3645
5398664
4
-8
8
2048
64
3638
5399689
-3
-12
9
2047
61
3635
5400714
-6
-14
5
2061
53
3627
5401739
3
-13
4
2064
43
3627
5402764
16
-8
8
2033
65
3620
5403789
10
-11
5
2037
63
3622
5404814
2
-14
3
2048
32
3636
5405839
11
-9
8
2040
56
3626
5406864
2
-11
6
2059
78
3617
5399680
-10
-12
5
2061
59
3613
5400705
-1
-11
5
2044
56
3622
5401730
-1
-11
1
2060
80
3627
5402755
0
-10
4
2043
58
3620
5403780
8
-6
7
2032
64
3617
5404805
2
-7
5
2057
59
3629
5405830
1
-9
3
2059
43
3628
5406855
8
-6
6
2048
60
3613
5407880
3
-7
4
2063
69
3617
5408905
-3
-6
2
2062
57
3621
5409930
-4
-4
6
2045
57
3606
5410955
3
-1
5
2055
57
3607
5411980
-3
2
11
2045
84
3637
5413005
-14
-8
1
2060
-1
3628
5414030
22
8
6
2056
103
3635
5415055
-7
-3
6
2032
56
3623
5407873
-11
-9
-1
2065
27
3625
5408898
11
1
1
2057
76
3618
5409923
1
-2
-1
2049
63
3616
5410948
-1
-4
-1
2050
52
3638
5411973
8
0
2
2049
79
3623
5412998
5
1
1
2047
96
3613
5414023
-9
-4
1
2039
61
3630
5415048
-1
-4
0
2048
53
3642
5416073
7
-1
3
2050
54
3634
5417098
2
-3
5
2044
54
3627
5418123
-5
-10
4
2053
70
3627
5419148
-13
-15
4
2070
73
3640
5420173
-5
-14
5
2054
63
3616
5421198
10
-10
6
2030
82
3604
5422223
5
-13
4
2062
72
3627
5423248
4
-11
6
2055
42
3641
5416064
13
-7
10
2034
62
3627
5417089
5
-9
10
2055
81
3625
5418114
-9
-14
9
2068
50
3619
5419139
-3
-11
5
2069
70
3620
5420164
-3
-11
3
2057
76
3617
5421189
-6
-12
3
2052
69
3608
5422214
1
-9
7
2058
70
3617
5423239
2
-9
7
2060
72
3628
5424264
1
-9
8
2048
66
3632
5425289
0
-11
6
2060
62
3619
5426314
-1
-12
4
2074
60
3616
5427339
0
-13
4
2067
58
3622
5428364
0
-12
5
2060
65
3603
5429389
-1
-10
5
2066
71
3606
5430414
-1
-9
5
2067
65
3610
5431439
1
-6
6
2062
64
3606
5424255
2
-3
5
2064
64
3614
5425280
3
-3
5
2064
73
3621
5426305
-1
-4
4
2063
60
3614
5427330
0
-2
2
2066
66
3613
5428355
0
-2
1
2064
68
3609
5429380
0
-5
0
2072
64
3615
5430405
5
-3
2
2055
67
3631
5431430
2
-3
2
2059
103
3612
5432455
-11
-8
4
2061
83
3614
5433480
-11
-8
4
2050
40
3624
5434505
8
-4
4
2058
66
3627
5435530
6
-4
9
2062
69
3616
5436555
-2
-8
8
2070
51
3607
5437580
-4
-9
6
2080
72
3612
5438605
-10
-10
5
2073
67
3614
5439630
