Device = VHR-0009
time_stamp = 1780041463898
sample_rate = 50
Data format = INT16
TYPE = 6-AXIS IMU RAW DATA
22
-6
13
147
-708
4214
1459593
5
-6
10
156
-688
4202
1460618
-11
-4
5
152
-713
4216
1461643
3
-4
9
139
-729
4213
1462668
12
-6
13
153
-721
4189
1463693
6
-4
14
145
-706
4215
1464718
-11
-5
10
144
-706
4205
1465743
-13
-5
5
162
-726
4199
1466768
-9
-3
-2
145
-731
4214
1467793
1
-4
-4
144
-737
4207
1468818
10
-4
-3
144
-718
4201
1469843
-1
-3
-4
152
-708
4206
1470868
-5
-3
1
151
-726
4204
1471893
-2
-5
6
150
-751
4204
1472918
3
-3
4
144
-728
4207
1473943
11
-4
2
151
-708
4213
1474968
6
-5
-1
150
-710
4214
1467520
1
-4
-2
146
-720
4206
1468545
1
-5
-4
148
-741
4204
1469570
11
-4
-10
151
-729
4214
1470595
17
-3
-11
146
-695
4201
1471620
14
-5
-6
141
-701
4204
1472645
13
-5
-1
145
-695
4210
1473670
6
-4
4
157
-684
4213
1474695
-7
-5
4
164
-698
4202
1475720
-20
-3
0
150
-729
4208
1476745
-11
-3
-6
145
-729
4216
1477770
1
-4
-4
154
-695
4213
1478795
1
-4
-3
149
-678
4212
1479820
-13
-4
-2
150
-710
4214
1480845
-11
-5
3
151
-730
4203
1481870
-2
-4
5
146
-699
4210
1482895
-4
-4
6
153
-704
4215
1475712
-5
-3
7
149
-704
4214
1476737
-8
-4
7
143
-701
4210
1477762
-11
-3
10
150
-706
4210
1478787
-16
-4
15
151
-717
4208
1479812
-13
-5
13
151
-716
4209
1480837
-9
-5
10
146
-729
4203
1481862
0
-5
7
145
-723
4207
1482887
3
-5
6
146
-711
4208
1483912
-2
-4
6
146
-710
4210
1484937
-4
-2
5
145
-712
4204
1485962
-5
-3
3
145
-719
4208
1486987
-1
-4
3
149
-726
4210
1488012
4
-4
2
149
-709
4209
1489037
1
-4
4
145
-699
4212
1490062
-2
-5
4
148
-707
4218
1491087
-2
-4
4
146
-716
4210
1483905
-1
-4
3
141
-714
4208
1484930
-1
-5
3
148
-716
4205
1485955
0
-5
4
147
-719
4211
1486980
1
-5
3
149
-709
4207
1488005
-1
-5
4
151
-708
4205
1489030
-2
-4
5
151
-705
4206
1490055
-7
-4
5
147
-723
4203
1491080
-5
-5
5
148
-726
4208
1492105
4
-4
4
150
-720
4218
1493130
5
-3
5
148
-711
4211
1494155
0
-4
6
145
-703
4208
1495180
-5
-4
5
149
-713
4204
1496205
-4
-3
4
148
-719
4212
1497230
-4
-4
4
151
-719
4212
1498255
-2
-5
4
150
-716
4211
1499280
-4
-5
4
154
-712
4201
1492096
1
-4
3
149
-716
4203
1493121
5
-5
3
144
-708
4216
1494146
0
-4
4
149
-708
4207
1495171
-3
-4
3
146
-727
4207
1496196
2
-4
1
149
-724
4216
1497221
10
-4
3
148
-713
4204
1498246
13
-4
3
147
-704
4214
1499271
3
-4
2
144
-700
4215
1500296
-6
-5
1
148
-724
4201
1501321
3
-3
1
147
-729
4208
1502346
5
-4
2
139
-702
4216
1503371
-3
-5
4
152
-709
4205
1504396
-4
-4
4
149
-719
4208
1505421
-1
-4
3
144
-726
4207
1506446
7
-3
1
147
-703
4214
1507471
-1
-4
2
145
-692
4222
1500287
-9
-4
3
150
-715
4209
1501312
-8
-4
3
145
-726
4209
1502337
2
-4
4
149
-720
4208
1503362
1
-5
4
154
-702
4215
1504387
-6
-5
2
153
-708
4215
1505412
-5
-4
3
146
-719
4208
1506437
-2
-5
5
145
-719
4210
1507462
-4
-5
4
147
-706
4207
1508487
-3
-4
3
145
-721
4204
1509512
5
-5
2
150
-732
4203
1510537
10
-4
1
150
-702
4213
1511562
4
-4
2
159
-692
4212
1512587
-6
-4
2
145
-711
4203
1513612
-6
-4
3
137
-730
4207
1514637
1
-4
2
152
-723
4213
1515662
3
-3
2
152
-710
4213
1508480
1
-4
3
152
-702
4211
1509505
-2
-5
4
150
-697
4208
1510530
-5
-5
5
147
-713
4208
1511555
-6
-5
6
151
-728
4217
1512580
-4
-4
4
155
-716
4211
1513605
-5
-4
3
151
-714
4211
1514630
-4
-5
3
146
-714
4204
1515655
-1
-5
4
141
-721
4208
1516680
0
-5
7
147
-687
4215
1517705
-15
-4
6
147
-701
4217
1518730
-17
-5
4
153
-746
4204
1519755
-6
-4
2
153
-726
4209
1520780
-4
-4
0
145
-710
4210
1521805
-9
-4
1
144
-719
4210
1522830
-3
-4
3
146
-722
4209
1523855
3
-4
3
152
-715
4202
1516672
2
-5
4
153
-725
4210
1517697
5
-5
3
148
-719
4214
1518722
3
-4
3
152
-710
4209
1519747
-2
-4
2
148
-717
4204
1520772
-1
-4
3
147
-715
4202
1521797
-1
-5
5
153
-708
4214
1522822
-8
-4
3
159
-711
4214
1523847
-10
-3
1
148
-719
4204
1524872
-8
-3
-3
143
-707
4204
1525897
-12
-4
-3
146
-721
4212
1526922
-16
-5
-5
144
-734
4205
1527947
-13
-4
-2
136
-738
4204
1528972
-10
-5
1
136
-728
4207
1529997
-4
-5
3
149
-723
4204
1531022
0
-4
5
150
-727
4208
1532047
6
-4
6
147
-730
4214
1524863
12
-4
6
155
-707
4211
1525888
8
-5
6
158
-714
4212
1526913
8
-3
5
150
-715
4217
1527938
4
-2
2
147
-708
4209
1528963
-2
-2
1
155
-711
4202
1529988
-6
-3
0
144
-702
4215
1531013
-10
-4
0
141
-727
4208
1532038
-5
-4
0
147
-733
4197
1533063
-1
-4
0
145
-724
4207
1534088
17
-6
1
141
-737
4208
1535113
19
-6
2
151
-715
4209
1536138
10
-5
2
150
-704
4213
1537163
7
-4
1
141
-712
4211
1538188
9
-3
3
143
-713
4206
1539213
14
1
3
146
-710
4201
1540238
11
5
-1
143
-676
4203
1533056
-9
2
0
142
-696
4217
1534081
-14
-2
3
154
-742
4214
1535106
-6
-2
2
136
-718
4211
1536131
-1
-6
2
145
-721
4205
1537156
2
-6
5
152
-707
4210
1538181
-4
-7
3
149
-706
4210
1539206
-7
-8
3
144
-715
4208
1540231
-4
-8
2
143
-730
4207
1541256
6
-7
2
139
-718
4208
1542281
8
-6
4
144
-704
4208
1543306
1
-6
5
145
-704
4207
1544331
0
-6
5
146
-722
4206
1545356
3
-5
4
146
-728
4215
1546381
10
-5
5
146
-709
4223
1547406
7
-5
6
150
-696
4214
1548431
-4
-5
6
148
-707
4208
1541248
-7
-5
7
143
-733
4210
1542273
0
-4
6
140
-730
4206
1543298
9
-4
4
148
-708
4212
1544323
5
-5
5
154
-697
4216
1545348
-3
-5
6
149
-711
4208
1546373
0
-3
4
150
-723
4202
1547398
5
0
3
152
-711
4218
1548423
2
-2
2
148
-689
4215
1549448
-5
0
3
153
-708
4210
1550473
-3
2
3
143
-718
4216
1551498
-2
-1
3
144
-710
4202
1552523
1
-3
4
144
-704
4211
1553548
0
-5
4
153
-690
4218
1554573
-15
-4
1
162
-691
4197
1555598
-22
-2
1
128
-755
4206
1556623
-1
-4
3
134
-748
4212
1549439
14
-4
2
157
-683
4212
1550464
-3
-4
3
149
-683
4207
1551489
-15
-5
5
144
-742
4207
1552514
-10
-3
8
133
-730
4216
1553539
6
-5
9
150
-696
4207
1554564
2
-4
7
144
-713
4201
1555589
-1
-4
5
137
-724
4205
1556614
5
-6
7
145
-727
4207
1557639
8
-4
6
147
-693
4208
1558664
-1
-2
7
153
-688
4212
1559689
-13
-3
7
150
-703
4221
1560714
-14
-4
7
137
-730
4210
1561739
-7
-5
6
138
-740
4197
1562764
2
-4
5
144
-713
4209
1563789
5
-6
6
144
-700
4219
1564814
-1
-8
7
147
-706
4214
1557633
-7
-8
9
157
-716
4203
1558658
-10
-5
6
147
-721
4216
1559683
-2
-6
6
142
-730
4206
1560708
3
-5
5
142
-707
4208
1561733
-4
-5
3
147
-710
4206
1562758
-5
-6
3
151
-723
4204
1563783
-3
-5
3
141
-712
4207
1564808
-4
-5
4
149
-712
4211
1565833
-4
-5
5
146
-714
4209
1566858
-5
-5
4
144
-713
4209
1567883
-3
-5
4
149
-720
4208
1568908
1
-4
4
143
-718
4209
1569933
2
-4
5
144
-710
4205
1570958
0
-5
5
147
-714
4209
1571983
-2
-5
4
145
-722
4204
1573008
3
-4
3
143
-727
4207
1565824
4
-3
3
139
-715
4207
1566849
1
-3
2
150
-711
4210
1567874
-1
-3
3
144
-716
4203
1568899
-1
-4
5
140
-722
4215
1569924
0
-4
3
150
-712
4212
1570949
3
-3
2
143
-711
4211
1571974
4
-4
1
152
-712
4209
1572999
1
-4
2
144
-712
4208
1574024
-3
-4
1
147
-708
4206
1575049
-7
-4
1
145
-705
4207
1576074
-12
-3
4
143
-724
4209
1577099
-13
-2
5
145
-721
4212
1578124
-12
-3
4
149
-718
4205
1579149
-11
-5
6
143
-709
4211
1580174
-6
-5
8
144
-717
4214
1581199
-4
-5
7
149
-729
4210
1574016
0
-3
4
144
-735
4211
1575041
11
-3
3
141
-718
4211
1576066
9
-5
2
151
-700
4209
1577091
1
-3
5
144
-704
4209
1578116
-3
-3
5
143
-718
4214
1579141
0
-3
4
152
-733
4213
1580166
11
-1
3
144
-715
4214
1581191
5
2
1
151
-698
4205
1582216
-4
5
0
156
-704
4201
1583241
-2
14
-3
142
-707
4213
1584266
2
8
-1
144
-720
4211
1585291
1
6
2
128
-711
4226
1586316
-7
3
2
138
-720
4201
1587341
-2
3
-1
147
-719
4203
1588366
-1
2
1
130
-717
4214
1589391
-3
-3
4
136
-730
4210
1582208
4
-5
4
140
-717
4212
1583233
6
-6
3
144
-707
4212
1584258
6
-6
4
128
-706
4212
1585283
5
-8
5
134
-701
4212
1586308
8
-8
8
134
-709
4220
1587333
4
-12
7
146
-697
4205
1588358
0
-12
5
142
-722
4202
1589383
4
-11
4
136
-730
4216
1590408
11
-10
4
143
-701
4211
1591433
5
-9
4
146
-684
4217
1592458
-2
-7
5
143
-708
4213
1593483
-3
-1
4
138
-713
4208
1594508
-2
-2
5
139
-713
4212
1595533
-3
-3
4
139
-702
4215
1596558
-4
-4
4
143
-707
4207
1597583
-4
-3
4
146
-710
4211
1590399
-5
-5
3
141
-715
4203
1591424
-1
-4
3
141
-713
4213
1592449
0
-5
2
143
-713
4217
1593474
-2
-7
4
141
-712
4216
1594499
-3
-6
4
141
-716
4209
1595524
-1
-6
2
137
-713
4210
1596549
-3
-8
4
148
-697
4214
1597574
-10
-6
4
149
-700
4217
1598599
-12
-7
4
149
-727
4209
1599624
-6
-7
2
137
-727
4203
1600649
0
-6
1
139
-716
4213
1601674
-1
-6
3
147
-706
4211
1602699
-6
-5
3
142
-702
4212
1603724
-13
-4
0
143
-719
4216
1604749
-5
-6
3
150
-734
4207
1605774
3
-4
5
135
-694
4219
1598750
-4
-7
5
153
-708
4211
1599775
-11
-4
5
144
-724
4209
1600800
-9
-5
4
142
-726
4205
1601825
3
-6
3
146
-723
4208
1602850
3
-4
2
138
-701
4214
1603875
-8
-6
3
148
-712
4205
1604900
-9
-4
6
139
-726
4203
1605925
0
-6
5
150
-719
4206
1606950
0
-5
4
149
-715
4211
1607975
-1
-5
3
147
-709
4209
1609000
0
-6
2
144
-723
4205
1610025
4
-5
2
138
-714
4207
1611050
-2
-3
3
138
-701
4211
1612075
-6
-4
3
141
-715
4209
1613100
-6
-4
2
148
-720
4207
1614125
-5
-4
1
145
-722
4210
1606784
1
-5
2
144
-714
4217
1607809
3
-4
4
139
-706
4219
1608834
-4
-4
4
144
-714
4213
1609859
-4
-5
4
143
-730
4204
1610884
1
-4
4
137
-725
4196
1611909
6
-4
5
138
-707
4213
1612934
3
-5
3
148
-702
4210
1613959
-4
-3
3
136
-722
4209
1614984
2
-3
4
142
-724
4207
1616009
8
-5
3
153
-707
4209
1617034
4
-5
4
149
-700
4211
1618059
1
-4
4
144
-712
4212
1619084
1
-5
4
144
-727
4204
1620109
5
-5
3
142
-722
4208
1621134
8
-4
3
147
-706
4210
1622159
6
-5
5
151
-697
4216
1614977
2
-5
5
148
-700
4212
1616002
0
-5
4
143
-723
4211
1617027
7
-6
4
143
-717
4207
1618052
8
-5
4
143
-699
4207
1619077
2
-5
4
147
-700
4206
1620102
0
-5
5
149
-718
4203
1621127
5
-5
4
143
-710
4212
1622152
8
-5
4
142
-690
4214
1623177
3
-4
4
145
-693
4220
1624202
-5
-5
5
141
-710
4210
1625227
-6
-5
8
141
-721
4204
1626252
-2
-5
6
154
-702
4202
1627277
-2
-5
4
146
-700
4217
1628302
-1
-4
5
141
-709
4217
1629327
-7
-4
6
144
-707
4210
1630352
-9
-4
8
145
-714
4211
1623169
-10
-4
9
138
-707
4222
1624194
-9
-5
11
147
-723
4205
1625219
-6
-2
8
135
-706
4211
1626244
-6
-5
7
145
-719
4203
1627269
0
-4
8
147
-708
4212
1628294
-4
-4
9
150
-702
4217
1629319
-4
-4
8
140
-719
4207
1630344
2
-4
8
143
-717
4205
1631369
3
-4
7
144
-709
4221
1632394
-2
-5
7
144
-705
4209
1633419
-5
-4
6
138
-714
4200
1634444
-1
-3
5
142
-715
4214
1635469
4
-4
6
151
-696
4214
1636494
-2
-4
5
149
-706
4212
1637519
-8
-4
3
149
-711
4205
1638544
-6
-3
3
149
-709
4205
1631360
-3
-4
3
144
-712
4215
1632385
-1
-4
2
142
-715
4215
1633410
0
-5
2
143
-713
4216
1634435
2
-4
2
149
-702
4218
1635460
3
-4
3
148
-704
4214
1636485
1
-4
4
138
-713
4208
1637510
0
-4
4
143
-714
4207
1638535
2
-5
3
149
-716
4212
1639560
3
-6
3
145
-715
4211
1640585
3
-4
4
140
-707
4213
1641610
4
-4
6
141
-701
4214
1642635
-2
-5
6
143
-710
4213
1643660
-5
-4
5
146
-723
4216
1644685
2
-4
5
138
-728
4208
1645710
8
-3
5
148
-702
4219
1646735
2
-5
4
152
-698
4214
1639551
-1
-5
4
144
-713
4210
1640576
-2
-4
4
142
-722
4205
1641601
1
-5
3
144
-705
4213
1642626
-2
-4
3
147
-708
4205
1643651
-3
-3
4
144
-715
4206
1644676
1
-5
4
147
-700
4212
1645701
-3
-5
3
149
-698
4209
1646726
-2
-4
4
147
-711
4215
1647751
-3
-5
4
148
-706
4210
1648776
-2
-4
4
138
-705
4212
1649801
0
-4
4
142
-708
4206
1650826
1
-4
3
149
-710
4206
1651851
2
-5
4
139
-711
4208
1652876
2
-5
3
141
-714
4202
1653901
3
-4
3
140
-705
4212
1654926
3
-4
3
143
-698
4214
1647744
3
-6
4
146
-695
4213
1648769
-1
-4
5
145
-706
4211
1649794
-2
-5
6
146
-706
4212
1650819
-3
-5
6
147
-703
4208
1651844
-2
-4
7
139
-710
4213
1652869
-1
-4
8
142
-710
4215
1653894
-1
-5
6
144
-703
4215
1654919
-3
-4
4
141
-716
4220
1655944
-1
-4
1
136
-716
4208
1656969
1
-4
0
141
-701
4206
1657994
-1
-4
-1
143
-709
4215
1659019
0
-4
0
139
-705
4210
1660044
-2
-4
0
146
-701
4206
1661069
-3
-4
-2
145
-716
4213
1662094
3
-4
0
141
-715
4214
1663119
4
-5
0
149
-697
4216
1655936
2
-5
1
144
-702
4215
1656961
5
-5
1
142
-701
4210
1657986
4
-4
3
139
-702
4217
1659011
-1
-4
3
148
-693
4214
1660036
-2
-5
2
153
-708
4208
1661061
4
-3
1
140
-706
4211
1662086
-1
-5
-1
140
-696
4228
1663111
-5
-6
0
155
-705
4204
1664136
-1
-4
0
140
-697
4212
1665161
-3
-4
2
143
-704
4211
1666186
-5
-5
4
147
-704
4207
1667211
-3
-4
3
148
-701
4212
1668236
0
-4
3
149
-705
4214
1669261
-1
-5
5
152
-705
4212
1670286
-2
-4
6
139
-698
4216
1671311
-5
-4
8
140
-704
4211
1664128
-4
-4
7
144
-711
4207
1665153
-1
-4
6
139
-710
4218
1666178
-3
-4
5
151
-685
4205
1667203
-8
-4
4
152
-701
4208
1668228
-5
-5
6
142
-709
4213
1669253
-2
-6
7
145
-704
4205
1670278
-5
-4
5
143
-707
4211
1671303
-5
-3
3
142
-715
4213
1672328
-2
-5
4
145
-709
4209
1673353
-1
-4
3
147
-709
4211
1674378
-1
-4
2
143
-707
4214
1675403
1
-5
2
144
-708
4217
1676428
3
-5
4
142
-713
4211
1677453
5
-4
2
148
-707
4216
1678478
4
-5
1
148
-708
4209
1679503
1
-4
2
140
-702
4213
1672321
-3
-4
3
142
-706
4215
1673346
-2
-5
4
148
-707
4216
1674371
2
-5
2
147
-710
4203
1675396
4
-4
2
141
-707
4219
1676421
-1
-4
2
143
-704
4219
1677446
-2
-5
4
145
-701
4208
1678471
0
-5
5
141
-696
4206
1679496
1
-4
6
144
-708
4209
1680521
0
-5
6
150
-702
4209
1681546
-3
-5
2
155
-701
4211
1682571
2
-4
0
143
-711
4213
1683596
4
-4
1
140
-705
4206
1684621
3
-5
2
146
-697
4217
1685646
-3
-5
5
151
-698
4213
1686671
-5
-4
4
140
-715
4206
1687696
-1
-4
4
138
-712
4213
1680513
5
-5
4
147
-700
4208
1681538
7
-4
5
143
-690
4206
1682563
0
-5
5
152
-685
4214
1683588
-4
-4
7
143
-699
4213
1684613
-5
-4
7
143
-719
4212
1685638
0
-4
5
140
-713
4212
1686663
4
-5
5
144
-708
4212
1687688
4
-4
5
147
-691
4212
1688713
1
-4
6
143
-685
4216
1689738
-1
-5
6
143
-705
4210
1690763
1
-5
7
149
-704
4212
1691788
1
-5
6
149
-693
4215
1692813
1
-5
6
145
-697
4215
1693838
-3
-4
6
145
-708
4215
1694863
-2
-4
6
141
-703
4218
1695888
-1
-4
7
147
-698
4215
1688705
-5
-5
7
147
-698
4212
1689730
-5
-5
5
148
-701
4206
1690755
-1
-4
4
144
-702
4211
1691780
0
-5
5
139
-701
4213
1692805
-2
-5
5
148
-690
4211
1693830
-5
-3
5
143
-694
4213
1694855
-5
-4
5
148
-711
4206
1695880
-1
-4
3
148
-702
4205
1696905
-1
-5
4
142
-704
4217
1697930
1
-5
5
141
-706
4219
1698955
-3
-6
5
146
-695
4211
1699980
-6
-5
5
144
-703
4211
1701005
-3
-4
5
145
-719
4207
1702030
2
-4
4
146
-712
4215
1703055
4
-5
5
151
-692
4218
1704080
1
-4
5
144
-691
4214
1696897
-2
-5
5
144
-708
4216
1697922
-3
-4
4
142
-704
4213
1698947
-4
-5
4
142
-689
4216
1699972
-4
-4
4
145
-702
4210
1700997
-3
-5
5
143
-703
4215
1702022
-2
-5
4
152
-692
4218
1703047
-2
-6
5
149
-703
4214
1704072
1
-4
6
138
-698
4217
1705097
-3
-3
6
147
-696
4216
1706122
-7
-4
7
143
-708
4204
1707147
-5
-4
6
146
-721
4201
1708172
4
-4
5
145
-704
4215
1709197
3
-4
5
149
-692
4213
1710222
0
-5
5
143
-695
4209
1711247
1
-4
5
144
-698
4226
1712272
0
-4
5
150
-697
4215
1705088
-3
-4
5
144
-689
4209
1706113
-4
-5
5
146
-705
4199
1707138
-1
-4
4
141
-701
4211
1708163
-1
-5
3
149
-702
4217
1709188
2
-4
3
145
-704
4217
1710213
5
-5
3
145
-705
4218
1711238
5
-4
1
148
-695
4215
1712263
1
-4
2
140
-689
4220
1713288
-4
-5
3
144
-702
4212
1714313
-2
-5
3
143
-712
4204
1715338
-1
-4
3
145
-701
4221
1716363
-1
-6
4
151
-697
4210
1717388
-2
-5
3
141
-695
4205
1718413
-1
-5
3
140
-705
4213
1719438
-1
-5
3
147
-694
4211
1720463
-4
-5
4
146
-700
4216
1713280
-2
-5
5
141
-709
4206
1714305
0
-5
5
140
-705
4208
1715330
1
-6
3
155
-690
4209
1716355
-3
-5
1
142
-700
4210
1717380
-1
-5
0
144
-711
4212
1718405
3
-5
1
139
-710
4204
1719430
5
-4
3
146
-676
4209
1720455
-4
-4
3
148
-681
4213
1721480
-10
-4
4
141
-710
4217
1722505
0
-5
3
142
-708
4206
1723530
6
-4
4
146
-695
4205
1724555
3
-3
3
145
-687
4216
1725580
-5
-5
4
142
-697
4216
1726605
-6
-5
5
145
-709
4213
1727630
-3
-5
5
142
-704
4207
1728655
1
-4
4
147
-697
4212
1721472
-3
-5
2
145
-691
4215
1722497
-4
-5
4
141
-697
4209
1723522
-2
-4
5
143
-705
4209
1724547
1
-4
5
148
-693
4207
1725572
-4
-5
4
150
-687
4213
1726597
-8
-6
5
150
-710
4210
1727622
-5
-5
5
141
-709
4209
1728647
-2
-5
5
144
-691
4206
1729672
-4
-5
4
141
-699
4208
1730697
-4
-5
4
148
-709
4210
1731722
-1
-4
4
148
-694
4210
1732747
2
-3
4
147
-696
4209
1733772
0
-4
4
144
-697
4211
1734797
1
-5
3
142
-699
4213
1735822
0
-5
4
142
-699
4213
1736847
-1
-5
5
149
-698
4216
1729663
-2
-5
3
148
-697
4213
1730688
-3
-5
2
144
-701
4208
1731713
0
-4
2
146
-710
4210
1732738
1
-5
4
146
-692
4209
1733763
0
-5
2
147
-693
4216
1734788
-1
-5
3
143
-700
4207
1735813
1
-4
3
139
-710
4211
1736838
-1
-5
4
150
-704
4218
1737863
-2
-4
1
149
-704
4206
1738888
3
-3
0
137
-711
4206
1739913
3
-4
1
143
-697
4209
1740938
-2
-5
2
141
-685
4217
1741963
-5
-4
5
144
-702
4210
1742988
-4
-4
5
148
-708
4203
1744013
-2
-5
4
148
-702
4215
1745038
-2
-4
4
151
-692
4219
1737905
-3
-4
3
145
-702
4218
1738930
-2
-5
4
149
-697
4211
1739955
-4
-4
4
141
-698
4210
1740980
-2
-4
4
142
-706
4208
1742005
-3
-4
2
153
-704
4211
1743030
-4
-4
2
136
-696
4218
1744055
-2
-5
2
145
-700
4208
1745080
-2
-5
4
146
-705
4205
1746105
-2
-3
4
139
-706
4219
1747130
-3
-5
5
145
-696
4210
1748155
-5
-4
5
144
-696
4215
1749180
-6
-4
4
144
-715
4205
1750205
-1
-4
4
143
-715
4207
1751230
-1
-4
5
147
-695
4217
1752255
-2
-5
4
149
-702
4208
1753280
-3
-4
3
144
-703
4212
1746048
-1
-4
4
140
-704
4222
1747073
0
-4
4
144
-701
4209
1748098
1
-3
4
145
-699
4214
1749123
0
-4
6
139
-705
4214
1750148
-3
-4
6
145
-706
4209
1751173
-2
-4
4
148
-703
4211
1752198
0
-4
5
145
-710
4220
1753223
3
-5
7
143
-698
4214
1754248
2
-4
6
143
-702
4215
1755273
0
-4
6
148
-696
4214
1756298
-3
-5
6
143
-703
4209
1757323
-1
-6
6
142
-705
4205
1758348
3
-5
7
140
-696
4220
1759373
1
-5
8
150
-692
4214
1760398
-2
-4
5
142
-704
4213
1761423
2
-4
4
144
-707
4212
1754240
-1
-4
4
147
-700
4215
1755265
-4
-5
4
145
-689
4214
1756290
-11
-4
5
143
-708
4209
1757315
-8
-4
6
142
-718
4210
1758340
-1
-4
5
140
-703
4211
1759365
0
-4
5
144
-692
4214
1760390
-3
-4
7
147
-690
4216
1761415
-7
-4
8
148
-700
4216
1762440
-6
-4
7
146
-708
4211
1763465
-7
-4
5
148
-712
4216
1764490
-3
-3
5
144
-709
4208
1765515
-2
-4
3
148
-696
4209
1766540
-1
-4
5
151
-695
4219
1767565
-5
-5
5
145
-704
4204
1768590
-7
-4
4
137
-710
4210
1769615
-4
-3
4
138
-702
4208
1762432
-2
-3
4
150
-709
4227
1763457
3
-5
3
153
-703
4202
1764482
2
-4
3
145
-707
4204
1765507
2
-5
3
135
-700
4209
1766532
5
-6
5
147
-700
4205
1767557
4
-5
4
145
-682
4211
1768582
-7
-3
1
144
-692
4220
1769607
-10
-5
5
148
-725
4207
1770632
-2
-4
6
144
-695
4209
1771657
-6
-5
7
147
-703
4215
1772682
-8
-4
7
143
-713
4212
1773707
-7
-3
7
143
-715
4216
1774732
-3
-4
8
150
-722
4210
1775757
7
-4
9
145
-722
4212
1776782
8
-4
8
145
-699
4206
1777807
4
-4
4
144
-701
4215
1770624
3
-3
4
141
-719
4208
1771649
5
-4
5
148
-706
4210
1772674
5
-5
4
149
-699
4210
1773699
2
-4
2
141
-693
4210
1774724
-1
-4
2
141
-699
4208
1775749
-2
-4
4
150
-693
4211
1776774
-7
-5
4
146
-703
4210
1777799
-7
-5
2
139
-720
4207
1778824
0
-4
3
146
-712
4216
1779849
3
-3
2
144
-689
4221
1780874
-2
-3
3
140
-697
4214
1781899
-4
-5
4
149
-708
4208
1782924
-3
-4
4
144
-703
4212
1783949
-2
-6
4
147
-705
4209
1784974
-2
-4
4
139
-705
4214
1785999
-5
-5
3
140
-695
4201
1778816
-8
-5
5
138
-702
4210
1779841
-5
-5
6
142
-704
4212
1780866
-1
-5
7
145
-697
4211
1781891
-4
-4
7
145
-704
4212
1782916
-7
-4
7
143
-707
4208
1783941
-5
-4
7
145
-706
4211
1784966
-5
-4
7
141
-702
4216
1785991
-5
-5
7
140
-715
4217
1787016
-6
-3
6
140
-703
4207
1788041
-3
-5
6
146
-720
4201
1789066
0
-5
2
140
-707
4211
1790091
0
-4
3
140
-702
4213
1791116
-2
-5
4
137
-705
4214
1792141
-4
-4
4
147
-708
4219
1793166
-4
-3
3
146
-702
4215
1794191
-6
-5
3
140
-690
4215
1787008
-13
-4
2
147
-700
4215
1788033
-15
-4
1
147
-718
4207
1789058
-11
-4
1
142
-713
4214
1790083
-6
-5
3
147
-719
4204
1791108
0
-3
3
140
-712
4214
1792133
-2
-4
3
141
-704
4207
1793158
-9
-4
3
151
-721
4200
1794183
-7
-4
-1
149
-729
4209
1795208
1
-6
-5
145
-724
4207
1796233
2
-6
-8
151
-707
4216
1797258
-6
-6
-5
148
-698
4206
1798283
-7
-5
0
134
-711
4200
1799308
0
-5
7
140
-742
4217
1800333
11
-5
6
148
-692
4222
1801358
1
-5
2
147
-678
4214
1802383
-10
-5
2
136
-723
4207
1795200
-3
-5
-1
148
-730
4209
1796225
3
-5
0
146
-690
4221
1797250
2
-5
4
146
-699
4214
1798275
-1
-3
6
143
-701
4214
1799300
-9
-4
5
146
-700
4206
1800325
-10
-3
3
151
-706
4197
1801350
-5
-2
3
137
-733
4213
1802375
6
-2
5
137
-716
4216
1803400
8
-3
7
143
-688
4213
1804425
-3
-3
10
145
-717
4208
1805450
-10
-1
9
150
-721
4204
1806475
-14
2
5
138
-710
4221
1807500
-1
-2
3
140
-721
4213
1808525
-6
0
-1
138
-720
4209
1809550
-10
-1
-2
142
-727
4205
1810575
-3
2
-6
133
-697
4226
1803391
-8
-2
-7
147
-703
4189
1804416
-49
8
-23
132
-665
4188
1805441
-147
9
-39
174
-743
4202
1806466
-134
13
-39
117
-759
4231
1807491
-75
4
-24
133
-737
4219
1808516
-49
-2
-9
157
-731
4217
1809541
-57
0
-3
154
-706
4212
1810566
-80
-1
1
149
-774
4203
1811591
-78
0
0
140
-801
4202
1812616
-56
0
0
127
-789
4209
1813641
-36
-5
5
138
-782
4200
1814666
-26
-5
7
137
-792
4200
1815691
-18
-4
9
140
-772
4197
1816716
-23
-5
10
142
-781
4199
1817741
-21
-5
11
145
-783
4205
1818766
-15
-6
13
138
-791
4197
1811696
-8
-6
12
141
-814
4195
1812721
1
-5
10
144
-788
4202
1813746
2
-5
7
145
-770
4206
1814771
-5
-4
8
138
-784
4204
1815796
-1
-6
10
134
-798
4193
1816821
5
-5
9
141
-782
4195
1817846
1
-5
9
142
-772
4200
1818871
-10
-5
10
146
-778
4196
1819896
-13
-6
9
144
-788
4197
1820921
-5
-6
10
134
-790
4203
1821946
1
-5
7
133
-795
4201
1822971
-1
-5
3
147
-789
4206
1823996
-5
-5
2
148
-772
4202
1825021
-8
-4
1
142
-783
4197
1826046
-9
-3
-2
142
-794
4197
1827071
-6
-5
-1
140
-791
4197
1819776
0
-5
0
136
-787
4201
1820801
-1
-5
2
134
-798
4200
1821826
4
-6
1
144
-800
4202
1822851
11
-5
0
143
-780
4197
1823876
6
-4
1
134
-777
4207
1824901
4
-6
5
139
-780
4204
1825926
-1
-5
6
141
-777
4188
1826951
-1
-6
5
143
-798
4193
1827976
6
-5
2
148
-792
4198
1829001
8
-4
-2
140
-780
4206
1830026
5
-4
-1
138
-778
4204
1831051
4
-5
1
139
-775
4202
1832076
4
-5
7
140
-771
4203
1833101
-8
-5
10
150
-776
4198
1834126
-24
-2
8
136
-803
4202
1835151
-5
-5
4
135
-809
4192
1827969
3
-5
4
143
-793
4205
1828994
1
-5
2
149
-775
4202
1830019
-7
-3
3
134
-781
4200
1831044
-9
-4
4
139
-799
4198
1832069
-6
-3
4
140
-778
4201
1833094
-5
-4
7
142
-799
4207
1834119
2
-6
6
141
-796
4195
1835144
6
-5
4
140
-773
4201
1836169
0
-5
7
138
-776
4199
1837194
-5
-5
7
142
-801
4195
1838219
0
-4
6
142
-787
4201
1839244
-1
-5
4
143
-778
4201
1840269
-4
-5
4
134
-788
4199
1841294
-7
-4
4
136
-778
4204
1842319
-13
-4
4
143
-785
4204
1843344
-14
-4
4
133
-792
4201
1836161
-14
-4
3
135
-792
4201
1837186
-13
-4
3
140
-798
4207
1838211
-6
-5
5
134
-799
4206
1839236
-3
-5
5
137
-789
4203
1840261
-2
-5
5
142
-795
4205
1841286
-7
-3
5
137
-800
4195
1842311
-10
-3
5
139
-794
4200
1843336
-8
-5
5
133
-801
4193
1844361
-3
-5
5
139
-790
4196
1845386
-3
-4
5
141
-787
4206
1846411
-7
-5
5
141
-800
4203
1847436
-4
-5
5
147
-792
4192
1848461
-4
-4
6
137
-793
4198
1849486
-5
-5
6
133
-810
4196
1850511
-5
-4
4
148
-796
4204
1851536
-5
-4
2
139
-799
4196
1844351
2
-3
3
138
-797
4204
1845376
3
-5
4
138
-797
4199
1846401
2
-6
4
145
-789
4190
1847426
-2
-4
4
141
-794
4200
1848451
-2
-4
2
141
-801
4193
1849476
1
-4
1
136
-799
4201
1850501
2
-4
3
146
-799
4201
1851526
7
-5
4
141
-790
4202
1852551
4
-5
4
138
-777
4212
1853576
1
-5
4
133
-789
4203
1854601
14
-8
4
136
-805
4190
1855626
4
-5
2
138
-790
4192
1856651
-6
-3
-2
133
-784
4207
1857676
0
-6
-1
146
-809
4195
1858701
13
-4
0
136
-783
4204
1859726
7
-4
2
141
-765
4205
1852544
-5
-4
4
135
-794
4208
1853569
-5
-4
4
144
-800
4203
1854594
-1
-4
4
138
-787
4193
1855619
-4
-5
4
142
-779
4196
1856644
-7
-5
5
133
-790
4192
1857669
-8
-4
7
136
-800
4194
1858694
-2
-5
6
140
-806
4196
1859719
6
-4
5
141
-791
4205
1860744
0
-4
5
140
-772
4200
1861769
-10
-5
7
143
-787
4201
1862794
-9
-5
9
140
-808
4190
1863819
-1
-3
5
136
-813
4195
1864844
9
-4
2
141
-793
4203
1865869
7
-6
3
144
-766
4195
1866894
-3
-5
5
144
-773
4192
1867919
-8
-4
9
137
-797
4192
1860736
-7
-5
7
144
-783
4197
1861761
-14
-5
3
139
-785
4194
1862786
-13
-5
2
141
-808
4196
1863811
-5
-4
2
140
-791
4204
1864836
-8
-4
3
140
-776
4203
1865861
-19
-3
4
142
-798
4208
1866886
-18
-4
4
138
-813
4197
1867911
-9
-4
3
134
-807
4194
1868936
-2
-4
3
134
-802
4206
1869961
-1
-5
4
144
-794
4199
1870986
13
-7
6
143
-800
4190
1872011
3
-6
4
144
-795
4197
1873036
-4
-5
4
151
-787
4193
1874061
-10
-4
3
137
-798
4201
1875086
-11
-4
2
146
-800
4190
1876111
-6
-4
3
147
-808
4203
1868929
-2
-5
3
139
-801
4211
1869954
-3
-5
4
142
-798
4195
1870979
-7
-4
6
142
-795
4197
1872004
-9
-5
5
143
-807
4195
1873029
-3
-5
4
135
-807
4196
1874054
3
-5
3
138
-811
4194
1875079
5
-5
3
139
-802
4201
1876104
3
-4
2
140
-793
4205
1877129
-2
-5
2
140
-812
4186
1878154
4
-5
2
139
-803
4195
1879179
7
-3
4
144
-777
4208
1880204
-10
-5
3
149
-800
4197
1881229
-10
-5
4
138
-815
4190
1882254
1
-4
5
125
-811
4200
1883279
10
-5
5
132
-807
4199
1884304
5
-5
8
142
-784
4191
1877120
-6
-4
6
142
-783
4198
1878145
-12
-5
6
146
-807
4200
1879170
-7
-6
7
141
-812
4190
1880195
-2
-4
2
141
-818
4192
1881220
6
-4
2
144
-767
4206
1882245
-12
-4
2
152
-748
4204
1883270
-34
-4
4
139
-811
4200
1884295
-30
-3
4
126
-831
4191
1885320
-14
-3
4
132
-806
4202
1886345
-12
-4
7
142
-790
4202
1887370
0
-7
8
139
-816
4190
1888395
1
-7
6
137
-806
4192
1889420
-10
-4
4
130
-812
4195
1890445
-6
-4
6
131
-807
4192
1891470
-2
-5
6
143
-808
4200
1892495
-1
-6
6
137
-789
4202
1885312
-13
-6
4
136
-813
4191
1886337
-10
-5
5
139
-827
4188
1887362
0
-4
4
143
-818
4202
1888387
1
-4
3
146
-792
4198
1889412
-5
-5
4
143
-804
4199
1890437
-8
-5
6
138
-818
4188
1891462
-4
-4
4
140
-820
4189
1892487
-1
-3
3
136
-811
4199
1893512
-2
-4
3
136
-802
4197
1894537
-2
-5
5
139
-811
4190
1895562
1
-4
6
141
-819
4199
1896587
4
-5
6
148
-822
4189
1897612
5
-5
3
146
-819
4191
1898637
5
-6
-1
147
-813
4201
1899662
5
-5
0
144
-799
4187
1900687
-9
-2
-2
132
-793
4211
1893503
-18
-7
-3
156
-831
4198
1894528
-9
-4
-4
144
-779
4201
1895553
-36
-3
-6
143
-777
4208
1896578
-51
-3
-5
138
-848
4193
1897603
-37
-2
-4
122
-827
4199
1898628
-40
-3
-3
140
-824
4196
1899653
-42
-4
-6
131
-818
4190
1900678
-76
-2
-11
135
-825
4184
1901703
-121
4
-30
144
-894
4193
1902728
-80
1
-44
132
-924
4170
1903753
-27
1
-50
118
-912
4156
1904778
8
1
-49
139
-852
4200
1905803
39
-2
-35
160
-796
4203
1906828
17
-3
-22
153
-793
4186
1907853
-2
-2
-8
138
-846
4204
1908878
13
-2
4
129
-840
4198
1901697
20
-5
10
142
-842
4183
1902722
26
-4
11
155
-832
4198
1903747
22
-5
12
157
-805
4192
1904772
7
-5
12
161
-820
4190
1905797
2
-4
8
144
-833
4200
1906822
-6
-6
3
136
-829
4185
1907847
-10
-7
3
156
-830
4183
1908872
-12
-5
4
150
-808
4199
1909897
-31
-6
6
159
-804
4188
1910922
-55
-4
10
146
-836
4185
1911947
-74
-2
11
144
-839
4196
1912972
-78
-2
11
135
-873
4193
1913997
-60
-3
13
119
-889
4184
1915022
-31
-4
16
114
-879
4189
1916047
-21
-6
16
153
-854
4191
1917072
-29
-5
20
141
-851
4191
1909889
-26
-5
23
122
-862
4183
1910914
-16
-7
26
139
-881
4185
1911939
-9
-7
24
156
-862
4184
1912964
-22
-5
23
154
-823
4186
1913989
-56
-3
22
150
-839
4198
1915014
-80
-5
19
142
-891
4188
1916039
-82
-4
14
154
-909
4165
1917064
-71
-2
12
146
-896
4176
1918089
-64
-5
16
136
-890
4184
1919114
-65
-7
21
140
-917
4176
1920139
-76
-4
12
121
-938
4179
1921164
-68
-5
7
130
-967
4169
1922189
-43
-3
2
142
-942
4173
1923214
-27
-4
1
144
-935
4181
1924239
-21
-5
4
131
-939
4172
1925264
-12
-7
6
130
-953
4161
1918081
-4
-5
5
133
-929
4176
1919106
-5
-6
5
146
-934
4176
1920131
4
-6
5
141
-940
4169
1921156
13
-7
5
142
-935
4174
1922181
17
-9
7
150
-921
4168
1923206
10
-7
8
136
-903
4179
1924231
7
-7
11
128
-954
4186
1925256
19
-9
11
134
-938
4168
1926281
19
-8
9
148
-926
4159
1927306
26
-6
10
144
-899
4187
1928331
23
-7
10
140
-912
4182
1929356
21
-8
11
153
-904
4175
1930381
9
-6
10
149
-904
4182
1931406
-6
-7
7
150
-931
4171
1932431
4
-5
3
139
-934
4176
1933456
14
-6
1
132
-916
4176
1926272
14
-9
4
154
-899
4175
1927297
5
-6
5
150
-890
4170
1928322
-14
-6
5
147
-906
4179
1929347
-16
-6
1
137
-937
4172
1930372
6
-6
1
137
-934
4179
1931397
24
-7
3
144
-899
4187
1932422
10
-8
6
145
-881
4180
1933447
-2
-8
8
147
-907
4166
1934472
-3
-5
8
138
-918
4171
1935497
-1
-6
7
141
-920
4176
1936522
1
-6
3
153
-898
4185
1937547
-1
-5
2
148
-908
4179
1938572
4
-6
3
141
-918
4174
1939597
7
-6
3
145
-906
4176
1940622
-1
-6
2
157
-891
4185
1941647
-13
-4
-3
151
-893
4181
1934463
-11
-3
-1
143
-923
4190
1935488
7
-5
2
135
-911
4180
1936513
8
-6
4
145
-884
4171
1937538
-5
-5
4
147
-888
4186
1938563
-14
-6
3
150
-908
4175
1939588
-15
-5
6
143
-939
4166
1940613
9
-6
7
140
-911
4176
1941638
11
-7
7
138
-898
4184
1942663
0
-6
8
143
-884
4172
1943688
-6
-7
15
152
-901
4170
1944713
-10
-8
16
161
-930
4178
1945738
-11
-5
7
152
-916
4163
1946763
-12
-3
-2
136
-910
4180
1947788
-12
-3
-5
143
-894
4188
1948813
-24
-3
-7
156
-892
4170
1949838
-32
-3
-5
154
-905
4171
1942656
-30
-2
-4
136
-933
4176
1943681
-22
-3
-1
129
-933
4172
1944706
-10
-4
1
136
-943
4175
1945731
-3
-5
-1
140
-935
4177
1946756
1
-4
1
142
-908
4165
1947781
4
-3
5
140
-903
4183
1948806
-5
-7
7
158
-904
4189
1949831
-22
-6
6
159
-907
4159
1950856
-21
-3
6
146
-949
4165
1951881
-4
-4
5
141
-933
4172
1952906
-4
-4
7
134
-897
4172
1953931
-5
-5
17
142
-914
4177
1954956
5
-8
24
163
-937
4170
1955981
10
-7
22
146
-929
4162
1957006
13
-6
13
140
-973
4163
1958031
43
-6
4
138
-994
4152
1950852
75
-5
-7
160
-925
4176
1951877
60
-1
-18
155
-855
4193
1952902
29
-3
-22
156
-879
4182
1953927
24
-2
-22
150
-911
4173
1954952
37
-3
-19
146
-906
4186
1955977
35
-4
-21
154
-888
4180
1957002
29
-2
-21
154
-871
4172
1958027
31
-2
-20
146
-819
4188
1959052
6
-5
-7
150
-895
4189
1960077
1
-5
-13
177
-917
4170
1961102
16
-3
-20
182
-903
4175
1962127
25
-2
-25
153
-932
4191
1963152
52
-2
-26
120
-910
4175
1964177
61
-3
-22
112
-877
4184
1965202
61
-5
-14
125
-861
4186
1966227
45
-6
-7
151
-848
4178
1959039
27
-7
-12
166
-867
4183
1960064
31
-5
-19
153
-893
4177
1961089
48
-4
-22
142
-884
4173
1962114
56
-4
-23
152
-838
4200
1963139
48
-5
-16
151
-814
4203
1964164
28
-5
-15
144
-824
4185
1965189
8
-4
-13
143
-839
4192
1966214
2
-3
-11
140
-846
4204
1967239
8
-5
-7
146
-848
4193
1968264
16
-4
-5
148
-839
4190
1969289
17
-5
3
153
-831
4198
1970314
12
-8
8
163
-831
4185
1971339
1
-5
11
149
-825
4189
1972364
-9
-6
13
149
-832
4188
1973389
-2
-6
15
155
-837
4187
1974414
1
-6
18
158
-831
4201
1967232
-4
-7
20
156
-839
4181
1968257
-7
-5
22
149
-847
4182
1969282
-2
-5
20
146
-845
4190
1970307
5
-7
17
165
-856
4191
1971332
5
-5
12
158
-833
4188
1972357
5
-5
11
146
-839
4182
1973382
8
-6
12
154
-833
4184
1974407
0
-5
14
159
-835
4200
1975432
-7
-5
13
154
-843
4193
1976457
-10
-5
9
149
-851
4188
1977482
-5
-4
7
146
-855
4193
1978507
3
-5
6
157
-849
4196
1979532
-1
-4
2
149
-830
4195
1980557
-5
-4
3
154
-830
4196
1981582
-3
-4
4
147
-844
4195
1982607
-3
-4
4
145
-836
4193
1975424
-1
-5
5
149
-838
4178
1976449
-2
-5
4
155
-850
4187
1977474
5
-4
3
149
-860
4187
1978499
18
-5
4
140
-847
4191
1979524
20
-7
3
153
-832
4197
1980549
14
-4
4
153
-825
4183
1981574
12
-3
6
137
-837
4177
1982599
12
-6
8
143
-832
4188
1983624
11
-6
9
156
-803
4197
1984649
-21
-5
7
156
-815
4193
1985674
-38
-1
4
155
-866
4181
1986699
1
-5
4
155
-849
4184
1987724
3
-4
3
150
-827
4196
1988749
0
-5
4
153
-826
4188
1989774
1
-4
8
141
-837
4182
1990799
10
-6
13
150
-849
4189
1983615
13
-6
13
152
-834
4192
1984640
9
-7
11
153
-833
4190
1985665
12
-5
9
148
-843
4192
1986690
16
-6
10
152
-834
4195
1987715
17
-6
9
155
-830
4186
1988740
12
-5
10
156
-824
4186
1989765
9
-5
11
150
-833
4181
1990790
19
-5
11
141
-840
4189
1991815
23
-7
9
156
-838
4192
1992840
22
-5
4
159
-808
4193
1993865
9
-5
0
149
-813
4191
1994890
0
-3
-1
138
-836
4189
1995915
9
-3
2
134
-839
4192
1996940
18
-6
6
166
-816
4199
1997965
6
-4
2
170
-766
4205
1998990
-18
-3
5
142
-792
4190
1991808
-22
-5
12
142
-848
4184
1992833
-2
-6
13
154
-845
4197
1993858
4
-7
10
154
-825
4191
1994883
1
-5
10
149
-815
4196
1995908
-4
-7
9
168
-827
4192
1996933
-8
-5
4
167
-815
4196
1997958
-14
-3
-4
152
-810
4186
1998983
-14
-1
-4
134
-835
4196
2000008
-3
-5
2
150
-829
4196
2001033
-2
-5
4
164
-807
4197
2002058
-15
-3
6
158
-821
4184
2003083
-13
-5
7
144
-839
4191
2004108
-1
-6
9
153
-832
4201
2005133
1
-6
8
169
-814
4192
2006158
-7
-6
5
161
-823
4179
2007183
-5
-4
4
145
-850
4187
2000000
9
-4
3
145
-843
4194
2001025
14
-6
3
158
-814
4195
2002050
7
-4
3
154
-811
4195
2003075
6
-5
4
155
-827
4184
2004100
13
-6
5
148
-818
4195
2005125
7
-5
5
151
-804
4197
2006150
1
-5
3
156
-826
4190
2007175
2
-5
3
150
-826
4202
2008200
3
-5
5
149
-817
4192
2009225
-3
-5
2
159
-816
4188
2010250
-9
-3
-3
155
-826
4194
2011275
-9
-3
-2
151
-825
4195
2012300
-9
-3
3
144
-813
4198
2013325
-12
-6
6
157
-817
4198
2014350
-21
-4
3
152
-824
4193
2015375
-27
-3
2
145
-836
4187
2008192
-15
-2
2
138
-834
4189
2009217
-3
-4
8
153
-824
4192
2010242
8
-8
9
164
-835
4187
2011267
7
-6
4
146
-833
4184
2012292
7
-3
5
127
-842
4198
2013317
23
-6
10
129
-828
4189
2014342
28
-7
11
149
-811
4199
2015367
18
-6
13
161
-796
4206
2016392
-1
-6
14
179
-805
4203
2017417
-22
-5
7
166
-823
4192
2018442
-25
-4
3
156
-852
4184
2019467
-12
-2
-1
142
-834
4195
2020492
-7
-2
0
134
-804
4197
2021517
-6
-4
12
122
-801
4193
2022542
20
-13
27
155
-826
4201
2023567
3
-10
26
176
-814
4198
2016384
-15
-7
17
181
-835
4178
2017409
-21
-4
5
154
-885
4180
2018434
1
-3
-5
147
-861
4189
2019459
23
-1
-6
122
-795
4190
2020484
17
-3
8
119
-768
4205
2021509
-12
-10
17
172
-823
4204
2022534
-18
-7
10
181
-855
4183
2023559
-2
-3
4
146
-853
4174
2024584
12
-3
2
145
-834
4197
2025609
6
-5
-2
176
-795
4217
2026634
-26
-2
-6
168
-750
4202
2027659
-69
0
-2
133
-807
4180
2028684
-76
-1
7
113
-872
4204
2029709
-59
-7
8
162
-872
4172
2030734
-40
-2
8
149
-868
4182
2031759
-20
-4
12
145
-889
4199
2024897
-10
-7
2
168
-892
4176
2025922
3
-3
-10
154
-887
4166
2026947
33
0
-6
104
-863
4191
2027972
50
-6
5
146
-802
4198
2028997
29
-8
6
181
-809
4201
2030022
13
-5
4
167
-843
4192
2031047
19
-4
-1
146
-860
4177
2032072
35
-4
-5
152
-853
4199
2033097
41
-4
-6
165
-794
4206
2034122
14
-4
-5
168
-764
4198
2035147
-13
-3
-3
150
-835
4197
2036172
0
-4
-2
143
-863
4189
2037197
17
-6
-7
167
-841
4177
2038222
21
-1
-13
153
-815
4192
2039247
18
-2
-10
127
-826
4198
2040272
21
-6
-2
146
-832
4190
2032771
17
-5
-2
160
-809
4183
2033796
16
-2
-2
145
-809
4184
2034821
19
-5
4
138
-829
4196
2035846
26
-7
3
156
-826
4195
2036871
27
-5
-3
153
-809
4187
2037896
37
-3
2
130
-824
4196
2038921
50
-7
8
150
-810
4204
2039946
44
-7
5
175
-773
4205
2040971
28
-6
4
157
-771
4189
2041996
18
-4
8
135
-804
4200
2043021
16
-5
12
148
-798
4208
2044046
9
-8
15
176
-782
4188
2045071
-2
-5
12
163
-786
4191
2046096
-10
-4
13
148
-803
4196
2047121
-22
-5
10
164
-816
4198
2048146
-14
-2
5
145
-781
4201
2040960
-20
-3
9
135
-763
4206
2041985
-39
-6
12
159
-810
4188
2043010
-35
-3
10
150
-835
4195
2044035
-26
-5
6
165
-837
4195
2045060
-26
-1
-3
158
-821
4182
2046085
-5
-1
-3
145
-802
4194
2047110
1
-2
0
130
-798
4201
2048135
1
-5
1
152
-794
4193
2049160
-4
-3
5
153
-797
4188
2050185
-1
-5
11
146
-819
4204
2051210
3
-7
7
165
-815
4192
2052235
0
-6
2
163
-842
4166
2053260
17
-3
6
115
-842
4193
2054285
42
-8
18
129
-849
4190
2055310
60
-10
18
165
-783
4214
2056335
27
-9
7
197
-723
4212
2049151
-37
-6
-13
205
-774
4178
2050176
-73
4
-27
147
-802
4190
2051201
-69
6
-23
105
-838
4219
2052226
-21
-9
-8
143
-840
4154
2053251
9
-6
9
139
-823
4180
2054276
24
-5
20
123
-812
4217
2055301
12
-9
16
154
-846
4159
2056326
38
-2
8
143
-856
4195
2057351
86
-7
15
122
-854
4204
2058376
105
-9
3
157
-773
4166
2059401
96
-3
4
157
-759
4222
2060426
76
-8
4
212
-713
4224
2061451
31
-8
-3
222
-667
4182
2062476
-27
2
-10
163
-724
4211
2063501
-40
-2
-2
133
-802
4214
2064526
-25
-6
-1
159
-792
4190
2057344
-22
-1
0
152
-765
4209
2058369
-32
-2
5
142
-771
4210
2059394
-38
-4
5
146
-815
4184
2060419
-26
-3
2
142
-815
4197
2061444
-10
-4
2
151
-796
4196
2062469
-13
-5
4
161
-788
4195
2063494
-21
-4
4
158
-793
4207
2064519
-29
-3
2
149
-780
4200
2065544
-36
-4
0
149
-798
4186
2066569
-32
-2
2
147
-813
4191
2067594
-22
-3
7
142
-790
4199
2068619
-22
-4
11
156
-773
4189
2069644
-36
-4
13
162
-791
4203
2070669
-42
-5
16
146
-826
4193
2071694
-34
-6
13
136
-843
4170
2072719
-21
-5
6
162
-828
4199
2065537
-22
-2
3
153
-786
4208
2066562
-44
-4
1
149
-802
4177
2067587
-52
-3
-2
156
-884
4176
2068612
-46
4
-16
142
-881
4185
2069637
-13
2
-31
145
-809
4183
2070662
-19
2
-36
152
-800
4202
2071687
-20
0
-29
152
-822
4197
2072712
-10
-1
-18
152
-805
4184
2073737
-8
-2
-3
155
-806
4197
2074762
-7
-5
10
166
-799
4200
2075787
-29
-6
11
163
-818
4185
2076812
-38
-3
11
148
-857
4199
2077837
-24
-4
10
149
-845
4190
2078862
-17
-4
13
157
-815
4192
2079887
-33
-4
15
156
-812
4198
2080912
-53
-6
12
152
-843
4180
2073727
-54
-4
9
150
-859
4179
2074752
-45
-3
6
152
-842
4195
2075777
-36
-5
8
150
-835
4184
2076802
-40
-4
14
139
-847
4184
2077827
-36
-7
24
149
-873
4195
2078852
-44
-7
15
160
-870
4175
2079877
-47
-4
2
156
-902
4178
2080902
-25
-3
1
160
-892
4178
2081927
-9
-1
0
124
-874
4190
2082952
-9
-5
5
130
-891
4181
2083977
4
-9
8
161
-889
4176
2085002
8
-6
11
162
-862
4175
2086027
-3
-3
9
158
-872
4186
2087052
-4
-4
10
148
-865
4188
2088077
-4
-6
10
154
-869
4187
2089102
-6
-4
8
158
-853
4177
2081920
-20
-3
6
153
-852
4183
2082945
-33
-4
7
159
-866
4190
2083970
-33
-3
5
149
-882
4177
2084995
-26
-3
7
141
-884
4180
2086020
-20
-4
9
138
-893
4189
2087045
-20
-4
3
148
-896
4182
2088070
-19
-1
-3
147
-911
4177
2089095
-5
1
-5
132
-902
4185
2090120
10
-6
-5
152
-885
4174
2091145
7
-5
-7
166
-854
4192
2092170
-21
-3
-8
151
-839
4184
2093195
-14
-7
-1
142
-912
4173
2094220
3
-8
1
143
-949
4167
2095245
30
-7
-4
152
-931
4169
2096270
41
-5
-8
149
-875
4163
2097295
43
-4
-7
136
-873
4185
2090112
41
-6
1
154
-875
4188
2091137
39
-8
5
185
-834
4175
2092162
27
-5
8
164
-836
4195
2093187
11
-3
8
135
-857
4189
2094212
-3
-5
5
154
-890
4176
2095237
5
-4
2
153
-858
4188
2096262
-7
-4
1
158
-825
4181
2097287
-34
-3
-3
165
-860
4182
2098312
-38
-2
-4
161
-872
4178
2099337
-39
-2
-4
156
-897
4171
2100362
-41
-1
-10
152
-903
4183
2101387
-38
0
-19
155
-847
4183
2102412
-50
-2
-7
137
-944
4179
2103437
-33
0
-17
127
-915
4177
2104462
-1
-4
0
131
-890
4184
2105487
6
-6
9
161
-832
4185
2098303
-21
-6
14
173
-871
4181
2099328
-30
-4
11
155
-930
4167
2100353
-14
-3
7
134
-941
4173
2101378
8
-5
5
153
-887
4186
2102403
3
-6
4
165
-852
4173
2103428
-17
-4
6
151
-891
4175
2104453
-14
-4
10
128
-922
4177
2105478
-3
-7
11
155
-908
4182
2106503
-5
-5
6
164
-879
4192
2107528
-13
-2
3
157
-868
4182
2108553
-26
-2
2
152
-887
4166
2109578
-11
-2
3
139
-918
4193
2110603
-6
-4
6
149
-880
4183
2111628
-15
-5
5
166
-876
4185
2112653
-24
-4
-1
150
-918
4179
2113678
-11
-7
0
147
-959
4153
2106496
4
-3
3
144
-919
4180
2107521
11
-6
11
165
-850
4188
2108546
-18
-6
11
166
-864
4173
2109571
-48
-3
8
146
-948
4167
2110596
-31
-2
3
140
-973
4171
2111621
-2
-2
-2
146
-905
4167
2112646
2
-3
2
143
-877
4184
2113671
0
-6
11
147
-893
4188
2114696
-6
-6
16
148
-912
4174
2115721
-5
-6
16
159
-946
4169
2116746
7
-5
9
153
-930
4177
2117771
14
-5
6
152
-902
4176
2118796
13
-5
7
156
-884
4188
2119821
-6
-5
6
158
-893
4171
2120846
-15
-4
4
160
-916
4170
2121871
-7
-3
2
146
-933
4180
2114688
6
-4
3
136
-926
4175
2115713
19
-6
4
143
-910
4172
2116738
22
-8
7
159
-885
4191
2117763
7
-5
6
163
-883
4178
2118788
1
-4
3
154
-908
4174
2119813
7
-5
4
145
-918
4186
2120838
9
-5
2
147
-910
4178
2121863
7
-4
-2
157
-883
4171
2122888
-4
-2
-3
139
-888
4186
2123913
-11
-3
4
139
-904
4184
2124938
-17
-5
5
160
-916
4170
2125963
0
-4
7
147
-938
4179
2126988
28
-7
10
151
-915
4179
2128013
29
-5
8
143
-896
4183
2129038
26
-5
4
148
-877
4188
2130063
15
-7
3
154
-886
4174
2122880
15
-7
0
153
-921
4162
2123905
29
-5
1
138
-904
4182
2124930
32
-7
3
153
-891
4186
2125955
24
-6
0
166
-882
4184
2126980
9
-2
-4
160
-867
4183
2128005
-15
-1
-8
150
-895
4171
2129030
4
-5
-8
154
-916
4176
2130055
16
-2
-10
148
-887
4188
2131080
11
-3
-11
153
-855
4193
2132105
0
-3
-9
143
-872
4184
2133130
5
-5
-3
146
-885
4181
2134155
19
-5
4
148
-870
4179
2135180
24
-6
13
156
-839
4181
2136205
12
-5
21
156
-838
4198
2137230
-15
-9
22
165
-892
4171
2138255
-15
-5
10
148
-950
4165
2131073
1
1
-2
128
-935
4181
2132098
31
-6
-2
158
-894
4168
2133123
31
-3
-5
157
-820
4189
2134148
-9
-4
-8
168
-862
4187
2135173
-17
-2
-12
153
-921
4178
2136198
10
-2
-15
145
-902
4173
2137223
35
-4
-12
156
-852
4185
2138248
26
-6
-7
154
-845
4183
2139273
17
-4
-1
138
-853
4181
2140298
13
-6
5
159
-853
4183
2141323
7
-6
5
166
-858
4185
2142348
4
-5
5
162
-867
4185
2143373
9
-5
6
147
-874
4184
2144398
10
-6
3
152
-857
4182
2145423
4
-5
1
150
-849
4194
2146448
-13
-4
2
160
-863
4180
2139263
-8
-6
0
172
-882
4173
2140288
-6
-2
-15
148
-902
4171
2141313
24
-2
-15
125
-887
4185
2142338
47
-5
-7
142
-801
4193
2143363
21
-8
1
162
-796
4199
2144388
-17
-7
4
168
-870
4183
2145413
-23
-4
1
160
-899
4176
2146438
-12
-2
-6
151
-897
4184
2147463
-3
-3
-18
165
-885
4175
2148488
7
0
-27
140
-882
4178
2149513
13
0
-28
127
-866
4189
2150538
18
-4
-24
163
-846
4187
2151563
13
-5
-22
179
-818
4190
2152588
0
-2
-13
159
-830
4184
2153613
4
-3
1
141
-836
4178
2154638
2
-5
10
159
-827
4183
2147456
-17
-5
12
169
-838
4183
2148481
-20
-2
13
137
-875
4186
2149506
9
-6
18
140
-890
4179
2150531
29
-9
18
162
-840
4189
2151556
10
-6
13
169
-862
4190
2152581
-6
-2
6
135
-875
4192
2153606
15
-5
4
154
-891
4191
2154631
25
-5
-6
176
-842
4191
2155656
19
-3
-9
159
-813
4189
2156681
4
-5
-7
157
-836
4187
2157706
0
-3
-4
144
-851
4198
2158731
4
-4
1
150
-843
4181
2159756
2
-6
3
162
-845
4185
2160781
-1
-4
1
147
-875
4187
2161806
14
-5
-2
139
-880
4190
2162831
33
-6
-4
167
-833
4176
2155649
33
-5
-1
163
-803
4200
2156674
18
-7
6
162
-822
4198
2157699
3
-6
7
166
-836
4185
2158724
-6
-4
3
153
-844
4190
2159749
-7
-5
1
146
-849
4179
2160774
-3
-4
0
156
-845
4179
2161799
5
-3
4
152
-826
4199
2162824
1
-5
9
155
-814
4186
2163849
-14
-5
10
158
-824
4188
2164874
-15
-4
11
139
-847
4197
2165899
-4
-6
13
148
-855
4185
2166924
4
-6
14
162
-836
4190
2167949
3
-5
14
164
-818
4193
2168974
-15
-4
11
150
-841
4188
2169999
-13
-4
8
144
-879
4184
2171024
10
-6
5
159
-843
4180
2163839
15
-5
2
170
-830
4193
2164864
7
-5
3
159
-825
4195
2165889
-2
-4
3
155
-833
4183
2166914
-1
-5
3
159
-846
4192
2167939
2
-5
3
163
-834
4192
2168964
1
-4
3
155
-828
4180
2169989
2
-5
6
153
-845
4184
2171014
11
-5
9
141
-846
4193
2172039
15
-6
8
149
-841
4190
2173064
12
-5
3
151
-840
4191
2174089
13
-4
-2
150
-847
4186
2175114
20
-3
-4
143
-852
4188
2176139
32
-4
-5
156
-825
4197
2177164
24
-6
-5
162
-809
4182
2178189
13
-4
-6
159
-825
4188
2179214
15
-3
-5
148
-834
4199
2172032
18
-4
-4
167
-812
4194
2173057
5
-4
-3
160
-815
4190
2174082
2
-4
2
149
-819
4188
2175107
13
-4
10
145
-814
4204
2176132
17
-7
22
167
-817
4205
2177157
12
-10
25
187
-794
4187
2178182
-6
-7
24
177
-819
4186
2179207
-11
-4
17
140
-846
4200
2180232
4
-6
17
151
-840
4192
2181257
17
-7
16
171
-807
4189
2182282
13
-5
18
156
-800
4203
2183307
-2
-5
18
148
-816
4204
2184332
-9
-5
16
156
-831
4191
2185357
-6
-5
14
155
-827
4196
2186382
-4
-4
14
146
-831
4197
2187407
1
-4
13
138
-846
4196
2180224
17
-6
16
144
-826
4193
2181249
16
-8
19
174
-766
4202
2182274
-21
-6
18
179
-786
4207
2183299
-39
-4
15
149
-849
4184
2184324
-24
-4
12
147
-831
4184
2185349
-25
-4
14
164
-804
4204
2186374
-36
-5
11
165
-825
4194
2187399
-36
-3
4
147
-852
4178
2188424
-22
-1
2
124
-845
4184
2189449
-8
-5
7
140
-844
4193
2190474
0
-7
9
167
-825
4189
2191499
-7
-4
9
154
-815
4187
2192524
-12
-3
9
142
-843
4190
2193549
-8
-5
7
148
-863
4185
2194574
3
-5
3
155
-858
4184
2195599
11
-4
1
146
-834
4190
2188417
9
-5
1
163
-821
4200
2189442
2
-5
2
166
-825
4186
2190467
-3
-3
1
156
-840
4189
2191492
-1
-2
0
138
-849
4190
2192517
6
-4
-1
153
-845
4188
2193542
10
-4
-3
161
-826
4197
2194567
6
-5
-1
158
-826
4193
2195592
6
-4
0
159
-826
4199
2196617
4
-4
2
152
-837
4201
2197642
4
-6
-3
165
-839
4181
2198667
9
-3
-7
152
-835
4192
2199692
15
-4
-4
157
-828
4197
2200717
15
-4
0
156
-806
4199
2201742
0
-6
0
165
-800
4185
2202767
-12
-4
2
144
-842
4195
2203792
1
-4
3
144
-846
4201
2196608
6
-6
2
166
-820
4190
2197633
-1
-5
1
167
-818
4191
2198658
0
-3
1
151
-835
4186
2199683
6
-4
1
146
-824
4198
2200708
5
-6
1
157
-811
4189
2201733
-4
-4
1
159
-813
4196
2202758
-7
-5
3
157
-838
4194
2203783
-1
-4
3
151
-827
4186
2204808
0
-4
2
150
-819
4194
2205833
-5
-5
2
162
-821
4193
2206858
-6
-4
2
160
-818
4198
2207883
-8
-4
6
148
-817
4191
2208908
-7
-5
9
156
-825
4196
2209933
-12
-7
7
164
-820
4188
2210958
-16
-3
7
150
-856
4192
2211983
0
-4
2
148
-845
4192
2204801
8
-6
0
157
-820
4188
2205826
-2
-4
1
159
-809
4200
2206851
-13
-5
0
163
-819
4191
2207876
-14
-3
1
144
-848
4188
2208901
-4
-3
1
141
-841
4193
2209926
1
-4
-1
164
-821
4191
2210951
-2
-4
2
153
-817
4197
2211976
-5
-5
7
146
-845
4193
2213001
1
-5
9
153
-838
4191
2214026
1
-6
5
170
-835
4197
2215051
-2
-4
0
159
-843
4199
2216076
1
-3
-2
153
-846
4189
2217101
8
-4
-2
153
-825
4186
2218126
3
-5
1
160
-786
4198
2219151
-19
-4
4
156
-823
4190
2220176
-17
-3
4
144
-858
4191
2212993
-2
-4
0
151
-840
4188
2214018
1
-4
-2
167
-849
4188
2215043
11
-3
-5
157
-854
4188
2216068
19
-4
-11
156
-841
4192
2217093
36
-6
-14
149
-822
4195
2218118
49
-10
-8
157
-803
4198
2219143
25
-9
-4
166
-815
4198
2220168
4
-7
-6
194
-765
4222
2221193
-51
-4
-16
151
-787
4193
2222218
-31
-6
-8
128
-875
4173
2223243
37
-6
12
120
-836
4208
2224268
42
-13
27
184
-727
4209
2225293
-33
-10
28
194
-744
4199
2226318
-74
-6
38
167
-821
4201
2227343
-77
-7
41
162
-871
4206
2228368
-71
-8
22
189
-860
4165
2221184
-59
-2
8
165
-851
4155
2222209
-25
1
22
110
-889
4193
2223234
24
-5
40
107
-868
4180
2224259
71
-15
49
173
-820
4188
2225284
29
-13
44
226
-744
4206
2226309
-64
-4
34
189
-817
4190
2227334
-84
-1
28
149
-935
4172
2228359
-10
-3
22
119
-931
4173
2229384
19
-5
20
136
-832
4187
2230409
-7
-6
24
164
-789
4191
2231434
-19
-5
34
141
-848
4200
2232459
-22
-9
43
166
-906
4162
2233484
10
-7
36
171
-871
4178
2234509
38
-8
43
148
-857
4197
2235534
58
-11
48
145
-861
4179
2236559
75
-9
49
142
-828
4206
2229375
47
-9
40
164
-771
4213
2230400
-11
-7
35
164
-780
4208
2231425
-26
-6
37
148
-866
4192
2232450
12
-7
41
140
-905
4184
2233475
33
-7
38
149
-873
4174
2234500
41
-8
38
159
-841
4199
2235525
38
-7
34
166
-768
4204
2236550
7
-6
31
157
-759
4207
2237575
-46
-5
23
154
-830
4197
2238600
-60
-3
14
151
-910
4183
2239625
-12
-4
6
142
-890
4186
2240650
24
-3
5
138
-836
4201
2241675
23
-3
6
159
-792
4206
2242700
2
-3
6
154
-812
4200
2243725
-7
-5
8
165
-856
4177
2244750
-2
-5
8
165
-853
4191
2237568
24
-5
6
155
-809
4195
2238593
18
-4
7
136
-809
4194
2239618
12
-6
10
144
-877
4194
2240643
39
-8
8
174
-856
4192
2241668
28
-6
-2
171
-778
4193
2242693
1
-2
-5
138
-809
4205
2243718
4
-5
-3
129
-868
4193
2244743
26
-8
-2
151
-869
4181
2245768
70
-7
-5
162
-834
4195
2246793
87
-7
-9
152
-779
4193
2247818
67
-7
-12
150
-772
4207
2248843
31
-8
-10
151
-810
4211
2249868
30
-9
-13
173
-813
4184
2250893
58
-5
-18
153
-791
4193
2251918
59
-6
-21
142
-802
4228
2252943
45
-7
-20
159
-770
4203
2245760
21
-4
-20
157
-771
4197
2246785
56
-5
-20
157
-799
4214
2247810
87
-6
-18
154
-793
4194
2248835
104
-6
-20
153
-772
4201
2249860
80
-6
-18
154
-744
4217
2250885
30
-6
-18
166
-727
4219
2251910
-26
-4
-22
172
-724
4190
2252935
-2
-3
-29
161
-772
4198
2253960
27
-4
-35
168
-767
4202
2254985
2
1
-36
171
-717
4224
2256010
-38
-1
-23
165
-696
4222
2257035
-44
-5
-5
144
-768
4201
2258060
-40
-5
1
125
-796
4195
2259085
-35
-6
-8
155
-776
4178
2260110
20
-5
-17
176
-789
4201
2261135
29
-2
-26
165
-764
4224
2253952
-14
0
-36
154
-760
4216
2254977
-5
-3
-38
154
-796
4197
2256002
61
-3
-44
160
-791
4206
2257027
68
-2
-60
173
-742
4212
2258052
50
-1
-78
164
-718
4217
2259077
43
-1
-82
168
-729
4207
2260102
59
-1
-80
172
-715
4201
2261127
72
3
-78
153
-692
4205
2262152
67
2
-72
141
-713
4206
2263177
64
0
-64
171
-703
4211
2264202
46
-1
-63
192
-703
4164
2265227
55
6
-62
180
-750
4265
2266252
81
3
-69
124
-696
4254
2267277
74
-13
-84
184
-681
4135
2268302
67
4
-103
173
-750
4253
2269327
88
8
-114
128
-694
4245
2262145
74
-1
-113
191
-627
4160
2263170
62
12
-113
186
-627
4232
2264195
63
14
-96
139
-607
4232
2265220
60
6
-70
171
-590
4194
2266245
43
9
-50
180
-592
4236
2267270
39
2
-26
158
-608
4227
2268295
35
-6
-8
182
-616
4200
2269320
25
-1
1
157
-635
4232
2270345
29
-4
7
150
-620
4233
2271370
16
-8
12
169
-626
4206
2272395
15
-5
11
170
-638
4214
2273420
23
-4
12
152
-629
4234
2274445
26
-8
17
159
-614
4215
2275470
24
-8
17
178
-615
4216
2276495
10
-6
13
174
-630
4225
2277520
3
-6
9
182
-629
4201
2270336
3
-1
2
161
-643
4219
2271361
8
-3
-1
156
-633
4228
2272386
17
-5
-2
171
-622
4218
2273411
15
-3
-3
160
-596
4225
2274436
4
-4
-2
164
-597
4228
2275461
-2
-5
-1
173
-614
4219
2276486
1
-4
-3
169
-622
4218
2277511
6
-3
-2
160
-599
4218
2278536
7
-5
1
167
-596
4218
2279561
7
-4
2
171
-608
4224
2280586
-2
-3
-1
169
-620
4225
2281611
-6
-5
-3
172
-642
4216
2282636
14
-5
-9
166
-630
4217
2283661
22
-4
-14
166
-607
4219
2284686
10
-3
-15
159
-608
4214
2285711
12
-2
-17
159
-587
4217
2278527
7
-3
-15
163
-593
4235
2279552
-3
-3
-10
168
-592
4225
2280577
-9
-4
-6
167
-580
4214
2281602
-11
-2
-3
156
-600
4219
2282627
-5
-4
2
162
-617
4221
2283652
-2
-4
2
167
-598
4231
2284677
-4
-5
3
164
-596
4230
2285702
-2
-4
3
156
-606
4222
2286727
2
-5
3
164
-614
4223
2287752
0
-5
3
168
-605
4228
2288777
-1
-3
2
168
-607
4219
2289802
3
-4
2
166
-618
4219
2290827
3
-4
2
161
-590
4226
2291852
-1
-5
3
170
-590
4222
2292877
-2
-5
6
169
-606
4222
2293902
-7
-4
5
157
-603
4220
2286720
-8
-4
6
165
-611
4226
2287745
-7
-4
4
167
-619
4220
2288770
3
-3
0
161
-609
4223
2289795
3
-5
-1
172
-607
4223
2290820
15
-5
1
156
-601
4225
2291845
12
-5
0
161
-584
4218
2292870
3
-5
2
167
-590
4223
2293895
-1
-4
2
166
-599
4228
2294920
-1
-7
4
174
-611
4210
2295945
7
-4
-1
162
-601
4222
2296970
4
-4
0
164
-611
4226
2297995
13
-4
5
160
-586
4223
2299020
6
-7
7
178
-586
4223
2300045
-2
-5
7
168
-594
4218
2301070
-10
-4
3
159
-598
4235
2302095
-10
-6
3
174
-643
4219
2294913
7
-2
0
152
-604
4229
2295938
3
-4
0
167
-580
4220
2296963
-7
-4
0
166
-601
4222
2297988
-2
-3
2
165
-599
4222
2299013
-2
-4
3
166
-591
4216
2300038
-2
-4
5
163
-603
4226
2301063
2
-4
6
169
-604
4220
2302088
6
-4
6
166
-596
4228
2303113
3
-4
7
168
-594
4230
2304138
12
-6
8
165
-601
4222
2305163
22
-8
7
171
-589
4223
2306188
4
-4
3
160
-590
4230
2307213
-2
-5
2
166
-599
4219
2308238
0
-4
3
165
-606
4219
2309263
6
-4
2
154
-581
4222
2310288
3
-5
0
170
-577
4217
2303210
0
-4
3
171
-593
4231
2304235
1
-4
5
168
-592
4223
2305260
-2
-5
4
163
-591
4211
2306285
-5
-3
4
161
-595
4226
2307310
-2
-5
5
163
-602
4224
2308335
3
-5
1
164
-599
4222
2309360
4
-5
1
167
-597
4228
2310385
6
-5
3
170
-591
4223
2311410
5
-5
3
164
-583
4212
2312435
3
-4
4
162
-590
4227
2313460
4
-5
5
166
-589
4222
2314485
2
-5
3
171
-594
4230
2315510
3
-3
1
163
-589
4228
2316535
4
-3
1
165
-583
4230
2317560
0
-5
1
169
-593
4227
2318585
-2
-5
-1
166
-597
4225
2311297
2
-3
-1
164
-592
4221
2312322
4
-3
-3
165
-601
4230
2313347
4
-4
-4
165
-593
4219
2314372
4
-4
-4
169
-567
4226
2315397
-3
-3
1
171
-578
4231
2316422
-6
-4
3
159
-592
4218
2317447
-2
-3
2
159
-595
4225
2318472
3
-5
1
166
-598
4228
2319497
6
-4
2
166
-595
4221
2320522
8
-4
0
172
-582
4221
2321547
2
-5
2
169
-587
4233
2322572
0
-5
4
161
-583
4224
2323597
-2
-4
3
167
-574
4217
2324622
-6
-3
4
163
-598
4241
2325647
2
-5
3
163
-610
4223
2326672
5
-4
-2
170
-582
4219
2319488
-2
-2
0
162
-575
4234
2320513
-14
-3
3
162
-577
4221
2321538
-5
-4
4
162
-589
4219
2322563
-5
-4
4
169
-581
4228
2323588
-5
-4
4
167
-594
4229
2324613
1
-4
3
168
-602
4222
2325638
3
-3
-1
156
-586
4221
2326663
5
-5
0
167
-583
4222
2327688
3
-3
-1
167
-573
4229
2328713
-1
-4
1
156
-577
4225
2329738
-1
-5
1
173
-583
4216
2330763
1
-4
1
165
-587
4225
2331788
5
-5
1
157
-583
4229
2332813
7
-6
0
167
-582
4226
2333838
8
-5
0
166
-578
4225
2334863
8
-5
0
166
-582
4218
2327680
10
-6
0
165
-585
4216
2328705
9
-4
-2
167
-563
4228
2329730
3
-3
2
166
-574
4243
2330755
0
-5
1
168
-586
4222
2331780
5
-5
-2
164
-568
4218
2332805
-2
-3
-1
164
-564
4220
2333830
-1
-3
1
164
-575
4220
2334855
-1
-4
1
165
-572
4217
2335880
-3
-4
3
168
-574
4225
2336905
-2
-5
4
168
-581
4228
2337930
-1
-4
3
167
-581
4226
2338955
1
-4
4
166
-575
4216
2339980
3
-5
4
165
-576
4220
2341005
0
-4
3
165
-563
4221
2342030
-4
-5
5
169
-572
4220
2343055
-1
-5
4
166
-588
4229
2335872
3
-5
3
164
-573
4229
2336897
2
-4
3
168
-563
4235
2337922
-1
-4
4
167
-568
4219
2338947
-2
-4
3
165
-571
4225
2339972
-2
-4
3
169
-579
4229
2340997
0
-3
2
165
-577
4225
2342022
4
-3
2
159
-566
4220
2343047
3
-4
4
166
-554
4228
2344072
-7
-5
5
173
-572
4224
2345097
-6
-5
5
164
-586
4224
2346122
-2
-5
4
167
-582
4219
2347147
0
-3
4
158
-574
4230
2348172
0
-5
4
165
-571
4231
2349197
-1
-5
3
165
-581
4221
2350222
-1
-4
4
160
-582
4219
2351247
4
-4
3
163
-573
4228
2344064
8
-5
4
166
-570
4222
2345089
2
-5
6
168
-564
4218
2346114
-2
-6
4
178
-581
4228
2347139
6
-2
4
164
-584
4239
2348164
11
-4
3
157
-564
4214
2349189
4
-5
1
171
-549
4220
2350214
-4
-4
1
173
-563
4235
2351239
-10
-4
3
158
-587
4219
2352264
-4
-3
0
155
-585
4216
2353289
0
-2
-3
160
-567
4233
2354314
2
-3
-2
166
-560
4232
2355339
-1
-4
0
169
-574
4223
2356364
-2
-3
0
170
-577
4225
2357389
-4
-4
-2
164
-600
4228
2358414
-3
-3
-10
161
-580
4238
2359439
-6
-2
-14
167
-554
4235
2352256
-4
-4
-8
160
-593
4223
2353281
3
-2
-12
159
-543
4203
2354306
3
0
-8
156
-576
4235
2355331
11
-6
-2
165
-560
4220
2356356
2
-4
0
172
-547
4228
2357381
-1
-3
2
165
-562
4240
2358406
6
-7
3
179
-577
4228
2359431
4
-7
0
189
-562
4212
2360456
3
-3
-3
166
-561
4214
2361481
6
-3
-5
156
-589
4231
2362506
16
-8
-8
171
-577
4221
2363531
11
-7
-15
189
-569
4216
2364556
13
-3
-17
168
-564
4236
2365581
19
-3
-12
159
-508
4227
2366606
1
-4
-1
174
-498
4234
2367631
-10
-3
13
157
-511
4227
2360448
-12
-5
26
145
-520
4210
2361473
-32
-8
30
180
-561
4240
2362498
-47
-7
20
174
-645
4225
2363523
-26
-4
0
156
-624
4199
2364548
-2
0
-9
129
-605
4241
2365573
30
-5
1
153
-557
4232
2366598
19
-8
9
188
-482
4228
2367623
-28
-5
11
188
-551
4226
2368648
-29
-2
13
148
-642
4218
2369673
15
-3
13
147
-620
4237
2370698
38
-7
11
178
-556
4234
2371723
17
-5
6
173
-558
4204
2372748
16
-2
2
153
-620
4220
2373773
41
-3
-7
148
-594
4237
2374798
50
-6
-14
185
-552
4219
2375823
42
-4
-18
183
-533
4230
2368639
24
-1
-17
169
-551
4225
2369664
31
-1
-15
152
-550
4227
2370689
50
-6
-15
173
-507
4224
2371714
29
-5
-16
174
-538
4241
2372739
31
-5
-17
170
-555
4231
2373764
44
-4
-20
162
-535
4228
2374789
45
-6
-24
172
-511
4231
2375814
30
-6
-26
168
-516
4230
2376839
28
-6
-27
165
-537
4234
2377864
36
-5
-28
162
-528
4245
2378889
42
-8
-26
179
-514
4224
2379914
47
-4
-23
163
-478
4224
2380939
41
-3
-17
148
-462
4248
2381964
35
-6
-7
159
-485
4243
2382989
31
-6
-4
178
-483
4222
2384014
21
-5
-2
178
-495
4243
2377001
25
-5
-2
165
-507
4241
2378026
27
-5
-5
172
-495
4227
2379051
23
-3
-6
168
-477
4233
2380076
13
-4
-4
154
-472
4238
2381101
15
-5
1
165
-483
4236
2382126
8
-5
3
169
-462
4242
2383151
-8
-6
4
177
-492
4244
2384176
-7
-4
1
173
-519
4228
2385201
7
-3
-1
157
-495
4221
2386226
7
-2
0
164
-456
4242
2387251
-11
-4
3
176
-457
4231
2388276
-27
-4
5
157
-493
4222
2389301
-20
-3
5
162
-516
4229
2390326
-5
-3
5
164
-508
4230
2391351
4
-3
8
170
-480
4226
2392376
-1
-4
10
178
-472
4228
2385024
-12
-3
12
167
-474
4244
2386049
-21
-5
12
184
-503
4239
2387074
-18
-3
10
162
-512
4222
2388099
-6
-3
9
159
-498
4236
2389124
-6
-5
9
171
-487
4242
2390149
-17
-5
7
176
-509
4235
2391174
-19
-5
1
177
-522
4230
2392199
-18
-2
-5
167
-508
4238
2393224
-11
-4
-6
160
-493
4235
2394249
-5
-6
-3
176
-485
4232
2395274
-13
-3
4
160
-487
4232
2396299
-11
-4
11
151
-477
4225
2397324
-18
-5
21
175
-473
4229
2398349
-24
-3
31
163
-472
4243
2399374
-35
-6
41
175
-474
4231
2400399
-50
-5
49
184
-501
4229
2393215
-60
-2
52
163
-526
4230
2394240
-60
-4
53
149
-537
4220
2395265
-47
-3
57
153
-526
4228
2396290
-41
-5
65
159
-496
4238
2397315
-60
-9
73
190
-492
4225
2398340
-80
-7
74
176
-543
4223
2399365
-64
-6
72
145
-611
4220
2400390
39
-15
72
164
-628
4209
2401415
127
-13
68
171
-563
4230
2402440
149
-10
64
150
-515
4241
2403465
145
-15
74
169
-490
4234
2404490
101
-15
76
195
-440
4234
2405515
48
-11
79
160
-471
4242
2406540
29
-14
84
151
-556
4224
2407565
59
-14
87
160
-563
4222
2408590
64
-13
81
168
-487
4239
2401408
31
-12
77
181
-439
4237
2402433
-21
-9
76
143
-441
4239
2403458
-32
-13
80
148
-488
4235
2404483
-36
-16
77
186
-498
4223
2405508
-41
-10
74
195
-524
4231
2406533
-32
-7
79
184
-467
4210
2407558
-47
2
86
201
-389
4230
2408583
-112
13
109
94
-454
4285
2409608
-149
-13
116
135
-635
4222
2410633
-90
-11
69
172
-676
4199
2411658
-25
-5
36
163
-638
4230
2412683
9
-5
28
164
-575
4223
2413708
22
-3
24
164
-491
4238
2414733
-23
-6
24
189
-423
4242
2415758
-113
-5
34
170
-465
4230
2416783
-140
-5
38
153
-610
4231
2409602
-67
-8
36
154
-658
4211
2410627
-16
-7
31
170
-593
4202
2411652
1
-2
31
144
-535
4242
2412677
-3
-9
39
167
-526
4223
2413702
-30
-11
44
200
-551
4202
2414727
-59
-4
40
174
-566
4242
2415752
-79
-3
45
144
-610
4211
2416777
-41
-3
57
98
-664
4202
2417802
16
-9
64
150
-606
4237
2418827
26
-14
67
262
-476
4211
2419852
-47
-2
68
204
-459
4220
2420877
-122
1
52
106
-669
4246
2421902
-88
-9
25
167
-767
4198
2422927
-28
-3
-7
157
-701
4211
2423952
0
-2
-28
145
-640
4229
2424977
-17
0
-39
125
-603
4222
2417792
-24
-1
-44
131
-616
4224
2418817
-8
-2
-32
145
-602
4228
2419842
7
-6
-11
177
-601
4212
2420867
35
-3
6
160
-580
4218
2421892
29
-5
20
168
-554
4230
2422917
-5
-7
23
201
-585
4237
2423942
-27
-5
8
184
-642
4224
2424967
-24
-5
-20
170
-709
4208
2425992
26
2
-35
95
-688
4213
2427017
88
-3
-12
109
-590
4221
2428042
73
-12
6
215
-498
4242
2429067
-17
-6
4
186
-499
4231
2430092
-77
-4
8
134
-645
4212
2431117
-55
-4
9
141
-707
4214
2432142
23
-6
2
143
-653
4217
2433167
54
-8
-8
191
-570
4215
2425984
8
-3
-17
187
-540
4242
2427009
-33
-4
-17
176
-582
4220
2428034
-30
-4
-19
156
-629
4211
2429059
-6
-3
-16
142
-630
4224
2430084
21
-4
-5
141
-600
4224
2431109
31
-7
8
165
-586
4218
2432134
7
-6
16
164
-585
4233
2433159
-29
-8
7
174
-617
4210
2434184
-15
-5
-4
169
-651
4201
2435209
25
-2
-7
144
-649
4224
2436234
60
-4
-4
142
-603
4218
2437259
52
-6
1
169
-546
4197
2438284
20
0
9
140
-579
4291
2439309
43
-12
30
155
-611
4259
2440334
44
-16
24
214
-552
4146
2441359
13
-1
8
170
-590
4272
2434176
11
-5
7
142
-603
4239
2435201
19
-8
1
173
-614
4182
2436226
47
-1
-2
148
-568
4261
2437251
62
-6
14
137
-511
4243
2438276
35
-10
30
190
-515
4195
2439301
-4
-5
30
177
-537
4231
2440326
-25
-3
36
151
-547
4234
2441351
-26
-5
41
155
-583
4213
2442376
-7
-5
41
154
-596
4235
2443401
-24
-2
30
156
-570
4243
2444426
-81
-2
17
188
-602
4196
2445451
-111
4
-6
182
-604
4212
2446476
-70
6
-14
151
-619
4248
2447501
-15
2
-3
120
-605
4259
2448526
-1
-6
4
160
-541
4202
2449551
-37
-4
9
179
-522
4217
2442367
-76
-3
16
164
-624
4241
2443392
-57
-2
22
150
-684
4232
2444417
-14
-4
26
150
-620
4227
2445442
-7
-6
35
157
-547
4220
2446467
-43
-6
37
174
-611
4218
2447492
-53
-5
30
164
-711
4220
2448517
-18
-2
14
137
-685
4208
2449542
6
-4
5
156
-618
4217
2450567
1
-3
3
150
-605
4233
2451592
0
-5
7
159
-623
4220
2452617
7
-5
12
161
-619
4208
2453642
-4
-5
12
146
-631
4216
2454667
-3
-4
7
150
-648
4238
2455692
1
-5
0
160
-646
4212
2456717
-5
-4
-10
155
-612
4220
2457742
-11
-4
-8
197
-585
4231
2450560
-31
-1
-3
179
-589
4245
2451585
-59
-2
-4
146
-621
4211
2452610
-66
-3
-9
147
-630
4197
2453635
-66
-3
-8
167
-663
4227
2454660
-58
-1
-7
134
-653
4221
2455685
-53
-4
9
138
-636
4207
2456710
-59
-5
18
180
-613
4238
2457735
-82
-6
25
166
-633
4227
2458760
-84
-6
28
159
-680
4205
2459785
-65
-5
31
153
-750
4216
2460810
-37
-7
24
159
-740
4189
2461835
-19
-4
15
133
-728
4207
2462860
5
-6
15
144
-700
4232
2463885
14
-7
15
161
-670
4197
2464910
9
-4
19
170
-678
4217
2465935
12
-5
25
159
-659
4243
2458752
-2
-9
26
185
-656
4192
2459777
-24
-6
18
176
-687
4225
2460802
-27
-5
8
153
-701
4227
2461827
-23
-6
-1
164
-715
4186
2462852
-5
-3
-9
149
-702
4207
2463877
-3
-4
-9
153
-676
4224
2464902
-2
-3
-5
151
-664
4210
2465927
-6
-3
8
132
-677
4222
2466952
-4
-7
17
149
-699
4221
2467977
9
-8
20
168
-683
4201
2469002
7
-5
16
167
-672
4222
2470027
-10
-6
10
168
-704
4214
2471052
-5
-4
4
154
-730
4197
2472077
14
-3
-2
152
-705
4203
2473102
21
-5
-4
152
-692
4222
2474127
23
-6
-3
155
-668
4213
2466944
11
-4
-1
151
-661
4214
2467969
5
-3
1
147
-699
4215
2468994
19
-5
4
157
-698
4210
2470019
22
-5
1
169
-661
4217
2471044
15
-3
0
156
-656
4219
2472069
11
-3
1
157
-660
4215
2473094
4
-4
3
161
-654
4214
2474119
-8
-4
3
166
-677
4227
2475144
-4
-4
2
155
-698
4209
2476169
7
-3
3
147
-692
4203
2477194
15
-4
3
169
-664
4220
2478219
3
-3
-3
175
-640
4221
2479244
-11
-4
-5
165
-681
4208
2480269
-2
-3
-6
152
-689
4216
2481294
9
-4
-6
160
-678
4212
2482319
14
-5
-3
156
-674
4203
2475136
11
-4
1
151
-672
4215
2476161
12
-5
-2
161
-712
4210
2477186
25
-4
-16
147
-716
4217
2478211
38
-3
-26
149
-643
4223
2479236
24
-3
-23
161
-624
4218
2480261
12
-2
-15
157
-634
4219
2481286
9
-4
-8
157
-633
4213
2482311
5
-4
-3
162
-657
4214
2483336
13
-4
5
172
-666
4211
2484361
18
-3
7
150
-648
4223
2485386
14
-6
9
159
-652
4219
2486411
8
-5
10
174
-632
4215
2487436
-6
-3
10
157
-644
4214
2488461
-8
-5
9
159
-654
4216
2489486
-1
-4
10
155
-660
4214
2490511
0
-4
9
155
-658
4212
2483327
-3
-3
5
147
-646
4211
2484352
-9
-4
1
156
-654
4212
2485377
-11
-3
1
149
-661
4210
2486402
-6
-4
2
150
-650
4216
2487427
-6
-4
6
163
-649
4209
2488452
-8
-4
7
164
-666
4214
2489477
-6
-4
7
154
-670
4223
2490502
-4
-4
6
155
-643
4212
2491527
-7
-3
7
152
-647
4222
2492552
-8
-5
11
158
-642
4215
2493577
-11
-4
14
147
-651
4226
2494602
-15
-7
14
174
-690
4210
2495627
-7
-2
9
151
-659
4221
2496652
-8
-4
8
156
-671
4208
2497677
-4
-5
5
158
-669
4215
2498702
-1
-4
5
162
-657
4216
2491520
-3
-4
6
159
-656
4213
2492545
-6
-5
5
157
-666
4215
2493570
-5
-4
2
159
-667
4217
2494595
-6
-4
0
152
-669
4221
2495620
-2
-4
0
153
-666
4219
2496645
1
-5
0
158
-660
4215
2497670
0
-5
1
164
-658
4217
2498695
-2
-4
1
157
-664
4207
2499720
2
-5
2
158
-677
4205
2500745
13
-5
3
151
-665
4221
2501770
17
-5
8
157
-637
4219
2502795
5
-6
10
168
-628
4214
2503820
-4
-5
8
163
-672
4221
2504845
0
-4
5
150
-693
4214
2505870
6
-4
3
151
-672
4220
2506895
7
-3
-2
154
-653
4220
2499712
6
-4
-3
155
-648
4218
2500737
0
-4
-2
156
-652
4214
2501762
0
-2
-1
158
-648
4224
2502787
-1
-3
2
156
-651
4222
2503812
-2
-4
1
164
-664
4212
2504837
3
-5
1
158
-668
4213
2505862
18
-7
2
158
-656
4216
2506887
16
-6
3
156
-641
4215
2507912
5
-5
4
155
-659
4209
2508937
8
-6
5
149
-640
4208
2509962
-5
-5
3
158
-648
4214
2510987
0
-5
4
169
-673
4208
2512012
1
-4
0
148
-651
4221
2513037
1
-5
1
166
-658
4212
2514062
7
-5
1
159
-640
4214
2515087
5
-4
3
161
-629
4212
2507904
-2
-5
5
160
-637
4214
2508929
0
-7
5
156
-654
4203
2509954
8
-5
5
156
-658
4209
2510979
11
-4
4
161
-650
4214
2512004
11
-6
5
159
-640
4209
2513029
11
-4
5
156
-637
4223
2514054
8
-5
6
160
-655
4212
2515079
8
-5
8
159
-649
4208
2516104
6
-4
5
163
-630
4212
2517129
5
-5
3
158
-651
4221
2518154
15
-4
4
145
-653
4213
2519179
31
-6
7
155
-629
4209
2520204
8
-6
2
170
-636
4207
2521229
6
-5
0
159
-663
4209
2522254
20
-4
-3
145
-654
4212
2523279
21
-4
-6
147
-628
4223
2516157
19
-5
-5
163
-608
4215
2517182
12
-5
-2
158
-607
4210
2518207
5
-3
3
155
-611
4214
2519232
3
-3
6
160
-623
4223
2520257
-1
-4
4
159
-628
4213
2521282
0
-5
1
161
-632
4206
2522307
3
-4
1
156
-627
4213
2523332
1
-5
3
157
-616
4219
2524357
-5
-4
4
161
-621
4218
2525382
-11
-5
6
163
-633
4207
2526407
-7
-5
5
161
-645
4209
2527432
0
-4
3
154
-641
4218
2528457
5
-5
2
154
-617
4214
2529482
-3
-5
2
161
-608
4220
2530507
-11
-5
5
164
-632
4222
2531532
-10
-5
3
158
-662
4204
2524288
-3
-4
0
158
-639
4205
2525313
-2
-3
-1
157
-623
4217
2526338
-6
-4
-2
154
-641
4217
2527363
-1
-5
-2
150
-637
4211
2528388
-2
-5
-3
158
-621
4214
2529413
-8
-5
0
159
-628
4219
2530438
-13
-4
2
153
-639
4219
2531463
-10
-4
4
157
-650
4220
2532488
-3
-4
3
162
-657
4213
2533513
5
-4
1
160
-633
4215
2534538
3
-3
1
150
-628
4221
2535563
1
-5
3
160
-635
4213
2536588
1
-5
0
170
-638
4206
2537613
4
-4
0
158
-661
4226
2538638
17
-3
1
147
-631
4217
2539663
15
-5
1
155
-617
4214
2532479
7
-4
1
157
-624
4224
2533504
-1
-5
-1
153
-638
4213
2534529
4
-4
-5
154
-648
4210
2535554
11
-3
-9
159
-624
4232
2536579
12
-6
-7
158
-614
4222
2537604
7
-5
-6
157
-608
4209
2538629
-2
-5
-4
155
-629
4215
2539654
4
-5
-1
150
-628
4225
2540679
4
-4
1
156
-601
4223
2541704
-4
-5
1
158
-598
4226
2542729
-9
-5
5
162
-616
4223
2543754
-9
-5
9
154
-634
4214
2544779
-7
-4
7
158
-630
4211
2545804
-7
-4
7
166
-619
4217
2546829
-11
-4
5
156
-647
4224
2547854
-2
-5
0
158
-629
4212
2540673
-2
-5
-1
161
-625
4221
2541698
-7
-4
0
156
-634
4234
2542723
-9
-7
1
158
-618
4218
2543748
-18
-6
-3
167
-639
4207
2544773
-15
-3
-8
156
-665
4222
2545798
-4
-4
-10
147
-619
4219
2546823
-15
-6
-7
146
-601
4227
2547848
-42
-5
-9
158
-602
4214
2548873
-72
-4
-10
158
-617
4220
2549898
-85
-5
-13
173
-681
4201
2550923
-71
1
-16
164
-696
4209
2551948
-31
-4
-20
160
-675
4227
2552973
-10
-6
-20
158
-671
4215
2553998
-9
-5
-21
154
-652
4215
2555023
-14
-4
-23
161
-665
4221
2556048
0
-3
-23
161
-689
4217
2548864
24
-6
-23
181
-677
4196
2549889
34
-4
-24
170
-628
4217
2550914
33
-3
-12
157
-617
4219
2551939
30
-2
2
166
-595
4220
2552964
12
-3
21
182
-572
4215
2553989
-13
-5
44
187
-573
4210
2555014
-30
-4
65
156
-611
4216
2556039
-31
-6
76
143
-679
4233
2557064
-32
-8
64
147
-739
4216
2558089
-4
-7
35
155
-748
4208
2559114
15
-4
5
153
-704
4220
2560139
30
-5
-7
144
-655
4222
2561164
18
-8
-5
162
-656
4210
2562189
25
-6
3
156
-598
4207
2563214
11
-5
14
155
-585
4216
2564239
-15
-5
24
164
-687
4236
2557056
0
-5
12
153
-703
4192
2558081
18
-4
-6
161
-692
4199
2559106
30
-1
-15
145
-677
4230
2560131
38
-4
-19
152
-640
4211
2561156
33
-6
-21
176
-614
4214
2562181
25
-3
-15
175
-604
4228
2563206
13
-6
-9
168
-630
4210
2564231
16
-6
-9
167
-638
4216
2565256
22
-5
-5
170
-620
4224
2566281
19
-5
1
161
-600
4214
2567306
5
-4
2
152
-619
4230
2568331
9
-4
7
149
-629
4207
2569356
16
-5
11
155
-629
4209
2570381
5
-4
4
149
-665
4228
2571406
17
-5
-3
151
-659
4232
2572431
26
-7
-8
171
-612
4205
2565248
9
-4
-12
165
-596
4233
2566273
-9
-4
-14
164
-640
4229
2567298
0
-4
-18
158
-655
4206
2568323
16
-2
-22
153
-626
4224
2569348
20
-5
-18
163
-607
4223
2570373
18
-6
-17
175
-590
4215
2571398
6
-5
-15
175
-586
4222
2572423
-2
-3
-6
165
-606
4222
2573448
4
-4
6
166
-587
4209
2574473
-2
-4
19
170
-582
4210
2575498
-13
-7
30
172
-618
4238
2576523
-15
-8
28
162
-633
4217
2577548
-20
-4
18
156
-624
4204
2578573
-25
-4
11
150
-651
4234
2579598
-8
-5
12
143
-652
4225
2580623
15
-4
15
146
-608
4217
2573439
13
-4
18
164
-600
4219
2574464
-3
-4
16
163
-638
4229
2575489
-4
-5
9
158
-681
4214
2576514
16
-5
-4
158
-668
4206
2577539
35
-2
-11
147
-627
4239
2578564
45
-3
-3
152
-579
4232
2579589
35
-6
10
185
-529
4214
2580614
-6
-6
17
189
-536
4223
2581639
-34
-6
22
162
-631
4224
2582664
-8
-5
26
145
-679
4211
2583689
24
-6
19
170
-619
4221
2584714
27
-5
17
164
-585
4225
2585739
9
-5
12
154
-587
4218
2586764
0
-5
9
159
-621
4212
2587789
25
-7
8
164
-618
4231
2588814
26
-7
8
178
-600
4218
2581633
17
-4
3
164
-598
4220
2582658
14
-4
2
153
-610
4222
2583683
14
-4
5
152
-602
4213
2584708
14
-4
5
162
-603
4224
2585733
2
-4
2
167
-594
4229
2586758
-10
-3
-6
164
-588
4217
2587783
-23
-3
-12
174
-583
4230
2588808
-45
-3
-17
182
-578
4232
2589833
-61
-2
-21
176
-567
4218
2590858
-68
-3
-15
181
-569
4201
2591883
-71
1
-6
175
-557
4229
2592908
-79
2
14
122
-629
4216
2593933
-69
-4
21
140
-666
4206
2594958
-47
-7
28
164
-686
4229
2595983
-36
-4
26
138
-630
4220
2597008
-52
-6
22
155
-650
4209
2589825
-45
-5
17
160
-663
4216
2590850
-9
-7
15
148
-661
4217
2591875
-11
-7
16
151
-646
4204
2592900
-16
-5
18
153
-654
4220
2593925
-19
-6
16
171
-654
4220
2594950
-21
-5
12
174
-650
4206
2595975
-21
-2
8
152
-656
4213
2597000
-11
-3
13
150
-683
4220
2598025
0
-6
17
174
-654
4212
2599050
-11
-6
12
183
-638
4209
2600075
-23
-2
6
157
-680
4209
2601100
-20
-3
2
148
-697
4219
2602125
-9
-3
-4
156
-685
4212
2603150
1
-3
-8
153
-655
4210
2604175
0
-4
-4
153
-649
4219
2605200
0
-5
3
164
-653
4224
2598015
-5
-4
3
161
-642
4216
2599040
-8
-5
1
157
-675
4211
2600065
4
-5
0
165
-680
4209
2601090
13
-5
1
166
-648
4214
2602115
4
-5
3
166
-638
4212
2603140
-3
-5
4
166
-667
4209
2604165
2
-4
3
147
-681
4209
2605190
11
-4
2
159
-674
4204
2606215
14
-4
0
163
-653
4197
2607240
18
-4
3
154
-654
4217
2608265
19
-7
9
160
-646
4224
2609290
11
-7
9
175
-638
4215
2610315
7
-5
3
175
-652
4210
2611340
6
-3
0
152
-665
4215
2612365
12
-4
2
156
-656
4218
2613390
16
-6
5
170
-635
4211
2606209
11
-4
5
161
-632
4212
2607234
5
-4
6
152
-655
4208
2608259
4
-5
6
155
-644
4207
2609284
0
-4
2
162
-638
4221
2610309
-3
-4
3
169
-644
4218
2611334
-4
-5
2
160
-653
4213
2612359
-3
-3
-1
152
-653
4213
2613384
2
-4
2
152
-634
4217
2614409
-7
-6
1
177
-634
4218
2615434
-10
-5
0
169
-665
4212
2616459
2
-3
-2
153
-667
4211
2617484
12
-3
-1
150
-635
4219
2618509
5
-4
-1
157
-620
4213
2619534
-3
-5
1
163
-638
4212
2620559
-6
-4
2
162
-654
4212
2621584
0
-5
2
155
-645
4226
2614401
3
-4
3
169
-632
4204
2615426
-3
-4
1
167
-647
4203
2616451
-4
-3
-2
157
-656
4213
2617476
0
-3
-2
161
-672
4213
2618501
9
-2
-6
155
-637
4221
2619526
-6
-2
-8
164
-622
4214
2620551
-2
-4
-6
167
-662
4219
2621576
9
-4
-4
152
-661
4211
2622601
13
-5
-3
159
-626
4209
2623626
6
-4
0
169
-615
4217
2624651
-2
-4
2
160
-645
4227
2625676
-4
-7
3
158
-660
4204
2626701
3
-4
1
153
-652
4211
2627726
8
-3
2
156
-636
4223
2628751
7
-5
3
165
-636
4207
2629776
-1
-5
2
161
-628
4206
2622591
-4
-5
4
160
-643
4219
2623616
-13
-3
5
167
-657
4207
2624641
-2
-2
3
156
-641
4221
2625666
9
-6
3
163
-624
4210
2626691
-3
-4
1
156
-650
4223
2627716
2
-3
1
158
-660
4217
2628741
16
-4
5
158
-642
4216
2629766
14
-5
6
174
-616
4221
2630791
0
-4
5
165
-643
4222
2631816
2
-5
3
158
-653
4217
2632841
7
-5
3
162
-647
4212
2633866
5
-4
4
161
-630
4219
2634891
-3
-5
5
169
-621
4213
2635916
-12
-4
3
161
-654
4215
2636941
-4
-4
0
149
-667
4224
2637966
6
-3
-4
155
-639
4218
2630784
3
-4
-3
165
-622
4221
2631809
-1
-4
1
162
-630
4218
2632834
-6
-5
4
160
-639
4218
2633859
-10
-5
5
164
-649
4209
2634884
-7
-3
5
157
-654
4215
2635909
-2
-4
2
156
-649
4215
2636934
6
-5
2
164
-639
4217
2637959
9
-5
2
159
-621
4221
2638984
4
-6
2
156
-630
4215
2640009
-2
-4
2
162
-657
4220
2641034
8
-4
0
158
-646
4215
2642059
12
-5
0
161
-632
4217
2643084
8
-4
2
165
-620
4224
2644109
1
-6
3
166
-620
4220
2645134
-3
-5
3
166
-646
4212
2646159
1
-3
4
157
-637
4219
2638976
2
-4
4
168
-631
4218
2640001
-1
-5
3
162
-642
4218
2641026
-1
-4
3
157
-646
4221
2642051
3
-4
2
160
-628
4219
2643076
-1
-4
1
161
-623
4217
2644101
0
-3
2
158
-640
4218
2645126
2
-5
3
161
-631
4213
2646151
-1
-6
3
170
-633
4217
2647176
2
-4
1
160
-652
4219
2648201
8
-5
-1
157
-642
4212
2649226
8
-4
-2
156
-631
4217
2650251
7
-4
-2
159
-620
4230
2651276
2
-4
-1
159
-630
4221
2652301
3
-4
-2
160
-632
4216
2653326
4
-4
-1
153
-615
4225
2654351
-2
-4
0
160
-630
4223
2647168
0
-4
1
154
-634
4224
2648193
5
-5
2
162
-626
4217
2649218
1
-5
1
161
-625
4217
2650243
1
-5
1
170
-639
4227
2651268
2
-4
-1
158
-628
4224
2652293
-1
-5
0
159
-625
4214
2653318
2
-5
1
157
-636
4220
2654343
9
-5
2
163
-621
4220
2655368
8
-5
3
167
-616
4218
2656393
-1
-5
4
162
-620
4229
2657418
-3
-5
5
159
-630
4221
2658443
3
-4
3
162
-637
4219
2659468
7
-5
1
170
-635
4216
2660493
5
-4
1
161
-623
4221
2661518
5
-3
1
159
-619
4226
2662543
7
-5
1
165
-621
4219
2655360
4
-4
1
161
-619
4215
2656385
2
-4
3
162
-623
4218
2657410
0
-4
4
164
-611
4212
2658435
-2
-4
3
162
-625
4215
2659460
-4
-5
3
157
-636
4221
2660485
0
-4
2
158
-624
4211
2661510
4
-4
4
158
-629
4228
2662535
3
-6
6
182
-607
4226
2663560
-3
-5
4
169
-619
4223
2664585
-3
-4
2
160
-639
4220
2665610
4
-3
3
155
-619
4220
2666635
2
-5
3
160
-610
4229
2667660
-5
-5
2
162
-618
4221
2668685
-3
-4
2
157
-630
4213
2669710
-2
-4
1
161
-621
4215
2670735
-3
-4
-2
162
-619
4224
2663552
1
-5
-1
164
-622
4224
2664577
1
-6
2
164
-609
4216
2665602
-2
-4
3
155
-609
4219
2666627
-7
-5
3
158
-622
4221
2667652
-5
-5
4
159
-635
4226
2668677
-2
-5
4
163
-615
4220
2669702
-2
-5
3
172
-606
4220
2670727
-7
-4
5
158
-616
4226
2671752
-7
-5
8
164
-615
4229
2672777
-9
-5
9
170
-606
4226
2673802
-17
-5
8
161
-624
4220
2674827
-12
-5
8
151
-644
4218
2675852
0
-4
9
153
-630
4223
2676877
13
-7
11
165
-609
4223
2677902
-5
-5
11
166
-612
4218
2678927
-8
-5
12
166
-628
4220
2671745
-4
-4
12
160
-638
4223
2672770
-6
-4
9
170
-638
4216
2673795
0
-4
6
163
-630
4226
2674820
7
-6
6
165
-617
4221
2675845
-6
-5
8
164
-620
4223
2676870
-11
-4
8
162
-629
4218
2677895
-8
-5
7
163
-638
4214
2678920
-2
-5
8
159
-638
4213
2679945
1
-6
9
171
-623
4216
2680970
-4
-5
6
166
-620
4222
2681995
-5
-4
5
162
-638
4226
2683020
-2
-5
5
151
-638
4219
2684045
4
-5
4
156
-624
4215
2685070
2
-4
6
161
-613
4216
2686095
-7
-4
4
160
-631
4219
2687120
-2
-4
3
167
-649
4212
2679936
7
-4
0
160
-634
4220
2680961
6
-5
1
165
-614
4217
2681986
-2
-4
2
170
-621
4213
2683011
-1
-3
1
151
-645
4230
2684036
10
-5
0
155
-640
4217
2685061
12
-5
1
161
-610
4227
2686086
0
-6
4
167
-608
4229
2687111
-2
-5
7
157
-618
4225
2688136
1
-4
8
148
-623
4222
2689161
2
-5
10
162
-616
4213
2690186
-3
-5
8
171
-622
4218
2691211
-3
-4
5
161
-645
4223
2692236
4
-4
4
157
-624
4216
2693261
6
-5
3
156
-609
4225
2694286
-1
-6
5
158
-615
4227
2695311
-4
-5
6
156
-631
4219
2688127
2
-5
6
156
-634
4217
2689152
4
-5
4
162
-619
4228
2690177
-2
-4
3
164
-609
4221
2691202
-5
-5
4
163
-621
4215
2692227
-4
-4
4
155
-628
4218
2693252
-1
-3
3
161
-629
4216
2694277
1
-5
1
159
-614
4227
2695302
-1
-4
2
160
-615
4223
2696327
-2
-4
2
163
-630
4219
2697352
4
-4
4
159
-628
4227
2698377
4
-4
4
162
-624
4221
2699402
0
-5
1
172
-621
4219
2700427
3
-3
0
161
-620
4217
2701452
0
-4
1
161
-628
4218
2702477
-8
-4
-3
157
-635
4221
2703502
-6
-4
-7
162
-639
4223
2696321
-3
-3
-9
154
-625
4226
2697346
-8
-4
-10
155
-614
4214
2698371
-11
-5
-9
162
-621
4214
2699396
-9
-4
-7
164
-617
4218
2700421
-7
-4
-2
167
-623
4222
2701446
-7
-4
0
159
-628
4223
2702471
-4
-4
2
160
-614
4219
2703496
-7
-5
4
166
-617
4216
2704521
-6
-5
3
164
-632
4219
2705546
-1
-5
4
160
-627
4223
2706571
1
-5
6
162
-623
4229
2707596
-3
-4
6
160
-623
4217
2708621
-6
-4
4
170
-626
4215
2709646
-7
-4
3
160
-627
4227
2710671
-5
-4
3
163
-638
4212
2711696
1
-4
1
157
-625
4220
2704513
0
-4
0
157
-626
4222
2705538
-3
-5
2
160
-629
4223
2706563
-5
-4
2
161
-628
4213
2707588
-5
-5
0
165
-642
4218
2708613
-1
-4
-1
155
-643
4223
2709638
2
-4
-2
159
-635
4223
2710663
0
-6
-1
167
-629
4223
2711688
-4
-7
-1
177
-643
4221
2712713
-6
-5
-3
162
-617
4229
2713738
-20
-5
-5
160
-604
4214
2714763
-20
-2
-7
150
-613
4231
2715788
-36
-4
-11
150
-638
4235
2716813
-19
-8
-1
176
-676
4204
2717838
3
-3
1
150
-603
4218
2718863
-16
-5
2
179
-608
4231
2719888
-37
-4
3
167
-635
4207
2712703
-31
-3
9
150
-662
4211
2713728
-14
-3
15
161
-633
4225
2714753
-20
-4
20
172
-607
4217
2715778
-41
-4
22
154
-643
4219
2716803
-39
-4
25
154
-684
4213
2717828
-20
-4
23
159
-673
4207
2718853
-15
-4
22
159
-660
4226
2719878
-15
-4
25
157
-650
4218
2720903
-20
-5
26
163
-643
4209
2721928
-41
-3
24
173
-666
4225
2722953
-33
-3
24
160
-687
4226
2723978
-11
-3
26
142
-683
4215
2725003
0
-6
24
168
-657
4231
2726028
-10
-7
21
185
-644
4214
2727053
-26
-5
15
173
-679
4204
2728078
-18
-4
17
155
-696
4218
2720896
-11
-5
13
167
-651
4213
2721921
-28
-3
7
167
-658
4212
2722946
-32
-3
4
160
-699
4191
2723971
-14
-1
5
138
-712
4202
2724996
4
-1
4
147
-686
4310
2726021
-2
-12
1
187
-609
4175
2727046
-55
-6
-3
198
-645
4119
2728071
-80
13
-2
112
-723
4311
2729096
-30
-6
11
121
-737
4206
2730121
-13
-9
5
204
-658
4150
2731146
-40
2
5
145
-653
4290
2732171
-58
-8
15
150
-705
4199
2733196
-60
-6
6
185
-738
4160
2734221
-36
2
3
147
-724
4242
2735246
-19
-5
10
143
-729
4203
2736271
-8
-6
11
166
-729
4196
2729360
0
-4
7
173
-697
4228
2730385
-6
-6
11
164
-735
4196
2731410
-3
-4
5
172
-742
4200
2732435
9
-2
2
150
-698
4230
2733460
8
-6
5
174
-700
4208
2734485
5
-4
4
167
-711
4207
2735510
5
-5
4
157
-703
4218
2736535
0
-5
6
158
-709
4199
2737560
3
-4
7
150
-707
4202
2738585
9
-4
7
153
-688
4213
2739610
0
-6
10
166
-701
4213
2740635
-3
-4
8
162
-690
4207
2741660
-15
-3
2
152
-716
4205
2742685
-13
-4
-5
149
-746
4215
2743710
-1
-3
-8
147
-704
4219
2744735
-5
-4
-7
169
-684
4214
2737279
-17
-4
-5
162
-699
4202
2738304
-20
-3
-1
152
-701
4213
2739329
-20
-3
3
154
-712
4203
2740354
-17
-4
4
158
-722
4205
2741379
-11
-4
4
161
-718
4215
2742404
-11
-5
7
157
-698
4210
2743429
-22
-4
10
160
-701
4203
2744454
-26
-4
13
155
-722
4217
2745479
-27
-4
14
153
-741
4206
2746504
-20
-4
12
151
-746
4203
2747529
-9
-3
9
154
-749
4221
2748554
3
-5
6
170
-742
4207
2749579
7
-4
3
165
-722
4193
2750604
5
-4
3
159
-738
4219
2751629
12
-4
2
157
-732
4212
2752654
15
-4
-2
166
-720
4194
2745472
16
-5
-4
162
-717
4221
2746497
16
-5
-1
157
-709
4215
2747522
13
-6
0
155
-713
4201
2748547
10
-5
-1
163
-708
4208
2749572
6
-5
-2
163
-713
4208
2750597
7
-4
-2
163
-721
4204
2751622
10
-4
-3
150
-721
4210
2752647
12
-5
-1
151
-695
4211
2753672
4
-6
-2
158
-692
4209
2754697
-1
-4
-2
159
-725
4210
2755722
5
-4
-2
160
-704
4202
2756747
-3
-3
-1
170
-693
4207
2757772
-2
-3
3
154
-704
4220
2758797
-1
-6
4
160
-703
4210
2759822
-6
-6
4
161
-724
4202
2760847
9
-4
6
151
-735
4206
2753664
26
-4
6
145
-708
4206
2754689
29
-5
7
160
-703
4210
2755714
27
-6
9
176
-672
4222
2756739
6
-6
8
176
-677
4209
2757764
-5
-5
3
171
-721
4205
2758789
0
-3
-1
165
-699
4216
2759814
-3
-4
-2
168
-686
4205
2760839
-9
-3
2
149
-683
4211
2761864
-16
-5
6
145
-696
4210
2762889
-24
-4
6
145
-703
4216
2763914
-27
-6
5
159
-742
4205
2764939
2
-5
7
150
-742
4187
2765964
30
-4
10
131
-711
4226
2766989
30
-8
8
175
-692
4209
2768014
10
-5
2
187
-664
4210
2769039
-13
-3
-3
172
-695
4214
2761856
-8
-4
-5
161
-736
4203
2762881
12
-3
-4
172
-669
4209
2763906
2
-3
4
156
-647
4221
2764931
-19
-5
10
166
-698
4211
2765956
-27
-4
5
158
-745
4198
2766981
-11
-3
-3
153
-752
4180
2768006
8
1
-6
134
-724
4258
2769031
19
-6
-2
158
-695
4243
2770056
1
-10
-2
188
-644
4153
2771081
-24
0
-1
153
-690
4243
2772106
-17
-4
7
131
-734
4237
2773131
-8
-8
0
172
-754
4176
2774156
7
-2
-12
152
-731
4226
2775181
26
-3
-8
155
-698
4226
2776206
26
-6
-4
180
-663
4175
2777231
21
-1
2
162
-656
4232
2770048
-10
-4
11
153
-664
4221
2771073
-20
-6
17
160
-739
4190
2772098
-2
-3
12
150
-718
4213
2773123
3
-4
11
155
-678
4217
2774148
-5
-6
13
159
-691
4198
2775173
-7
-4
16
161
-699
4209
2776198
-9
-4
17
162
-686
4220
2777223
-11
-6
18
164
-699
4203
2778248
-12
-4
17
155
-716
4211
2779273
-10
-4
14
156
-715
4210
2780298
-4
-4
13
160
-698
4210
2781323
-4
-5
13
171
-707
4212
2782348
-3
-6
11
158
-708
4211
2783373
-8
-4
7
157
-708
4203
2784398
-10
-5
7
160
-717
4212
2785423
-7
-5
5
157
-706
4199
2778239
-7
-4
4
153
-707
4202
2779264
-5
-4
5
156
-718
4214
2780289
2
-4
2
160
-711
4221
2781314
0
-4
3
156
-699
4209
2782339
-5
-5
4
160
-694
4203
2783364
6
-7
7
154
-713
4218
2784389
1
-7
9
159
-708
4213
2785414
-6
-5
10
156
-698
4210
2786439
-7
-6
14
158
-694
4215
2787464
-16
-7
14
167
-709
4206
2788489
-13
-5
11
155
-747
4198
2789514
-3
-5
6
160
-742
4206
2790539
1
-4
2
161
-720
4220
2791564
1
-5
1
171
-701
4202
2792589
-12
-3
-1
156
-713
4212
2793614
