Device = VHR-0009
time_stamp = 1780039130893
sample_rate = 50
Data format = INT16
TYPE = 6-AXIS IMU RAW DATA
-17
7
-6
1220
-4011
319
10953856
-7
9
-3
1234
-3982
335
10954881
17
13
3
1234
-3984
400
10955906
7
16
-4
1240
-3977
387
10956931
-2
18
0
1222
-3975
365
10957956
-4
15
1
1208
-3992
378
10958981
2
10
6
1199
-3993
379
10960006
19
-3
10
1209
-3970
391
10961031
9
-8
11
1230
-3956
403
10962056
-20
-5
11
1222
-4008
368
10963081
-27
-7
7
1217
-4025
335
10964106
-5
-5
8
1222
-3980
331
10965131
2
6
16
1233
-3946
347
10966156
3
20
23
1243
-3981
372
10967181
11
28
18
1249
-4013
373
10968206
16
33
21
1232
-3992
367
10969231
23
35
16
1230
-4004
389
10962048
28
36
8
1238
-4000
418
10963073
15
38
7
1206
-3965
421
10964098
-9
31
7
1192
-3971
412
10965123
-19
21
3
1184
-4020
407
10966148
2
11
2
1197
-4000
393
10967173
10
2
5
1196
-3968
421
10968198
-7
-5
4
1203
-3992
418
10969223
-1
-11
5
1210
-3998
406
10970248
-3
-10
4
1223
-3957
399
10971273
-31
-5
5
1217
-3994
364
10972298
-38
-1
5
1209
-4037
355
10973323
-3
-2
5
1195
-4030
375
10974348
20
-5
0
1219
-3971
412
10975373
17
1
-3
1239
-3979
401
10976398
-2
9
-7
1194
-4044
353
10977423
6
1
-12
1205
-4014
357
10970241
0
2
-12
1221
-3981
392
10971266
-27
4
-14
1219
-3962
424
10972291
-38
2
-18
1224
-3998
393
10973316
-44
1
-17
1228
-4005
353
10974341
-33
-3
-11
1239
-3989
359
10975366
0
-1
-4
1228
-3982
387
10976391
17
6
-1
1214
-3966
377
10977416
-1
10
-6
1217
-3999
382
10978441
-19
9
-16
1247
-4042
382
10979466
-7
9
-21
1215
-4029
364
10980491
0
4
-28
1182
-3990
396
10981516
-25
-7
-34
1220
-3983
396
10982541
-43
-14
-28
1226
-3974
374
10983566
-31
-20
-23
1196
-4019
421
10984591
-16
-41
-37
1216
-4054
445
10985616
4
-65
-43
1233
-3987
436
10978433
-30
-89
-51
1222
-3996
438
10979458
-54
-110
-77
1196
-4179
466
10980483
-3
-153
-132
1144
-4346
547
10981508
55
-241
-225
1072
-4526
726
10982533
134
-388
-350
956
-4642
932
10983558
239
-619
-532
891
-4791
1214
10984583
286
-861
-681
1133
-4378
968
10985608
236
-962
-720
1235
-3971
459
10986633
63
-997
-747
1430
-3689
122
10987658
-39
-967
-731
1780
-3590
32
10988683
-79
-860
-666
1937
-3519
-140
10989708
-37
-725
-574
1842
-3279
-362
10990733
9
-595
-470
1835
-3266
-372
10991758
25
-474
-397
2167
-3223
-340
10992783
-33
-269
-237
2164
-3076
-455
10993808
-163
-73
-119
2139
-3181
-494
10986624
-217
107
-20
2159
-3403
-520
10987649
-98
274
75
2138
-3556
-551
10988674
103
419
160
2049
-3559
-498
10989699
172
545
220
1966
-3498
-396
10990724
110
666
257
1944
-3724
-256
10991749
99
780
285
1881
-3978
-25
10992774
199
851
301
1780
-3881
15
10993799
229
909
313
1641
-3627
-22
10994824
120
955
345
1560
-3646
366
10995849
-16
965
368
1495
-3926
678
10996874
28
928
350
1342
-4028
607
10997899
94
853
335
1231
-3633
530
10998924
8
806
339
1060
-3810
1063
10999949
-99
666
272
978
-4368
1507
11000974
36
414
180
899
-4231
1414
11001999
170
158
87
810
-4087
1413
10994815
128
-100
-21
895
-4099
1531
10995840
70
-343
-108
930
-3963
1489
10996865
-83
-552
-199
988
-3840
1405
10997890
-307
-731
-267
1129
-3887
1287
10998915
-454
-870
-335
1327
-3972
1001
10999940
-450
-980
-399
1497
-4034
724
11000965
-362
-1059
-450
1617
-4038
421
11001990
-228
-1101
-484
1782
-3904
113
11003015
-128
-1094
-489
1981
-3702
-155
11004040
-156
-1006
-461
2110
-3504
-354
11005065
-231
-845
-396
2139
-3501
-460
11006090
-247
-674
-328
2240
-3521
-673
11007115
-145
-477
-243
2311
-3478
-813
11008140
-8
-266
-136
2225
-3505
-813
11009165
137
-87
-44
2239
-3445
-824
11010190
202
102
47
2223
-3214
-851
11003008
93
318
164
2099
-3278
-787
11004033
51
502
255
2013
-3630
-463
11005058
144
633
300
1948
-3799
-356
11006083
293
729
330
1891
-3670
-381
11007108
327
824
370
1783
-3564
-89
11008133
224
886
380
1596
-3875
361
11009158
139
849
350
1545
-3852
228
11010183
132
858
367
1432
-3629
76
11011208
42
902
418
1275
-3675
567
11012233
-52
864
425
1195
-4025
1099
11013258
1
734
347
1019
-4225
1205
11014283
77
541
260
839
-4087
1139
11015308
16
332
184
839
-4046
1203
11016333
-197
155
124
998
-4162
1404
11017358
-338
-3
64
1142
-4370
1538
11018383
-324
-172
-18
1197
-4461
1390
11011201
-236
-321
-99
1197
-4386
1202
11012226
-214
-433
-170
1338
-4334
1042
11013251
-195
-499
-218
1453
-4207
850
11014276
-132
-544
-226
1370
-4044
614
11015301
25
-527
-160
1122
-4099
496
11016326
340
-557
-157
1397
-4112
376
11017351
783
-582
-122
1627
-3931
229
11018376
1112
-577
-58
1803
-3566
10
11019401
1041
-478
27
1931
-3213
-174
11020426
591
-318
117
1901
-3248
-181
11021451
301
-265
123
2045
-3424
-269
11022476
226
-198
124
2135
-3520
-433
11023501
205
-62
123
2125
-3622
-615
11024526
242
102
99
2091
-3660
-615
11025551
234
251
60
2091
-3367
-553
11026576
52
406
43
2086
-3188
-438
11019391
-205
567
53
1989
-3288
-329
11020416
-312
696
58
1884
-3479
-169
11021441
-291
775
59
1791
-3498
13
11022466
-294
824
88
1661
-3450
260
11023491
-356
851
109
1448
-3754
688
11024516
-364
789
79
1242
-3936
873
11025541
-365
692
46
1110
-3986
1069
11026566
-459
614
37
907
-4198
1408
11027591
-466
483
12
636
-4530
1606
11028616
-228
281
-30
559
-4708
1683
11029641
56
96
-21
733
-4377
1726
11030666
58
35
54
677
-4152
1828
11031691
-62
-63
71
663
-4303
1697
11032716
-28
-217
57
760
-4228
1443
11033741
-27
-345
78
936
-4030
1249
11034766
-77
-411
122
1018
-4156
1028
11027584
-16
-475
126
1036
-4293
783
11028609
208
-538
115
1134
-4218
593
11029634
448
-584
102
1348
-4082
467
11030659
562
-550
107
1371
-3897
399
11031684
478
-518
97
1527
-3780
344
11032709
383
-491
80
1693
-3772
263
11033734
286
-464
67
1808
-3727
179
11034759
217
-413
57
1933
-3758
40
11035784
220
-332
43
1968
-3725
-99
11036809
209
-240
28
1986
-3573
-206
11037834
116
-125
30
2038
-3487
-266
11038859
-14
29
43
2004
-3579
-331
11039884
-44
188
45
1917
-3693
-288
11040909
-8
319
22
1883
-3639
-267
11041934
-35
441
8
1851
-3474
-211
11042959
-187
555
21
1787
-3461
-27
11035776
-347
654
28
1660
-3756
166
11036801
-342
701
8
1503
-3862
235
11037826
-311
719
-1
1376
-3708
380
11038851
-404
735
13
1189
-3805
720
11039876
-529
685
-12
982
-4116
867
11040901
-501
582
-42
826
-4229
1034
11041926
-404
486
-44
739
-4287
1337
11042951
-299
370
-52
656
-4439
1609
11043976
-115
210
-55
524
-4482
1727
11045001
80
44
-38
567
-4403
1747
11046026
134
-70
13
563
-4232
1771
11047051
87
-179
46
577
-4279
1699
11048076
133
-309
62
662
-4299
1470
11049101
218
-423
89
732
-4128
1241
11050126
270
-502
142
777
-4077
1077
11051151
349
-590
170
1007
-4101
907
11043968
473
-640
192
1092
-3985
708
11044993
437
-654
203
1204
-3801
592
11046018
318
-645
193
1433
-3874
448
11047043
269
-624
169
1564
-3958
248
11048068
261
-597
137
1686
-3925
106
11049093
257
-533
111
1801
-3922
35
11050118
253
-440
64
1902
-3901
-31
11051143
242
-337
23
1970
-3784
-151
11052168
173
-204
2
2004
-3751
-230
11053193
109
-51
-8
2036
-3741
-268
11054218
86
118
-14
1992
-3703
-297
11055243
61
281
-18
1924
-3582
-263
11056268
-31
443
-6
1853
-3505
-138
11057293
-151
586
1
1756
-3629
42
11058318
-208
671
-12
1605
-3801
220
11059343
-170
696
-45
1425
-3874
327
11052160
-97
693
-69
1229
-3805
520
11053185
-133
676
-82
1048
-3871
850
11054210
-218
636
-94
871
-4051
1144
11055235
-255
557
-102
698
-4053
1331
11056260
-297
450
-93
567
-4014
1524
11057285
-334
332
-68
445
-4176
1662
11058310
-250
183
-46
321
-4368
1738
11059335
-111
19
-29
310
-4209
1777
11060360
-66
-129
26
319
-4128
1812
11061385
-48
-262
81
349
-4189
1755
11062410
84
-406
122
419
-4237
1600
11063435
228
-552
161
525
-4099
1408
11064460
263
-662
216
672
-3950
1234
11065485
244
-732
265
808
-4047
1072
11066510
278
-804
276
952
-4131
834
11067535
370
-861
268
1188
-4089
592
11060352
430
-871
254
1408
-4015
427
11061377
368
-840
229
1524
-3913
323
11062402
218
-781
191
1661
-3960
222
11063427
122
-710
121
1874
-4114
28
11064452
135
-612
52
1988
-4104
-146
11065477
163
-482
7
1966
-3961
-184
11066502
109
-342
-41
2024
-3909
-190
11067527
32
-180
-86
2091
-3880
-218
11068552
-19
-16
-124
2051
-3760
-357
11069577
-107
153
-144
2030
-3660
-441
11070602
-184
356
-133
1995
-3710
-446
11071627
-158
555
-117
1833
-3790
-381
11072652
-83
707
-109
1686
-3617
-256
11073677
-115
830
-95
1578
-3571
-58
11074702
-182
939
-68
1414
-3827
172
11075727
-153
1000
-64
1181
-4015
322
11068544
-104
1002
-67
993
-3882
551
11069569
-221
996
-22
766
-3810
1016
11070594
-411
943
-3
534
-4203
1246
11071619
-343
806
-38
351
-4446
1349
11072644
-115
624
-58
192
-4439
1672
11073669
83
429
-64
114
-4398
1987
11074694
224
215
-70
107
-4229
2192
11075719
218
-4
-66
198
-3954
2287
11076744
99
-180
-31
251
-3949
2221
11077769
46
-335
17
332
-4081
1928
11078794
213
-494
54
497
-4109
1643
11079819
424
-624
111
623
-3945
1378
11080844
429
-702
171
775
-3750
1139
11081869
245
-725
225
967
-3838
983
11082894
130
-733
224
1162
-4089
710
11083919
193
-737
191
1323
-4118
381
11076784
254
-715
183
1523
-3976
301
11077809
196
-641
191
1710
-3934
363
11078834
122
-541
160
1780
-4054
337
11079859
128
-444
90
1801
-4153
207
11080884
139
-342
19
1808
-4043
110
11081909
112
-225
-26
1851
-3904
113
11082934
53
-96
-52
1932
-3779
114
11083959
-37
46
-69
1929
-3686
68
11084984
-148
193
-76
1879
-3669
55
11086009
-191
342
-70
1825
-3835
82
11087034
-125
467
-74
1772
-3842
89
11088059
-59
565
-75
1657
-3726
199
11089084
-122
654
-69
1475
-3787
430
11090109
-200
712
-87
1278
-4023
661
11091134
-176
709
-124
1116
-4066
736
11092159
-85
672
-131
894
-4019
999
11084928
-103
604
-121
689
-4092
1250
11085953
-180
558
-89
504
-4071
1452
11086978
-213
477
-64
298
-4204
1746
11088003
-173
323
-76
103
-4270
1902
11089028
-68
124
-75
96
-4122
1914
11090053
-10
-32
-28
147
-3933
1934
11091078
-2
-179
41
144
-3861
1944
11092103
-13
-323
76
213
-3859
1869
11093128
-34
-467
106
407
-3800
1589
11094153
-31
-579
181
598
-3799
1347
11095178
9
-665
253
722
-3904
1153
11096203
99
-750
278
876
-3937
919
11097228
122
-796
294
1077
-3861
793
11098253
23
-788
312
1213
-3928
678
11099278
-53
-769
300
1297
-4061
508
11100303
-54
-749
255
1510
-4123
383
11093120
13
-683
207
1640
-4269
213
11094145
139
-599
149
1684
-4311
40
11095170
259
-515
91
1724
-4178
11
11096195
230
-412
37
1793
-3969
-15
11097220
75
-270
-4
1845
-3946
-56
11098245
-51
-120
-56
1815
-3976
-132
11099270
-77
14
-108
1773
-3874
-249
11100295
-88
153
-125
1797
-3732
-254
11101320
-104
311
-109
1787
-3710
-182
11102345
-115
463
-96
1644
-3769
-21
11103370
-124
567
-106
1532
-3741
42
11104395
-154
659
-105
1442
-3775
100
11105420
-163
746
-105
1362
-3867
340
11106445
-108
790
-127
1267
-4073
615
11107470
-66
765
-168
1165
-4016
646
11108495
-123
742
-155
1080
-3805
828
11101312
-317
742
-112
915
-3967
994
11102337
-393
697
-108
721
-4262
1002
11103362
-286
604
-112
579
-4195
1106
11104387
-234
517
-77
509
-4029
1285
11105412
-284
449
-41
412
-4228
1442
11106437
-204
327
-32
312
-4322
1530
11107462
-18
162
-16
261
-4174
1588
11108487
72
15
19
215
-4031
1648
11109512
14
-120
50
244
-4003
1628
11110537
-59
-233
80
287
-4075
1604
11111562
-13
-355
110
318
-4227
1467
11112587
174
-487
131
385
-4216
1289
11113612
316
-599
160
594
-3969
1142
11114637
262
-656
210
765
-3849
1006
11115662
160
-692
247
869
-3948
847
11116687
128
-722
246
1036
-4021
697
11109503
131
-726
236
1281
-4030
482
11110528
136
-701
212
1421
-4078
235
11111553
155
-666
177
1557
-4117
78
11112578
168
-594
137
1746
-4033
3
11113603
142
-471
91
1857
-4051
-39
11114628
118
-344
20
1872
-4147
-51
11115653
155
-241
-67
1828
-4117
-69
11116678
137
-153
-147
1798
-3892
-146
11117703
-16
-42
-193
1808
-3751
-153
11118728
-205
100
-220
1788
-3829
-106
11119753
-256
236
-248
1736
-3884
-124
11120778
-200
369
-254
1645
-3767
-170
11121803
-188
505
-227
1569
-3622
-75
11122828
-240
634
-187
1488
-3672
69
11123853
-263
733
-155
1378
-3807
194
11124878
-245
795
-130
1199
-3824
311
11117696
-294
818
-104
1023
-3784
457
11118721
-424
811
-63
858
-3856
645
11119746
-479
792
-26
660
-4156
923
11120771
-380
707
-23
451
-4282
1154
11121796
-251
573
-30
179
-4381
1270
11122821
-51
413
-13
105
-4520
1475
11123846
146
241
18
148
-4490
1781
11124871
238
95
38
249
-4297
1974
11125896
209
-55
56
310
-4020
1933
11126921
22
-193
69
348
-3962
1785
11127946
-144
-309
100
481
-4139
1537
11128971
-132
-424
131
582
-4239
1277
11129996
-6
-542
159
643
-4147
1043
11131021
64
-616
197
652
-4016
814
11132046
44
-670
207
893
-3991
697
11133071
118
-684
233
1068
-4074
576
11125888
205
-647
250
1009
-4047
358
11126913
246
-644
214
1255
-4145
179
11127938
367
-603
213
1375
-4020
214
11128963
325
-553
214
1457
-3834
208
11129988
162
-486
204
1589
-3910
53
11131013
30
-395
177
1710
-4060
-81
11132038
16
-278
140
1761
-4119
-121
11133063
73
-155
93
1783
-4189
-172
11134088
146
-34
46
1783
-4021
-236
11135113
104
109
14
1724
-3860
-258
11136138
-18
265
-19
1651
-3888
-194
11137163
-67
394
-54
1597
-4011
-67
11138188
-30
500
-86
1532
-4004
-4
11139213
-16
590
-108
1381
-3840
107
11140238
-114
659
-134
1254
-3825
249
11141263
-218
705
-154
1181
-3999
373
11134080
-218
723
-168
1068
-3999
377
11135105
-235
722
-160
935
-3813
493
11136130
-349
699
-155
806
-4031
790
11137155
-339
637
-172
677
-4266
952
11138180
-222
548
-179
511
-4156
1117
11139205
-207
449
-170
322
-4192
1417
11140230
-176
316
-160
147
-4405
1745
11141255
-48
123
-146
147
-4371
1716
11142280
14
-31
-104
135
-4136
1751
11143305
11
-167
-40
181
-4079
1791
11144330
10
-280
10
247
-4162
1708
11145355
116
-401
61
312
-4178
1482
11146380
194
-508
127
391
-4034
1243
11147405
213
-583
205
496
-4035
1092
11148430
262
-664
249
775
-4138
951
11149455
354
-687
270
793
-4135
738
11142273
412
-735
241
949
-4142
535
11143298
465
-752
219
1119
-4043
360
11144323
390
-728
208
1197
-3980
236
11145348
277
-684
183
1336
-4038
175
11146373
247
-614
150
1455
-4056
116
11147398
260
-530
111
1590
-3981
35
11148423
210
-423
83
1739
-3853
-91
11149448
110
-277
81
1831
-3829
-169
11150473
42
-100
91
1849
-3923
-142
11151498
63
67
72
1813
-4013
-111
11152523
107
200
26
1756
-3933
-154
11153548
45
331
-3
1687
-3747
-188
11154573
-121
480
-13
1589
-3863
-73
11155598
-184
610
-44
1470
-4083
49
11156623
-76
685
-102
1330
-4020
63
11157648
-27
749
-128
1187
-3791
202
11150576
-149
828
-110
1020
-3892
412
11151601
-199
875
-124
773
-4220
520
11152626
-35
856
-165
466
-4129
597
11153651
50
815
-152
188
-3872
1134
11154676
-134
738
-128
2
-4076
1664
11155701
-266
581
-153
-68
-4285
1895
11156726
-171
366
-172
-69
-4254
1962
11157751
-36
163
-150
-41
-4207
2106
11158776
44
-47
-93
-4
-4180
2214
11159801
58
-248
-40
118
-3992
2117
11160826
7
-410
15
277
-4091
1950
11161851
43
-530
65
386
-4242
1683
11162876
191
-639
119
429
-4196
1426
11163901
298
-734
160
544
-4059
1277
11164926
287
-797
184
735
-4023
1109
11165951
231
-831
194
955
-4091
881
11158655
208
-829
209
1025
-4115
699
11159680
189
-814
199
1012
-4139
586
11160705
174
-796
150
1201
-4125
456
11161730
171
-740
113
1433
-4042
312
11162755
176
-652
101
1545
-3931
186
11163780
165
-555
92
1650
-3881
108
11164805
106
-436
85
1791
-3873
23
11165830
82
-295
78
1787
-3922
-40
11166855
97
-168
54
1704
-3872
-83
11167880
42
-37
19
1736
-3843
-84
11168905
-27
120
-2
1748
-3878
-67
11169930
-41
264
-28
1624
-3881
-51
11170955
-73
368
-67
1558
-3743
-42
11171980
-188
480
-93
1549
-3821
42
11173005
-243
597
-110
1500
-4057
284
11174030
-166
675
-151
1419
-3997
401
11166848
-154
726
-178
1341
-3651
434
11167873
-317
771
-159
1223
-3770
592
11168898
-404
775
-154
1078
-4206
659
11169923
-286
731
-167
906
-4196
733
11170948
-279
698
-144
716
-4040
943
11171973
-432
670
-130
476
-4282
1252
11172998
-446
584
-166
294
-4491
1383
11174023
-291
446
-184
189
-4345
1462
11175048
-193
305
-138
83
-4233
1587
11176073
-172
177
-90
2
-4372
1681
11177098
-76
42
-66
-18
-4409
1777
11178123
81
-98
-46
-5
-4321
1757
11179148
234
-240
-6
46
-4184
1660
11180173
301
-363
51
177
-3970
1566
11181198
280
-466
116
362
-3864
1433
11182223
279
-553
189
526
-3914
1244
11175040
332
-624
259
666
-3973
1001
11176065
400
-671
310
782
-3965
836
11177090
442
-700
334
913
-3906
740
11178115
411
-708
330
1093
-3907
590
11179140
348
-687
314
1338
-3973
376
11180165
297
-633
293
1513
-4021
157
11181190
271
-551
263
1649
-3984
60
11182215
260
-434
222
1767
-4036
-6
11183240
257
-300
167
1839
-4022
-114
11184265
192
-141
118
1824
-3907
-170
11185290
55
32
57
1783
-4068
-106
11186315
-5
181
-39
1778
-4108
-144
11187340
-7
314
-115
1722
-3937
-100
11188365
-112
451
-158
1641
-3805
46
11189390
-251
595
-184
1562
-3834
142
11190415
-294
722
-207
1409
-3957
242
11183232
-225
798
-226
1273
-3947
318
11184257
-197
856
-215
1121
-3781
439
11185282
-294
928
-175
924
-3936
810
11186307
-328
947
-186
697
-4307
1017
11187332
-208
868
-227
467
-4101
1090
11188357
-298
780
-211
296
-3774
1304
11189382
-559
712
-163
141
-4162
1635
11190407
-545
575
-162
-71
-4599
1865
11191432
-216
341
-191
-186
-4525
1964
11192457
8
100
-167
-116
-4023
2121
11193482
-85
-60
-83
-82
-3960
2172
11194507
-170
-186
-28
-96
-4267
1992
11195532
12
-337
1
11
-4349
1668
11196557
237
-474
96
261
-4013
1599
11197582
217
-541
199
410
-3883
1416
11198607
154
-591
268
559
-4045
1184
11191424
196
-638
301
651
-4145
1008
11192449
284
-678
302
808
-4209
795
11193474
357
-696
292
1028
-4132
659
11194499
335
-682
277
1153
-4082
549
11195524
253
-655
243
1252
-4063
459
11196549
166
-608
197
1434
-4065
338
11197574
112
-537
149
1537
-4116
242
11198599
135
-471
96
1583
-4113
244
11199624
153
-400
29
1674
-4036
191
11200649
76
-296
-27
1731
-3935
62
11201674
-77
-166
-59
1709
-3865
-20
11202699
-203
-19
-86
1637
-3966
-9
11203724
-203
122
-119
1622
-4040
-15
11204749
-120
260
-137
1528
-3992
-46
11205774
-50
395
-135
1397
-3802
54
11206799
-66
516
-124
1278
-3728
189
11199615
-134
608
-112
1194
-3815
288
11200640
-155
666
-101
1066
-3901
424
11201665
-141
688
-94
909
-3931
629
11202690
-156
683
-101
772
-3989
772
11203715
-193
649
-102
664
-3922
898
11204740
-283
598
-82
562
-3862
1041
11205765
-395
534
-62
353
-4143
1278
11206790
-346
404
-75
206
-4429
1440
11207815
-135
222
-97
148
-4376
1584
11208840
-24
49
-87
116
-4193
1681
11209865
-84
-74
-67
-32
-4197
1758
11210890
-141
-223
-63
-8
-4243
1791
11211915
-115
-326
-39
167
-4188
1742
11212940
-22
-398
26
210
-4131
1604
11213965
137
-484
100
272
-4089
1429
11214990
276
-552
171
392
-4011
1301
11207808
336
-598
244
525
-3968
1155
11208833
324
-637
296
624
-3967
969
11209858
312
-678
316
785
-3981
813
11210883
293
-696
319
970
-4017
653
11211908
288
-696
312
1073
-4135
529
11212933
301
-699
278
1182
-4123
354
11213958
248
-664
240
1381
-4041
224
11214983
131
-575
204
1591
-4080
109
11216008
93
-456
162
1688
-4245
15
11217033
151
-327
105
1739
-4216
-105
11218058
173
-164
63
1773
-4018
-187
11219083
98
31
38
1684
-3984
-171
11220108
23
196
-9
1578
-3998
-169
11221133
-20
339
-57
1575
-3957
-112
11222158
-28
479
-88
1512
-3967
-39
11223183
28
584
-125
1349
-4009
136
11216000
38
646
-175
1220
-3812
268
11217025
-123
702
-183
1109
-3673
417
11218050
-352
764
-168
988
-3952
569
11219075
-351
796
-167
798
-4202
730
11220100
-206
771
-185
581
-4073
852
11221125
-188
721
-165
432
-3925
1047
11222150
-305
684
-124
292
-4115
1304
11223175
-297
621
-111
182
-4291
1490
11224200
-135
496
-103
30
-4323
1766
11225225
11
317
-115
-57
-4351
1903
11226250
97
120
-118
-99
-4233
1944
11227275
35
-50
-80
-58
-4028
2013
11228300
-136
-170
-20
-14
-4145
1974
11229325
-108
-294
10
56
-4298
1801
11230350
83
-428
55
217
-4081
1622
11231375
140
-516
128
338
-3906
1414
11224192
111
-572
205
411
-3951
1185
11225217
129
-626
252
573
-3997
987
11226242
198
-663
277
809
-4064
766
11227267
271
-669
293
964
-4135
583
11228292
322
-662
285
1077
-4111
408
11229317
287
-618
250
1236
-4062
275
11230342
162
-534
210
1346
-4055
136
11231367
43
-428
169
1431
-4122
51
11232392
-11
-303
119
1521
-4169
-11
11233417
0
-159
67
1558
-4232
-32
11234442
71
-23
6
1562
-4178
10
11235467
110
96
-43
1608
-3921
22
11236492
13
228
-64
1633
-3723
-34
11237517
-130
374
-74
1596
-3823
13
11238542
-159
496
-92
1462
-3995
164
11239567
-109
573
-129
1293
-3975
283
11232385
-117
619
-174
1178
-3835
331
11233410
-233
665
-200
1070
-3894
449
11234435
-313
697
-206
910
-4120
747
11235460
-289
680
-229
693
-4227
938
11236485
-255
613
-266
464
-4175
1066
11237510
-315
534
-281
345
-4137
1226
11238535
-378
472
-257
235
-4257
1437
11239560
-335
386
-224
117
-4338
1634
11240585
-184
255
-180
41
-4276
1722
11241610
-60
124
-132
64
-4228
1721
11242635
22
15
-53
91
-4207
1762
11243660
83
-68
17
38
-4228
1740
11244685
126
-174
57
-26
-4212
1673
11245710
156
-300
84
96
-4204
1553
11246735
168
-400
120
286
-4137
1411
11247760
180
-471
166
414
-4065
1276
11240576
223
-542
187
494
-4095
1125
11241601
309
-619
185
659
-4113
957
11242626
369
-673
193
931
-3980
799
11243651
335
-684
207
1145
-3863
628
11244676
225
-665
203
1208
-3858
524
11245701
100
-653
166
1308
-3958
358
11246726
40
-611
123
1488
-4038
157
11247751
56
-521
95
1539
-4055
4
11248776
35
-412
50
1557
-3978
-89
11249801
-42
-275
-6
1609
-4038
-171
11250826
-79
-126
-62
1615
-4014
-300
11251851
-78
37
-89
1615
-3782
-361
11252876
-177
220
-78
1625
-3627
-423
11253901
-284
425
-47
1568
-3809
-394
11254926
-228
609
-37
1463
-4000
-192
11255951
-93
742
-44
1324
-3890
54
11248767
-85
815
-53
1246
-3845
226
11249792
-195
853
-58
1164
-3826
356
11250817
-319
903
-58
820
-4156
777
11251842
-328
885
-95
458
-4449
1276
11252867
-233
772
-137
257
-4377
1530
11253892
-161
641
-140
-5
-4403
1791
11254917
-104
479
-144
-261
-4451
1975
11255942
-59
283
-157
-312
-4305
2045
11256967
-78
100
-135
-296
-4119
2054
11257992
-97
-82
-85
-314
-4139
1998
11259017
-31
-246
-40
-261
-4169
1919
11260042
73
-383
5
-124
-4071
1708
11261067
123
-498
83
-31
-4015
1423
11262092
137
-594
165
1
-3977
1269
11263117
144
-664
231
148
-4035
1201
11264142
165
-708
272
320
-4081
1026
11256960
230
-750
308
422
-4040
808
11257985
276
-810
341
693
-4046
620
11259010
296
-858
351
1167
-4064
382
11260035
319
-843
341
1478
-4090
125
11261060
307
-786
302
1605
-4061
-57
11262085
197
-699
253
1758
-3992
-227
11263110
23
-549
202
1883
-4035
-353
11264135
-80
-376
118
1946
-4185
-537
11265160
-52
-177
12
1954
-4304
-606
11266185
20
45
-78
1902
-4210
-567
11267210
21
258
-147
1837
-3988
-477
11268235
-67
457
-207
1706
-3957
-399
11269260
-132
626
-251
1541
-4039
-237
11270285
-97
770
-270
1333
-4059
-89
11271310
-11
885
-269
1107
-3862
69
11272335
-28
970
-238
881
-3773
325
11265152
-120
1013
-204
612
-3819
696
11266177
-223
982
-165
281
-3692
901
11267202
-406
896
-86
39
-3687
1123
11268227
-487
812
20
-83
-4222
1598
11269252
-286
698
68
-287
-4585
1992
11270277
40
492
66
-450
-4469
2186
11271302
138
300
51
-528
-4295
2325
11272327
83
86
41
-602
-4325
2391
11273352
29
-167
34
-451
-4266
2265
11274377
1
-384
44
-157
-4225
2044
11275402
17
-556
100
40
-4196
1804
11276427
55
-707
159
159
-4130
1538
11277452
57
-818
204
257
-4001
1241
11278477
-32
-893
231
387
-4039
924
11279502
-70
-923
248
572
-4139
658
11280527
50
-906
278
645
-4133
412
11273344
235
-860
320
747
-4026
230
11274369
343
-799
352
1053
-4034
112
11275394
393
-698
375
1291
-4045
10
11276419
398
-564
382
1396
-4025
-89
11277444
345
-428
343
1502
-4210
-203
11278469
323
-297
253
1575
-4344
-221
11279494
291
-169
138
1572
-4266
-166
11280519
145
-34
26
1565
-4168
-64
11281544
-47
113
-88
1619
-4182
-26
11282569
-108
249
-184
1562
-4226
-97
11283594
-65
384
-239
1379
-4107
-35
11284619
-33
515
-267
1245
-4056
178
11285644
-14
615
-301
1147
-4052
279
11286669
16
673
-320
982
-3874
276
11287694
-87
733
-298
720
-3661
454
11288719
-285
781
-250
317
-3830
867
11281536
-275
733
-271
43
-4327
1045
11282561
20
637
-266
72
-4135
1316
11283586
173
589
-142
148
-3758
1745
11284611
69
548
-38
-16
-4069
2021
11285636
78
421
-35
-211
-4407
2064
11286661
205
225
-53
-366
-4431
2216
11287686
216
-27
-52
-298
-4204
2331
11288711
46
-239
-38
-120
-4046
2245
11289736
-109
-391
-22
19
-4217
2010
11290761
-62
-529
-3
143
-4339
1733
11291786
124
-633
42
186
-4275
1505
11292811
275
-711
83
289
-4087
1381
11293836
271
-751
123
475
-3931
1247
11294861
176
-771
153
666
-3989
992
11295886
165
-800
171
867
-4111
708
11296911
269
-804
172
962
-4201
604
11289734
349
-792
144
1067
-3993
546
11290759
263
-754
97
1250
-3896
443
11291784
98
-673
46
1363
-4044
352
11292809
102
-585
-22
1362
-4254
212
11293834
202
-516
-106
1476
-4103
175
11294859
156
-418
-158
1653
-3663
107
11295884
-110
-252
-160
1670
-3641
46
11296909
-272
-67
-161
1612
-3966
-38
11297934
-171
97
-167
1561
-4016
-141
11298959
-36
242
-160
1542
-3809
-233
11299984
-67
421
-132
1427
-3690
-156
11301009
-210
597
-117
1279
-3814
74
11302034
-258
708
-133
1203
-3939
150
11303059
-208
775
-130
1122
-3785
233
11304084
-275
839
-94
937
-3666
595
11305109
-493
861
-93
651
-3945
950
11297920
-609
781
-146
455
-4142
1055
11298945
-598
671
-160
377
-4116
1337
11299970
-591
579
-134
298
-4265
1818
11300995
-527
435
-131
147
-4390
2011
11302020
-372
215
-135
29
-4395
2117
11303045
-210
12
-123
-56
-4500
2150
11304070
-9
-175
-61
-61
-4384
2166
11305095
11
-317
11
-63
-4104
2066
11306120
-94
-425
48
2
-4202
1862
11307145
-35
-527
92
94
-4387
1599
11308170
226
-612
166
144
-4339
1400
11309195
484
-712
245
360
-4109
1268
11310220
486
-743
308
391
-3969
1069
11311245
335
-795
314
621
-4075
850
11312270
298
-820
319
844
-4109
662
11313295
283
-817
325
1044
-4058
447
11306113
276
-794
299
1240
-4172
243
11307138
322
-762
251
1359
-4141
52
11308163
316
-696
205
1541
-3998
-131
11309188
174
-547
174
1716
-3921
-317
11310213
31
-346
142
1719
-3989
-394
11311238
21
-164
77
1663
-4180
-378
11312263
122
-8
-13
1717
-4171
-411
11313288
179
158
-74
1726
-3954
-445
11314313
81
332
-110
1635
-3701
-349
11315338
-142
496
-147
1573
-3763
-175
11316363
-293
646
-195
1503
-4020
-176
11317388
-237
765
-230
1392
-4062
-100
11318413
-164
870
-240
1271
-3915
71
11319438
-192
983
-242
1073
-4008
293
11320463
-192
1045
-250
832
-4220
608
11321488
-90
1036
-261
536
-4227
829
11314303
-1
976
-258
260
-4057
1262
11315328
-88
879
-244
-2
-4122
1834
11316353
-176
704
-265
-182
-4389
2129
11317378
-80
464
-293
-222
-4362
2232
11318403
37
243
-279
-183
-4143
2359
11319428
61
44
-201
-158
-4030
2451
11320453
52
-132
-111
-170
-3885
2448
11321478
20
-316
-23
-121
-3838
2343
11322503
3
-486
68
27
-3958
2073
11323528
82
-633
179
200
-3915
1795
11324553
134
-737
299
295
-3841
1522
11325578
129
-822
379
340
-3959
1303
11326603
172
-903
392
463
-4143
1041
11327628
242
-966
379
685
-4179
772
11328653
242
-979
380
826
-4078
561
11329678
159
-959
355
964
-4140
372
11322497
103
-910
281
1224
-4287
164
11323522
181
-829
211
1420
-4322
15
11324547
281
-732
164
1567
-4088
-115
11325572
207
-593
134
1683
-3856
-238
11326597
5
-405
106
1743
-3937
-285
11327622
-68
-209
77
1731
-4041
-322
11328647
4
-35
41
1676
-4110
-345
11329672
97
135
9
1632
-3982
-288
11330697
91
312
-11
1520
-3902
-128
11331722
39
456
-50
1409
-3982
-16
11332747
45
551
-102
1322
-3982
114
11333772
-21
630
-137
1256
-3766
199
11334797
-277
734
-141
1152
-3708
190
11335822
-490
850
-126
1039
-3999
328
11336847
-416
926
-125
906
-4339
643
11337872
-198
921
-152
707
-4266
758
11330689
-172
885
-159
559
-3921
791
11331714
-380
890
-125
472
-3942
1118
11332739
-511
870
-103
345
-4387
1471
11333764
-352
745
-127
152
-4445
1596
11334789
-146
542
-135
51
-4198
1676
11335814
-149
381
-92
-33
-4100
1894
11336839
-278
212
-45
-259
-4163
2146
11337864
-366
-25
-71
-376
-4290
2144
11338889
-380
-285
-95
-216
-4072
1986
11339914
-434
-457
-24
-2
-3955
1830
11340939
-408
-533
83
51
-4084
1559
11341964
-139
-595
151
38
-4239
1314
11342989
300
-678
216
243
-4317
1107
11344014
684
-705
313
327
-4076
891
11345039
813
-718
400
473
-3925
784
11346064
687
-714
448
615
-3894
708
11338880
384
-706
446
792
-3978
553
11339905
126
-692
412
925
-4239
352
11340930
76
-681
353
1042
-4404
184
11341955
121
-643
279
1195
-4404
107
11342980
134
-566
200
1362
-4322
-6
11344005
92
-451
129
1504
-4219
-129
11345030
21
-292
91
1570
-4199
-145
11346055
21
-125
48
1572
-4322
-130
11347080
143
15
-8
1580
-4290
-107
11348105
212
153
-47
1562
-4034
-178
11349130
113
309
-63
1462
-3897
-231
11350155
-46
476
-80
1357
-4050
-165
11351180
-65
633
-120
1287
-4202
-124
11352205
32
774
-161
1148
-4044
-102
11353230
2
906
-174
975
-3808
-21
11354255
-161
1029
-172
789
-3959
192
11347072
-191
1093
-196
585
-4248
405
11348097
-85
1083
-242
371
-4026
535
11349122
-182
1042
-245
144
-3725
929
11350147
-496
980
-239
-76
-4108
1457
11351172
-542
827
-303
-216
-4549
1744
11352197
-251
590
-359
-253
-4385
1916
11353222
-87
390
-343
-285
-4047
2138
11354247
-207
205
-282
-298
-3966
2270
11355272
-329
31
-202
-263
-4138
2281
11356297
-232
-138
-113
-196
-4293
2194
11357322
36
-315
-29
-101
-4225
2057
11358347
234
-485
62
-30
-3951
1831
11359372
197
-628
155
82
-3821
1587
11360397
33
-730
242
294
-3926
1350
11361422
-11
-788
302
379
-4255
1156
11362447
172
-873
279
404
-4520
859
11355264
397
-972
215
601
-4217
520
11356289
348
-972
205
859
-3956
313
11357314
142
-881
201
973
-4193
212
11358339
109
-809
124
1085
-4400
54
11359364
186
-743
31
1264
-4193
-100
11360389
45
-627
10
1406
-3785
-193
11361414
-270
-458
30
1432
-3896
-194
11362439
-384
-286
-4
1431
-4321
-165
11363464
-152
-160
-55
1492
-4318
-307
11364489
111
-23
-41
1484
-3928
-414
11365514
81
162
20
1475
-3623
-402
11366539
-114
383
63
1403
-3771
-352
11367564
-137
570
56
1323
-4081
-365
11368589
62
686
45
1224
-4021
-272
11369614
158
782
38
1120
-3794
-52
11370639
29
857
8
948
-3845
113
11363457
-145
894
-34
771
-3854
209
11364482
-317
936
-33
592
-3784
402
11365507
-437
972
-12
317
-4120
794
11366532
-309
909
-56
22
-4587
1235
11367557
19
733
-142
-107
-4552
1618
11368582
204
529
-165
-206
-4255
2020
11369607
116
323
-155
-312
-4224
2323
11370632
-48
93
-144
-313
-4149
2405
11371657
-215
-107
-91
-272
-4087
2357
11372682
-287
-264
-1
-297
-4250
2194
11373707
-130
-433
77
-288
-4364
1954
11374732
141
-592
134
-159
-4271
1682
11375757
317
-704
210
-35
-4116
1434
11376782
394
-778
296
45
-4063
1249
11377807
386
-854
336
178
-4066
983
11378832
315
-915
348
397
-4032
731
11371648
228
-929
343
511
-4166
606
11372673
224
-943
300
629
-4347
427
11373698
295
-943
234
887
-4285
163
11374723
297
-897
180
1106
-4122
-16
11375748
180
-811
138
1257
-4184
-110
11376773
94
-695
78
1372
-4348
-168
11377798
68
-558
-4
1424
-4295
-277
11378823
17
-403
-69
1469
-4112
-422
11379848
-61
-212
-108
1546
-4050
-519
11380873
-71
17
-123
1565
-4089
-481
11381898
-18
236
-133
1495
-4048
-376
11382923
-2
413
-148
1463
-3872
-364
11383948
-92
570
-152
1443
-3808
-334
11384973
-220
731
-143
1354
-3911
-182
11385998
-263
861
-148
1200
-4052
-63
11387023
-228
932
-182
1085
-3905
-57
11379841
-331
1009
-172
987
-3642
87
11380866
-556
1099
-145
813
-4201
492
11381891
-510
1082
-223
599
-4677
716
11382916
-269
974
-300
433
-4289
895
11383941
-309
893
-281
251
-4072
1286
11384966
-477
801
-277
-28
-4426
1567
11385991
-384
622
-317
-166
-4552
1781
11387016
-195
445
-293
-142
-4382
2015
11388041
-120
290
-211
-211
-4285
2121
11389066
-35
120
-146
-314
-4283
2113
11390091
62
-55
-81
-396
-4163
1979
11391116
72
-219
0
-460
-4148
1835
11392141
134
-376
86
-339
-4154
1690
11393166
266
-500
172
-173
-4106
1441
11394191
362
-587
239
-109
-4065
1259
11395216
424
-674
295
54
-4016
1148
11388032
450
-747
351
229
-3959
984
11389057
410
-804
387
327
-3971
786
11390082
342
-849
388
468
-4046
616
11391107
314
-877
369
710
-4066
416
11392132
295
-879
351
991
-4076
234
11393157
260
-838
332
1173
-4142
79
11394182
203
-769
274
1235
-4184
-91
11395207
122
-666
203
1400
-4158
-215
11396232
24
-507
138
1601
-4208
-399
11397257
-19
-299
85
1640
-4136
-487
11398282
-43
-79
42
1601
-4112
-478
11399307
-48
119
-8
1602
-4163
-508
11400332
25
303
-45
1618
-4075
-447
11401357
51
495
-60
1484
-3988
-268
11402382
-16
647
-90
1328
-4006
-104
11403407
-124
753
-126
1262
-3932
-81
11396224
-244
869
-123
1202
-3922
-104
11397249
-305
1016
-99
1004
-4149
65
11398274
-216
1103
-118
764
-4251
247
11399299
-113
1123
-140
549
-4021
280
11400324
-259
1158
-102
367
-3795
426
11401349
-511
1230
-45
116
-4296
941
11402374
-445
1183
-97
-322
-4922
1539
11403399
-143
908
-243
-678
-4846
2014
11404424
-39
574
-321
-651
-4405
2260
11405449
-173
347
-286
-677
-4240
2640
11406474
-241
98
-268
-595
-4355
2631
11407499
-57
-150
-227
-575
-4190
2485
11408524
74
-366
-119
-612
-3921
2256
11409549
97
-531
17
-462
-3887
1867
11410574
191
-669
165
-314
-3906
1662
11411599
281
-799
278
-87
-3884
1392
11404415
325
-887
371
126
-3850
1079
11405440
293
-941
447
179
-4004
803
11406465
295
-970
461
248
-4257
570
11407490
371
-983
435
419
-4286
446
11408515
389
-967
400
611
-4287
281
11409540
354
-926
353
774
-4255
165
11410565
237
-852
305
964
-4192
80
11411590
94
-732
266
1139
-4240
-3
11412615
80
-601
221
1199
-4379
-23
11413640
173
-509
142
1302
-4400
-29
11414665
228
-405
65
1514
-4253
-147
11415690
132
-243
19
1594
-4129
-299
11416715
-26
-47
-22
1524
-4167
-302
11417740
-109
132
-89
1458
-4224
-288
11418765
-81
300
-155
1383
-4231
-253
11419790
-10
460
-206
1310
-4142
-196
11412608
13
603
-246
1154
-3994
-102
11413633
-62
720
-285
991
-3991
35
11414658
-148
815
-317
861
-4085
201
11415683
-173
883
-339
741
-4044
388
11416708
-214
922
-347
582
-3956
560
11417733
-276
938
-335
377
-4086
833
11418758
-260
899
-344
225
-4310
1094
11419783
-158
812
-349
122
-4137
1248
11420808
-162
715
-311
2
-3905
1436
11421833
-240
597
-257
-142
-4134
1778
11422858
-198
427
-241
-189
-4240
1881
11423883
-80
242
-190
-238
-4026
1936
11424908
-86
86
-104
-303
-3989
2053
11425933
-108
-67
-31
-390
-4146
2070
11426958
-2
-252
33
-371
-4137
2058
11427983
100
-415
120
-268
-3970
1985
11420800
135
-542
226
-204
-3946
1811
11421825
198
-668
317
-154
-3967
1628
11422850
251
-790
390
-95
-3922
1450
11423875
212
-875
454
28
-3959
1244
11424900
188
-930
484
186
-4147
1051
11425925
248
-989
464
398
-4267
764
11426950
317
-1051
415
657
-4268
474
11427975
308
-1066
366
927
-4254
234
11429000
192
-1003
312
1121
-4331
27
11430025
49
-876
226
1236
-4388
-139
11431050
-37
-725
125
1321
-4416
-233
11432075
-17
-568
31
1447
-4416
-354
11433100
27
-391
-36
1551
-4278
-495
11434125
-16
-162
-62
1519
-3995
-493
11435150
-139
74
-78
1441
-3978
-472
11436175
-165
283
-111
1402
-4124
-393
11428991
-40
455
-139
1398
-4026
-327
11430016
34
612
-139
1288
-3775
-208
11431041
-70
740
-137
1168
-3701
-70
11432066
-252
832
-149
1069
-3832
35
11433091
-364
904
-166
938
-4045
127
11434116
-370
964
-178
804
-4089
206
11435141
-358
1018
-176
570
-4170
464
11436166
-355
1025
-204
382
-4344
724
11437191
-322
983
-252
262
-4342
866
11438216
-342
939
-255
187
-4239
1069
11439241
-414
907
-221
-1
-4377
1404
11440266
-385
793
-232
-212
-4632
1622
11441291
-204
611
-275
-278
-4583
1709
11442316
-32
429
-258
-310
-4368
1864
11443341
-5
259
-206
-386
-4261
2026
11444366
-27
70
-155
-454
-4229
2045
11437184
2
-124
-93
-401
-4170
2007
11438209
83
-284
8
-334
-4068
1898
11439234
200
-437
130
-305
-3992
1833
11440259
308
-589
237
-252
-3899
1692
11441284
337
-711
336
-145
-3772
1461
11442309
278
-803
436
-89
-3880
1254
11443334
264
-900
501
-17
-4011
1049
11444359
324
-991
527
172
-4056
770
11445384
333
-1043
527
395
-4099
478
11446409
287
-1055
504
562
-4198
239
11447434
227
-1033
441
730
-4369
19
11448459
157
-973
338
998
-4382
-216
11449484
54
-849
242
1277
-4366
-454
11450509
-16
-653
157
1546
-4403
-564
11451534
-1
-419
85
1688
-4550
-546
11452559
116
-200
1
1698
-4551
-590
11445377
220
12
-77
1647
-4192
-556
11446402
44
230
-127
1629
-3887
-526
11447427
-237
453
-158
1526
-4102
-399
11448452
-294
625
-211
1382
-4267
-345
11449477
-125
741
-258
1214
-4211
-212
11450502
16
837
-285
1072
-4030
0
11451527
-46
935
-303
912
-3855
174
11452552
-239
1008
-305
690
-3957
481
11453577
-345
1015
-327
464
-4332
712
11454602
-227
954
-368
322
-4363
818
11455627
-139
881
-363
191
-3995
1070
11456652
-359
821
-304
17
-3951
1362
11457677
-535
722
-279
-234
-4357
1492
11458702
-376
548
-304
-328
-4531
1596
11459727
-103
371
-269
-441
-4340
1907
11460752
21
176
-214
-558
-4212
2071
11453567
15
-18
-182
-527
-4000
2071
11454592
-58
-179
-93
-432
-3935
2031
11455617
-46
-320
30
-449
-4078
1916
11456642
136
-497
132
-429
-4021
1762
11457667
285
-655
247
-281
-3859
1621
11458692
303
-757
371
-152
-3876
1426
11459717
317
-838
468
-101
-4019
1193
11460742
385
-912
525
-16
-4098
995
11461767
418
-973
556
206
-4137
822
11462792
411
-1008
562
388
-4180
615
11463817
374
-1022
541
489
-4147
407
11464842
248
-1007
500
706
-4075
219
11465867
32
-942
452
1038
-4187
9
11466892
-111
-815
392
1267
-4461
-84
11467917
-56
-683
296
1507
-4632
-194
11468942
116
-525
197
1763
-4673
-433
11461761
271
-332
144
1679
-4538
-650
11462786
267
-123
94
1567
-4284
-734
11463811
78
117
15
1472
-4262
-778
11464836
-42
353
-86
1347
-4347
-754
11465861
-27
553
-179
1247
-4150
-627
11466886
-67
728
-235
1062
-4059
-402
11467911
-166
852
-301
911
-4047
-134
11468936
-293
922
-364
856
-3874
31
11469961
-490
1002
-372
747
-3886
134
11470986
-565
1081
-363
530
-4300
457
11472011
-417
1075
-390
376
-4385
745
11473036
-317
1019
-401
235
-4000
821
11474061
-486
988
-350
116
-3878
979
11475086
-659
963
-273
-8
-4272
1219
11476111
-492
870
-237
-205
-4700
1507
11477136
-126
659
-241
-439
-4627
1826
11469952
92
406
-247
-540
-4385
1969
11470977
131
196
-216
-521
-4237
1966
11472002
73
33
-147
-450
-4071
2033
11473027
-30
-107
-52
-448
-4112
2018
11474052
14
-266
29
-470
-4300
1856
11475077
253
-447
106
-390
-4225
1649
11476102
455
-593
209
-254
-3972
1437
11477127
473
-687
301
-178
-3915
1270
11478152
433
-753
361
-32
-4108
1079
11479177
494
-811
395
157
-4163
858
11480202
571
-852
427
336
-4040
699
11481227
501
-855
439
465
-3957
504
11482252
337
-834
429
629
-4098
394
11483277
210
-794
386
790
-4246
174
11484302
195
-735
331
961
-4271
0
11485327
177
-637
280
1166
-4223
-116
11478144
132
-496
233
1252
-4200
-243
11479169
91
-334
186
1278
-4184
-266
11480194
45
-159
130
1366
-4217
-298
11481219
54
21
70
1427
-4141
-360
11482244
2
208
23
1410
-3931
-353
11483269
-158
402
-16
1332
-4069
-315
11484294
-221
564
-87
1179
-4357
-224
11485319
-119
677
-171
1057
-4284
-104
11486344
-69
783
-237
926
-4060
100
11487369
-170
873
-281
808
-4069
314
11488394
-259
935
-312
647
-4228
506
11489419
-300
957
-336
404
-4219
750
11490444
-384
937
-350
182
-4332
1030
11491469
-403
879
-370
13
-4488
1277
11492494
-296
779
-381
-196
-4553
1595
11493519
-145
627
-381
-428
-4514
1881
11486337
-61
442
-376
-599
-4288
2035
11487362
-119
265
-316
-636
-4132
2183
11488387
-194
121
-223
-653
-4199
2277
11489412
-61
-53
-141
-659
-4281
2186
11490437
223
-250
-45
-633
-4054
2058
11491462
381
-420
98
-538
-3733
1900
11492487
324
-540
249
-419
-3642
1697
11493512
212
-642
370
-266
-3768
1511
11494537
192
-746
452
-167
-3964
1293
11495562
290
-858
498
-28
-4119
1047
11496587
371
-948
515
242
-4043
775
11497612
303
-975
520
409
-4045
528
11498637
132
-967
482
516
-4272
328
11499662
25
-927
397
752
-4390
91
11500687
30
-831
308
1022
-4438
-84
11501712
67
-696
231
1218
-4346
-84
11494527
49
-565
145
1338
-4313
-233
11495552
-9
-430
51
1441
-4253
-348
11496577
-55
-256
-1
1517
-4124
-363
11497602
-90
-62
-50
1533
-4131
-402
11498627
-87
127
-110
1548
-4151
-351
11499652
-64
315
-148
1466
-4074
-285
11500677
-101
490
-165
1276
-3999
-218
11501702
-176
632
-194
1104
-4095
-67
11502727
-192
731
-255
957
-4267
86
11503752
-179
782
-319
828
-4271
215
11504777
-205
829
-350
662
-4144
325
11505802
-321
870
-361
479
-4072
450
11506827
-441
891
-374
369
-4195
644
11507852
-413
877
-387
261
-4340
813
11508877
-271
816
-375
130
-4196
947
11509902
-238
744
-326
-37
-3989
1165
11502943
-329
668
-288
-133
-4209
1381
11503968
-284
574
-270
-154
-4399
1433
11504993
-89
455
-244
-240
-4306
1539
11506018
-2
303
-204
-330
-4179
1661
11507043
-93
156
-179
-282
-4068
1639
11508068
-213
40
-134
-169
-4142
1559
11509093
-153
-69
-76
-139
-4342
1490
11510118
72
-200
-31
-116
-4274
1419
11511143
188
-325
15
25
-3963
1359
11512168
104
-410
87
147
-3995
1336
11513193
65
-504
136
200
-4184
1251
11514218
168
-621
176
307
-4073
1170
11515243
181
-702
224
475
-3969
982
11516268
126
-743
268
568
-4049
793
11517293
124
-773
293
555
-4160
713
11518318
146
-806
284
641
-4164
499
11510913
113
-789
282
795
-4123
305
11511938
62
-730
270
845
-4241
120
11512963
85
-667
217
893
-4345
-64
11513988
94
-575
159
1105
-4199
-263
11515013
26
-419
136
1248
-4133
-464
11516038
-7
-222
124
1262
-4191
-568
11517063
41
-18
95
1307
-4265
-577
11518088
113
181
65
1400
-4116
-558
11519113
105
377
55
1353
-3885
-466
11520138
-3
551
49
1201
-3978
-320
11521163
-44
681
13
1099
-4171
-151
11522188
66
777
-27
978
-4214
32
11523213
148
847
-51
802
-4035
314
11524238
45
890
-75
593
-4058
616
11525263
-102
884
-124
406
-4251
753
11526288
-128
835
-169
247
-4333
847
11519104
-66
778
-177
106
-4438
1171
11520129
50
689
-194
-19
-4481
1444
11521154
150
541
-219
-156
-4275
1505
11522179
85
414
-206
-224
-4080
1650
11523204
-59
309
-163
-344
-4236
1876
11524229
-39
154
-146
-466
-4383
1999
11525254
55
-55
-133
-396
-4109
1997
11526279
41
-213
-60
-279
-3910
1944
11527304
4
-330
21
-261
-4047
1756
11528329
113
-462
81
-191
-4064
1568
11529354
200
-577
162
-44
-3909
1418
11530379
152
-637
246
-8
-4004
1279
11531404
152
-713
267
88
-4146
1038
11532429
192
-780
262
270
-4044
778
11533454
130
-802
267
500
-4091
642
11534479
103
-796
254
742
-4279
524
11527298
175
-789
207
906
-4268
317
11528323
153
-747
165
990
-4126
120
11529348
-24
-646
132
1136
-4166
-19
11530373
-128
-508
84
1259
-4351
-194
11531398
-68
-354
22
1321
-4382
-319
11532423
51
-180
-35
1387
-4330
-325
11533448
91
5
-85
1418
-4077
-375
11534473
17
191
-108
1362
-3901
-365
11535498
-92
364
-123
1296
-4008
-185
11536523
-101
503
-157
1229
-4126
-20
11537548
-35
609
-194
1108
-4024
51
11538573
-70
699
-210
916
-3989
260
11539598
-152
764
-238
793
-4155
503
11540623
-152
792
-281
671
-4174
627
11541648
-149
792
-287
565
-4105
802
11542673
-172
786
-254
402
-4140
1037
11535488
-170
743
-236
213
-4176
1229
11536513
-159
640
-229
65
-4096
1309
11537538
-228
522
-197
-77
-4070
1392
11538563
-260
410
-152
-182
-4257
1564
11539588
-134
273
-126
-316
-4350
1738
11540613
35
97
-116
-436
-4213
1845
11541638
74
-77
-97
-411
-4004
1885
11542663
5
-230
-36
-257
-3925
1842
11543688
-16
-353
48
-177
-3998
1772
11544713
91
-492
125
-150
-3975
1642
11545738
180
-625
188
-54
-3842
1388
11546763
158
-714
262
113
-3822
1116
11547788
112
-752
336
262
-3969
936
11548813
171
-773
370
331
-4175
796
11549838
268
-805
365
412
-4161
633
11550863
235
-812
360
568
-4016
473
11543679
58
-762
359
717
-4164
405
11544704
-22
-695
309
743
-4509
314
11545729
85
-671
205
873
-4488
152
11546754
139
-626
134
1143
-4185
58
11547779
32
-490
127
1363
-4134
-65
11548804
-30
-308
114
1351
-4291
-196
11549829
44
-154
63
1319
-4307
-251
11550854
97
-13
8
1443
-4237
-257
11551879
75
152
-26
1524
-4117
-267
11552904
-3
324
-54
1415
-4044
-215
11553929
-108
461
-101
1313
-4145
-77
11554954
-150
562
-166
1249
-4219
7
11555979
-109
643
-220
1120
-4243
68
11557004
-84
714
-256
928
-4083
204
11558029
-190
776
-278
732
-4029
365
11559054
-292
818
-292
571
-4240
612
11551872
-211
811
-309
415
-4374
866
11552897
-61
739
-319
216
-4240
1093
11553922
-70
628
-320
92
-3982
1187
11554947
-269
551
-277
45
-3947
1297
11555972
-393
492
-223
-84
-4302
1456
11556997
-231
374
-227
-76
-4350
1449
11558022
-5
237
-220
84
-4059
1301
11559047
18
148
-142
210
-3767
1167
11560072
-109
105
-49
195
-3835
1136
11561097
-181
56
-8
244
-4102
1027
11562122
-105
8
3
397
-4146
827
11563147
20
-10
40
469
-4070
747
11564172
91
-37
69
447
-3987
744
11565197
24
-66
66
515
-3913
703
11566222
-118
-63
69
649
-4045
676
11567247
-126
-56
63
664
-4274
664
11560066
17
-89
28
639
-4222
676
11561091
34
-107
0
762
-4032
668
11562116
-82
-72
6
776
-4051
641
11563141
-133
-54
-5
701
-4165
632
11564166
-88
-66
-39
737
-4150
612
11565191
-49
-61
-38
856
-4057
585
11566216
-43
-23
-10
784
-4113
587
11567241
-1
-14
-27
659
-4249
585
11568266
47
-30
-68
635
-4141
568
11569291
-4
-25
-70
691
-4033
553
11570316
-116
3
-64
726
-4145
605
11571341
-122
26
-73
705
-4269
649
11572366
-8
28
-86
702
-4267
622
11573391
140
28
-72
737
-4131
660
11574416
152
39
-31
758
-4052
756
11575441
91
53
-8
699
-4186
836
11568256
132
33
-28
670
-4237
825
11569281
134
2
-36
674
-3994
756
11570306
-14
-1
-6
764
-3893
751
11571331
-141
18
16
821
-4098
800
11572356
-84
-3
22
792
-4134
760
11573381
-10
-36
41
719
-4001
654
11574406
-63
-49
65
688
-4111
683
11575431
-86
-49
52
744
-4339
696
11576456
2
-49
13
728
-4243
642
11577481
1
-56
-7
671
-4021
629
11578506
-147
-56
-28
717
-4210
648
11579531
-140
-62
-55
795
-4302
640
11580556
-8
-68
-67
730
-4097
621
11581581
20
-67
-73
673
-4024
634
11582606
-28
-60
-76
740
-4038
612
11583631
-65
-43
-67
751
-4071
563
11576449
-72
-37
-57
726
-4127
595
11577474
-25
-40
-55
726
-4164
631
11578499
33
-53
-58
814
-4117
620
11579524
38
-54
-45
848
-3992
572
11580549
-30
-44
-24
806
-3975
583
11581574
-111
-42
-6
749
-4120
647
11582599
-99
-66
-14
723
-4286
614
11583624
-24
-89
-27
762
-4147
527
11584649
-19
-79
-20
869
-4007
580
11585674
-52
-47
-21
839
-4086
606
11586699
-35
-48
-30
799
-4149
551
11587724
-14
-63
-12
836
-4055
454
11588749
-37
-48
36
848
-3973
479
11589774
-63
-10
51
854
-4146
559
11590799
7
9
19
819
-4232
511
11591824
65
12
8
801
-4050
484
11584640
-15
24
27
803
-4052
502
11585665
-37
32
30
820
-4206
592
11586690
47
16
9
798
-4183
663
11587715
71
-10
-7
758
-4085
654
11588740
-9
-33
-13
760
-4064
595
11589765
-77
-45
-7
783
-4100
570
11590790
-66
-48
0
827
-4083
585
11591815
-15
-40
0
808
-4084
556
11592840
29
-34
4
783
-4062
516
11593865
26
-22
23
813
-4014
495
11594890
-8
7
46
811
-4019
501
11595915
-17
31
53
806
-4123
558
11596940
27
42
39
782
-4203
564
11597965
84
33
20
745
-4166
547
11598990
77
13
15
757
-4083
589
11600015
-8
8
15
770
-4060
620
11592832
-67
5
4
785
-4149
699
11593857
-58
-5
-15
780
-4152
641
11594882
-13
-18
-20
736
-4085
550
11595907
-8
-29
-11
775
-4065
535
11596932
-30
-18
-1
810
-4070
562
11597957
-41
-7
-3
822
-4095
585
11598982
-51
1
-6
790
-4095
551
11600007
-34
-3
2
779
-4096
532
11601032
-28
-4
16
828
-4066
513
11602057
-16
13
25
846
-4094
558
11603082
-14
21
11
834
-4136
592
11604107
-7
15
10
816
-4094
527
11605132
-10
2
23
824
-4093
496
11606157
-8
-4
34
829
-4169
538
11607182
26
-10
26
819
-4178
533
11608207
38
-11
18
755
-4084
488
11601024
-14
-3
29
709
-4045
469
11602049
-53
15
36
718
-4167
481
11603074
24
29
15
714
-4251
525
11604099
107
25
-17
702
-4139
554
11605124
88
30
-35
709
-4101
599
11606149
33
18
-48
749
-4117
621
11607174
12
3
-43
828
-4020
620
11608199
-6
2
-26
830
-4028
613
11609224
4
-9
-10
817
-4080
593
11610249
43
-20
14
811
-4045
565
11611274
34
-18
35
810
-4046
567
11612299
8
-12
47
834
-4080
561
11613324
2
0
50
798
-4159
532
11614349
30
2
42
748
-4162
569
11615374
43
-2
30
752
-4094
614
11616399
11
5
20
738
-4107
592
11609216
-28
3
1
724
-4193
582
11610241
4
-15
-12
725
-4159
607
11611266
50
-29
-19
726
-4086
644
11612291
46
-32
-26
762
-4058
634
11613316
16
-27
-22
794
-4037
593
11614341
-14
-19
-15
789
-4084
592
11615366
3
-18
-12
808
-4134
607
11616391
54
-21
-10
842
-4083
603
11617416
40
-18
0
841
-4037
571
11618441
-22
-10
18
816
-4075
541
11619466
-56
-3
29
768
-4118
531
11620491
-44
0
30
753
-4157
549
11621516
3
-4
26
766
-4155
550
11622541
47
-1
27
747
-4118
547
11623566
49
8
24
723
-4079
582
11624591
9
26
15
732
-4071
639
11617408
-28
41
-1
752
-4165
646
11618433
13
29
-28
757
-4201
645
11619458
54
1
-41
771
-4079
674
11620483
11
-16
-34
789
-4013
683
11621508
-61
-29
-25
815
-4051
652
11622533
-82
-40
-16
836
-4095
599
11623558
-61
-42
-2
831
-4073
536
11624583
-36
-41
21
804
-4078
510
11625608
-12
-33
40
797
-4097
512
11626633
-10
-14
51
780
-4090
510
11627658
-14
5
54
785
-4125
508
11628683
15
22
44
764
-4222
517
11629708
65
29
26
745
-4166
548
11630733
81
38
10
740
-4109
637
11631758
49
44
-12
752
-4102
689
11632783
38
38
-31
756
-4090
721
11625600
27
20
-44
770
-4098
742
11626625
23
-12
-48
818
-4069
723
11627650
-3
-35
-36
830
-4011
678
11628675
-47
-41
-16
818
-4053
619
11629700
-51
-40
1
782
-4073
567
11630725
-50
-31
11
770
-4077
558
11631750
-50
-17
16
756
-4145
536
11632775
-14
-10
17
727
-4174
510
11633800
23
-8
16
726
-4109
538
11634825
5
2
12
769
-4080
586
11635850
-28
19
2
794
-4140
584
11636875
-16
24
-8
764
-4169
598
11637900
29
13
-11
757
-4109
623
11638925
29
5
-18
764
-4052
653
11639950
-28
4
-22
792
-4057
626
11640975
-72
2
-21
804
-4127
608
11633791
-40
-13
-19
816
-4132
620
11634816
13
-27
-14
817
-4072
609
11635841
12
-27
-5
827
-4054
574
11636866
-26
-15
6
816
-4074
548
11637891
-48
-7
10
782
-4144
560
11638916
-12
-12
7
763
-4159
574
11639941
12
-15
2
772
-4107
562
11640966
6
-13
-1
781
-4108
573
11641991
-10
-6
-7
810
-4106
564
11643016
-11
3
-6
801
-4090
581
11644041
-15
8
-4
795
-4107
596
11645066
1
3
-4
807
-4108
582
11646091
23
-2
0
805
-4078
597
11647116
12
-4
5
814
-4061
609
11648141
-18
-2
5
802
-4103
604
11649166
-39
-3
2
796
-4136
590
11642103
-11
-14
1
806
-4122
589
11643128
22
-20
-1
793
-4092
585
11644153
11
-21
4
777
-4066
595
11645178
-31
-9
-3
797
-4116
564
11646203
-35
-2
-3
824
-4138
538
11647228
-1
-1
7
816
-4097
563
11648253
32
0
19
796
-4062
589
11649278
31
5
17
787
-4086
576
11650303
4
8
14
805
-4090
581
11651328
-16
12
12
794
-4147
600
11652353
-6
4
6
783
-4124
610
11653378
1
-8
7
788
-4078
598
11654403
1
-15
7
799
-4101
604
11655428
2
-16
5
797
-4094
584
11656453
-15
-12
5
784
-4088
563
11657478
-29
-7
7
798
-4129
562
11650177
-2
-5
8
788
-4106
567
11651202
13
-6
11
789
-4086
582
11652227
-1
-5
15
777
-4094
591
11653252
-25
-3
16
780
-4088
597
11654277
-59
0
12
810
-4148
555
11655302
-37
-2
6
830
-4180
548
11656327
36
-9
10
826
-4100
592
11657352
57
-8
13
782
-4057
600
11658377
13
-5
6
770
-4095
583
11659402
-27
2
0
771
-4135
573
11660427
-32
-2
-3
790
-4123
582
11661452
3
-7
-2
796
-4087
583
11662477
22
-13
1
792
-4076
603
11663502
1
-9
1
775
-4102
580
11664527
-28
-8
2
781
-4092
564
11665552
-47
-11
5
798
-4103
577
11658367
-16
-13
5
819
-4134
597
11659392
27
-14
2
822
-4107
566
11660417
15
-12
4
809
-4067
558
11661442
-39
-3
11
797
-4106
569
11662467
-33
-1
9
792
-4158
591
11663492
15
-8
0
776
-4117
571
11664517
23
-10
-7
770
-4097
540
11665542
-14
-5
-7
772
-4092
558
11666567
-40
-5
-6
794
-4102
592
11667592
-26
-6
-5
793
-4117
584
11668617
9
-10
-4
776
-4093
559
11669642
22
-17
1
784
-4065
539
11670667
-11
-9
4
808
-4080
551
11671692
-45
0
4
808
-4137
561
11672717
-13
-1
0
804
-4152
546
11673742
34
-7
2
784
-4079
547
11666560
21
-7
5
778
-4081
572
11667585
-10
-7
0
812
-4105
582
11668610
-29
-1
-2
817
-4104
564
11669635
-30
3
3
810
-4106
533
11670660
10
3
11
807
-4101
540
11671685
47
7
18
790
-4057
566
11672710
24
15
16
779
-4070
575
11673735
-34
17
13
788
-4130
574
11674760
-29
11
9
784
-4166
562
11675785
16
0
8
791
-4099
571
11676810
25
-1
10
794
-4078
584
11677835
9
-2
10
793
-4093
618
11678860
-7
-2
6
779
-4105
589
11679885
-31
-5
-3
758
-4116
559
11680910
-24
-17
-6
782
-4141
567
11681935
3
-26
-2
797
-4100
566
11674752
9
-24
1
791
-4078
551
11675777
-10
-14
5
775
-4082
531
11676802
-33
-5
2
779
-4120
540
11677827
-27
-4
0
802
-4152
532
11678852
11
-12
-1
810
-4111
540
11679877
25
-13
8
809
-4049
553
11680902
-5
-1
14
788
-4087
572
11681927
-26
1
9
799
-4155
557
11682952
6
-4
5
813
-4111
549
11683977
27
-10
8
794
-4068
569
11685002
6
-7
8
778
-4071
584
11686027
-35
-1
4
785
-4142
575
11687052
-29
-5
-4
797
-4157
534
11688077
11
-10
-2
808
-4095
558
11689102
25
-10
1
799
-4075
580
11690127
4
-6
4
788
-4063
561
11682944
-18
-3
6
786
-4120
541
11683969
-5
-3
5
787
-4139
565
11684994
27
-9
3
798
-4086
573
11686019
19
-11
3
787
-4076
577
11687044
0
-11
3
787
-4116
580
11688069
2
-11
-1
801
-4126
551
11689094
16
-11
-1
801
-4100
547
11690119
22
-9
0
804
-4087
565
11691144
23
-6
6
808
-4070
573
11692169
4
2
8
773
-4129
553
11693194
14
0
2
773
-4134
550
11694219
32
-4
1
777
-4089
580
11695244
4
-4
-1
788
-4088
594
11696269
-28
-5
1
820
-4085
597
11697294
-33
-5
10
805
-4100
578
11698319
-8
-10
7
773
-4127
575
11691136
16
-18
4
784
-4097
576
11692161
7
-16
6
794
-4079
561
11693186
-20
-9
3
781
-4107
541
11694211
-32
-3
-3
796
-4134
553
11695236
-21
0
-5
803
-4119
546
11696261
-3
-2
-7
791
-4117
550
11697286
21
-5
-5
796
-4089
577
11698311
8
-5
1
792
-4069
583
11699336
-24
1
4
794
-4075
565
11700361
-33
0
6
795
-4118
567
11701386
-9
-5
3
804
-4132
569
11702411
17
-11
3
811
-4077
584
11703436
-5
-8
5
796
-4083
563
11704461
-20
-5
4
792
-4115
539
11705486
-3
-3
5
795
-4092
557
11706511
7
1
9
787
-4092
555
11699328
8
0
8
778
-4105
560
11700353
-1
-3
10
782
-4074
546
11701378
-26
1
14
777
-4105
548
11702403
-22
-2
12
800
-4144
562
11703428
18
-5
12
811
-4107
571
11704453
22
1
13
792
-4053
564
11705478
-12
4
16
795
-4068
578
11706503
-32
3
16
790
-4141
556
11707528
-22
-1
10
786
-4150
547
11708553
3
-5
8
793
-4106
561
11709578
9
-4
10
797
-4065
582
11710603
-11
-2
9
804
-4105
571
11711628
-20
-2
7
798
-4150
559
11712653
0
-7
5
776
-4113
566
11713678
3
-10
4
773
-4065
572
11714703
-17
-9
6
798
-4081
569
11707520
-33
-7
5
809
-4121
551
11708545
-18
-12
9
798
-4105
546
11709570
-6
-16
11
788
-4098
557
11710595
-3
-17
12
785
-4116
562
11711620
3
-15
7
785
-4110
541
11712645
4
-13
6
764
-4081
541
11713670
-17
-16
6
742
-4108
548
11714695
-18
-17
9
750
-4101
544
11715720
-19
-14
16
766
-4061
535
11716745
-28
-8
19
790
-4108
535
11717770
-12
-3
18
813
-4134
513
11718795
2
0
18
789
-4091
521
11719820
-14
2
23
786
-4118
556
11720845
-10
-1
20
800
-4137
557
11721870
11
-1
12
805
-4112
538
11722895
3
3
13
793
-4092
529
11715896
-5
6
16
772
-4094
547
11716921
-6
3
18
765
-4104
571
11717946
-4
0
16
762
-4128
558
11718971
-9
-1
10
749
-4118
529
11719996
-13
-4
7
753
-4121
528
11721021
-7
-6
12
772
-4119
549
11722046
7
-6
8
782
-4090
562
11723071
-15
-3
7
770
-4071
550
11724096
-58
3
7
748
-4151
511
11725121
-35
-5
4
769
-4168
510
11726146
22
-12
4
803
-4093
559
11727171
22
-6
6
792
-4070
559
11728196
2
-1
6
772
-4104
546
11729221
-6
-3
10
774
-4078
537
11730246
-18
-1
11
777
-4121
551
11731271
-7
2
12
791
-4129
526
11723904
18
0
15
765
-4098
528
11724929
24
-3
22
743
-4068
526
11725954
-8
0
27
757
-4099
527
11726979
-24
4
27
764
-4154
561
11728004
-9
-1
21
755
-4142
548
11729029
6
-14
20
712
-4146
569
11730054
12
-37
11
679
-4221
746
11731079
54
-104
-49
693
-4440
1085
11732104
83
-235
-152
574
-4395
1010
11733129
-47
-380
-197
244
-4135
916
11734154
-358
-509
-220
120
-4137
975
11735179
-540
-588
-261
269
-4235
954
11736204
-502
-614
-252
556
-4220
887
11737229
-399
-571
-180
677
-4292
795
11738254
-211
-496
-103
690
-4331
687
11739279
43
-420
-11
646
-4351
541
11732097
307
-346
69
455
-4236
408
11733122
644
-264
239
-72
-4216
602
11734147
864
-394
178
731
-4051
530
11735172
1049
-410
261
1060
-3947
364
11736197
1017
-409
312
896
-3462
219
11737222
296
-338
330
1080
-3442
128
11738247
-207
-325
297
1401
-4155
104
11739272
-31
-343
238
1499
-4222
-33
11740297
136
-315
205
1500
-4070
-258
11741322
149
-227
151
1717
-4131
-387
11742347
146
-82
94
1895
-4134
-409
11743372
92
77
34
1859
-4107
-490
11744397
-20
238
-33
1734
-4082
-470
11745422
-162
395
-97
1671
-4114
-470
11746447
-242
545
-155
1574
-4181
-454
11747472
-237
667
-208
1444
-4192
-388
11740287
-217
779
-246
1268
-4045
-209
11741312
-285
871
-271
1030
-3934
135
11742337
-481
884
-311
830
-3888
344
11743362
-738
853
-334
667
-4015
414
11744387
-868
835
-313
499
-4277
556
11745412
-690
804
-278
366
-4455
778
11746437
-288
735
-258
231
-4436
984
11747462
44
651
-207
12
-4090
1076
11748487
82
585
-87
-194
-3844
1115
11749512
-65
542
25
-369
-4030
1292
11750537
-66
428
82
-340
-4406
1518
11751562
131
281
108
-390
-4447
1618
11752587
303
71
129
-341
-4229
1672
11753612
271
-137
163
-213
-4077
1668
11754637
133
-298
180
-79
-4104
1499
11755662
68
-433
207
52
-4153
1312
11748479
129
-547
259
70
-4261
1199
11749504
331
-695
271
407
-4306
1022
11750529
532
-754
295
463
-4133
777
11751554
539
-800
318
587
-4092
659
11752579
521
-830
320
782
-4144
589
11753604
478
-855
296
953
-4127
469
11754629
382
-875
246
1114
-4258
334
11755654
341
-878
163
1236
-4460
251
11756679
333
-858
43
1455
-4435
30
11757704
265
-772
-59
1554
-4300
-154
11758729
163
-642
-146
1527
-4282
-277
11759754
135
-507
-243
1547
-4251
-384
11760779
119
-358
-320
1599
-3907
-458
11761804
-55
-177
-337
1610
-3603
-539
11762829
-283
37
-314
1598
-3613
-606
11763854
-355
249
-273
1529
-3752
-479
11756673
-263
410
-226
1415
-3793
-303
11757698
-142
521
-193
1361
-3699
-203
11758723
-142
635
-155
1247
-3649
-10
11759748
-256
709
-139
1083
-3871
329
11760773
-344
711
-159
1018
-4116
533
11761798
-339
684
-176
911
-4131
563
11762823
-351
670
-154
848
-3922
527
11763848
-476
708
-82
727
-3819
547
11764873
-575
751
2
474
-4280
867
11765898
-388
690
0
334
-4526
962
11766923
-124
577
-10
290
-4203
991
11767948
-146
506
36
225
-4149
1295
11768973
-222
417
59
50
-4612
1588
11769998
-56
230
16
-95
-4708
1676
11771023
144
17
-4
-8
-4372
1690
11772048
123
-115
38
74
-4147
1716
11764864
74
-237
87
24
-4284
1646
11765889
195
-377
119
11
-4261
1478
11766914
346
-507
179
186
-4122
1362
11767939
408
-585
259
276
-4049
1163
11768964
433
-650
314
314
-3984
965
11769989
449
-713
350
402
-4023
884
11771014
437
-781
344
562
-4129
778
11772039
436
-876
291
783
-4202
575
11773064
416
-955
228
1015
-4073
314
11774089
308
-963
165
1194
-4111
109
11775114
205
-912
84
1329
-4216
-111
11776139
182
-827
-2
1470
-4185
-305
11777164
132
-688
-67
1570
-4034
-396
11778189
-21
-506
-105
1651
-3898
-484
11779214
-183
-306
-133
1757
-3945
-595
11780239
-213
-88
-142
1756
-3998
-599
11773057
-134
110
-127
1718
-3883
-555
11774082
-107
310
-85
1673
-3747
-482
11775107
-163
518
-34
1538
-3785
-404
11776132
-197
676
-6
1377
-3951
-314
11777157
-159
781
2
1301
-3961
-214
11778182
-182
897
38
1220
-3797
-89
11779207
-303
1020
96
968
-4061
267
11780232
-278
1037
62
714
-4564
510
11781257
-35
953
-30
595
-4403
598
11782282
-16
899
-42
411
-4030
1097
11783307
-284
817
-48
200
-4274
1467
11784332
-385
651
-125
78
-4496
1523
11785357
-298
478
-140
-64
-4354
1651
11786382
-243
322
-98
-224
-4410
1857
11787407
-137
156
-90
-267
-4462
1869
11788432
-9
-7
-75
-224
-4261
1849
11781262
16
-116
-19
-214
-4137
1800
11782287
71
-224
32
-256
-4253
1673
11783312
259
-395
72
-186
-4184
1500
11784337
376
-556
137
-34
-3938
1356
11785362
287
-659
203
70
-3844
1204
11786387
175
-739
240
177
-3992
1048
11787412
168
-805
260
334
-4052
846
11788437
215
-857
265
536
-4126
637
11789462
292
-899
255
758
-4067
427
11790487
291
-900
253
934
-3908
262
11791512
190
-852
251
1123
-3989
111
11792537
144
-786
221
1310
-4247
-46
11793562
222
-720
160
1473
-4229
-216
11794587
241
-614
126
1594
-3984
-368
11795612
80
-445
120
1656
-3929
-430
11796637
-80
-258
94
1663
-4200
-477
11789440
-65
-85
35
1654
-4293
-537
11790465
6
99
-6
1599
-4111
-575
11791490
-5
301
-15
1502
-4020
-501
11792515
-38
488
-32
1454
-4132
-351
11793540
1
645
-60
1342
-4098
-272
11794565
42
765
-80
1204
-3935
-140
11795590
-15
862
-80
1072
-3802
23
11796615
-130
937
-61
901
-3874
144
11797640
-187
994
-52
709
-4060
398
11798665
-105
1009
-59
443
-4331
788
11799690
47
937
-114
193
-4348
1106
11800715
13
821
-159
16
-4072
1398
11801740
-281
726
-139
-131
-4130
1741
11802765
-446
601
-139
-301
-4626
1970
11803790
-215
374
-177
-348
-4606
2008
11804815
45
152
-144
-352
-4195
2068
11797631
13
-22
-56
-337
-4027
2076
11798656
-74
-157
18
-382
-4149
2029
11799681
17
-321
73
-271
-4191
1858
11800706
157
-452
145
-217
-4165
1627
11801731
298
-581
234
-89
-4083
1436
11802756
365
-699
302
44
-3886
1263
11803781
250
-755
360
153
-3963
1106
11804806
223
-792
376
310
-4199
881
11805831
357
-836
368
372
-4259
756
11806856
470
-901
350
554
-4106
623
11807881
432
-921
334
738
-3996
429
11808906
302
-885
303
833
-4146
288
11809931
247
-836
244
1003
-4242
151
11810956
254
-778
171
1250
-4304
-63
11811981
181
-668
107
1398
-4151
-317
11813006
-27
-495
59
1405
-4140
-443
11805825
-252
-297
-15
1543
-4206
-536
11806850
-276
-64
-76
1613
-4371
-604
11807875
-131
176
-120
1558
-4326
-620
11808900
-2
403
-141
1484
-3995
-513
11809925
-67
619
-141
1354
-3940
-341
11810950
-158
801
-143
1216
-4086
-187
11811975
-112
945
-157
1068
-4036
-164
11813000
-55
1088
-147
888
-3787
-202
11814025
-122
1251
-98
667
-3811
180
11815050
-117
1336
-94
449
-4382
593
11816075
145
1287
-169
192
-4365
1023
11817100
128
1146
-226
-18
-3879
1484
11818125
-336
987
-247
-250
-4073
2013
11819150
-653
753
-321
-402
-4669
2383
11820175
-539
441
-386
-445
-4782
2470
11821200
-256
164
-341
-412
-4492
2489
11814016
-130
-38
-257
-419
-4261
2328
11815041
-32
-191
-180
-408
-4206
2148
11816066
97
-319
-71
-364
-4072
1951
11817091
155
-423
62
-231
-3944
1760
11818116
179
-500
195
-208
-4069
1580
11819141
335
-619
295
-132
-4110
1413
11820166
421
-727
331
-16
-4023
1255
11821191
375
-797
358
86
-4100
1111
11822216
355
-863
361
157
-4026
957
11823241
223
-914
343
302
-3965
700
11824266
65
-946
302
587
-3991
357
11825291
-7
-922
280
855
-4075
140
11826316
21
-856
255
1064
-4266
7
11827341
161
-780
191
1207
-4275
-188
11828366
243
-679
126
1345
-4047
-384
11829391
101
-506
90
1472
-3919
-518
11822208
-145
-277
61
1531
-4051
-561
11823233
-241
-46
5
1532
-4276
-594
11824258
-129
163
-52
1478
-4276
-623
11825283
-19
370
-85
1452
-4131
-548
11826308
-39
588
-108
1383
-4001
-464
11827333
-145
793
-124
1226
-4001
-341
11828358
-248
956
-142
1098
-4107
-193
11829383
-249
1074
-162
1042
-4081
-195
11830408
-230
1198
-143
892
-3991
20
11831433
-258
1321
-128
608
-4273
497
11832458
-213
1340
-182
319
-4385
925
11833483
-219
1269
-222
69
-4165
1367
11834508
-328
1148
-236
-220
-4428
1905
11835533
-248
900
-309
-473
-4754
2355
11836558
5
538
-370
-528
-4416
2557
11837583
75
218
-316
-590
-3827
2701
11830401
-64
-45
-199
-425
-3673
2525
11831426
-201
-205
-87
-547
-4038
2234
11832451
-100
-371
-12
-605
-4245
1945
11833476
175
-536
112
-438
-4018
1743
11834501
288
-646
238
-365
-3953
1480
11835526
290
-732
317
-266
-4010
1324
11836551
227
-795
352
-174
-4177
1165
11837576
217
-862
344
-67
-4318
974
11838601
274
-931
324
97
-4302
820
11839626
307
-981
297
306
-4300
684
11840651
304
-1003
255
501
-4230
527
11841676
252
-998
221
667
-4171
369
11842701
178
-964
188
875
-4167
234
11843726
130
-898
150
1141
-4221
123
11844751
121
-806
102
1323
-4276
-40
11845776
145
-703
43
1426
-4182
-250
11838591
80
-560
-7
1542
-4107
-414
11839616
-51
-350
-47
1668
-4118
-456
11840641
-138
-111
-91
1633
-4149
-527
11841666
-136
114
-141
1516
-4112
-584
11842691
-85
316
-184
1438
-4046
-500
11843716
-60
498
-207
1416
-3953
-269
11844741
-125
666
-217
1315
-3796
-139
11845766
-261
792
-225
1146
-3883
3
11846791
-310
878
-234
1005
-4052
176
11847816
-265
937
-234
858
-4031
314
11848841
-259
980
-217
683
-4006
482
11849866
-291
1001
-205
506
-4192
776
11850891
-268
978
-212
353
-4375
1065
11851916
-226
903
-226
220
-4425
1211
11852941
-235
804
-230
103
-4308
1297
11853966
-279
708
-208
-58
-4272
1509
11846785
-301
565
-200
-205
-4420
1716
11847810
-229
379
-214
-245
-4307
1718
11848835
-154
209
-169
-271
-4161
1812
11849860
-97
62
-108
-330
-4163
1933
11850885
-4
-98
-34
-400
-4006
1980
11851910
49
-269
68
-400
-3984
1960
11852935
118
-421
167
-339
-4034
1841
11853960
243
-559
261
-281
-3985
1680
11854985
323
-678
359
-205
-3940
1502
11856010
354
-774
437
-72
-3963
1300
11857035
376
-858
496
113
-3998
1086
11858060
382
-935
531
441
-4126
831
11859085
420
-980
536
780
-4285
534
11860110
454
-975
521
908
-4352
256
11861135
403
-934
468
999
-4383
103
11862160
313
-858
371
1210
-4523
-24
11855055
282
-744
247
1367
-4527
-224
11856080
221
-591
135
1378
-4363
-335
11857105
58
-423
29
1354
-4307
-384
11858130
-96
-255
-83
1421
-4297
-383
11859155
-129
-70
-171
1524
-4198
-456
11860180
-111
143
-212
1445
-3980
-471
11861205
-153
352
-224
1346
-3865
-405
11862230
-171
527
-232
1274
-3938
-217
11863255
-122
650
-245
1243
-3993
-57
11864280
-96
757
-245
1074
-3801
68
11865305
-249
848
-241
889
-3766
266
11866330
-433
904
-261
716
-4131
484
11867355
-407
890
-307
572
-4326
626
11868380
-309
845
-317
428
-4183
810
11869405
-371
812
-293
288
-4074
1067
11870430
-496
775
-276
134
-4354
1270
11863167
-432
683
-285
-39
-4570
1424
11864192
-246
544
-283
-136
-4430
1582
11865217
-159
401
-239
-191
-4260
1737
11866242
-183
284
-180
-258
-4228
1901
11867267
-174
153
-128
-335
-4274
1981
11868292
-55
-4
-77
-321
-4262
1949
11869317
117
-142
3
-334
-4156
1921
11870342
264
-290
97
-373
-4029
1887
11871367
310
-451
177
-349
-3837
1760
11872392
242
-592
258
-259
-3856
1592
11873417
208
-715
325
-142
-3950
1366
11874442
270
-827
387
-62
-3973
1212
11875467
299
-932
424
116
-4016
1038
11876492
283
-1023
424
415
-4128
693
11877517
244
-1065
407
652
-4214
273
11878542
182
-1026
400
730
-4260
61
11871361
99
-920
358
887
-4394
17
11872386
112
-804
255
1137
-4510
-171
11873411
246
-683
163
1304
-4331
-355
11874436
269
-538
142
1429
-4037
-370
11875461
114
-352
142
1466
-4072
-341
11876486
-1
-172
95
1448
-4162
-271
11877511
-12
-26
29
1437
-4114
-302
11878536
-6
121
-18
1430
-4095
-348
11879561
17
273
-52
1431
-4104
-311
11880586
11
416
-97
1332
-3990
-263
11881611
-128
546
-142
1239
-3829
-193
11882636
-333
675
-166
1178
-3938
-159
11883661
-355
782
-192
1105
-4192
-20
11884686
-220
846
-221
973
-4133
74
11885711
-220
900
-223
783
-3877
144
11886736
-420
960
-187
626
-3891
322
11879552
-540
1012
-141
480
-4345
664
11880577
-345
991
-141
281
-4695
918
11881602
-40
902
-163
26
-4459
1077
11882627
3
803
-148
-203
-4193
1399
11883652
-159
695
-134
-356
-4332
1751
11884677
-221
531
-157
-422
-4402
1837
11885702
-168
362
-144
-382
-4357
1958
11886727
-32
195
-72
-428
-4449
2058
11887752
175
-8
-31
-456
-4267
1976
11888777
223
-166
20
-399
-3995
1934
11889802
103
-287
91
-383
-4085
1766
11890827
82
-407
130
-336
-4273
1525
11891852
230
-538
162
-118
-4153
1344
11892877
297
-630
214
32
-4008
1167
11893902
316
-698
255
133
-4102
1020
11894927
346
-758
267
243
-4027
856
11887743
243
-792
279
411
-3880
683
11888768
71
-793
292
593
-4015
491
11889793
59
-786
274
792
-4224
270
11890818
180
-762
248
978
-4272
92
11891843
236
-693
227
1164
-4156
-35
11892868
169
-570
212
1241
-4111
-200
11893893
70
-415
177
1241
-4267
-335
11894918
61
-248
114
1297
-4414
-414
11895943
130
-71
43
1378
-4283
-433
11896968
128
104
-21
1395
-4080
-403
11897993
-21
278
-75
1354
-3963
-327
11899018
-194
444
-117
1270
-4110
-208
11900043
-193
572
-162
1180
-4198
-106
11901068
-95
667
-197
1067
-4105
52
11902093
-73
739
-216
892
-4006
260
11903118
-178
795
-228
652
-3996
418
11895936
-335
838
-232
392
-4132
656
11896961
-401
855
-223
151
-4417
972
11897986
-271
826
-219
-91
-4650
1296
11899011
-32
739
-232
-293
-4445
1524
11900036
72
617
-218
-451
-4161
1821
11901061
-39
465
-191
-520
-4085
1961
11902086
-111
297
-154
-500
-4134
2053
11903111
-65
113
-90
-458
-4199
2129
11904136
64
-77
-13
-438
-4058
2078
11905161
117
-256
60
-379
-3941
1991
11906186
96
-412
129
-215
-3991
1841
11907211
142
-547
200
-104
-4088
1587
11908236
242
-665
258
-72
-4021
1352
11909261
256
-767
295
-23
-3948
1155
11910286
170
-845
314
126
-3960
974
11911311
110
-882
325
306
-4087
808
11904128
172
-900
304
381
-4284
554
11905153
291
-921
254
530
-4191
342
11906178
276
-906
232
767
-4046
192
11907203
135
-840
213
961
-4167
22
11908228
52
-747
167
1044
-4321
-91
11909253
37
-638
95
1158
-4326
-202
11910278
53
-503
35
1283
-4385
-232
11911303
89
-344
-26
1358
-4330
-246
11912328
46
-167
-73
1368
-4024
-281
11913353
-159
48
-87
1341
-3965
-358
11914378
-286
262
-94
1314
-4116
-240
11915403
-147
414
-109
1210
-4263
-67
11916428
58
527
-138
1125
-3999
-129
11917453
41
657
-139
934
-3796
-73
11918478
-155
759
-130
885
-3807
58
11919503
-284
846
-127
791
-4017
194
11912320
-187
889
-137
607
-4315
476
11913345
34
855
-174
469
-4187
537
11914370
6
846
-158
399
-3450
529
11915395
-404
946
-14
99
-3794
1162
11916420
-511
911
-20
-145
-4789
1476
11917445
-87
706
-123
-215
-4530
1599
11918470
42
525
-99
-211
-4047
1809
11919495
-139
410
-33
-325
-4342
2110
11920520
-143
222
-40
-486
-4411
2241
11921545
-130
-4
-59
-517
-4259
2178
11922570
-170
-174
-18
-463
-4298
2014
11923595
-96
-325
39
-468
-4354
1845
11924620
89
-485
83
-426
-4242
1694
11925645
228
-610
142
-280
-4154
1465
11926670
236
-671
192
-208
-4147
1216
11927695
202
-710
225
-162
-4238
1059
11920512
247
-758
228
5
-4200
983
11921537
302
-797
229
212
-4096
812
11922562
291
-814
229
450
-4053
587
11923587
238
-801
235
637
-3957
392
11924612
144
-761
240
755
-4041
245
11925637
86
-712
218
892
-4148
81
11926662
106
-642
185
1059
-4160
-68
11927687
89
-535
156
1161
-4136
-173
11928712
42
-399
113
1212
-4224
-264
11929737
41
-246
57
1230
-4332
-295
11930762
67
-86
-3
1264
-4252
-268
11931787
7
91
-50
1244
-4104
-249
11932812
-115
261
-91
1242
-4147
-265
11933837
-131
411
-127
1263
-4295
-190
11934862
-31
545
-153
1183
-4214
-94
11935887
21
664
-179
1021
-4080
21
11928705
-49
756
-203
907
-3985
187
11929730
-181
837
-208
834
-4103
334
11930755
-195
892
-214
664
-4326
543
11931780
-115
887
-242
405
-4266
690
11932805
-144
839
-258
189
-4075
829
11933830
-339
810
-233
26
-4066
1084
11934855
-419
770
-202
-190
-4540
1447
11935880
-173
623
-242
-401
-4681
1714
11936905
99
397
-284
-422
-4278
1879
11937930
40
243
-238
-395
-3890
2025
11938955
-182
119
-138
-457
-4003
2145
11939980
-182
-30
-80
-506
-4186
2134
11941005
32
-209
-20
-518
-4139
1995
11942030
219
-377
74
-464
-4013
1819
11943055
290
-512
171
-430
-3912
1718
11944080
257
-631
231
-362
-3887
1525
11936896
186
-734
267
-280
-3996
1311
11937921
182
-821
297
-146
-4120
1128
11938946
240
-898
303
-3
-4194
971
11939971
314
-966
287
159
-4105
769
11940996
296
-986
292
371
-3951
582
11942021
179
-958
309
618
-4033
415
11943046
154
-916
311
806
-4192
214
11944071
215
-854
303
962
-4169
22
11945096
198
-745
303
1166
-4086
-195
11946121
80
-571
313
1368
-4050
-391
11947146
-15
-340
311
1394
-4222
-406
11948171
24
-126
239
1333
-4525
-377
11949196
169
27
107
1365
-4452
-383
11950221
145
177
5
1390
-4069
-330
11951246
-125
337
-66
1326
-4087
-201
11952271
-308
474
-157
1286
-4329
-78
11945089
-221
575
-247
1245
-4354
-11
11946114
-94
668
-284
1131
-4082
17
11947139
-169
779
-276
972
-3766
71
11948164
-394
899
-242
799
-3977
328
11949189
-426
956
-239
620
-4341
560
11950214
-258
947
-242
427
-4136
720
11951239
-326
939
-181
233
-3712
735
11952264
-571
959
-75
-126
-4103
1100
11953289
-524
866
-66
-357
-4620
1386
11954314
-206
692
-90
-476
-4425
1617
11955339
-88
528
-34
-593
-4186
1980
11956364
-103
362
14
-797
-4485
2328
11957389
41
102
-18
-1000
-4528
2358
11958414
87
-149
-35
-957
-4101
2280
11959439
-114
-318
44
-870
-4077
2226
11960464
-161
-477
95
-824
-4326
1971
11953279
125
-644
128
-720
-4396
1595
11954304
411
-765
187
-525
-4119
1334
11955329
463
-822
274
-414
-3976
1116
11956354
417
-874
322
-251
-4004
874
11957379
347
-905
358
-41
-4006
748
11958404
289
-926
371
188
-4172
531
11959429
341
-956
346
438
-4272
356
11960454
367
-968
306
704
-4207
150
11961479
267
-919
266
981
-4111
-40
11962504
80
-798
218
1176
-4215
-161
11963529
-37
-635
147
1404
-4410
-275
11964554
14
-432
77
1562
-4487
-379
11965579
140
-237
34
1431
-4428
-467
11966604
207
-70
-14
1409
-4260
-460
11967629
130
122
-60
1409
-4232
-456
11968654
19
321
-113
1242
-4143
-458
11961472
-106
496
-177
1052
-4080
-398
11962497
-211
639
-233
927
-4098
-312
11963522
-221
757
-272
866
-4116
-190
11964547
-198
867
-292
722
-4019
17
11965572
-293
964
-289
555
-3864
295
11966597
-449
1021
-286
361
-4205
600
11967622
-384
996
-333
199
-4500
846
11968647
-178
916
-374
24
-4282
1100
11969672
-151
822
-360
-143
-3933
1365
11970697
-294
697
-299
-286
-4036
1626
11971722
-341
562
-231
-391
-4193
1800
11972747
-219
401
-146
-563
-4194
1986
11973772
-125
216
-59
-626
-4182
2090
11974797
-84
58
38
-693
-4208
2180
11975822
-4
-102
122
-751
-4297
2134
11976847
112
-263
162
-701
-4264
1992
11969664
197
-405
208
-691
-4214
1855
11970689
245
-550
264
-530
-4164
1731
11971714
263
-667
308
-318
-4092
1489
11972739
281
-749
364
-229
-4138
1324
11973764
362
-831
399
-219
-4194
1177
11974789
389
-926
400
-145
-4097
941
11975814
301
-1003
397
56
-3999
677
11976839
171
-1025
398
228
-4007
477
11977864
89
-1008
374
389
-4155
300
11978889
136
-972
316
619
-4362
122
11979914
261
-923
251
859
-4270
-81
11980939
210
-812
232
983
-3947
-192
11981964
-59
-653
216
1056
-4177
-172
11982989
-158
-514
121
1192
-4593
-248
11984014
3
-378
27
1275
-4542
-339
11985039
39
-191
-19
1196
-4264
-361
11977855
-90
2
-73
1186
-4362
-265
11978880
-122
178
-158
1227
-4454
-281
11979905
-40
340
-216
1153
-4326
-282
11980930
-6
495
-244
1032
-4207
-217
11981955
-39
636
-274
962
-4151
-115
11982980
-105
757
-311
877
-4095
-80
11984005
-169
857
-327
710
-4001
-111
11985030
-204
951
-304
454
-3980
31
11986055
-193
1008
-303
193
-4183
373
11987080
-148
995
-369
67
-4161
509
11988105
-214
977
-398
2
-4052
764
11989130
-356
984
-370
-19
-4243
1192
11990155
-306
931
-386
-135
-4522
1425
11991180
-105
785
-425
-152
-4262
1445
11992205
-99
686
-372
-8
-3901
1460
11993230
-236
638
-254
-73
-4120
1687
11986048
-103
534
-192
-229
-4479
1832
11987073
157
339
-199
-237
-4210
1689
11988098
157
178
-152
-43
-3875
1492
11989123
14
101
-39
111
-3844
1380
11990148
-64
44
48
122
-3932
1276
11991173
-96
-25
75
170
-3989
1137
11992198
-94
-89
91
388
-4024
816
11993223
-90
-89
132
479
-4049
619
11994248
-130
-58
161
440
-4144
662
11995273
-120
-55
120
448
-4267
640
11996298
-46
-79
59
580
-4172
524
11997323
-52
-65
47
667
-4076
477
11998348
-127
-24
51
584
-4206
590
11999373
-133
-23
11
536
-4325
656
12000398
-78
-28
-18
610
-4214
679
12001423
-100
7
-4
668
-4169
700
11994241
-97
49
18
590
-4339
815
11995266
19
40
-9
489
-4393
806
11996291
108
5
-30
490
-4149
761
11997316
20
10
-6
552
-4067
800
11998341
-47
36
11
514
-4227
827
11999366
38
23
-9
412
-4236
779
12000391
90
-7
-20
371
-4058
685
12001416
15
-14
-4
420
-4048
683
12002441
-34
-3
10
421
-4147
744
12003466
23
-20
-2
338
-4232
801
12004491
92
-71
-21
292
-4162
849
12005516
57
-104
-15
286
-4128
894
12006541
-27
-120
-12
204
-4288
1049
12007566
-5
-169
-27
102
-4465
1243
12008591
92
-252
-55
68
-4422
1309
12009616
142
-324
-39
0
-4206
1311
12002432
86
-378
3
-151
-4093
1297
12003457
78
-429
54
-314
-4185
1390
12004482
196
-531
68
-118
-4204
1458
12005507
358
-595
116
-82
-3997
1379
12006532
343
-660
164
57
-3915
1257
12007557
332
-726
217
102
-4024
1245
12008582
284
-817
255
160
-3933
1210
12009607
156
-909
272
371
-3919
982
12010632
80
-991
265
657
-4090
671
12011657
99
-1029
262
889
-4158
404
12012682
114
-1020
246
931
-4231
104
12013707
82
-975
185
1007
-4284
-105
12014732
33
-872
107
1171
-4344
-303
12015757
7
-715
23
1242
-4331
-553
12016782
-25
-525
-41
1256
-4119
-619
12017807
-114
-317
-78
1318
-4092
-592
12010624
-100
-106
-119
1393
-4254
-601
12011649
50
85
-145
1394
-4031
-600
12012674
81
274
-120
1320
-3601
-495
12013699
-135
468
-77
1320
-3660
-291
12014724
-249
640
-61
1265
-4164
-160
12015749
-89
742
-83
1101
-4190
-89
12016774
-14
808
-98
983
-3783
-94
12017799
-232
895
-80
879
-3757
-3
12018824
-449
987
-76
749
-4387
311
12019849
-347
1013
-145
552
-4606
448
12020874
-219
989
-211
370
-4192
426
12021899
-360
1001
-201
270
-4114
578
12022924
-445
1027
-180
145
-4617
909
12023949
-217
968
-218
-55
-4600
1030
12024974
-91
854
-232
-121
-4068
1058
12025999
-258
792
-155
-89
-4048
1237
12018816
-290
765
-72
-280
-4629
1649
12019841
20
597
-89
-537
-4637
1887
12020866
224
354
-119
-585
-4206
2039
12021891
159
149
-90
-497
-4124
2146
12022916
83
-54
-38
-489
-4114
2132
12023941
61
-267
14
-560
-4049
2083
12024966
42
-472
57
-509
-4121
1875
12025991
90
-634
115
-380
-4123
1610
12027016
174
-750
186
-295
-4081
1416
12028041
254
-845
243
-258
-4017
1236
12029066
264
-926
294
-198
-4002
1057
12030091
196
-994
338
37
-4063
860
12031116
181
-1027
374
257
-4185
634
12032141
269
-1038
387
309
-4233
508
12033166
368
-1063
364
464
-4284
384
12034191
384
-1084
312
805
-4201
119
12027009
297
-1039
291
1017
-4017
-141
12028034
96
-934
283
1143
-4043
-309
12029059
-48
-781
242
1327
-4327
-496
12030084
1
-595
173
1462
-4421
-699
12031109
115
-371
119
1490
-4232
-764
12032134
123
-118
86
1514
-4087
-688
12033159
66
124
41
1486
-4202
-607
12034184
79
318
-33
1420
-4214
-582
12035209
85
479
-105
1371
-4011
-501
12036234
-35
640
-147
1304
-3876
-367
12037259
-163
803
-172
1154
-4179
-203
12038284
-99
928
-212
945
-4338
-102
12039309
-24
1042
-231
732
-3962
85
12040334
-189
1167
-203
505
-3986
447
12041359
-293
1224
-203
316
-4442
778
12042384
-95
1192
-216
127
-4390
877
12035200
7
1144
-174
-88
-3843
932
12036225
-188
1141
-61
-372
-4030
1411
12037250
-213
1060
-53
-660
-4695
1753
12038275
100
849
-122
-765
-4442
1877
12039300
173
651
-100
-781
-4017
2251
12040325
-34
443
-73
-842
-4257
2548
12041350
-64
156
-113
-885
-4348
2635
12042375
-73
-157
-114
-757
-4097
2587
12043400
-168
-405
-41
-645
-4011
2402
12044425
-202
-622
38
-591
-4035
2165
12045450
-147
-808
101
-496
-4062
1835
12046475
-63
-933
161
-393
-4168
1554
12047500
-4
-1018
217
-227
-4136
1227
12048525
90
-1080
263
-142
-4193
934
12049550
222
-1132
281
-58
-4255
713
12050575
313
-1166
273
119
-4198
491
12043391
283
-1167
255
346
-4101
237
12044416
179
-1126
241
556
-4095
88
12045441
119
-1055
207
791
-4288
-3
12046466
187
-976
137
1079
-4368
-204
12047491
255
-880
75
1291
-4141
-377
12048516
112
-727
54
1397
-3970
-537
12049541
-101
-524
25
1474
-4194
-575
12050566
-109
-300
-34
1528
-4369
-619
12051591
52
-82
-93
1512
-4214
-657
12052616
93
134
-130
1491
-3939
-643
12053641
-38
347
-142
1468
-3902
-573
12054666
-148
539
-163
1397
-4026
-495
12055691
-123
695
-207
1279
-4078
-405
12056716
-60
808
-250
1226
-3929
-287
12057741
-154
921
-261
1174
-3680
-279
12058766
-436
1067
-223
962
-3750
-251
12051584
-580
1210
-176
668
-4234
29
12052609
-340
1269
-196
417
-4529
318
12053634
26
1240
-265
234
-4368
595
12054659
74
1181
-288
81
-4069
1056
12055684
-200
1107
-289
-166
-4230
1490
12056709
-460
968
-339
-349
-4339
1596
12057734
-552
793
-380
-459
-4564
1714
12058759
-313
650
-346
-612
-4984
2033
12059784
266
456
-298
-619
-4759
2013
12060809
555
291
-253
-494
-4119
1840
12061834
398
252
-187
-514
-3796
1739
12062859
44
172
-90
-97
-3780
1558
12063884
-201
116
-23
-29
-4101
1313
12064909
-110
-43
-13
262
-4096
985
12065934
-29
-141
6
479
-3866
758
12066959
-117
-172
25
603
-3890
631
12059776
-208
-188
11
679
-4071
552
12060801
-158
-210
-21
779
-4041
449
12061826
-133
-195
-33
873
-3933
399
12062851
-188
-134
-20
960
-3967
422
12063876
-196
-66
-6
919
-4157
485
12064901
-126
-39
-18
849
-4178
552
12065926
-115
-38
-30
831
-4084
564
12066951
-194
-10
-17
888
-4190
535
12067976
-171
50
3
845
-4437
574
12069001
16
82
-1
706
-4424
672
12070026
111
73
-29
626
-4182
646
12071051
7
76
-36
653
-4079
630
12072076
-90
101
-22
700
-4210
639
12073101
-14
113
-22
629
-4264
688
12074126
89
83
-42
592
-4045
691
12075151
12
57
-43
603
-3900
615
12068006
-121
59
-27
642
-4000
606
12069031
-114
60
-18
647
-4197
722
12070056
1
28
-31
598
-4122
714
12071081
41
-19
-41
566
-3936
605
12072106
-96
-32
-29
620
-3972
607
12073131
-184
-17
-8
699
-4140
616
12074156
-100
-11
0
645
-4192
692
12075181
-6
-49
-4
608
-4055
657
12076206
-46
-82
4
609
-3995
586
12077231
-153
-94
28
669
-3994
580
12078256
-192
-97
44
638
-4174
672
12079281
-126
-138
13
580
-4210
653
12080306
-105
-187
-12
600
-4093
555
12081331
-218
-190
-1
742
-4117
513
12082356
-237
-149
21
816
-4242
453
12083381
-76
-131
14
752
-4260
482
12076161
-9
-132
8
750
-4016
438
12077186
-100
-111
21
707
-4036
342
12078211
-182
-93
19
751
-4245
356
12079236
-124
-79
15
807
-4200
419
12080261
1
-62
7
748
-4261
483
12081286
119
-53
-39
704
-4357
374
12082311
200
-53
-79
750
-4173
359
12083336
119
-37
-87
785
-4136
422
12084361
15
-23
-111
713
-4272
475
12085386
42
-37
-143
687
-4256
534
12086411
95
-56
-166
743
-4073
531
12087436
25
-58
-150
763
-3913
532
12088461
-150
-45
-108
657
-4000
536
12089486
-211
-54
-80
675
-4149
471
12090511
-114
-69
-69
809
-4048
343
12091536
-33
-45
-37
835
-3913
361
12084353
-85
0
-11
804
-4097
399
12085378
-64
14
-14
859
-4188
372
12086403
19
23
-16
903
-4178
348
12087428
85
41
-21
909
-4154
346
12088453
97
57
-21
888
-4068
469
12089478
38
58
-26
847
-4104
559
12090503
-35
36
-47
817
-4201
541
12091528
-60
6
-58
782
-4094
453
12092553
-63
-18
-41
754
-3975
451
12093578
-85
-26
-8
755
-3975
519
12094603
-63
-33
16
779
-4039
518
12095628
-14
-40
38
765
-4034
392
12096653
17
-32
68
744
-3989
304
12097678
28
-9
98
781
-4038
389
12098703
86
0
112
855
-4085
497
12099728
124
-7
117
852
-4100
481
12092543
90
-17
127
796
-4118
488
12093568
3
-15
120
782
-4223
534
12094593
-33
-23
64
810
-4347
507
12095618
-3
-50
1
832
-4266
449
12096643
-2
-66
-19
794
-4146
408
12097668
-55
-63
-21
766
-4124
391
12098693
-40
-55
-26
795
-4150
418
12099718
29
-46
-27
800
-4115
414
12100743
62
-34
-12
754
-4043
391
12101768
17
-22
11
719
-4029
385
12102793
-41
-9
28
694
-4121
388
12103818
-44
-9
23
697
-4215
381
12104843
7
-16
3
726
-4218
380
12105868
24
-11
-14
725
-4162
410
12106893
-10
-6
-29
752
-4108
421
12107918
-59
3
-37
775
-4128
391
12100736
-64
3
-40
862
-4139
408
12101761
-48
7
-29
997
-4090
370
12102786
-20
34
-4
971
-4117
389
12103811
11
49
7
870
-4174
444
12104836
85
45
5
749
-4216
476
12105861
123
27
-9
709
-4150
420
12106886
86
27
-20
733
-4059
385
12107911
11
57
-33
716
-4095
381
12108936
16
78
-44
676
-4188
450
12109961
95
62
-58
677
-4128
508
12110986
103
37
-59
696
-4012
522
12112011
9
24
-48
726
-4035
497
12113036
-43
10
-36
775
-4080
500
12114061
-27
-8
-29
798
-4137
540
12115086
-21
-36
-26
829
-4078
535
12116111
-60
-44
-15
805
-4061
505
12108928
-63
-52
-15
820
-4082
449
12109953
-33
-47
-7
862
-4057
451
12110978
-9
-29
10
854
-4066
468
12112003
1
-21
13
801
-4124
441
12113028
13
-26
9
792
-4124
429
12114053
-1
-23
7
829
-4094
443
12115078
-38
-8
2
850
-4070
471
12116103
-68
-1
-4
848
-4132
460
12117128
-47
-10
-4
845
-4153
430
12118153
-11
-26
10
855
-4068
410
12119178
-1
-21
35
848
-4041
443
12120203
-7
-10
47
842
-4107
476
12121228
8
-6
45
816
-4140
428
12122253
20
-9
41
801
-4121
410
12123278
9
-10
38
786
-4092
436
12124303
-25
-1
32
759
-4114
464
12117120
-44
5
16
768
-4166
444
12118145
-22
-3
-3
795
-4195
423
12119170
21
-9
-16
772
-4156
439
12120195
39
-21
-25
783
-4077
461
12121220
-4
-22
-23
825
-4028
472
12122245
-60
-12
-14
812
-4123
448
12123270
-46
-14
-23
774
-4245
426
12124295
18
-32
-45
779
-4138
424
12125320
-3
-41
-50
843
-4026
409
12126345
-57
-24
-37
878
-4067
388
12127370
-39
-4
-22
844
-4127
415
12128395
19
-5
-13
823
-4071
434
12129420
33
-6
-5
824
-4049
417
12130445
7
0
1
839
-4104
401
12131470
-12
10
4
838
-4121
415
12132495
-14
18
-4
820
-4124
464
12125312
1
12
-25
800
-4137
463
12126337
0
-3
-40
798
-4140
426
12127362
-22
-13
-49
832
-4093
426
12128387
-41
-8
-49
867
-4069
464
12129412
-33
-4
-49
863
-4084
464
12130437
1
-15
-48
863
-4088
421
12131462
-10
-18
-37
884
-4031
410
12132487
-59
-9
-18
894
-4038
424
12133512
-78
3
-3
874
-4123
415
12134537
-26
-4
-4
857
-4163
386
12135562
28
-14
-2
841
-4070
385
12136587
-16
-11
7
830
-4038
393
12137612
-65
-5
4
847
-4163
398
12138637
-28
-9
-7
895
-4132
367
12139662
5
-6
-2
887
-4058
357
12140687
-23
3
9
864
-4086
378
12133503
-22
6
14
851
-4138
419
12134528
18
-3
9
854
-4118
394
12135553
17
-2
8
878
-4041
370
12136578
-21
12
19
843
-4076
414
12137603
-26
11
14
807
-4186
439
12138628
21
-12
-4
853
-4130
388
12139653
3
-21
-4
918
-4043
356
12140678
-38
-4
17
902
-4052
396
12141703
-14
1
32
852
-4079
405
12142728
24
-10
42
886
-4097
380
12143753
39
-8
58
896
-4096
366
12144778
42
3
72
813
-4075
394
12145803
37
1
73
803
-4077
439
12146828
23
0
69
817
-4114
408
12147853
-1
1
64
783
-4163
348
12148878
18
-4
62
796
-4140
396
12141697
63
-5
57
803
-4078
455
12142722
71
-8
49
814
-4076
478
12143747
25
-13
49
853
-4094
435
12144772
-2
-10
49
787
-4179
448
12145797
9
-21
24
777
-4186
445
12146822
33
-34
9
806
-4087
434
12147847
23
-36
10
826
-4070
445
12148872
8
-30
18
789
-4098
436
12149897
4
-29
18
756
-4130
426
12150922
3
-28
11
783
-4117
407
12151947
5
-26
11
791
-4108
394
12152972
-1
-28
18
789
-4097
398
12153997
-2
-21
20
803
-4121
435
12155022
9
-12
11
807
-4149
425
12156047
44
-13
3
815
-4169
378
12157072
58
-10
8
819
-4057
401
12149888
19
11
20
815
-4052
449
12150913
-14
23
14
788
-4149
467
12151938
12
11
4
793
-4159
452
12152963
33
3
0
798
-4124
449
12153988
26
1
-2
798
-4068
458
12155013
-7
3
-4
790
-4091
497
12156038
-38
-4
-10
776
-4144
463
12157063
-50
-12
-17
744
-4134
404
12158088
-61
-15
-20
734
-4110
416
12159113
-63
-16
-21
822
-4085
414
12160138
-40
-2
-15
842
-4082
389
12161163
-11
10
-3
826
-4095
406
12162188
-8
22
5
826
-4108
434
12163213
-20
28
4
818
-4128
433
12164238
-17
19
3
820
-4113
418
12165263
-15
18
6
796
-4133
436
12158080
17
10
-5
787
-4170
452
12159105
58
-4
-21
805
-4130
472
12160130
26
-11
-29
801
-4076
442
12161155
-47
-9
-28
786
-4078
453
12162180
-89
-11
-35
783
-4155
464
12163205
-65
-28
-52
809
-4145
431
12164230
-36
-38
-58
825
-4087
379
12165255
-46
-33
-50
833
-4049
373
12166280
-71
-15
-38
854
-4072
408
12167305
-70
-3
-38
888
-4137
351
12168330
-28
5
-32
888
-4115
307
12169355
4
15
-12
864
-4088
342
12170380
18
23
-4
861
-4113
381
12171405
15
32
-5
882
-4069
371
12172430
-2
42
9
866
-4083
337
12173455
-4
43
18
809
-4194
326
12166272
52
33
20
777
-4160
379
12167297
79
27
20
734
-4053
428
12168322
25
21
15
736
-4056
427
12169347
-35
14
13
768
-4120
392
12170372
-28
7
19
787
-4100
403
12171397
-8
4
23
843
-4066
422
12172422
-8
10
26
873
-4110
425
12173447
1
14
21
900
-4124
429
12174472
9
18
14
929
-4122
436
12175497
20
19
10
939
-4109
431
12176522
36
20
10
884
-4120
439
12177547
44
13
10
826
-4101
439
12178572
35
5
14
782
-4095
427
12179597
5
-3
8
735
-4136
423
12180622
4
-13
4
699
-4121
414
12181647
9
-22
6
684
-4066
443
12174465
-3
-38
1
746
-4101
441
12175490
-14
-42
-6
807
-4119
407
12176515
-25
-39
-7
828
-4101
417
12177540
-42
-34
-9
876
-4092
439
12178565
-28
-28
-11
924
-4116
428
12179590
-13
-25
-10
941
-4113
408
12180615
-13
-14
-6
916
-4106
414
12181640
-21
-3
-3
882
-4065
409
12182665
-21
8
2
877
-4076
393
12183690
-1
19
12
857
-4118
365
12184715
26
28
20
831
-4100
360
12185740
26
40
28
792
-4099
375
12186765
25
44
26
745
-4123
389
12187790
30
35
20
773
-4135
410
12188815
27
23
17
826
-4136
400
12189840
20
19
19
826
-4121
415
12182655
27
15
20
781
-4114
438
12183680
35
3
19
753
-4102
444
12184705
21
-8
13
796
-4106
435
12185730
13
-13
13
814
-4114
423
12186755
24
-15
16
805
-4121
475
12187780
29
-21
11
807
-4117
461
12188805
25
-32
8
812
-4081
433
12189830
-3
-39
14
844
-4090
420
12190855
-11
-30
22
851
-4131
419
12191880
32
-23
24
836
-4129
460
12192905
59
-19
23
805
-4074
452
12193930
36
-13
28
786
-4044
428
12194955
-16
-10
32
802
-4118
395
12195980
-6
-6
38
824
-4159
416
12197005
62
0
42
774
-4120
459
12198030
