Device = VHR-0009
time_stamp = 1779948229608
sample_rate = 50
Data format = INT16
TYPE = 6-AXIS IMU RAW DATA
23
27
-25
1244
-2784
2972
11068544
12
13
-24
1232
-2749
2988
11069569
15
-3
-22
1241
-2766
3005
11070594
17
-13
-21
1263
-2763
2960
11071619
-6
-20
-16
1257
-2797
2948
11072644
2
-35
-23
1294
-2776
2958
11073669
7
-30
-22
1283
-2755
2955
11074694
-5
-24
-22
1249
-2825
2921
11075719
-4
-20
-22
1243
-2882
2912
11076744
4
-14
-24
1236
-2834
2955
11077769
0
-16
-28
1233
-2749
2970
11078794
-12
-13
-29
1243
-2737
2957
11079819
-8
-10
-26
1273
-2805
2932
11080844
-10
-11
-21
1307
-2796
2955
11081869
-10
-14
-13
1308
-2784
2968
11082894
-4
-11
-12
1298
-2801
2957
11083919
0
-6
-11
1294
-2816
2946
11076737
-2
-6
-10
1299
-2802
2936
11077762
-2
-7
-9
1309
-2785
2943
11078787
6
-9
-11
1305
-2744
2950
11079812
7
-8
-15
1306
-2748
2958
11080837
7
-8
-19
1311
-2757
2928
11081862
4
-6
-19
1322
-2768
2941
11082887
0
-8
-18
1317
-2757
2978
11083912
2
-8
-13
1304
-2740
2964
11084937
-5
-6
-12
1286
-2725
2935
11085962
-16
-6
-11
1288
-2758
2954
11086987
-16
-6
-11
1296
-2801
2969
11088012
-13
-9
-7
1287
-2788
2952
11089037
-14
-16
3
1292
-2759
2944
11090062
-14
-20
4
1305
-2738
2940
11091087
-10
-19
3
1309
-2746
2945
11092112
-14
-13
5
1319
-2784
2932
11084928
-24
-9
6
1316
-2797
2953
11085953
-15
-10
3
1306
-2789
2968
11086978
-5
-11
-4
1295
-2773
2958
11088003
-5
-12
-4
1306
-2794
2936
11089028
-10
-17
0
1315
-2775
2933
11090053
-16
-25
2
1315
-2778
2929
11091078
-15
-32
1
1308
-2776
2944
11092103
-7
-37
0
1312
-2788
2929
11093128
-3
-33
4
1335
-2798
2915
11094153
-9
-22
6
1348
-2778
2919
11095178
-16
-10
5
1333
-2782
2917
11096203
-16
3
2
1318
-2799
2906
11097228
-20
16
1
1313
-2808
2913
11098253
-13
28
-3
1310
-2810
2935
11099278
-4
30
-10
1294
-2769
2947
11100303
-10
26
-15
1298
-2767
2943
11093153
-17
17
-13
1304
-2772
2947
11094178
-10
5
-9
1304
-2787
2964
11095203
5
-7
-4
1310
-2792
2950
11096228
9
-16
0
1306
-2789
2923
11097253
8
-23
4
1309
-2790
2918
11098278
7
-26
5
1326
-2769
2928
11099303
12
-25
5
1322
-2761
2925
11100328
12
-22
6
1329
-2785
2907
11101353
3
-14
8
1329
-2792
2896
11102378
-6
-5
6
1321
-2754
2921
11103403
-4
5
4
1320
-2744
2948
11104428
-5
13
0
1325
-2788
2941
11105453
-11
19
-2
1343
-2821
2932
11106478
-14
25
0
1337
-2782
2934
11107503
-11
21
3
1316
-2744
2945
11108528
-8
18
2
1302
-2746
2937
11101311
-8
17
7
1288
-2768
2916
11102336
-11
10
13
1310
-2780
2927
11103361
-8
4
13
1323
-2768
2954
11104386
-1
0
9
1315
-2768
2949
11105411
0
-3
6
1305
-2793
2947
11106436
-4
-4
9
1312
-2799
2956
11107461
-2
-8
11
1311
-2786
2943
11108486
2
-7
11
1307
-2797
2928
11109511
4
-7
9
1310
-2809
2922
11110536
4
-6
8
1315
-2799
2926
11111561
4
-1
7
1315
-2774
2919
11112586
-1
6
6
1311
-2778
2918
11113611
0
16
5
1318
-2808
2930
11114636
0
28
2
1314
-2790
2919
11115661
-8
42
1
1306
-2770
2924
11116686
-17
57
0
1286
-2743
2946
11109503
-20
64
-2
1279
-2776
2933
11110528
-1
66
-9
1295
-2814
2946
11111553
3
59
-11
1296
-2801
2929
11112578
-23
49
-1
1290
-2813
2946
11113603
-17
31
2
1290
-2783
3004
11114628
3
10
1
1268
-2761
3014
11115653
5
-8
3
1257
-2760
2963
11116678
7
-20
9
1270
-2777
2947
11117703
7
-28
11
1274
-2778
2952
11118728
1
-32
10
1262
-2767
2940
11119753
5
-27
8
1276
-2765
2922
11120778
-2
-13
7
1294
-2765
2917
11121803
-9
-7
6
1300
-2812
2921
11122828
-10
-2
3
1310
-2821
2942
11123853
-3
5
4
1298
-2821
2950
11124878
-2
10
5
1287
-2796
2944
11117696
-10
11
6
1280
-2792
2942
11118721
0
9
6
1274
-2797
2943
11119746
2
7
9
1269
-2766
2941
11120771
-5
2
17
1271
-2765
2932
11121796
-5
-1
21
1290
-2758
2937
11122821
-6
4
24
1264
-2763
2952
11123846
-7
-2
17
1270
-2770
2950
11124871
-11
0
20
1284
-2818
2939
11125896
-6
2
18
1290
-2793
2946
11126921
-11
5
14
1268
-2760
2950
11127946
-20
6
8
1258
-2772
2948
11128971
-21
6
7
1263
-2809
2954
11129996
-4
6
6
1280
-2809
2964
11131021
4
4
7
1295
-2809
2940
11132046
1
3
7
1300
-2796
2911
11133071
-7
5
6
1292
-2780
2919
11125888
-8
8
5
1263
-2784
2935
11126913
-8
13
8
1254
-2798
2926
11127938
-5
22
14
1253
-2788
2916
11128963
-15
30
16
1258
-2771
2931
11129988
-24
34
18
1241
-2792
2951
11131013
-25
32
14
1231
-2818
2960
11132038
-22
29
11
1245
-2822
2981
11133063
-9
22
10
1255
-2805
2984
11134088
-14
15
8
1252
-2765
2959
11135113
-25
2
6
1247
-2782
2951
11136138
-34
-12
4
1237
-2791
2938
11137163
-34
-22
9
1237
-2827
2946
11138188
-12
-29
12
1258
-2829
2943
11139213
-28
-32
11
1250
-2788
2916
11140238
-55
-35
14
1242
-2820
2907
11141263
-59
-33
14
1229
-2838
2894
11134081
-50
-27
14
1228
-2851
2912
11135106
-37
-21
12
1268
-2867
2961
11136131
-37
-10
10
1269
-2826
2932
11137156
-35
1
7
1275
-2806
2881
11138181
-38
9
8
1253
-2843
2896
11139206
-27
13
9
1266
-2843
2930
11140231
-24
26
13
1225
-2847
2947
11141256
-19
20
13
1255
-2816
2923
11142281
-18
20
13
1274
-2802
2907
11143306
-14
13
12
1272
-2827
2904
11144331
-15
5
11
1263
-2842
2903
11145356
-8
-5
13
1272
-2852
2937
11146381
6
-14
13
1277
-2845
2933
11147406
9
-16
14
1257
-2819
2905
11148431
4
-14
15
1242
-2841
2896
11149456
2
-12
14
1246
-2865
2898
11142272
1
-6
12
1241
-2856
2922
11143297
3
1
9
1244
-2854
2926
11144322
3
8
2
1235
-2831
2921
11145347
-5
11
-2
1225
-2848
2917
11146372
-6
13
-3
1236
-2875
2909
11147397
-3
13
2
1244
-2861
2910
11148422
0
12
4
1236
-2830
2931
11149447
4
5
6
1224
-2838
2920
11150472
2
0
5
1222
-2827
2914
11151497
2
-4
4
1227
-2828
2919
11152522
5
-5
7
1242
-2841
2912
11153547
-1
-4
11
1253
-2853
2917
11154572
-7
-5
14
1249
-2819
2931
11155597
0
-14
22
1230
-2793
2961
11156622
1
-27
38
1228
-2817
2961
11157647
15
-46
41
1250
-2864
2923
11150464
18
-58
41
1259
-2848
2912
11151489
5
-61
44
1249
-2831
2889
11152514
-10
-57
40
1238
-2823
2873
11153539
-10
-50
28
1213
-2858
2896
11154564
-2
-39
16
1258
-2851
2908
11155589
-8
-25
13
1246
-2859
2918
11156614
-10
-15
7
1254
-2827
2904
11157639
-10
-6
5
1242
-2842
2885
11158664
-5
0
1
1238
-2869
2892
11159689
-9
5
1
1246
-2865
2895
11160714
-13
7
-1
1251
-2861
2901
11161739
-6
11
-1
1273
-2862
2905
11162764
-5
16
-2
1253
-2832
2897
11163789
-5
15
-1
1247
-2862
2900
11164814
-2
17
-3
1249
-2860
2905
11165839
-1
20
-3
1236
-2836
2914
11158656
-1
20
-2
1235
-2835
2910
11159681
-6
22
-4
1231
-2848
2903
11160706
-11
21
-4
1243
-2857
2910
11161731
-8
17
-5
1239
-2846
2922
11162756
-3
13
-3
1232
-2831
2927
11163781
-4
7
-2
1231
-2837
2924
11164806
-3
5
2
1238
-2858
2907
11165831
0
1
4
1234
-2840
2916
11166856
5
-5
5
1228
-2832
2919
11167881
0
-10
8
1224
-2841
2907
11168906
-2
-9
8
1236
-2839
2926
11169931
2
-5
5
1240
-2834
2931
11170956
-4
0
3
1237
-2866
2918
11171981
-10
5
4
1244
-2871
2896
11173006
-10
8
4
1235
-2841
2896
11174031
-6
4
3
1229
-2843
2915
11166943
4
-3
5
1228
-2861
2918
11167968
10
-11
6
1234
-2834
2917
11168993
9
-21
8
1245
-2815
2897
11170018
4
-23
13
1244
-2840
2891
11171043
4
-19
14
1238
-2868
2907
11172068
8
-12
8
1238
-2868
2926
11173093
13
-8
4
1235
-2843
2916
11174118
3
-1
4
1246
-2843
2884
11175143
-7
6
3
1234
-2848
2904
11176168
-1
8
-1
1234
-2855
2928
11177193
8
9
-3
1230
-2837
2929
11178218
2
11
-3
1237
-2833
2907
11179243
0
10
-1
1237
-2841
2909
11180268
3
10
0
1225
-2828
2920
11181293
-1
7
-1
1216
-2832
2916
11182318
2
3
-2
1221
-2841
2920
11175040
2
0
0
1223
-2825
2920
11176065
-3
-7
1
1227
-2831
2930
11177090
-1
-15
2
1235
-2861
2923
11178115
8
-20
0
1226
-2854
2930
11179140
6
-24
1
1221
-2832
2914
11180165
1
-24
4
1219
-2826
2899
11181190
-5
-22
5
1236
-2840
2916
11182215
3
-22
5
1253
-2861
2919
11183240
7
-18
5
1256
-2842
2909
11184265
-2
-10
6
1243
-2805
2903
11185290
-13
-1
5
1236
-2839
2897
11186315
-12
6
1
1244
-2875
2920
11187340
-4
9
2
1257
-2853
2927
11188365
3
4
3
1249
-2812
2923
11189390
6
-1
4
1242
-2822
2908
11190415
10
-6
5
1248
-2840
2903
11183232
7
-9
9
1253
-2834
2917
11184257
5
-12
9
1248
-2813
2911
11185282
1
-10
10
1230
-2816
2917
11186307
-1
-8
8
1226
-2847
2911
11187332
4
-3
4
1235
-2849
2924
11188357
2
1
4
1238
-2836
2916
11189382
-4
3
4
1244
-2846
2902
11190407
-7
5
2
1243
-2844
2920
11191432
-5
2
0
1235
-2831
2929
11192457
-1
-1
-1
1225
-2841
2932
11193482
-2
-2
1
1224
-2839
2911
11194507
-7
0
5
1230
-2837
2904
11195532
-6
1
7
1238
-2850
2907
11196557
-4
1
5
1236
-2838
2910
11197582
-5
3
3
1238
-2842
2901
11198607
-7
3
3
1236
-2857
2922
11191425
-1
2
3
1230
-2837
2941
11192450
1
-3
4
1236
-2816
2921
11193475
-7
-5
6
1241
-2841
2924
11194500
-4
-7
7
1250
-2844
2927
11195525
-1
-10
7
1242
-2832
2921
11196550
-1
-14
6
1232
-2842
2919
11197575
1
-17
5
1230
-2845
2917
11198600
6
-20
4
1235
-2836
2915
11199625
-3
-23
7
1239
-2845
2920
11200650
-2
-24
7
1244
-2836
2916
11201675
1
-20
6
1230
-2814
2915
11202700
-11
-17
4
1236
-2847
2908
11203725
-16
-17
2
1245
-2876
2918
11204750
-6
-16
4
1250
-2859
2932
11205775
2
-18
5
1241
-2837
2910
11206800
0
-16
2
1235
-2846
2893
11199615
-3
-16
1
1235
-2838
2903
11200640
-6
-16
-1
1249
-2825
2916
11201665
-2
-13
-3
1246
-2809
2909
11202690
-2
-9
-5
1241
-2828
2892
11203715
-6
-5
-5
1251
-2858
2903
11204740
-5
-2
-5
1275
-2857
2911
11205765
-3
0
-3
1277
-2835
2897
11206790
-7
-1
-1
1270
-2849
2897
11207815
-10
-1
-3
1251
-2854
2916
11208840
-6
-5
-1
1248
-2852
2924
11209865
0
-11
-1
1246
-2832
2910
11210890
-3
-11
-2
1235
-2825
2900
11211915
-12
-14
1
1235
-2845
2908
11212940
-7
-14
3
1241
-2851
2914
11213965
-4
-15
3
1240
-2838
2906
11214990
-8
-16
1
1231
-2837
2912
11207809
-10
-16
-2
1243
-2847
2908
11208834
-3
-15
-2
1267
-2873
2903
11209859
-4
-10
-1
1288
-2862
2885
11210884
-4
-5
1
1277
-2850
2896
11211909
-6
-5
0
1254
-2832
2902
11212934
-1
-2
-3
1256
-2844
2894
11213959
-5
1
-3
1270
-2862
2879
11214984
-8
5
-3
1267
-2847
2904
11216009
-3
4
-2
1257
-2823
2908
11217034
-1
0
-3
1252
-2831
2912
11218059
-2
-6
-3
1266
-2856
2897
11219084
-1
-3
-2
1262
-2826
2916
11220109
-3
-4
1
1238
-2809
2932
11221134
-3
-6
-2
1245
-2856
2924
11222159
-5
-5
-8
1260
-2887
2893
11223184
-7
-3
-7
1263
-2882
2886
11216000
-2
-2
-6
1241
-2837
2895
11217025
8
-2
-4
1238
-2821
2924
11218050
25
-3
-7
1238
-2809
2941
11219075
37
0
-11
1259
-2817
2923
11220100
37
14
-12
1303
-2850
2870
11221125
16
33
-9
1313
-2853
2832
11222150
-16
48
-6
1294
-2844
2894
11223175
-20
51
-3
1249
-2831
2929
11224200
-4
42
0
1216
-2854
2905
11225225
-3
28
-2
1227
-2839
2889
11226250
-5
13
-1
1244
-2817
2910
11227275
-2
-1
3
1268
-2820
2932
11228300
-5
-8
7
1274
-2823
2939
11229325
-8
-10
8
1232
-2820
2942
11230350
-4
-17
9
1222
-2851
2915
11231375
-1
-21
13
1240
-2855
2922
11224192
4
-22
15
1257
-2831
2917
11225217
8
-18
11
1250
-2806
2902
11226242
-5
-13
6
1235
-2817
2908
11227267
-13
-9
3
1245
-2860
2914
11228292
-10
-6
3
1256
-2862
2900
11229317
-3
-4
5
1263
-2842
2904
11230342
0
-4
5
1268
-2826
2914
11231367
-1
-5
3
1264
-2841
2908
11232392
-2
-5
4
1265
-2855
2897
11233417
1
-4
2
1249
-2836
2908
11234442
-1
-7
3
1246
-2828
2906
11235467
0
-3
2
1234
-2824
2898
11236492
-1
1
2
1249
-2830
2914
11237517
-5
5
1
1254
-2849
2924
11238542
-4
6
-2
1259
-2872
2917
11239567
0
5
-1
1246
-2838
2911
11232384
2
2
2
1239
-2827
2918
11233409
3
-3
6
1247
-2826
2919
11234434
2
-6
9
1249
-2819
2912
11235459
3
-9
8
1240
-2792
2903
11236484
3
-10
8
1242
-2812
2907
11237509
1
-8
8
1254
-2838
2923
11238534
-3
-6
9
1261
-2836
2935
11239559
-3
-6
9
1262
-2838
2923
11240584
5
-6
6
1257
-2838
2905
11241609
0
-2
4
1251
-2836
2899
11242634
-8
0
3
1259
-2843
2896
11243659
-6
1
2
1268
-2844
2905
11244684
0
2
2
1263
-2832
2914
11245709
-4
4
2
1249
-2824
2909
11246734
-12
5
4
1238
-2840
2915
11247759
-13
5
6
1236
-2847
2930
11240577
-4
3
6
1246
-2844
2946
11241602
2
2
6
1245
-2837
2914
11242627
-4
-2
8
1250
-2849
2911
11243652
-5
-6
7
1248
-2847
2915
11244677
0
-9
7
1241
-2844
2917
11245702
4
-11
6
1241
-2832
2917
11246727
2
-12
7
1253
-2828
2908
11247752
1
-11
6
1261
-2841
2900
11248777
4
-8
4
1262
-2848
2912
11249802
3
-7
4
1251
-2836
2914
11250827
1
-7
5
1249
-2836
2906
11251852
-2
-3
5
1243
-2832
2908
11252877
-3
1
3
1241
-2832
2918
11253902
0
3
-1
1252
-2857
2925
11254927
-4
4
-1
1251
-2856
2917
11255952
-1
2
2
1245
-2843
2916
11248768
5
-5
3
1243
-2833
2922
11249793
6
-10
4
1232
-2827
2920
11250818
10
-12
6
1240
-2820
2924
11251843
5
-12
8
1238
-2811
2914
11252868
0
-14
9
1242
-2829
2909
11253893
-3
-14
7
1244
-2833
2908
11254918
-4
-8
7
1249
-2841
2907
11255943
1
-3
5
1252
-2843
2918
11256968
-1
-3
6
1253
-2843
2926
11257993
-4
-3
7
1263
-2838
2909
11259018
-4
-4
4
1258
-2830
2905
11260043
-2
-3
4
1242
-2838
2910
11261068
-3
-2
1
1244
-2828
2908
11262093
-1
-2
4
1239
-2862
2912
11263118
0
-1
5
1245
-2855
2916
11264143
3
1
4
1234
-2808
2919
11256960
-1
-2
3
1240
-2811
2907
11257985
-6
-1
5
1247
-2857
2919
11259010
0
2
6
1248
-2845
2934
11260035
-1
-2
5
1244
-2824
2923
11261060
-6
-7
7
1244
-2841
2896
11262085
-4
-7
6
1255
-2853
2912
11263110
6
-8
4
1259
-2825
2916
11264135
2
-6
2
1253
-2817
2915
11265160
-2
-4
3
1252
-2835
2921
11266185
2
-5
3
1246
-2842
2922
11267210
6
-7
3
1247
-2838
2916
11268235
-1
-4
4
1259
-2824
2901
11269260
-7
0
4
1249
-2808
2908
11270285
-7
1
2
1235
-2837
2923
11271310
-3
0
-1
1242
-2867
2929
11272335
0
-1
-1
1254
-2847
2916
11265152
3
-3
5
1259
-2821
2918
11266177
3
-7
8
1252
-2827
2920
11267202
4
-9
7
1236
-2828
2917
11268227
4
-9
7
1235
-2822
2909
11269252
3
-10
7
1235
-2820
2914
11270277
0
-10
9
1243
-2817
2921
11271302
0
-6
8
1255
-2829
2920
11272327
-3
-4
5
1255
-2843
2914
11273352
-3
-5
4
1252
-2838
2912
11274377
-6
-5
4
1250
-2835
2919
11275402
-11
-6
3
1250
-2835
2907
11276427
-9
-6
3
1250
-2846
2911
11277452
2
-4
2
1257
-2838
2918
11278477
0
-3
3
1252
-2826
2917
11279502
-3
-3
3
1245
-2832
2915
11280527
-1
-1
5
1240
-2837
2914
11273344
-3
1
5
1238
-2828
2922
11274369
-4
1
5
1236
-2838
2926
11275394
-2
1
3
1243
-2838
2920
11276419
0
-2
4
1246
-2838
2913
11277444
-1
-5
6
1243
-2842
2915
11278469
1
-5
7
1247
-2832
2913
11279494
4
-4
6
1244
-2823
2919
11280519
0
-6
6
1245
-2838
2915
11281544
-5
-7
7
1250
-2841
2918
11282569
-1
-6
4
1242
-2839
2916
11283594
-1
-7
3
1246
-2833
2905
11284619
-3
-4
2
1248
-2830
2920
11285644
-1
-1
2
1247
-2840
2925
11286669
3
-1
3
1243
-2834
2918
11287694
2
0
6
1250
-2827
2906
11288719
-4
6
6
1242
-2812
2914
11281536
-9
7
4
1248
-2842
2925
11282561
-6
8
2
1261
-2875
2919
11283586
-4
7
3
1250
-2843
2921
11284611
0
1
8
1237
-2832
2915
11285636
8
-3
11
1245
-2848
2922
11286661
10
-5
8
1238
-2829
2919
11287686
5
-9
6
1237
-2800
2923
11288711
0
-11
8
1241
-2820
2915
11289736
2
-9
9
1244
-2835
2914
11290761
5
-3
6
1236
-2832
2924
11291786
-1
0
4
1238
-2837
2924
11292811
-2
2
7
1244
-2841
2921
11293836
-3
3
7
1246
-2834
2920
11294861
-6
5
5
1241
-2841
2923
11295886
-9
4
6
1240
-2844
2918
11296911
-9
3
6
1242
-2826
2919
11289727
-6
2
7
1246
-2808
2924
11290752
-9
2
10
1243
-2837
2922
11291777
-7
0
7
1231
-2871
2924
11292802
-4
-1
4
1230
-2843
2921
11293827
3
-6
6
1235
-2815
2913
11294852
-1
-8
10
1249
-2857
2908
11295877
-4
-5
7
1253
-2844
2925
11296902
0
-2
6
1244
-2830
2927
11297927
3
-4
3
1238
-2835
2919
11298952
0
-4
3
1226
-2838
2917
11299977
-1
-7
5
1242
-2853
2921
11301002
5
-4
4
1247
-2852
2919
11302027
4
-2
3
1238
-2827
2915
11303052
-5
-2
4
1230
-2818
2919
11304077
-5
-1
2
1231
-2822
2931
11305102
3
-1
0
1236
-2830
2930
11297920
1
-1
2
1237
-2835
2924
11298945
-6
-3
5
1239
-2841
2910
11299970
-5
-1
4
1241
-2830
2915
11300995
0
1
3
1238
-2810
2920
11302020
-4
1
3
1234
-2847
2924
11303045
-10
3
3
1240
-2873
2922
11304070
-4
3
4
1247
-2839
2938
11305095
3
-2
7
1237
-2815
2922
11306120
3
-7
8
1231
-2829
2909
11307145
1
-7
7
1229
-2836
2924
11308170
2
-8
7
1229
-2820
2938
11309195
6
-11
6
1227
-2820
2928
11310220
1
-10
6
1226
-2827
2903
11311245
-5
-3
4
1228
-2842
2928
11312270
-3
0
2
1239
-2846
2940
11313295
1
0
4
1242
-2839
2927
11306112
-4
1
5
1238
-2834
2910
11307137
-5
0
3
1232
-2837
2915
11308162
-4
-3
2
1234
-2854
2930
11309187
1
-5
2
1235
-2834
2930
11310212
1
-5
4
1235
-2837
2918
11311237
0
-5
4
1233
-2825
2916
11312262
-4
-3
4
1227
-2832
2925
11313287
-3
0
4
1224
-2835
2926
11314312
-2
2
2
1227
-2837
2926
11315337
-1
2
3
1239
-2841
2922
11316362
-3
1
3
1240
-2827
2922
11317387
-6
-1
3
1235
-2834
2917
11318412
-1
-2
3
1236
-2842
2929
11319437
5
-4
4
1238
-2828
2934
11320462
3
-4
5
1230
-2827
2923
11321487
-1
-4
4
1230
-2839
2919
11314303
2
-4
4
1235
-2841
2926
11315328
2
-4
4
1227
-2817
2931
11316353
0
-4
4
1224
-2824
2933
11317378
-1
-4
3
1233
-2831
2923
11318403
1
-2
4
1235
-2832
2922
11319428
-3
0
3
1238
-2840
2922
11320453
-4
-4
4
1236
-2841
2910
11321478
-1
-4
5
1232
-2824
2929
11322503
-2
-1
5
1226
-2823
2918
11323528
-8
-1
2
1232
-2855
2917
11324553
-8
0
1
1235
-2862
2937
11325578
8
-2
1
1232
-2833
2937
11326603
19
-4
-1
1231
-2823
2924
11327628
12
-4
1
1237
-2839
2900
11328653
8
-4
3
1231
-2821
2924
11329678
6
-6
5
1227
-2817
2930
11322497
2
-6
7
1232
-2824
2925
11323522
-2
-3
7
1228
-2829
2924
11324547
-4
1
6
1237
-2835
2938
11325572
-3
0
7
1241
-2834
2939
11326597
-4
-4
8
1234
-2836
2916
11327622
-4
-3
8
1238
-2836
2915
11328647
-6
-2
5
1242
-2828
2930
11329672
-8
-3
3
1229
-2824
2933
11330697
-3
-5
7
1220
-2830
2922
11331722
-1
-4
10
1214
-2856
2919
11332747
0
-1
2
1227
-2835
2937
11333772
7
-2
0
1223
-2805
2918
11334797
0
0
3
1223
-2845
2910
11335822
2
5
-1
1226
-2841
2955
11336847
8
5
-5
1229
-2805
2945
11337872
1
0
-2
1233
-2840
2911
11330689
-2
-3
3
1240
-2848
2914
11331714
0
-4
6
1242
-2822
2944
11332739
2
-8
5
1240
-2827
2929
11333764
1
-8
5
1232
-2843
2904
11334789
-8
-5
7
1232
-2835
2911
11335814
-11
-4
7
1231
-2831
2931
11336839
-4
-5
6
1223
-2825
2939
11337864
-3
-3
5
1230
-2819
2937
11338889
-6
-4
6
1240
-2830
2921
11339914
-5
-1
7
1238
-2840
2919
11340939
-2
-2
5
1233
-2831
2931
11341964
-2
-5
4
1223
-2839
2930
11342989
-3
-4
6
1221
-2826
2926
11344014
-9
-3
7
1218
-2812
2927
11345039
-8
-5
4
1225
-2853
2923
11346064
-10
-5
1
1235
-2868
2927
11338879
-4
-9
3
1233
-2835
2928
11339904
3
-11
6
1234
-2827
2926
11340929
3
-13
8
1231
-2837
2917
11341954
3
-17
7
1232
-2826
2920
11342979
2
-16
6
1233
-2825
2923
11344004
-2
-14
7
1232
-2830
2923
11345029
-2
-10
5
1234
-2830
2917
11346054
-4
-6
5
1233
-2841
2925
11347079
-3
-5
3
1232
-2837
2929
11348104
-4
-8
4
1237
-2840
2924
11349129
-4
-10
3
1235
-2840
2928
11350154
-3
-11
2
1233
-2836
2931
11351179
-3
-14
2
1228
-2827
2915
11352204
-3
-17
2
1229
-2839
2913
11353229
-3
-17
4
1237
-2840
2923
11354254
-1
-14
4
1232
-2825
2926
11347072
-3
-11
5
1225
-2830
2921
11348097
-8
-6
3
1222
-2835
2908
11349122
-8
-3
2
1228
-2842
2915
11350147
-9
-3
2
1242
-2843
2932
11351172
-6
-4
2
1245
-2830
2912
11352197
-6
-5
2
1238
-2833
2909
11353222
-7
-4
2
1246
-2848
2914
11354247
-6
-2
3
1244
-2840
2915
11355272
-5
0
3
1235
-2841
2904
11356297
-6
-2
1
1232
-2835
2901
11357322
-5
-3
2
1229
-2837
2928
11358347
-4
-6
2
1240
-2833
2934
11359372
-2
-7
2
1247
-2830
2926
11360397
0
-9
1
1242
-2830
2916
11361422
-3
-13
3
1241
-2846
2909
11362447
-6
-11
6
1232
-2827
2917
11355264
-3
-9
6
1230
-2816
2929
11356289
0
-8
3
1237
-2831
2916
11357314
-5
-4
1
1245
-2871
2914
11358339
-7
-1
2
1245
-2867
2910
11359364
-2
-1
6
1242
-2832
2913
11360389
3
-3
8
1241
-2826
2906
11361414
5
-4
8
1239
-2835
2909
11362439
5
-4
10
1247
-2836
2915
11363464
3
-3
10
1243
-2823
2914
11364489
0
0
7
1229
-2825
2923
11365514
-2
3
6
1237
-2842
2925
11366539
1
7
4
1243
-2851
2923
11367564
2
6
5
1241
-2844
2917
11368589
1
4
4
1235
-2836
2922
11369614
-2
4
3
1231
-2830
2925
11370639
-4
3
0
1227
-2830
2918
11363457
-2
3
2
1234
-2841
2929
11364482
-1
-1
4
1235
-2832
2929
11365507
-1
-2
3
1222
-2830
2917
11366532
-4
0
2
1226
-2831
2913
11367557
-6
5
3
1226
-2853
2931
11368582
-7
8
3
1235
-2847
2916
11369607
-8
7
5
1240
-2845
2914
11370632
-4
4
5
1239
-2847
2910
11371657
-1
4
5
1239
-2844
2908
11372682
1
5
5
1237
-2830
2929
11373707
0
6
5
1239
-2836
2930
11374732
-2
5
7
1233
-2839
2927
11375757
-4
5
6
1225
-2845
2920
11376782
0
4
5
1225
-2833
2934
11377807
4
4
5
1226
-2827
2939
11378832
0
3
4
1222
-2817
2927
11371648
-2
0
4
1226
-2835
2926
11372673
0
-3
5
1228
-2857
2927
11373698
2
-2
6
1224
-2830
2917
11374723
-3
2
5
1217
-2822
2924
11375748
-9
2
4
1216
-2850
2927
11376773
-6
2
3
1229
-2876
2929
11377798
1
0
4
1228
-2854
2929
11378823
3
-4
5
1225
-2835
2918
11379848
2
-3
7
1223
-2840
2921
11380873
3
-5
8
1224
-2843
2931
11381898
4
-8
7
1221
-2825
2921
11382923
2
-7
7
1222
-2826
2915
11383948
-1
-4
5
1220
-2838
2914
11384973
-1
-1
4
1223
-2846
2925
11385998
0
2
3
1230
-2844
2942
11387023
1
3
4
1230
-2841
2933
11380141
-2
0
4
1229
-2836
2912
11381166
-5
-2
2
1224
-2841
2926
11382191
-1
-3
1
1227
-2850
2932
11383216
4
-4
1
1221
-2833
2937
11384241
4
-5
5
1225
-2824
2928
11385266
0
-6
4
1225
-2831
2923
11386291
-2
-4
4
1219
-2842
2926
11387316
-2
-1
3
1215
-2840
2930
11388341
-4
1
2
1222
-2842
2933
11389366
-2
1
3
1225
-2847
2926
11390391
-1
0
3
1230
-2839
2923
11391416
-3
-2
4
1229
-2838
2925
11392441
-2
-4
4
1221
-2830
2925
11393466
1
-5
2
1219
-2832
2936
11394491
2
-5
3
1218
-2832
2933
11395516
-1
-5
4
1227
-2844
2916
11388033
-3
-6
3
1229
-2839
2923
11389058
-2
-6
4
1229
-2838
2939
11390083
1
-5
4
1226
-2829
2934
11391108
2
-5
3
1223
-2831
2929
11392133
0
-5
3
1222
-2837
2914
11393158
-4
-5
4
1228
-2848
2914
11394183
-2
0
6
1227
-2832
2933
11395208
-4
3
5
1214
-2829
2923
11396233
-8
5
3
1217
-2865
2930
11397258
-8
5
2
1223
-2858
2925
11398283
-4
1
3
1223
-2836
2932
11399308
2
-4
5
1218
-2830
2930
11400333
4
-6
7
1214
-2832
2939
11401358
4
-8
8
1216
-2817
2930
11402383
2
-10
9
1223
-2827
2921
11403408
0
-9
7
1221
-2854
2923
11396224
0
-6
3
1219
-2843
2927
11397249
1
-2
1
1221
-2826
2930
11398274
-2
0
4
1231
-2845
2927
11399299
0
1
7
1229
-2839
2928
11400324
-1
1
5
1226
-2841
2923
11401349
-5
-1
2
1216
-2847
2928
11402374
-4
-5
1
1217
-2835
2934
11403399
2
-9
2
1226
-2822
2927
11404424
4
-8
3
1223
-2842
2929
11405449
1
-5
4
1219
-2854
2935
11406474
-5
-3
6
1216
-2833
2931
11407499
-4
0
3
1212
-2820
2935
11408524
-3
1
1
1215
-2851
2933
11409549
-3
1
2
1220
-2847
2925
11410574
-5
-1
4
1227
-2841
2917
11411599
-2
-4
5
1221
-2838
2923
11404415
0
-6
4
1222
-2840
2931
11405440
1
-8
4
1218
-2839
2931
11406465
1
-10
5
1222
-2840
2921
11407490
-1
-9
4
1220
-2836
2931
11408515
0
-9
4
1219
-2837
2926
11409540
1
-6
3
1217
-2831
2929
11410565
0
-2
3
1218
-2831
2939
11411590
0
-2
2
1220
-2833
2936
11412615
-3
-1
2
1226
-2833
2920
11413640
-4
-2
3
1225
-2846
2926
11414665
-3
-3
4
1229
-2842
2928
11415690
-1
-3
5
1215
-2813
2934
11416715
-2
-3
4
1208
-2826
2927
11417740
-10
-1
1
1217
-2876
2923
11418765
-8
1
0
1221
-2864
2939
11419790
0
-2
5
1219
-2823
2939
11412608
4
-6
7
1220
-2810
2920
11413633
2
-9
8
1215
-2831
2915
11414658
3
-10
7
1220
-2844
2928
11415683
2
-9
8
1221
-2833
2929
11416708
2
-7
7
1214
-2820
2928
11417733
1
-4
6
1213
-2835
2932
11418758
0
-1
5
1230
-2841
2936
11419783
-3
0
5
1236
-2836
2938
11420808
0
1
7
1227
-2838
2921
11421833
-3
-1
6
1215
-2832
2921
11422858
-5
-4
3
1212
-2837
2930
11423883
-3
-5
3
1217
-2834
2937
11424908
4
-8
5
1212
-2831
2938
11425933
3
-7
4
1211
-2826
2924
11426958
-5
-3
2
1216
-2837
2917
11427983
-7
2
3
1220
-2850
2931
11420800
-4
5
1
1217
-2838
2945
11421825
-5
4
0
1214
-2831
2933
11422850
-9
3
1
1218
-2854
2921
11423875
-7
3
2
1218
-2844
2932
11424900
0
-3
2
1231
-2825
2946
11425925
4
-6
2
1223
-2828
2940
11426950
2
-7
3
1215
-2839
2921
11427975
-4
-8
5
1211
-2845
2920
11429000
0
-9
4
1220
-2843
2928
11430025
3
-8
3
1223
-2826
2923
11431050
-2
-7
4
1212
-2831
2926
11432075
-1
-5
4
1212
-2833
2938
11433100
3
-3
4
1214
-2834
2937
11434125
1
-3
3
1226
-2829
2931
11435150
-3
-3
2
1217
-2835
2928
11436175
-2
-4
2
1222
-2835
2932
11428991
-2
-3
3
1212
-2810
2936
11430016
-7
-4
5
1212
-2833
2939
11431041
-7
-4
3
1223
-2871
2939
11432066
-3
-5
1
1224
-2862
2940
11433091
2
-6
4
1221
-2819
2936
11434116
3
-9
7
1225
-2815
2924
11435141
0
-9
7
1217
-2837
2922
11436166
2
-10
7
1215
-2842
2926
11437191
4
-10
6
1224
-2822
2933
11438216
2
-7
6
1227
-2818
2931
11439241
0
-2
5
1227
-2841
2919
11440266
-3
4
4
1227
-2843
2936
11441291
-2
3
5
1222
-2837
2946
11442316
3
0
6
1224
-2830
2929
11443341
2
-1
4
1216
-2829
2915
11444366
-4
-2
3
1220
-2841
2927
11437184
-3
-2
2
1217
-2840
2936
11438209
2
-4
4
1213
-2826
2936
11439234
2
-3
4
1212
-2826
2930
11440259
-4
-1
3
1211
-2833
2932
11441284
-5
1
3
1208
-2840
2932
11442309
-6
3
3
1215
-2836
2935
11443334
-5
4
1
1217
-2833
2926
11444359
-7
0
2
1216
-2835
2929
11445384
-6
-3
2
1222
-2837
2920
11446409
-7
-5
4
1220
-2843
2924
11447434
-5
-7
5
1214
-2831
2930
11448459
-5
-10
6
1219
-2827
2936
11449484
-2
-15
6
1216
-2834
2932
11450509
-1
-16
5
1226
-2841
2928
11451534
-1
-16
5
1221
-2826
2938
11452559
-4
-16
5
1214
-2830
2937
11445376
-1
-15
4
1222
-2831
2938
11446401
1
-14
3
1222
-2839
2924
11447426
-5
-14
4
1217
-2848
2906
11448451
-7
-14
2
1225
-2846
2922
11449476
-4
-9
2
1219
-2831
2934
11450501
-5
-6
2
1206
-2824
2924
11451526
-10
-6
0
1214
-2860
2925
11452551
-10
-5
-2
1229
-2868
2936
11453576
-8
-7
-1
1227
-2844
2927
11454601
-3
-9
3
1223
-2835
2926
11455626
-2
-13
6
1215
-2840
2919
11456651
-2
-15
6
1216
-2829
2922
11457676
-3
-18
6
1226
-2816
2930
11458701
-6
-20
6
1232
-2824
2926
11459726
-4
-16
4
1233
-2831
2932
11460751
-7
-10
3
1232
-2842
2922
11453567
-11
-8
5
1236
-2844
2922
11454592
-6
-9
6
1233
-2845
2918
11455617
-2
-11
5
1239
-2849
2916
11456642
-7
-10
2
1233
-2842
2900
11457667
-9
-10
2
1237
-2847
2917
11458692
-3
-12
2
1237
-2839
2934
11459717
0
-11
0
1222
-2837
2924
11460742
-6
-10
-1
1216
-2844
2908
11461767
-13
-9
0
1213
-2845
2916
11462792
-9
-11
0
1218
-2847
2931
11463817
-5
-12
-1
1224
-2847
2921
11464842
-1
-16
-1
1224
-2841
2916
11465867
-1
-18
-2
1233
-2852
2906
11466892
0
-17
-2
1241
-2858
2908
11467917
-2
-15
-2
1244
-2851
2919
11468942
1
-11
-3
1236
-2846
2921
11461760
3
-6
-3
1236
-2848
2895
11462785
-7
1
-2
1238
-2841
2902
11463810
-9
7
-4
1244
-2835
2935
11464835
1
8
-6
1236
-2845
2917
11465860
-2
7
-5
1240
-2828
2902
11466885
-13
3
-3
1239
-2827
2916
11467910
-10
-3
-1
1245
-2831
2932
11468935
3
-4
-2
1245
-2826
2922
11469960
-1
-5
0
1235
-2844
2920
11470985
-10
-8
1
1233
-2874
2924
11472010
-5
-12
0
1235
-2873
2934
11473035
10
-17
3
1244
-2849
2916
11474060
7
-19
5
1235
-2829
2906
11475085
1
-17
7
1234
-2832
2913
11476110
5
-15
7
1228
-2837
2915
11477135
7
-11
6
1233
-2840
2901
11469952
1
-6
6
1248
-2846
2904
11470977
-1
0
5
1245
-2842
2922
11472002
0
3
3
1255
-2851
2914
11473027
1
5
3
1251
-2837
2897
11474052
0
7
3
1244
-2852
2906
11475077
-4
7
2
1235
-2852
2916
11476102
-7
4
2
1239
-2855
2908
11477127
-7
2
2
1249
-2847
2916
11478152
-4
-3
3
1229
-2824
2932
11479177
4
-7
5
1209
-2825
2937
11480202
3
-8
7
1212
-2841
2928
11481227
3
-7
8
1231
-2852
2920
11482252
2
-7
8
1243
-2853
2915
11483277
7
-5
7
1248
-2839
2921
11484302
7
-5
6
1239
-2833
2917
11485327
4
-3
6
1236
-2850
2909
11478144
0
-2
6
1244
-2853
2905
11479169
-2
0
9
1252
-2845
2914
11480194
5
-1
9
1246
-2825
2923
11481219
8
0
8
1242
-2828
2926
11482244
5
-1
5
1236
-2840
2917
11483269
2
1
7
1237
-2849
2911
11484294
2
2
5
1237
-2838
2920
11485319
5
0
4
1234
-2827
2927
11486344
8
4
3
1230
-2823
2923
11487369
0
8
4
1235
-2830
2901
11488394
-6
10
3
1241
-2861
2920
11489419
-1
7
1
1241
-2858
2937
11490444
10
4
3
1231
-2829
2930
11491469
6
2
9
1224
-2824
2909
11492494
1
1
10
1230
-2835
2924
11493519
5
-1
9
1237
-2827
2929
11486337
10
-2
10
1232
-2822
2925
11487362
2
-1
11
1222
-2827
2915
11488387
-5
-2
8
1226
-2831
2933
11489412
1
-2
3
1225
-2827
2942
11490437
6
-2
4
1222
-2822
2921
11491462
-1
-2
8
1223
-2842
2918
11492487
-5
-4
8
1229
-2836
2928
11493512
-4
-5
4
1230
-2824
2940
11494537
2
-6
3
1228
-2830
2928
11495562
1
-4
3
1219
-2834
2918
11496587
-2
-3
4
1216
-2835
2923
11497612
-1
-4
4
1224
-2826
2936
11498637
0
-1
5
1235
-2832
2931
11499662
0
2
7
1234
-2829
2923
11500687
-5
4
7
1227
-2820
2928
11501712
-13
4
3
1217
-2827
2926
11494527
-10
3
-1
1223
-2851
2926
11495552
-6
1
2
1234
-2864
2929
11496577
-4
-3
7
1233
-2825
2917
11497602
0
-9
7
1226
-2814
2910
11498627
-1
-14
6
1229
-2827
2920
11499652
1
-17
10
1234
-2848
2947
11500677
7
-15
14
1236
-2826
2943
11501702
8
-15
14
1232
-2819
2908
11502727
-1
-13
13
1227
-2848
2903
11503752
-5
-10
16
1230
-2867
2942
11504777
4
-7
15
1228
-2827
2934
11505802
4
-3
14
1223
-2839
2915
11506827
-7
0
10
1221
-2850
2913
11507852
-11
-2
5
1210
-2861
2935
11508877
3
-8
4
1212
-2853
2940
11509902
6
-13
6
1219
-2846
2920
11502720
4
-14
6
1226
-2820
2911
11503745
1
-16
3
1232
-2826
2922
11504770
5
-14
2
1228
-2843
2936
11505795
6
-8
4
1223
-2833
2927
11506820
-4
0
6
1217
-2834
2928
11507845
-9
3
7
1211
-2835
2939
11508870
-2
1
9
1228
-2837
2931
11509895
-1
1
9
1246
-2836
2904
11510920
-6
2
7
1241
-2848
2917
11511945
1
-2
5
1236
-2858
2927
11512970
8
-5
5
1228
-2830
2928
11513995
7
-5
8
1225
-2823
2918
11515020
1
1
8
1229
-2846
2908
11516045
-4
6
8
1218
-2853
2926
11517070
-2
4
6
1206
-2833
2951
11518095
2
1
3
1204
-2819
2948
11510912
2
-1
1
1214
-2834
2914
11511937
-5
-1
6
1232
-2854
2906
11512962
-6
-3
10
1230
-2850
2934
11513987
1
-7
8
1217
-2852
2946
11515012
6
-13
7
1210
-2848
2923
11516037
1
-16
9
1213
-2825
2935
11517062
-1
-17
9
1211
-2801
2960
11518087
2
-16
6
1203
-2806
2957
11519112
-3
-14
0
1202
-2829
2928
11520137
-9
-11
3
1221
-2847
2903
11521162
-9
-10
9
1243
-2853
2889
11522187
-6
-7
11
1250
-2838
2894
11523212
-2
0
7
1233
-2829
2903
11524237
2
10
1
1243
-2832
2901
11525262
-5
25
-5
1246
-2839
2896
11526287
-15
40
-11
1250
-2870
2917
11519103
-18
51
-18
1233
-2859
2930
11520128
-15
51
-16
1211
-2844
2943
11521153
-10
43
-11
1206
-2827
2950
11522178
-1
34
-2
1210
-2800
2967
11523203
10
13
4
1197
-2766
2972
11524228
5
-12
12
1197
-2774
2948
11525253
7
-30
20
1208
-2804
2955
11526278
14
-43
24
1220
-2831
2944
11527303
12
-40
25
1222
-2851
2923
11528328
4
-31
23
1221
-2845
2913
11529353
-4
-23
19
1217
-2854
2910
11530378
-1
-16
12
1217
-2860
2918
11531403
-5
-8
5
1208
-2838
2929
11532428
-8
-5
2
1207
-2850
2921
11533453
-5
-2
0
1220
-2863
2921
11534478
-5
1
-1
1220
-2850
2918
11527296
-5
3
1
1202
-2860
2923
11528321
-1
4
1
1193
-2863
2917
11529346
1
7
2
1203
-2857
2924
11530371
-1
8
3
1209
-2839
2929
11531396
-1
8
4
1209
-2831
2934
11532421
2
6
2
1223
-2840
2932
11533446
5
5
1
1225
-2845
2929
11534471
3
5
4
1220
-2814
2941
11535496
-3
2
6
1208
-2814
2945
11536521
2
-3
3
1201
-2835
2937
11537546
4
-9
2
1210
-2850
2933
11538571
3
-14
4
1228
-2832
2940
11539596
2
-16
6
1232
-2810
2936
11540621
2
-12
5
1220
-2805
2924
11541646
2
-8
2
1210
-2820
2925
11542671
0
-5
2
1214
-2840
2935
11535488
0
-3
2
1216
-2839
2934
11536513
-1
0
2
1218
-2822
2931
11537538
-4
4
0
1205
-2811
2938
11538563
-9
0
0
1205
-2851
2928
11539588
-10
-3
2
1222
-2875
2940
11540613
-2
-6
3
1219
-2846
2948
11541638
2
-9
3
1208
-2817
2942
11542663
-1
-14
4
1206
-2840
2922
11543688
-2
-14
7
1204
-2850
2929
11544713
2
-18
9
1221
-2836
2931
11545738
6
-20
8
1229
-2827
2924
11546763
5
-16
6
1224
-2835
2921
11547788
0
-9
5
1225
-2853
2921
11548813
-3
-1
3
1227
-2851
2940
11549838
3
2
2
1226
-2840
2938
11550863
4
4
2
1219
-2826
2923
11543679
-3
7
1
1214
-2834
2923
11544704
-8
6
-1
1226
-2847
2926
11545729
-1
2
0
1227
-2839
2939
11546754
1
-3
2
1213
-2809
2931
11547779
3
-6
3
1198
-2810
2932
11548804
-1
-6
4
1201
-2843
2931
11549829
-1
-6
7
1214
-2840
2929
11550854
-1
-6
5
1221
-2824
2939
11551879
-2
-5
3
1214
-2826
2934
11552904
-4
-5
3
1206
-2835
2927
11553929
-5
-5
5
1218
-2846
2935
11554954
-3
-6
7
1226
-2829
2931
11555979
-1
-6
5
1222
-2828
2920
11557004
0
-5
3
1213
-2840
2920
11558029
-2
-4
3
1216
-2840
2941
11559054
-1
-3
4
1218
-2829
2927
11551872
-1
-3
3
1214
-2828
2923
11552897
-3
-2
3
1218
-2835
2927
11553922
-5
-1
3
1221
-2832
2946
11554947
-2
-2
2
1218
-2838
2939
11555972
-1
-3
5
1211
-2835
2930
11556997
-2
-4
6
1208
-2825
2924
11558022
-6
-6
5
1214
-2840
2936
11559047
-1
-6
4
1220
-2839
2943
11560072
1
-8
4
1219
-2835
2931
11561097
-4
-9
5
1210
-2840
2916
11562122
-4
-8
6
1209
-2841
2922
11563147
2
-5
5
1211
-2824
2942
11564172
-1
-4
4
1206
-2830
2939
11565197
-8
-2
2
1216
-2866
2928
11566222
-7
0
0
1221
-2855
2934
11567247
0
0
1
1220
-2825
2931
11560064
-1
-3
3
1225
-2820
2931
11561089
0
-7
5
1218
-2829
2921
11562114
4
-11
5
1219
-2837
2915
11563139
5
-12
6
1220
-2827
2921
11564164
4
-8
8
1214
-2829
2930
11565189
-4
-3
6
1217
-2823
2929
11566214
-6
3
6
1216
-2846
2932
11567239
-3
5
5
1217
-2829
2936
11568264
-3
2
7
1218
-2821
2936
11569289
-5
-1
7
1214
-2831
2929
11570314
-6
-3
3
1206
-2843
2935
11571339
-3
-6
1
1217
-2845
2931
11572364
-1
-7
3
1214
-2824
2933
11573389
0
-9
5
1213
-2818
2931
11574414
1
-10
4
1208
-2841
2930
11575439
0
-6
4
1215
-2843
2919
11568256
-7
-2
5
1229
-2845
2924
11569281
-7
0
5
1219
-2837
2933
11570306
-5
2
4
1208
-2842
2924
11571331
-1
4
4
1211
-2853
2925
11572356
-6
2
7
1220
-2839
2924
11573381
-6
1
8
1220
-2828
2942
11574406
-2
-2
7
1222
-2839
2935
11575431
1
-3
5
1213
-2850
2918
11576456
-1
-1
5
1210
-2840
2917
11577481
-5
-2
7
1215
-2825
2940
11578506
0
-5
5
1206
-2816
2953
11579531
4
-7
1
1212
-2830
2937
11580556
0
-7
1
1214
-2848
2925
11581581
-6
-7
3
1223
-2834
2925
11582606
-3
-5
4
1213
-2831
2942
11583631
0
-7
3
1214
-2838
2933
11576448
1
-7
3
1216
-2838
2919
11577473
-3
-4
5
1219
-2842
2922
11578498
-4
-6
5
1215
-2844
2924
11579523
-3
-3
4
1221
-2825
2932
11580548
-2
-2
4
1212
-2815
2934
11581573
-5
-1
3
1213
-2847
2927
11582598
-9
0
1
1214
-2879
2926
11583623
-3
0
2
1216
-2852
2943
11584648
4
-4
4
1210
-2823
2939
11585673
2
-7
6
1209
-2809
2927
11586698
0
-10
6
1203
-2829
2923
11587723
1
-13
6
1212
-2842
2930
11588748
3
-14
7
1207
-2845
2930
11589773
4
-11
7
1214
-2836
2920
11590798
1
-6
6
1215
-2829
2934
11591823
0
-4
4
1221
-2835
2937
11584639
1
-1
3
1222
-2846
2934
11585664
1
0
4
1217
-2845
2931
11586689
1
-1
3
1221
-2837
2925
11587714
-1
-2
-1
1214
-2829
2929
11588739
-3
-4
0
1207
-2836
2941
11589764
-1
-5
1
1215
-2827
2930
11590789
1
-5
5
1212
-2840
2935
11591814
3
-6
4
1208
-2844
2934
11592839
1
-5
4
1217
-2832
2930
11593864
-5
1
3
1210
-2822
2937
11594889
-9
3
4
1206
-2840
2937
11595914
-7
7
2
1208
-2844
2931
11596939
-2
7
2
1207
-2849
2933
11597964
0
4
2
1209
-2841
2930
11598989
1
3
3
1222
-2838
2921
11600014
3
3
3
1225
-2842
2926
11592833
6
6
5
1212
-2822
2937
11593858
2
7
5
1207
-2820
2938
11594883
-3
7
3
1203
-2822
2941
11595908
-4
6
3
1206
-2818
2944
11596933
-5
2
4
1200
-2815
2945
11597958
-9
-6
8
1192
-2824
2945
11598983
-9
-12
10
1199
-2840
2936
11600008
-4
-18
13
1210
-2843
2936
11601033
1
-22
13
1219
-2843
2924
11602058
2
-21
12
1221
-2842
2910
11603083
0
-15
9
1217
-2853
2909
11604108
-2
-7
7
1218
-2863
2923
11605133
-1
0
5
1205
-2846
2944
11606158
-3
7
1
1190
-2830
2940
11607183
-9
9
-1
1190
-2867
2926
11608208
-13
11
-3
1211
-2874
2931
11601024
-8
8
-2
1217
-2842
2956
11602049
2
-1
1
1213
-2820
2952
11603074
7
-11
3
1202
-2811
2937
11604099
7
-17
7
1211
-2834
2927
11605124
8
-20
7
1216
-2825
2933
11606149
5
-19
6
1212
-2825
2934
11607174
3
-14
4
1201
-2841
2929
11608199
-1
-6
3
1202
-2847
2943
11609224
-5
-3
3
1211
-2843
2946
11610249
-1
-3
2
1218
-2824
2943
11611274
-1
-5
2
1216
-2826
2926
11612299
-3
-4
3
1210
-2846
2913
11613324
-8
-2
1
1211
-2849
2923
11614349
-3
-7
0
1209
-2836
2935
11615374
9
-14
-1
1217
-2806
2949
11616399
10
-12
-7
1222
-2813
2948
11609216
1
-5
-7
1227
-2845
2939
11610241
-5
0
-5
1219
-2839
2938
11611266
-8
3
-5
1201
-2838
2925
11612291
-5
2
-5
1202
-2866
2916
11613316
0
0
-1
1215
-2878
2922
11614341
4
-3
5
1228
-2835
2922
11615366
9
-3
5
1227
-2805
2926
11616391
8
4
2
1230
-2816
2931
11617416
4
15
3
1215
-2826
2922
11618441
0
29
8
1209
-2822
2948
11619466
2
40
6
1218
-2841
2952
11620491
-9
46
2
1204
-2841
2928
11621516
-22
43
1
1182
-2836
2938
11622541
-11
23
-1
1148
-2826
2964
11623566
1
-5
-6
1188
-2780
2978
11624591
-6
-23
5
1177
-2822
2950
11617409
1
-49
14
1224
-2826
2947
11618434
14
-64
19
1248
-2845
2940
11619459
23
-61
19
1264
-2865
2916
11620484
16
-41
17
1231
-2852
2887
11621509
0
-9
14
1198
-2825
2898
11622534
-12
20
7
1192
-2854
2924
11623559
-15
45
-2
1190
-2853
2944
11624584
-23
60
-7
1194
-2838
2935
11625609
-25
60
-8
1205
-2835
2931
11626634
-26
49
-7
1203
-2812
2957
11627659
-10
20
-2
1181
-2811
2987
11628684
4
-14
4
1176
-2806
2973
11629709
8
-43
14
1184
-2805
2949
11630734
12
-64
20
1196
-2807
2946
11631759
18
-70
18
1218
-2848
2943
11632784
19
-64
14
1235
-2877
2929
11625601
16
-52
12
1238
-2871
2910
11626626
12
-34
7
1230
-2863
2900
11627651
4
-12
1
1218
-2870
2909
11628676
3
6
-7
1213
-2860
2918
11629701
3
17
-10
1202
-2804
2942
11630726
3
23
-10
1209
-2785
2951
11631751
2
25
-9
1220
-2805
2943
11632776
-1
19
-5
1223
-2842
2935
11633801
4
9
1
1210
-2818
2940
11634826
8
-6
6
1191
-2788
2955
11635851
7
-16
10
1191
-2794
2966
11636876
3
-26
12
1206
-2818
2945
11637901
3
-36
14
1225
-2834
2941
11638926
12
-41
16
1236
-2824
2942
11639951
16
-38
16
1231
-2814
2936
11640976
6
-29
12
1210
-2836
2934
11633791
-2
-19
8
1202
-2856
2925
11634816
-2
-8
7
1196
-2843
2924
11635841
-4
2
4
1202
-2813
2936
11636866
-7
6
-1
1213
-2816
2944
11637891
-10
5
-5
1211
-2824
2940
11638916
-12
4
-5
1205
-2827
2955
11639941
-6
-2
-6
1200
-2839
2972
11640966
7
-17
-7
1220
-2849
2944
11641991
9
-26
-1
1230
-2822
2926
11643016
10
-29
4
1227
-2824
2928
11644041
14
-26
-2
1219
-2857
2938
11645066
15
-16
-10
1215
-2868
2947
11646091
19
-5
-14
1230
-2854
2951
11647116
26
5
-15
1262
-2834
2951
11648141
26
18
-15
1247
-2805
2912
11649166
11
33
-14
1235
-2803
2886
11641985
-3
44
-14
1220
-2824
2887
11643010
-3
49
-14
1205
-2841
2913
11644035
-3
46
-13
1191
-2828
2943
11645060
-6
36
-8
1182
-2799
2959
11646085
-2
17
-4
1185
-2780
3006
11647110
12
-4
0
1214
-2766
3035
11648135
20
-20
5
1237
-2757
3019
11649160
22
-32
9
1251
-2782
2989
11650185
29
-37
5
1259
-2841
2947
11651210
37
-35
0
1240
-2837
2931
11652235
32
-30
-2
1221
-2818
2932
11653260
24
-22
-3
1201
-2786
2933
11654285
10
-12
-4
1189
-2753
2931
11655310
-6
-3
-3
1208
-2770
2947
11656335
-13
0
-1
1236
-2798
2954
11657360
-14
3
2
1247
-2810
2938
11650176
-10
5
4
1251
-2806
2941
11651201
-5
7
5
1242
-2829
2949
11652226
-2
11
3
1214
-2828
2957
11653251
-4
12
2
1207
-2820
2969
11654276
-6
14
0
1202
-2805
2970
11655301
-5
10
0
1208
-2806
2967
11656326
-6
4
3
1216
-2798
2968
11657351
-4
-5
6
1225
-2778
2977
11658376
-1
-14
6
1227
-2788
2972
11659401
3
-23
6
1228
-2818
2948
11660426
1
-28
8
1216
-2798
2944
11661451
-2
-28
11
1217
-2803
2946
11662476
-3
-27
11
1235
-2803
2963
11663501
0
-23
8
1243
-2790
2964
11664526
-2
-21
6
1249
-2806
2949
11665551
-8
-16
5
1245
-2828
2943
11658368
-6
-10
3
1237
-2809
2961
11659393
0
-8
2
1230
-2797
2972
11660418
-1
-10
3
1223
-2805
2959
11661443
-1
-11
2
1215
-2805
2946
11662468
5
-11
2
1219
-2805
2949
11663493
4
-6
0
1229
-2800
2937
11664518
-5
-1
-4
1227
-2800
2927
11665543
-12
10
-4
1231
-2829
2935
11666568
-10
18
-5
1230
-2843
2948
11667593
-15
18
-6
1222
-2823
2948
11668618
-18
12
-5
1217
-2815
2942
11669643
-7
7
-4
1224
-2804
2959
11670668
0
4
-5
1237
-2816
2958
11671693
-5
6
-5
1245
-2817
2949
11672718
-10
7
-6
1224
-2804
2955
11673743
-12
5
-7
1203
-2776
2976
11666560
-13
2
-6
1201
-2786
2977
11667585
-12
-4
-2
1208
-2786
2965
11668610
-13
-15
4
1230
-2763
2968
11669635
-10
-27
9
1258
-2753
2975
11670660
4
-33
9
1290
-2772
2963
11671685
1
-25
15
1275
-2796
2924
11672710
-6
-21
14
1255
-2832
2923
11673735
-9
-13
14
1259
-2840
2942
11674760
-1
-6
11
1247
-2822
2926
11675785
2
4
7
1231
-2799
2898
11676810
-13
15
5
1220
-2791
2934
11677835
-24
18
3
1223
-2814
2980
11678860
-16
12
3
1222
-2819
2971
11679885
-8
5
8
1200
-2808
2945
11680910
-9
-5
13
1208
-2820
2950
11681935
-5
-9
13
1228
-2824
2948
11674755
2
-7
10
1228
-2819
2933
11675780
5
0
8
1220
-2842
2925
11676805
1
10
0
1215
-2853
2937
11677830
-8
19
-5
1219
-2853
2936
11678855
-16
24
-5
1206
-2834
2943
11679880
-12
19
-4
1189
-2822
2953
11680905
-4
6
1
1188
-2804
2958
11681930
0
-8
8
1214
-2784
2959
11682955
3
-17
12
1243
-2772
2962
11683980
5
-24
14
1263
-2792
2970
11685005
13
-22
15
1263
-2810
2945
11686030
12
-15
16
1246
-2812
2926
11687055
3
-4
17
1232
-2808
2920
11688080
0
7
14
1229
-2823
2935
11689105
2
13
6
1224
-2822
2947
11690130
-3
19
4
1232
-2804
2930
11682944
-11
22
5
1234
-2785
2943
11683969
-13
19
4
1216
-2795
2959
11684994
-7
12
4
1203
-2813
2947
11686019
-5
4
5
1206
-2823
2951
11687044
-4
-2
8
1201
-2807
2959
11688069
-3
-10
7
1201
-2812
2957
11689094
-1
-15
6
1202
-2812
2950
11690119
-1
-19
8
1212
-2822
2968
11691144
4
-22
10
1229
-2834
2965
11692169
8
-24
11
1228
-2833
2945
11693194
5
-19
10
1216
-2819
2919
11694219
-1
-11
9
1212
-2824
2938
11695244
-2
-3
3
1225
-2846
2953
11696269
0
4
-1
1224
-2830
2941
11697294
-1
5
-1
1212
-2803
2929
11698319
-6
6
-3
1208
-2800
2943
11691137
-10
7
-4
1212
-2824
2955
11692162
-3
4
-4
1211
-2809
2962
11693187
-5
-1
1
1211
-2795
2961
11694212
-4
-6
3
1229
-2813
2958
11695237
-4
-7
2
1230
-2826
2943
11696262
-1
-6
3
1222
-2824
2934
11697287
4
-8
5
1227
-2806
2958
11698312
7
-9
6
1219
-2796
2969
11699337
8
-11
6
1218
-2786
2952
11700362
3
-13
8
1233
-2802
2927
11701387
-1
-11
9
1224
-2798
2943
11702412
0
-10
9
1228
-2800
2961
11703437
-2
-7
8
1224
-2807
2961
11704462
-7
-9
5
1214
-2805
2938
11705487
-11
-11
7
1210
-2821
2933
11706512
-9
-19
9
1224
-2824
2957
11699328
3
-30
9
1229
-2830
2963
11700353
6
-39
9
1226
-2834
2933
11701378
8
-41
12
1232
-2837
2935
11702403
15
-38
11
1238
-2832
2944
11703428
21
-31
10
1234
-2840
2938
11704453
17
-17
6
1227
-2838
2919
11705478
14
4
2
1234
-2839
2918
11706503
6
26
-3
1237
-2809
2912
11707528
-4
42
-8
1226
-2820
2919
11708553
-15
50
-15
1205
-2815
2938
11709578
-23
46
-15
1174
-2808
2962
11710603
-18
29
-10
1169
-2804
2999
11711628
-1
0
-3
1185
-2800
3010
11712653
8
-30
5
1210
-2781
2996
11713678
17
-58
16
1247
-2800
2992
11714703
32
-70
22
1280
-2793
2975
11707520
35
-61
23
1288
-2780
2939
11708545
27
-40
20
1270
-2800
2919
11709570
15
-13
14
1242
-2801
2902
11710595
-2
12
8
1224
-2811
2891
11711620
-16
30
2
1226
-2800
2914
11712645
-23
38
-1
1223
-2797
2935
11713670
-28
32
-1
1230
-2826
2950
11714695
-23
21
-1
1227
-2841
2970
11715720
-14
10
3
1213
-2830
2996
11716745
-3
-3
7
1202
-2825
2990
11717770
3
-13
10
1193
-2840
2965
11718795
10
-21
11
1212
-2834
2944
11719820
17
-24
12
1223
-2810
2943
11720845
12
-22
13
1231
-2786
2946
11721870
8
-14
14
1237
-2809
2951
11722895
14
-1
11
1240
-2832
2934
11715712
11
12
11
1240
-2843
2925
11716737
6
21
10
1230
-2816
2934
11717762
0
24
9
1213
-2790
2957
11718787
-3
20
2
1200
-2791
2969
11719812
0
15
-3
1207
-2804
2973
11720837
5
9
0
1226
-2811
2968
11721862
3
5
4
1227
-2788
2954
11722887
-2
2
2
1225
-2786
2952
11723912
-2
5
0
1210
-2799
2953
11724937
-3
10
-2
1194
-2814
2956
11725962
-7
9
0
1185
-2809
2953
11726987
-10
0
1
1189
-2804
2971
11728012
-7
-11
4
1190
-2785
2980
11729037
-3
-22
9
1208
-2803
2982
11730062
-1
-30
13
1220
-2815
2954
11731087
-1
-34
16
1230
-2823
2945
11723903
2
-34
17
1241
-2820
2947
11724928
4
-27
11
1231
-2824
2945
11725953
3
-18
7
1226
-2819
2946
11726978
0
-8
5
1228
-2815
2935
11728003
-7
1
2
1230
-2797
2949
11729028
-5
9
-3
1231
-2801
2968
11730053
-5
14
-3
1226
-2808
2958
11731078
-7
15
-1
1215
-2809
2949
11732103
-10
10
1
1209
-2814
2945
11733128
-4
6
4
1211
-2798
2951
11734153
-5
3
6
1201
-2767
2968
11735178
-9
-4
7
1210
-2810
2954
11736203
-7
-7
6
1217
-2847
2957
11737228
-1
-8
7
1222
-2832
2967
11738253
6
-9
10
1216
-2813
2962
11739278
9
-9
10
1215
-2800
2951
11732241
8
-9
10
1217
-2811
2950
11733266
9
-7
9
1215
-2801
2941
11734291
2
-3
8
1211
-2787
2928
11735316
-1
0
3
1206
-2804
2934
11736341
-4
6
0
1212
-2823
2949
11737366
-5
11
0
1221
-2826
2964
11738391
-5
10
1
1223
-2817
2965
11739416
-4
7
3
1218
-2793
2961
11740441
-3
2
3
1207
-2796
2954
11741466
-8
-2
1
1212
-2810
2967
11742491
-7
-7
3
1210
-2814
2964
11743516
0
-12
5
1205
-2801
2955
11744541
3
-15
6
1209
-2796
2958
11745566
1
-15
6
1203
-2807
2959
11746591
-1
-13
7
1208
-2825
2944
11747616
-2
-10
8
1212
-2817
2937
11740287
-4
-8
6
1215
-2813
2947
11741312
-2
-5
4
1226
-2809
2952
11742337
-2
-3
4
1221
-2805
2948
11743362
-4
-2
3
1210
-2818
2953
11744387
-2
-4
1
1220
-2822
2954
11745412
0
-1
2
1216
-2813
2951
11746437
-3
-2
3
1210
-2795
2940
11747462
-5
0
4
1212
-2813
2941
11748487
-4
-1
2
1213
-2810
2949
11749512
-3
-2
1
1217
-2795
2963
11750537
-3
-5
3
1218
-2794
2961
11751562
-4
-7
6
1208
-2800
2957
11752587
-3
-9
5
1207
-2810
2963
11753612
-1
-11
5
1220
-2822
2962
11754637
1
-13
7
1230
-2808
2946
11755662
-1
-11
7
1217
-2805
2943
11748480
-3
-11
5
1224
-2817
2936
11749505
-3
-7
4
1226
-2813
2946
11750530
0
0
3
1218
-2804
2941
11751555
-4
2
3
1224
-2820
2939
11752580
-9
6
2
1218
-2833
2945
11753605
-7
9
1
1209
-2825
2963
11754630
2
7
3
1209
-2808
2966
11755655
5
3
5
1205
-2795
2965
11756680
2
-2
6
1204
-2800
2949
11757705
-2
-4
5
1206
-2808
2944
11758730
-1
-5
6
1201
-2809
2947
11759755
0
-5
7
1202
-2805
2958
11760780
1
-6
6
1210
-2811
2964
11761805
0
-5
6
1219
-2808
2965
11762830
0
-3
7
1219
-2804
2949
11763855
-2
-3
7
1219
-2826
2944
11756673
0
-3
2
1218
-2812
2948
11757698
-3
-4
0
1214
-2802
2952
11758723
-4
-4
3
1215
-2809
2961
11759748
-2
-5
5
1207
-2810
2956
11760773
2
-6
4
1204
-2828
2948
11761798
2
-6
4
1211
-2810
2951
11762823
-4
-4
4
1214
-2802
2945
11763848
-6
-2
4
1197
-2811
2955
11764873
-5
-3
3
1203
-2813
2958
11765898
0
-4
3
1208
-2819
2958
11766923
0
-6
4
1219
-2810
2956
11767948
-1
-7
4
1220
-2820
2960
11768973
0
-5
5
1222
-2818
2953
11769998
1
-3
6
1211
-2817
2952
11771023
1
-5
5
1214
-2803
2949
11772048
0
-7
4
1215
-2808
2943
11764864
1
-5
3
1214
-2815
2960
11765889
1
-4
5
1215
-2804
2958
11766914
-1
-5
7
1210
-2787
2958
11767939
-4
-4
4
1210
-2812
2967
11768964
-1
-2
3
1224
-2838
2959
11769989
0
-1
3
1215
-2824
2940
11771014
-3
-3
2
1203
-2812
2946
11772039
-5
-3
3
1199
-2805
2961
11773064
-5
-4
3
1197
-2796
2974
11774089
-1
-5
3
1204
-2804
2962
11775114
-3
-7
5
1224
-2839
2942
11776139
-5
-3
2
1223
-2840
2951
11777164
-5
1
4
1215
-2823
2961
11778189
2
1
6
1203
-2799
2958
11779214
1
-1
7
1199
-2801
2955
11780239
1
-6
5
1216
-2799
2950
11773056
0
-10
7
1221
-2798
2946
11774081
2
-8
6
1211
-2811
2947
11775106
0
-5
6
1215
-2814
2948
11776131
0
-4
6
1222
-2819
2959
11777156
1
1
5
1221
-2814
2968
11778181
1
3
5
1212
-2812
2960
11779206
-1
4
5
1200
-2801
2947
11780231
-6
1
2
1207
-2808
2948
11781256
-6
-1
1
1207
-2817
2973
11782281
-1
-5
4
1207
-2812
2975
11783306
-1
-8
5
1205
-2797
2964
11784331
-2
-11
5
1197
-2819
2955
11785356
-3
-14
6
1206
-2818
2958
11786381
-3
-14
6
1216
-2821
2961
11787406
-3
-12
5
1210
-2807
2957
11788431
-5
-12
4
1209
-2811
2952
11781248
-3
-13
3
1213
-2818
2955
11782273
-3
-14
3
1223
-2827
2958
11783298
-4
-17
4
1221
-2817
2966
11784323
0
-18
4
1212
-2796
2966
11785348
2
-18
3
1212
-2800
2947
11786373
-3
-17
3
1217
-2831
2940
11787398
-3
-13
3
1219
-2828
2950
11788423
0
-10
2
1219
-2804
2946
11789448
-5
-7
0
1219
-2802
2950
11790473
-6
-8
-2
1210
-2812
2956
11791498
-3
-8
-1
1223
-2813
2956
11792523
-2
-7
1
1226
-2805
2957
11793548
-3
-9
2
1228
-2801
2952
11794573
-4
-11
4
1219
-2822
2957
11795598
-6
-11
3
1216
-2815
2952
11796623
