Device = VHR-0009
time_stamp = 1780038847605
sample_rate = 50
Data format = INT16
TYPE = 6-AXIS IMU RAW DATA
-19
-10
8
-684
-55
4226
3703937
1
-5
-4
-676
-16
4209
3704962
-30
-8
-5
-674
6
4214
3705987
-63
-16
1
-678
-27
4191
3707012
-42
-18
3
-684
-65
4218
3708037
11
-18
2
-669
-56
4212
3709062
40
-15
5
-655
-7
4219
3710087
20
-12
11
-667
22
4220
3711112
-24
-13
13
-660
-7
4215
3712137
-37
-9
10
-649
-60
4211
3713162
-6
-4
1
-651
-58
4210
3714187
36
0
-3
-667
-36
4214
3715212
49
1
-7
-680
19
4221
3716237
8
-2
-3
-676
37
4207
3717262
-27
-5
1
-680
-17
4201
3718287
-12
-7
-4
-696
-8
4194
3719312
-3
-9
-5
-683
-10
4218
3712128
0
-12
-5
-671
-10
4221
3713153
0
-8
-3
-665
9
4220
3714178
-21
-6
3
-667
-9
4210
3715203
-20
-5
7
-666
-51
4214
3716228
25
4
10
-654
-48
4231
3717253
42
12
5
-669
31
4216
3718278
3
12
2
-678
-6
4206
3719303
11
6
-1
-673
-47
4193
3720328
44
6
-2
-686
39
4198
3721353
8
-5
7
-678
40
4189
3722378
-15
-17
15
-637
-16
4202
3723403
10
-17
18
-692
17
4200
3724428
-3
-23
23
-719
17
4216
3725453
-19
-28
24
-699
-43
4205
3726478
1
-25
19
-667
-12
4228
3727503
11
6
-1
-673
-47
4193
3720328
44
6
-2
-686
39
4198
3721353
8
-5
7
-678
40
4189
3722378
-15
-17
15
-637
-16
4202
3723403
10
-17
18
-692
17
4200
3724428
-3
-23
23
-719
17
4216
3725453
-19
-28
24
-699
-43
4205
3726478
1
-25
19
-667
-12
4228
3727503
-11
-18
17
-636
-13
4241
3720320
-7
-7
16
-624
-55
4241
3721345
19
8
14
-650
-18
4236
3722370
1
13
11
-671
33
4217
3723395
-36
15
10
-682
-11
4211
3724420
-16
14
4
-678
-54
4215
3725445
27
14
-1
-679
9
4201
3726470
22
13
3
-696
43
4208
3727495
-9
4
4
-698
-6
4203
3728520
8
-9
-13
-682
-33
4221
3729545
40
-24
-32
-697
-34
4276
3730570
93
-52
-40
-618
-24
4390
3731595
224
-73
-39
-371
36
4558
3732620
486
-44
-38
104
-73
4964
3733645
810
78
31
580
-332
5384
3734670
1001
274
78
691
92
5430
3735695
620
429
156
667
537
4933
3728512
-317
349
163
1691
769
4412
3729537
-987
409
242
1742
236
4297
3730562
-302
622
522
-129
-888
4628
3731587
515
236
46
992
-332
4529
3732612
757
303
155
982
45
4338
3733637
526
255
242
177
456
3983
3734662
113
99
344
-128
-83
4264
3735687
196
12
254
-557
-467
4269
3736712
628
-30
29
-1202
-141
3860
3737737
803
-152
-99
-1819
318
3510
3738762
671
-327
-211
-2176
757
3583
3739787
274
-475
-315
-2585
923
3656
3740812
-153
-575
-409
-3015
716
3534
3741837
-273
-601
-466
-3133
536
3522
3742862
-93
-513
-461
-3084
494
3551
3743887
187
-307
-404
-3142
647
3626
3736833
328
-82
-273
-3128
838
3716
3737858
223
123
-95
-3064
1067
3563
3738883
21
302
82
-3012
959
3368
3739908
-49
426
246
-2815
651
3425
3740933
100
536
364
-2550
524
3671
3741958
263
656
477
-2331
457
3990
3742983
335
793
557
-2290
633
4003
3744008
256
921
611
-2508
1030
3689
3745033
-7
946
656
-2789
1325
3419
3746058
-228
839
619
-2936
1295
3432
3747083
-240
687
555
-2546
513
4137
3748108
-17
568
463
-2393
548
4108
3749133
58
431
308
-2618
1266
3786
3750158
-384
103
257
-2405
1268
3367
3751183
-588
-265
95
-1940
767
3317
3752208
-310
-541
-183
-1195
77
4222
3744897
14
-774
-386
-278
-34
4457
3745922
178
-991
-631
103
1017
3844
3746947
-257
-1283
-755
818
1307
3663
3747972
-706
-1456
-770
2192
138
4440
3748997
-481
-1335
-772
3606
-877
5286
3750022
63
-896
-663
3996
-243
4921
3751047
241
-454
-476
3432
470
4406
3752072
1
-149
-176
3044
211
4344
3753097
-111
83
26
2887
30
4279
3754122
41
309
136
2508
208
4212
3755147
205
479
233
2452
44
4439
3756172
462
636
263
2543
-19
4363
3757197
647
826
225
2007
500
4046
3758222
404
905
234
1505
520
4494
3759247
-108
858
284
1472
-38
5059
3760272
-341
844
245
1126
-283
4890
3753088
-236
809
123
216
-106
4168
3754113
-146
691
-77
-469
-74
4321
3755138
-326
501
-237
-881
-300
4633
3756163
-558
246
-439
-1969
66
3801
3757188
-599
-97
-645
-3178
409
3368
3758213
-416
-504
-798
-3676
52
3641
3759238
-127
-885
-1031
-4098
562
3540
3760263
-289
-1164
-1278
-4576
1190
3677
3761288
-874
-1310
-1427
-4391
1082
4024
3762313
-1084
-1210
-1357
-3931
280
4195
3763338
-711
-961
-1067
-3863
-276
4138
3764363
-95
-611
-706
-3840
127
4022
3765388
221
-220
-277
-3644
613
4021
3766413
159
159
190
-3619
724
3878
3767438
73
400
555
-3356
274
3754
3768463
354
592
783
-3128
97
3733
3761279
675
767
911
-3116
533
3780
3762304
541
852
1065
-3161
824
3680
3763329
125
833
1211
-3278
707
3591
3764354
-102
753
1258
-3366
363
3664
3765379
85
665
1179
-3441
183
3699
3766404
371
518
1014
-3354
327
3545
3767429
404
233
765
-2965
505
3591
3768454
295
-92
499
-2156
35
4476
3769479
132
-342
270
-1040
-557
5021
3770504
151
-467
-29
-391
-429
4547
3771529
365
-526
-308
-175
-286
3944
3772554
520
-703
-531
110
-324
3648
3773579
551
-972
-755
751
57
4139
3774604
110
-1186
-937
1921
692
4716
3775629
-737
-1315
-947
2840
838
4013
3776654
-1102
-1282
-687
3320
99
3555
3769472
-588
-1050
-386
3578
-934
4291
3770497
309
-731
-274
3781
-542
4744
3771522
676
-341
-147
3681
803
4527
3772547
319
17
199
3285
682
4294
3773572
164
295
456
2686
292
4083
3774597
403
507
490
2271
290
4261
3775622
561
651
481
2301
231
4575
3776647
502
771
494
2290
407
4415
3777672
233
857
552
1602
782
3998
3778697
-85
819
605
967
353
4253
3779722
-165
696
609
763
-302
4598
3780747
-19
602
442
221
151
4429
3781772
-68
447
333
-545
466
4177
3782797
-271
202
213
-1012
184
4227
3783822
-380
-11
12
-1363
-132
4428
3784847
-390
-206
-254
-2045
-7
4168
3777664
-367
-428
-439
-2818
236
3949
3778689
-467
-725
-541
-3466
411
3728
3779714
-703
-983
-632
-3718
466
3901
3780739
-864
-1035
-645
-3901
565
4229
3781764
-952
-930
-559
-4153
705
4174
3782789
-1072
-783
-349
-3914
992
4091
3783814
-935
-459
-74
-3535
649
4334
3784839
-305
-14
188
-3465
248
4346
3785864
429
375
374
-3214
557
4278
3786889
738
680
514
-3062
977
4235
3787914
640
862
628
-2974
824
4208
3788939
516
958
723
-2842
459
4056
3789964
527
984
812
-2897
553
3703
3790989
544
944
872
-2843
562
3930
3792014
566
880
932
-2283
-207
4592
3793039
806
841
956
-1814
-383
4405
3785857
1054
828
848
-1926
536
3781
3786882
823
702
747
-2143
985
3314
3787907
370
421
534
-1995
801
3384
3788932
-152
73
283
-1299
332
4316
3789957
-724
-222
118
-570
-39
4387
3790982
-977
-505
-114
-373
297
3350
3792007
-830
-813
-319
164
84
3118
3793032
-224
-959
-533
1247
-665
4709
3794057
338
-907
-641
2590
-984
5591
3795082
534
-712
-674
3042
454
4690
3796107
-161
-505
-518
2695
1360
4041
3797132
-1025
-409
-233
2480
169
4355
3798157
-824
-272
-143
2734
-1124
4926
3799182
62
-39
-115
3098
-469
4618
3800207
555
297
3
2707
513
4146
3801232
387
482
248
2089
286
4188
3794048
284
527
339
1902
48
4422
3795073
376
585
351
2025
-192
4704
3796098
400
663
356
1826
103
4418
3797123
122
686
336
1174
427
4077
3798148
-216
655
295
814
-236
4610
3799173
16
679
167
758
-1169
5283
3800198
690
765
-88
313
-1008
4983
3801223
933
713
-417
-906
220
3728
3802248
394
459
-613
-2061
882
3679
3803273
-641
-4
-560
-2492
632
4260
3804298
-1519
-474
-561
-3024
562
3969
3805323
-1996
-848
-707
-3793
826
3382
3806348
-2199
-1154
-946
-3835
553
3488
3807373
-2024
-1339
-1119
-3653
23
3770
3808398
-1609
-1389
-1180
-3655
101
3900
3809423
-1128
-1250
-1184
-3675
357
4011
3802239
-613
-996
-1040
-3583
227
4217
3803264
-135
-702
-729
-3395
145
4376
3804289
207
-405
-336
-3111
198
4360
3805314
414
-69
55
-3064
144
4178
3806339
500
219
412
-3104
283
3944
3807364
405
434
699
-3120
406
3887
3808389
345
603
938
-3196
100
4015
3809414
538
753
1121
-3251
-255
3966
3810439
939
891
1173
-3248
127
3792
3811464
1176
1019
1119
-3406
781
4072
3812489
835
1099
993
-3817
844
4125
3813514
-2
975
832
-3721
595
3964
3814539
-604
664
629
-3056
94
3692
3815564
-282
341
284
-2562
-745
3764
3816589
407
29
-182
-1747
-1020
4216
3817614
558
-291
-586
-848
-265
4358
3810432
160
-649
-832
-149
39
4229
3811457
-118
-1029
-1017
727
-512
3966
3812482
92
-1287
-1290
1740
-609
4055
3813507
166
-1383
-1356
2908
-577
5003
3814532
-185
-1361
-1194
4070
-332
5200
3815557
-398
-1134
-903
4127
-143
4312
3816582
-362
-858
-557
3390
-279
3735
3817607
27
-645
-290
3083
-500
4009
3818632
590
-428
-152
3118
-298
4274
3819657
880
-154
37
3232
271
4248
3820682
803
140
224
3149
443
4070
3821707
524
411
432
2829
209
4072
3822732
407
612
609
2951
-358
4370
3823757
550
814
717
2917
-331
4237
3824782
686
1019
774
2294
-46
4146
3825807
686
1119
759
1864
-185
4407
3818624
609
1159
666
1549
-227
4361
3819649
394
1193
502
989
-263
4344
3820674
45
1147
285
-51
-276
4160
3821699
-215
985
-23
-973
-161
3937
3822724
-479
674
-413
-1327
-257
3970
3823749
-873
461
-751
-2004
-325
4177
3824774
-1265
368
-1005
-3457
7
3941
3825799
-1425
165
-1226
-4550
177
3351
3826824
-1283
-156
-1299
-4259
-191
3394
3827849
-899
-416
-1340
-3896
29
3486
3828874
-407
-463
-1314
-4722
731
3821
3829899
-149
-549
-1101
-5152
1030
3907
3830924
-137
-624
-766
-4659
796
3981
3831949
-86
-553
-379
-4136
576
3909
3832974
87
-360
-7
-3957
362
3741
3833999
332
-124
276
-3893
168
3718
3826817
481
77
448
-3663
227
3615
3827842
430
186
568
-3339
125
3598
3828867
282
263
683
-3455
155
3525
3829892
-13
239
772
-3729
324
3326
3830917
-363
97
834
-3524
16
3374
3831942
-367
-53
842
-3288
-533
3611
3832967
-43
-176
803
-3038
-734
4008
3833992
240
-299
701
-2646
-687
3979
3835017
159
-422
507
-2349
-425
3857
3836042
-211
-532
354
-2088
-411
4349
3837067
-217
-682
260
-1787
-1100
4803
3838092
466
-811
-42
-949
-1574
4850
3839117
995
-889
-523
-105
-784
4190
3840142
614
-1077
-810
622
-4
3925
3841167
-189
-1346
-892
1860
-333
4274
3842192
-235
-1465
-1101
3039
-801
4250
3835008
308
-1356
-1195
3451
-757
3923
3836033
449
-1263
-1092
3307
252
3638
3837058
-124
-1337
-874
3782
1161
3124
3838083
-587
-1142
-462
4240
591
3427
3839108
-331
-721
-19
3735
-287
3998
3840133
451
-355
207
3509
153
3959
3841158
1116
55
369
3597
830
3742
3842183
1228
458
588
3448
793
3811
3843208
980
759
775
3461
601
4101
3844233
628
1020
898
3408
623
4074
3845258
427
1243
921
2816
356
3721
3846283
588
1363
772
1963
-89
3621
3847308
887
1353
522
1086
-35
3923
3848333
937
1251
292
951
259
4553
3849358
605
1111
149
1222
335
4397
3850383
-61
1028
73
471
576
3813
3843200
-797
827
101
-310
71
3997
3844225
-872
517
125
-312
-820
4631
3845250
-227
323
-39
-418
-593
4824
3846275
89
197
-261
-1476
120
4159
3847300
-364
-56
-483
-2615
573
3630
3848325
-947
-449
-538
-2750
-5
4325
3849350
-802
-732
-639
-2481
-447
4944
3850375
-297
-733
-879
-3294
206
4425
3851400
-498
-710
-1125
-4408
1148
3900
3852425
-1226
-752
-1116
-4106
563
4242
3853450
-1361
-682
-919
-3242
-85
4549
3854475
-697
-416
-727
-3092
-276
4483
3855500
-28
-138
-523
-3428
134
4204
3856525
77
73
-184
-3537
968
4099
3857550
-299
224
249
-3376
884
4183
3858575
-512
356
638
-3239
43
4148
3851391
-175
484
841
-3090
-224
3989
3852416
300
628
941
-3076
-3
4099
3853441
375
730
1028
-3291
188
4127
3854466
56
715
1126
-3080
138
4023
3855491
-83
707
1211
-2962
-75
4158
3856516
104
762
1175
-3393
-303
4290
3857541
245
756
923
-3406
-97
4019
3858566
325
608
691
-3140
-444
3625
3859591
577
391
446
-2910
-559
4036
3860616
686
190
71
-2148
-161
4543
3861641
324
-4
-283
-1379
-321
4458
3862666
12
-375
-506
-833
-544
4071
3863691
218
-810
-760
-19
-400
4025
3864716
509
-1165
-1155
1129
224
3766
3865741
222
-1498
-1400
2778
696
3860
3866766
-428
-1630
-1104
4060
-317
4659
3859584
-471
-1586
-742
4527
-902
4427
3860609
183
-1314
-598
4024
95
3839
3861634
419
-1020
-383
3353
958
3444
3862659
214
-804
-85
3145
677
3328
3863684
353
-544
116
3386
418
3678
3864709
683
-163
266
3422
582
3824
3865734
773
217
373
3098
686
3680
3866759
611
510
477
2866
680
3792
3867784
341
708
558
2906
658
3781
3868809
121
909
624
2945
290
4008
3869834
1
1065
694
2692
57
4199
3870859
-115
1195
636
2012
527
4114
3871884
-187
1240
420
1440
351
4035
3872909
-41
1188
218
790
-377
4402
3873934
220
1101
33
335
-232
4915
3874959
263
977
-184
33
95
4876
3867776
28
801
-292
-795
-34
4513
3868801
-384
484
-395
-2071
-266
4031
3869826
-625
103
-507
-3046
-527
4200
3870851
-463
-256
-584
-3009
-605
4557
3871876
-146
-518
-700
-2751
-353
4172
3872901
-81
-684
-751
-3142
184
3713
3873926
-490
-857
-783
-3559
375
4041
3874951
-878
-884
-817
-3735
58
4281
3875976
-759
-763
-811
-3461
-318
3959
3877001
-326
-556
-730
-3257
-100
3751
3878026
-91
-336
-553
-3212
354
4153
3879051
-128
-126
-214
-3349
97
4471
3880076
-106
86
122
-3391
-22
4361
3881101
10
305
395
-3169
343
4009
3882126
42
484
634
-3123
530
3616
3883151
-46
566
856
-3140
511
3726
3875994
-216
570
1054
-3024
342
4028
3877019
-252
576
1167
-2816
27
4181
3878044
-29
626
1258
-2722
-353
4136
3879069
362
658
1270
-2852
52
3860
3880094
532
639
1228
-2959
676
3774
3881119
275
559
1197
-3087
453
4056
3882144
64
431
1134
-2946
-125
4446
3883169
197
312
985
-2715
-199
4508
3884194
391
175
740
-2383
-118
4274
3885219
417
-23
417
-2166
78
3830
3886244
297
-323
168
-2000
232
3442
3887269
402
-667
-33
-1543
-208
3968
3888294
748
-1010
-291
-555
-456
4560
3889319
1000
-1252
-565
323
-114
4307
3890344
739
-1537
-865
618
674
3344
3891369
88
-1862
-1043
1792
539
3464
3884160
-262
-2008
-1114
3397
-488
4149
3885185
-29
-1835
-1192
4172
-225
4208
3886210
-28
-1563
-1051
3847
646
3847
3887235
-431
-1374
-788
3839
923
3460
3888260
-630
-1023
-394
3871
590
3425
3889285
-351
-577
-30
3361
212
3649
3890310
308
-166
163
3294
457
3769
3891335
742
277
329
3280
949
3673
3892360
614
667
544
3035
1073
3729
3893385
170
917
758
3030
865
3938
3894410
-211
1133
899
3115
661
3919
3895435
-336
1357
985
2867
182
3721
3896460
-113
1524
955
2289
-339
3870
3897485
248
1631
754
1710
-241
4255
3898510
361
1683
537
1122
23
4418
3899535
-26
1594
347
561
201
4114
3892352
-637
1419
255
-43
-74
3909
3893377
-918
1192
165
-665
-552
4065
3894402
-752
936
-6
-1035
-581
4316
3895427
-453
730
-189
-1539
-560
4373
3896452
-272
547
-405
-2349
-492
3992
3897477
-234
284
-622
-3010
-86
3662
3898502
-354
-11
-816
-3354
238
3799
3899527
-370
-217
-954
-3789
238
3843
3900552
-226
-399
-1033
-4231
374
3447
3901577
-380
-658
-1032
-4083
746
3363
3902602
-903
-876
-830
-3850
739
3645
3903627
-1017
-896
-494
-4136
540
4160
3904652
-452
-788
-159
-4179
44
4261
3905677
286
-656
122
-3888
300
3888
3906702
500
-430
339
-3464
1071
3958
3907727
96
-172
574
-3253
893
4301
3900545
-155
47
726
-3215
202
4263
3901570
92
238
779
-3163
-162
3880
3902595
533
385
779
-3220
218
3500
3903620
668
411
786
-3309
578
3513
3904645
494
319
809
-3011
267
4334
3905670
351
253
870
-2654
-19
4732
3906695
364
239
827
-2858
198
4071
3907720
308
141
762
-2856
329
3612
3908745
206
-17
633
-2681
339
3762
3909770
1
-210
374
-2200
88
4372
3910795
-259
-430
137
-1388
-590
4544
3911820
2
-679
-152
-988
-523
3834
3912845
458
-1007
-512
-447
24
3460
3913870
487
-1386
-765
880
-28
3755
3914895
274
-1637
-987
2288
-211
4311
3915920
-76
-1747
-1087
3162
-256
4308
3908736
-349
-1772
-1096
3579
39
3877
3909761
-587
-1783
-1055
3586
593
3445
3910786
-898
-1695
-969
3809
618
3303
3911811
-1028
-1444
-670
4079
-267
3625
3912836
-392
-1028
-336
4190
-567
4108
3913861
591
-458
-112
3981
78
4273
3914886
1190
75
182
3448
313
4021
3915911
1191
496
396
3006
685
4050
3916936
736
811
526
2889
795
4271
3917961
261
1044
623
2778
448
4269
3918986
134
1229
589
2483
184
4032
3920011
129
1320
449
2133
160
3678
3921036
-166
1327
284
1664
282
3609
3922061
-616
1289
177
1250
-171
3864
3923086
-785
1211
113
1047
-787
4191
3924111
-689
1155
4
973
-610
4251
3916927
-682
1156
-75
343
-237
4099
3917952
-722
1162
-151
-574
-747
4419
3918977
-578
997
-262
-907
-1147
4346
3920002
-267
828
-466
-1315
-590
4111
3921027
-177
687
-619
-1958
-193
4367
3922052
-235
546
-752
-2800
5
4296
3923077
-310
333
-909
-3277
-61
4131
3924102
-355
88
-1000
-3594
-101
3840
3925127
-351
-126
-1012
-4215
62
3686
3926152
-312
-287
-854
-4681
78
3677
3927177
-294
-455
-554
-4506
36
3460
3928202
-233
-515
-143
-4121
-68
3577
3929227
109
-399
303
-4023
-212
3905
3930252
536
-209
650
-4050
223
3786
3931277
515
-33
884
-3749
472
3731
3932302
207
115
1024
-3459
334
3948
3925121
63
242
1123
-3561
109
4191
3926146
62
319
1201
-3632
10
4174
3927171
84
356
1246
-3419
141
3894
3928196
17
342
1262
-3333
275
3800
3929221
-65
208
1314
-3386
-175
4103
3930246
228
49
1364
-3308
-639
4294
3931271
808
-131
1216
-2759
-501
4123
3932296
1240
-369
838
-2208
-269
3769
3933321
1307
-665
391
-1702
-98
3867
3934346
884
-1016
53
-282
-279
4535
3935371
453
-1276
-208
1226
-405
4382
3936396
399
-1304
-558
1620
-436
3688
3937421
416
-1413
-823
1556
-311
3423
3938446
407
-1567
-1097
2227
324
3704
3939471
141
-1666
-1276
3483
1007
3829
3940496
-517
-1593
-1133
4184
1111
3599
3933312
-1237
-1358
-746
4161
227
3692
3934337
-1193
-1094
-453
4325
-385
3876
3935362
-285
-610
-291
4411
262
3757
3936387
289
-20
-38
4046
640
3674
3937412
258
464
304
3649
366
3959
3938437
167
794
558
3542
406
4029
3939462
186
1104
701
3455
563
3977
3940487
237
1379
756
3267
380
3840
3941512
243
1568
712
2822
116
3745
3942537
113
1611
645
2211
-43
3936
3943562
-69
1534
627
1752
-246
4291
3944587
-214
1391
551
1406
-223
4359
3945612
-471
1219
448
1071
-662
4329
3946637
-647
960
406
56
-1071
4001
3947662
-460
602
251
-1131
-826
4146
3948687
-153
190
70
-1899
-715
4417
3941503
78
-76
-278
-2863
-263
4464
3942528
-57
-272
-703
-3869
226
4335
3943553
-466
-541
-1026
-4179
458
4064
3944578
-855
-802
-1130
-4044
665
4031
3945603
-1288
-901
-1114
-4305
928
4299
3946628
-1419
-809
-1116
-4451
782
4388
3947653
-925
-580
-1063
-4466
349
4169
3948678
-325
-363
-799
-4230
877
3974
3949703
-162
-148
-318
-4073
1304
3848
3950728
12
60
199
-3970
801
3952
3951753
498
181
606
-3519
224
4085
3952778
1036
295
799
-3007
300
4248
3953803
1227
449
846
-2986
427
4151
3954828
988
530
824
-3161
735
3893
3955853
382
484
844
-3262
868
3810
3956878
2
371
841
-3165
207
3978
3949697
212
300
749
-2682
-700
4754
3950722
459
295
552
-2368
-382
4839
3951747
202
232
378
-2388
164
4027
3952772
-189
-11
273
-1977
-316
3607
3953797
-31
-290
49
-1407
-1016
3953
3954822
425
-502
-328
-500
-699
4435
3955847
551
-728
-615
407
-327
4583
3956872
376
-967
-815
1096
-163
4206
3957897
60
-1196
-976
1796
35
3608
3958922
-299
-1368
-1019
2662
-270
3676
3959947
-259
-1354
-1046
3473
-471
4091
3960972
-5
-1172
-1050
4011
-161
4420
3961997
-41
-911
-855
3932
265
4139
3963022
-392
-657
-507
3857
607
3755
3964047
-740
-371
-25
3906
66
3791
3965072
-462
-28
319
3527
-329
3703
3957889
350
287
487
3132
-179
3792
3958914
1026
508
624
3084
226
3945
3959939
1206
714
744
3206
579
4038
3960964
899
917
865
3037
729
3827
3961989
518
1075
925
2627
256
3926
3963014
482
1152
862
2170
-111
4153
3964039
723
1184
703
1781
153
4080
3965064
732
1201
529
1328
130
4201
3966089
395
1126
491
1089
-493
4721
3967114
-14
977
502
607
-366
4719
3968139
-455
749
281
-576
485
3769
3969164
-621
482
74
-1475
-156
3750
3970189
-374
127
-194
-1898
-564
4111
3971214
-103
-272
-557
-2179
148
4229
3972239
-208
-598
-772
-2831
333
4566
3973264
-506
-894
-1014
-3523
340
4361
3966079
-938
-1113
-1293
-3799
811
3822
3967104
-1361
-1198
-1373
-3718
1072
3868
3968129
-1343
-1116
-1284
-3866
347
4161
3969154
-800
-850
-1300
-4378
-40
4142
3970179
-296
-483
-1313
-4386
546
4033
3971204
-370
-152
-1067
-3916
1287
3760
3972229
-723
156
-626
-3535
792
3721
3973254
-780
452
-150
-3538
-24
4045
3974279
-470
719
231
-3417
-6
4130
3975304
-126
904
534
-3302
262
3868
3976329
101
996
814
-3341
149
4026
3977354
176
972
993
-3437
238
4150
3978379
37
869
1016
-3317
575
4201
3979404
-253
705
1010
-3258
291
4228
3980429
-287
437
969
-3077
-144
4369
3981454
-63
140
761
-2576
-424
4548
3974272
99
-130
434
-2243
-456
4464
3975297
100
-442
139
-1910
-110
4263
3976322
-11
-858
-50
-1129
-310
4161
3977347
131
-1198
-303
33
-1012
4536
3978372
539
-1366
-646
1255
-1280
4910
3979397
758
-1395
-920
1718
-820
4778
3980422
535
-1516
-1118
2140
-109
4376
3981447
95
-1684
-1259
2965
128
3577
3982472
-244
-1729
-1353
3878
13
3113
3983497
-522
-1556
-1134
4647
-445
3724
3984522
-697
-1194
-794
4669
-614
4196
3985547
-481
-750
-517
4465
-489
3935
3986572
37
-243
-161
3992
-209
3534
3987597
348
154
236
3538
260
3189
3988622
363
449
573
3224
466
3365
3989647
340
710
820
3219
25
3757
3982465
602
986
882
3227
-21
3681
3983490
798
1223
891
2844
300
3558
3984515
697
1298
899
2500
381
3709
3985540
569
1316
886
2411
271
3887
3986565
532
1365
821
2098
-53
3945
3987590
474
1363
681
1369
-360
3931
3988615
236
1231
566
759
-578
4191
3989640
-109
992
500
358
-486
4295
3990665
-413
769
391
109
-556
4336
3991690
-536
630
305
-595
-1047
4231
3992715
-265
491
48
-1879
-1014
3910
3993740
77
251
-273
-2658
-541
4111
3994765
84
-43
-480
-2394
-583
4764
3995790
-115
-240
-635
-2521
-412
4556
3996815
-382
-380
-730
-3464
358
4016
3997840
-820
-653
-678
-3893
699
4019
3990657
-1165
-902
-606
-3707
675
4545
3991682
-1165
-907
-603
-3818
870
4795
3992707
-1131
-751
-527
-4234
1070
4493
3993732
-1158
-564
-308
-4287
963
4082
3994757
-880
-317
38
-3786
280
3823
3995782
62
84
373
-3390
-124
3983
3996807
1012
486
628
-3255
179
4099
3997832
1205
754
797
-3248
536
4053
3998857
854
907
946
-3179
406
3960
3999882
642
972
1030
-3172
69
3450
4000907
729
961
1033
-3006
-144
3337
4001932
786
939
1003
-2757
-98
3990
4002957
525
946
870
-2800
87
4385
4003982
76
900
675
-2904
183
4088
4005007
-101
699
482
-2820
-233
3500
4006032
257
458
212
-2518
-491
4126
3998848
453
272
-94
-1888
-85
5241
3999873
119
29
-296
-1538
115
4951
4000898
-238
-392
-506
-1189
178
3677
4001923
-253
-885
-778
-148
-130
3582
4002948
-88
-1205
-1009
1361
-753
4783
4003973
-170
-1394
-1139
2664
-287
5089
4004998
-574
-1510
-1178
3359
269
4465
4006023
-762
-1458
-1057
3885
-274
4075
4007048
-517
-1283
-947
4181
-537
3842
4008073
-271
-1066
-650
4272
-408
3830
4009098
-68
-705
-158
4183
-342
4217
4010123
354
-290
184
3874
-459
4147
4011148
903
112
353
3296
-60
3859
4012173
1075
418
542
2972
249
4073
4013198
847
604
710
3077
250
4162
4014223
613
820
780
2857
380
4033
4007039
389
1008
782
2480
119
4074
4008064
199
1092
682
2309
-161
4338
4009089
22
1158
573
2115
-160
4525
4010114
-83
1200
434
1479
-318
4482
4011139
-91
1147
334
521
-739
4351
4012164
93
961
98
-511
-578
4227
4013189
87
650
-91
-1619
-418
4020
4014214
-158
234
-295
-2714
-289
3870
4015239
-479
-252
-499
-3582
-264
3750
4016264
-552
-700
-782
-4128
-192
3752
4017289
-381
-1036
-1079
-4518
114
3760
4018314
-371
-1224
-1231
-4630
529
4173
4019339
-677
-1217
-1250
-4621
849
4432
4020364
-1022
-1013
-1098
-4519
567
4075
4021389
-831
-698
-836
-4188
124
4020
4022414
-224
-354
-498
-3798
227
4132
4015232
285
-1
-87
-3479
335
4209
4016257
503
302
277
-3231
351
4024
4017282
524
547
501
-3039
413
3841
4018307
458
702
668
-2948
236
3762
4019332
473
801
767
-2949
162
3715
4020357
396
845
835
-3007
150
3668
4021382
130
810
872
-3048
276
3756
4022407
-216
719
856
-3173
289
3934
4023432
-440
629
748
-3122
-167
4135
4024457
-314
501
590
-2929
-629
4116
4025482
104
337
329
-2743
-218
4096
4026507
210
125
172
-2489
150
4558
4027532
-303
-143
13
-1816
189
4780
4028557
-922
-380
-258
-1225
22
4262
4029582
-1246
-655
-545
-850
-423
4038
4030607
-1325
-982
-824
285
-963
4765
4023424
-1378
-1151
-1105
2011
-1222
4855
4024449
-1466
-1110
-1225
3154
-803
4304
4025474
-1588
-1014
-1102
3435
-879
3793
4026499
-1044
-808
-947
3487
-1863
3773
4027524
256
-543
-829
3533
-2061
4250
4028549
1193
-322
-701
3480
-511
4009
4029574
951
-148
-316
3349
347
3710
4030599
408
-7
163
3233
-443
3704
4031624
608
202
392
3000
-876
3755
4032649
1184
419
485
2767
-649
3814
4033674
1528
571
541
2714
-222
3752
4034699
1613
678
582
2713
-4
3574
4035724
1607
778
603
2519
49
3567
4036749
1477
827
663
1886
-457
3942
4037774
1439
735
675
1415
-614
4363
4038799
1427
614
604
1397
-109
4425
4031617
1154
564
605
805
-274
4425
4032642
996
410
555
-77
-812
4388
4033667
1070
192
254
-1164
-385
4305
4034692
893
-134
-101
-1988
550
4472
4035717
330
-500
-348
-2377
1029
4502
4036742
-315
-815
-536
-2940
812
4667
4037767
-859
-1091
-864
-3616
1010
4486
4038792
-1163
-1226
-1184
-3701
968
4432
4039817
-1128
-1136
-1328
-3942
712
4564
4040842
-964
-920
-1281
-4277
830
4668
4041867
-1149
-701
-1020
-4319
935
4462
4042892
-1220
-436
-634
-4027
718
4455
4043917
-746
-103
-132
-3774
189
4633
4044942
0
238
334
-3625
245
4536
4045967
453
550
629
-3299
642
4115
4046992
482
801
860
-3065
594
3942
4039808
460
969
1034
-3123
586
3875
4040833
407
1010
1161
-3421
382
3715
4041858
382
959
1207
-3421
343
3414
4042883
470
879
1159
-3332
674
3273
4043908
360
742
1185
-3137
276
4135
4044933
113
573
1153
-2808
-200
4517
4045958
-58
450
930
-2701
-133
4146
4046983
-81
237
724
-2557
87
3588
4048008
268
-92
498
-2158
-57
3366
4049033
875
-426
82
-1219
-18
3768
4050058
1136
-680
-366
-37
232
4475
4051083
745
-921
-701
504
699
4521
4052108
40
-1244
-957
1221
608
4168
4053133
-473
-1591
-1170
2569
147
3658
4054158
-438
-1663
-1348
4014
291
3642
4055183
-486
-1348
-1320
4409
670
4611
4048000
-817
-1096
-1006
4099
56
4747
4049025
-863
-884
-627
4037
-262
4221
4050050
-660
-609
-314
3923
540
3567
4051075
-480
-257
100
3500
471
3551
4052100
41
79
404
3034
-193
3937
4053125
955
362
420
2840
210
4052
4054150
1411
620
432
2919
820
4114
4055175
1167
836
579
3029
741
4263
4056200
598
967
725
2809
860
4019
4057225
-99
1015
866
2251
652
4036
4058250
-427
993
968
2067
-413
4603
4059275
-290
995
941
2373
-772
5223
4060300
-448
1137
950
1905
-226
4923
4061325
-770
1243
824
-149
319
3772
4062350
-834
1080
557
-1369
-104
3701
4063375
-606
754
311
-1757
-851
3799
4056191
-29
517
-178
-2575
-377
3809
4057216
344
262
-532
-3707
684
3578
4058241
111
-163
-662
-3867
1227
3564
4059266
-411
-451
-748
-3604
1110
4103
4060291
-681
-522
-945
-3878
759
3943
4061316
-458
-497
-1103
-4179
909
3506
4062341
-168
-470
-1091
-4079
1202
3577
4063366
-126
-384
-953
-4014
1165
4137
4064391
-257
-192
-698
-4177
1025
4154
4065416
-288
-8
-364
-4193
693
3764
4066441
-72
143
-1
-4033
447
3552
4067466
237
256
356
-3818
383
3634
4068491
386
347
627
-3725
376
3712
4069516
279
399
777
-3623
619
3628
4070541
40
423
863
-3609
664
3529
4071566
-32
371
919
-3522
292
3639
4064384
71
290
887
-3291
327
3822
4065409
0
212
718
-3009
560
3851
4066434
-240
88
606
-2756
88
4023
4067459
-262
-130
553
-2201
-468
4390
4068484
47
-384
374
-1365
-707
4264
4069509
481
-604
54
-898
-615
3927
4070534
696
-848
-362
-405
164
3760
4071559
323
-1176
-749
961
508
4138
4072584
-212
-1408
-784
2993
-691
4951
4073609
-60
-1343
-754
3685
-1224
4631
4074634
540
-1060
-761
3078
-546
4550
4075659
633
-1051
-719
2955
513
4265
4076684
257
-1051
-698
3124
1303
3577
4077709
-290
-907
-611
3260
1374
3600
4078734
-801
-689
-270
3529
334
4500
4079759
-678
-431
-27
3639
3
4440
4072576
117
-41
84
3423
224
3989
4073601
700
350
186
3027
538
4007
4074626
704
622
274
2841
736
4189
4075651
368
826
416
2955
449
4453
4076676
84
994
590
2769
136
4197
4077701
9
1086
685
2080
-79
3775
4078726
62
1088
619
1551
-244
3953
4079751
172
1071
563
1070
-421
4237
4080776
286
934
644
438
-251
3973
4081801
337
679
640
32
155
3840
4082826
336
506
539
15
80
4343
4083851
226
406
400
-514
13
4461
4084876
-46
245
148
-1343
221
4316
4085901
-407
-56
-131
-1726
-200
3876
4086926
-341
-271
-448
-2125
-139
3834
4087951
-73
-367
-639
-2435
627
4215
4080768
-232
-529
-772
-2671
711
4297
4081793
-550
-717
-915
-2821
440
4300
4082818
-651
-800
-1064
-2982
621
4527
4083843
-661
-728
-1075
-3463
1166
4690
4084868
-858
-626
-953
-3910
1219
4555
4085893
-932
-443
-836
-4132
849
4300
4086918
-553
-146
-671
-3989
855
4125
4087943
-20
194
-272
-3813
765
4058
4088968
247
464
193
-3807
772
3874
4089993
244
647
558
-3608
714
3524
4091018
312
815
818
-3419
373
3325
4092043
496
923
980
-3441
322
3389
4093068
385
949
1037
-3629
489
3445
4094093
-2
923
993
-3711
377
3252
4095118
-352
820
875
-3500
89
3364
4096143
-560
715
747
-3093
-237
3939
4089206
-687
602
633
-2549
-666
4367
4090231
-437
416
348
-2007
-974
4243
4091256
145
215
-126
-1907
-343
4312
4092281
2
-169
-496
-1306
524
4837
4093306
-893
-761
-633
563
528
5151
4094331
-1569
-1295
-974
2081
-254
4584
4095356
-321
-893
-487
913
-1930
4871
4096381
866
-1308
-769
2395
-162
4763
4097406
668
-1567
-932
4123
943
4768
4098431
-123
-1501
-667
4981
521
4331
4099456
-291
-1043
-203
4436
-579
4144
4100481
304
-632
105
3626
-1115
4025
4101506
1277
-257
127
3126
-38
3998
4102531
1424
56
104
3134
838
3889
4103556
885
269
259
3091
519
3673
4104581
513
475
407
2857
341
3792
4097152
263
611
577
2968
-83
3945
4098177
313
760
686
2697
-229
3670
4099202
466
881
713
2257
-326
3865
4100227
380
899
718
1963
-209
4164
4101252
228
950
663
1268
227
4134
4102277
16
935
627
796
-232
4388
4103302
-105
837
521
368
-656
4543
4104327
-250
699
273
-735
-70
4066
4105352
-618
447
3
-1682
13
4012
4106377
-803
136
-293
-1882
-570
4403
4107402
-610
-110
-639
-2191
-445
4153
4108427
-545
-326
-942
-3076
342
3944
4109452
-789
-618
-995
-3558
357
4273
4110477
-794
-837
-1042
-3589
70
4531
4111502
-518
-877
-1167
-3676
532
4347
4112527
-513
-822
-1174
-3769
1257
4251
4105344
-765
-735
-966
-3975
1203
4417
4106369
-798
-589
-700
-3956
912
4600
4107394
-459
-304
-382
-3869
735
4425
4108419
41
33
-16
-3768
1048
4064
4109444
395
304
354
-3480
943
4079
4110469
562
533
703
-3414
461
4176
4111494
714
762
910
-3518
558
4084
4112519
812
925
1044
-3619
535
3747
4113544
955
974
1191
-3879
541
3671
4114569
777
905
1309
-3824
731
4006
4115594
214
763
1342
-3575
285
3867
4116619
232
640
1259
-3481
-359
3385
4117644
788
411
1161
-3512
-228
3499
4118669
798
-20
965
-2766
116
3852
4119694
375
-420
575
-1618
120
3940
4120719
277
-712
38
-690
-550
4461
4113536
407
-1004
-496
761
-805
5045
4114561
118
-1163
-849
2247
-522
4899
4115586
-498
-1119
-947
2694
-163
4342
4116611
-980
-1122
-972
2855
-200
4045
4117636
-754
-1203
-1097
3258
-610
3941
4118661
-178
-1171
-1184
4074
-219
3757
4119686
-235
-924
-793
4430
52
4179
4120711
-790
-654
-274
4098
-190
4310
4121736
-799
-405
114
3753
-362
4022
4122761
-175
-101
351
3322
-222
3892
4123786
464
159
457
2892
238
3617
4124811
792
362
493
2820
528
3713
4125836
877
589
539
3223
171
4225
4126861
863
861
574
3184
217
4156
4127886
639
1056
610
2547
318
3844
4128911
458
1082
656
2180
-380
4013
4121728
778
1084
619
2249
-894
4473
4122753
1035
1140
452
1690
-194
4470
4123778
396
1110
339
194
474
4193
4124803
-701
810
293
-1026
167
3840
4125828
-1283
365
213
-1343
-460
3834
4126853
-1122
25
78
-1844
-486
4022
4127878
-690
-251
-123
-2914
25
3886
4128903
-354
-595
-265
-3677
671
3845
4129928
-472
-962
-294
-3917
1332
4162
4130953
-792
-1195
-342
-3971
1710
4370
4131978
-880
-1225
-382
-4152
1519
4597
4133003
-901
-1207
-396
-4117
1739
4854
4134028
-1210
-1065
-258
-3817
1764
5018
4135053
-1276
-716
-55
-3475
980
5122
4136078
-640
-249
110
-3136
674
4919
4137103
37
180
244
-2914
639
4507
4129920
438
518
392
-2834
542
4330
4130945
674
778
511
-2785
616
4302
4131970
672
960
611
-2951
728
4033
4132995
531
1030
679
-3169
784
3713
4134020
456
994
672
-3289
632
3523
4135045
404
857
605
-3196
511
3557
4136070
337
686
492
-2851
361
3809
4137095
303
470
333
-2609
-51
3783
4138120
215
154
151
-2224
-7
3724
4139145
-145
-182
9
-1591
29
3999
4140170
-332
-491
-152
-914
-549
4077
4141195
44
-756
-500
-203
-896
4180
4142220
576
-983
-921
695
-672
4436
4143245
588
-1196
-1239
1871
-24
4395
4144270
37
-1389
-1463
3168
435
4184
4145295
-596
-1363
-1380
4001
-256
4243
4138112
-711
-1184
-1227
3910
-896
4287
4139137
-352
-1061
-1143
3807
-576
4056
4140162
-86
-917
-967
3780
196
3643
4141187
-139
-731
-646
3824
363
3575
4142212
-262
-476
-205
3942
-263
3945
4143237
42
-157
92
3891
-365
3960
4144262
581
230
280
3560
32
3891
4145287
819
552
451
3130
158
3989
4146312
836
769
518
3129
155
4056
4147337
725
971
549
3073
218
4147
4148362
394
1106
579
2748
81
4041
4149387
-16
1102
563
2135
-123
3687
4150412
-331
956
557
1643
-451
3733
4151437
-351
730
585
1304
-1042
3917
4152462
-25
499
432
694
-1043
3938
4153487
352
234
193
-20
-836
3901
4146303
465
-32
7
-790
-556
3970
4147328
168
-319
-265
-2053
-233
4240
4148353
-244
-594
-643
-3077
-71
4681
4149378
-336
-839
-972
-3334
339
4610
4150403
-334
-1003
-1127
-3119
760
4547
4151428
-553
-1071
-1166
-3233
910
4717
4152453
-788
-1008
-1146
-3592
938
5091
4153478
-855
-840
-1029
-3646
1188
5179
4154503
-868
-622
-795
-3267
1065
5408
4155528
-744
-290
-489
-3153
588
5461
4156553
-429
144
-154
-3372
371
5149
4157578
-183
538
207
-3255
531
4736
4158603
-110
803
564
-2965
434
4441
4159628
56
999
870
-2843
19
4465
4160653
405
1133
1066
-2888
-168
4234
4161678
795
1224
1178
-2815
60
4110
4154497
1057
1292
1240
-2673
366
4122
4155522
1122
1302
1233
-2665
189
4235
4156547
947
1228
1221
-2477
55
4373
4157572
685
1100
1144
-2465
422
4169
4158597
564
899
994
-2440
640
3699
4159622
401
594
743
-2486
527
3170
4160647
7
151
426
-1913
499
3071
4161672
-222
-261
289
-995
-458
4013
4162697
87
-565
31
-618
-433
4321
4163722
236
-848
-341
-61
150
4186
4164747
-81
-1108
-524
747
-24
4019
4165772
-221
-1338
-655
1864
-657
4215
4166797
-154
-1455
-707
3191
-544
4195
4167822
46
-1308
-791
3594
-328
3945
4168847
351
-1047
-838
3452
-266
3965
4169872
459
-898
-824
3483
234
3933
4162689
200
-738
-653
3775
864
4119
4163714
-333
-469
-363
4200
1038
4224
4164739
-686
-109
-20
4078
480
3827
4165764
-530
255
235
3305
136
3686
4166789
-23
465
317
2973
417
3921
4167814
516
657
363
3072
401
4151
4168839
1040
920
373
3068
157
4361
4169864
1319
1120
359
2699
492
3968
4170889
1014
1135
301
1608
1059
3377
4171914
384
992
288
860
602
3885
4172939
59
762
332
810
-78
4554
4173964
-81
590
278
302
299
4217
4174989
-444
385
124
-857
408
3245
4176014
-650
110
-60
-2265
100
3079
4177039
-578
-206
-251
-3020
196
3956
4178064
-466
-421
-434
-3003
326
4508
4170879
-516
-474
-640
-3312
682
4187
4171904
-733
-439
-746
-3999
1236
3731
4172929
-1066
-447
-736
-3908
1082
4066
4173954
-1134
-404
-654
-3202
506
4575
4174979
-799
-216
-545
-3046
253
4609
4176004
-349
-50
-435
-3145
355
4505
4177029
-68
40
-307
-2954
619
4308
4178054
-88
81
-136
-2476
437
4336
4179079
-204
101
13
-2059
196
4300
4180104
-185
110
82
-1867
106
4292
4181129
-196
92
133
-1685
81
4358
4182154
-291
50
182
-1532
109
4251
4183179
-375
-2
228
-1467
-50
4090
4184204
-361
-69
270
-1598
-106
4034
4185229
-415
-165
330
-1698
102
4222
4186254
-527
-271
422
-1582
-136
4241
4179073
-301
-342
428
-1660
-474
4218
4180098
92
-392
362
-1855
-253
4521
4181123
211
-499
396
-1868
-3
4636
4182148
74
-686
418
-1480
-56
4283
4183173
107
-847
316
-1124
-282
4011
4184198
423
-959
211
-847
-454
3867
4185223
848
-1080
35
74
-532
3873
4186248
1205
-1089
-193
892
-468
4057
4187273
1353
-988
-336
1298
-236
4173
4188298
1098
-946
-411
1638
163
4005
4189323
665
-955
-500
2152
486
3468
4190348
461
-844
-667
2455
612
3207
4191373
316
-643
-679
2565
381
3983
4192398
-11
-486
-562
2655
373
4304
4193423
-351
-349
-402
2655
414
3904
4194448
-413
-177
-194
2248
313
3589
4187265
-118
-30
-79
1768
135
3849
4188290
205
31
-26
1474
212
4111
4189315
252
65
-17
1300
632
3975
4190340
-51
85
58
954
602
4017
4191365
-262
38
129
704
333
4123
4192390
-161
-8
140
708
334
4113
4193415
-14
0
103
586
541
3920
4194440
-99
20
88
365
512
4128
4195465
-184
-10
100
450
247
4376
4196490
2
0
59
602
421
4255
4197515
93
34
4
433
651
4073
4198540
-56
5
-54
245
487
4019
4199565
-231
-15
-95
265
297
3960
4200590
-288
-53
-127
430
335
3903
4201615
-286
5
-120
509
365
4648
4202640
-2
204
-110
613
-174
5463
4195456
173
237
-71
193
173
4362
4196481
5
149
-21
125
416
3803
4197506
196
104
5
358
72
3976
4198531
463
128
-36
424
295
4277
4199556
364
153
-17
603
254
4369
4200581
440
167
25
544
447
4120
4201606
505
182
-4
316
1110
4154
4202631
106
136
-13
307
844
4378
4203656
-118
81
-15
348
390
4307
4204681
19
67
-28
298
355
4131
4205706
180
91
5
196
152
4177
4206731
348
106
28
151
277
4262
4207756
380
112
13
224
627
4253
4208781
269
134
-10
305
744
4156
4209806
221
146
-27
349
778
4145
4210831
195
127
-23
302
799
4181
4203648
105
91
0
237
745
4162
4204673
34
59
12
231
669
4164
4205698
28
37
15
243
638
4149
4206723
72
34
22
192
656
4149
4207748
52
28
16
152
700
4165
4208773
-7
8
13
215
671
4168
4209798
-10
12
16
233
693
4156
4210823
11
20
31
181
683
4173
4211848
-7
6
35
211
718
4145
4212873
-69
-1
28
242
765
4132
4213898
-135
-6
27
229
664
4156
4214923
-136
-15
25
244
492
4180
4215948
-75
-14
26
250
470
4173
4216973
-24
-6
24
237
517
4175
4217998
8
-8
9
228
605
4183
4219023
24
-8
1
247
620
4180
4211840
25
-4
-6
247
610
4159
4212865
29
5
-17
232
644
4171
4213890
17
6
-19
232
653
4176
4214915
-8
0
-11
230
613
4155
4215940
-7
3
-12
231
623
4170
4216965
-3
1
-9
237
629
4178
4217990
3
2
-9
204
631
4156
4219015
3
2
-15
223
581
4164
4220040
24
3
-18
233
640
4166
4221065
18
3
-16
216
667
4164
4222090
6
0
-14
212
630
4182
4223115
21
4
-16
216
643
4166
4224140
35
3
-10
190
622
4153
4225165
47
-7
-11
205
631
4158
4226190
38
-9
-12
229
665
4174
4227215
27
-7
-2
239
668
4147
4220033
35
3
4
230
688
4147
4221058
12
5
9
216
697
4156
4222083
-17
4
14
219
698
4164
4223108
-44
4
23
227
636
4170
4224133
-23
1
26
231
604
4160
4225158
5
0
23
195
682
4163
4226183
-25
0
14
204
632
4173
4227208
-13
-1
17
216
614
4165
4228233
-11
-1
18
210
638
4152
4229258
-22
-3
16
218
674
4171
4230283
-36
-4
21
207
662
4163
4231308
-50
-4
24
216
642
4164
4232333
-49
-5
27
224
618
4168
4233358
-36
-5
28
209
652
4153
4234383
-65
-2
32
219
642
4167
4235408
-62
0
43
228
603
4183
4228368
-51
-3
49
210
655
4164
4229393
-96
-5
45
217
632
4155
4230418
-107
-5
36
222
589
4186
4231443
-107
-8
32
217
534
4187
4232468
-91
-10
29
209
511
4171
4233493
-56
-11
21
241
500
4182
4234518
-17
-5
9
275
483
4171
4235543
33
10
-4
232
543
4171
4236568
45
12
-5
206
592
4199
4237593
29
-1
2
192
626
4184
4238618
-4
-6
8
192
606
4166
4239643
-19
-15
10
189
570
4187
4240668
-14
-24
8
207
547
4190
4241693
-8
-22
12
215
568
4174
4242718
-13
-18
18
246
558
4173
4243743
5
-16
25
230
590
4179
4236416
-3
-18
26
223
598
4173
4237441
-16
-18
28
250
572
4173
4238466
-6
-12
27
274
520
4168
4239491
28
-1
24
268
535
4167
4240516
51
12
26
217
620
4171
4241541
27
9
30
204
641
4179
4242566
-13
-1
31
224
597
4184
4243591
-35
-4
27
234
584
4187
4244616
-46
-2
29
221
536
4193
4245641
-9
-9
24
234
496
4175
4246666
38
-5
12
237
585
4159
4247691
34
4
3
252
566
4162
4248716
50
12
0
224
588
4180
4249741
37
3
0
215
600
4181
4250766
17
1
-1
233
587
4173
4251791
13
5
6
242
586
4184
4244611
14
8
2
239
584
4167
4245636
25
10
-1
237
571
4168
4246661
34
12
1
221
579
4182
4247686
38
10
-2
208
598
4168
4248711
32
7
-1
187
625
4188
4249736
3
1
-4
200
606
4173
4250761
8
0
-5
211
610
4165
4251786
8
-2
-3
213
610
4179
4252811
-12
-8
3
195
620
4177
4253836
-33
-18
5
193
602
4178
4254861
-26
-24
4
222
561
4175
4255886
5
-21
8
231
579
4170
4256911
10
-17
9
231
625
4167
4257936
-8
-12
0
241
641
4174
4258961
-29
-9
-1
262
607
4175
4259986
-26
0
2
232
568
4167
4252801
-7
4
-1
224
557
4171
4253826
5
3
-6
220
598
4176
4254851
3
-1
-10
228
600
4154
4255876
17
0
-12
221
590
4177
4256901
28
-2
-5
185
643
4184
4257926
9
-16
4
184
637
4171
4258951
-7
-24
7
221
618
4175
4259976
-12
-20
8
221
581
4171
4261001
-7
-16
2
221
591
4184
4262026
-3
-17
4
223
594
4172
4263051
3
-16
-3
256
576
4174
4264076
23
-9
-6
282
544
4159
4265101
64
3
-6
280
554
4157
4266126
90
19
-6
238
620
4184
4267151
78
18
-4
202
658
4171
4268176
55
6
-1
223
654
4168
4260991
37
3
0
230
652
4160
4262016
19
9
1
222
678
4158
4263041
-12
6
11
210
675
4156
4264066
-32
1
14
205
671
4163
4265091
-51
-2
14
208
613
4174
4266116
-39
-2
10
208
554
4184
4267141
-3
-5
8
207
575
4166
4268166
15
-8
7
213
654
4170
4269191
-10
-14
11
215
680
4170
4270216
-45
-17
16
212
668
4163
4271241
-68
-19
22
220
608
4167
4272266
-51
-14
15
239
588
4174
4273291
-49
-10
15
250
591
4166
4274316
-45
-5
14
239
572
4174
4275341
-29
-4
11
227
575
4167
4276366
-12
-4
9
216
591
4162
4269184
-17
-5
6
229
600
4179
4270209
-20
-3
2
237
587
4168
4271234
-14
-1
-5
232
546
4179
4272259
12
0
-11
221
520
4182
4273284
49
1
-12
211
597
4187
4274309
41
-5
-7
199
681
4169
4275334
1
-10
-2
204
677
4175
4276359
-32
-15
4
214
609
4165
4277384
-32
-15
12
214
574
4165
4278409
-24
-12
8
224
595
4179
4279434
-24
-16
14
250
612
4166
4280459
-36
-9
13
254
628
4168
4281484
-49
-3
17
257
534
4174
4282509
-24
5
13
238
556
4178
4283534
-13
6
11
237
557
4164
4284559
-2
10
8
225
574
4183
4277376
3
7
6
213
551
4191
4278401
23
-1
4
219
553
4181
4279426
30
0
-7
211
584
4180
4280451
32
-5
-8
211
618
4170
4281476
20
-9
-3
213
638
4171
4282501
-8
-12
3
246
642
4181
4283526
-40
-5
6
245
620
4159
4284551
-55
3
12
223
586
4167
4285576
-44
1
16
197
558
4185
4286601
-39
-10
18
198
576
4179
4287626
-47
-19
18
218
572
4188
4288651
-44
-20
14
235
545
4182
4289676
-29
-18
8
223
542
4178
4290701
-25
-20
6
238
557
4180
4291726
-25
-16
7
246
562
4177
4292751
-14
-13
8
255
574
4170
4285568
-17
-9
14
240
582
4178
4286593
-30
-8
18
222
575
4183
4287618
-42
-11
13
229
554
4183
4288643
-36
-14
17
239
505
4177
4289668
-15
-14
17
231
531
4185
4290693
-11
-15
11
233
554
4177
4291718
-8
-13
6
250
541
4185
4292743
5
-11
0
253
508
4188
4293768
24
-7
-8
276
535
4172
4294793
36
3
-11
289
547
4173
4295818
44
21
-16
258
576
4177
4296843
36
25
-13
226
581
4177
4297868
35
19
-7
215
549
4190
4298893
40
13
-13
227
566
4180
4299918
40
11
-12
221
583
4165
4300943
