Device = VHR-0009
time_stamp = 1779948164808
sample_rate = 50
Data format = INT16
TYPE = 6-AXIS IMU RAW DATA
-9
7
4
88
-2126
3765
9413760
-22
17
7
93
-2132
3726
9414785
-18
21
16
67
-2140
3681
9415810
28
15
16
71
-2141
3691
9416835
84
6
1
88
-2137
3725
9417860
115
1
-8
67
-2081
3745
9418885
130
1
-2
36
-2027
3788
9419910
133
8
3
38
-1992
3849
9420935
122
21
-5
78
-1985
3890
9421960
79
42
-17
93
-1958
3884
9422985
10
67
-21
79
-1952
3856
9424010
-49
76
-19
46
-2074
3786
9425035
-59
69
-25
54
-2103
3738
9426060
-36
49
-23
41
-2135
3696
9427085
16
26
-13
13
-2135
3733
9428110
60
11
-6
-2
-2088
3821
9429135
58
8
-14
25
-2022
3862
9421952
27
9
-30
99
-2012
3863
9422977
22
2
-35
79
-2023
3832
9424002
45
-16
-26
14
-1986
3798
9425027
63
-33
-9
-20
-1919
3778
9426052
68
-44
-3
-6
-1878
3799
9427077
74
-48
-12
23
-1874
3861
9428102
54
-41
-28
79
-1876
3890
9429127
3
-22
-31
106
-1937
3864
9430152
-25
-8
-30
101
-1999
3826
9431177
-38
-7
-27
87
-2041
3802
9432202
-43
-10
-22
49
-2109
3789
9433227
-35
-12
-12
34
-2128
3795
9434252
-19
-16
7
48
-2112
3793
9435277
2
-20
24
64
-2070
3791
9436302
12
-23
29
111
-2036
3786
9437327
23
-18
29
140
-2012
3783
9430144
30
-9
28
132
-1972
3789
9431169
14
2
26
157
-1953
3805
9432194
-16
10
24
178
-1956
3797
9433219
-25
21
22
92
-1945
3776
9434244
-9
21
25
-7
-1930
3794
9435269
2
12
22
-33
-1930
3822
9436294
5
7
-1
5
-1950
3839
9437319
15
6
-24
29
-1981
3816
9438344
36
2
-41
44
-1990
3807
9439369
47
0
-48
35
-1976
3845
9440394
31
5
-55
34
-1970
3882
9441419
-2
15
-55
62
-1976
3885
9442444
-46
24
-43
83
-2008
3842
9443469
-72
25
-22
96
-2067
3798
9444494
-53
13
1
101
-2125
3770
9445519
-3
-3
17
94
-2113
3758
9438336
17
-13
27
64
-2047
3786
9439361
0
-13
28
41
-2020
3825
9440386
-16
-7
20
33
-2035
3833
9441411
-14
1
5
27
-2039
3811
9442436
-6
2
-6
15
-2016
3800
9443461
-9
1
-10
29
-2019
3808
9444486
-9
0
-13
51
-2032
3804
9445511
-5
-3
-14
50
-2021
3795
9446536
6
-8
-7
40
-2018
3811
9447561
15
-15
-2
40
-2008
3833
9448586
9
-20
3
53
-2004
3866
9449611
-12
-21
0
68
-2012
3866
9450636
-26
-21
1
85
-2026
3828
9451661
-24
-18
5
92
-2026
3792
9452686
-21
-21
7
83
-2036
3783
9453711
-20
-24
9
68
-2029
3793
9446529
-1
-19
6
74
-2036
3804
9447554
17
-14
-3
64
-2030
3799
9448579
16
-8
-7
71
-2029
3808
9449604
11
-2
-12
80
-2027
3807
9450629
4
6
-19
100
-2019
3798
9451654
-18
14
-19
95
-2000
3804
9452679
-43
22
-17
89
-2007
3800
9453704
-45
28
-13
90
-2040
3806
9454729
-26
30
-14
70
-2043
3804
9455754
-1
22
-12
59
-2036
3795
9456779
7
14
-7
62
-1999
3805
9457804
-8
11
-1
62
-1988
3825
9458829
-19
14
2
75
-1995
3855
9459854
-16
25
2
68
-1994
3830
9460879
-24
29
4
74
-1990
3806
9461904
-44
25
5
83
-2031
3805
9454720
-32
20
1
80
-2071
3802
9455745
-1
22
-7
64
-2043
3779
9456770
8
21
-9
39
-2020
3781
9457795
0
17
-9
35
-2040
3792
9458820
-10
15
-14
43
-2025
3808
9459845
-20
22
-16
64
-2011
3798
9460870
-29
30
-11
56
-2024
3779
9461895
-22
23
-4
30
-2053
3779
9462920
-4
10
2
29
-2047
3780
9463945
-1
-1
8
21
-2022
3805
9464970
-16
-9
16
-2
-2034
3836
9465995
-14
-15
14
12
-2074
3839
9467020
3
-18
9
28
-2063
3823
9468045
5
-19
10
33
-2034
3793
9469070
-9
-22
13
43
-2023
3798
9470095
-22
-23
14
39
-2043
3809
9462911
-22
-18
12
48
-2055
3795
9463936
-14
-10
15
33
-2056
3752
9464961
-17
-11
23
5
-2042
3741
9465986
-30
-17
34
14
-2055
3776
9467011
-33
-18
38
45
-2086
3807
9468036
-26
-8
33
81
-2077
3795
9469061
-19
1
29
78
-2074
3761
9470086
-9
2
22
75
-2097
3765
9471111
7
-1
11
82
-2095
3771
9472136
26
3
4
78
-2084
3792
9473161
35
7
2
49
-2067
3813
9474186
40
6
2
20
-2054
3825
9475211
37
1
3
-1
-2005
3828
9476236
11
-2
6
2
-1967
3825
9477261
-27
-7
9
19
-1969
3809
9478286
-48
-9
11
27
-2017
3809
9471105
-29
-13
15
47
-2066
3791
9472130
-6
-13
17
68
-2054
3770
9473155
-16
-12
21
73
-2065
3785
9474180
-25
-8
15
102
-2114
3777
9475205
4
5
-1
103
-2126
3779
9476230
31
12
-11
70
-2083
3780
9477255
36
8
-10
27
-2063
3775
9478280
33
5
-10
19
-2039
3787
9479305
31
11
-7
17
-2007
3799
9480330
23
15
-5
7
-1996
3807
9481355
13
11
-2
6
-2008
3822
9482380
0
7
-1
21
-2023
3832
9483405
-26
7
3
36
-2019
3818
9484430
-54
8
8
52
-2043
3795
9485455
-49
8
11
46
-2100
3774
9486480
-11
3
13
37
-2104
3769
9479296
18
1
13
30
-2061
3781
9480321
19
3
11
25
-2027
3788
9481346
8
9
6
21
-2034
3807
9482371
4
13
0
10
-2033
3826
9483396
-1
10
0
15
-2021
3832
9484421
-16
8
3
34
-2022
3807
9485446
-28
5
4
34
-2036
3787
9486471
-22
1
3
49
-2055
3766
9487496
-9
-3
4
49
-2058
3773
9488521
-11
-5
6
29
-2075
3795
9489546
-17
-4
7
14
-2092
3797
9490571
-5
0
9
4
-2076
3789
9491596
8
0
10
-1
-2068
3773
9492621
13
-6
10
5
-2068
3774
9493646
16
-10
5
21
-2049
3784
9494671
14
-7
2
39
-2024
3800
9487487
7
2
-1
21
-2031
3799
9488512
8
4
-4
10
-2049
3804
9489537
8
-2
-2
12
-2059
3809
9490562
-1
-1
1
19
-2061
3804
9491587
-6
0
4
24
-2067
3790
9492612
3
-2
1
24
-2072
3784
9493637
14
-1
-1
35
-2042
3760
9494662
14
0
4
26
-2020
3767
9495687
2
1
5
31
-2034
3789
9496712
-6
3
4
26
-2040
3800
9497737
6
5
7
13
-2056
3806
9498762
23
-2
6
2
-2067
3809
9499787
23
-15
5
13
-2065
3816
9500812
23
-27
4
1
-2052
3841
9501837
24
-25
1
24
-2006
3830
9502862
10
-11
3
44
-1993
3794
9495680
-19
2
4
60
-2030
3761
9496705
-29
8
6
54
-2062
3736
9497730
-6
8
9
37
-2048
3751
9498755
17
3
9
13
-2027
3798
9499780
17
3
3
7
-2015
3840
9500805
5
5
-3
6
-2018
3853
9501830
-12
3
-3
6
-2016
3848
9502855
-14
-6
2
15
-2034
3827
9503880
13
-14
3
47
-2048
3806
9504905
29
-21
4
59
-2024
3802
9505930
5
-21
8
44
-1997
3804
9506955
-24
-17
9
28
-2034
3803
9507980
-13
-9
5
30
-2077
3798
9509005
8
-2
1
37
-2055
3779
9510030
2
5
3
28
-2035
3764
9511055
-19
11
1
22
-2059
3769
9503873
-21
13
-1
12
-2070
3784
9504898
1
13
-2
11
-2059
3808
9505923
23
7
-3
2
-2038
3813
9506948
25
0
-4
2
-2018
3830
9507973
4
-4
0
18
-1990
3834
9508998
-25
-5
4
8
-1991
3833
9510023
-33
-6
3
-1
-2044
3814
9511048
-4
-9
1
23
-2074
3784
9512073
9
-12
3
40
-2034
3767
9513098
-1
-11
6
39
-2025
3773
9514123
0
-6
0
33
-2031
3782
9515148
16
1
-10
36
-2030
3799
9516173
15
6
-8
19
-2022
3798
9517198
1
3
-3
1
-2039
3813
9518223
-2
-4
-3
11
-2067
3835
9519248
9
-7
0
13
-2066
3826
9512063
15
-8
2
-3
-2031
3808
9513088
7
-10
8
8
-2010
3799
9514113
-10
-9
11
10
-2017
3812
9515138
-19
-4
9
23
-2035
3807
9516163
-6
3
5
26
-2050
3773
9517188
9
7
4
34
-2051
3761
9518213
5
9
4
49
-2054
3786
9519238
4
15
0
56
-2041
3807
9520263
7
25
-2
38
-2003
3806
9521288
6
32
-4
28
-2009
3791
9522313
1
38
-3
9
-2026
3806
9523338
-3
35
-2
-21
-2036
3812
9524363
-2
31
1
-30
-2038
3825
9525388
-4
30
6
-38
-2029
3832
9526413
-13
30
12
-28
-2044
3834
9527438
-17
30
19
-33
-2057
3827
9520256
-12
21
26
-33
-2090
3804
9521281
7
4
33
-30
-2096
3792
9522306
27
-13
42
-40
-2064
3814
9523331
32
-29
44
-37
-2051
3819
9524356
17
-39
46
-19
-2030
3792
9525381
0
-46
53
7
-2021
3743
9526406
11
-57
63
23
-2000
3742
9527431
33
-68
69
39
-1979
3803
9528456
23
-68
74
35
-1985
3839
9529481
0
-58
65
16
-2020
3837
9530506
1
-47
45
25
-2048
3873
9531531
0
-35
22
0
-2035
3870
9532556
-4
-23
7
-41
-2046
3814
9533581
5
-21
0
-74
-2060
3769
9534606
34
-29
-5
-75
-2080
3780
9535631
62
-33
-7
-59
-2086
3828
9528448
78
-30
-8
-24
-2064
3863
9529473
74
-20
-7
24
-2029
3850
9530498
51
-10
-8
77
-2016
3791
9531523
33
2
-10
118
-1999
3752
9532548
26
16
-13
149
-1968
3721
9533573
46
24
-8
120
-1949
3727
9534598
88
21
-18
84
-1950
3779
9535623
116
19
-38
87
-1936
3859
9536648
110
23
-54
81
-1937
3907
9537673
89
29
-69
57
-1915
3912
9538698
85
29
-83
29
-1911
3912
9539723
109
23
-98
29
-1900
3894
9540748
112
22
-98
20
-1845
3883
9541773
61
22
-86
-15
-1840
3885
9542798
-7
14
-71
-28
-1921
3873
9543823
-40
-4
-55
-15
-1972
3847
9536669
-46
-28
-28
-21
-1935
3836
9537694
-29
-47
2
-3
-1909
3850
9538719
15
-59
19
-10
-1897
3861
9539744
33
-63
25
7
-1876
3853
9540769
4
-51
33
22
-1875
3855
9541794
-71
-39
34
53
-1959
3864
9542819
-117
-37
27
107
-2110
3843
9543844
-82
-37
7
133
-2173
3774
9544869
22
-44
-6
130
-2152
3730
9545894
121
-57
-14
100
-2006
3773
9546919
155
-61
-20
94
-1872
3869
9547944
117
-39
-29
67
-1774
3944
9548969
53
-8
-37
22
-1776
3940
9549994
21
6
-49
6
-1806
3882
9551019
12
0
-59
28
-1804
3830
9552044
18
-10
-56
60
-1797
3824
9544833
27
-19
-47
80
-1830
3855
9545858
23
-21
-40
111
-1881
3876
9546883
6
-13
-28
99
-1893
3874
9547908
-27
-4
-13
73
-1902
3884
9548933
-61
8
-1
73
-1930
3880
9549958
-70
17
7
70
-1958
3865
9550983
-64
13
6
60
-1968
3830
9552008
-39
1
3
45
-2005
3830
9553033
7
-18
-1
51
-1991
3858
9554058
35
-24
-4
91
-1898
3881
9555083
10
-14
-3
122
-1879
3885
9556108
-28
3
-8
124
-1946
3860
9557133
-47
11
-14
144
-1989
3837
9558158
-41
12
-7
162
-1989
3800
9559183
-16
8
1
140
-1992
3789
9560208
12
4
6
121
-1965
3822
9553025
32
5
7
89
-1920
3862
9554050
34
9
4
58
-1897
3892
9555075
17
8
1
45
-1883
3908
9556100
1
10
-3
50
-1899
3900
9557125
-6
9
-6
47
-1905
3886
9558150
7
0
-7
51
-1917
3859
9559175
24
-9
-8
63
-1886
3873
9560200
19
-11
-6
81
-1852
3881
9561225
-14
-5
-6
89
-1858
3891
9562250
-37
-1
-8
102
-1918
3895
9563275
-32
-2
-7
99
-1968
3883
9564300
-21
-9
-3
122
-1957
3849
9565325
-6
-9
3
176
-1938
3812
9566350
19
5
5
223
-1905
3774
9567375
16
28
3
174
-1866
3765
9568400
-7
43
-5
90
-1889
3774
9561216
0
47
-15
-9
-1911
3823
9562241
21
48
-27
-51
-1891
3885
9563266
16
54
-32
-87
-1889
3906
9564291
-22
56
-25
-94
-1920
3897
9565316
-54
56
-9
-55
-1951
3881
9566341
-50
45
11
17
-1983
3890
9567366
-36
31
28
77
-1989
3877
9568391
-33
23
46
107
-1994
3872
9569416
-36
15
61
126
-2006
3868
9570441
-42
14
68
97
-1977
3841
9571466
-45
14
72
44
-1979
3821
9572491
-27
6
68
31
-1978
3837
9573516
-7
0
51
54
-1949
3851
9574541
-7
5
39
58
-1930
3821
9575566
-11
10
30
57
-1903
3826
9576591
-2
16
21
63
-1900
3857
9569407
-6
29
10
74
-1875
3885
9570432
-39
49
1
61
-1872
3855
9571457
-63
56
-4
27
-1912
3823
9572482
-49
50
-7
-3
-1943
3832
9573507
-15
35
-8
-7
-1954
3846
9574532
8
17
-6
-10
-1947
3838
9575557
27
4
-6
-24
-1968
3838
9576582
45
-12
-7
-29
-1961
3862
9577607
54
-27
-9
-7
-1944
3883
9578632
56
-29
-14
27
-1929
3888
9579657
41
-25
-18
40
-1910
3868
9580682
11
-20
-16
30
-1950
3868
9581707
5
-15
-19
19
-1992
3864
9582732
10
-4
-20
-4
-1981
3832
9583757
-7
10
-15
-38
-1965
3780
9584782
-28
20
-7
-76
-1996
3781
9577599
-21
14
-2
-81
-2033
3815
9578624
-6
10
4
-47
-2011
3845
9579649
-9
16
12
-23
-1967
3876
9580674
-26
23
12
9
-1978
3886
9581699
-46
25
5
61
-1995
3858
9582724
-49
21
7
71
-2006
3835
9583749
-8
5
12
48
-1982
3803
9584774
46
-15
13
31
-1905
3815
9585799
70
-26
9
-15
-1850
3837
9586824
69
-28
3
-60
-1842
3863
9587849
57
-29
-5
-55
-1853
3904
9588874
31
-31
-8
-40
-1869
3922
9589899
1
-27
-6
-17
-1926
3894
9590924
-4
-21
0
32
-1966
3870
9591949
4
-19
8
59
-1968
3844
9592974
3
-18
13
99
-1972
3842
9585792
-4
-13
10
128
-1987
3852
9586817
-11
-6
7
116
-1996
3833
9587842
1
-5
7
80
-1989
3818
9588867
18
-13
3
29
-1960
3830
9589892
31
-17
-2
5
-1923
3853
9590917
22
-9
-5
-16
-1875
3865
9591942
11
-1
-5
-51
-1861
3861
9592967
9
-4
-2
-48
-1858
3863
9593992
14
-10
-2
-9
-1850
3900
9595017
6
-11
-7
39
-1847
3929
9596042
-28
-5
-4
57
-1871
3885
9597067
-52
3
4
50
-1907
3838
9598092
-42
0
16
34
-1934
3827
9599117
-22
-9
24
28
-1961
3829
9600142
-19
-13
30
31
-1960
3848
9601167
-19
-9
33
38
-1959
3865
9593984
-22
-4
33
34
-1958
3868
9595009
-41
2
32
25
-1941
3853
9596034
-50
9
31
13
-1971
3845
9597059
-37
6
31
16
-1995
3843
9598084
-20
0
32
27
-1979
3846
9599109
-9
0
29
27
-1954
3854
9600134
-17
12
24
18
-1925
3849
9601159
-49
25
24
8
-1942
3843
9602184
-67
31
28
-6
-1981
3827
9603209
-52
28
31
-2
-1995
3834
9604234
-39
21
28
15
-1974
3867
9605259
-50
21
22
36
-1961
3860
9606284
-59
23
26
27
-1974
3821
9607309
-51
22
34
-8
-1949
3794
9608334
-41
18
40
-29
-1972
3799
9609359
-11
9
37
-39
-2011
3838
9602175
14
-1
33
-63
-1983
3852
9603200
17
-4
35
-95
-1959
3861
9604225
11
0
32
-94
-1944
3860
9605250
-6
4
26
-88
-1932
3845
9606275
-30
2
21
-45
-1969
3841
9607300
-49
4
17
-13
-2010
3823
9608325
-60
9
16
-13
-2040
3803
9609350
-53
10
18
-14
-2081
3789
9610375
-21
9
17
-17
-2053
3785
9611400
-12
11
20
-27
-2007
3792
9612425
-22
10
25
-34
-2051
3809
9613450
-10
3
20
1
-2065
3854
9614475
21
-3
19
12
-2030
3853
9615500
31
-8
25
-10
-1966
3835
9616525
22
-14
26
-28
-1942
3836
9617550
21
-21
15
-21
-1947
3845
9610460
22
-24
8
-29
-1945
3830
9611485
18
-29
10
-47
-1956
3806
9612510
35
-42
10
-24
-1975
3816
9613535
63
-45
2
10
-1962
3853
9614560
56
-35
-7
11
-1933
3850
9615585
21
-22
-9
1
-1942
3839
9616610
2
-14
-13
-6
-1983
3838
9617635
17
-10
-25
-6
-1989
3823
9618660
34
-6
-37
-9
-1979
3797
9619685
43
-4
-45
-34
-1973
3793
9620710
53
-9
-52
-49
-1995
3827
9621735
63
-11
-66
-32
-1983
3876
9622760
64
-5
-81
-19
-1930
3888
9623785
40
0
-91
-8
-1887
3876
9624810
5
0
-87
6
-1897
3860
9625835
-19
-5
-67
13
-1945
3846
9618560
-6
-22
-37
31
-2005
3842
9619585
38
-47
-7
48
-2008
3849
9620610
73
-65
17
64
-1977
3866
9621635
75
-68
31
64
-1951
3877
9622660
52
-63
32
25
-1902
3873
9623685
14
-57
24
-10
-1892
3869
9624710
-4
-63
12
-17
-1924
3874
9625735
15
-71
-6
1
-1946
3891
9626760
29
-72
-25
14
-1944
3855
9627785
17
-71
-33
20
-1943
3822
9628810
1
-69
-35
25
-1929
3819
9629835
6
-62
-33
31
-1928
3837
9630860
24
-58
-30
42
-1928
3856
9631885
30
-49
-27
63
-1939
3853
9632910
34
-37
-19
82
-1923
3828
9633935
37
-24
-11
86
-1869
3829
9626751
23
-11
-6
101
-1841
3846
9627776
4
-2
-6
96
-1881
3854
9628801
10
-1
-12
72
-1921
3875
9629826
24
-5
-20
76
-1914
3887
9630851
17
-8
-23
77
-1905
3899
9631876
-2
-12
-23
70
-1905
3896
9632901
-6
-18
-20
71
-1920
3877
9633926
5
-24
-19
94
-1917
3874
9634951
9
-28
-13
110
-1910
3865
9635976
9
-28
-6
115
-1915
3842
9637001
6
-25
0
114
-1903
3840
9638026
6
-21
6
111
-1907
3841
9639051
8
-16
8
102
-1913
3849
9640076
18
-13
7
88
-1916
3845
9641101
39
-14
2
95
-1904
3852
9642126
44
-12
-4
113
-1880
3884
9634944
33
-1
-12
130
-1873
3888
9635969
25
12
-17
130
-1875
3886
9636994
22
17
-20
119
-1884
3886
9638019
17
17
-23
104
-1884
3895
9639044
5
16
-22
87
-1890
3896
9640069
-1
7
-19
72
-1890
3883
9641094
7
-5
-15
85
-1885
3867
9642119
19
-13
-9
99
-1870
3872
9643144
22
-18
0
122
-1864
3885
9644169
16
-22
9
113
-1870
3888
9645194
14
-25
10
115
-1873
3895
9646219
9
-25
9
116
-1867
3886
9647244
10
-24
7
96
-1862
3884
9648269
16
-25
2
80
-1846
3885
9649294
9
-24
-4
99
-1828
3880
9650319
-12
-16
-8
120
-1834
3871
9643137
-28
-8
-11
132
-1857
3850
9644162
-20
-6
-10
134
-1890
3839
9645187
5
-8
-8
144
-1908
3853
9646212
20
-8
-7
145
-1888
3882
9647237
10
-5
-3
123
-1861
3899
9648262
-5
-3
0
104
-1864
3904
9649287
-7
-8
-1
97
-1873
3899
9650312
-8
-13
1
104
-1868
3907
9651337
-9
-15
3
101
-1872
3894
9652362
-14
-16
2
103
-1867
3888
9653387
-22
-14
3
111
-1863
3880
9654412
-35
-13
4
116
-1869
3878
9655437
-47
-11
6
128
-1896
3868
9656462
-45
-9
11
122
-1909
3855
9657487
-30
-10
15
123
-1909
3846
9658512
-19
-10
17
137
-1896
3847
9651329
-17
-7
16
136
-1883
3868
9652354
-15
-9
14
147
-1872
3876
9653379
-7
-8
11
160
-1868
3894
9654404
-12
-5
10
151
-1875
3879
9655429
-20
-6
9
157
-1886
3869
9656454
-23
-5
4
147
-1889
3870
9657479
-17
-5
0
132
-1894
3864
9658504
-14
-5
0
128
-1888
3862
9659529
-14
-4
1
118
-1904
3863
9660554
-13
-3
-1
102
-1902
3857
9661579
-7
-2
-5
87
-1912
3860
9662604
-4
-6
-6
95
-1931
3880
9663629
-2
-9
-9
110
-1921
3902
9664654
-11
-10
-7
119
-1903
3863
9665679
-24
-5
-1
112
-1889
3849
9666704
-30
-3
4
115
-1887
3851
9659521
-25
1
6
130
-1895
3852
9660546
-23
5
8
125
-1911
3849
9661571
-29
8
11
131
-1933
3837
9662596
-29
9
11
147
-1934
3843
9663621
-17
8
10
151
-1936
3846
9664646
-6
7
7
141
-1917
3859
9665671
-1
6
7
127
-1900
3881
9666696
-10
6
8
127
-1899
3883
9667721
-19
5
7
131
-1894
3879
9668746
-23
6
4
129
-1899
3855
9669771
-18
6
5
117
-1915
3843
9670796
-9
-1
7
113
-1927
3848
9671821
-8
-3
7
111
-1920
3867
9672846
-14
-2
5
95
-1908
3876
9673871
-18
4
6
87
-1925
3863
9674896
-15
6
6
97
-1949
3847
9667711
-6
6
4
114
-1951
3832
9668736
1
5
3
119
-1939
3845
9669761
3
4
3
113
-1923
3862
9670786
0
0
3
112
-1921
3872
9671811
-3
-2
3
121
-1930
3870
9672836
0
-4
3
120
-1931
3868
9673861
-3
-2
5
124
-1918
3868
9674886
-6
-2
7
130
-1918
3857
9675911
-3
-4
10
127
-1929
3839
9676936
3
1
8
127
-1909
3830
9677961
2
7
6
100
-1917
3840
9678986
7
2
5
75
-1936
3865
9680011
17
-10
-2
88
-1936
3893
9681036
16
-14
-7
112
-1916
3896
9682061
-4
-11
-5
114
-1905
3861
9683086
-17
-8
1
104
-1914
3840
9675904
-12
-9
5
104
-1923
3836
9676929
-9
-8
5
109
-1930
3842
9677954
-5
-6
4
107
-1943
3840
9678979
7
-4
3
102
-1933
3841
9680004
19
-8
4
104
-1923
3838
9681029
18
-8
5
117
-1920
3852
9682054
13
-7
6
138
-1918
3855
9683079
8
-4
7
125
-1902
3859
9684104
1
-4
7
120
-1889
3870
9685129
-2
-5
5
124
-1905
3863
9686154
-6
-6
3
119
-1917
3862
9687179
-10
-7
5
111
-1919
3852
9688204
-7
-10
7
124
-1919
3859
9689229
-5
-8
7
119
-1917
3867
9690254
-5
-5
6
117
-1933
3857
9691279
-5
-2
6
101
-1932
3853
9684097
-4
-4
9
91
-1921
3851
9685122
-1
-7
12
107
-1908
3850
9686147
2
-7
10
129
-1897
3851
9687172
-1
-4
6
125
-1892
3857
9688197
-3
-4
1
125
-1910
3866
9689222
-5
-4
1
128
-1936
3860
9690247
-5
-3
2
133
-1932
3858
9691272
-7
2
2
132
-1921
3857
9692297
-5
3
1
125
-1922
3842
9693322
4
2
2
116
-1925
3860
9694347
12
1
1
113
-1914
3865
9695372
10
2
2
105
-1900
3857
9696397
2
2
3
97
-1899
3857
9697422
-10
0
3
104
-1932
3868
9698447
-12
-6
2
117
-1954
3873
9699472
-6
-6
5
110
-1926
3864
9692288
-5
-6
6
108
-1896
3866
9693313
-12
-5
6
110
-1903
3853
9694338
-21
-2
4
107
-1918
3851
9695363
-17
-1
5
100
-1941
3842
9696388
-2
-2
9
110
-1940
3835
9697413
5
-3
8
125
-1924
3848
9698438
-3
-2
8
124
-1915
3864
9699463
-7
1
7
111
-1919
3872
9700488
-7
4
6
122
-1923
3863
9701513
-7
3
5
120
-1921
3850
9702538
-8
-2
3
105
-1913
3852
9703563
-10
-5
3
102
-1910
3861
9704588
-10
-7
3
104
-1929
3872
9705613
-10
-7
2
111
-1924
3866
9706638
-14
-4
3
107
-1930
3855
9707663
-21
0
4
107
-1935
3837
9700480
-18
1
5
105
-1949
3843
9701505
-3
-2
5
96
-1955
3847
9702530
12
-4
4
108
-1943
3847
9703555
7
-1
3
107
-1920
3844
9704580
-6
3
3
113
-1924
3853
9705605
-10
3
1
115
-1928
3852
9706630
-7
2
0
112
-1931
3854
9707655
-9
-2
2
111
-1926
3856
9708680
-12
-3
6
110
-1927
3856
9709705
-10
-1
7
115
-1920
3860
9710730
-4
-2
8
112
-1925
3844
9711755
-2
-2
9
119
-1929
3847
9712780
-5
-1
8
119
-1930
3848
9713805
-7
3
6
107
-1921
3840
9714830
-3
3
6
95
-1931
3848
9715855
1
0
2
97
-1942
3868
9708675
3
-2
-1
111
-1951
3863
9709700
2
-1
-1
103
-1927
3855
9710725
-1
2
-2
99
-1912
3842
9711750
-10
1
-1
100
-1914
3844
9712775
-13
1
0
82
-1930
3843
9713800
-14
3
4
88
-1946
3836
9714825
-8
5
8
106
-1959
3836
9715850
-1
8
8
109
-1949
3835
9716875
0
6
8
114
-1932
3843
9717900
-1
7
8
116
-1923
3863
9718925
-6
9
7
109
-1921
3865
9719950
-18
9
5
101
-1934
3853
9720975
-16
8
3
103
-1942
3837
9722000
-6
5
4
103
-1944
3839
9723025
1
1
4
102
-1936
3850
9724050
2
-1
1
88
-1929
3870
9716863
-1
0
1
79
-1933
3870
9717888
-3
0
3
69
-1930
3860
9718913
-5
-2
6
77
-1944
3847
9719938
-6
-6
6
79
-1941
3839
9720963
-5
-9
6
83
-1944
3837
9721988
10
-10
7
95
-1944
3840
9723013
18
-9
6
102
-1927
3848
9724038
19
-6
4
110
-1934
3866
9725063
-13
0
2
96
-1935
3864
9726088
-37
5
8
79
-1990
3813
9727113
12
-6
4
106
-1951
3816
9728138
42
-14
2
115
-1900
3862
9729163
29
-9
-2
112
-1891
3887
9730188
3
-3
-5
97
-1916
3869
9731213
-13
-3
-5
86
-1939
3845
9732238
-13
-6
0
87
-1963
3826
9725056
13
-8
4
85
-1968
3843
9726081
23
-7
5
83
-1928
3857
9727106
-6
-3
13
60
-1941
3844
9728131
19
-13
6
114
-1943
3854
9729156
37
-14
-1
122
-1898
3875
9730181
12
-9
-1
108
-1905
3872
9731206
-4
-5
3
89
-1924
3840
9732231
-3
-6
4
86
-1914
3838
9733256
0
-6
6
95
-1927
3857
9734281
8
-9
8
104
-1935
3872
9735306
13
-8
8
118
-1912
3864
9736331
5
-4
6
128
-1903
3848
9737356
-1
0
3
137
-1910
3850
9738381
3
3
1
126
-1917
3867
9739406
6
3
0
114
-1921
3850
9740431
3
3
0
99
-1920
3850
9733248
1
0
0
88
-1918
3862
9734273
-1
-2
-2
81
-1917
3867
9735298
-4
-2
-3
85
-1914
3870
9736323
-7
1
-3
94
-1915
3857
9737348
-10
4
-2
95
-1921
3859
9738373
-6
4
-1
81
-1931
3856
9739398
2
0
2
69
-1929
3857
9740423
4
-1
2
78
-1921
3864
9741448
-3
1
3
94
-1909
3854
9742473
-12
3
5
104
-1925
3843
9743498
-11
2
6
101
-1922
3846
9744523
-7
-2
7
99
-1916
3852
9745548
-11
-2
6
103
-1915
3855
9746573
-20
2
6
110
-1923
3858
9747598
-21
5
5
97
-1934
3847
9748623
-13
5
3
90
-1944
3846
9741440
-4
2
3
86
-1937
3851
9742465
-7
1
4
91
-1921
3863
9743490
-15
3
7
83
-1914
3863
9744515
-21
7
8
86
-1925
3852
9745540
-19
6
8
86
-1931
3841
9746565
-9
0
9
90
-1942
3849
9747590
-4
-4
8
93
-1948
3859
9748615
-10
-3
7
104
-1946
3861
9749640
-13
-1
6
88
-1943
3863
9750665
-10
0
1
85
-1937
3864
9751690
-7
0
-1
86
-1927
3855
9752715
-11
0
0
76
-1918
3838
9753740
-16
0
1
87
-1930
3835
9754765
-16
1
1
97
-1948
3835
9755790
-11
4
2
102
-1958
3832
9756815
-2
4
4
92
-1960
3843
9749632
11
2
4
81
-1944
3855
9750657
12
0
4
75
-1937
3860
9751682
0
-2
4
70
-1937
3867
9752707
-4
-5
6
66
-1942
3863
9753732
2
-9
6
88
-1943
3852
9754757
2
-9
6
100
-1927
3844
9755782
-4
-6
6
102
-1922
3839
9756807
-11
-1
5
94
-1937
3847
9757832
-15
3
2
73
-1964
3848
9758857
-5
1
1
55
-1969
3846
9759882
6
-3
4
45
-1944
3846
9760907
3
-3
6
60
-1928
3851
9761932
-2
-2
8
88
-1932
3853
9762957
-2
-3
8
101
-1945
3845
9763982
3
-4
9
111
-1930
3842
9765007
-1
-2
9
116
-1917
3846
9757824
-11
2
8
106
-1921
3852
9758849
-12
4
4
90
-1937
3849
9759874
-5
1
3
71
-1950
3850
9760899
1
-4
2
74
-1942
3856
9761924
0
-5
1
79
-1934
3851
9762949
-2
-5
-2
86
-1928
3857
9763974
-6
-6
-4
89
-1935
3858
9764999
-4
-6
-3
82
-1960
3836
9766024
4
-5
1
70
-1956
3835
9767049
1
-4
6
66
-1933
3835
9768074
-12
-1
8
73
-1940
3833
9769099
-17
-3
7
75
-1969
3845
9770124
-1
-7
2
78
-1985
3854
9771149
13
-9
0
76
-1974
3848
9772174
11
-9
5
65
-1932
3844
9773199
-3
-7
7
79
-1911
3853
9766016
-18
1
5
100
-1912
3860
9767041
-25
8
2
100
-1947
3843
9768066
-15
7
3
94
-1967
3828
9769091
4
1
6
92
-1954
3829
9770116
6
-5
8
90
-1935
3841
9771141
-4
-1
7
92
-1928
3859
9772166
-8
4
6
83
-1930
3859
9773191
-3
3
5
73
-1947
3842
9774216
6
-2
5
74
-1954
3847
9775241
6
-7
5
91
-1946
3857
9776266
-1
-8
4
93
-1937
3857
9777291
-5
-7
2
83
-1932
3856
9778316
-7
-6
2
71
-1933
3851
9779341
-4
-4
1
70
-1948
3848
9780366
-8
0
1
60
-1953
3848
9781391
-12
1
4
58
-1964
3843
9774208
-10
-2
4
71
-1968
3845
9775233
-1
-4
1
100
-1973
3832
9776258
12
-1
-3
97
-1963
3817
9777283
13
1
0
85
-1942
3837
9778308
-1
2
5
83
-1945
3856
9779333
-17
5
5
72
-1952
3856
9780358
-16
4
5
68
-1963
3848
9781383
2
-2
5
76
-1948
3844
9782408
10
-6
7
74
-1928
3851
9783433
-2
-7
7
74
-1912
3856
9784458
-20
-7
6
82
-1937
3852
9785483
-21
-9
3
79
-1971
3850
9786508
-1
-14
1
81
-1976
3847
9787533
18
-17
5
73
-1948
3843
9788558
15
-18
11
80
-1920
3833
9789583
-6
-13
9
98
-1926
3840
9782400
-17
-5
4
84
-1947
3833
9783425
-8
-7
2
80
-1969
3831
9784450
7
-15
2
75
-1980
3857
9785475
12
-18
2
84
-1964
3859
9786500
4
-16
2
89
-1946
3845
9787525
-6
-12
2
65
-1935
3852
9788550
-7
-9
2
80
-1944
3854
9789575
-4
-7
0
93
-1943
3845
9790600
-7
-7
0
103
-1953
3831
9791625
-5
-8
2
109
-1964
3829
9792650
8
-10
7
92
-1957
3821
9793675
15
-14
10
79
-1938
3847
9794700
13
-16
11
89
-1927
3877
9795725
5
-10
8
89
-1929
3866
9796750
-3
-10
5
92
-1932
3851
9797775
-1
-15
3
96
-1945
3848
9790592
2
-21
2
96
-1939
3847
9791617
-1
-23
1
95
-1925
3855
9792642
-2
-23
0
107
-1942
3853
9793667
-1
-21
-1
106
-1947
3843
9794692
-5
-15
4
85
-1957
3838
9795717
-7
-14
7
67
-1966
3823
9796742
3
-17
6
72
-1966
3838
9797767
10
-20
0
90
-1954
3847
9798792
8
-20
-1
101
-1944
3847
9799817
8
-19
-1
100
-1931
3847
9800842
7
-18
0
104
-1930
3848
9801867
0
-16
2
116
-1939
3849
9802892
-6
-13
4
115
-1952
3852
9803917
-5
-12
7
123
-1946
3843
9804942
1
-12
9
124
-1936
3840
9805967
1
-12
6
124
-1927
3850
9798784
-6
-8
3
127
-1930
3845
9799809
-8
-8
3
126
-1931
3828
9800834
-9
-7
5
114
-1931
3833
9801859
-10
-6
5
113
-1925
3840
9802884
-14
-1
6
116
-1918
3841
9803909
-22
2
6
110
-1938
3854
9804934
-20
1
5
113
-1964
3861
9805959
-10
-2
2
118
-1957
3855
9806984
-10
-3
2
115
-1935
3839
9808009
-20
1
4
115
-1931
3826
9809034
-29
4
5
111
-1934
3838
9810059
-25
5
5
117
-1955
3852
9811084
-19
8
2
115
-1980
3839
9812109
-17
9
1
109
-1980
3833
9813134
-21
8
7
107
-1969
3828
9814159
-22
6
9
107
-1958
3831
9806975
-19
6
6
108
-1952
3845
9808000
-15
8
4
100
-1963
3846
9809025
-11
8
2
90
-1977
3830
9810050
-13
7
0
87
-1980
3823
9811075
-21
6
0
82
-1985
3825
9812100
-26
5
3
88
-1997
3836
9813125
-14
4
5
94
-1996
3834
9814150
2
1
6
99
-1974
3834
9815175
1
4
7
88
-1953
3833
9816200
-12
5
8
84
-1956
3830
9817225
-21
4
6
93
-1970
3835
9818250
-17
0
5
95
-1987
3829
9819275
-3
0
3
104
-1984
3830
9820300
5
0
5
109
-1982
3834
9821325
1
0
4
106
-1967
3834
9822350
-16
1
1
95
-1969
3844
9815168
-20
-1
4
74
-1995
3832
9816193
3
-8
6
80
-1977
3824
9817218
21
-14
6
87
-1956
3838
9818243
18
-16
6
100
-1944
3839
9819268
7
-14
5
96
-1948
3830
9820293
1
-9
4
100
-1961
3817
9821318
-2
-4
7
97
-1986
3812
9822343
3
-7
7
96
-2006
3829
9823368
11
-10
6
88
-2012
3847
9824393
15
-11
3
99
-1988
3849
9825418
14
-9
3
101
-1957
3839
9826443
-4
-5
3
103
-1948
3831
9827468
-26
-2
6
94
-1962
3826
9828493
-19
-6
9
82
-1978
3823
9829518
9
-12
11
93
-1977
3816
9830543
23
-13
11
115
-1956
3827
9823669
10
-7
11
118
-1959
3835
9824694
-9
-3
11
111
-1968
3837
9825719
-7
-1
9
111
-1972
3830
9826744
14
-5
7
106
-1972
3831
9827769
27
-9
4
105
-1944
3841
9828794
16
-9
0
100
-1919
3859
9829819
-14
-3
-3
104
-1947
3857
9830844
-19
-1
-2
104
-1967
3823
9831869
1
-5
-1
100
-1972
3820
9832894
13
-8
2
96
-1965
3839
9833919
4
-7
5
91
-1957
3862
9834944
-13
0
4
90
-1969
3846
9835969
-17
2
3
84
-1983
3817
9836994
-1
-2
4
93
-1977
3810
9838019
13
-7
4
96
-1955
3834
9839044
4
-6
5
95
-1939
3852
9831552
-9
-3
6
97
-1953
3846
9832577
-16
-1
5
102
-1965
3835
9833602
-15
-2
6
99
-1982
3824
9834627
-7
-3
5
104
-1983
3827
9835652
1
-4
5
97
-1965
3844
9836677
-3
-2
4
107
-1954
3842
9837702
-12
1
4
100
-1957
3830
9838727
-15
0
5
99
-1970
3831
9839752
-7
0
5
86
-1981
3826
9840777
5
-3
7
84
-1968
3824
9841802
4
-5
7
85
-1966
3853
9842827
-6
-7
7
103
-1981
3849
9843852
-15
-7
6
112
-1977
3832
9844877
-12
-2
7
107
-1968
3825
9845902
4
-2
4
105
-1965
3842
9846927
1
-2
0
97
-1949
3829
9839744
-14
2
1
87
-1968
3823
9840769
-14
1
3
85
-1992
3820
9841794
1
-1
6
89
-1986
3828
9842819
13
-1
5
100
-1970
3841
9843844
3
-1
4
112
-1961
3833
9844869
-15
5
4
114
-1964
3830
9845894
-18
6
5
103
-1992
3821
9846919
-2
3
3
99
-1992
3814
9847944
12
1
0
97
-1976
3831
9848969
10
3
-1
80
-1969
3839
9849994
5
2
-1
82
-1967
3842
9851019
1
3
1
91
-1962
3846
9852044
-2
2
2
91
-1965
3844
9853069
-7
4
3
87
-1968
3842
9854094
-12
3
6
77
-1980
3819
9855119
-4
1
7
78
-1986
3828
9847936
4
-3
6
87
-1989
3830
9848961
6
-6
7
91
-1974
3846
9849986
2
-9
5
85
-1967
3842
9851011
0
-7
5
89
-1976
3840
9852036
10
-7
4
95
-1977
3832
9853061
17
-9
3
95
-1973
3826
9854086
13
-9
4
97
-1958
3840
9855111
0
-6
3
100
-1961
3841
9856136
-7
-1
3
87
-1980
3827
9857161
7
-2
2
94
-1972
3830
9858186
8
1
3
106
-1962
3832
9859211
-10
7
4
96
-1972
3835
9860236
-19
10
5
94
-1958
3826
9861261
-13
11
7
81
-1959
3832
9862286
4
5
5
70
-1977
3836
9863311
23
-2
3
75
-1984
3849
9856128
16
-7
3
82
-1966
3860
9857153
-4
-8
5
86
-1947
3863
9858178
-15
-10
4
91
-1956
3845
9859203
-4
-8
4
94
-1969
3827
9860228
9
-9
5
104
-1960
3827
9861253
2
-9
7
105
-1963
3828
9862278
-11
-6
9
102
-1982
3816
9863303
-11
-3
9
94
-1989
3808
9864328
6
-2
8
89
-1995
3822
9865353
23
-2
7
96
-1966
3837
9866378
21
0
4
100
-1947
3849
9867403
-1
3
1
84
-1941
3849
9868428
-14
4
0
80
-1959
3851
9869453
-6
2
0
80
-1975
3846
9870478
8
-5
1
82
-1965
3840
9871503
7
-9
3
86
-1948
3851
9864320
-13
-6
5
81
-1945
3850
9865345
-31
0
7
74
-1971
3833
9866370
-18
0
7
71
-2002
3822
9867395
9
-7
8
72
-1995
3820
9868420
18
-13
10
78
-1966
3838
9869445
10
-15
11
87
-1950
3843
9870470
2
-9
10
92
-1954
3841
9871495
7
-6
7
107
-1964
3831
9872520
7
-5
6
115
-1967
3835
9873545
-3
-3
6
109
-1965
3832
9874570
-9
0
4
91
-1965
3850
9875595
-10
5
1
82
-1983
3841
9876620
-5
3
1
72
-1985
3820
9877645
2
-4
3
75
-1966
3835
9878670
3
-8
3
87
-1970
3854
9879695
8
-7
2
78
-1963
3853
9872512
3
-2
2
68
-1948
3837
9873537
-10
-3
7
78
-1952
3822
9874562
-8
-6
9
97
-1973
3833
9875587
1
-4
5
114
-1972
3839
9876612
6
-2
3
97
-1971
3835
9877637
2
-1
1
84
-1972
3832
9878662
-8
-3
2
77
-1979
3844
9879687
-10
-3
0
73
-1974
3850
9880712
-3
-4
-2
82
-1956
3850
9881737
7
-4
-1
81
-1938
3835
9882762
1
-2
-1
85
-1952
3828
9883787
-6
0
2
92
-1961
3828
9884812
-6
-2
6
88
-1975
3827
9885837
3
-3
8
93
-1985
3836
9886862
12
-5
7
91
-1960
3850
9887887
9
-4
8
84
-1938
3846
9880704
1
-4
9
83
-1941
3843
9881729
-1
-6
5
89
-1966
3845
9882754
0
-6
2
100
-1958
3849
9883779
-1
-3
-1
96
-1957
3842
9884804
2
-4
0
97
-1954
3840
9885829
2
-3
0
80
-1960
3842
9886854
-6
0
2
68
-1966
3850
9887879
-17
0
2
68
-1973
3850
9888904
-14
-2
4
73
-1983
3822
9889929
9
-5
5
76
-1974
3813
9890954
21
-7
5
78
-1955
3827
9891979
14
-9
6
86
-1937
3840
9893004
0
-7
5
86
-1939
3859
9894029
-5
-3
4
108
-1964
3853
9895054
-8
2
1
103
-1970
3837
9896079
-9
0
3
88
-1978
3825
9888896
3
-5
6
82
-1961
3833
9889921
10
-9
6
70
-1946
3852
9890946
1
-7
6
69
-1958
3864
9891971
-6
-6
6
73
-1962
3849
9892996
-2
-8
8
99
-1961
3827
9894021
6
-9
8
102
-1953
3815
9895046
8
-8
7
98
-1941
3831
9896071
0
-4
6
87
-1939
3844
9897096
-6
-1
6
79
-1970
3852
9898121
-6
-3
6
87
-1984
3852
9899146
-2
-7
5
94
-1975
3839
9900171
0
-6
5
91
-1958
3822
9901196
2
-6
3
85
-1936
3843
9902221
-5
-3
-1
78
-1931
3856
9903246
-14
2
-1
78
-1952
3850
9904271
-13
2
1
85
-1974
3823
9897088
-7
0
3
95
-1980
3815
9898113
-2
-1
6
95
-1970
3817
9899138
0
-2
7
91
-1963
3832
9900163
8
2
6
81
-1950
3852
9901188
5
2
6
83
-1940
3856
9902213
-6
0
5
73
-1952
3838
9903238
-8
-3
2
85
-1960
3844
9904263
-7
-3
3
77
-1971
3836
9905288
2
-7
4
83
-1950
3837
9906313
-1
-9
4
92
-1938
3841
9907338
-10
-5
4
86
-1956
3851
9908363
-17
2
1
78
-1978
3833
9909388
-17
4
4
65
-1995
3821
9910413
-3
-3
7
55
-1988
3820
9911438
13
-10
6
75
-1969
3827
9912463
12
-8
5
79
-1948
3844
9905280
-2
-4
5
90
-1947
3846
9906305
-5
-3
6
93
-1957
3837
9907330
0
-4
3
91
-1960
3828
9908355
-2
-4
2
95
-1971
3836
9909380
-6
-4
3
85
-1979
3842
9910405
-2
-5
2
66
-1981
3836
9911430
8
-9
3
66
-1972
3844
9912455
10
-10
3
87
-1949
3855
9913480
-1
-10
4
86
-1938
3847
9914505
-8
-11
5
76
-1953
3835
9915530
0
-16
8
75
-1965
3834
9916555
5
-21
10
92
-1945
3855
9917580
-11
-17
12
90
-1947
3847
9918605
-17
-16
12
94
-1974
3837
9919630
-2
-18
9
102
-1981
3835
9920655
5
-19
6
119
-1971
3836
9913472
2
-17
2
118
-1954
3837
9914497
-9
-11
-3
98
-1947
3843
9915522
-15
-7
-4
81
-1958
3839
9916547
-4
-7
-4
79
-1963
3823
9917572
0
-6
-1
85
-1970
3835
9918597
0
-5
3
84
-1983
3829
9919622
1
-9
8
89
-1975
3824
9920647
5
-11
10
94
-1954
3838
9921672
7
-11
11
105
-1945
3846
9922697
6
-7
7
117
-1947
3840
9923722
-11
-3
1
110
-1959
3839
9924747
-22
-3
-1
106
-1977
3842
9925772
-12
-8
-2
97
-1984
3835
9926797
2
-9
-3
93
-1959
3843
9927822
-2
-5
-2
91
-1951
3842
9928847
-17
-5
-1
98
-1969
3835
9921664
-14
-6
0
85
-1980
3835
9922689
0
-8
2
84
-1968
3836
9923714
4
-8
6
88
-1973
3831
9924739
-8
-6
7
91
-1966
3822
9925764
-16
-6
9
97
-1969
3820
9926789
-9
-9
10
99
-1981
3822
9927814
2
-9
9
105
-1974
3838
9928839
5
-7
7
114
-1961
3844
9929864
-10
-2
5
99
-1963
3833
9930889
-17
-1
4
99
-1969
3822
9931914
-5
-2
2
112
-1977
3834
9932939
2
-1
0
98
-1969
3850
9933964
-7
2
0
86
-1966
3838
9934989
-18
3
4
86
-1973
3822
9936014
-15
0
6
96
-1985
3814
9937039
-4
0
8
98
-1990
3818
9929857
5
-2
7
99
-1997
3845
9930882
9
-5
6
104
-1994
3847
9931907
3
-5
4
97
-1971
3840
9932932
-6
-5
2
81
-1961
3843
9933957
-4
-5
2
91
-1961
3852
9934982
2
-3
3
98
-1960
3840
9936007
-2
-2
4
90
-1964
3824
9937032
-10
-4
6
103
-1986
3811
9938057
-2
-5
8
109
-1987
3814
9939082
12
-6
8
118
-1977
3828
9940107
15
-4
6
112
-1963
3844
9941132
5
0
5
99
-1950
3838
9942157
-8
3
3
95
-1965
3831
9943182
-8
1
0
87
-1989
3826
9944207
8
-5
0
89
-1987
3832
9945232
12
-9
1
98
-1971
3844
9938048
8
-6
1
99
-1966
3854
9939073
-1
-2
3
92
-1948
3844
9940098
-11
0
4
78
-1957
3833
9941123
-10
-1
5
82
-1985
3831
9942148
-2
-2
4
81
-1990
3833
9943173
2
-4
5
91
-1966
3831
9944198
-1
-5
6
98
-1953
3827
9945223
-8
-3
5
101
-1965
3828
9946248
-7
-3
3
111
-1976
3838
9947273
2
-4
2
103
-1983
3836
9948298
3
-3
4
92
-1962
3839
9949323
-4
-6
6
98
-1963
3840
9950348
-7
-5
5
101
-1962
3839
9951373
-3
-1
3
102
-1978
3835
9952398
-1
-2
3
98
-1969
3833
9953423
3
-5
6
79
-1969
3835
9946240
6
-6
5
88
-1942
3835
9947265
-6
-3
6
90
-1942
3833
9948290
-17
-1
8
96
-1973
3837
9949315
-8
-5
7
104
-2012
3837
9950340
11
-11
3
107
-1996
3838
9951365
13
-9
2
102
-1948
3840
9952390
-4
-5
3
95
-1939
3843
9953415
-18
0
3
96
-1968
3853
9954440
-15
1
1
81
-1983
3833
9955465
-8
1
2
87
-1990
3820
9956490
1
-2
5
89
-1985
3808
9957515
5
-6
7
102
-1972
3823
9958540
2
-5
8
111
-1968
3841
9959565
-1
2
6
107
-1961
3849
9960590
-4
5
4
103
-1959
3833
9961615
-7
3
3
91
-1978
3823
9954433
-1
-3
1
92
-1978
3821
9955458
0
-2
0
94
-1968
3839
9956483
-2
0
1
91
-1960
3844
9957508
-10
1
2
97
-1972
3838
9958533
-14
1
0
91
-1975
3834
9959558
-9
2
1
79
-1976
3814
9960583
0
0
4
72
-1991
3831
9961608
11
-3
5
69
-1981
3839
9962633
10
-7
6
79
-1960
3846
9963658
-3
-4
8
90
-1968
3830
9964683
-3
-6
9
104
-1972
3843
9965708
4
-8
6
111
-1964
3846
9966733
3
-7
5
111
-1957
3830
9967758
-4
-4
5
109
-1963
3836
9968783
-11
-1
4
106
-1980
3831
9969808
-14
0
2
87
-1987
3823
9962815
-9
-3
2
75
-1985
3827
9963840
2
-3
2
75
-1987
3833
9964865
11
-4
1
90
-1977
3832
9965890
3
-3
2
94
-1958
3830
9966915
-8
-4
7
97
-1959
3829
9967940
-5
-2
8
106
-1964
3826
9968965
3
3
6
92
-1953
3825
9969990
8
1
6
84
-1968
3833
9971015
9
-3
5
78
-1991
3845
9972040
4
-5
3
91
-1986
3849
9973065
3
-5
4
98
-1971
3845
9974090
7
-6
2
100
-1947
3840
9975115
5
-4
-2
95
-1934
3836
9976140
-11
-1
-2
93
-1939
3830
9977165
-21
3
1
85
-1983
3820
9978190
-11
2
4
80
-1994
3818
9970815
3
-2
7
82
-1986
3815
9971840
8
-3
8
99
-1984
3820
9972865
1
3
9
106
-1968
3835
9973890
-5
6
8
97
-1956
3838
9974915
-2
4
6
86
-1973
3832
9975940
7
2
3
85
-1978
3833
9976965
10
-1
2
79
-1968
3842
9977990
8
-5
2
81
-1955
3842
9979015
4
-5
2
98
-1951
3852
9980040
-1
-2
2
99
-1957
3857
9981065
-5
3
0
85
-1975
3844
9982090
-5
3
0
64
-1986
3827
9983115
1
-3
4
62
-1984
3821
9984140
0
-7
8
67
-1971
3826
9985165
-1
-7
8
80
-1973
3834
9986190
1
-3
4
93
-1971
3838
9979009
4
-4
3
102
-1969
3824
9980034
3
-4
5
107
-1966
3818
9981059
2
-1
7
101
-1973
3838
9982084
-3
0
5
87
-1971
3848
9983109
-2
-1
1
79
-1981
3848
9984134
4
-3
1
74
-1971
3831
9985159
7
-2
3
85
-1956
3834
9986184
5
-3
3
82
-1959
3839
9987209
3
-6
2
75
-1966
3848
9988234
3
-7
1
83
-1964
3848
9989259
0
-4
4
84
-1954
3835
9990284
-5
-4
7
88
-1949
3832
9991309
-9
-3
8
85
-1955
3828
9992334
-4
-4
7
83
-1970
3834
9993359
2
-3
6
81
-1982
3845
9994384
1
-5
7
84
-1985
3845
9987200
-1
-7
6
93
-1985
3838
9988225
4
-7
3
86
-1959
3834
9989250
2
-3
0
77
-1931
3851
9990275
-7
2
0
65
-1949
3850
9991300
-9
-2
-1
76
-1970
3839
9992325
-1
-4
2
92
-1977
3831
9993350
2
-1
5
92
-1968
3822
9994375
-2
-2
7
90
-1959
3828
9995400
-1
-4
8
95
-1964
3839
9996425
2
-1
7
87
-1955
3846
9997450
-3
3
5
82
-1953
3842
9998475
-8
0
3
71
-1974
3839
9999500
0
-5
1
83
-1980
3848
10000525
9
-5
1
89
-1966
3844
10001550
4
-4
2
92
-1939
3852
10002575
-9
-3
2
86
-1951
3852
9995392
-16
-1
3
70
-1980
3852
9996417
-14
1
4
72
-1987
3832
9997442
-7
-3
6
71
-1983
3821
9998467
2
-6
7
88
-1971
3821
9999492
2
-5
5
92
-1968
3827
10000517
-2
-2
3
84
-1970
3843
10001542
0
1
3
72
-1968
3832
10002567
4
-3
4
79
-1966
3833
10003592
2
-6
5
89
-1966
3845
10004617
-3
-4
3
90
-1957
3847
10005642
-10
1
2
91
-1964
3838
10006667
-11
1
1
78
-1974
3825
10007692
1
-4
4
71
-1984
3835
10008717
12
-9
3
68
-1986
3845
10009742
13
-7
1
76
-1971
3849
10010767
-1
-4
2
84
-1956
3834
10003585
-13
-4
5
85
-1961
3822
10004610
1
-6
6
76
-1977
3834
10005635
16
-7
4
77
-1956
3847
10006660
4
-2
5
81
-1933
3847
10007685
-18
2
6
78
-1965
3838
10008710
-17
-1
6
83
-1998
3841
10009735
6
-5
4
102
-2004
3834
10010760
17
-5
3
93
-1973
3833
10011785
3
-3
3
84
-1933
3837
10012810
-9
0
2
68
-1936
3847
10013835
-8
-2
-1
63
-1954
3851
10014860
-3
-4
-1
77
-1977
3834
10015885
1
-2
3
84
-1973
3822
10016910
-4
-2
7
89
-1964
3828
10017935
-6
-4
9
87
-1966
3836
10018960
-1
-5
8
96
-1960
3842
10011775
-1
0
6
88
-1966
3836
10012800
-3
1
5
76
-1973
3825
10013825
-1
-6
5
66
-1974
3826
10014850
5
-11
3
73
-1958
3846
10015875
2
-9
3
96
-1953
3855
10016900
-8
-1
0
98
-1949
3849
10017925
-18
3
1
88
-1965
3831
10018950
-15
1
4
72
-1994
3830
10019975
-1
-2
6
61
-1996
3836
10021000
7
-3
6
59
-1965
3835
10022025
2
-3
5
71
-1954
3832
10023050
-6
-4
3
82
-1958
3827
10024075
-8
-3
3
87
-1966
3830
10025100
-1
-4
4
89
-1972
3837
10026125
2
-4
6
82
-1958
3846
10027150
-4
-5
7
87
-1959
3841
10019968
-10
-4
5
87
-1965
3838
10020993
-5
-2
3
78
-1977
3830
10022018
1
-4
3
70
-1984
3843
10023043
7
-6
4
80
-1982
3829
10024068
9
-6
3
84
-1979
3827
10025093
13
-7
3
79
-1973
3844
10026118
18
-7
2
84
-1955
3847
10027143
8
-4
3
92
-1944
3835
10028168
-7
-3
7
84
-1967
3838
10029193
-10
-2
6
76
-1967
3840
10030218
-2
-2
4
74
-1964
3827
10031243
2
-3
6
72
-1964
3845
10032268
-2
-4
6
79
-1978
3852
10033293
-6
-5
4
99
-1992
3845
10034318
0
-6
3
98
-1977
3834
10035343
6
-2
0
91
-1946
3833
10028160
3
0
0
84
-1939
3839
10029185
-4
-1
0
68
-1949
3841
10030210
-10
-1
1
65
-1971
3840
10031235
-5
-1
4
68
-1986
3828
10032260
4
-5
8
78
-1975
3828
10033285
8
-7
9
91
-1955
3847
10034310
8
-4
9
101
-1941
3855
10035335
-2
0
6
91
-1963
3835
10036360
-8
0
5
83
-1979
3830
10037385
-3
-3
4
73
-1985
3837
10038410
10
-7
2
79
-1966
3847
10039435
12
-7
1
89
-1945
3850
10040460
-4
-3
0
81
-1949
3859
10041485
-18
0
0
69
-1971
3848
10042510
-16
0
3
60
-1978
3834
10043535
-1
-3
7
58
-1984
3834
10036351
6
-5
6
84
-1962
3832
10037376
-1
-3
3
82
-1962
3817
10038401
-9
-1
4
74
-1959
3824
10039426
-5
-2
6
72
-1966
3840
10040451
5
-5
6
73
-1975
3845
10041476
3
-6
4
77
-1964
3857
10042501
-6
-6
5
86
-1946
3856
10043526
-16
-4
6
90
-1945
3830
10044551
-17
-4
6
88
-1972
3820
10045576
-3
-5
3
89
-1989
3830
10046601
10
-6
1
76
-1983
3840
10047626
7
-6
3
70
-1961
3837
10048651
-1
-5
6
70
-1964
3827
10049676
-1
-6
5
75
-1972
3844
10050701
6
-7
2
82
-1961
3848
10051726
2
-4
3
76
-1954
3835
10044544
-4
-4
6
77
-1958
3830
10045569
-10
-3
6
79
-1953
3829
10046594
-7
-3
6
78
-1976
3836
10047619
4
-3
3
85
-2001
3850
10048644
7
-2
1
92
-1996
3845
10049669
1
-3
2
90
-1975
3822
10050694
2
-3
2
84
-1954
3826
10051719
9
-5
0
74
-1941
3844
10052744
8
-2
-2
73
-1941
3856
10053769
-7
0
0
63
-1943
3852
10054794
-17
-2
4
66
-1978
3830
10055819
-7
-7
6
85
-1997
3813
10056844
7
-7
8
94
-1980
3828
10057869
12
-4
8
91
-1965
3838
10058894
3
-2
8
75
-1946
3843
10059919
-6
-2
8
71
-1969
3837
10052737
0
-5
5
73
-1985
3838
10053762
8
-7
4
73
-1973
3842
10054787
9
-10
4
76
-1955
3844
10055812
3
-8
3
84
-1945
3854
10056837
-8
-2
1
91
-1957
3854
10057862
-17
0
2
78
-1972
3839
10058887
-10
0
5
57
-1987
3820
10059912
2
-2
6
58
-1983
3830
10060937
6
-1
6
58
-1965
3839
10061962
1
-4
5
80
-1964
3841
10062987
-3
-4
4
93
-1959
3840
10064012
-5
-3
5
92
-1959
3840
10065037
-2
-2
5
88
-1962
3839
10066062
4
-4
4
77
-1964
3843
10067087
2
-6
5
78
-1956
3850
10068112
-6
-5
7
82
-1955
3843
10060927
-8
-4
5
82
-1962
3839
10061952
-2
-3
3
83
-1966
3843
10062977
6
-4
1
69
-1969
3836
10064002
8
-7
2
70
-1962
3836
10065027
6
-8
3
78
-1952
3843
10066052
-4
-5
3
78
-1945
3853
10067077
-12
-4
6
68
-1957
3842
10068102
-9
-5
6
72
-1972
3833
10069127
-3
-6
7
77
-1968
3823
10070152
2
-8
7
83
-1962
3839
10071177
0
-8
6
80
-1974
3863
10072202
-2
-6
1
84
-1993
3855
10073227
-2
-6
0
85
-1989
3838
10074252
-1
-8
2
82
-1967
3832
10075277
3
-9
3
72
-1938
3842
10076302
-3
-9
3
74
-1932
3848
10069120
-16
-6
2
88
-1947
3835
10070145
-21
-3
1
81
-1982
3824
10071170
-6
-7
5
75
-1997
3819
10072195
13
-13
8
84
-1981
3836
10073220
14
-12
8
96
-1943
3860
10074245
-1
-6
7
98
-1938
3856
10075270
-12
-1
5
81
-1957
3834
10076295
-11
-4
2
75
-1979
3831
10077320
1
-11
1
75
-1977
3837
10078345
8
-13
0
85
-1957
3845
10079370
0
-10
-1
94
-1944
3852
10080395
-16
-3
-1
84
-1955
3848
10081420
-25
1
1
79
-1988
3834
10082445
-13
-4
3
67
-2002
3829
10083470
5
-8
5
79
-1983
3824
10084495
6
-7
5
80
-1959
3831
10077313
-8
-6
4
87
-1957
3831
10078338
-17
-5
3
86
-1970
3828
10079363
-11
-6
3
88
-1968
3836
10080388
-4
-8
1
105
-1972
3837
10081413
0
-7
1
93
-1967
3844
10082438
-6
-8
2
83
-1967
3847
10083463
-16
-8
4
83
-1974
3838
10084488
-16
-8
5
98
-1976
3818
10085513
-6
-8
5
102
-1982
3826
10086538
1
-9
2
88
-1973
3835
10087563
-3
-8
4
90
-1975
3828
10088588
-2
-9
4
80
-1977
3834
10089613
2
-10
4
84
-1970
3841
10090638
-3
-7
4
88
-1965
3840
10091663
-5
-6
6
90
-1986
3840
10092688
-4
-9
4
85
-1996
3835
10085505
-1
-11
2
99
-1981
3838
10086530
0
-9
2
95
-1970
3831
10087555
-3
-8
2
88
-1956
3827
10088580
-8
-4
2
87
-1952
3835
10089605
-16
1
4
82
-1976
3828
10090630
-18
3
5
101
-2000
3813
10091655
-4
3
7
101
-2002
3809
10092680
8
2
8
110
-1988
3813
10093705
10
-1
8
106
-1972
3830
10094730
6
1
6
95
-1952
3846
10095755
-1
4
5
85
-1952
3842
10096780
-4
1
3
83
-1967
3836
10097805
-2
-2
0
80
-1981
3844
10098830
-3
-4
0
87
-1979
3847
10099855
-6
-3
2
83
-1977
3840
10100880
-2
-2
2
90
-1973
3831
10093697
1
1
4
83
-1973
3822
10094722
1
2
5
75
-1982
3819
10095747
0
1
6
71
-1984
3825
10096772
0
0
5
80
-1976
3823
10097797
1
-3
4
80
-1970
3830
10098822
-3
-2
2
94
-1969
3838
10099847
-7
2
3
89
-1981
3836
10100872
-3
1
1
81
-1993
3845
10101897
2
-3
2
85
-1993
3833
10102922
3
-5
6
79
-1978
3840
10103947
4
-5
8
81
-1972
3832
10104972
6
-5
7
89
-1969
3835
10105997
9
-5
4
90
-1961
3846
10107022
6
-5
3
90
-1963
3838
10108047
3
-4
6
82
-1969
3835
10109072
1
-3
6
81
-1971
3832
10101887
1
-2
6
76
-1975
3832
10102912
4
-4
5
88
-1976
3837
10103937
6
-5
5
91
-1981
3844
10104962
5
-5
4
97
-1974
3845
10105987
1
-3
2
97
-1978
3837
10107012
4
-3
1
81
-1971
3832
10108037
7
-3
0
82
-1958
3847
10109062
1
-2
0
80
-1947
3845
10110087
-8
1
1
76
-1958
3816
10111112
-10
0
5
89
-1967
3820
10112137
-6
0
6
79
-1976
3833
10113162
-1
-1
7
89
-1985
3835
10114187
7
-3
7
84
-1959
3833
10115212
9
-5
10
88
-1936
3838
10116237
3
-4
8
103
-1948
3841
10117262
-2
0
3
94
-1968
3839
10110081
0
-2
0
79
-1978
3841
10111106
4
-7
1
78
-1969
3836
10112131
1
-8
4
81
-1959
3837
10113156
-6
-8
5
89
-1959
3858
10114181
-9
-2
3
89
-1966
3853
10115206
-8
2
0
79
-1976
3831
10116231
-4
-1
1
76
-1978
3827
10117256
-1
-2
2
85
-1978
3823
10118281
1
-1
0
80
-1975
3834
10119306
-1
0
3
66
-1971
3833
10120331
-3
-3
5
72
-1971
3829
10121356
-1
-6
4
88
-1974
3838
10122381
2
-5
2
85
-1971
3845
10123406
1
-2
0
87
-1952
3843
10124431
-6
0
1
80
-1965
3833
10125456
-10
-2
2
80
-1983
3839
10118272
-4
-3
3
93
-1984
3837
10119297
4
-3
5
90
-1968
3834
10120322
4
-4
5
77
-1952
3829
10121347
2
-4
6
83
-1950
3828
10122372
2
-3
5
85
-1964
3838
10123397
2
-4
3
84
-1973
3846
10124422
0
-6
6
78
-1974
3855
10125447
-4
-8
6
85
-1980
3844
10126472
0
-6
6
82
-1994
3838
10127497
9
-7
2
84
-1969
3835
10128522
5
-7
1
77
-1944
3836
10129547
-4
-3
1
76
-1954
3840
10130572
-7
1
2
66
-1979
3827
10131597
-1
-2
4
73
-1988
3825
10132622
7
-4
6
89
-1975
3825
10133647
8
-3
6
96
-1961
3836
10126463
3
1
5
97
-1954
3854
10127488
0
3
1
88
-1948
3851
10128513
-2
2
0
73
-1969
3834
10129538
1
0
0
71
-1969
3832
10130563
2
-2
0
74
-1965
3842
10131588
0
-6
1
79
-1963
3848
10132613
-3
-5
2
81
-1957
3841
10133638
-3
-3
3
85
-1958
3844
10134663
-6
0
5
76
-1968
3843
10135688
-9
1
5
69
-1984
3833
10136713
-6
-1
6
63
-1983
3825
10137738
-1
-4
8
68
-1965
3826
10138763
-1
-3
8
75
-1961
3840
10139788
-1
-3
6
87
-1959
3844
10140813
-2
-3
4
99
-1961
3844
10141838
-6
0
5
101
-1960
3832
10134656
-13
1
5
97
-1975
3831
10135681
-8
0
2
91
-1986
3838
10136706
3
-1
-1
73
-1974
3843
10137731
7
-1
0
59
-1965
3844
10138756
0
-2
1
75
-1956
3837
10139781
-10
-4
3
73
-1961
3836
10140806
-7
-5
4
68
-1982
3835
10141831
6
-6
6
83
-1968
3847
10142856
1
-6
6
88
-1955
3837
10143881
-12
-3
9
83
-1960
3823
10144906
-13
0
7
86
-1998
3833
10145931
-1
-1
3
78
-2014
3840
10146956
11
-6
2
63
-2000
3834
10147981
11
-8
2
65
-1969
3850
10149006
-1
-4
1
73
-1948
3857
10150031
-14
0
0
74
-1945
3838
10142849
-17
2
2
82
-1972
3821
10143874
-5
0
4
83
-1983
3816
10144899
6
-4
7
79
-1975
3819
10145924
7
-5
8
76
-1970
3842
10146949
-1
-3
7
78
-1956
3860
10147974
-10
-1
7
74
-1961
3850
10148999
-3
-1
6
78
-1968
3831
10150024
6
-6
5
81
-1968
3836
10151049
8
-9
4
86
-1974
3833
10152074
3
-8
2
87
-1961
3841
10153099
-5
-5
2
82
-1963
3841
10154124
0
-3
1
70
-1963
3843
10155149
5
-3
0
58
-1972
3844
10156174
-3
-2
1
60
-1982
3844
10157199
-10
-1
3
64
-1977
3835
10158224
-9
-2
6
69
-1976
3816
10151039
0
-4
7
82
-1973
3814
10152064
11
-5
5
86
-1963
3831
10153089
10
-6
4
87
-1954
3838
10154114
0
-4
4
85
-1958
3848
10155139
-13
0
5
77
-1961
3843
10156164
-9
1
5
59
-1982
3836
10157189
2
-4
4
72
-1976
3844
10158214
6
-7
3
80
-1961
3853
10159239
-4
-5
3
88
-1940
3837
10160264
-16
0
4
85
-1958
3830
10161289
-13
-1
2
72
-1991
3831
10162314
-1
-7
4
71
-2004
3839
10163339
13
-12
6
66
-1975
3835
10164364
13
-13
7
62
-1941
3845
10165389
2
-11
7
74
-1941
3854
10166414
-9
-8
5
81
-1964
3843
10159233
-8
-5
6
83
-1987
3824
10160258
5
-9
7
77
-1999
3824
10161283
11
-11
6
97
-1990
3838
10162308
8
-9
3
92
-1969
3841
10163333
3
-5
0
70
-1955
3861
10164358
-1
0
-4
67
-1948
3847
10165383
0
1
-4
66
-1959
3832
10166408
-4
-2
1
67
-1964
3820
10167433
-7
-2
5
77
-1972
3830
10168458
-7
-1
8
85
-1976
3828
10169483
5
-3
9
85
-1974
3821
10170508
19
-4
8
96
-1954
3842
10171533
12
-3
8
87
-1932
3864
10172558
-5
-2
6
72
-1939
3859
10173583
-7
-3
2
71
-1963
3846
10174608
7
-7
1
75
-1973
3846
10167424
13
-11
3
84
-1946
3845
10168449
3
-9
3
97
-1933
3847
10169474
-9
-5
2
86
-1943
3852
10170499
-12
-2
0
63
-1970
3838
10171524
-10
0
3
50
-1994
3826
10172549
1
-3
6
59
-1991
3826
10173574
11
-8
7
77
-1962
3837
10174599
6
-7
5
86
-1960
3846
10175624
0
-2
4
87
-1958
3848
10176649
-1
0
5
88
-1956
3844
10177674
-2
-2
5
88
-1965
3845
10178699
-5
-2
5
97
-1966
3838
10179724
-4
-2
5
83
-1957
3849
10180749
-4
-3
5
79
-1948
3851
10181774
-6
-2
4
73
-1959
3846
10182799
-8
-2
2
76
-1973
3833
10175759
-4
-4
3
78
-1982
3836
10176784
6
-8
4
74
-1970
3849
10177809
9
-10
5
77
-1948
3859
10178834
2
-5
5
81
-1932
3838
10179859
-10
-2
6
71
-1952
3831
10180884
-11
-6
7
76
-1972
3839
10181909
-3
-7
8
83
-1976
3837
10182934
1
-5
7
88
-1961
3829
10183959
-2
-3
5
80
-1969
3839
10184984
2
-7
4
88
-1980
3844
10186009
10
-7
2
80
-1982
3850
10187034
8
-5
0
74
-1944
3866
10188059
-11
-1
0
76
-1925
3854
10189084
-20
0
0
69
-1965
3824
10190109
-8
-1
0
75
-1981
3809
10191134
6
-5
3
81
-1972
3818
10183809
4
-6
7
81
-1961
3830
10184834
-3
-5
10
81
-1960
3843
10185859
-1
-5
8
84
-1958
3852
10186884
3
-2
7
77
-1955
3854
10187909
-1
-3
10
81
-1954
3853
10188934
-12
-4
10
81
-1947
3845
10189959
-13
-5
7
80
-1953
3835
10190984
-5
-6
1
77
-1966
3828
10192009
2
-8
1
88
-1969
3830
10193034
0
-9
7
91
-1955
3833
10194059
-12
-8
12
69
-1954
3828
10195084
-15
-10
14
52
-1963
3837
10196109
0
-13
11
53
-1968
3850
10197134
11
-15
6
67
-1962
3843
10198159
2
-10
3
74
-1958
3848
10199184
-12
-4
1
85
-1970
3826
10192000
-11
-5
0
94
-1987
3819
10193025
9
-9
-1
99
-1980
3839
10194050
18
-9
-1
101
-1948
3844
10195075
4
-5
0
88
-1935
3854
10196100
-13
-4
1
83
-1948
3855
10197125
-24
-5
-1
72
-1969
3852
10198150
-19
-6
2
75
-1990
3836
10199175
1
-7
2
75
-1975
3833
10200200
6
-8
1
79
-1959
3841
10201225
-10
-6
2
82
-1948
3846
10202250
-26
-4
6
76
-1972
3839
10203275
-20
-5
7
82
-1983
3817
10204300
-1
-4
5
99
-1970
3817
10205325
5
-4
5
99
-1955
3828
10206350
-4
-7
7
92
-1978
3847
10207375
-9
-10
5
90
-1981
3858
10200193
-11
-9
3
87
-1975
3849
10201218
-6
-6
1
74
-1963
3837
10202243
-3
-8
0
79
-1951
3837
10203268
-9
-7
2
85
-1946
3837
10204293
-25
-5
4
95
-1966
3829
10205318
-27
-3
6
87
-2000
3822
10206343
-8
-6
9
88
-2006
3820
10207368
11
-11
10
89
-1987
3816
10208393
12
-11
11
98
-1953
3838
10209418
-4
-4
8
101
-1946
3850
10210443
-16
2
4
89
-1973
3836
10211468
-8
2
0
80
-2000
3823
10212493
3
-2
-1
85
-1997
3827
10213518
4
-2
1
88
-1981
3830
10214543
-7
0
3
92
-1965
3837
10215568
-15
4
2
84
-1979
3829
10208383
-9
6
2
74
-1995
3829
10209408
2
2
4
68
-1989
3829
10210433
5
0
7
64
-1967
3836
10211458
-6
1
5
76
-1961
3830
10212483
-20
4
4
76
-1982
3830
10213508
-9
2
4
78
-1996
3833
10214533
8
-3
5
88
-1990
3829
10215558
8
-6
7
87
-1967
3839
10216583
-8
-3
7
97
-1964
3842
10217608
-17
1
5
87
-1985
3830
10218633
-2
-2
4
81
-1998
3819
10219658
18
-7
3
87
-1982
3835
10220683
13
-7
2
81
-1952
3838
10221708
-2
-5
3
75
-1952
3839
10222733
-3
-3
3
64
-1972
3840
10223758
3
-4
2
83
-1973
3824
10216575
4
-1
4
82
-1967
3828
10217600
2
0
6
82
-1982
3835
10218625
2
-2
7
79
-2002
3843
10219650
5
-4
4
85
-1991
3843
10220675
4
-4
3
76
-1974
3834
10221700
-2
-1
4
87
-1956
3833
10222725
-7
2
3
82
-1963
3839
10223750
-9
4
2
73
-1971
3833
10224775
-2
1
3
71
-1983
3815
10225800
4
0
4
72
-1984
3831
10226825
3
1
7
86
-1980
3829
10227850
1
0
6
81
-1973
3839
10228875
6
-1
6
85
-1960
3845
10229900
9
0
4
85
-1947
3841
10230925
3
1
3
77
-1961
3838
10231950
-12
2
1
77
-1977
3828
10224768
-18
0
3
73
-1998
3820
10225793
-6
-5
5
72
-1987
3826
10226818
6
-8
6
65
-1963
3843
10227843
5
-3
4
70
-1953
3847
10228868
-8
3
3
61
-1968
3838
10229893
-13
1
4
66
-1987
3831
10230918
-6
-1
6
75
-1979
3834
10231943
-2
-1
7
71
-1974
3826
10232968
-4
0
5
70
-1969
3823
10233993
-5
-4
6
85
-1973
3823
10235018
-2
-5
6
86
-1968
3834
10236043
-5
-2
5
83
-1965
3835
10237068
-12
2
2
70
-1973
3830
10238093
-11
2
1
75
-1999
3838
10239118
1
-2
3
72
-1996
3832
10240143
11
-5
4
66
-1970
3841
10232960
8
-4
4
68
-1953
3845
10233985
-3
-2
2
70
-1967
3837
10235010
-6
-4
3
69
-1979
3833
10236035
0
-6
4
77
-1989
3826
10237060
1
-4
4
84
-1961
3827
10238085
-9
0
5
83
-1964
3824
10239110
-12
2
6
73
-1998
3828
10240135
2
-1
3
72
-2013
3838
10241160
8
-2
2
75
-2004
3843
10242185
1
-2
4
60
-1987
3841
10243210
-2
-1
4
57
-1961
3836
10244235
-3
-1
4
48
-1955
3844
10245260
-5
-2
5
51
-1960
3835
10246285
-5
-3
7
62
-1977
3825
10247310
-8
-6
11
73
-1988
3824
10248335
-3
-6
12
82
-1984
3818
10241151
0
-5
12
85
-1983
3823
10242176
-1
-3
12
79
-1974
3836
10243201
-2
-2
11
81
-1973
3829
10244226
0
-2
6
67
-1984
3830
10245251
4
-5
2
74
-1978
3844
10246276
4
-6
-1
76
-1971
3842
10247301
3
-7
-3
84
-1955
3841
10248326
-7
-2
-1
80
-1956
3840
10249351
-16
3
1
69
-1986
3836
10250376
-19
3
1
51
-2011
3836
10251401
-9
0
2
41
-2013
3812
10252426
7
-4
7
40
-1989
3819
10253451
8
-7
8
66
-1975
3824
10254476
-3
-1
5
72
-1982
3839
10255501
-9
1
4
71
-1990
3837
10256526
-1
-3
8
71
-1985
3822
10249344
6
-7
11
76
-1961
3825
10250369
3
-6
8
92
-1950
3840
10251394
-10
-2
4
86
-1959
3838
10252419
-21
0
0
63
-1984
3835
10253444
-12
-2
1
59
-1999
3827
10254469
8
-7
1
66
-2005
3826
10255494
16
-8
-1
71
-1979
3835
10256519
5
-4
0
65
-1960
3842
10257544
-8
-3
3
58
-1971
3838
10258569
-11
-4
6
67
-1985
3834
10259594
-7
-2
7
65
-1990
3825
10260619
0
-4
8
62
-2007
3822
10261644
7
-8
10
72
-2011
3840
10262669
3
-7
8
82
-2002
3840
10263694
-2
-3
6
67
-1975
3826
10264719
-1
-3
5
59
-1965
3824
10257537
7
-7
3
55
-1957
3840
10258562
5
-7
0
62
-1944
3848
10259587
-11
-3
0
80
-1961
3842
10260612
-20
1
2
84
-1987
3816
10261637
-4
-2
4
82
-1993
3810
10262662
14
-6
2
85
-1990
3833
10263687
11
-3
1
81
-1975
3849
10264712
-11
3
3
58
-1976
3833
10265737
-16
2
6
41
-2005
3806
10266762
6
-7
5
42
-2000
3812
10267787
21
-13
6
58
-1979
3845
10268812
9
-11
5
77
-1961
3855
10269837
-6
-6
6
77
-1956
3830
10270862
-10
-1
5
73
-1958
3828
10271887
-11
1
4
61
-1991
3826
10272912
-3
-2
2
57
-2002
3820
10265727
8
-6
2
59
-1983
3833
10266752
12
-5
0
77
-1971
3836
10267777
2
0
-2
91
-1966
3837
10268802
-7
4
-3
86
-1981
3840
10269827
-12
4
0
75
-1999
3828
10270852
-9
1
5
59
-2000
3815
10271877
1
-3
8
51
-1993
3831
10272902
6
-6
8
46
-1978
3845
10273927
0
-5
7
65
-1960
3848
10274952
-11
-4
7
65
-1970
3828
10275977
-10
-5
9
60
-1993
3820
10277002
8
-10
8
76
-1988
3823
10278027
19
-9
5
79
-1965
3842
10279052
13
-7
4
74
-1951
3834
10280077
-1
-5
5
76
-1958
3831
10281102
-6
-4
1
77
-1971
3843
10273920
-8
-1
-1
73
-1985
3841
10274945
-4
-1
2
62
-2023
3819
10275970
6
-5
5
64
-2007
3826
10276995
4
-6
6
65
-2001
3834
10278020
3
-6
6
60
-1980
3850
10279045
1
-4
3
53
-1965
3843
10280070
4
-2
3
56
-1963
3829
10281095
5
-5
4
57
-1965
3828
10282120
0
-9
6
77
-1973
3828
10283145
-1
-8
7
76
-1963
3820
10284170
4
-7
6
76
-1969
3820
10285195
11
-6
4
89
-1978
3842
10286220
15
-6
3
94
-1968
3850
10287245
10
-4
1
83
-1959
3846
10288270
-9
1
0
67
-1984
3825
10289295
-9
-3
4
57
-2000
3817
10282112
11
-9
3
58
-1981
3837
10283137
18
-10
4
64
-1967
3850
10284162
8
-9
3
61
-1940
3854
10285187
-15
-1
2
62
-1957
3845
10286212
-23
3
4
59
-1997
3820
10287237
1
-1
5
60
-2006
3817
10288262
20
-7
7
79
-1971
3835
10289287
15
-6
7
70
-1949
3839
10290312
3
-2
4
59
-1956
3832
10291337
0
-3
2
67
-1956
3829
10292362
3
-6
3
87
-1964
3854
10293387
2
-7
1
95
-1960
3862
10294412
-8
-1
1
81
-1967
3843
10295437
-10
0
3
64
-1967
3823
10296462
-6
-5
6
52
-1980
3825
10297487
7
-9
7
54
-1994
3850
10290304
19
-10
5
69
-1969
3859
10291329
7
-9
6
72
-1952
3843
10292354
-7
-6
7
75
-1949
3830
10293379
-11
-6
9
73
-1958
3831
10294404
-12
-6
8
77
-1963
3831
10295429
-9
-2
6
75
-1966
3834
10296454
-2
0
3
73
-1967
3827
10297479
2
-3
2
70
-1984
3840
10298504
-2
-5
0
75
-2002
3848
10299529
-6
-2
-1
75
-1996
3846
10300554
0
1
-1
59
-1971
3844
10301579
4
-2
0
62
-1941
3843
10302604
-6
-3
1
50
-1941
3836
10303629
-14
-3
1
53
-1966
3829
10304654
-11
-3
4
55
-1989
3816
10305679
-4
-9
8
66
-1987
3821
10298497
7
-12
10
82
-1974
3834
10299522
6
-9
8
86
-1951
3865
10300547
-1
-2
4
79
-1958
3835
10301572
-6
0
2
70
-1961
3819
10302597
-5
-6
2
73
-1967
3827
10303622
-5
-8
0
71
-1970
3860
10304647
-7
-4
-2
67
-1983
3853
10305672
-16
0
-1
71
-1981
3830
10306697
-15
-1
4
58
-1982
3825
10307722
-9
-6
6
58
-1986
3841
10308747
-9
-6
6
55
-1990
3843
10309772
-5
-4
6
60
-1984
3831
10310797
0
-5
6
67
-1983
3822
10311822
7
-8
6
73
-1968
3828
10312847
6
-9
4
80
-1956
3837
10313872
-4
-7
3
84
-1956
3837
10306687
-9
-4
0
92
-1966
3832
10307712
-7
-4
-1
92
-1981
3833
10308737
-6
-5
-1
76
-1981
3834
10309762
-10
-7
0
71
-1981
3854
10310787
-14
-6
0
66
-1998
3839
10311812
-10
-6
2
70
-1996
3836
10312837
-2
-7
4
68
-1985
3824
10313862
0
-9
8
64
-1967
3812
10314887
1
-11
10
74
-1977
3814
10315912
-3
-7
11
77
-1966
3822
10316937
-4
-6
10
80
-1980
3829
10317962
0
-6
7
75
-2000
3829
10318987
7
-8
4
79
-1986
3842
10320012
3
-8
-1
78
-1967
3833
10321037
-4
-4
-4
72
-1958
3840
10322062
-7
0
-3
74
-1959
3845
10314913
-16
4
-3
72
-1960
3831
10315938
-25
3
1
64
-1998
3810
10316963
-14
-1
6
87
-2011
3813
10317988
7
-3
8
94
-2001
3814
10319013
11
-3
10
91
-1974
3832
10320038
0
1
10
94
-1953
3844
10321063
-17
4
10
87
-1963
3836
10322088
-11
3
5
81
-1987
3815
10323113
7
-2
0
77
-1988
3826
10324138
9
-3
-1
66
-1976
3839
10325163
-7
-2
-1
68
-1973
3844
10326188
-20
1
0
72
-1983
3843
10327213
-12
5
2
74
-2004
3823
10328238
3
4
2
68
-2002
3821
10329263
5
3
5
50
-1997
3818
10330288
3
3
6
41
-1979
3818
10323072
-1
0
5
52
-1984
3823
10324097
-6
-1
5
66
-1975
3833
10325122
-8
1
4
88
-1976
3837
10326147
-5
3
2
87
-1986
3833
10327172
-4
5
3
79
-1983
3822
10328197
-9
1
7
75
-1991
3816
10329222
-10
-4
9
63
-1993
3829
10330247
0
-4
8
61
-1982
3844
10331272
3
-2
4
59
-1971
3834
10332297
-4
-1
5
52
-1968
3820
10333322
-7
-4
5
58
-1985
3830
10334347
3
-8
5
68
-1997
3839
10335372
12
-6
6
74
-1990
3845
10336397
6
-3
7
73
-1987
3840
10337422
2
-4
8
73
-1999
3810
10338447
5
-4
6
78
-1996
3817
10331264
6
-2
4
78
-1987
3829
10332289
6
0
1
61
-1977
3853
10333314
9
2
-2
56
-1966
3835
10334339
6
3
-2
67
-1957
3832
10335364
-5
3
1
64
-1969
3825
10336389
-3
2
2
75
-1983
3828
10337414
-3
0
3
71
-1982
3837
10338439
-9
0
5
67
-1981
3841
10339464
-3
-2
6
65
-1972
3836
10340489
-3
-2
6
63
-1969
3830
10341514
0
-2
5
65
-1991
3823
10342539
4
-3
2
59
-1987
3818
10343564
5
-8
6
59
-1981
3820
10344589
7
-11
6
64
-1974
3834
10345614
9
-9
5
76
-1963
3852
10346639
0
-4
4
65
-1969
3854
10339457
-12
-3
5
47
-1979
3842
10340482
-11
-3
6
57
-1993
3832
10341507
-2
-2
7
56
-1993
3812
10342532
0
-2
5
60
-1985
3818
10343557
-6
-1
2
60
-1982
3828
10344582
-6
-1
2
64
-1991
3818
10345607
7
-1
2
71
-1986
3820
10346632
9
-2
3
73
-1980
3833
10347657
-1
-2
4
67
-1976
3834
10348682
-8
-1
4
65
-1971
3835
10349707
-7
-2
4
56
-1969
3835
10350732
2
-3
4
60
-1976
3838
10351757
10
-5
3
53
-1977
3838
10352782
7
-6
4
54
-1966
3843
10353807
-3
-5
5
59
-1967
3840
10354832
-5
-5
6
60
-1992
3830
10347648
4
-8
4
62
-2005
3839
10348673
11
-12
2
76
-1994
3844
10349698
2
-11
5
62
-1982
3824
10350723
-9
-8
8
51
-1963
3818
10351748
-11
-9
7
52
-1960
3824
10352773
-12
-8
5
54
-1966
3840
10353798
-11
-6
4
76
-1992
3839
10354823
3
-3
1
90
-1993
3811
10355848
8
0
4
86
-1986
3822
10356873
4
1
7
78
-1989
3826
10357898
8
0
8
66
-1984
3840
10358923
12
-1
7
59
-1965
3851
10359948
14
-3
3
60
-1959
3843
10360973
4
-5
0
66
-1956
3840
10361998
-10
-6
0
52
-1973
3843
10363023
-3
-7
2
50
-1988
3846
10355839
13
-11
3
58
-1989
3835
10356864
11
-11
4
73
-1965
3839
10357889
-8
-4
6
82
-1961
3839
10358914
-23
2
4
65
-1974
3827
10359939
-11
3
3
46
-2006
3822
10360964
17
-4
1
44
-1994
3817
10361989
23
-7
2
53
-1962
3835
10363014
9
-6
6
70
-1954
3843
10364039
-7
-4
5
83
-1962
3849
10365064
-13
-2
3
72
-1980
3837
10366089
0
-2
3
73
-1993
3828
10367114
10
-6
5
63
-1975
3833
10368139
3
-7
6
55
-1957
3839
10369164
-9
-5
5
71
-1960
3840
10370189
-5
-1
3
73
-1979
3834
10371214
6
-2
2
71
-1974
3836
10364032
6
-4
4
64
-1964
3828
10365057
1
-2
6
68
-1964
3842
10366082
1
-3
6
72
-1986
3844
10367107
6
-6
4
66
-1994
3851
10368132
6
-8
2
72
-1977
3847
10369157
2
-5
1
65
-1955
3837
10370182
-5
-2
1
69
-1963
3833
10371207
-8
-3
1
59
-1960
3839
10372232
-6
-4
3
45
-1976
3843
10373257
0
-4
4
54
-1984
3835
10374282
-1
-3
5
73
-1965
3823
10375307
-6
-2
6
89
-1968
3827
10376332
-3
-2
7
79
-1986
3838
10377357
7
0
6
71
-1969
3843
10378382
6
0
6
57
-1958
3848
10379407
-6
-1
6
56
-1961
3839
10372225
-14
-3
3
61
-1973
3827
10373250
-9
-5
2
70
-1975
3837
10374275
4
-6
1
70
-1956
3848
10375300
7
-4
0
70
-1953
3851
10376325
-8
3
1
66
-1968
3841
10377350
-25
8
2
52
-1985
3824
10378375
-18
4
4
43
-2001
3819
10379400
2
-3
6
36
-1981
3834
10380425
13
-9
6
55
-1954
3841
10381450
3
-5
5
74
-1947
3839
10382475
-13
0
4
85
-1979
3837
10383500
-12
1
3
80
-1998
3833
10384525
2
-2
4
70
-1988
3832
10385550
7
-2
5
61
-1971
3831
10386575
0
-1
3
56
-1959
3839
10387600
-9
0
0
58
-1963
3842
10380417
-13
0
2
59
-1973
3822
10381442
-2
-2
5
55
-1981
3822
10382467
7
-6
4
58
-1970
3836
10383492
0
-4
4
52
-1967
3849
10384517
-9
-1
7
54
-1973
3847
10385542
-13
0
5
68
-2003
3850
10386567
-6
-3
5
62
-2010
3839
10387592
7
-6
5
55
-1985
3835
10388617
8
-8
5
60
-1959
3839
10389642
-3
-5
3
59
-1951
3838
10390667
-15
-1
0
48
-1970
3828
10391692
-8
-5
3
46
-1988
3827
10392717
4
-5
4
61
-1987
3822
10393742
7
-4
4
75
-1981
3817
10394767
2
-3
5
76
-1978
3829
10395792
1
0
5
74
-1974
3840
10388702
-1
4
6
62
-1979
3836
10389727
2
1
3
55
-1974
3834
10390752
4
-4
0
53
-1972
3839
10391777
4
-5
0
49
-1974
3839
10392802
0
-5
0
54
-1972
3842
10393827
-4
-3
1
60
-1976
3842
10394852
-9
0
3
55
-1975
3828
10395877
-6
-1
4
47
-1987
3825
10396902
-2
-4
6
39
-1982
3825
10397927
4
-6
7
36
-1994
3829
10398952
12
-7
6
46
-1969
3840
10399977
10
-8
5
51
-1952
3849
10401002
-3
-6
5
47
-1955
3843
10402027
-5
-6
4
48
-1973
3840
10403052
-1
-4
1
60
-1982
3844
10404077
-3
0
-1
60
-1992
3848
10396800
-5
4
-4
65
-2012
3849
10397825
-10
11
-8
84
-1995
3827
10398850
-18
17
-5
80
-1983
3809
10399875
-13
18
-3
74
-1980
3800
10400900
1
16
1
64
-1980
3813
10401925
7
15
3
59
-1974
3820
10402950
9
12
6
44
-1960
3836
10403975
12
9
6
52
-1963
3859
10405000
16
4
6
60
-1977
3856
10406025
21
-1
4
57
-1953
3868
10407050
21
-4
1
41
-1932
3886
10408075
3
-3
0
25
-1916
3877
10409100
-16
-1
1
20
-1933
3846
10410125
-16
-4
0
14
-1978
3823
10411150
-5
-10
-2
33
-2013
3815
10412175
-6
-8
-1
41
-2019
3822
10404992
-15
-3
2
56
-2029
3815
10406017
-17
1
2
81
-2028
3813
10407042
-12
3
2
82
-2007
3805
10408067
-5
3
5
71
-1973
3791
10409092
0
-1
7
45
-1945
3818
10410117
-12
-5
4
33
-1945
3866
10411142
-24
0
-7
56
-1987
3877
10412167
2
2
-17
61
-2001
3847
10413192
29
-6
-11
62
-1951
3830
10414217
30
-10
-3
60
-1928
3853
10415242
12
-12
2
62
-1925
3877
10416267
-9
-10
4
48
-1948
3874
10417292
-12
-8
4
45
-1967
3846
10418317
-9
-9
4
48
-1986
3824
10419342
-6
-18
10
54
-2005
3794
10420367
3
-25
14
65
-1988
3793
10413184
14
-25
17
65
-1984
3817
10414209
17
-21
18
67
-1968
3851
10415234
12
-18
15
61
-1961
3854
10416259
8
-15
12
53
-1961
3852
10417284
10
-12
7
64
-1942
3853
10418309
-1
-5
3
70
-1942
3859
10419334
-17
1
1
71
-1967
3839
10420359
-17
1
0
62
-1985
3835
10421384
-9
-3
1
52
-1994
3816
10422409
-6
-6
4
43
-1975
3817
10423434
-11
-9
12
24
-1986
3838
10424459
-19
-9
15
28
-1999
3839
10425484
-22
-8
14
47
-1991
3842
10426509
-15
-8
13
42
-1982
3837
10427534
-1
-11
12
55
-1949
3839
10428559
1
-7
11
55
-1943
3852
10421376
-11
0
6
60
-1948
3851
10422401
-30
5
5
57
-1985
3841
10423426
-25
3
11
62
-2030
3817
10424451
-3
-7
17
73
-2007
3822
10425476
5
-15
22
72
-1976
3834
10426501
-3
-18
21
58
-1942
3847
10427526
-18
-17
16
52
-1927
3857
10428551
-27
-14
12
45
-1934
3847
10429576
-33
-4
9
50
-1975
3831
10430601
-43
7
8
66
-2023
3812
10431626
-53
18
9
95
-2060
3800
10432651
-46
29
12
95
-2071
3789
10433676
-23
29
17
70
-2058
3782
10434701
0
26
18
43
-2021
3799
10435726
15
21
18
36
-2006
3825
10436751
23
13
15
24
-2008
3860
10429569
16
3
10
32
-2021
3867
10430594
18
3
12
15
-2024
3832
10431619
24
10
14
-12
-2014
3786
10432644
28
18
14
13
-2013
3789
10433669
43
23
11
32
-1992
3816
10434694
58
27
10
26
-1949
3833
10435719
78
33
6
15
-1905
3841
10436744
78
31
3
23
-1860
3846
10437769
40
21
7
59
-1866
3861
10438794
-12
20
13
92
-1882
3881
10439819
-51
30
19
88
-1929
3868
10440844
-56
40
17
46
-1967
3839
10441869
-45
39
12
12
-1994
3831
10442894
-48
38
6
-12
-2018
3830
10443919
-49
38
1
-25
-2037
3831
10444944
-46
34
3
-17
-2030
3815
10437760
-30
26
9
-20
-2024
3807
10438785
-4
16
16
-24
-2007
3814
10439810
10
11
20
-15
-1973
3849
10440835
-3
14
19
0
-1977
3864
10441860
-11
15
16
-3
-1992
3859
10442885
-3
7
10
-9
-1989
3842
10443910
1
-5
0
-20
-1968
3833
10444935
-12
-10
-7
-21
-1963
3834
10445960
-32
-15
-10
-16
-1982
3831
10446985
-36
-22
-16
-3
-2014
3834
10448010
-20
-26
-20
11
-2025
3794
10449035
-2
-23
-16
6
-2010
3767
10450060
-9
-16
-6
7
-2016
3806
10451085
-13
-10
6
3
-2098
3852
10452110
30
-6
14
-11
-2184
3851
10453135
106
-12
34
-62
-2085
3828
10445951
114
-20
38
-79
-1900
3771
10446976
97
-24
31
-38
-1913
3819
10448001
69
-23
14
8
-1899
3867
10449026
22
-16
8
42
-1907
3864
10450051
-15
-12
8
29
-1920
3829
10451076
-19
-12
2
41
-1938
3815
10452101
-10
-14
-4
54
-1939
3810
10453126
-8
-14
-5
58
-1969
3831
10454151
-10
-12
-3
42
-2008
3870
10455176
-10
-12
-3
23
-1983
3869
10456201
-5
-11
-3
0
-1933
3860
10457226
6
-16
-2
-17
-1924
3855
10458251
11
-23
-5
-8
-1903
3869
10459276
1
-27
-8
27
-1903
3868
10460301
-11
-26
-5
60
-1902
3845
10461326
-22
-24
-1
61
-1933
3837
10454144
-30
-17
1
30
-2013
3842
10455169
-37
-11
-1
2
-2072
3816
10456194
-35
-7
-2
-7
-2094
3803
10457219
-17
-6
-2
-23
-2090
3815
10458244
-1
-4
-3
-37
-2052
3820
10459269
8
-3
-4
-44
-2033
3815
10460294
19
-5
-3
-36
-2014
3805
10461319
24
-12
2
-14
-1992
3827
10462344
22
-21
5
28
-1983
3840
10463369
22
-29
8
63
-1952
3848
10464394
36
-33
14
87
-1929
3844
10465419
44
-37
19
92
-1920
3850
10466444
39
-37
21
74
-1925
3862
10467469
21
-31
21
31
-1933
3866
10468494
17
-29
17
1
-1970
3855
10469519
35
-31
8
3
-1945
3879
10462337
23
-29
-1
9
-1918
3877
10463362
-13
-21
-4
9
-1938
3849
10464387
-26
-17
-5
16
-1984
3819
10465412
-11
-20
-4
23
-2009
3838
10466437
1
-20
3
25
-1997
3826
10467462
8
-15
11
25
-1992
3825
10468487
12
-8
14
52
-1953
3828
10469512
10
2
13
80
-1935
3831
10470537
2
10
8
84
-1932
3846
10471562
3
14
0
89
-1937
3854
10472587
8
16
-6
118
-1926
3856
10473612
2
19
-11
128
-1905
3855
10474637
-16
18
-12
105
-1946
3836
10475662
-10
4
-7
72
-1993
3828
10476687
25
-16
5
37
-1974
3848
10477712
59
-29
19
17
-1931
3862
10470527
74
-26
25
8
-1886
3865
10471552
53
-12
25
-16
-1875
3885
10472577
21
0
20
-17
-1893
3896
10473602
12
8
7
9
-1916
3887
10474627
9
13
-3
31
-1916
3844
10475652
-11
18
-7
38
-1908
3820
10476677
-30
16
-8
41
-1930
3845
10477702
-33
18
-10
60
-1976
3868
10478727
-35
25
-9
73
-2000
3853
10479752
-34
27
-2
60
-2015
3819
10480777
-13
23
2
43
-2005
3816
10481802
16
21
1
29
-1973
3846
10482827
22
22
-1
20
-1947
3866
10483852
12
21
-1
2
-1924
3888
10484877
7
19
-2
2
-1913
3866
10485902
11
12
-7
-3
-1911
3844
10478720
18
2
-11
-4
-1902
3850
10479745
16
-8
-9
10
-1901
3862
10480770
12
-10
-5
7
-1932
3873
10481795
8
-11
-4
0
-1947
3864
10482820
3
-11
0
-10
-1939
3852
10483845
-2
-7
5
-7
-1938
3842
10484870
-8
-5
8
4
-1961
3844
10485895
-11
-2
12
13
-1975
3854
10486920
-13
-1
16
11
-1974
3859
10487945
-18
0
20
21
-1977
3851
10488970
-10
-2
22
38
-1934
3849
10489995
-14
0
22
52
-1907
3866
10491020
-30
5
20
51
-1923
3854
10492045
-33
9
19
33
-1941
3857
10493070
-33
12
18
18
-1955
3846
10494095
-27
6
18
18
-1947
3822
10486912
-5
0
16
21
-1925
3848
10487937
4
5
13
17
-1919
3887
10488962
-19
16
15
3
-1943
3867
10489987
-37
23
22
-11
-1984
3847
10491012
-41
25
30
-30
-1973
3849
10492037
-53
22
36
-52
-1978
3854
10493062
-63
15
37
-67
-2001
3868
10494087
-65
-4
39
-57
-2001
3858
10495112
-63
-25
47
-18
-2005
3799
10496137
-52
-44
58
26
-1971
3764
10497162
-34
-60
68
69
-1950
3786
10498187
-9
-65
74
90
-1972
3830
10499212
3
-57
70
80
-1954
3836
10500237
9
-46
61
44
-1943
3838
10501262
31
-32
47
24
-1925
3869
10502287
24
-12
29
11
-1881
3880
10495104
-16
9
13
1
-1896
3857
10496129
-45
21
-3
-29
-1947
3801
10497154
-46
17
-14
-30
-1979
3798
10498179
-38
15
-16
-10
-2000
3823
10499204
-52
23
-12
-2
-2019
3836
10500229
-96
35
-3
0
-2034
3844
10501254
-121
41
13
28
-2104
3815
10502279
-95
43
36
61
-2153
3769
10503304
-53
38
62
34
-2111
3761
10504329
-16
26
74
-13
-2062
3787
10505354
19
19
66
-55
-2031
3836
10506379
38
14
48
-68
-1976
3864
10507404
29
10
30
-75
-1934
3857
10508429
-2
1
14
-68
-1928
3840
10509454
-19
-9
0
-40
-1969
3836
10510479
-15
-15
-3
-20
-2028
3821
10503296
2
-20
1
-23
-2043
3793
10504321
3
-20
5
-49
-2037
3780
10505346
-13
-16
10
-61
-2056
3815
10506371
-12
-12
7
-53
-2063
3844
10507396
-12
-1
5
-53
-2081
3814
10508421
-21
5
8
-45
-2105
3762
10509446
-12
-2
11
-40
-2111
3756
10510471
21
-14
8
-33
-2061
3770
10511496
49
-13
5
-32
-1994
3800
10512521
42
-6
6
-46
-1956
3820
10513546
25
-6
5
-43
-1980
3850
10514571
25
-14
-1
5
-2001
3862
10515596
34
-19
-2
34
-1991
3844
10516621
40
-22
6
27
-1968
3827
10517646
42
-23
11
-21
-1946
3829
10518671
32
-22
5
-55
-1937
3857
10511488
4
-18
-8
-39
-1971
3847
10512513
-19
-15
-10
-6
-2033
3819
10513538
-14
-14
-4
19
-2056
3784
10514563
6
-16
1
52
-2051
3749
10515588
27
-11
5
47
-2021
3780
10516613
23
0
5
10
-1998
3828
10517638
6
9
3
-32
-1993
3849
10518663
9
13
-3
-64
-1978
3851
10519688
23
13
-10
-75
-1968
3833
10520713
29
6
-14
-69
-1951
3831
10521738
15
0
-17
-39
-1939
3853
10522763
-15
2
-21
-13
-1976
3835
10523788
-32
2
-14
-11
-2029
3799
10524813
-22
-6
-1
-20
-2042
3775
10525838
12
-19
7
-39
-2035
3798
10526863
45
-27
5
-30
-1972
3838
10519680
37
-23
8
-32
-1927
3857
10520705
6
-17
14
-17
-1956
3868
10521730
-7
-14
20
14
-1999
3843
10522755
2
-15
31
17
-2008
3819
10523780
17
-22
40
7
-1998
3826
10524805
24
-31
37
28
-1976
3870
10525830
5
-27
27
31
-1958
3877
10526855
-27
-15
18
17
-1964
3850
10527880
-36
-11
12
11
-1991
3820
10528905
-21
-9
7
17
-1972
3809
10529930
-23
1
4
0
-1965
3802
10530955
-35
14
1
-32
-2009
3781
10531980
-31
18
-3
-70
-2043
3788
10533005
-10
13
-3
-77
-2040
3807
10534030
14
6
-3
-53
-1985
3828
10535055
6
10
0
-34
-1932
3853
10527872
-26
18
7
-32
-1946
3854
10528897
-34
15
13
-37
-1991
3828
10529922
-27
5
19
-11
-1998
3835
10530947
-29
-3
29
12
-2007
3844
10531972
-37
-3
35
13
-2009
3823
10532997
-34
-2
34
-3
-2013
3813
10534022
-24
-3
25
-12
-2013
3821
10535047
-34
1
16
-15
-2021
3822
10536072
-47
2
12
-33
-2076
3793
10537097
-25
0
9
-57
-2021
3785
10538122
3
-8
9
-56
-2058
3790
10539147
18
-9
-1
-38
-2013
3830
10540172
-2
-3
-4
-35
-2017
3847
10541197
-7
0
0
-52
-2041
3831
10542222
3
-10
8
-35
-2028
3818
10543247
13
-19
12
-25
-1999
3817
10536064
16
-23
15
-18
-1985
3835
10537089
5
-21
15
-13
-1983
3840
10538114
-7
-18
10
-11
-1992
3834
10539139
-11
-14
2
0
-1978
3808
10540164
-15
-8
-1
6
-1986
3789
10541189
-11
-6
-1
-3
-2018
3802
10542214
-1
-7
-9
-15
-2044
3826
10543239
4
-6
-17
-21
-2026
3839
10544264
-6
-5
-15
-41
-2013
3813
10545289
-15
-3
-9
-47
-2014
3807
10546314
-12
-1
-7
-42
-2011
3816
10547339
-12
3
-5
-44
-2011
3813
10548364
-28
7
0
-41
-2035
3801
10549389
-36
5
10
-36
-2057
3776
10550414
-26
-2
17
-20
-2047
3781
10551439
-10
-6
15
-2
-2037
3819
10544256
10
-5
10
16
-2040
3829
10545281
21
0
8
17
-2014
3830
10546306
12
2
7
17
-1997
3831
10547331
3
3
3
12
-1998
3814
10548356
1
2
1
-1
-2003
3807
10549381
2
-3
0
-19
-2022
3811
10550406
12
-6
0
-39
-2015
3815
10551431
20
-9
0
-51
-1988
3824
10552456
11
-9
0
-56
-1998
3822
10553481
2
-8
3
-52
-2021
3829
10554506
-1
-8
7
-34
-2034
3825
10555531
1
-12
11
-17
-2032
3819
10556556
3
-16
13
10
-2014
3810
10557581
2
-12
13
15
-2009
3801
10558606
1
-8
10
-2
-2012
3801
10559631
9
-6
6
-22
-2024
3809
10552448
14
-5
-2
-32
-2034
3821
10553473
12
-4
-7
-40
-2031
3808
10554498
20
-5
-9
-36
-2017
3804
10555523
30
-6
-8
-27
-2005
3829
10556548
26
-4
-9
-8
-1992
3833
10557573
0
3
-8
-7
-1990
3819
10558598
-22
2
2
-14
-2031
3812
10559623
-8
-8
10
-3
-2034
3826
10560648
17
-15
18
11
-1989
3836
10561673
10
-17
23
9
-1952
3862
10562698
-19
-9
23
17
-1969
3861
10563723
-36
-1
19
24
-1974
3821
10564748
-29
3
12
11
-1991
3792
10565773
-4
5
3
8
-1992
3786
10566798
7
8
-7
14
-1992
3797
10567823
-4
14
-15
5
-1999
3797
10560639
-9
18
-22
-42
-2029
3772
10561664
14
15
-23
-94
-2035
3774
10562689
38
5
-22
-121
-2013
3821
10563714
33
-2
-23
-114
-2003
3866
10564739
9
-2
-21
-77
-2011
3871
10565764
-9
-1
-15
-17
-2027
3861
10566789
-10
-1
-2
54
-2014
3865
10567814
-13
1
11
102
-1997
3848
10568839
-36
6
21
80
-2020
3799
10569864
-39
4
29
31
-2045
3765
10570889
-4
-4
35
-26
-2036
3789
10571914
24
-13
28
-72
-1997
3829
10572939
19
-13
9
-89
-1968
3852
10573964
-5
-2
-9
-74
-1988
3844
10574989
-21
6
-20
-44
-2018
3817
10576014
-30
8
-18
-5
-2028
3809
10568832
-32
6
-9
9
-2022
3820
10569857
-22
7
-2
5
-2014
3830
10570882
-21
13
1
-2
-2024
3826
10571907
-34
18
7
-22
-2027
3803
10572932
-37
15
13
-40
-2043
3765
10573957
-17
8
15
-63
-2040
3776
10574982
9
0
10
-75
-2022
3818
10576007
15
-2
2
-64
-1993
3842
10577032
-9
1
0
-48
-1990
3804
10578057
-28
1
8
-35
-2011
3788
10579082
-26
-3
19
-16
-2016
3817
10580107
-23
-7
29
-20
-2009
3842
10581132
-28
-6
32
-26
-2018
3856
10582157
-38
1
31
-29
-2048
3832
10583182
-33
11
28
-27
-2097
3797
10584207
-32
16
26
-26
-2086
3758
10577024
-40
16
28
-23
-2109
3762
10578049
-22
11
22
-45
-2113
3784
10579074
16
5
13
-51
-2076
3790
10580099
28
1
14
-79
-2033
3814
10581124
21
-8
13
-54
-2011
3854
10582149
8
-10
9
-1
-1997
3880
10583174
-18
-2
9
26
-2002
3856
10584199
-28
0
14
31
-2047
3808
10585224
3
-4
15
13
-2051
3773
10586249
38
-10
12
-33
-2014
3775
10587274
47
-13
3
-99
-1981
3802
10588299
33
-11
-10
-139
-1981
3814
10589324
9
-6
-22
-152
-2011
3805
10590349
9
-5
-28
-103
-2070
3806
10591374
23
-3
-32
-13
-2082
3814
10592399
