Device = VHR-0009
time_stamp = 1780039057013
sample_rate = 50
Data format = INT16
TYPE = 6-AXIS IMU RAW DATA
50
-19
1
56
-4099
1201
9061507
56
-10
16
30
-4059
1219
9062532
38
-4
15
4
-4055
1241
9063557
1
-5
-3
22
-4054
1250
9064582
-32
-3
-9
32
-4089
1202
9065607
-24
2
-7
32
-4104
1190
9066632
-9
7
-9
26
-4076
1214
9067657
-22
8
-9
34
-4081
1207
9068682
-28
3
-2
19
-4068
1215
9069707
-30
-7
1
25
-4127
1180
9070732
6
-10
-2
47
-4126
1167
9071757
39
-4
6
41
-4050
1218
9072782
18
1
11
23
-4062
1247
9073807
-23
0
0
21
-4079
1215
9074832
-35
1
-7
43
-4062
1199
9075857
-33
4
3
34
-4099
1203
9076882
-27
2
8
32
-4124
1180
9069697
4
1
7
20
-4101
1175
9070722
29
-1
-2
27
-4083
1200
9071747
21
1
-6
41
-4060
1217
9072772
0
0
3
48
-4063
1221
9073797
-16
-1
20
35
-4097
1204
9074822
-6
-5
24
14
-4116
1172
9075847
35
-7
13
6
-4114
1184
9076872
55
-10
-4
19
-4068
1226
9077897
25
-8
-14
43
-4023
1245
9078922
-23
0
-9
47
-4039
1245
9079947
-68
4
0
31
-4059
1220
9080972
-84
0
4
37
-4111
1172
9081997
-51
1
5
35
-4145
1155
9083022
-3
4
7
35
-4101
1178
9084047
6
4
13
31
-4063
1216
9085072
-23
-1
17
21
-4071
1208
9077888
-34
-8
14
25
-4120
1170
9078913
-11
-7
8
19
-4110
1165
9079938
7
-5
2
16
-4094
1191
9080963
-2
-8
-4
27
-4067
1208
9081988
-18
-11
-2
39
-4098
1177
9083013
-1
-8
4
33
-4122
1159
9084038
37
-4
7
29
-4100
1177
9085063
47
-2
6
25
-4064
1209
9086088
25
-1
5
29
-4041
1224
9087113
-13
2
6
36
-4050
1229
9088138
-51
7
10
40
-4070
1208
9089163
-71
9
14
22
-4087
1180
9090188
-66
2
13
12
-4121
1158
9091213
-32
-8
8
14
-4150
1142
9092238
21
-14
-1
17
-4133
1153
9093263
57
-11
-11
22
-4105
1181
9086080
55
-10
-16
25
-4049
1209
9087105
18
-11
-21
24
-4045
1222
9088130
-21
-10
-27
48
-4095
1204
9089155
-35
-4
-20
50
-4069
1190
9090180
-35
2
-10
38
-4107
1185
9091205
-30
4
-8
34
-4129
1154
9092230
4
4
-6
59
-4092
1177
9093255
5
7
10
43
-4073
1203
9094280
-12
4
19
22
-4108
1173
9095305
1
-3
7
29
-4114
1165
9096330
28
-6
-1
40
-4105
1181
9097355
28
-3
4
44
-4070
1195
9098380
13
-2
9
32
-4076
1200
9099405
5
-1
7
33
-4113
1181
9100430
15
4
6
48
-4092
1167
9101455
29
8
16
32
-4073
1211
9094273
2
3
13
26
-4077
1200
9095298
-1
0
5
23
-4106
1184
9096323
2
-3
1
44
-4062
1207
9097348
-18
-4
8
22
-4106
1192
9098373
-10
-12
4
17
-4112
1156
9099398
24
-15
-4
22
-4118
1179
9100423
34
-16
-12
42
-4096
1199
9101448
30
-9
-11
44
-4058
1203
9102473
7
-5
-9
24
-4068
1226
9103498
-22
-8
-14
33
-4094
1192
9104523
-5
-6
-16
57
-4112
1161
9105548
25
-2
-3
57
-4078
1208
9106573
1
-6
12
35
-4069
1204
9107598
-6
-9
10
32
-4105
1180
9108623
10
-8
0
44
-4091
1206
9109648
-9
-7
-1
48
-4059
1222
9102516
-38
-5
1
50
-4073
1201
9103541
-39
1
5
56
-4097
1191
9104566
-43
2
16
46
-4071
1211
9105591
-68
-1
21
37
-4058
1214
9106616
-87
-1
14
17
-4136
1161
9107641
-61
-1
-1
39
-4124
1148
9108666
-28
-1
1
38
-4120
1154
9109691
-2
-3
-4
38
-4137
1158
9110716
27
-3
-8
47
-4112
1154
9111741
45
-3
-1
45
-4080
1188
9112766
28
-5
-3
33
-4079
1199
9113791
-5
-8
-5
54
-4058
1191
9114816
-26
-7
4
60
-4074
1185
9115841
-30
-5
12
40
-4135
1160
9116866
-7
-3
6
40
-4109
1148
9117891
21
-3
2
40
-4088
1186
9110656
5
-2
4
48
-4048
1217
9111681
-41
-5
8
44
-4084
1182
9112706
-44
-5
3
35
-4133
1144
9113731
-5
-5
-6
50
-4139
1135
9114756
30
-2
0
48
-4072
1173
9115781
18
-1
6
34
-4059
1197
9116806
-18
-5
1
36
-4100
1175
9117831
-20
-7
-4
41
-4110
1146
9118856
12
-3
0
51
-4123
1161
9119881
26
-3
7
42
-4104
1181
9120906
22
-9
7
43
-4082
1183
9121931
17
-9
7
35
-4086
1188
9122956
11
-8
5
45
-4115
1171
9123981
20
-4
3
50
-4091
1178
9125006
21
-2
5
36
-4086
1201
9126031
-2
-4
-1
30
-4077
1196
9118849
-22
-6
-4
48
-4070
1191
9119874
-35
-4
-1
36
-4096
1185
9120899
-39
-5
-4
44
-4100
1166
9121924
-21
-5
0
50
-4117
1147
9122949
14
-4
9
53
-4109
1168
9123974
24
-5
14
49
-4093
1187
9124999
7
-5
12
33
-4070
1189
9126024
1
-12
3
43
-4116
1164
9127049
24
-9
0
49
-4125
1164
9128074
46
-6
2
36
-4083
1186
9129099
45
-8
2
47
-4089
1196
9130124
36
-8
5
59
-4095
1202
9131149
27
-4
8
40
-4067
1206
9132174
7
-1
7
41
-4068
1210
9133199
-28
0
1
35
-4077
1200
9134224
-43
-3
-3
38
-4099
1173
9127040
-20
-4
-2
53
-4133
1161
9128065
11
-1
6
48
-4101
1176
9129090
22
0
10
47
-4072
1200
9130115
6
-2
7
44
-4063
1211
9131140
-18
1
0
32
-4082
1197
9132165
-37
1
-5
37
-4081
1188
9133190
-42
-4
-8
44
-4100
1190
9134215
-35
-3
-7
59
-4115
1159
9135240
2
-2
-1
46
-4130
1147
9136265
41
-1
2
49
-4100
1181
9137290
29
-6
2
46
-4052
1212
9138315
-13
-10
3
37
-4065
1201
9139340
-29
-11
-4
42
-4125
1171
9140365
0
-9
-8
59
-4121
1164
9141390
23
-6
3
54
-4068
1196
9142415
4
-6
8
45
-4060
1199
9135232
-24
-6
3
52
-4078
1191
9136257
-31
-2
5
46
-4106
1166
9137282
-20
-1
3
49
-4110
1173
9138307
-9
-1
-2
50
-4082
1182
9139332
-11
-3
1
52
-4070
1189
9140357
-32
-3
3
46
-4094
1182
9141382
-25
-4
-2
56
-4125
1133
9142407
17
-3
1
57
-4103
1167
9143432
20
-3
9
46
-4063
1206
9144457
-6
-7
6
38
-4086
1177
9145482
0
-10
-3
63
-4115
1162
9146507
14
-7
1
63
-4081
1189
9147532
3
-5
7
47
-4071
1188
9148557
-3
-6
7
42
-4103
1170
9149582
4
-7
3
46
-4104
1178
9150607
8
-7
0
60
-4078
1184
9143424
6
-8
7
60
-4081
1193
9144449
-1
-8
11
57
-4086
1190
9145474
-4
-5
8
48
-4085
1189
9146499
-9
-2
1
49
-4089
1190
9147524
-22
0
-1
55
-4081
1189
9148549
-27
0
5
59
-4089
1166
9149574
-10
-2
10
48
-4126
1154
9150599
25
-8
9
42
-4134
1154
9151624
54
-10
2
41
-4073
1188
9152649
38
-9
-1
47
-4046
1218
9153674
-8
-8
-5
48
-4037
1220
9154699
-42
-8
-4
57
-4109
1170
9155724
-25
-5
1
61
-4117
1166
9156749
-4
-4
7
65
-4090
1160
9157774
6
-2
10
52
-4075
1191
9158799
-17
-2
8
41
-4071
1197
9151616
-33
-5
2
47
-4100
1173
9152641
-19
-6
0
52
-4114
1159
9153666
4
-8
0
61
-4116
1159
9154691
23
-6
5
66
-4094
1176
9155716
27
-3
6
52
-4074
1187
9156741
19
-6
0
49
-4098
1183
9157766
18
-6
-6
59
-4084
1187
9158791
4
-1
-4
55
-4051
1211
9159816
-30
2
-1
60
-4070
1194
9160841
-48
3
5
64
-4089
1181
9161866
-37
1
8
63
-4112
1158
9162891
-3
1
17
60
-4126
1157
9163916
12
1
19
47
-4063
1192
9164941
-11
-1
10
30
-4082
1199
9165966
-31
-4
-4
51
-4105
1171
9166991
-22
-7
-5
61
-4103
1165
9159808
-2
-6
0
59
-4109
1163
9160833
11
-5
2
54
-4096
1172
9161858
10
-6
2
44
-4082
1177
9162883
3
-7
-1
60
-4080
1173
9163908
-5
-3
-2
64
-4085
1179
9164933
-16
0
0
65
-4083
1185
9165958
-29
1
5
48
-4095
1178
9166983
-28
-2
5
49
-4123
1153
9168008
-6
-3
5
54
-4106
1164
9169033
-1
-3
7
57
-4082
1176
9170058
-13
-5
6
58
-4093
1175
9171083
-21
-5
3
41
-4090
1176
9172108
-21
-6
1
51
-4128
1149
9173133
3
-6
1
59
-4116
1147
9174158
24
-6
3
52
-4078
1181
9175183
6
-6
4
51
-4076
1185
9167999
-17
-5
3
60
-4083
1170
9169024
-18
-5
4
57
-4100
1167
9170049
-21
-4
3
49
-4102
1167
9171074
-19
-1
3
56
-4092
1155
9172099
-13
-2
7
53
-4102
1169
9173124
-15
-6
7
53
-4122
1161
9174149
-4
-5
7
57
-4098
1150
9175174
9
-3
8
42
-4115
1156
9176199
8
-6
1
52
-4093
1172
9177224
-4
-8
1
61
-4086
1165
9178249
-1
-4
3
60
-4094
1169
9179274
-10
-1
3
53
-4089
1176
9180299
-25
-5
3
63
-4087
1146
9181324
-6
-6
10
65
-4138
1128
9182349
31
-4
15
55
-4122
1144
9183374
37
-2
14
52
-4056
1189
9176193
6
-2
12
49
-4080
1186
9177218
-19
-3
4
42
-4115
1168
9178243
-19
-2
0
48
-4114
1146
9179268
3
-2
-2
51
-4119
1152
9180293
17
-4
1
68
-4104
1163
9181318
20
-6
11
49
-4106
1152
9182343
42
-6
11
54
-4133
1141
9183368
62
-2
11
56
-4089
1182
9184393
38
-3
14
63
-4036
1227
9185418
-18
-4
28
53
-4083
1199
9186443
-35
-9
42
30
-4155
1144
9187468
1
-17
29
17
-4137
1142
9188493
36
-17
6
46
-4107
1184
9189518
21
2
1
92
-4046
1226
9190543
-44
13
38
79
-4039
1235
9191568
-111
4
75
23
-4084
1202
9184384
-121
-11
86
35
-4262
1041
9185409
33
-3
99
65
-4299
1036
9186434
206
15
114
27
-4232
1182
9187459
221
-3
118
-23
-4216
1276
9188484
244
-47
123
27
-4060
1299
9189509
170
-47
127
28
-4282
1182
9190534
219
-55
105
-120
-4690
1224
9191559
186
-92
3
-126
-4267
1371
9192584
54
-112
-61
239
-3914
1342
9193609
120
-36
3
357
-4294
1387
9194634
369
33
31
-21
-4600
1386
9195659
462
29
-85
-244
-4553
1383
9196684
390
6
-231
-47
-4572
1604
9197709
283
-19
-323
165
-4292
1648
9198734
39
-61
-374
315
-4467
1764
9199759
-126
-70
-356
226
-4767
1610
9192575
-5
-99
-406
211
-4544
1536
9193600
143
-146
-526
387
-4368
1590
9194625
244
-154
-508
315
-4343
1576
9195650
200
-175
-526
316
-4300
1509
9196675
146
-191
-548
352
-4207
1451
9197700
119
-197
-559
473
-4096
1436
9198725
76
-175
-529
419
-4182
1546
9199750
71
-196
-526
363
-4097
1576
9200775
41
-221
-540
456
-4020
1441
9201800
-23
-191
-545
564
-4071
1375
9202825
7
-155
-536
463
-3928
1466
9203850
107
-169
-539
452
-3909
1399
9204875
276
-176
-542
654
-3902
1395
9205900
379
-151
-524
666
-3734
1475
9206925
342
-147
-505
595
-3562
1441
9207950
244
-166
-500
671
-3553
1350
9200769
196
-159
-471
761
-3521
1355
9201794
168
-133
-423
757
-3492
1422
9202819
149
-127
-390
748
-3497
1434
9203844
156
-127
-365
772
-3376
1374
9204869
112
-103
-336
820
-3214
1323
9205894
63
-76
-301
874
-3405
1408
9206919
87
-72
-279
862
-3473
1434
9207944
100
-72
-258
876
-3173
1445
9208969
-3
-54
-220
1043
-3239
1486
9209994
-31
-32
-165
1018
-3333
1393
9211019
29
-25
-124
927
-3117
1332
9212044
34
-31
-91
1070
-3212
1410
9213069
57
-31
-34
1084
-3391
1478
9214094
79
-34
18
898
-3182
1505
9215119
-63
-33
39
1004
-3157
1460
9216144
-172
2
69
1219
-3329
1398
9208960
-115
40
134
1004
-3469
1473
9209985
-61
20
147
861
-3414
1498
9211010
-68
-5
152
1037
-3360
1445
9212035
-80
13
191
1110
-3478
1500
9213060
-86
22
226
923
-3403
1468
9214085
-116
9
251
861
-3328
1403
9215110
-142
21
287
961
-3436
1430
9216135
-120
47
330
876
-3623
1474
9217160
-120
40
342
617
-3411
1437
9218185
-193
-1
339
626
-3152
1184
9219210
-278
21
355
871
-3524
1092
9220235
-199
77
416
722
-3769
1274
9221260
-115
71
444
650
-3607
1351
9222285
-164
85
473
809
-3692
1371
9223310
-172
137
528
792
-3852
1381
9224335
-93
164
539
649
-3917
1434
9217153
-31
138
508
725
-3981
1467
9218178
-19
121
519
654
-4046
1419
9219203
-142
126
527
477
-3937
1293
9220228
-197
167
517
523
-4235
1330
9221253
27
223
522
437
-4537
1541
9222278
203
232
472
255
-4079
1566
9223303
55
205
395
549
-3964
1527
9224328
-147
242
399
766
-4477
1609
9225353
-63
260
445
318
-4519
1797
9226378
-3
151
386
275
-4078
1675
9227403
-116
104
338
633
-4183
1496
9228428
-181
154
368
383
-4328
1570
9229453
-208
133
349
161
-4122
1503
9230478
-176
109
312
347
-4292
1447
9231503
-22
141
322
263
-4465
1436
9232528
111
145
293
42
-4132
1508
9225345
47
100
228
176
-4065
1446
9226370
-71
101
199
276
-4317
1478
9227395
-95
95
191
102
-4182
1608
9228420
-214
70
209
89
-4274
1573
9229445
-361
73
186
310
-4835
1554
9230470
-111
86
147
208
-4795
1619
9231495
58
72
109
-91
-4325
1484
9232520
-91
41
33
-146
-4206
1223
9233545
-96
29
-33
-87
-4047
1210
9234570
-7
31
-23
-97
-3755
1406
9235595
26
-8
19
-92
-3630
1388
9236620
17
-44
35
-28
-3875
1321
9237645
6
-61
-6
-8
-4597
1444
9238670
-111
-72
-63
136
-4466
1224
9239695
-10
-34
-9
99
-3866
1363
9240720
-74
-31
33
-11
-3924
1450
9233536
-121
-55
47
12
-4109
1317
9234561
-96
-52
53
-26
-4177
1191
9235586
-46
-48
30
-18
-4178
1200
9236611
25
-39
1
15
-4155
1221
9237636
113
-18
4
-6
-4029
1281
9238661
140
-8
-6
-39
-4080
1309
9239686
151
-14
-27
-27
-4108
1312
9240711
152
-16
-36
45
-4005
1381
9241736
97
-2
-16
55
-3962
1433
9242761
-3
4
8
-13
-3991
1419
9243786
-72
-15
-2
-28
-4029
1344
9244811
-59
-26
3
0
-4104
1344
9245836
-53
-31
-2
42
-4061
1306
9246861
-12
-21
16
-5
-4100
1289
9247886
38
-25
-10
-36
-4068
1329
9248911
49
-30
-15
-1
-4008
1357
9241728
30
-26
-16
44
-4029
1356
9242753
21
-21
-10
36
-4044
1372
9243778
-16
-23
-8
10
-3999
1385
9244803
-59
-18
12
10
-4004
1318
9245828
5
-7
7
75
-4193
1218
9246853
143
30
18
47
-4092
1312
9247878
177
48
23
-28
-3954
1401
9248903
126
23
5
-32
-4028
1430
9249928
57
0
-21
-8
-4034
1368
9250953
58
-11
-18
3
-4023
1407
9251978
50
-30
-17
48
-3991
1444
9253003
7
-34
5
40
-4003
1401
9254028
-8
-26
16
-8
-4036
1367
9255053
-13
-27
12
-16
-4043
1404
9256078
-12
-37
-16
39
-4014
1388
9257103
1
-26
-19
29
-3999
1410
9249921
-24
-18
-14
27
-4057
1384
9250946
-23
-13
0
13
-4051
1382
9251971
-21
-17
-6
32
-3980
1414
9252996
-41
-18
-1
76
-4037
1372
9254021
-29
-6
23
35
-4045
1348
9255046
-5
-3
25
6
-4042
1398
9256071
-20
-10
13
22
-4033
1384
9257096
-29
-9
12
26
-4003
1371
9258121
-28
-4
12
8
-4043
1372
9259146
-22
-5
1
4
-4070
1376
9260171
-23
-10
-7
39
-4001
1381
9261196
-24
-4
10
20
-4036
1353
9262221
7
-3
8
-3
-4113
1319
9263246
57
-9
-11
11
-4037
1373
9264271
55
-11
-15
25
-4008
1407
9265296
20
-11
-14
26
-4022
1412
9258112
-30
-9
-21
26
-3959
1407
9259137
-75
-1
-17
38
-4004
1385
9260162
-94
0
-17
18
-4049
1376
9261187
-103
-6
-28
26
-4016
1363
9262212
-99
-6
-20
28
-4086
1322
9263237
-60
-4
-14
45
-4097
1311
9264262
-18
0
-5
57
-4021
1347
9265287
-15
-4
-3
68
-4052
1345
9266312
-8
0
15
58
-4070
1326
9267337
19
4
29
37
-4027
1348
9268362
13
3
25
9
-4026
1384
9269387
-29
-5
6
19
-4028
1348
9270412
-36
-6
-1
38
-4037
1331
9271437
-29
0
-2
60
-4053
1338
9272462
-25
11
8
42
-4072
1339
9273487
-28
12
6
20
-4012
1340
9266304
-33
6
-1
18
-4043
1324
9267329
-18
-1
-4
30
-4106
1275
9268354
51
-2
-4
41
-4097
1299
9269379
94
1
-1
48
-4053
1338
9270404
99
2
5
37
-4025
1356
9271429
90
2
8
27
-4008
1402
9272454
36
-2
3
43
-4015
1391
9273479
6
-3
2
26
-4003
1376
9274504
-10
-5
2
12
-4014
1388
9275529
-39
-10
-8
34
-4048
1375
9276554
-57
-10
-7
49
-4012
1335
9277579
-40
-6
0
47
-4056
1328
9278604
-6
-2
2
44
-4092
1342
9279629
6
0
7
43
-4028
1338
9280654
11
1
13
48
-4017
1362
9281679
10
8
28
80
-4061
1340
9274496
38
26
60
8
-4120
1293
9275521
98
10
35
-41
-4073
1343
9276546
131
-10
10
109
-4055
1363
9277571
122
35
87
159
-4108
1377
9278596
75
88
143
4
-4113
1433
9279621
-45
85
82
-88
-3900
1511
9280646
-165
62
45
-1
-3897
1625
9281671
-207
36
84
163
-4122
1523
9282696
-230
49
141
35
-4366
1277
9283721
-179
45
119
-129
-4494
1175
9284746
-103
28
11
-118
-4256
1393
9285771
-21
7
-30
25
-4111
1511
9286796
205
-6
-11
148
-4411
1371
9287821
430
17
-18
-14
-4636
1337
9288846
459
13
-86
-197
-4567
1668
9289871
389
-86
-222
-4
-4752
1884
9282687
329
-160
-313
195
-4836
1806
9283712
133
-192
-432
421
-4843
1811
9284737
103
-138
-369
159
-4916
1857
9285762
52
-185
-542
271
-4641
1783
9286787
48
-182
-618
413
-4839
1666
9287812
148
-154
-666
333
-4736
1601
9288837
150
-139
-721
269
-4558
1598
9289862
160
-147
-784
356
-4420
1589
9290887
221
-157
-823
404
-4178
1568
9291912
210
-161
-829
432
-4064
1516
9292937
205
-165
-843
538
-3976
1502
9293962
234
-155
-841
592
-3887
1501
9294987
250
-149
-826
577
-3799
1562
9296012
207
-160
-821
608
-3687
1513
9297037
175
-170
-807
732
-3570
1421
9298062
196
-160
-771
800
-3548
1401
9290880
255
-143
-731
709
-3470
1393
9291905
309
-132
-706
744
-3425
1392
9292930
385
-108
-674
891
-3369
1416
9293955
425
-71
-616
875
-3087
1465
9294980
300
-46
-557
898
-2967
1491
9296005
150
-19
-502
954
-3074
1491
9297030
120
4
-452
958
-3116
1536
9298055
181
10
-407
1030
-3084
1603
9299080
286
12
-362
1196
-2959
1664
9300105
309
29
-296
1232
-2893
1678
9301130
232
33
-225
1092
-2925
1672
9302155
121
17
-191
1196
-2921
1621
9303180
87
25
-141
1371
-2986
1688
9304205
111
25
-75
1258
-3052
1833
9305230
75
-11
-52
1184
-2908
1835
9306255
-29
-34
-39
1417
-2989
1737
9299073
-34
-20
26
1458
-3193
1787
9300098
38
-25
94
1222
-3101
1851
9301123
-23
-54
112
1236
-2983
1826
9302148
-155
-52
139
1367
-3162
1871
9303173
-189
-57
184
1235
-3280
1858
9304198
-196
-93
192
1138
-3144
1721
9305223
-235
-99
193
1308
-3205
1664
9306248
-211
-68
234
1333
-3365
1728
9307273
-135
-57
266
1170
-3208
1696
9308298
-184
-57
276
1147
-3146
1543
9309323
-256
-39
299
1247
-3310
1479
9310348
-228
-13
343
1190
-3276
1571
9311373
-232
-15
382
1041
-3162
1543
9312398
-316
-26
394
1120
-3336
1422
9313423
-319
-1
429
1221
-3398
1456
9314448
-251
34
509
1008
-3293
1545
9307264
-263
24
540
782
-3238
1487
9308289
-308
-8
518
966
-3241
1316
9309314
-281
8
565
1104
-3455
1298
9310339
-204
44
658
813
-3554
1413
9311364
-189
23
693
705
-3530
1439
9312389
-302
14
695
808
-3650
1315
9313414
-391
55
718
809
-3865
1390
9314439
-402
71
736
623
-4090
1618
9315464
-355
12
711
487
-4133
1494
9316489
-317
-22
664
649
-4116
1334
9317514
-281
31
674
768
-4320
1431
9318539
-140
82
699
523
-4476
1611
9319564
-31
56
658
319
-4383
1528
9320589
-81
72
591
559
-4486
1364
9321614
-61
201
595
627
-4614
1455
9322639
74
286
592
181
-4522
1656
9315722
62
224
454
147
-4526
1463
9316747
-7
194
327
351
-4544
1383
9317772
4
222
302
346
-4530
1539
9318797
63
212
281
153
-4458
1632
9319822
30
151
203
99
-4233
1456
9320847
-106
131
149
209
-4101
1311
9321872
-133
144
158
265
-4204
1445
9322897
-54
128
179
175
-4255
1600
9323922
13
74
178
63
-4101
1547
9324947
-52
62
202
107
-3988
1540
9325972
-370
109
266
372
-4297
1592
9326997
-573
161
313
272
-4777
1727
9328022
-308
129
239
-211
-5353
1822
9329047
25
-33
-88
-317
-5581
1406
9330072
-50
-116
-209
35
-2628
775
9331097
-439
14
-9
-74
-2765
1246
9323649
-731
20
82
128
-4309
1102
9324674
-10
5
151
16
-4355
1097
9325699
347
8
69
-137
-4744
1232
9326724
164
8
-5
84
-4240
1013
9327749
113
56
14
-8
-4011
1139
9328774
123
41
13
-17
-4115
1248
9329799
219
18
13
20
-4154
1363
9330824
216
-2
35
-12
-4026
1344
9331849
148
-12
45
-91
-3996
1350
9332874
75
-35
18
-109
-4152
1321
9333899
60
-52
-17
-29
-4098
1277
9334924
79
-51
-14
-28
-3993
1339
9335949
17
-61
-21
-41
-4071
1323
9336974
-19
-70
-37
-17
-4086
1275
9337999
10
-66
-49
2
-4079
1288
9339024
19
-59
-58
-8
-4112
1257
9331839
58
-46
-65
-19
-4110
1206
9332864
146
-41
-71
-14
-4136
1321
9333889
138
-57
-86
95
-3984
1439
9334914
32
-44
-71
155
-3848
1457
9335939
-97
-15
-28
36
-4028
1331
9336964
-83
-10
-4
38
-4216
1221
9337989
26
-6
-17
145
-4042
1310
9339014
40
30
41
98
-3981
1340
9340039
35
42
89
-5
-4143
1294
9341064
59
17
59
-60
-4067
1359
9342089
33
-14
3
-17
-3978
1380
9343114
-4
-23
-24
34
-4014
1343
9344139
-11
-16
-25
26
-4079
1332
9345164
4
-16
-27
41
-4082
1329
9346189
17
-15
-17
74
-4016
1326
9347214
24
0
8
70
-4007
1368
9340032
-4
12
34
40
-4027
1364
9341057
-21
5
46
8
-4041
1337
9342082
-18
-10
30
-16
-4089
1329
9343107
-7
-20
-4
20
-4049
1333
9344132
-2
-12
-15
36
-4015
1335
9345157
-10
-4
-15
26
-4035
1347
9346182
-18
-1
-16
43
-4073
1334
9347207
-25
10
-24
18
-3982
1358
9348232
-41
2
-44
-23
-4088
1323
9349257
-19
-28
-72
51
-4098
1282
9350282
38
-26
-37
82
-4062
1290
9351307
85
-26
-16
89
-4082
1340
9352332
75
-27
13
67
-4006
1359
9353357
67
-27
31
70
-4027
1345
9354382
67
-19
39
59
-4020
1393
9355407
19
-8
39
36
-3988
1395
9348224
-23
1
25
26
-4029
1380
9349249
-52
12
4
50
-4024
1369
9350274
-67
19
5
38
-4019
1356
9351299
-74
13
4
26
-4071
1344
9352324
-71
3
-4
18
-4099
1305
9353349
-31
-1
-12
37
-4088
1278
9354374
33
1
-17
46
-4053
1333
9355399
31
2
-15
72
-3983
1393
9356424
-28
2
12
45
-4011
1361
9357449
-42
-5
15
16
-4106
1308
9358474
-4
-11
-5
46
-4088
1286
9359499
46
-5
-1
61
-4050
1298
9360524
81
-4
16
38
-4083
1341
9361549
73
-11
15
44
-4013
1380
9362574
32
-12
12
62
-3947
1386
9363599
-10
-7
23
49
-4052
1362
9356416
-18
-10
30
16
-4090
1333
9357441
2
-19
15
21
-4035
1354
9358466
4
-21
-1
31
-4012
1381
9359491
-19
-21
-10
51
-4033
1362
9360516
-22
-15
-1
56
-4046
1321
9361541
9
-7
12
44
-4088
1344
9362566
16
-7
10
54
-4000
1381
9363591
-14
-8
21
26
-4008
1361
9364616
-14
-18
20
7
-4123
1314
9365641
36
-30
7
94
-4063
1335
9366666
47
-8
33
95
-3972
1389
9367691
8
6
60
9
-4034
1366
9368716
-3
-6
48
30
-4113
1346
9369741
5
5
68
128
-4042
1408
9370766
-46
40
140
58
-4054
1493
9371791
-134
31
148
-27
-4027
1478
9364608
-211
5
157
34
-4185
1273
9365633
-153
57
155
184
-4656
1287
9366658
26
138
144
33
-4635
1745
9367683
112
45
86
-202
-4217
1878
9368708
134
-102
0
-80
-4046
1370
9369733
197
-97
4
14
-4646
1112
9370758
366
-54
-78
-5
-5400
1780
9371783
955
-145
-257
190
-5215
2175
9372808
1112
-222
-345
172
-4689
2236
9373833
705
-199
-279
-1
-4726
2207
9374858
178
-236
-480
236
-4496
2127
9375883
-148
-247
-582
387
-4820
2017
9376908
-77
-269
-613
307
-4913
1893
9377933
-14
-299
-677
290
-4638
1799
9378958
6
-325
-735
363
-4526
1824
9379983
87
-358
-765
366
-4324
1785
9372799
121
-376
-756
406
-4173
1539
9373824
104
-340
-750
443
-3947
1364
9374849
60
-290
-726
488
-3827
1390
9375874
53
-267
-703
541
-4075
1480
9376899
172
-278
-703
519
-3893
1436
9377924
298
-288
-677
603
-3377
1338
9378949
214
-242
-625
711
-3540
1305
9379974
92
-193
-629
723
-3629
1291
9380999
97
-186
-625
691
-3284
1316
9382024
130
-182
-595
852
-3315
1349
9383049
270
-177
-567
931
-3494
1372
9384074
386
-193
-572
848
-3305
1338
9385099
344
-200
-576
901
-3074
1304
9386124
290
-173
-523
1070
-2910
1386
9387149
265
-139
-439
1038
-2873
1430
9388174
197
-122
-407
950
-2877
1436
9380992
116
-101
-394
1083
-2873
1444
9382017
130
-57
-325
1259
-2892
1534
9383042
241
-21
-207
1085
-2975
1607
9384067
282
-24
-177
987
-2846
1523
9385092
219
-12
-158
1254
-2728
1494
9386117
179
42
-61
1282
-3018
1735
9387142
222
47
-13
1163
-3059
1798
9388167
212
36
-4
1190
-2899
1626
9389192
113
78
31
1265
-3048
1674
9390217
103
108
70
1176
-3168
1969
9391242
57
57
61
1139
-2942
1853
9392267
-66
27
75
1322
-2911
1606
9393292
-147
63
146
1281
-3186
1767
9394317
-158
52
198
1104
-3196
1932
9395342
-230
-15
209
1000
-2915
1738
9396367
-435
-61
213
1010
-2876
1436
9389184
-588
-41
209
1289
-3165
1499
9390209
-446
18
282
1117
-3399
1650
9391234
-205
3
319
767
-3036
1473
9392259
-204
-2
301
1091
-2774
1318
9393284
-278
93
401
1319
-3136
1458
9394309
-197
139
543
865
-3378
1596
9395334
-175
87
558
672
-3054
1251
9396359
-334
124
564
1062
-3165
1240
9397384
-367
236
658
1063
-3684
1650
9398409
-192
220
711
592
-3718
1788
9399434
-161
113
656
615
-3310
1392
9400459
-398
123
656
987
-3533
1148
9401484
-504
233
729
767
-4255
1545
9402509
-310
194
704
319
-4362
1870
9403534
-95
44
616
568
-3875
1447
9404559
-94
80
630
1012
-4068
1260
9397375
-250
245
707
576
-4514
1630
9398400
-328
231
660
226
-4355
1732
9399425
-326
155
603
573
-4273
1459
9400450
-337
203
631
493
-4523
1500
9401475
-395
220
594
95
-4526
1677
9402500
-426
150
465
334
-4459
1581
9403525
-320
157
460
587
-4734
1539
9404550
-239
191
488
252
-4703
1481
9405575
-289
157
429
27
-4367
1531
9406600
-344
124
340
558
-4593
1427
9407625
-35
182
396
495
-4918
1516
9408650
145
146
377
-12
-4567
1535
9409675
-63
24
255
-36
-4173
1479
9410700
-326
-13
183
263
-4424
1433
9411725
-222
69
291
136
-5034
1504
9412750
18
79
238
-90
-4863
1648
9405569
255
29
42
42
-4621
1720
9406594
327
13
-22
87
-4438
1408
9407619
223
44
-46
-39
-4055
1110
9408644
80
92
-44
-176
-3799
1112
9409669
183
73
-40
-147
-3810
1214
9410694
468
28
-60
64
-4052
1295
9411719
665
25
-70
156
-4190
1415
9412744
651
37
-78
-18
-4391
1583
9413769
393
-13
-98
1
-4178
1643
9414794
274
-57
-59
57
-3502
1690
9415819
177
-56
-7
-30
-3833
1650
9416844
79
-80
-19
3
-4013
1666
9417869
-39
-64
-19
99
-3924
1593
9418894
-77
1
6
68
-3959
1549
9419919
-91
30
18
-17
-4003
1576
9420944
-138
9
1
-49
-3922
1552
9413760
-156
-23
-25
-28
-4027
1508
9414785
-135
-43
-33
39
-4036
1466
9415810
-100
-33
-14
73
-4059
1425
9416835
-37
-11
2
24
-4095
1423
9417860
38
-6
-6
1
-3993
1472
9418885
44
-8
-20
15
-3931
1530
9419910
2
-11
-21
31
-3976
1516
9420935
-21
-14
-10
33
-4006
1489
9421960
-11
-15
-6
20
-4025
1468
9422985
20
-14
-13
27
-4025
1459
9424010
48
-12
-14
40
-3979
1489
9425035
44
-10
-2
39
-3960
1539
9426060
13
-9
5
47
-3972
1535
9427085
-21
-4
5
26
-3939
1538
9428110
-61
-7
0
20
-3946
1523
9429135
-89
-10
-5
21
-3993
1480
9421951
-66
-14
-7
37
-4064
1428
9422976
-6
-8
-7
57
-4036
1440
9424001
32
-2
4
45
-3988
1488
9425026
19
-11
13
34
-3949
1531
9426051
-18
-19
13
19
-3988
1485
9427076
-13
-22
0
28
-4028
1455
9428101
8
-22
-7
40
-3995
1477
9429126
13
-17
5
41
-3966
1505
9430151
-5
-17
2
60
-3990
1495
9431176
-6
-12
7
34
-4021
1464
9432201
11
-11
0
32
-3994
1487
9433226
8
-12
-6
54
-3986
1502
9434251
-8
-10
1
66
-3953
1500
9435276
-24
-1
11
41
-4005
1481
9436301
-18
-6
6
22
-4028
1472
9437326
-4
-15
-1
35
-4009
1466
9430144
19
-15
-2
46
-4011
1483
9431169
18
-11
-3
52
-3945
1506
9432194
-1
-9
5
57
-3984
1488
9433219
-5
-8
11
38
-4034
1467
9434244
18
-9
11
37
-4017
1474
9435269
32
-8
8
51
-3983
1507
9436294
15
-10
5
36
-3958
1530
9437319
-24
-12
-1
46
-3955
1503
9438344
-30
-9
1
48
-4032
1471
9439369
-21
-9
11
44
-3989
1483
9440394
-24
-9
-2
59
-3979
1486
9441419
-29
-6
-4
43
-3998
1484
9442444
-23
-7
-2
52
-4018
1461
9443469
-3
-6
0
52
-3997
1473
9444494
6
-6
5
59
-4001
1485
9445519
3
-6
10
42
-3994
1491
9438336
-4
-9
6
33
-3983
1488
9439361
-9
-10
2
53
-4013
1472
9440386
4
-8
6
44
-4011
1477
9441411
13
-5
5
41
-3975
1488
9442436
2
-6
3
43
-4002
1487
9443461
-8
-9
4
44
-3981
1498
9444486
-14
-10
5
52
-4008
1476
9445511
0
-6
5
51
-4025
1468
9446536
11
-6
4
54
-3987
1483
9447561
13
-3
8
44
-4004
1479
9448586
15
-3
2
46
-4005
1479
9449611
17
-3
-2
42
-3986
1473
9450636
32
-3
-4
46
-4022
1481
9451661
37
-6
-12
28
-3991
1487
9452686
48
-6
-16
71
-3978
1472
9453711
66
4
13
64
-3991
1553
9446529
14
-6
11
56
-3949
1530
9447554
-15
-3
16
33
-3956
1517
9448579
-28
-4
4
40
-4002
1504
9449604
-34
-8
-1
59
-3997
1500
9450629
-40
-8
5
39
-3958
1510
9451654
-67
-10
3
42
-3961
1518
9452679
-94
-11
10
62
-4003
1452
9453704
-56
-14
36
81
-4082
1423
9454729
-12
-8
54
103
-3984
1542
9455754
-92
21
103
132
-3869
1625
9456779
-247
48
150
-58
-3986
1542
9457804
-324
19
83
-96
-4060
1424
9458829
-298
5
25
65
-3988
1481
9459854
-294
32
88
223
-4027
1423
9460879
-314
76
201
111
-4352
1313
9461904
-261
86
208
-158
-4391
1131
9454880
-119
51
93
-222
-4030
1138
9455905
155
60
12
61
-4063
1351
9456930
450
97
69
282
-4429
1609
9457955
557
111
142
58
-4553
1606
9458980
396
87
59
-374
-4328
1383
9460005
89
51
-80
-416
-4008
1384
9461030
-29
39
-122
-82
-4455
1587
9462055
294
45
-110
-80
-5254
1999
9463080
690
-31
-259
35
-4901
2084
9464105
643
-19
-308
-35
-4396
2167
9465130
119
-42
-408
262
-4843
2088
9466155
-89
-52
-535
323
-4913
2096
9467180
-30
-81
-611
295
-4921
2047
9468205
88
-122
-685
441
-4921
1946
9469230
186
-127
-742
527
-4820
1903
9470255
240
-133
-783
481
-4809
1909
9462912
251
-164
-827
462
-4688
1793
9463937
226
-186
-863
559
-4134
1663
9464962
-15
-149
-851
461
-3745
1567
9465987
-278
-124
-870
427
-4146
1566
9467012
-139
-160
-947
535
-4316
1449
9468037
218
-205
-978
536
-4026
1452
9469062
368
-221
-965
539
-3794
1505
9470087
321
-215
-948
608
-3620
1522
9471112
198
-176
-918
706
-3519
1566
9472137
139
-129
-869
888
-3610
1580
9473162
280
-94
-801
1035
-3620
1532
9474187
506
-73
-720
1028
-3235
1451
9475212
615
-58
-632
976
-2951
1599
9476237
567
-66
-560
1054
-3045
1711
9477262
527
-100
-510
1035
-2978
1656
9478287
398
-128
-485
997
-2806
1514
9471104
276
-123
-446
1133
-2756
1470
9472129
371
-101
-366
1064
-2766
1626
9473154
444
-124
-336
1073
-2733
1629
9474179
400
-131
-321
1337
-2664
1583
9475204
325
-106
-249
1301
-2498
1659
9476229
169
-98
-181
1142
-2515
1647
9477254
87
-91
-141
1363
-2757
1679
9478279
193
-59
-74
1539
-2818
1750
9479304
302
-27
2
1339
-2675
1831
9480329
162
-23
17
1208
-2686
1879
9481354
-68
-8
21
1507
-2803
1834
9482379
-103
39
101
1510
-2923
1865
9483404
12
52
151
1307
-3095
1956
9484429
102
32
124
1339
-3052
2050
9485454
-1
22
111
1426
-2904
2025
9486479
-178
22
135
1277
-2879
2013
9479296
-210
25
163
1482
-3259
2084
9480321
-24
16
204
1561
-3372
2080
9481346
75
-23
220
1327
-2967
2032
9482371
-105
-37
203
1472
-3009
2014
9483396
-239
-19
236
1562
-3381
2060
9484421
-263
-61
243
1270
-3144
1950
9485446
-367
-92
221
1308
-3045
1755
9486471
-319
-48
269
1533
-3460
1776
9487496
-123
-14
324
1300
-3411
1873
9488521
-178
-40
292
939
-2827
1757
9489546
-510
-50
253
1095
-2809
1483
9490571
-606
13
321
1255
-3225
1382
9491596
-402
56
386
1023
-3283
1540
9492621
-317
17
378
739
-2827
1457
9493646
-427
-6
404
883
-2452
1087
9494671
-476
106
542
1136
-2955
1148
9487487
-200
202
692
789
-3698
1671
9488512
-27
91
663
317
-3076
1569
9489537
-352
30
597
766
-2764
1118
9490562
-461
206
692
1321
-3775
1431
9491587
36
316
858
726
-4459
1945
9492612
314
162
773
226
-3501
1550
9493637
-65
148
689
568
-2998
1242
9494662
-495
336
772
1050
-4252
1732
9495687
-178
388
866
648
-5079
2306
9496712
186
175
750
-40
-3820
1990
9497737
-290
40
613
81
-3218
1277
9498762
-867
172
631
746
-4489
1364
9499787
-596
300
750
599
-5313
2131
9500812
-87
164
708
118
-4340
2001
9501837
-71
65
596
435
-4033
1489
9502862
-200
167
636
661
-4920
1649
9495680
-138
223
677
203
-4822
2079
9496705
-381
104
556
-29
-4083
1897
9497730
-754
33
441
262
-4431
1473
9498755
-613
69
453
376
-5134
1593
9499780
-188
61
461
41
-4760
1720
9500805
-128
-13
387
-80
-4182
1420
9501830
-297
4
304
263
-4443
1314
9502855
-234
106
327
212
-4746
1439
9503880
-48
126
325
-222
-4513
1454
9504905
43
82
227
-274
-4319
1354
9505930
212
69
157
-62
-4371
1298
9506955
368
93
126
-128
-4204
1370
9507980
217
107
95
-383
-4052
1527
9509005
-60
58
0
-410
-4385
1582
9510030
88
-21
-147
-258
-5048
1526
9511055
240
-53
-263
-150
-4248
1352
9503872
-176
5
-208
-180
-3578
1388
9504897
-385
11
-196
80
-4048
1438
9505922
27
-11
-134
165
-3910
1454
9506947
64
18
-35
-49
-3959
1367
9507972
-169
39
-25
-166
-4429
1282
9508997
-124
18
-99
-218
-4488
1223
9510022
-16
-30
-163
-131
-3917
1250
9511047
87
-38
-155
-101
-3983
1400
9512072
80
-55
-180
-63
-4133
1352
9513097
53
-61
-178
-71
-4109
1375
9514122
-8
-78
-190
-46
-3962
1449
9515147
-134
-87
-194
27
-3944
1425
9516172
-232
-76
-159
98
-3996
1348
9517197
-243
-53
-98
97
-4130
1274
9518222
-206
-40
-69
45
-4228
1218
9519247
-121
-36
-28
43
-4129
1176
9512063
-28
-33
-16
116
-4020
1233
9513088
0
-18
30
87
-4095
1261
9514113
24
-17
83
54
-4134
1185
9515138
117
-6
103
11
-4144
1233
9516163
152
-5
85
-28
-4084
1278
9517188
164
-5
44
-23
-4045
1306
9518213
141
2
13
2
-3993
1383
9519238
49
8
2
-11
-3960
1390
9520263
-46
8
-11
-20
-3969
1375
9521288
-114
-1
-33
-10
-4098
1316
9522313
-117
-16
-46
24
-4102
1234
9523338
-51
-19
-36
48
-4044
1276
9524363
-31
-16
-9
46
-4076
1276
9525388
-12
-12
9
30
-4115
1265
9526413
4
-12
9
4
-4035
1306
9527438
-17
-16
-1
12
-4024
1326
9520256
-54
-25
-3
47
-4061
1268
9521281
-28
-21
9
32
-4134
1227
9522306
30
-16
10
15
-4132
1243
9523331
62
-19
0
19
-4027
1295
9524356
53
-24
0
31
-4025
1325
9525381
16
-27
7
27
-4068
1300
9526406
8
-27
8
10
-4091
1250
9527431
54
-22
-7
28
-4093
1293
9528456
53
-18
-9
29
-4016
1321
9529481
25
-19
-9
30
-4014
1339
9530506
-14
-18
-5
35
-4069
1316
9531531
-30
-14
-3
28
-4067
1278
9532556
-2
-10
-6
38
-4063
1288
9533581
6
-11
-3
47
-4055
1313
9534606
-3
-12
10
36
-4092
1283
9535631
12
-10
8
17
-4067
1295
9528449
17
-12
-5
22
-4041
1327
9529474
-10
-16
-11
27
-4026
1306
9530499
-10
-13
-11
35
-4074
1285
9531524
0
-10
-4
57
-4067
1318
9532549
-15
-8
-6
45
-4022
1328
9533574
-39
-9
0
42
-4039
1300
9534599
-44
-10
7
45
-4090
1276
9535624
-22
-9
8
31
-4083
1260
9536649
15
-8
0
43
-4079
1273
9537674
23
-7
2
56
-4037
1321
9538699
1
-5
16
41
-4039
1309
9539724
-13
-3
14
26
-4060
1296
9540749
-8
-3
1
23
-4081
1292
9541774
-1
-7
-5
47
-4053
1292
9542799
3
-6
8
49
-4067
1294
9543824
5
-4
13
29
-4057
1296
9536639
6
-4
6
30
-4057
1297
9537664
7
-6
1
37
-4053
1297
9538689
3
-8
1
50
-4037
1304
9539714
-7
-4
8
39
-4050
1306
9540739
-15
-2
4
15
-4054
1297
9541764
-15
-5
-9
58
-4059
1290
9542789
-18
-2
7
50
-4042
1304
9543814
-32
-2
12
26
-4056
1288
9544839
-22
-9
-1
32
-4093
1276
9545864
-15
-12
-7
42
-4047
1264
9546889
9
-8
-1
63
-4064
1295
9547914
3
-4
16
36
-4050
1302
9548939
-9
-7
18
21
-4066
1284
9549964
3
-10
9
34
-4086
1264
9550989
35
-11
6
41
-4072
1296
9552014
27
-13
3
48
-4001
1329
9544833
-9
-11
11
34
-4067
1297
9545858
-4
-11
8
34
-4100
1255
9546883
36
-8
6
43
-4073
1279
9547908
40
-7
7
34
-4019
1328
9548933
1
-12
9
30
-4027
1321
9549958
-19
-15
8
40
-4082
1279
9550983
8
-12
14
28
-4091
1273
9552008
34
-10
19
51
-4063
1298
9553033
31
-5
17
34
-4043
1318
9554058
14
-7
21
69
-4060
1315
9555083
12
3
59
106
-4105
1297
9556108
14
33
108
31
-4067
1336
9557133
-26
35
112
-20
-4006
1369
9558158
-102
20
93
-56
-4009
1392
9559183
-198
1
78
22
-4010
1310
9560208
-192
37
111
84
-4158
1238
9553025
-91
97
166
63
-4218
1213
9554050
-24
138
176
-96
-4112
1222
9555075
-35
124
139
-96
-4185
1232
9556100
115
171
101
151
-4202
1344
9557125
238
249
203
235
-4233
1471
9558150
182
234
319
-193
-4696
1394
9559175
178
120
163
-531
-4866
1366
9560200
122
52
-44
-334
-4464
1577
9561225
172
53
-31
-27
-4798
1742
9562250
464
79
12
-217
-5543
1939
9563275
818
-24
-190
-92
-5562
1865
9564300
817
-58
-455
70
-4515
2014
9565325
264
-29
-529
58
-5003
2191
9566350
-43
-92
-649
194
-5067
2021
9567375
-107
-149
-749
267
-4776
1787
9568400
-32
-185
-815
257
-4864
1702
9561217
168
-238
-885
266
-4716
1703
9562242
233
-284
-930
358
-4400
1605
9563267
143
-279
-928
385
-4252
1567
9564292
62
-263
-921
434
-4233
1591
9565317
94
-263
-924
531
-4063
1533
9566342
163
-253
-879
576
-3817
1392
9567367
244
-220
-810
625
-3819
1387
9568392
367
-201
-751
521
-3918
1496
9569417
463
-241
-734
480
-3633
1440
9570442
476
-271
-693
580
-3196
1342
9571467
394
-249
-621
614
-3153
1388
9572492
308
-235
-586
621
-3429
1445
9573517
381
-257
-566
645
-3436
1547
9574542
498
-283
-528
650
-3137
1522
9575567
529
-270
-489
896
-3020
1401
9576592
592
-202
-415
1036
-3051
1542
9569407
694
-160
-331
945
-3158
1780
9570432
687
-183
-320
851
-2886
1772
9571457
510
-196
-309
1011
-2604
1512
9572482
392
-141
-223
1226
-2790
1496
9573507
479
-92
-122
1120
-2982
1745
9574532
489
-111
-83
928
-2551
1806
9575557
179
-119
-84
1041
-2363
1647
9576582
-109
-74
-43
1356
-2758
1485
9577607
40
-1
61
1320
-3264
1774
9578632
347
-15
91
1119
-2971
1957
9579657
294
-32
75
1223
-2677
1914
9580682
91
18
109
1473
-3245
1995
9581707
161
36
148
1315
-3383
2111
9582732
204
-21
106
1079
-3019
2050
9583757
90
-63
54
1237
-3160
1956
9584782
125
-54
61
1455
-3379
2082
9577599
148
-40
80
1268
-3193
2183
9578624
-35
-65
61
1136
-2896
1973
9579649
-226
-40
71
1416
-3193
1808
9580674
-124
34
150
1400
-3409
1965
9581699
-8
42
175
1030
-3207
2113
9582724
-72
2
122
1114
-3019
1965
9583749
-119
30
145
1293
-3218
1961
9584774
-85
63
194
1173
-3241
2055
9585799
-132
44
176
1007
-3142
2036
9586824
-247
-2
127
998
-3048
1920
9587849
-313
-10
121
1240
-3172
1847
9588874
-162
39
181
1278
-3326
1953
9589899
101
66
218
1114
-3206
2073
9590924
168
54
211
976
-2975
1966
9591949
31
55
218
936
-2925
1724
9592974
-92
119
263
1190
-3114
1751
9585793
-99
199
373
1022
-3216
1878
9586818
-220
204
405
662
-3038
1744
9587843
-475
201
385
715
-3064
1561
9588868
-556
251
432
927
-3401
1591
9589893
-384
288
494
721
-3704
1843
9590918
-250
228
438
376
-3585
1985
9591943
-379
128
328
580
-3373
1836
9592968
-505
142
344
1003
-3831
1923
9593993
-355
176
411
850
-4092
2134
9595018
-126
108
406
430
-3634
2024
9596043
-86
43
377
408
-3576
1775
9597068
-89
65
382
781
-3952
1805
9598093
-7
148
433
889
-4031
2020
9599118
4
165
499
400
-3659
1990
9600143
-206
96
482
212
-3462
1725
9601168
-515
78
467
581
-3859
1592
9594040
-616
158
520
711
-4141
1766
9595065
-535
174
584
162
-3875
1899
9596090
-608
76
506
2
-3774
1587
9597115
-613
49
459
471
-4153
1452
9598140
-346
144
520
675
-4521
1777
9599165
-28
179
573
173
-4395
2020
9600190
-14
72
467
-22
-4042
1765
9601215
-163
27
393
454
-4223
1580
9602240
-206
113
433
616
-4417
1768
9603265
-229
148
480
82
-4325
1869
9604290
-340
58
394
-35
-4347
1578
9605315
-331
44
345
228
-4636
1517
9606340
-210
104
357
124
-4563
1638
9607365
-169
113
322
-114
-4294
1669
9608390
-213
89
246
-107
-4325
1580
9609415
-176
87
210
-51
-4467
1454
9602176
-43
92
193
-156
-4324
1521
9603201
-25
61
136
-66
-4243
1817
9604226
-14
31
109
75
-5021
2100
9605251
43
-10
15
-172
-5977
1863
9606276
190
-107
-252
-123
-4123
1366
9607301
-211
-65
-231
-125
-3286
1413
9608326
-547
-26
-114
-25
-3736
1136
9609351
-12
-13
-28
59
-3850
1173
9610376
383
11
28
-67
-4159
1433
9611401
397
-13
-48
-227
-4331
1616
9612426
198
-115
-213
-134
-4526
1556
9613451
44
-157
-226
217
-3636
1399
9614476
194
-79
-91
126
-3766
1581
9615501
159
-48
-29
21
-4200
1526
9616526
106
-64
7
42
-3997
1537
9617551
46
-49
32
-58
-3836
1598
9610369
-46
-56
-8
-50
-4051
1517
9611394
-57
-54
-50
7
-4003
1431
9612419
-7
-30
-48
3
-4015
1518
9613444
-29
-27
-51
29
-4030
1540
9614469
-71
-31
-33
43
-3939
1489
9615494
-54
-29
-10
28
-4048
1440
9616519
-5
-25
4
57
-4074
1481
9617544
8
-18
24
28
-3971
1463
9618569
36
-22
32
3
-4014
1499
9619594
24
-37
18
0
-3979
1494
9620619
28
-48
14
9
-4014
1464
9621644
60
-48
1
17
-4030
1498
9622669
49
-54
-2
36
-3949
1551
9623694
-2
-56
3
34
-3908
1536
9624719
-21
-53
15
23
-4042
1498
9625744
-8
-51
7
26
-4040
1460
9618560
30
-41
3
22
-3994
1486
9619585
44
-39
11
43
-4005
1518
9620610
34
-34
11
39
-3968
1501
9621635
30
-23
11
20
-3966
1518
9622660
20
-22
4
31
-4001
1508
9623685
25
-17
5
30
-3999
1515
9624710
14
-16
5
39
-3928
1558
9625735
-17
-16
7
31
-4010
1504
9626760
10
-15
7
32
-4057
1432
9627785
93
-3
10
47
-4038
1470
9628810
137
12
20
55
-3977
1557
9629835
103
11
37
15
-3910
1597
9630860
45
4
31
-5
-3960
1557
9631885
32
-7
16
10
-3996
1555
9632910
20
-13
13
8
-3928
1570
9633935
10
-22
14
20
-3995
1536
9626751
26
-25
15
23
-4013
1551
9627776
39
-24
14
23
-3966
1546
9628801
39
-19
13
11
-3938
1584
9629826
13
-19
7
13
-3943
1582
9630851
-9
-16
4
14
-3977
1560
9631876
-6
-12
-1
20
-3987
1549
9632901
5
-14
-2
34
-3965
1567
9633926
1
-14
5
25
-3952
1573
9634951
-11
-17
7
12
-3977
1564
9635976
-14
-21
2
20
-3963
1563
9637001
-10
-20
3
18
-3980
1552
9638026
0
-21
11
28
-3990
1547
9639051
15
-20
6
44
-3984
1561
9640076
16
-15
5
19
-3954
1569
9641101
11
-15
6
28
-3964
1568
9642126
7
-13
6
28
-3973
1562
9634944
16
-9
3
37
-3963
1565
9635969
14
-1
9
27
-3964
1589
9636994
-6
-1
6
14
-3952
1579
9638019
-28
-6
-1
15
-3935
1596
9639044
-58
-7
-2
27
-3973
1547
9640069
-39
-9
-3
22
-4001
1533
9641094
-9
-12
-1
44
-3996
1524
9642119
28
-9
12
34
-4013
1519
9643144
62
-7
16
21
-3961
1571
9644169
50
-7
10
19
-3915
1612
9645194
-3
-9
7
25
-3902
1624
9646219
-57
-10
4
19
-3948
1586
9647244
-71
-10
-1
24
-3998
1539
9648269
-36
-5
-1
20
-4022
1511
9649294
14
-4
0
35
-3993
1539
9650319
32
-3
8
38
-3958
1568
9643136
21
-3
16
18
-3945
1590
9644161
0
-3
12
6
-3973
1572
9645186
-5
-6
2
20
-3963
1559
9646211
-6
-6
2
34
-3949
1569
9647236
-5
-5
7
20
-3988
1556
9648261
0
-5
7
21
-3980
1541
9649286
10
-4
7
22
-3962
1572
9650311
-3
-5
6
29
-3947
1579
9651336
-11
-5
7
27
-3977
1552
9652361
-4
-4
3
18
-3976
1557
9653386
2
-4
-3
24
-3977
1567
9654411
2
-4
2
31
-3951
1575
9655436
-14
-2
12
21
-3944
1570
9656461
-20
-3
9
12
-3982
1558
9657486
-15
-5
2
18
-3966
1545
9658511
1
-6
0
24
-4001
1543
9651328
23
-7
1
23
-3981
1556
9652353
26
-3
6
26
-3946
1570
9653378
8
-5
5
20
-3941
1595
9654403
-24
-10
1
21
-3940
1580
9655428
-33
-7
3
35
-3985
1528
9656453
-3
-4
11
28
-4012
1531
9657478
23
-1
12
23
-3956
1564
9658503
19
-2
11
11
-3958
1573
9659528
7
-6
9
18
-3970
1571
9660553
0
-10
5
22
-3979
1548
9661578
18
-9
7
32
-3985
1539
9662603
33
-7
16
36
-3952
1582
9663628
24
-2
27
20
-3949
1578
9664653
21
-5
26
-5
-3977
1558
9665678
26
-9
15
6
-3979
1567
9666703
34
-12
9
7
-3959
1573
9659521
35
-14
17
14
-3938
1586
9660546
34
-16
9
23
-3968
1593
9661571
27
-16
8
19
-3960
1582
9662596
25
-14
13
17
-3956
1587
9663621
29
-8
15
21
-3965
1588
9664646
31
-2
13
8
-3961
1590
9665671
27
-2
8
1
-3920
1621
9666696
-3
-4
-1
4
-3922
1629
9667721
-42
-6
-3
17
-3947
1597
9668746
-44
-3
3
16
-3984
1552
9669771
-11
2
5
7
-3998
1558
9670796
15
-1
4
9
-3950
1595
9671821
9
-1
6
9
-3941
1605
9672846
-18
-4
5
11
-3952
1598
9673871
-25
-7
7
11
-3967
1567
9674896
3
-11
13
15
-4012
1550
9667830
41
-5
15
23
-3978
1559
9668855
60
3
17
11
-3924
1605
9669880
34
7
14
-6
-3891
1661
9670905
-34
4
4
9
-3909
1645
9671930
-76
9
0
6
-3956
1573
9672955
-61
14
0
21
-3978
1577
9673980
-57
18
5
24
-3973
1581
9675005
-58
22
18
21
-3967
1582
9676030
-70
31
33
6
-3955
1615
9677055
-112
25
37
-18
-3940
1589
9678080
-127
11
29
-17
-3966
1527
9679105
-96
7
19
-37
-4020
1502
9680130
-49
-4
4
-17
-4018
1469
9681155
25
-1
2
3
-4037
1508
9682180
41
0
10
-6
-3953
1596
9683205
-4
-2
22
58
-3933
1556
9675904
-30
22
64
30
-3933
1599
9676929
-91
39
97
-19
-3986
1580
9677954
-128
42
111
-14
-4137
1559
9678979
-165
47
134
66
-4051
1745
9680004
-282
60
190
102
-3859
1918
9681029
-458
47
243
70
-3904
1868
9682054
-652
30
264
73
-4482
1875
9683079
-534
-54
231
142
-4747
1841
9684104
-210
-114
212
-89
-4364
1392
9685129
-139
-128
203
-414
-4274
1006
9686154
-251
-123
99
-272
-4813
1085
9687179
-27
-154
-60
91
-5460
1715
9688204
1074
-123
-51
25
-5726
1876
9689229
1603
-193
-264
-191
-4695
1888
9690254
914
-211
-452
-113
-4164
1977
9691279
39
-142
-493
31
-4749
1984
9684096
-177
-147
-558
191
-5189
1783
9685121
74
-179
-639
201
-4993
1817
9686146
230
-213
-715
220
-4676
1879
9687171
207
-236
-778
346
-4580
1829
9688196
110
-230
-821
397
-4490
1758
9689221
-11
-220
-837
279
-4443
1640
9690246
-20
-229
-880
288
-4371
1598
9691271
127
-246
-909
455
-4223
1604
9692296
279
-258
-894
535
-4025
1509
9693321
380
-260
-865
505
-3762
1472
9694346
402
-250
-834
446
-3529
1462
9695371
443
-248
-794
521
-3611
1458
9696396
608
-252
-754
649
-3664
1505
9697421
762
-267
-708
584
-3272
1650
9698446
555
-293
-678
476
-2847
1655
9699471
96
-288
-663
775
-2873
1440
9692288
-86
-222
-574
1071
-3121
1473
9693313
100
-177
-451
982
-3261
1627
9694338
352
-191
-383
818
-3095
1577
9695363
442
-191
-363
901
-2783
1468
9696388
368
-132
-302
1024
-2710
1544
9697413
240
-82
-230
1006
-3005
1663
9698438
223
-87
-209
937
-2819
1640
9699463
212
-89
-185
917
-2593
1614
9700488
122
-83
-171
843
-2614
1554
9701513
22
-86
-191
845
-2504
1578
9702538
-61
-59
-198
1221
-2647
1632
9703563
52
-23
-86
1248
-2805
1690
9704588
192
-3
23
1216
-2875
1726
9705613
224
42
88
1357
-2853
1680
9706638
150
101
153
1286
-2891
1870
9707663
3
117
165
1206
-3097
2026
9700480
-35
91
168
1269
-3243
2028
9701505
35
50
189
1214
-3196
1882
9702530
29
34
181
1234
-3078
1785
9703555
9
63
199
1410
-3306
1961
9704580
95
82
255
1246
-3317
2122
9705605
24
47
258
968
-2936
1973
9706630
-267
34
229
1179
-2840
1780
9707655
-401
98
286
1401
-3343
1753
9708680
-183
134
356
1069
-3410
1909
9709705
-71
75
311
650
-2927
1771
9710730
-308
14
219
748
-2511
1355
9711755
-547
99
263
954
-2970
1344
9712780
-455
201
368
804
-3577
1632
9713805
-205
180
354
626
-3103
1651
9714830
-222
168
343
667
-2640
1465
9715855
-352
240
422
954
-3153
1494
9708673
-178
323
555
921
-3801
1902
9709698
53
264
607
545
-3316
1810
9710723
-69
216
616
469
-2886
1465
9711748
-336
277
674
780
-3597
1606
9712773
-383
303
753
569
-4040
1875
9713798
-457
195
727
238
-3438
1593
9714823
-715
195
703
460
-3624
1177
9715848
-695
342
810
440
-4344
1229
9716873
-351
433
872
-22
-4330
1769
9717898
-243
352
753
70
-3840
1796
9718923
-310
354
720
554
-4284
1794
9719948
-214
441
811
259
-5074
2173
9720973
-32
340
744
-139
-4545
2199
9721998
-214
228
614
-20
-4180
1955
9723023
-430
227
586
311
-4968
1913
9724048
-186
233
594
86
-5202
2047
9716863
30
150
501
-277
-4555
1971
9717888
-150
99
385
-154
-4447
1657
9718913
-320
154
345
29
-4975
1582
9719938
-145
185
335
-196
-4839
1690
9720963
-74
106
272
-545
-4174
1589
9721988
-321
0
85
-134
-4223
1530
9723013
-86
0
-180
194
-6811
2589
9724038
741
-122
-400
267
-5812
1692
9725063
544
-23
-163
-77
-2571
1336
9726088
-491
115
8
-248
-3842
1564
9727113
-279
72
-50
-288
-4066
1359
9728138
494
57
-30
-240
-4098
1756
9729163
439
72
-44
-216
-4010
1768
9730188
144
49
-89
-303
-3808
1768
9731213
-78
-16
-163
-250
-3860
1601
9732238
-103
-60
-199
-154
-3946
1508
9725056
-61
-65
-189
-34
-4018
1627
9726081
-114
-67
-114
-35
-3949
1580
9727106
-172
-93
-40
-140
-3905
1565
9728131
-155
-120
-49
-184
-4095
1362
9729156
49
-134
-116
-165
-4228
1330
9730181
236
-155
-165
-136
-4054
1523
9731206
235
-202
-165
-55
-3984
1683
9732231
86
-234
-125
-27
-3761
1699
9733256
-49
-220
-86
-31
-3936
1613
9734281
-98
-165
-99
80
-3972
1537
9735306
-70
-74
-63
114
-3949
1524
9736331
-43
0
-14
63
-4035
1571
9737356
-59
22
16
22
-4048
1520
9738381
-36
23
44
-14
-4016
1499
9739406
-17
7
44
-42
-3937
1579
9740431
-58
-25
19
-65
-3933
1536
9733248
-44
-63
-15
-45
-4010
1478
9734273
0
-86
-25
21
-4018
1528
9735298
2
-74
-9
46
-3950
1546
9736323
-9
-40
12
20
-3970
1522
9737348
-9
-14
6
-7
-4006
1541
9738373
-33
-10
-7
-4
-3928
1579
9739398
-84
-1
-3
12
-3977
1543
9740423
-107
24
-2
13
-3997
1526
9741448
-124
45
4
9
-3934
1517
9742473
-140
43
10
0
-3979
1506
9743498
-146
25
10
-35
-4035
1447
9744523
-94
-2
1
-26
-4081
1392
9745548
-11
-24
-8
-8
-4041
1420
9746573
49
-41
-15
15
-4042
1445
9747598
85
-47
2
10
-3988
1479
9748623
79
-49
15
-1
-3976
1505
9741440
49
-47
5
-1
-3964
1523
9742465
14
-35
-2
20
-3966
1513
9743490
-8
-19
0
17
-3994
1503
9744515
-18
-8
4
19
-3987
1497
9745540
-19
0
8
3
-3995
1484
9746565
-24
7
6
17
-3985
1498
9747590
-37
14
10
5
-3974
1498
9748615
-48
2
12
3
-3975
1490
9749640
-46
0
14
7
-4013
1479
9750665
-56
7
17
-1
-3974
1481
9751690
-63
7
22
-12
-4025
1459
9752715
-53
5
11
-3
-4020
1445
9753740
-35
3
9
-4
-4009
1460
9754765
-31
3
4
-5
-4004
1456
9755790
-27
2
0
-13
-4035
1429
9756815
2
-7
-3
1
-4039
1431
9749632
36
-12
6
9
-4033
1445
9750657
50
-11
16
11
-4003
1472
9751682
39
-7
26
-8
-3966
1490
9752707
19
-8
25
-17
-3982
1487
9753732
5
-15
22
-6
-4014
1462
9754757
19
-16
9
1
-4029
1427
9755782
66
-11
6
-23
-4037
1459
9756807
86
-17
-1
-10
-3999
1487
9757832
79
-26
-2
0
-3960
1521
9758857
53
-28
-1
-4
-3987
1502
9759882
55
-26
1
8
-4011
1483
9760907
71
-19
6
5
-3980
1501
9761932
70
-16
8
-14
-3982
1517
9762957
59
-21
6
1
-3952
1550
9763982
28
-20
7
-7
-3958
1537
9765007
6
-19
3
17
-3957
1539
9757825
-11
-12
10
15
-3993
1517
9758850
-5
-6
18
-4
-3982
1522
9759875
0
-8
11
-26
-3972
1528
9760900
-5
-11
2
-6
-3983
1531
9761925
-7
-12
7
1
-3979
1527
9762950
-10
-12
10
-4
-3989
1518
9763975
-8
-9
7
-5
-3997
1500
9765000
1
-4
4
-3
-3978
1517
9766025
-5
-3
2
5
-3968
1523
9767050
-10
-2
7
2
-3994
1514
9768075
-11
1
9
-15
-3969
1527
9769100
-19
-2
2
-5
-3998
1505
9770125
-4
-4
-3
-2
-4014
1484
9771150
27
-3
-3
1
-3996
1507
9772175
37
-3
-5
-14
-3987
1519
9773200
32
-6
-10
6
-3945
1543
9766016
9
-6
-3
1
-3955
1559
9767041
-18
-5
2
-6
-3981
1523
9768066
-25
-5
-5
-13
-3986
1523
9769091
-20
-5
-12
9
-3990
1507
9770116
-11
-4
-2
22
-3976
1527
9771141
-22
-6
13
9
-3982
1522
9772166
-27
-5
10
-12
-3982
1514
9773191
-23
-2
-1
0
-4003
1497
9774216
-3
-2
-3
5
-4010
1484
9775241
15
-5
-1
-1
-3958
1546
9776266
-13
-6
-4
-11
-3976
1524
9777291
-19
-6
-12
8
-3996
1490
9778316
2
-7
-8
8
-4019
1493
9779341
13
-9
-2
15
-3962
1528
9780366
-2
-6
3
5
-3957
1520
9781391
-9
-3
1
17
-3994
1507
9774208
-11
0
2
2
-3983
1523
9775233
-19
-2
-3
-5
-3991
1498
9776258
-3
-3
-4
15
-4015
1491
9777283
11
0
1
17
-3988
1506
9778308
18
3
5
6
-3976
1520
9779333
11
2
2
0
-3978
1522
9780358
10
4
7
42
-4013
1491
9781383
31
18
24
21
-3995
1504
9782408
30
35
24
7
-3976
1545
9783433
5
60
20
32
-4006
1525
9784458
6
103
44
114
-4062
1574
9785483
-61
196
104
91
-3986
1737
9786508
-246
288
170
39
-4189
1840
9787533
-297
341
232
47
-4402
2099
9788558
-308
318
277
-210
-4387
2120
9789583
-500
154
133
-112
-4569
1657
9782400
-538
55
16
45
-4606
1373
9783425
-297
-2
20
95
-5067
1454
9784450
111
-110
-144
1
-6147
1722
9785475
862
-203
-408
116
-5022
1795
9786500
643
-166
-586
221
-4579
2047
9787525
130
-102
-653
347
-5398
1897
9788550
204
-86
-747
123
-4968
1799
9789575
162
-95
-833
361
-4797
1782
9790600
239
-101
-860
481
-4791
1720
9791625
395
-129
-875
247
-4474
1686
9792650
396
-170
-902
246
-4258
1615
9793675
325
-168
-908
488
-4132
1506
9794700
299
-128
-863
542
-4185
1575
9795725
341
-125
-837
425
-4148
1628
9796750
367
-159
-838
441
-3628
1368
9797775
315
-143
-788
539
-3350
1288
9790592
282
-111
-748
586
-3691
1486
9791617
389
-150
-751
586
-3568
1592
9792642
405
-192
-721
621
-3206
1549
9793667
222
-182
-674
721
-3282
1526
9794692
57
-158
-638
709
-3217
1505
9795717
-4
-148
-605
700
-3091
1435
9796742
103
-134
-564
876
-3351
1481
9797767
353
-133
-539
911
-3313
1554
9798792
505
-151
-519
812
-2914
1531
9799817
513
-143
-476
991
-2895
1533
9800842
550
-110
-407
1153
-2996
1638
9801867
500
-93
-348
1052
-2683
1676
9802892
285
-74
-293
1168
-2714
1640
9803917
209
-26
-228
1224
-2867
1659
9804942
283
-12
-160
1058
-2764
1692
9805967
271
-19
-140
1165
-2737
1714
9798784
218
-1
-103
1283
-2787
1836
9799809
139
9
-52
1188
-2667
1861
9800834
24
5
-20
1139
-2721
1781
9801859
-48
18
-2
1294
-2870
1785
9802884
-36
53
37
1369
-2861
1940
9803909
-38
62
85
1121
-2788
1971
9804934
-122
39
92
1094
-2892
1901
9805959
-173
43
96
1459
-2979
1861
9806984
-98
84
185
1430
-2862
1899
9808009
-45
91
275
1100
-2928
1916
9809034
-88
58
291
1019
-2921
1809
9810059
-193
55
315
1182
-2901
1687
9811084
-230
93
381
1164
-3040
1719
9812109
-172
119
424
960
-3055
1798
9813134
-160
116
426
925
-3037
1763
9814159
-176
127
440
915
-2929
1477
9806988
-160
146
492
580
-2920
1242
9808013
-166
179
466
779
-3316
1371
9809038
-44
287
471
1204
-3596
1755
9810063
99
373
591
720
-3370
1930
9811088
-39
361
579
456
-3148
1835
9812113
-311
352
495
743
-3395
1715
9813138
-273
348
489
853
-3815
1852
9814163
-77
280
511
359
-3716
2072
9815188
-240
158
420
396
-3473
2069
9816213
-494
126
377
926
-3779
2076
9817238
-477
135
472
687
-4016
2148
9818263
-408
50
470
474
-3746
2001
9819288
-424
25
428
933
-3850
1855
9820313
-256
75
550
759
-4227
1913
9821338
-138
20
611
248
-4054
1956
9822363
-448
-57
539
357
-3643
1811
9815169
-873
-9
537
782
-3908
1796
9816194
-829
57
666
452
-4498
1849
9817219
-483
-19
653
131
-4302
1696
9818244
-369
-74
569
319
-4028
1555
9819269
-467
-20
607
523
-4413
1611
9820294
-404
68
666
452
-4725
1823
9821319
-192
95
670
58
-4598
1964
9822344
-11
23
569
102
-4544
1774
9823369
150
5
491
303
-4771
1669
9824394
255
51
470
182
-4589
1741
9825419
237
64
436
13
-4237
1827
9826444
119
31
384
-56
-4143
1743
9827469
-58
-10
331
-56
-4196
1761
9828494
-285
-4
295
-240
-6037
2231
9829519
-274
-84
-47
-380
-7183
1529
9830544
141
-199
-372
371
-2826
927
9823361
-185
104
-10
76
-2507
1298
9824386
-332
245
149
-406
-4848
1301
9825411
651
122
-6
-323
-4435
1560
9826436
732
69
-102
-214
-3652
1672
9827461
317
14
-154
-243
-4112
1777
9828486
33
-77
-214
-118
-3813
1483
9829511
184
-98
-200
32
-3812
1589
9830536
269
-66
-166
150
-4207
1746
9831561
209
-27
-74
81
-3859
1688
9832586
134
1
32
-29
-3794
1786
9833611
-17
3
35
-82
-3852
1815
9834636
-169
-19
3
-99
-3863
1638
9835661
-187
-38
-23
-103
-3946
1639
9836686
-221
-67
-64
-104
-4000
1613
9837711
-208
-106
-94
-44
-4041
1450
9838736
-78
-113
-91
-33
-4068
1523
9831551
-17
-118
-90
-18
-4010
1558
9832576
12
-115
-92
39
-3949
1513
9833601
64
-88
-72
42
-4003
1572
9834626
67
-78
-66
51
-3976
1633
9835651
32
-77
-54
80
-3818
1608
9836676
13
-51
-40
76
-3928
1624
9837701
-11
-28
-41
78
-4020
1595
9838726
-21
-10
-16
123
-3891
1589
9839751
-55
21
36
60
-3912
1673
9840776
-156
13
40
-2
-3934
1613
9841801
-208
3
2
-25
-3916
1543
9842826
-197
-12
-41
-7
-4025
1534
9843851
-155
-27
-43
66
-4046
1473
9844876
-102
-26
-33
94
-4013
1445
9845901
-45
-18
-24
55
-4048
1489
9846926
-17
-20
-18
62
-3984
1511
9839745
-16
-19
-9
61
-3919
1534
9840770
-40
-21
-3
42
-4018
1532
9841795
-58
-32
-14
58
-3978
1491
9842820
-53
-30
-17
71
-3955
1498
9843845
-66
-21
-21
70
-3969
1510
9844870
-80
-18
-11
77
-4002
1466
9845895
-75
-12
-13
81
-3976
1486
9846920
-96
-5
-12
71
-3970
1500
9847945
-126
-3
-10
76
-3979
1453
9848970
-121
-2
-6
64
-4044
1433
9849995
-94
-8
-14
51
-4062
1411
9851020
-47
-14
-14
53
-4027
1413
9852045
-13
-15
-21
82
-4022
1423
9853070
-6
-16
-32
112
-4030
1420
9854095
13
-10
-12
108
-4000
1431
9855120
19
-9
15
96
-4015
1427
9847937
29
-10
28
92
-4046
1414
9848962
60
-7
30
78
-3993
1433
9849987
72
-5
24
58
-3988
1476
9851012
43
-9
11
72
-3972
1495
9852037
-2
-17
4
75
-3949
1475
9853062
-20
-16
1
73
-4040
1427
9854087
14
-14
0
86
-4048
1421
9855112
41
-11
2
76
-3959
1483
9856137
14
-12
2
98
-3969
1471
9857162
2
-8
9
88
-4032
1446
9858187
14
-6
9
75
-3996
1456
9859212
23
-8
8
90
-4002
1454
9860237
23
-8
8
93
-3994
1459
9861262
25
-8
13
82
-4003
1471
9862287
16
-9
11
80
-3966
1502
9863312
-13
-8
11
86
-3977
1475
9856128
-13
-6
13
85
-4017
1461
9857153
-3
-7
7
75
-4003
1459
9858178
10
-9
5
82
-4005
1461
9859203
16
-8
9
84
-4001
1469
9860228
26
-5
11
75
-4003
1470
9861253
33
-7
7
69
-3988
1480
9862278
26
-10
2
66
-3977
1492
9863303
15
-13
1
89
-4002
1474
9864328
19
-8
7
90
-3982
1482
9865353
16
-2
13
65
-3975
1498
9866378
-2
-6
7
67
-3977
1499
9867403
-12
-9
2
75
-3990
1471
9868428
0
-7
2
75
-4023
1463
9869453
14
-6
3
77
-3987
1488
9870478
11
-4
6
70
-3977
1498
9871503
-3
-5
5
69
-3994
1494
9864320
-11
-9
3
73
-3989
1475
9865345
-1
-9
3
84
-4014
1458
9866370
20
-7
8
80
-4006
1499
9867395
2
-7
10
94
-3944
1490
9868420
0
-1
24
74
-4027
1492
9869445
-10
-4
19
61
-3980
1495
9870470
-14
-8
18
69
-4020
1452
9871495
11
-10
23
52
-4033
1465
9872520
37
-15
30
44
-4024
1447
9873545
81
-22
28
44
-4042
1446
9874570
121
-30
34
69
-4036
1480
9875595
141
-29
33
124
-3964
1536
9876620
121
-12
61
95
-3945
1555
9877645
103
-9
78
45
-4012
1562
9878670
60
1
116
15
-4052
1524
9879695
42
9
147
175
-4105
1609
9872512
-79
106
221
235
-3843
1914
9873537
-410
217
341
37
-3811
2029
9874562
-675
195
365
-82
-4389
1828
9875587
-684
149
246
-95
-4792
1552
9876612
-220
112
133
-37
-4805
1593
9877637
315
48
94
-89
-4520
1559
9878662
476
-16
52
-310
-4561
1481
9879687
467
-151
-132
-382
-5448
1967
9880712
852
-264
-400
240
-4835
1876
9881737
615
-236
-426
40
-4547
2161
9882762
-16
-240
-597
332
-4816
2130
9883787
-10
-215
-620
324
-4878
2017
9884812
181
-220
-658
368
-4799
1953
9885837
303
-214
-702
541
-4874
1887
9886862
480
-192
-731
512
-4687
1952
9887887
523
-193
-758
386
-4443
2005
9880703
394
-225
-785
410
-4351
1820
9881728
272
-233
-782
485
-4249
1672
9882753
171
-216
-760
419
-4172
1743
9883778
39
-246
-787
369
-4189
1693
9884803
-13
-279
-845
688
-3946
1507
9885828
46
-237
-818
860
-3513
1466
9886853
114
-198
-746
703
-3763
1668
9887878
190
-243
-792
581
-3986
1647
9888903
283
-309
-846
615
-3529
1501
9889928
263
-288
-809
825
-3390
1541
9890953
274
-248
-759
838
-3401
1593
9891978
399
-265
-740
613
-3066
1535
9893003
492
-294
-737
662
-2986
1432
9894028
632
-285
-734
1051
-3088
1374
9895053
788
-250
-683
1021
-2716
1479
9896078
631
-261
-620
924
-2393
1662
9888896
324
-278
-556
1112
-2432
1751
9889921
105
-240
-471
1376
-2586
1751
9890946
89
-178
-359
1360
-2829
1747
9891971
228
-161
-295
1237
-2778
1676
9892996
341
-148
-261
1365
-2561
1643
9894021
356
-86
-175
1533
-2650
1693
9895046
383
-20
-62
1386
-2827
1806
9896071
353
-5
-13
1265
-2637
1763
9897096
163
14
18
1351
-2367
1622
9898121
-2
93
88
1596
-2845
1806
9899146
118
132
131
1441
-3209
2079
9900171
188
81
78
1219
-2649
2036
9901196
-23
59
50
1470
-2574
1937
9902221
-102
97
95
1805
-3275
2114
9903246
146
93
118
1551
-3217
2317
9904271
201
28
101
1347
-2807
2215
9897088
-14
15
100
1731
-3046
2159
9898113
-105
57
141
1804
-3167
2260
9899138
-137
51
170
1442
-3126
2303
9900163
-188
-6
152
1367
-3200
2159
9901188
-160
-22
146
1657
-3169
2032
9902213
-79
32
212
1713
-3222
2082
9903238
0
60
254
1408
-3317
2265
9904263
-41
14
224
1199
-3069
2135
9905288
-232
3
215
1351
-2995
1908
9906313
-268
73
262
1519
-3306
1992
9907338
-41
113
303
1263
-3357
2147
9908363
73
74
275
1007
-2944
1970
9909388
-117
57
257
1034
-2713
1667
9910413
-294
130
304
1283
-3012
1693
9911438
-167
222
402
1065
-3433
2128
9912463
-45
155
379
678
-3050
2151
9905281
-240
40
324
691
-2409
1579
9906306
-470
78
369
1185
-2873
1273
9907331
-243
220
490
1145
-3925
1856
9908356
70
174
466
554
-3436
2069
9909381
-193
45
367
492
-2371
1651
9910406
-752
72
366
1049
-2749
1297
9911431
-753
223
491
1124
-3755
1658
9912456
-374
222
561
509
-3881
1915
9913481
-304
85
509
459
-3010
1554
9914506
-670
119
548
1126
-2935
1368
9915531
-808
313
717
1343
-4011
1954
9916556
-422
309
820
552
-4524
2156
9917581
-142
107
704
182
-3576
1573
9918606
-396
102
646
843
-3492
1348
9919631
-530
292
772
1155
-4660
2016
9920656
-155
306
814
483
-4903
2263
9913472
130
129
627
73
-3959
1718
9914497
-156
100
510
313
-4072
1599
9915522
-478
174
488
691
-4736
1973
9916547
-436
185
484
335
-4715
2142
9917572
-294
58
365
48
-4306
1666
9918597
-232
6
289
287
-4291
1383
9919622
-323
110
289
649
-4583
1729
9920647
-390
193
332
280
-4568
2005
9921672
-399
95
268
-90
-4366
1571
9922697
-359
22
198
134
-4340
1292
9923722
-290
93
204
594
-4366
1462
9924747
-184
203
300
252
-4358
1763
9925772
-83
144
287
-118
-4074
1568
9926797
-76
58
253
-49
-3860
1275
9927822
-164
70
292
36
-3746
1314
9928847
-221
96
368
4
-3663
1385
9921663
-198
103
443
-214
-3515
1422
9922688
-106
52
509
-305
-3331
1407
9923713
189
-84
346
165
-5142
2792
9924738
84
-137
-91
-277
-10190
2113
9925763
-336
-333
-557
171
-4215
-44
9926788
663
-103
-147
573
-959
1836
9927813
-254
90
224
-134
-4227
1511
9928838
155
51
136
-157
-5166
1072
9929863
474
28
43
-140
-4258
1423
9930888
317
-38
71
-57
-3656
1508
9931913
209
-26
60
-225
-3732
1561
9932938
41
-68
-29
-190
-4053
1397
9933963
154
-87
-77
-40
-4167
1441
9934988
226
-55
-61
61
-4116
1419
9936013
272
-15
-4
-10
-3817
1545
9937038
207
1
17
-147
-3908
1709
9929856
29
-29
-34
-107
-3904
1634
9930881
-102
-48
-49
-58
-3761
1574
9931906
-134
-35
-37
-48
-4193
1477
9932931
-70
-32
-42
-34
-4124
1383
9933956
52
-28
-33
-104
-3945
1473
9934981
76
-36
-58
-93
-4079
1568
9936006
27
-57
-72
-3
-3947
1479
9937031
51
-47
-40
19
-3967
1541
9938056
43
-40
-19
5
-4046
1556
9939081
18
-38
-14
-21
-3921
1476
9940106
55
-30
-7
-39
-4003
1499
9941131
68
-29
-15
-44
-4029
1550
9942156
52
-42
-28
4
-3915
1517
9943181
78
-37
-34
-20
-3972
1574
9944206
51
-44
-46
-9
-3987
1598
9945231
4
-44
-37
10
-3868
1531
9938048
7
-32
-18
9
-4046
1563
9939073
22
-32
-37
18
-4002
1556
9940098
13
-23
-30
14
-3864
1557
9941123
-7
-12
-25
17
-3996
1610
9942148
-42
-18
-16
26
-4049
1520
9943173
12
-23
-1
11
-4001
1471
9944198
89
-24
-1
12
-4009
1575
9945223
83
-30
-4
33
-3951
1588
9946248
67
-25
3
12
-3901
1586
9947273
41
-22
-4
3
-3952
1625
9948298
-21
-19
-10
38
-3933
1605
9949323
-27
-22
-7
44
-3920
1586
9950348
-26
-17
6
12
-4035
1566
9951373
-13
-19
-2
23
-3977
1543
9952398
11
-17
-7
18
-3920
1588
9953423
-1
-20
-15
38
-3995
1590
9946240
-12
-25
-3
55
-3971
1534
9947265
14
-15
13
26
-3956
1565
9948290
23
-15
5
21
-4011
1591
9949315
22
-23
4
30
-3958
1560
9950340
41
-21
10
35
-3957
1580
9951365
39
-18
15
41
-3981
1608
9952390
19
-19
20
19
-3914
1590
9953415
11
-17
14
5
-3957
1603
9954440
1
-20
3
48
-3987
1587
9955465
9
-17
13
36
-3948
1575
9956490
20
-11
18
19
-3959
1596
9957515
24
-12
14
25
-4008
1581
9958540
31
-16
11
24
-3922
1588
9959565
39
-15
13
30
-3951
1630
9960590
16
-12
12
38
-3952
1619
9961615
2
-10
16
23
-3939
1597
9954432
3
-8
15
6
-3957
1617
9955457
-15
-12
20
20
-3983
1599
9956482
2
-15
5
42
-3933
1597
9957507
18
-9
13
14
-3982
1603
9958532
23
-10
13
38
-3972
1609
9959557
9
-2
22
37
-3901
1632
9960582
-10
4
28
1
-3968
1616
9961607
-10
-4
17
7
-4000
1568
9962632
28
-2
16
28
-3989
1576
9963657
31
23
36
-3
-3905
1649
9964682
-15
32
41
27
-3958
1616
9965707
10
30
19
15
-3962
1609
9966732
8
30
17
-16
-3948
1648
9967757
-29
26
11
13
-3936
1625
9968782
-38
37
34
12
-3988
1544
9969807
-20
73
65
46
-4097
1611
9962624
-51
118
53
41
-3840
1802
9963649
-265
137
63
-69
-3794
1752
9964674
-544
136
65
-18
-4108
1562
9965699
-645
128
82
31
-4334
1642
9966724
-537
110
119
86
-4271
1682
9967749
-351
121
178
156
-4624
1494
9968774
-61
159
150
138
-4922
1542
9969799
120
158
25
-162
-4669
1727
9970824
96
85
-104
-304
-4658
1864
9971849
191
-31
-247
-34
-5602
2205
9972874
718
-149
-455
561
-5526
2193
9973899
924
-166
-458
130
-5121
2312
9974924
399
-236
-689
213
-4859
2219
9975949
-40
-230
-771
411
-5039
2083
9976974
-172
-220
-800
455
-5040
1937
9977999
-140
-221
-836
467
-4923
1863
9970815
5
-233
-894
425
-4920
1863
9971840
199
-283
-972
457
-4748
1635
9972865
377
-288
-1001
519
-4456
1544
9973890
471
-259
-987
483
-4368
1698
9974915
543
-277
-994
377
-4420
1671
9975940
737
-320
-1023
525
-4258
1581
9976965
797
-330
-1019
727
-3741
1555
9977990
589
-313
-973
665
-3357
1628
9979015
308
-325
-925
648
-3308
1648
9980040
196
-333
-890
778
-3454
1541
9981065
359
-332
-845
871
-3375
1388
9982090
586
-307
-770
902
-3050
1350
9983115
675
-267
-688
869
-2766
1448
9984140
562
-230
-618
921
-2653
1425
9985165
461
-187
-545
1053
-2748
1466
9986190
535
-150
-475
983
-2830
1540
9979008
743
-155
-436
1037
-2766
1591
9980033
864
-161
-419
1171
-2458
1677
9981058
741
-141
-380
1151
-2206
1652
9982083
517
-94
-332
1238
-2475
1716
9983108
479
-49
-288
1381
-2636
1872
9984133
538
-38
-245
1285
-2281
1924
9985158
357
-42
-237
1123
-2109
1923
9986183
86
-40
-228
1215
-2353
1921
9987208
13
-36
-209
1590
-2544
1924
9988233
116
-8
-136
1667
-2279
1972
9989258
141
29
-41
1524
-2331
2054
9990283
97
44
23
1611
-2597
2088
9991308
65
73
79
1801
-2504
2104
9992333
-5
118
146
1645
-2497
2238
9993358
-53
124
168
1506
-2840
2320
9994383
11
104
161
1462
-2891
2285
9987200
-45
85
147
1358
-2525
2170
9988225
-247
90
131
1561
-2546
2057
9989250
-217
143
193
1633
-2973
2160
9990275
-32
167
240
1306
-2990
2276
9991300
-96
158
212
1314
-2554
2193
9992325
-270
195
234
1625
-2747
2154
9993350
-228
205
291
1631
-3017
2197
9994375
-180
146
310
1262
-2908
2257
9995400
-404
52
250
1265
-2651
2110
9996425
-625
48
253
1609
-2977
2040
9997450
-542
72
300
1613
-3179
2054
9998475
-424
57
325
1341
-2872
2001
9999500
-520
51
333
1364
-2803
1811
10000525
-566
99
408
1404
-2997
1631
10001550
-461
172
488
1162
-3109
1770
10002575
-456
168
476
806
-2927
1873
9995392
-610
102
416
840
-2749
1616
9996417
-696
117
440
1301
-3022
1378
9997442
-438
245
582
1197
-3584
1766
9998467
-75
228
638
536
-3493
2063
9999492
22
100
562
562
-3024
1867
10000517
63
97
573
1138
-3475
1792
10001542
169
158
667
951
-4059
2028
10002567
140
80
617
533
-3972
2024
10003592
-79
3
520
681
-3493
1917
10004617
-448
85
568
938
-3908
2037
10005642
-701
178
605
801
-4409
2113
10006667
-705
159
553
476
-4083
2054
10007692
-658
110
498
577
-4049
1773
10008717
-455
120
524
775
-4423
1700
10009742
-256
159
549
578
-4303
1915
10010767
-331
146
525
239
-3823
1916
10003584
-547
122
483
293
-3767
1608
10004609
-492
155
521
515
-4322
1578
10005634
-103
177
591
377
-4669
1804
10006659
262
102
568
142
-4013
1780
10007684
97
99
487
508
-3796
1835
10008709
-169
215
540
571
-4636
2158
10009734
75
181
557
151
-4808
2169
10010759
367
38
456
-76
-4337
1902
10011784
123
-7
329
230
-4245
1704
10012809
-290
106
300
357
-4446
1946
10013834
-426
169
309
108
-4584
1979
10014859
-275
121
257
-38
-4346
1732
10015884
-95
107
203
112
-4208
1589
10016909
-18
157
214
160
-4232
1652
10017934
-31
189
240
-13
-4053
1812
10018959
-125
156
240
-182
-3885
1768
10011775
-230
111
204
-116
-4017
1520
10012800
-173
116
197
11
-4065
1446
10013825
-38
136
221
-102
-3974
1717
10014850
-60
111
218
-160
-4268
2000
10015875
-75
11
40
-170
-5641
2202
10016900
-21
-127
-250
88
-5233
1382
10017925
126
-61
-189
68
-2794
1251
10018950
-232
66
-25
-205
-3415
1436
10019975
-5
65
-18
-98
-4461
1428
10021000
602
43
-72
-28
-3931
1645
10022025
428
36
-100
-149
-4214
1839
10023050
140
-27
-148
-72
-4163
1609
10024075
247
-58
-153
-34
-3671
1686
10025100
238
-67
-118
-7
-3953
1796
10026125
172
-89
-96
97
-3987
1785
10027150
119
-81
-23
64
-3813
1725
10020196
96
-64
42
-30
-3925
1720
10021221
96
-61
25
-24
-3965
1715
10022246
96
-40
13
7
-3850
1743
10023271
63
-6
27
-57
-3893
1801
10024296
-11
-15
1
-64
-3888
1786
10025321
-75
-36
-27
-50
-3791
1779
10026346
-137
-43
-37
-6
-3910
1753
10027371
-151
-35
-22
10
-4013
1626
10028396
-71
-27
-8
-2
-3947
1640
10029421
-11
-26
-4
1
-3958
1706
10030446
-7
-26
3
14
-3917
1668
10031471
18
-18
23
-14
-3911
1686
10032496
25
-18
17
-18
-3909
1752
10033521
-12
-21
12
6
-3871
1710
10034546
-26
-11
22
-17
-3918
1692
10035571
-24
-8
11
-38
-3942
1729
10028161
-53
-18
-12
-23
-3864
1703
10029186
-62
-15
-9
10
-3925
1686
10030211
-52
-5
2
24
-3986
1678
10031236
-39
-2
16
-40
-3944
1644
10032261
-8
-18
-3
-38
-3928
1656
10033286
17
-14
-11
81
-3962
1684
10034311
7
35
40
49
-3900
1711
10035336
-28
55
70
-83
-3971
1691
10036361
-40
26
26
-75
-3927
1701
10037386
-64
21
-12
26
-3846
1666
10038411
-75
50
15
45
-3859
1745
10039436
-157
71
58
-6
-3920
1727
10040461
-206
60
81
-75
-4064
1581
10041486
-160
23
50
-76
-4015
1614
10042511
-212
-5
15
4
-3926
1678
10043536
-322
13
46
23
-4027
1722
10036351
-329
33
76
32
-4135
1756
10037376
-354
44
52
-21
-4436
1632
10038401
-315
44
-29
-96
-4436
1728
10039426
-192
-11
-71
-17
-4194
1809
10040451
-145
-28
-46
59
-4742
1693
10041476
43
-33
-115
-112
-5226
1805
10042501
248
-119
-314
-165
-5219
1930
10043526
340
-187
-537
206
-4667
1982
10044551
186
-172
-573
305
-5018
2054
10045576
141
-173
-646
408
-5059
2010
10046601
33
-174
-795
445
-4823
1946
10047626
-64
-148
-827
413
-4848
1781
10048651
-14
-119
-842
517
-4701
1781
10049676
72
-80
-840
522
-4827
1885
10050701
280
-100
-892
469
-4791
1913
10051726
407
-153
-970
542
-4452
1783
10044544
356
-160
-996
728
-4212
1664
10045569
315
-138
-971
756
-4155
1692
10046594
319
-152
-972
740
-4289
1783
10047619
341
-212
-1005
814
-4201
1712
10048644
338
-243
-1013
878
-3905
1600
10049669
293
-254
-990
857
-3528
1474
10050694
217
-253
-973
814
-3590
1456
10051719
181
-256
-1009
934
-3570
1438
10052744
239
-246
-1006
1097
-3374
1391
10053769
345
-217
-943
1033
-3174
1365
10054794
400
-196
-894
970
-2760
1273
10055819
313
-146
-843
1137
-2584
1246
10056844
250
-88
-783
1239
-2774
1381
10057869
338
-109
-727
1019
-2648
1454
10058894
359
-164
-700
1132
-2338
1330
10059919
293
-130
-628
1495
-2341
1150
10052736
292
-40
-504
1402
-2285
1303
10053761
319
0
-420
1277
-2233
1525
10054786
314
12
-355
1564
-2202
1513
10055811
272
60
-248
1685
-2185
1490
10056836
174
114
-136
1475
-2211
1570
10057861
82
115
-73
1453
-2150
1547
10058886
53
124
12
1601
-2199
1587
10059911
72
167
110
1562
-2531
1831
10060936
88
152
157
1382
-2474
1746
10061961
-22
145
183
1323
-2155
1647
10062986
-215
175
241
1501
-2415
1759
10064011
-241
194
311
1569
-2653
1792
10065036
-188
195
388
1365
-2559
1728
10066061
-211
193
446
1307
-2561
1658
10067086
-213
225
494
1621
-2708
1663
10068111
-1
309
599
1675
-3023
1789
10060927
236
324
686
1117
-2934
1938
10061952
135
257
672
830
-2583
1869
10062977
-245
233
653
1342
-2715
1798
10064002
-469
312
757
1502
-3225
1928
10065027
-445
304
856
769
-3367
1939
10066052
-378
188
795
830
-3152
1785
10067077
-205
189
848
1253
-3421
1669
10068102
57
280
950
1020
-3755
1920
10069127
120
249
926
509
-3468
2011
10070152
-107
164
847
795
-3329
1890
10071177
-274
247
916
1300
-4058
1985
10072202
-60
351
1033
754
-4335
2247
10073227
15
247
937
23
-3633
2214
10074252
-378
130
770
436
-3518
1880
10075277
-646
215
805
1086
-4352
1852
10076302
-362
321
943
531
-4671
2309
10069120
-103
187
873
83
-3939
2208
10070145
-131
97
796
412
-3801
1826
10071170
-200
167
826
680
-4387
1955
10072195
-247
221
850
312
-4374
2187
10073220
-382
162
788
-59
-4266
2208
10074245
-543
91
695
26
-4590
1973
10075270
-500
106
623
160
-4758
1948
10076295
-372
121
561
-189
-4572
2044
10077320
-345
59
421
-205
-4426
1969
10078345
-352
44
309
62
-4478
1855
10079370
-280
83
300
-103
-4570
1824
10080395
-179
58
250
-374
-4304
1802
10081420
-190
17
176
-139
-4068
1667
10082445
-253
60
165
121
-4257
1588
10083470
-231
104
195
-197
-4212
1617
10084495
-240
48
138
-349
-3960
1638
10077312
-96
-36
-11
-273
-5616
2224
10078337
111
-127
-256
163
-5917
1616
10079362
457
-34
-132
28
-3089
1545
10080387
-260
80
-33
-337
-3363
1865
10081412
-285
17
-37
-99
-4133
1595
10082437
236
-10
14
-109
-3917
1549
10083462
182
-1
64
-327
-4058
1640
10084487
-107
-44
13
-289
-4191
1608
10085512
-203
-85
-44
8
-3992
1572
10086537
-203
-44
13
43
-4143
1618
10087562
-197
-22
44
-195
-4411
1651
10088587
-179
-52
-10
-260
-4401
1675
10089612
-162
-64
-70
39
-4551
1789
10090637
-114
-37
-73
61
-4828
1983
10091662
-130
-86
-184
-46
-4923
2000
10092687
-83
-171
-314
-85
-4834
1904
10085504
-119
-202
-423
71
-5019
1972
10086529
-171
-205
-508
164
-5036
2039
10087554
-136
-226
-569
60
-4861
2015
10088579
-56
-262
-643
236
-5003
1903
10089604
161
-263
-700
452
-4995
1801
10090629
333
-255
-719
212
-4818
1858
10091654
237
-298
-796
191
-4725
1782
10092679
96
-306
-868
469
-4536
1689
10093704
140
-278
-853
490
-4559
1697
10094729
335
-317
-862
400
-4619
1495
10095754
501
-355
-915
439
-4181
1286
10096779
479
-315
-918
542
-3857
1335
10097804
426
-273
-890
612
-3999
1490
10098829
431
-284
-908
631
-3938
1425
10099854
436
-291
-928
689
-3560
1338
10100879
433
-267
-877
828
-3538
1349
10093696
476
-245
-838
881
-3472
1388
10094721
472
-238
-830
855
-3123
1374
10095746
395
-230
-841
951
-2815
1238
10096771
449
-209
-792
887
-2616
1156
10097796
564
-212
-708
824
-2643
1186
10098821
627
-215
-615
1036
-2662
1229
10099846
610
-162
-484
1281
-2378
1320
10100871
455
-70
-323
1145
-2219
1504
10101896
257
-52
-248
950
-2149
1487
10102921
134
-47
-197
1092
-2263
1374
10103946
165
20
-109
1418
-2859
1503
10104971
353
64
-11
1201
-2747
1623
10105996
352
46
19
806
-2213
1655
10107021
49
19
14
927
-2296
1630
10108046
-129
30
44
1437
-2688
1647
10109071
-80
66
149
1221
-2656
1673
10101889
-111
48
204
891
-2431
1607
10102914
-315
39
222
1155
-2487
1485
10103939
-389
95
312
1528
-2752
1484
10104964
-168
169
473
1217
-2900
1632
10105989
123
158
557
721
-2859
1755
10107014
238
124
548
994
-2721
1593
10108039
216
194
603
1438
-2919
1628
10109064
196
289
751
962
-3095
1968
10110089
15
237
759
471
-3063
1979
10111114
-147
175
701
898
-3178
1655
10112139
-32
235
771
1118
-3460
1721
10113164
-28
298
829
613
-3413
2045
10114189
-327
247
776
361
-3214
2121
10115214
-592
192
749
940
-3703
1808
10116239
-382
265
841
1089
-4199
1726
10117264
-105
343
892
385
-3886
2174
10110080
-274
266
796
193
-3708
2322
10111105
-453
197
758
696
-4179
1916
10112130
-355
304
816
716
-4583
1717
10113155
-214
439
837
190
-4327
2256
10114180
-235
423
763
237
-4413
2405
10115205
-90
391
732
606
-4804
2043
10116230
75
470
741
131
-4627
2240
10117255
-152
411
631
-384
-4317
2459
10118280
-508
229
408
127
-4264
2134
10119305
-502
211
348
669
-4624
1971
10120330
-246
283
446
147
-4770
2042
10121355
-33
234
400
-274
-4265
2308
10122380
-134
122
282
-94
-4038
1980
10123405
-216
93
234
59
-4175
1691
10124430
-206
107
229
-80
-4038
1829
10125455
-277
74
226
-265
-3880
1859
10118273
-311
35
190
-132
-3991
1696
10119298
-164
54
209
-116
-4027
1608
10120323
32
86
256
-293
-3807
1748
10121348
24
80
258
-468
-3629
1803
10122373
-117
47
241
-460
-3755
1664
10123398
-179
27
222
-271
-3856
1688
10124423
8
-27
90
-526
-5930
2762
10125448
129
-201
-317
-206
-6281
1914
10126473
504
-195
-278
131
-2593
1688
10127498
-453
20
68
-228
-3391
1918
10128523
-581
27
63
-167
-4951
1794
10129548
57
-24
7
-306
-3972
1785
10130573
-108
-7
42
-338
-4130
1725
10131598
-296
28
22
-298
-4714
1844
10132623
-251
28
-65
-350
-4576
1970
10133648
-148
-26
-88
-468
-4702
2107
10126463
-4
-136
-307
1
-5037
2135
10127488
268
-146
-380
-75
-5189
2318
10128513
233
-217
-500
-218
-5102
2236
10129538
-84
-268
-640
21
-4670
1837
10130563
-381
-181
-650
375
-4629
1898
10131588
-367
-105
-552
55
-5336
2429
10132613
-235
-267
-688
-78
-5156
2237
10133638
-308
-404
-881
326
-4652
1635
10134663
-340
-334
-898
556
-4964
1606
10135688
51
-306
-880
339
-4925
1843
10136713
338
-394
-939
184
-4325
1689
10137738
269
-406
-1001
450
-4340
1435
10138763
339
-353
-987
569
-4320
1369
10139788
573
-347
-945
375
-3926
1296
10140813
647
-372
-944
317
-3729
1086
10141838
606
-358
-963
512
-3443
1025
10134656
508
-276
-936
820
-3294
1374
10135681
427
-241
-847
831
-3384
1514
10136706
401
-288
-798
724
-2954
1262
10137731
242
-263
-763
785
-2762
1120
10138756
201
-185
-695
1098
-3204
1308
10139781
499
-182
-636
1089
-3362
1519
10140806
708
-255
-646
940
-2810
1538
10141831
522
-268
-628
1057
-2381
1405
10142856
300
-212
-534
1270
-2777
1419
10143881
356
-198
-460
1188
-2974
1556
10144906
472
-229
-444
1162
-2668
1402
10145931
409
-170
-394
1307
-2722
1287
10146956
364
-47
-336
1406
-2776
1706
10147981
311
-8
-302
1264
-2471
1823
10149006
122
-34
-278
1232
-2394
1546
10150031
-87
-6
-242
1527
-2701
1360
10142849
-44
88
-135
1544
-2811
1684
10143874
110
96
-47
1336
-2592
1818
10144899
124
56
-22
1403
-2431
1627
10145924
69
91
37
1710
-2668
1659
10146949
129
181
179
1603
-2859
1866
10147974
147
190
234
1161
-2681
1962
10148999
-47
129
192
1100
-2505
1873
10150024
-255
108
186
1543
-2813
1878
10151049
-175
135
283
1541
-3097
2067
10152074
-114
95
319
1216
-2879
2044
10153099
-328
61
305
1232
-2700
1823
10154124
-495
123
375
1479
-3048
1820
10155149
-400
202
465
1489
-3509
1958
10156174
-197
194
483
1097
-3239
1870
10157199
-153
131
468
943
-2819
1612
10158224
-219
123
511
1235
-3161
1611
10151039
-205
172
574
1168
-3526
1817
10152064
-263
147
534
723
-3144
1740
10153089
-504
92
452
680
-2826
1403
10154114
-547
139
485
1365
-3683
1487
10155139
-66
238
617
1467
-4359
1943
10156164
289
206
638
703
-3466
2014
10157189
-161
149
561
544
-2871
1486
10158214
-546
226
585
1158
-3710
1473
10159239
-184
315
694
1128
-4391
2026
10160264
232
221
680
444
-3709
2076
10161289
-54
95
573
376
-3144
1558
10162314
-522
162
580
983
-3859
1405
10163339
-379
308
723
756
-4552
1940
10164364
-38
227
710
142
-4118
2132
10165389
-53
49
563
245
-3678
1667
10166414
-208
48
500
678
-4161
1514
10159355
-194
158
516
701
-4306
1847
10160380
-209
208
524
326
-4062
2070
10161405
-350
153
473
185
-3932
1821
10162430
-398
133
453
344
-4117
1519
10163455
-260
187
481
394
-4347
1567
10164480
-131
219
477
-17
-4392
1950
10165505
-261
130
362
-10
-4020
1837
10166530
-532
117
325
335
-4146
1508
10167555
-562
212
383
357
-4577
1591
10168580
-305
254
407
48
-4634
1942
10169605
-122
180
343
-72
-4541
1864
10170630
-130
128
255
60
-4256
1614
10171655
-275
167
223
148
-4313
1702
10172680
-279
201
224
108
-4730
2013
10173705
-67
139
198
-109
-4661
1976
10174730
57
58
126
-139
-4264
1694
10167424
-8
39
97
-190
-3971
1498
10168449
-122
41
94
-146
-3937
1484
10169474
-144
80
132
35
-4221
1528
10170499
-56
131
174
-123
-4835
1633
10171524
175
80
-51
-302
-5533
1612
10172549
148
-3
-246
-80
-3929
1233
10173574
-41
43
-120
-50
-3083
1364
10174599
-228
55
-42
-78
-4116
1164
10175624
195
35
-49
-111
-4334
1219
10176649
479
48
-88
-205
-4351
1620
10177674
515
2
-195
-92
-4148
1775
10178699
345
-39
-263
61
-3755
1766
10179724
94
-33
-196
65
-3687
1728
10180749
-39
-34
-156
24
-3992
1584
10181774
-49
-52
-135
57
-4107
1528
10182799
-69
-54
-100
38
-3805
1712
10175616
-263
-77
-72
7
-3717
1771
10176641
-471
-111
-47
-1
-4028
1482
10177666
-420
-124
-57
22
-4233
1257
10178691
-188
-124
-79
25
-4233
1301
10179716
-26
-131
-81
86
-4040
1372
10180741
28
-135
-48
129
-4086
1381
10181766
69
-116
-16
122
-4085
1400
10182791
95
-81
-1
83
-3893
1449
10183816
58
-51
-21
41
-3896
1545
10184841
-55
-44
-71
65
-3968
1543
10185866
-172
-37
-94
137
-3910
1482
10186891
-236
-10
-69
141
-3995
1448
10187916
-261
16
-54
123
-4089
1355
10188941
-209
42
-50
144
-3994
1341
10189966
-126
58
-18
158
-4049
1392
10190991
-139
57
11
114
-4090
1339
10183809
-133
44
21
82
-4131
1243
10184834
-6
30
13
54
-4209
1219
10185859
136
5
-16
75
-4172
1265
10186884
247
-15
-27
128
-4040
1269
10187909
380
5
-14
138
-4050
1371
10188934
396
23
-9
116
-3998
1502
10189959
292
6
0
127
-3870
1546
10190984
175
1
21
132
-3910
1544
10192009
105
12
36
128
-3998
1472
10193034
89
27
41
89
-3939
1536
10194059
30
11
25
69
-3939
1539
10195084
-17
-8
0
82
-4003
1490
10196109
-28
-13
-16
107
-3958
1502
10197134
-55
-3
-14
126
-3954
1503
10198159
-89
0
-4
109
-3944
1508
10199184
-123
-12
-3
72
-3989
1469
10192000
-109
-26
-24
89
-4104
1397
10193025
-50
-21
-46
116
-3964
1498
10194050
-113
-20
-41
130
-3817
1531
10195075
-179
-30
-10
134
-4104
1391
10196100
-111
-34
9
125
-4155
1305
10197125
23
-33
14
124
-4070
1365
10198150
85
-32
24
156
-3953
1455
10199175
58
-22
58
133
-3987
1438
10200200
49
-18
55
81
-4040
1456
10201225
10
-24
11
85
-3921
1516
10202250
-70
-33
-9
121
-3918
1468
10203275
-94
-30
4
127
-4073
1401
10204300
-63
-24
5
107
-4051
1398
10205325
-35
-17
-11
117
-3978
1424
10206350
-37
-9
-11
144
-3992
1420
10207375
-44
-3
15
140
-4031
1404
10200193
-36
4
26
93
-4024
1386
10201218
-3
10
5
96
-4046
1404
10202243
0
9
-8
139
-3962
1437
10203268
-37
12
12
133
-3968
1433
10204293
-59
9
29
87
-4068
1387
10205318
-27
0
6
86
-4066
1367
10206343
17
0
-6
136
-3996
1397
10207368
13
7
20
130
-3993
1421
10208393
-10
3
35
99
-4035
1396
10209418
3
-3
18
79
-4036
1399
10210443
4
-14
-8
92
-3997
1426
10211468
-10
-25
-6
123
-4055
1365
10212493
33
-23
5
106
-4053
1370
10213518
71
-23
-2
100
-4012
1417
10214543
52
-25
-10
122
-3917
1482
10215568
-25
-29
6
131
-3972
1420
10208385
-30
-28
25
94
-4085
1374
10209410
10
-24
9
94
-4010
1407
10210435
0
-15
-12
136
-3956
1434
10211460
-38
-2
-1
135
-3967
1444
10212485
-91
8
9
115
-3958
1450
10213510
-146
16
12
122
-4007
1397
10214535
-144
17
23
135
-4046
1369
10215560
-114
11
56
121
-4044
1347
10216585
-53
-2
85
86
-4123
1301
10217610
26
-12
66
22
-4104
1336
10218635
67
-36
8
54
-4013
1382
10219660
70
-44
-17
110
-4022
1388
10220685
50
-36
0
133
-3994
1407
10221710
22
-19
17
88
-4013
1392
10222735
25
-23
7
60
-4067
1351
10223760
83
-31
-20
86
-4099
1333
10216576
157
-35
-20
121
-4027
1411
10217601
133
-40
2
153
-3882
1494
10218626
47
-36
48
117
-3966
1454
10219651
26
-37
58
68
-4081
1375
10220676
85
-37
42
96
-4036
1414
10221701
82
-25
27
96
-3959
1449
10222726
53
-16
26
102
-3977
1440
10223751
42
-11
34
95
-3992
1455
10224776
25
-12
32
68
-4028
1439
10225801
34
-12
19
93
-4003
1427
10226826
49
-7
27
122
-3944
1489
10227851
-4
-2
56
105
-3931
1498
10228876
-33
0
78
95
-4063
1439
10229901
-13
9
82
49
-4017
1451
10230926
-18
13
55
30
-3980
1481
10231951
-42
12
24
34
-4021
1443
10224768
-32
9
-3
27
-4045
1432
10225793
-23
-4
-25
56
-4004
1441
10226818
-44
-5
-30
88
-3958
1462
10227843
-57
-4
-4
95
-4004
1439
10228868
-66
0
25
61
-4039
1390
10229893
-40
0
16
22
-4063
1400
10230918
-14
-13
-14
38
-4022
1427
10231943
-9
-23
-28
80
-4041
1404
10232968
2
-20
-19
73
-3993
1433
10233993
-17
-17
-24
74
-3975
1433
10235018
-36
-8
-27
88
-4002
1426
10236043
-35
-4
-18
98
-4032
1413
10237068
-15
1
3
97
-4035
1408
10238093
-6
8
12
72
-4018
1412
10239118
-10
16
8
76
-4002
1434
10240143
-30
18
6
89
-3979
1442
10232961
-73
13
16
81
-3980
1424
10233986
-87
9
29
53
-4077
1379
10235011
-52
2
19
68
-4057
1385
10236036
38
-5
18
79
-4029
1401
10237061
28
-6
33
45
-3966
1411
10238086
-43
-7
17
30
-4051
1363
10239111
-12
-12
-12
43
-4095
1351
10240136
52
-13
-27
89
-4022
1402
10241161
31
-7
-13
94
-3908
1483
10242186
-49
1
6
88
-4002
1416
10243211
-67
10
14
70
-4025
1408
10244236
-82
15
8
59
-4000
1412
10245261
-103
11
3
70
-3984
1400
10246286
-107
4
10
66
-4060
1360
10247311
-73
-7
15
65
-4095
1332
10248336
-14
-16
11
43
-4097
1299
10241152
73
-21
-7
45
-4109
1332
10242177
120
-28
-20
82
-4008
1397
10243202
102
-32
-11
79
-3968
1434
10244227
53
-33
-19
39
-4025
1402
10245252
52
-39
-48
55
-4075
1371
10246277
90
-46
-65
85
-4018
1398
10247302
96
-48
-59
127
-3977
1438
10248327
70
-42
-34
133
-4003
1422
10249352
59
-30
-18
119
-3971
1438
10250377
42
-22
-8
130
-3971
1447
10251402
12
-13
15
137
-3971
1447
10252427
-16
0
39
111
-3994
1438
10253452
-31
7
37
106
-4018
1427
10254477
-35
15
40
110
-3998
1428
10255502
-47
24
49
85
-3971
1437
10256527
-67
30
45
72
-4031
1427
10249344
-67
29
37
60
-4068
1375
10250369
-21
23
16
44
-4043
1401
10251394
-13
7
-4
69
-3984
1431
10252419
-34
-9
5
82
-4040
1390
10253444
-10
-17
12
49
-4054
1380
10254469
15
-25
-16
41
-4044
1390
10255494
46
-30
-41
87
-4063
1375
10256519
78
-28
-35
90
-3986
1425
10257544
68
-28
-32
106
-4013
1428
10258569
56
-25
-23
117
-3992
1421
10259594
54
-20
-7
123
-3994
1436
10260619
39
-15
18
130
-3968
1455
10261644
11
-7
41
99
-3976
1445
10262669
-5
-3
39
90
-3999
1451
10263694
-21
-5
37
94
-4006
1430
10264719
-21
-4
39
56
-4024
1413
10257536
-6
-6
15
46
-4029
1418
10258561
4
-9
-10
77
-4022
1415
10259586
16
-7
-9
111
-3990
1432
10260611
6
-2
9
96
-3974
1464
10261636
-26
-1
12
73
-4001
1436
10262661
-35
-2
-1
78
-4021
1417
10263686
-30
-3
-9
93
-3995
1439
10264711
-49
-5
-4
102
-3985
1439
10265736
-63
-4
8
81
-4026
1406
10266761
-43
-2
3
84
-4065
1381
10267786
-7
-1
-3
100
-4024
1407
10268811
-7
2
11
101
-3947
1452
10269836
-65
1
28
89
-3984
1432
10270861
-79
-5
31
66
-4087
1343
10271886
0
-9
19
61
-4092
1345
10272911
