Device = VHR-0009
time_stamp = 1780039585671
sample_rate = 50
Data format = INT16
TYPE = 6-AXIS IMU RAW DATA
-24
-6
12
6
-4147
1057
5809280
21
-13
-11
4
-4140
1091
5810305
36
-19
-24
52
-4110
1104
5811330
32
-12
-18
79
-4091
1106
5812355
29
-1
-1
70
-4102
1120
5813380
13
4
16
52
-4085
1128
5814405
-8
4
25
29
-4089
1124
5815430
-23
-1
16
18
-4122
1105
5816455
-17
-6
2
31
-4145
1080
5817480
13
-3
-2
43
-4118
1090
5818505
40
-2
2
42
-4136
1094
5819530
58
-1
6
45
-4096
1127
5820555
39
-1
13
36
-4067
1150
5821580
-3
-2
17
38
-4080
1145
5822605
-29
-3
18
29
-4102
1113
5823630
-25
-5
14
22
-4101
1110
5824655
-21
-10
3
11
-4125
1109
5817474
-17
-11
-9
42
-4108
1106
5818499
-15
-5
1
54
-4090
1117
5819524
-15
-6
10
40
-4111
1114
5820549
-17
-7
9
20
-4103
1115
5821574
-23
-7
0
40
-4117
1106
5822599
-13
-3
0
44
-4116
1096
5823624
-6
0
7
51
-4102
1105
5824649
-3
2
16
45
-4105
1104
5825674
0
3
22
33
-4109
1113
5826699
-6
-1
21
35
-4102
1095
5827724
0
-3
23
31
-4116
1098
5828749
2
-1
18
12
-4111
1115
5829774
-10
-4
9
10
-4103
1115
5830799
-16
-8
3
16
-4111
1096
5831824
-8
-14
-5
25
-4123
1104
5832849
-3
2
16
45
-4105
1104
5825674
0
3
22
33
-4109
1113
5826699
-6
-1
21
35
-4102
1095
5827724
0
-3
23
31
-4116
1098
5828749
2
-1
18
12
-4111
1115
5829774
-10
-4
9
10
-4103
1115
5830799
-16
-8
3
16
-4111
1096
5831824
-8
-14
-5
25
-4123
1104
5832849
-5
-16
-4
33
-4105
1107
5825664
-17
-13
-5
39
-4096
1103
5826689
-22
-10
-1
37
-4124
1080
5827714
-9
-9
1
25
-4113
1094
5828739
-5
-12
-4
27
-4119
1088
5829764
5
-11
-8
46
-4135
1082
5830789
16
-8
-1
42
-4107
1096
5831814
19
-5
6
33
-4109
1113
5832839
13
-3
6
25
-4111
1119
5833864
1
-6
2
37
-4093
1113
5834889
-10
-8
1
45
-4095
1120
5835914
-22
-5
5
37
-4117
1113
5836939
-32
-4
6
28
-4096
1102
5837964
-33
-6
2
30
-4120
1079
5838989
-20
-4
-1
38
-4152
1063
5840014
12
-1
0
38
-4120
1081
5841039
32
1
1
40
-4110
1110
5833856
22
2
5
46
-4105
1109
5834881
16
4
15
58
-4117
1094
5835906
24
11
28
42
-4107
1105
5836931
21
13
31
25
-4103
1128
5837956
3
11
22
12
-4095
1117
5838981
-16
5
15
25
-4103
1118
5840006
-32
3
17
19
-4099
1108
5841031
-35
0
12
1
-4123
1092
5842056
-28
-3
-5
9
-4142
1082
5843081
-20
-8
-21
15
-4108
1106
5844106
-35
-11
-26
37
-4082
1110
5845131
-53
-7
-15
53
-4104
1096
5846156
-58
-2
4
52
-4121
1070
5847181
-48
0
18
42
-4126
1067
5848206
-37
1
27
26
-4124
1073
5849231
-34
1
28
14
-4121
1066
5842048
-25
0
21
18
-4140
1057
5843073
-4
1
17
26
-4137
1063
5844098
3
7
20
19
-4142
1062
5845123
15
11
17
41
-4179
1039
5846148
52
37
10
108
-4227
974
5847173
115
92
38
138
-4281
1029
5848198
-26
106
36
53
-3966
1186
5849223
-375
62
47
-70
-4231
1107
5850248
-559
-12
-2
-29
-4573
1070
5851273
-561
-62
-105
-29
-4274
1174
5852298
-629
-105
-175
-153
-4401
1211
5853323
-520
-165
-268
-84
-4837
1007
5854348
-216
-130
-356
-192
-5213
842
5855373
-118
-138
-642
127
-5369
869
5856398
6
-105
-869
-17
-5281
986
5857423
-25
-118
-1082
35
-5515
879
5850240
35
-116
-1324
225
-5503
728
5851265
-30
-50
-1536
172
-5459
676
5852290
-197
-38
-1827
267
-5477
552
5853315
-186
14
-2143
332
-5485
526
5854340
55
72
-2367
444
-5514
311
5855365
364
153
-2604
483
-5420
281
5856390
563
219
-2876
495
-5337
381
5857415
452
269
-3173
560
-4737
545
5858440
246
277
-3408
677
-4458
644
5859465
269
280
-3623
714
-4613
574
5860490
663
290
-3817
749
-4130
547
5861515
922
274
-3942
813
-3187
814
5862540
799
207
-3991
1025
-2255
1060
5863565
693
118
-3935
1310
-1566
1185
5864590
733
25
-3799
1635
-1160
1134
5865615
850
-37
-3639
1899
-926
1219
5858431
868
-110
-3491
2198
-567
1457
5859456
770
-204
-3292
2396
-81
1590
5860481
524
-303
-3100
2687
-55
1462
5861506
304
-341
-2936
2954
345
1268
5862531
233
-335
-2720
2997
700
1341
5863556
133
-359
-2583
3138
670
1324
5864581
112
-347
-2434
3263
761
1100
5865606
189
-286
-2248
3245
1064
1081
5866631
275
-238
-2069
3268
1379
1240
5867656
226
-228
-1915
3474
1815
1244
5868681
88
-178
-1661
3371
2041
1170
5869706
72
-156
-1426
3456
2163
1026
5870731
182
-136
-1166
3578
2325
932
5871756
254
-117
-878
3581
2446
1077
5872781
230
-105
-609
3594
2352
1110
5873806
142
-86
-361
3650
2190
894
5866624
42
-38
-132
3644
2124
878
5867649
-108
-3
44
3652
2018
951
5868674
-200
5
193
3599
1576
988
5869699
-151
9
268
3621
1229
917
5870724
-118
33
296
3669
1107
926
5871749
-189
34
307
3667
1126
1064
5872774
-292
14
313
3626
1037
1143
5873799
-289
-8
306
3624
813
1140
5874824
-167
-16
268
3687
707
1072
5875849
-21
1
255
3709
802
1107
5876874
-31
19
262
3671
952
1180
5877899
-160
18
270
3671
988
1180
5878924
-227
21
286
3691
943
1140
5879949
-187
17
324
3718
962
1138
5880974
-126
14
398
3700
1097
1232
5881999
-207
14
462
3664
1008
1248
5874816
-333
4
497
3708
869
1191
5875841
-396
-11
547
3727
1002
1208
5876866
-366
-27
652
3672
1050
1176
5877891
-236
-40
768
3656
1037
1121
5878916
-71
-52
900
3665
1167
1266
5879941
-9
-87
1072
3626
1308
1434
5880966
-94
-143
1268
3563
1156
1385
5881991
-196
-185
1456
3580
936
1192
5883016
-220
-174
1630
3544
906
1089
5884041
-284
-162
1781
3487
744
1102
5885066
-420
-131
1899
3434
495
1069
5886091
-484
-102
2048
3374
203
918
5887116
-345
-104
2210
3353
-9
738
5888141
-218
-73
2409
3128
-149
611
5889166
-252
-60
2511
3211
-191
799
5890191
-593
-26
2702
2833
-493
1042
5883007
-893
-86
2821
2662
-1058
857
5884032
-831
-116
2955
2562
-1297
700
5885057
-869
-128
3046
2350
-1578
546
5886082
-953
-138
3060
2099
-2232
843
5887107
-766
-224
3046
1945
-2672
912
5888132
-554
-332
3047
1892
-3132
472
5889157
-636
-307
3024
1709
-3970
409
5890182
-796
-303
2882
1707
-4409
479
5891207
-685
-308
2733
1640
-3953
325
5892232
-868
-272
2627
1458
-4291
-180
5893257
-954
-222
2412
1390
-4702
-455
5894282
-412
-142
2186
1268
-4953
-86
5895307
220
-152
1963
1343
-4662
92
5896332
458
-135
1777
1332
-4372
236
5897357
192
-92
1610
1219
-4215
432
5898382
-91
-85
1511
1067
-3952
536
5891201
-212
-130
1478
902
-4209
268
5892226
-46
-139
1420
887
-4303
242
5893251
208
-111
1402
764
-3967
399
5894276
323
-108
1406
660
-4137
528
5895301
501
-107
1414
434
-4229
498
5896326
542
-115
1404
237
-4237
561
5897351
267
-133
1349
142
-4223
732
5898376
63
-173
1328
104
-4347
700
5899401
201
-189
1314
-29
-4606
566
5900426
448
-186
1257
-144
-4604
573
5901451
443
-172
1137
-121
-4445
833
5902476
68
-160
1071
-212
-7087
856
5903501
-1140
-245
118
-166
-9803
252
5904526
-674
-142
-610
-12
-4155
-428
5905551
184
42
-350
99
-1870
201
5906576
-149
78
53
219
-2429
76
5899392
224
116
346
122
-4344
282
5900417
475
62
295
57
-5962
613
5901442
279
-17
12
36
-4993
545
5902467
119
18
-60
-72
-3386
750
5903492
-12
39
36
-108
-3580
727
5904517
249
27
79
-31
-4530
553
5905542
468
30
19
-56
-4593
552
5906567
264
20
-21
-95
-3852
654
5907592
-30
7
4
-53
-4118
777
5908617
-67
-28
-6
12
-4479
647
5909642
31
-31
-21
21
-4022
538
5910667
7
-12
6
-16
-4112
521
5911692
-46
-10
5
15
-4467
499
5912717
84
1
-11
14
-4167
581
5913742
98
3
1
21
-4118
617
5914767
22
-2
18
17
-4340
505
5907584
102
17
17
-43
-4168
602
5908609
122
7
13
-30
-4177
677
5909634
74
-2
8
-4
-4201
606
5910659
93
17
13
-37
-4099
678
5911684
55
11
11
-38
-4303
724
5912709
27
-12
-7
1
-4184
674
5913734
15
-7
4
7
-4034
659
5914759
-11
-4
25
0
-4267
664
5915784
12
-8
13
-21
-4198
662
5916809
6
-4
11
-32
-4114
671
5917834
-54
-7
14
-28
-4281
613
5918859
-32
-3
6
-50
-4167
623
5919884
-19
-8
7
-63
-4137
739
5920909
-42
-23
-4
-4
-4358
594
5921934
-33
3
-16
26
-4241
491
5922959
-48
59
-8
-55
-4195
606
5915777
2
58
-23
-86
-4234
652
5916802
81
34
-34
-31
-4074
655
5917827
-6
12
-13
-13
-4061
646
5918852
-115
-9
8
5
-4265
662
5919877
-65
-20
5
5
-4195
691
5920902
6
-13
11
3
-4142
637
5921927
33
2
15
-4
-4271
568
5922952
48
15
6
-29
-4171
661
5923977
16
-1
10
-31
-4151
669
5925002
7
-17
14
-37
-4215
615
5926027
33
-15
10
-43
-4165
625
5927052
44
-7
5
-28
-4235
651
5928077
28
-3
-6
-19
-4235
644
5929102
13
-4
-8
-12
-4140
633
5930127
6
-4
4
-3
-4191
626
5931152
-13
0
5
-19
-4304
676
5923968
-20
-7
-9
-13
-4144
669
5924993
-52
0
-3
-45
-4154
600
5926018
-140
2
-11
-20
-4332
537
5927043
-70
36
-36
70
-4278
646
5928068
99
71
-35
52
-4207
697
5929093
96
68
-32
3
-4355
638
5930118
-77
44
-58
-58
-4576
592
5931143
-87
-6
-136
117
-4396
651
5932168
108
5
-159
235
-4558
746
5933193
202
31
-216
-74
-5000
857
5934218
116
-68
-396
-241
-4902
764
5935243
-97
-148
-628
155
-5419
613
5936268
-89
-10
-860
206
-6163
908
5937293
143
42
-1188
-74
-6519
1072
5938318
421
-43
-1538
-122
-5838
641
5939343
468
-107
-1840
122
-4807
525
5932160
159
-55
-2147
397
-5096
533
5933185
234
47
-2319
270
-5567
344
5934210
538
88
-2570
282
-5095
266
5935235
499
166
-2772
376
-4832
422
5936260
476
209
-2939
483
-4493
477
5937285
644
217
-3072
600
-4255
401
5938310
717
229
-3224
798
-4036
428
5939335
625
230
-3333
982
-3334
594
5940360
451
201
-3354
1224
-2958
854
5941385
409
159
-3334
1485
-2655
1010
5942410
449
131
-3277
1718
-2369
1012
5943435
390
121
-3214
1937
-1935
1086
5944460
333
102
-3108
2109
-1599
1272
5945485
322
61
-2994
2288
-1329
1383
5946510
454
15
-2852
2478
-853
1394
5947535
369
-3
-2731
2735
-793
1371
5940352
85
10
-2645
2869
-1094
1461
5941377
2
8
-2559
2866
-873
1593
5942402
102
-46
-2447
2995
-387
1573
5943427
194
-100
-2313
3190
-285
1373
5944452
125
-125
-2261
3252
-239
1255
5945477
213
-115
-2202
3253
-79
1377
5946502
417
-127
-2123
3323
124
1430
5947527
510
-163
-2044
3353
426
1377
5948552
454
-192
-1964
3367
507
1186
5949577
378
-189
-1909
3410
878
1146
5950602
318
-173
-1800
3353
937
1187
5951627
314
-188
-1721
3373
904
1040
5952652
486
-190
-1663
3577
1391
979
5953677
588
-143
-1513
3351
1660
994
5954702
595
-139
-1396
3403
1890
994
5955727
529
-125
-1266
3511
2138
995
5948543
429
-93
-1088
3410
2233
979
5949568
400
-80
-908
3438
2437
994
5950593
272
-62
-700
3455
2592
1066
5951618
43
-50
-526
3452
2520
1153
5952643
-91
-54
-350
3446
2300
1097
5953668
-51
-63
-176
3452
2029
934
5954693
51
-40
-33
3480
2055
928
5955718
-44
-20
63
3473
2040
994
5956743
-166
-21
128
3448
1744
1014
5957768
-106
-14
153
3475
1484
935
5958793
1
20
163
3506
1410
908
5959818
-4
44
159
3497
1550
997
5960843
-84
35
162
3484
1606
1145
5961868
-147
11
165
3457
1325
1174
5962893
-103
0
153
3528
1333
1066
5963918
-63
1
164
3500
1555
1148
5957033
-100
-18
188
3474
1590
1203
5958058
-115
-30
213
3525
1483
1154
5959083
-99
-23
238
3542
1387
1082
5960108
-133
-14
250
3560
1472
1104
5961133
-242
-12
276
3554
1533
1133
5962158
-303
-18
301
3545
1308
1102
5963183
-198
-22
308
3604
1142
985
5964208
-108
6
310
3607
1135
975
5965233
-22
25
324
3596
1069
1048
5966258
127
31
320
3617
1376
1179
5967283
51
31
335
3570
1651
1233
5968308
-138
11
416
3549
1647
1261
5969333
-174
-24
549
3555
1826
1342
5970358
-366
-62
696
3566
2128
1412
5971383
-783
-114
867
3532
2031
1406
5972408
-961
-166
1067
3487
1676
1149
5964928
-802
-179
1269
3522
1596
1006
5965953
-705
-164
1465
3535
1670
958
5966978
-806
-160
1675
3436
1363
979
5968003
-900
-194
1817
3420
698
908
5969028
-775
-203
1903
3483
76
762
5970053
-340
-154
1993
3547
120
962
5971078
-64
-118
2100
3410
656
1191
5972103
-379
-117
2195
3201
441
1380
5973128
-639
-197
2249
3164
-251
1425
5974153
-398
-311
2339
3165
-510
1101
5975178
-130
-320
2470
3136
-353
995
5976203
-448
-301
2548
3167
-535
656
5977228
-833
-211
2704
2794
-880
652
5978253
-773
-245
2792
2575
-1383
783
5979278
-242
-328
2886
2506
-2285
587
5980303
234
-315
2864
2487
-2359
550
5973120
85
-243
2804
2440
-2104
717
5974145
-321
-211
2844
2079
-2271
744
5975170
-426
-286
2866
1820
-3473
509
5976195
-268
-336
2713
1982
-4159
444
5977220
-78
-299
2552
2016
-2972
342
5978245
-61
-204
2587
1587
-3556
482
5979270
-17
-218
2445
1464
-4897
494
5980295
256
-234
2190
1596
-4633
615
5981320
116
-175
2033
1510
-3735
714
5982345
-344
-150
1986
1286
-4070
397
5983370
-436
-151
1838
1218
-4589
401
5984395
-99
-170
1683
1194
-4232
600
5985420
89
-185
1639
1072
-4329
503
5986445
99
-162
1569
954
-4460
587
5987470
135
-164
1505
891
-4136
595
5988495
-4
-150
1466
793
-4065
502
5981312
-115
-135
1421
691
-4276
469
5982337
-73
-131
1357
628
-4583
498
5983362
51
-129
1287
547
-4661
466
5984387
-18
-109
1221
372
-4789
420
5985412
-298
-111
1104
288
-4510
371
5986437
-274
-122
1033
250
-4449
545
5987462
-10
-172
970
208
-4750
458
5988487
150
-170
867
183
-4665
423
5989512
91
-121
799
96
-4485
568
5990537
4
-124
743
59
-4337
624
5991562
-138
-137
738
26
-4542
412
5992587
-163
-110
629
37
-5789
512
5993612
-278
-109
171
-76
-7462
337
5994637
-263
-91
-343
45
-4405
-310
5995662
45
72
-175
23
-2455
234
5996687
-11
80
99
13
-3179
254
5989504
332
49
213
175
-4848
309
5990529
564
60
131
45
-5195
584
5991554
317
27
-21
-24
-3990
703
5992579
-19
26
8
-25
-3730
745
5993604
36
19
58
-27
-4228
511
5994629
291
30
43
-39
-4314
551
5995654
149
29
12
-75
-4140
633
5996679
-80
8
4
-39
-4118
623
5997704
-134
-7
13
15
-4182
589
5998729
-109
-5
21
-9
-4298
568
5999754
-60
-8
19
-15
-4255
447
6000779
-27
11
14
-31
-4144
422
6001804
-98
22
6
-1
-4252
422
6002829
-51
26
9
10
-4280
462
6003854
95
17
13
-2
-4214
551
6004879
96
-4
13
1
-4167
530
5997695
-4
-9
19
-15
-4206
498
5998720
-21
-7
20
-41
-4272
545
5999745
73
-15
7
-42
-4199
594
6000770
83
-16
3
-14
-4165
522
6001795
30
-6
5
12
-4316
446
6002820
41
5
3
-8
-4200
510
6003845
52
3
9
-52
-4061
649
6004870
44
-7
14
-31
-4288
553
6005895
94
4
1
-8
-4269
506
6006920
55
13
0
-27
-4148
533
6007945
18
8
3
-23
-4191
557
6008970
44
-1
7
-32
-4219
586
6009995
26
-19
8
-27
-4188
590
6011020
-17
-23
6
-18
-4205
609
6012045
-20
-16
3
-19
-4196
593
6013070
-5
-12
3
-16
-4172
598
6005888
-30
-15
7
-15
-4222
560
6006913
-30
-16
8
-29
-4195
565
6007938
3
-18
3
-16
-4214
560
6008963
22
-15
3
8
-4223
524
6009988
6
-8
8
-17
-4186
525
6011013
12
-3
14
-38
-4237
547
6012038
26
-3
4
-41
-4234
605
6013063
10
-13
-5
-21
-4191
584
6014088
-7
-4
-5
-15
-4204
526
6015113
17
13
-4
-30
-4209
568
6016138
27
13
-8
-25
-4244
585
6017163
-1
8
-19
-10
-4282
523
6018188
-31
15
-27
-12
-4257
565
6019213
-19
22
-38
-6
-4156
617
6020238
-4
25
-41
-8
-4148
607
6021263
-104
28
-46
12
-4318
568
6014081
-128
20
-46
-6
-4299
539
6015106
-106
3
-46
-29
-3941
600
6016131
-100
-12
-21
-12
-4086
639
6017156
-104
-29
-26
34
-4377
575
6018181
-128
-38
-49
37
-4324
524
6019206
-184
-47
-61
-16
-4343
536
6020231
-170
-60
-101
-23
-4481
485
6021256
-63
-62
-165
-6
-4661
380
6022281
20
-34
-243
-13
-4717
437
6023306
63
-24
-302
-81
-5088
557
6024331
232
-58
-541
245
-4976
442
6025356
274
23
-623
109
-4737
475
6026381
65
46
-749
199
-4920
570
6027406
16
91
-866
182
-5212
544
6028431
143
46
-1076
280
-4902
343
6029456
112
76
-1256
346
-4936
470
6022272
76
105
-1392
394
-5170
507
6023297
97
126
-1585
488
-4884
410
6024322
137
161
-1728
588
-4808
326
6025347
265
199
-1863
612
-4860
365
6026372
400
223
-2011
702
-4604
391
6027397
349
253
-2136
848
-4377
438
6028422
152
283
-2246
952
-4249
551
6029447
-10
301
-2337
1094
-4008
507
6030472
0
327
-2377
1278
-3587
462
6031497
131
353
-2365
1441
-3269
555
6032522
249
358
-2342
1573
-3426
675
6033547
259
350
-2360
1760
-3535
805
6034572
151
333
-2389
1940
-2793
933
6035597
42
297
-2322
2064
-2473
862
6036622
108
283
-2275
2222
-2953
786
6037647
352
290
-2291
2366
-2945
888
6030467
394
277
-2315
2468
-2557
1129
6031492
192
247
-2322
2508
-2147
1172
6032517
114
211
-2297
2684
-2007
970
6033542
347
220
-2262
2777
-2222
871
6034567
590
228
-2304
2837
-2482
1003
6035592
689
231
-2387
2816
-1612
1301
6036617
549
161
-2374
2926
-644
1308
6037642
342
126
-2294
3073
-1137
1126
6038667
287
131
-2301
3137
-1165
1175
6039692
306
119
-2274
3171
-425
1433
6040717
164
74
-2201
3228
-187
1499
6041742
26
34
-2149
3344
-38
1286
6042767
84
58
-2035
3355
154
1271
6043792
195
54
-1932
3407
256
1328
6044817
324
34
-1831
3426
487
1371
6045842
395
4
-1733
3483
810
1372
6038657
398
1
-1578
3460
1005
1354
6039682
304
-16
-1457
3470
762
1352
6040707
151
-38
-1413
3576
1026
1306
6041732
17
-25
-1319
3637
1463
1341
6042757
-138
-4
-1152
3448
1337
1281
6043782
-26
-7
-1053
3521
1110
1188
6044807
221
12
-967
3588
1504
1297
6045832
217
32
-824
3496
1927
1453
6046857
3
0
-679
3468
1958
1434
6047882
-92
-39
-534
3473
1790
1399
6048907
-52
-75
-411
3563
1739
1288
6049932
6
-72
-272
3565
1858
1320
6050957
-100
-80
-144
3526
1817
1316
6051982
-228
-89
-42
3557
1559
1192
6053007
-135
-54
44
3568
1370
1194
6054032
4
-44
93
3577
1219
1225
6046848
11
-42
102
3604
1279
1318
6047873
-110
-39
122
3528
1206
1311
6048898
-159
-46
120
3555
953
1180
6049923
-84
-35
89
3627
884
1161
6050948
-54
-15
54
3584
1040
1269
6051973
-72
-20
36
3548
979
1291
6052998
-15
-24
20
3597
945
1188
6054023
63
-3
7
3590
1108
1193
6055048
28
13
-2
3589
1182
1283
6056073
-69
12
12
3601
1202
1323
6057098
-126
6
43
3579
1188
1320
6058123
-112
-3
65
3596
1124
1289
6059148
-67
-10
85
3617
1112
1277
6060173
-83
-14
109
3583
1092
1284
6061198
-110
-21
103
3564
1096
1251
6062223
-48
-20
101
3581
1022
1256
6055041
79
-10
96
3575
990
1284
6056066
80
-11
75
3610
1076
1303
6057091
-24
-13
77
3601
1101
1326
6058116
-61
-11
94
3556
1141
1399
6059141
-69
-24
109
3580
1160
1393
6060166
-100
-56
131
3654
1265
1324
6061191
-250
-77
170
3620
1506
1395
6062216
-545
-97
234
3573
1618
1488
6063241
-731
-137
343
3583
1374
1361
6064266
-578
-163
457
3585
1215
1252
6065291
-302
-172
570
3602
1494
1355
6066316
-244
-187
724
3596
1628
1396
6067341
-260
-204
907
3533
1416
1427
6068366
-130
-251
1074
3533
1202
1410
6069391
83
-324
1250
3578
1186
1367
6070416
163
-365
1429
3554
1350
1354
6063232
-29
-390
1598
3479
1200
1239
6064257
-260
-417
1732
3463
908
1176
6065282
-310
-439
1866
3450
679
1090
6066307
-216
-443
2017
3416
404
943
6067332
-88
-422
2148
3370
401
1062
6068357
-137
-410
2302
3238
274
1046
6069382
-304
-420
2433
3102
-102
1076
6070407
-290
-458
2579
3020
-379
976
6071432
-107
-508
2685
3115
-470
698
6072457
73
-447
2931
2679
-687
618
6073482
147
-460
3070
2528
-763
824
6074507
73
-476
3275
2326
-620
901
6075532
-180
-470
3520
1930
-773
773
6076557
-452
-497
3706
1575
-1753
181
6077582
-463
-424
3738
1338
-2614
237
6078607
-128
-433
3777
1138
-2992
270
6071425
62
-455
3845
872
-4423
14
6072450
-93
-399
3625
795
-5122
108
6073475
-141
-422
3282
988
-3813
-117
6074500
-150
-321
3153
644
-4197
78
6075525
-232
-301
2925
419
-6162
132
6076550
4
-316
2508
429
-6374
370
6077575
-60
-307
2137
545
-4868
511
6078600
-518
-290
1982
572
-4342
110
6079625
-454
-245
1866
426
-5385
-2
6080650
455
-256
1636
229
-5704
447
6081675
1100
-308
1440
194
-4693
517
6082700
779
-275
1392
188
-3955
476
6083725
193
-215
1428
-10
-4148
551
6084750
143
-204
1394
-53
-4773
887
6085775
538
-189
1416
-46
-5418
956
6086800
-115
-250
913
341
-9095
599
6079616
-2312
-76
208
-642
-9873
-1087
6080641
532
-21
-786
45
-1066
-244
6081666
909
150
-365
-6
-1788
571
6082691
-219
-19
106
292
-4290
-439
6083716
709
170
191
247
-3548
345
6084741
516
103
306
-38
-4579
1032
6085766
-220
-41
211
-10
-6869
731
6086791
274
-22
-178
131
-3191
447
6087816
346
89
-8
-130
-2442
905
6088841
-232
-20
152
23
-4819
505
6089866
121
37
44
-19
-5244
513
6090891
136
-6
-82
-69
-3552
517
6091916
-138
-29
-20
-3
-3830
644
6092941
-197
-41
14
81
-4823
392
6093966
180
1
-35
64
-4106
432
6094991
95
19
2
-3
-4045
574
6087807
-46
-8
16
41
-4398
460
6088832
132
14
-6
6
-4063
572
6089857
101
6
9
14
-4264
645
6090882
-20
-17
7
39
-4206
544
6091907
-41
-9
17
0
-3996
545
6092932
-75
-8
31
-2
-4416
506
6093957
26
-4
-4
11
-4302
500
6094982
112
1
-17
-14
-3971
596
6096007
19
-11
0
52
-4392
507
6097032
67
6
-4
50
-4263
468
6098057
152
25
0
0
-4031
630
6099082
91
7
12
9
-4303
640
6100107
60
-5
-6
25
-4120
595
6101132
23
-2
10
23
-4128
601
6102157
11
2
20
7
-4350
604
6103182
39
1
-4
-7
-4095
622
6096194
3
-12
5
25
-4165
588
6097219
-21
-5
14
27
-4301
590
6098244
-8
-1
5
6
-4094
617
6099269
-28
-3
13
21
-4230
580
6100294
-15
-1
15
22
-4301
531
6101319
18
1
15
4
-4107
555
6102344
-3
0
23
-1
-4235
572
6103369
18
-2
11
17
-4278
627
6104394
27
-2
2
3
-4086
613
6105419
-10
0
13
12
-4253
546
6106444
16
8
8
6
-4298
501
6107469
93
16
0
4
-4148
590
6108494
110
20
2
-11
-4218
645
6109519
82
10
-11
6
-4213
596
6110544
78
11
-10
7
-4158
617
6111569
60
7
-9
-6
-4201
682
6104193
26
-8
-16
43
-4147
703
6105218
-10
-8
5
36
-4120
668
6106243
-35
-4
23
26
-4245
641
6107268
-29
-5
20
22
-4193
626
6108293
-19
-2
32
12
-4144
602
6109318
-11
6
41
14
-4276
624
6110343
-5
5
32
0
-4203
621
6111368
-29
5
30
-9
-4185
598
6112393
-56
14
23
-14
-4276
591
6113418
-22
26
1
-8
-4222
670
6114443
0
25
-5
-26
-4140
671
6115468
-44
1
-3
-2
-4189
561
6116493
-49
-3
5
25
-4274
536
6117518
-15
9
5
18
-4278
581
6118543
16
17
1
1
-4328
545
6119568
84
28
-18
-10
-4250
555
6112383
110
34
-33
1
-4130
688
6113408
58
14
-27
13
-4149
681
6114433
-22
5
-23
-12
-4208
634
6115458
-101
4
-51
-51
-4364
733
6116483
-145
-22
-110
-39
-4415
721
6117508
-156
-33
-166
21
-4433
618
6118533
-182
-20
-232
-35
-4653
648
6119558
-188
-10
-282
-251
-4882
580
6120583
-160
-65
-409
89
-5405
527
6121608
-110
-40
-775
325
-4987
482
6122633
-177
51
-845
73
-5232
699
6123658
-215
48
-1079
242
-5491
607
6124683
-14
57
-1246
153
-5470
418
6125708
-20
7
-1568
305
-4868
373
6126733
-303
44
-1737
481
-5107
322
6127758
-361
111
-1892
466
-5287
267
6120576
-89
140
-2091
511
-5128
256
6121601
306
146
-2255
644
-4868
123
6122626
549
172
-2403
748
-4635
75
6123651
477
230
-2559
816
-4373
283
6124676
311
253
-2678
911
-4081
307
6125701
326
248
-2747
1157
-4186
96
6126726
415
315
-2851
1335
-3882
245
6127751
401
364
-2936
1458
-3077
494
6128776
286
365
-2959
1674
-2900
633
6129801
317
359
-2941
1860
-3001
615
6130826
615
354
-2915
2017
-2691
722
6131851
748
331
-2904
2181
-2071
997
6132876
567
273
-2851
2296
-1632
1167
6133901
502
179
-2751
2425
-1567
1159
6134926
802
61
-2632
2689
-1564
984
6135951
859
26
-2559
2862
-1113
1101
6128768
328
30
-2505
2941
-713
1233
6129793
-60
34
-2415
3014
-940
1180
6130818
195
21
-2317
3108
-964
1004
6131843
544
23
-2258
3241
-542
991
6132868
456
67
-2202
3295
-307
1285
6133893
48
75
-2184
3345
-171
1281
6134918
-90
71
-2128
3392
-165
1140
6135943
84
65
-2073
3405
144
1161
6136968
205
59
-2024
3361
433
1284
6137993
156
29
-1962
3397
524
1239
6139018
135
2
-1890
3441
670
1168
6140043
248
-21
-1805
3415
960
1157
6141068
440
-19
-1698
3336
1215
1271
6142093
494
-50
-1673
3500
1346
1155
6143118
449
-35
-1572
3446
1383
987
6144143
476
-17
-1486
3428
1677
1147
6136961
486
-17
-1341
3328
1999
1405
6137986
391
-59
-1169
3252
2084
1322
6139011
346
-100
-999
3400
2161
984
6140036
358
-49
-789
3396
2700
1090
6141061
134
-38
-549
3302
2771
1113
6142086
17
-47
-339
3391
2473
997
6143111
136
-17
-162
3403
2411
1089
6144136
177
-23
-14
3392
2257
1024
6145161
125
-17
90
3439
2038
936
6146186
-86
11
152
3459
1836
918
6147211
-291
23
183
3439
1568
951
6148236
-222
20
187
3438
1400
1088
6149261
-22
20
165
3470
1440
1106
6150286
-6
33
127
3450
1360
1127
6151311
-132
26
66
3464
1381
1169
6152336
-233
5
43
3453
1351
1238
6145152
-202
-17
17
3483
1276
1237
6146177
-156
-25
-5
3478
1390
1164
6147202
-178
-29
-18
3473
1490
1114
6148227
-148
-28
-16
3490
1417
1085
6149252
-28
-23
-11
3478
1399
1168
6150277
-59
-21
-26
3506
1570
1188
6151302
-275
-20
-28
3513
1604
1131
6152327
-402
-32
2
3463
1489
1094
6153352
-334
-49
17
3514
1442
1071
6154377
-175
-23
36
3478
1476
1120
6155402
-103
-4
34
3464
1546
1189
6156427
-128
-5
51
3476
1587
1180
6157452
-111
-8
91
3455
1530
1115
6158477
7
-15
113
3473
1525
1144
6159502
77
-18
132
3491
1652
1242
6160527
-6
-29
166
3465
1711
1257
6153344
-68
-44
216
3476
1647
1167
6154369
-14
-44
279
3482
1731
1142
6155394
36
-41
354
3463
1790
1191
6156419
82
-42
444
3461
1891
1277
6157444
75
-47
546
3501
2142
1264
6158469
-62
-60
699
3463
2195
1209
6159494
-158
-88
879
3452
2169
1192
6160519
-259
-110
1064
3468
2187
1191
6161544
-433
-121
1298
3411
2040
1205
6162569
-487
-140
1544
3355
1921
1106
6163594
-447
-159
1783
3291
1734
1082
6164619
-471
-167
1947
3278
1550
1177
6165644
-589
-194
2138
3223
1241
1126
6166669
-530
-220
2349
3169
1002
990
6167694
-409
-219
2506
3125
836
1009
6168719
-589
-218
2635
3058
554
1032
6161536
-865
-250
2795
2963
53
923
6162561
-700
-322
2958
2836
-131
1186
6163586
-561
-438
3025
2764
-296
1272
6164611
-730
-531
3230
2411
-839
923
6165636
-816
-591
3339
2406
-1031
411
6166661
-548
-567
3497
2126
-1939
274
6167686
-39
-534
3476
1896
-2996
411
6168711
51
-527
3277
2127
-3460
264
6169736
-248
-447
3093
2260
-2986
497
6170761
-572
-389
3111
1687
-2897
128
6171786
-705
-391
3015
1549
-4564
-438
6172811
-494
-312
2596
1966
-4863
30
6173836
-203
-241
2376
1807
-3934
507
6174861
-150
-260
2348
1447
-4240
206
6175886
-205
-250
2169
1497
-4804
-19
6176911
-188
-194
1941
1577
-3972
169
6169729
-243
-182
1913
1346
-3704
373
6170754
-208
-212
1912
1123
-4414
369
6171779
30
-240
1818
1023
-4246
292
6172804
24
-237
1776
967
-3839
236
6173829
4
-246
1798
847
-3920
133
6174854
164
-246
1783
619
-4280
354
6175879
194
-265
1738
346
-4427
417
6176904
113
-295
1689
337
-4517
109
6177929
349
-244
1670
328
-4662
21
6178954
786
-147
1610
143
-4917
462
6179979
863
-147
1449
4
-4568
568
6181004
309
-164
1322
30
-4593
621
6182029
-152
-180
1248
-53
-5400
482
6183054
-180
-256
968
456
-6729
316
6184079
-367
-22
321
-135
-9362
505
6185104
-515
-109
-364
-210
-4578
-859
6177920
710
93
-477
141
-2005
306
6178945
112
46
-14
21
-3689
-150
6179970
664
106
150
168
-3641
305
6180995
624
101
231
152
-2785
812
6182020
-60
47
400
-176
-5796
1139
6183045
-251
-91
75
-39
-6216
488
6184070
361
-35
-210
51
-2435
575
6185095
42
41
54
-175
-3096
721
6186120
-225
-30
97
12
-5290
458
6187145
-29
-25
-35
-13
-4652
386
6188170
-17
-39
-62
-11
-3502
425
6189195
-153
-20
15
-12
-4352
532
6190220
-15
-29
-21
24
-4584
369
6191245
157
-1
-54
4
-3998
371
6192270
88
14
-20
26
-4337
419
6193295
186
27
-28
64
-4296
478
6186113
296
52
-18
18
-4095
677
6187138
170
32
2
20
-4197
645
6188163
28
25
8
9
-4019
639
6189188
-117
6
28
-10
-4170
660
6190213
-186
-14
22
-4
-4276
587
6191238
-150
-10
-1
-28
-4041
627
6192263
-166
-23
0
17
-4248
459
6193288
-84
-7
1
44
-4397
319
6194313
66
24
-6
-2
-4216
383
6195338
118
32
-4
5
-4281
491
6196363
132
25
-5
15
-4203
521
6197388
126
20
3
10
-4106
581
6198413
64
15
14
6
-4211
612
6199438
10
6
13
-12
-4129
620
6200463
-45
-6
12
-14
-4161
575
6201488
-71
-12
9
11
-4285
517
6194304
-39
-7
1
4
-4182
520
6195329
-3
5
-1
-1
-4200
498
6196354
38
13
-8
3
-4326
449
6197379
94
22
-21
4
-4213
489
6198404
120
20
-13
20
-4156
592
6199429
103
17
0
19
-4188
650
6200454
42
9
-3
-4
-4107
651
6201479
-23
-1
-3
9
-4180
599
6202504
-28
3
5
13
-4246
551
6203529
-11
7
0
-12
-4147
578
6204554
-38
-5
-3
-7
-4210
580
6205579
-47
-13
-7
12
-4242
555
6206604
-33
-11
-11
22
-4185
534
6207629
-3
0
-9
19
-4219
568
6208654
5
5
-6
31
-4187
583
6209679
-11
3
5
41
-4199
541
6202495
11
4
23
29
-4241
533
6203520
25
6
29
7
-4187
609
6204545
-22
-2
31
5
-4136
623
6205570
-59
-8
34
-4
-4225
544
6206595
-43
-4
24
4
-4250
527
6207620
-22
-1
15
-11
-4201
554
6208645
-27
-6
9
-15
-4230
547
6209670
-30
-5
-2
-12
-4285
502
6210695
-17
4
-23
-4
-4266
540
6211720
-5
9
-30
-22
-4254
562
6212745
18
2
-40
-63
-4252
558
6213770
-7
-16
-71
4
-4240
535
6214795
-65
-7
-95
32
-4324
539
6215820
-49
2
-118
18
-4495
533
6216845
-21
-6
-163
40
-4615
483
6217870
-27
-5
-230
1
-4837
560
6210688
-8
13
-267
-219
-5018
513
6211713
-9
18
-320
27
-5537
686
6212738
-65
-60
-923
399
-5089
453
6213763
-95
76
-925
-23
-5166
599
6214788
-151
70
-1134
220
-5447
492
6215813
125
123
-1340
355
-5640
261
6216838
249
167
-1625
309
-5019
371
6217863
-75
217
-1842
270
-5048
561
6218888
-174
182
-2038
433
-5218
357
6219913
79
191
-2206
468
-5045
283
6220938
330
197
-2358
458
-4916
289
6221963
405
201
-2547
555
-4566
366
6222988
396
197
-2700
770
-4327
508
6224013
481
185
-2810
1000
-4217
575
6225038
756
158
-2889
1200
-3945
427
6226063
923
176
-2982
1412
-3475
466
6218880
963
205
-3048
1568
-2831
829
6219905
1039
159
-3024
1713
-2442
894
6220930
1125
111
-2964
1963
-2708
725
6221955
1135
120
-2978
2151
-2276
879
6222980
1138
98
-2903
2163
-1605
1096
6224005
1155
16
-2807
2312
-1919
1111
6225030
1246
-68
-2770
2626
-1794
973
6226055
963
-69
-2753
2756
-974
1204
6227080
90
-65
-2718
2840
-425
1370
6228105
-522
-94
-2609
2959
-906
1325
6229130
-482
-120
-2547
3040
-1288
1241
6230155
-58
-131
-2525
3069
-535
1234
6231180
76
-151
-2515
3152
2
1432
6232205
73
-184
-2464
3172
172
1388
6233230
344
-232
-2343
3276
221
1143
6234255
800
-252
-2182
3335
459
1024
6227072
1126
-247
-2042
3304
734
1141
6228097
1045
-266
-1968
3380
1287
1262
6229122
506
-249
-1819
3434
1511
1167
6230147
67
-206
-1635
3463
1360
1005
6231172
12
-157
-1436
3417
1545
946
6232197
-33
-126
-1321
3511
2093
966
6233222
-178
-87
-1146
3437
2016
1092
6234247
-56
-80
-976
3446
1926
1027
6235272
192
-77
-802
3511
2129
835
6236297
248
-52
-633
3541
2315
873
6237322
193
-19
-433
3518
2258
986
6238347
302
-6
-238
3501
2109
937
6239372
440
21
-98
3538
2131
952
6240397
373
59
41
3515
2076
1004
6241422
185
82
172
3496
1942
1084
6242447
-48
95
289
3497
1766
1054
6235264
-161
80
355
3541
1568
1041
6236289
-188
72
375
3527
1342
1138
6237314
-212
56
363
3555
1134
1097
6238339
-189
61
353
3584
935
1041
6239364
-121
60
311
3615
814
1029
6240389
-36
64
246
3630
962
1114
6241414
-96
55
182
3599
1006
1168
6242439
-179
43
127
3611
820
1127
6243464
-89
41
81
3617
859
1184
6244489
-7
28
46
3618
1026
1197
6245514
-45
18
27
3601
1030
1190
6246539
-53
12
11
3573
1004
1245
6247564
-27
-15
-4
3617
1106
1219
6248589
-53
-21
4
3626
1167
1139
6249614
-140
-21
10
3626
1167
1166
6250639
-202
-30
35
3633
1176
1230
6243456
-187
-45
72
3612
1145
1172
6244481
-148
-43
94
3632
1184
1089
6245506
-161
-22
115
3620
1224
1134
6246531
-168
-20
144
3613
1239
1190
6247556
-100
-23
189
3612
1302
1211
6248581
-122
-25
242
3597
1414
1201
6249606
-243
-36
316
3587
1428
1187
6250631
-278
-48
412
3614
1509
1243
6251656
-261
-63
535
3600
1697
1305
6252681
-305
-88
671
3546
1708
1279
6253706
-455
-112
798
3577
1634
1116
6254731
-635
-96
950
3594
1543
985
6255756
-711
-82
1115
3577
1276
1001
6256781
-565
-94
1260
3592
1092
1099
6257806
-447
-106
1388
3592
1088
1139
6258831
-592
-97
1512
3536
879
1083
6251647
-733
-92
1647
3528
499
929
6252672
-592
-68
1777
3486
363
1061
6253697
-466
-72
1854
3460
460
1228
6254722
-591
-97
1956
3398
273
1137
6255747
-683
-98
2098
3234
-71
976
6256772
-588
-116
2206
3246
-249
1006
6257797
-569
-151
2292
3301
-194
1076
6258822
-782
-155
2507
2899
-408
1079
6259847
-905
-241
2647
2802
-654
996
6260872
-768
-299
2864
2567
-720
1122
6261897
-755
-387
3056
2317
-745
1023
6262922
-874
-490
3241
2064
-1332
763
6263947
-1043
-542
3358
1888
-2210
386
6264972
-931
-496
3382
1727
-2772
565
6265997
-582
-561
3378
1452
-3382
454
6267022
-239
-632
3285
1353
-4387
-37
6259840
-144
-566
3043
1527
-4498
-201
6260865
-331
-427
2835
1398
-4360
-18
6261890
-630
-392
2606
1185
-5086
3
6262915
-456
-419
2277
1274
-5544
-300
6263940
78
-324
1988
1333
-5525
-298
6264965
315
-173
1724
1287
-4914
2
6265990
199
-106
1546
1196
-4363
78
6267015
8
-81
1443
1112
-4484
4
6268040
13
-43
1327
1107
-4536
50
6269065
41
11
1240
981
-4120
322
6270090
-144
-17
1224
838
-4011
298
6271115
-310
-30
1233
709
-3946
263
6272140
-214
-45
1277
595
-3926
263
6273165
107
-71
1325
441
-4033
452
6274190
282
-133
1327
333
-4073
459
6275215
174
-152
1338
214
-4206
482
6268032
121
-191
1347
110
-4475
567
6269057
296
-237
1304
66
-4587
657
6270082
374
-227
1215
-61
-4807
845
6271107
45
-247
1123
-126
-5222
511
6272132
-592
-293
698
13
-8326
4
6273157
-1501
-129
-53
-331
-8260
-674
6274182
87
-65
-699
66
-2629
-615
6275207
788
88
-243
7
-2507
-248
6276232
894
91
87
59
-3794
-53
6277257
1013
119
92
334
-2748
374
6278282
271
156
417
-56
-3963
1094
6279307
-170
-16
330
-100
-6957
901
6280332
202
-95
-162
52
-4649
283
6281357
300
29
-168
-52
-2343
574
6282382
-156
33
112
-105
-3838
487
6283407
44
-1
107
-27
-5192
399
6276224
254
-19
-30
-51
-4380
437
6277249
-14
-31
-46
-5
-3700
498
6278274
-222
-18
23
-8
-4252
463
6279299
-10
-16
3
0
-4414
392
6280324
152
-12
-15
34
-4158
432
6281349
41
-3
10
-9
-4217
424
6282374
4
0
7
-17
-4232
416
6283399
81
-4
6
-13
-4252
454
6284424
97
-18
8
-8
-4202
447
6285449
92
-16
12
-21
-4147
465
6286474
117
-5
17
-21
-4319
448
6287499
168
17
-8
-25
-4246
512
6288524
144
20
-18
-21
-4094
578
6289549
54
9
-9
-1
-4208
543
6290574
27
5
-5
-17
-4186
518
6291599
58
3
-4
-14
-4173
562
6284416
41
0
2
4
-4287
558
6285441
-6
-2
-5
-17
-4146
547
6286466
1
-4
-1
-5
-4151
571
6287491
38
1
-3
4
-4305
500
6288516
84
14
-9
4
-4213
501
6289541
90
21
-6
-30
-4175
603
6290566
45
2
-7
-36
-4227
612
6291591
16
-13
-19
-46
-4121
607
6292616
-20
-29
-21
6
-4181
561
6293641
-19
-29
-13
64
-4280
510
6294666
28
-6
-1
29
-4152
588
6295691
11
-3
10
18
-4186
601
6296716
-21
-6
18
11
-4256
506
6297741
1
0
20
-15
-4185
529
6298766
9
-5
17
-11
-4197
596
6299791
-16
-11
9
3
-4194
609
6292607
-48
-12
9
2
-4135
620
6293632
-88
-15
17
-12
-4207
578
6294657
-89
-18
9
-13
-4244
561
6295682
-120
-21
3
17
-4206
528
6296707
-234
-16
15
15
-4233
491
6297732
-364
-13
10
5
-4274
576
6298757
-361
-14
-4
-23
-4333
563
6299782
-323
-31
-6
47
-4656
478
6300807
-393
-23
-70
54
-4269
558
6301832
-521
-38
-94
-105
-4036
577
6302857
-501
-127
-114
-18
-4808
202
6303882
-213
-107
-228
61
-5243
115
6304907
-54
-21
-366
-136
-5123
423
6305932
37
-105
-626
113
-5320
300
6306957
93
-43
-853
102
-5601
279
6307982
241
35
-1062
-18
-5746
287
6300800
424
-8
-1299
80
-4993
115
6301825
16
15
-1577
153
-4755
95
6302850
-485
54
-1717
192
-5503
-134
6303875
-526
121
-1993
493
-5368
-406
6304900
-204
288
-2161
675
-5386
-409
6305925
212
472
-2335
499
-5238
-246
6306950
544
514
-2564
607
-4860
-375
6307975
572
609
-2784
848
-4667
-298
6309000
465
739
-2956
836
-4481
84
6310025
600
714
-3106
886
-4075
176
6311050
837
647
-3226
1099
-3518
193
6312075
807
640
-3291
1255
-3025
520
6313100
470
615
-3319
1432
-2551
887
6314125
257
554
-3250
1628
-2414
933
6315150
354
482
-3161
1918
-2265
847
6316175
461
453
-3081
2175
-1486
875
6309148
205
485
-2958
2331
-1045
1144
6310173
-34
475
-2794
2500
-1606
1251
6311198
300
426
-2675
2703
-1999
1026
6312223
847
395
-2583
2831
-908
1110
6313248
742
377
-2456
2897
-117
1375
6314273
183
352
-2389
3102
-696
1400
6315298
66
324
-2320
3227
-864
1410
6316323
247
247
-2250
3221
-408
1490
6317348
339
132
-2193
3262
200
1573
6318373
347
63
-2103
3235
239
1685
6319398
206
7
-2070
3319
219
1511
6320423
268
-9
-1976
3347
242
1508
6321448
529
-32
-1857
3258
671
1542
6322473
782
-101
-1693
3280
912
1442
6323498
864
-130
-1570
3350
1050
1351
6324523
817
-118
-1509
3554
1160
1287
6317185
731
-69
-1379
3523
1580
1228
6318210
543
-33
-1211
3425
1720
1188
6319235
426
-35
-1104
3520
1626
1121
6320260
528
-27
-968
3523
1772
1078
6321285
515
-11
-838
3466
2138
1197
6322310
218
-21
-692
3471
2156
1169
6323335
22
-40
-538
3534
2168
1132
6324360
19
-56
-359
3509
2221
1136
6325385
103
-65
-177
3453
2028
1110
6326410
151
-53
-59
3530
2040
1097
6327435
12
-21
60
3528
1991
1155
6328460
-117
-12
171
3474
1732
1170
6329485
-65
-22
245
3511
1436
1129
6330510
-8
-8
268
3541
1160
1053
6331535
9
19
242
3559
1118
1167
6332560
-26
33
213
3535
1150
1272
6325395
-76
16
174
3528
781
1213
6326420
-94
3
64
3618
619
1160
6327445
-89
7
-29
3592
947
1187
6328470
-104
7
-78
3483
1054
1240
6329495
-41
-7
-144
3540
983
1272
6330520
74
-11
-179
3569
1168
1263
6331545
52
-18
-172
3543
1441
1244
6332570
-35
-20
-124
3513
1528
1247
6333595
-50
-25
-71
3529
1529
1195
6334620
1
-21
-19
3559
1657
1188
6335645
-38
-23
54
3517
1664
1224
6336670
-107
-40
123
3522
1551
1258
6337695
-154
-40
182
3543
1506
1215
6338720
-191
-31
228
3548
1477
1188
6339745
-217
-38
261
3564
1352
1171
6340770
-162
-42
303
3555
1261
1229
6333568
-113
-51
330
3549
1218
1362
6334593
-168
-91
337
3599
1225
1315
6335618
-304
-95
360
3558
1339
1265
6336643
-392
-106
388
3540
1236
1296
6337668
-309
-130
421
3610
1201
1220
6338693
-219
-119
480
3608
1485
1306
6339718
-303
-128
574
3562
1615
1318
6340743
-365
-148
707
3578
1565
1212
6341768
-262
-155
870
3563
1508
1223
6342793
-196
-176
1012
3595
1632
1254
6343818
-300
-200
1188
3559
1626
1273
6344843
-396
-241
1398
3468
1346
1296
6345868
-431
-305
1569
3503
1254
1288
6346893
-633
-369
1730
3501
1114
1020
6347918
-819
-377
1887
3412
791
966
6348943
-703
-343
2009
3346
378
1051
6341759
-389
-336
2102
3412
-14
659
6342784
-197
-258
2157
3418
-241
636
6343809
-270
-199
2208
3250
-569
937
6344834
-395
-218
2250
3233
-1121
990
6345859
-311
-275
2173
3403
-1494
1022
6346884
-33
-290
2185
3084
-1640
876
6347909
205
-348
2087
3173
-1499
590
6348934
284
-310
2080
3167
-1221
754
6349959
66
-279
2140
2978
-1135
1146
6350984
-231
-327
2231
2869
-1379
1006
6352009
-280
-344
2367
2702
-1504
694
6353034
-176
-335
2505
2515
-1363
629
6354059
-151
-344
2692
2298
-1581
509
6355084
-123
-355
2862
2046
-2063
620
6356109
-129
-363
2978
1780
-2343
691
6357134
-247
-387
3057
1540
-2974
492
6349952
-233
-420
3074
1333
-3736
42
6350977
-62
-399
3016
1131
-5155
-43
6352002
-84
-338
2650
1271
-5895
370
6353027
-156
-299
2209
1487
-5057
338
6354052
-285
-220
1962
1397
-4980
128
6355077
-233
-179
1714
1305
-4926
-13
6356102
-29
-137
1513
1254
-4563
121
6357127
-116
-85
1412
1086
-4482
434
6358152
-300
-115
1312
1057
-4369
397
6359177
-265
-127
1255
1049
-4220
252
6360202
-125
-99
1249
902
-4209
185
6361227
42
-69
1236
731
-4111
350
6362252
226
-98
1247
686
-3874
351
6363277
265
-98
1290
616
-3791
266
6364302
183
-70
1342
391
-4068
417
6365327
160
-118
1347
229
-4300
541
6358144
89
-167
1324
120
-4318
580
6359169
-28
-178
1308
28
-4418
601
6360194
20
-197
1245
-36
-4604
614
6361219
244
-214
1133
-58
-4879
566
6362244
-28
-229
966
70
-6485
246
6363269
-1276
-165
221
-107
-10095
78
6364294
-865
-121
-639
-73
-4497
-680
6365319
916
44
-451
-27
-1660
65
6366344
654
32
-30
107
-3015
-27
6367369
703
65
75
374
-3316
148
6368394
327
138
398
-28
-3239
744
6369419
-145
-7
417
-30
-5886
753
6370444
-216
-72
53
40
-6814
318
6371469
415
-17
-244
-6
-2920
342
6372494
202
55
-11
-106
-2392
513
6373519
-160
34
183
-48
-4926
317
6366336
117
11
39
-21
-5367
419
6367361
237
-27
-85
-7
-3676
511
6368386
-103
-17
7
1
-3652
501
6369411
-268
-9
55
-10
-4529
436
6370436
3
-17
2
-19
-4382
438
6371461
90
-24
-15
19
-4098
411
6372486
-53
-7
10
-4
-4164
440
6373511
-98
-11
13
-11
-4298
448
6374536
-27
-24
-2
27
-4253
401
6375561
76
-10
6
25
-4101
413
6376586
96
8
24
6
-4266
395
6377611
4
23
12
-20
-4317
406
6378636
-13
22
6
-38
-4136
512
6379661
23
-5
5
3
-4138
518
6380686
44
-7
11
48
-4276
361
6381711
85
21
23
-26
-4278
386
6374528
73
15
11
-35
-4260
395
6375553
95
6
5
-29
-4186
435
6376578
116
9
7
-37
-4189
475
6377603
107
11
-2
-3
-4302
461
6378628
126
15
-11
-5
-4190
478
6379653
112
8
-4
-1
-4144
552
6380678
66
-2
6
3
-4260
562
6381703
29
-1
8
0
-4177
500
6382728
32
5
15
5
-4153
514
6383753
81
6
23
-4
-4241
514
6384778
165
7
16
-27
-4272
438
6385803
184
19
10
-37
-4179
502
6386828
104
16
8
-44
-4194
641
6387853
28
-6
0
8
-4161
645
6388878
36
0
9
-2
-4167
606
6389903
38
6
15
-27
-4270
554
6382720
14
2
4
-30
-4184
585
6383745
-31
-5
2
-33
-4138
610
6384770
-44
-14
4
-25
-4246
581
6385795
-20
-17
-2
-37
-4219
558
6386820
-21
-17
-3
-23
-4206
536
6387845
-23
-14
-1
-5
-4258
542
6388870
4
-12
-5
1
-4183
578
6389895
0
-7
0
-14
-4247
571
6390920
-2
-3
-11
10
-4445
469
6391945
-10
26
-32
4
-4588
440
6392970
-105
79
-94
-15
-4634
688
6393995
-241
81
-185
-54
-4368
739
6395020
-429
1
-278
-87
-4837
608
6396045
-649
-35
-428
-183
-5637
485
6397070
-950
-44
-750
37
-5952
449
6398095
-860
-10
-1143
167
-5862
205
6390913
-79
109
-1296
48
-6283
23
6391938
718
107
-1675
302
-5792
-160
6392963
870
210
-2004
210
-5067
190
6393988
516
257
-2204
187
-5487
340
6395013
435
234
-2462
273
-5169
233
6396038
438
222
-2669
369
-4756
173
6397063
430
239
-2843
463
-4677
167
6398088
523
257
-3008
562
-4688
299
6399113
543
264
-3178
705
-4322
438
6400138
421
265
-3315
929
-3792
352
6401163
433
300
-3378
1104
-3773
338
6402188
707
333
-3442
1114
-3648
528
6403213
916
281
-3525
1312
-2787
720
6404238
626
248
-3548
1631
-1879
822
6405263
70
290
-3467
1874
-1834
896
6406288
-160
330
-3371
1995
-1962
897
6399104
76
307
-3299
2234
-1364
909
6400129
309
299
-3215
2484
-761
1168
6401154
286
274
-3096
2691
-993
1213
6402179
356
259
-3031
2807
-866
1187
6403204
639
245
-2949
2860
-169
1213
6404229
940
169
-2820
2978
237
1259
6405254
1411
54
-2666
2993
-16
1430
6406279
1735
-115
-2585
3088
244
1311
6407304
1408
-205
-2496
3212
1068
1073
6408329
600
-186
-2331
3202
1269
1021
6409354
-11
-186
-2222
3307
1098
938
6410379
47
-156
-2129
3248
1095
1002
6411404
326
-134
-2048
3303
1460
1016
6412429
300
-73
-1912
3234
1859
971
6413454
74
-6
-1763
3163
2088
1111
6414479
-111
17
-1635
3268
2502
1131
6407295
-119
25
-1396
3223
2776
1184
6408320
-4
-2
-1157
3231
3137
1322
6409345
35
-38
-836
3265
3295
1209
6410370
8
-27
-480
3278
3245
1072
6411395
-32
13
-169
3316
3102
1108
6412420
-147
31
78
3328
2516
1157
6413445
-234
30
233
3345
1817
1114
6414470
-259
30
274
3346
1528
1046
6415495
-296
15
226
3361
1416
1109
6416520
-295
-13
149
3424
1284
1169
6417545
-162
-18
76
3398
1235
1172
6418570
-9
-27
-7
3437
1241
1102
6419595
84
7
-45
3427
1403
1141
6420620
16
39
-60
3394
1621
1199
6421645
-102
51
-69
3379
1693
1273
6422670
-78
41
-66
3335
1629
1395
6415488
70
16
-48
3346
1630
1353
6416513
185
3
-14
3387
1733
1209
6417538
131
14
26
3382
1806
1181
6418563
-43
18
53
3385
1869
1294
6419588
-168
-4
89
3385
1657
1299
6420613
-67
-22
110
3394
1515
1163
6421638
99
-15
112
3412
1662
1161
6422663
64
-9
133
3411
1767
1181
6423688
-53
-5
172
3419
1713
1215
6424713
-98
-10
205
3403
1701
1281
6425738
-101
-26
237
3415
1755
1298
6426763
-29
-44
302
3413
1745
1395
6427788
81
-80
388
3396
1728
1396
6428813
79
-123
461
3425
1738
1243
6429838
-104
-124
498
3462
2049
1289
6430863
-510
-123
585
3409
1968
1313
6423680
-638
-120
678
3408
1800
1359
6424705
-385
-135
789
3455
1875
1264
6425730
-104
-137
949
3451
2208
1261
6426755
-183
-125
1147
3368
2229
1276
6427780
-408
-142
1361
3409
1994
1085
6428805
-590
-156
1574
3414
1912
1040
6429830
-902
-181
1755
3343
1784
1162
6430855
-1193
-236
1933
3291
1268
1092
6431880
-1050
-291
2091
3286
910
1040
6432905
-794
-318
2233
3290
816
932
6433930
-793
-303
2362
3217
575
949
6434955
-894
-310
2467
3167
215
1096
6435980
-939
-352
2612
3071
-76
839
6437005
-688
-373
2761
2830
-369
1046
6438030
-499
-454
2766
3006
-339
1392
6439055
-668
-495
2934
2787
-528
1291
6431871
-797
-570
3143
2418
-951
689
6432896
-509
-631
3262
2238
-1579
635
6433921
-470
-677
3258
2153
-1847
727
6434946
-901
-699
3210
1963
-2058
620
6435971
-1202
-777
3200
1795
-2921
166
6436996
-995
-816
3139
1752
-3897
-361
6438021
-289
-758
3016
1789
-4212
-498
6439046
131
-621
2838
1734
-3916
-202
6440071
41
-522
2732
1538
-3844
-178
6441096
-101
-471
2635
1465
-3896
-458
6442121
45
-374
2531
1427
-4249
-632
6443146
281
-225
2378
1304
-4919
-324
6444171
362
-141
2151
1197
-4529
58
6445196
237
-90
2036
991
-4331
124
6446221
126
-74
1923
969
-4784
-28
6447246
253
-32
1751
956
-4837
32
6440064
301
19
1608
691
-4620
407
6441089
138
-26
1479
588
-4697
608
6442114
130
-111
1368
525
-4735
613
6443139
283
-190
1288
430
-4689
398
6444164
249
-176
1199
363
-4496
358
6445189
25
-119
1149
254
-4192
356
6446214
-44
-79
1161
43
-4226
533
6447239
158
-158
1143
26
-4335
273
6448264
392
-178
1127
9
-4297
149
6449289
366
-126
1107
-80
-4153
653
6450314
15
-150
1096
-11
-4510
972
6451339
-446
-277
844
168
-7488
905
6452364
-1638
-300
50
-173
-9125
-152
6453389
-722
-209
-579
67
-3045
-717
6454414
175
5
-242
-13
-1642
247
6455439
-215
-46
138
39
-2975
-103
6448308
151
-20
283
89
-4773
-21
6449333
21
-20
191
-79
-6093
191
6450358
-345
-81
-89
68
-4728
-199
6451383
71
23
-84
11
-3239
249
6452408
110
32
47
-61
-3722
327
6453433
250
16
52
69
-4792
182
6454458
273
41
1
10
-4586
127
6455483
177
42
-7
-53
-3849
185
6456508
132
40
22
-57
-4138
350
6457533
111
12
8
-14
-4507
230
6458558
189
10
-12
-19
-4080
253
6459583
142
15
9
-29
-4178
282
6460608
83
12
2
7
-4338
191
6461633
193
30
0
-39
-4116
342
6462658
101
9
10
-34
-4284
369
6463683
-13
-4
3
-10
-4210
262
6456448
40
6
8
-29
-4113
288
6457473
71
8
14
11
-4436
313
6458498
112
12
5
0
-4169
269
6459523
63
23
22
-72
-4033
376
6460548
-57
-5
23
-33
-4399
348
6461573
5
-10
-2
-18
-4149
352
6462598
24
-9
10
-45
-4141
344
6463623
-26
-13
11
1
-4400
256
6464648
15
2
2
-28
-4110
297
6465673
-8
1
14
-65
-4186
331
6466698
-14
-12
4
-14
-4393
263
6467723
61
-5
-1
-24
-4106
326
6468748
29
-1
11
-33
-4202
348
6469773
6
-2
4
-9
-4345
298
6470798
34
6
-3
-36
-4111
342
6471823
-23
-2
10
-20
-4220
380
6464643
-42
-14
8
-24
-4256
337
6465668
-9
-11
3
-37
-4161
292
6466693
-7
-6
4
-19
-4317
258
6467718
14
1
1
-10
-4241
294
6468743
39
3
5
-40
-4126
325
6469768
30
-1
7
-27
-4298
312
6470793
49
1
-1
-22
-4248
329
6471818
65
5
1
-26
-4157
344
6472843
42
5
7
-20
-4239
354
6473868
13
5
9
-28
-4223
376
6474893
9
-2
8
-22
-4195
372
6475918
9
-5
9
-23
-4247
345
6476943
15
-6
8
-35
-4199
347
6477968
12
-8
12
-31
-4233
333
6478993
32
-3
9
-32
-4298
333
6480018
84
-2
-2
-18
-4186
341
6472832
57
1
12
-3
-4175
383
6473857
8
10
22
-28
-4253
457
6474882
-24
6
7
-27
-4240
435
6475907
-62
-1
3
-36
-4236
393
6476932
-188
-15
-1
-55
-4281
446
6477957
-381
-39
-30
-61
-4419
397
6478982
-385
-62
-71
-5
-4794
191
6480007
-215
-31
-163
-64
-5102
230
6481032
-255
-39
-350
-122
-5154
81
6482057
-302
11
-471
-323
-6089
84
6483082
256
-15
-977
219
-6501
70
6484107
854
124
-1297
-68
-5971
292
6485132
888
145
-1591
-27
-5755
299
6486157
674
129
-1945
150
-5540
154
6487182
402
161
-2251
-68
-5178
322
6488207
166
100
-2500
112
-5236
350
6481024
115
68
-2738
358
-5146
304
6482049
206
101
-2933
394
-4982
201
6483074
278
173
-3125
467
-4726
200
6484099
281
251
-3298
554
-4332
329
6485124
451
253
-3384
676
-4078
231
6486149
882
251
-3441
848
-3727
254
6487174
1262
251
-3473
1109
-3010
528
6488199
1202
241
-3466
1534
-2205
545
6489224
965
263
-3376
1874
-1971
465
6490249
696
339
-3303
1942
-2214
655
6491274
619
321
-3268
2089
-1627
599
6492299
497
331
-3224
2417
-1094
687
6493324
216
436
-3116
2438
-1235
973
6494349
162
445
-3045
2551
-1495
1243
6495374
296
363
-3030
2755
-943
1302
6496399
175
274
-3001
2895
-208
1290
6489216
76
197
-2932
2980
94
1415
6490241
226
126
-2808
2940
-219
1465
6491266
381
25
-2794
3104
10
1308
6492291
340
-11
-2697
3067
962
1320
6493316
23
-59
-2545
3095
1147
1359
6494341
-111
-38
-2382
3058
760
1320
6495366
302
-3
-2217
3122
930
1222
6496391
738
-3
-2120
3284
1675
1147
6497416
766
26
-1972
3144
1985
1073
6498441
732
67
-1839
3149
2190
1231
6499466
800
97
-1636
3131
2369
1544
6500491
738
43
-1427
3201
2822
1470
6501516
388
6
-1199
3289
3237
1355
6502541
27
26
-890
3164
3164
1426
6503566
124
20
-572
3168
2875
1394
6504591
405
-9
-304
3337
2782
1208
6497407
385
22
-62
3199
2646
1311
6498432
10
6
67
3197
2335
1357
6499457
-352
-30
146
3261
1722
1153
6500482
-390
-41
135
3339
1444
1117
6501507
-277
-37
72
3368
1543
1198
6502532
-252
-48
19
3368
1566
1171
6503557
-246
-37
-15
3336
1455
1119
6504582
-189
-11
-42
3318
1537
1225
6505607
-112
4
-49
3343
1722
1333
6506632
-42
12
-21
3305
1716
1315
6507657
28
4
-11
3329
1655
1303
6508682
14
-11
-4
3368
1752
1272
6509707
-101
-24
14
3311
1753
1351
6510732
-116
-49
25
3318
1571
1300
6511757
4
-55
17
3371
1531
1169
6512782
22
-39
-3
3331
1631
1236
6505600
-34
-46
-13
3309
1653
1342
6506625
-22
-53
-19
3341
1602
1271
6507650
33
-33
-29
3346
1725
1205
6508675
17
-13
-26
3317
1786
1262
6509700
-41
-15
0
3350
1767
1261
6510725
-46
-4
31
3335
1759
1280
6511750
0
-3
49
3329
1752
1353
6512775
48
-24
83
3357
1764
1373
6513800
70
-50
138
3314
1821
1360
6514825
30
-71
165
3287
1829
1403
6515850
0
-93
177
3333
1685
1374
6516875
37
-103
212
3376
1815
1253
6517900
-12
-98
263
3353
2060
1188
6518925
-143
-89
330
3339
2171
1190
6519950
-156
-68
434
3313
2259
1343
6520975
-100
-89
570
3377
2266
1213
6513792
-59
-87
732
3390
2369
1159
6514817
-184
-69
910
3357
2530
1300
6515842
-398
-95
1132
3342
2421
1311
6516867
-509
-135
1349
3340
2209
1074
6517892
-629
-145
1518
3383
2264
918
6518917
-971
-105
1720
3313
2129
896
6519942
-1234
-87
1965
3234
1514
746
6520967
-1100
-76
2136
3236
1279
891
6521992
-1038
-76
2268
3149
1123
1164
6523017
-1135
-128
2406
3074
490
1213
6524042
-985
-217
2515
3118
-146
1106
6525067
-634
-267
2539
3174
-154
1457
6526092
-631
-322
2508
3052
-192
1677
6527117
-746
-448
2520
2923
-811
1246
6528142
-475
-541
2537
3059
-1055
621
6529167
-1
-465
2563
3027
-1064
797
6522101
190
-402
2602
2719
-1184
1353
6523126
85
-474
2589
2763
-1351
1348
6524151
-22
-504
2699
2620
-1629
901
6525176
-156
-497
2842
2460
-1849
105
6526201
-130
-364
2866
2251
-2437
558
6527226
-256
-330
2787
2063
-2939
1272
6528251
-377
-449
2720
2063
-2959
957
6529276
-274
-495
2757
2016
-3124
165
6530301
71
-394
2751
1879
-3090
7
6531326
235
-273
2727
1632
-3568
314
6532351
-196
-201
2621
1517
-4593
594
6533376
-453
-175
2420
1575
-4723
435
6534401
-239
-113
2236
1530
-4599
208
6535426
72
-47
2051
1354
-4601
251
6536451
120
-40
1845
1275
-4443
593
6537476
-104
-98
1715
1232
-4118
750
6530176
-359
-154
1661
1130
-4036
674
6531201
-399
-187
1621
1007
-4326
519
6532226
-178
-190
1562
814
-4260
467
6533251
-45
-202
1513
652
-4122
518
6534276
-173
-216
1501
580
-4383
495
6535301
-306
-199
1457
525
-4410
552
6536326
-264
-201
1412
410
-4382
426
6537351
-119
-222
1351
268
-4505
282
6538376
-107
-213
1243
182
-4596
373
6539401
-122
-215
1177
170
-4663
381
6540426
99
-214
1142
151
-4527
442
6541451
418
-222
1094
141
-4326
609
6542476
290
-212
1084
49
-4285
676
6543501
-567
-286
830
241
-6361
536
6544526
-1979
-136
446
-559
-10012
182
6545551
-1324
-279
-561
-27
-3126
-804
6538369
192
-35
-344
102
-2131
-81
6539394
84
-10
70
141
-3943
-585
6540419
711
101
117
211
-3810
-40
6541444
280
98
230
-105
-5057
462
6542469
-296
-33
84
27
-5614
130
6543494
288
13
-99
90
-3560
116
6544519
422
77
44
-45
-3339
360
6545544
246
63
118
-54
-4481
460
6546569
121
28
56
-87
-4696
427
6547594
19
-17
-13
-78
-3853
302
6548619
4
-12
16
-41
-4016
300
6549644
32
-1
24
-6
-4629
151
6550669
109
25
-14
-29
-4201
141
6551694
93
33
1
-63
-4127
292
6552719
78
9
-1
-18
-4371
268
6553744
169
14
-17
-19
-4117
339
6546559
144
21
-6
-16
-4225
411
6547584
35
14
-14
-13
-4247
381
6548609
2
1
-12
-33
-4048
385
6549634
-6
-16
5
-12
-4305
345
6550659
18
-18
0
-11
-4294
310
6551684
39
-9
-9
-42
-4091
323
6552709
-15
-4
-10
-13
-4326
271
6553734
21
4
-15
9
-4322
241
6554759
130
20
-12
-18
-4133
368
6555784
118
8
-6
-11
-4268
404
6556809
80
0
-16
1
-4171
357
6557834
52
7
0
14
-4185
370
6558859
83
11
17
13
-4351
352
6559884
148
18
11
-22
-4172
389
6560909
126
13
11
-35
-4141
422
6561934
45
6
9
-12
-4299
398
6554752
32
10
4
-13
-4176
419
6555777
48
10
10
-27
-4188
474
6556802
30
-1
4
-29
-4243
445
6557827
2
-6
-5
-29
-4177
405
6558852
1
-7
-4
-12
-4247
382
6559877
39
-6
-7
-4
-4255
419
6560902
46
-5
-5
2
-4158
446
6561927
22
-3
5
-1
-4208
458
6562952
-8
-6
6
4
-4249
424
6563977
3
-5
11
-3
-4168
442
6565002
4
-7
18
-7
-4233
470
6566027
15
-13
18
4
-4230
409
6567052
6
-7
22
0
-4211
340
6568077
15
20
28
28
-4328
363
6569102
103
54
20
-6
-4235
416
6570127
140
60
11
6
-4131
417
6562944
90
72
30
-16
-4250
488
6563969
37
62
24
-57
-4248
619
6564994
12
7
11
-26
-4193
532
6566019
-95
-13
17
-38
-4349
448
6567044
-196
-4
-39
-34
-4382
534
6568069
-153
-23
-91
-33
-4560
533
6569094
26
-42
-159
-38
-5030
432
6570119
223
-44
-329
-55
-5219
501
6571144
308
-91
-578
-45
-5575
636
6572169
317
-115
-849
-10
-5623
531
6573194
-11
-67
-1130
-13
-5658
673
6574219
-230
-36
-1431
206
-5552
548
6575244
-67
15
-1560
115
-5476
289
6576269
-12
9
-1923
263
-5121
199
6577294
-63
70
-2119
398
-5160
137
6578319
-47
165
-2291
545
-5102
200
6571136
103
254
-2464
710
-4915
225
6572161
311
334
-2597
686
-4677
232
6573186
401
346
-2768
845
-4376
153
6574211
453
391
-2885
1026
-4120
238
6575236
525
466
-2949
1046
-3882
382
6576261
679
484
-2984
991
-3750
388
6577286
894
419
-3053
1168
-3118
358
6578311
735
378
-3099
1575
-2584
524
6579336
418
377
-3006
1787
-2645
604
6580361
422
401
-2923
1889
-2789
728
6581386
431
347
-2941
2182
-2232
737
6582411
113
337
-2936
2362
-1726
897
6583436
-166
325
-2884
2558
-1538
914
6584461
28
344
-2775
2702
-1537
920
6585486
215
393
-2711
2810
-1567
1155
6586511
-67
427
-2756
2872
-1213
1440
6579328
-248
397
-2697
2809
-823
1454
6580353
157
345
-2598
2876
-766
1312
6581378
1009
267
-2537
3040
-560
1141
6582403
1347
202
-2558
3150
-106
1295
6583428
785
169
-2576
3228
451
1499
6584453
229
167
-2375
3115
711
1523
6585478
190
156
-2217
3188
564
1239
6586503
808
178
-2120
3199
607
1109
6587528
1243
190
-2086
3215
1034
1325
6588553
919
203
-2015
3278
1479
1462
6589578
428
210
-1846
3156
1567
1333
6590603
470
208
-1747
3089
1456
1578
6591628
724
113
-1675
3232
1726
1499
6592653
842
81
-1493
3117
2225
1477
6593678
668
42
-1356
3103
2529
1605
6594703
257
-13
-1212
3204
2594
1357
6587519
0
-2
-1008
3185
2803
1343
6588544
-48
8
-778
3095
2819
1517
6589569
231
-17
-528
3069
2641
1442
6590594
551
-15
-340
3122
2777
1360
6591619
276
7
-194
3180
2858
1378
6592644
-290
3
5
3135
2584
1312
6593669
-438
-11
117
3110
2005
1216
6594694
-154
-5
121
3198
1673
1257
6595719
96
5
113
3233
1809
1306
6596744
16
7
103
3213
1774
1252
6597769
-160
20
60
3227
1564
1271
6598794
-183
32
6
3272
1637
1408
6599819
-102
30
-1
3211
1621
1487
6600844
49
17
-19
3203
1715
1442
6601869
72
19
-30
3232
1916
1357
6602894
5
20
1
3204
1919
1417
6595713
-10
19
32
3180
1833
1492
6596738
39
9
53
3212
1804
1404
6597763
49
8
48
3250
1883
1316
6598788
-28
12
61
3229
1882
1359
6599813
-82
3
77
3202
1674
1451
6600838
-4
-12
57
3231
1682
1423
6601863
29
-22
40
3253
1776
1320
6602888
-50
-13
41
3241
1859
1321
6603913
-98
-6
56
3217
1751
1443
6604938
-46
-11
59
3219
1676
1487
6605963
17
-26
56
3267
1815
1390
6606988
47
-22
90
3235
1804
1359
6608013
114
-19
120
3239
1738
1355
6609038
219
-19
130
3240
1695
1437
6610063
222
-34
113
3266
1625
1453
6611088
234
-58
110
3287
1722
1371
6603905
245
-59
127
3225
1987
1444
6604930
120
-69
142
3223
1972
1407
6605955
94
-63
196
3253
2030
1331
6606980
236
-50
296
3237
2280
1416
6608005
350
-64
433
3241
2567
1396
6609030
340
-74
613
3215
2741
1406
6610055
174
-82
817
3221
2838
1399
6611080
-84
-108
1069
3221
2832
1356
6612105
-238
-158
1360
3236
2819
1327
6613130
-418
-216
1656
3198
2627
1082
6614155
-836
-214
1891
3150
2317
1092
6615180
-1272
-193
2080
3026
1645
1230
6616205
-1316
-227
2194
3177
1204
1038
6617230
-1073
-188
2354
3170
1352
1103
6618255
-1038
-181
2538
2965
898
1002
6619280
-842
-206
2594
3130
402
800
6612097
-632
-180
2652
3247
490
914
6613122
-836
-130
2758
2958
305
1191
6614147
-1009
-191
2803
2904
-373
1180
6615172
-773
-272
2868
2939
-571
971
6616197
-560
-279
3024
2745
-654
445
6617222
-403
-209
3041
2723
-927
702
6618247
-250
-163
3152
2229
-1428
1393
6619272
41
-306
3202
2089
-1830
1416
6620297
375
-393
3327
2158
-1881
759
6621322
319
-237
3472
1809
-2264
417
6622347
-353
-97
3337
1649
-3730
629
6623372
-691
-91
3002
1811
-4973
1173
6624397
-207
-226
2713
1863
-4434
894
6625422
235
-224
2506
1718
-4101
680
6626447
37
-187
2244
1742
-4097
697
6627472
-300
-140
2145
1670
-3933
676
6620289
-494
-121
2155
1447
-3536
838
6621314
-585
-174
2156
1259
-3498
763
6622339
-805
-223
2089
1201
-3552
408
6623364
-931
-175
2082
985
-4089
236
6624389
-618
-120
2069
779
-5000
534
6625414
-170
-140
1922
795
-4778
539
6626439
-361
-140
1780
763
-4276
364
6627464
-780
-103
1713
542
-4602
251
6628489
-498
-116
1654
372
-5172
169
6629514
63
-132
1474
391
-4882
316
6630539
4
-111
1304
422
-4411
540
6631564
-270
-103
1253
248
-4518
561
6632589
-132
-141
1199
104
-4833
436
6633614
277
-164
1119
96
-4564
529
6634639
428
-138
1065
45
-4268
838
6635664
91
-143
1083
-13
-4419
748
6628481
-539
-197
829
88
-6899
587
6629506
-1375
-130
206
-254
-9646
-157
6630531
-72
-127
-523
86
-2845
-796
6631556
874
130
-206
-178
-478
302
6632581
-259
37
243
-128
-2644
-62
6633606
0
77
270
-78
-8340
668
6634631
31
-117
-199
245
-5841
-261
6635656
937
91
-210
-44
-1305
830
6636681
-5
-1
84
-96
-4408
766
6637706
134
-73
10
432
-5438
138
6638731
633
162
22
-152
-3634
660
6639756
135
44
31
-111
-3835
700
6640781
-32
6
13
-6
-4358
525
6641806
55
5
-16
-68
-4271
445
6642831
47
-26
-31
60
-4191
413
6643856
96
11
-5
7
-4216
519
6636671
119
20
-11
15
-4303
506
6637696
135
25
-14
-9
-4105
501
6638721
119
17
-10
-32
-4239
573
6639746
77
-5
-20
28
-4260
555
6640771
77
5
-11
11
-4082
564
6641796
71
11
-1
13
-4256
575
6642821
55
9
-7
25
-4274
520
6643846
73
9
-1
-6
-4132
580
6644871
62
0
6
-11
-4239
608
6645896
40
-11
-1
12
-4226
565
6646921
43
-5
0
17
-4138
589
6647946
3
-1
15
18
-4219
606
6648971
-66
-6
21
0
-4189
623
6649996
-75
-11
19
-13
-4095
620
6651021
-78
-19
15
-1
-4247
550
6652046
-35
-14
3
14
-4274
511
6644865
8
0
0
19
-4190
512
6645890
25
10
8
0
-4239
546
6646915
20
-2
6
-7
-4193
575
6647940
2
-11
10
1
-4148
594
6648965
-6
-11
16
13
-4245
561
6649990
28
2
13
14
-4214
525
6651015
38
15
13
-20
-4199
571
6652040
29
3
7
-12
-4231
590
6653065
29
-1
-1
-9
-4178
579
6654090
25
-4
-2
7
-4211
571
6655115
28
1
0
9
-4209
599
6656140
16
2
0
3
-4181
561
6657165
31
6
3
13
-4245
560
6658190
67
10
2
-10
-4200
610
6659215
59
6
5
-10
-4157
600
6660240
36
2
10
3
-4218
613
6653056
29
2
7
-2
-4188
634
6654081
8
1
7
3
-4155
624
6655106
-31
-1
9
-1
-4197
625
6656131
-50
-7
11
10
-4234
600
6657156
-38
-1
12
-6
-4247
565
6658181
-60
11
2
-1
-4322
568
6659206
-39
44
-16
8
-4328
614
6660231
11
68
-37
-27
-4293
584
6661256
16
79
-77
-84
-4580
484
6662281
-19
79
-168
-52
-4636
438
6663306
9
87
-228
5
-4630
393
6664331
117
118
-211
-293
-5450
792
6665356
265
-39
-400
6
-6064
1012
6666381
354
-184
-1106
445
-4897
703
6667406
130
2
-1041
-60
-5082
903
6668431
-10
-34
-1281
160
-5408
690
6661263
117
-63
-1550
347
-5102
539
6662288
-26
-61
-1749
331
-4829
616
6663313
-175
-17
-1874
358
-5022
587
6664338
34
12
-2016
520
-4839
420
6665363
317
72
-2138
603
-4628
269
6666388
510
143
-2264
698
-4531
288
6667413
523
218
-2393
807
-4315
535
6668438
425
234
-2487
979
-4381
514
6669463
391
258
-2612
1128
-4321
477
6670488
479
269
-2755
1286
-3993
562
6671513
401
309
-2880
1411
-3927
778
6672538
291
315
-3007
1491
-3553
900
6673563
421
249
-3066
1579
-3377
804
6674588
612
187
-3103
1744
-3922
810
6675613
440
170
-3303
1899
-3452
1002
6676638
15
217
-3538
1743
-2366
1095
6669440
-288
190
-3699
1773
-1924
703
6670465
-131
188
-3702
2099
-1469
492
6671490
142
286
-3589
2329
-771
921
6672515
276
334
-3378
2423
-258
1379
6673540
175
311
-3200
2707
-136
1401
6674565
181
330
-2980
2930
142
1348
6675590
287
354
-2758
2963
521
1537
6676615
234
296
-2601
3002
522
1829
6677640
131
243
-2433
3008
547
1764
6678665
256
217
-2283
3162
708
1645
6679690
653
188
-2080
3069
493
1486
6680715
1175
108
-1988
3199
850
1211
6681740
1288
109
-1883
3294
1805
1129
6682765
719
132
-1779
3231
2172
1293
6683790
171
104
-1689
3230
1659
1272
6684815
327
85
-1569
3295
1639
1169
6677632
756
104
-1395
3192
2067
1239
6678657
898
80
-1271
3156
2378
1411
6679682
774
17
-1153
3261
2623
1392
6680707
537
-5
-951
3249
2727
1357
6681732
363
4
-711
3128
2673
1321
6682757
365
-12
-534
3183
2583
1311
6683782
336
-12
-407
3254
2752
1386
6684807
63
-26
-221
3149
2602
1301
6685832
-65
-55
-46
3147
2355
1229
6686857
-2
-45
51
3213
2060
1182
6687882
-48
-16
72
3280
1967
1182
6688907
-161
6
98
3214
1812
1282
6689932
-156
-14
84
3235
1647
1289
6690957
-123
-28
35
3323
1554
1161
6691982
-85
-1
-10
3310
1586
1201
6693007
-52
3
-39
3271
1559
1367
6685824
13
-13
-46
3248
1697
1455
6686849
51
-29
-46
3259
1833
1362
6687874
26
-40
-43
3276
1957
1260
6688899
-57
-40
-16
3251
2004
1263
6689924
-74
-37
22
3220
1813
1272
6690949
-25
-30
22
3302
1822
1189
6691974
-62
-5
26
3273
1929
1177
6692999
-172
-3
40
3257
1883
1209
6694024
-146
0
54
3245
1640
1246
6695049
-10
6
35
3287
1646
1250
6696074
15
9
12
3291
1819
1282
6697099
-83
-13
16
3272
1800
1309
6698124
-96
-25
37
3269
1707
1313
6699149
-29
-11
40
3268
1670
1346
6700174
9
0
28
3280
1787
1320
6701199
-29
0
38
3269
1829
1301
6694016
-78
-3
52
3277
1715
1284
6695041
-98
9
42
3288
1633
1302
6696066
-163
22
11
3286
1665
1353
6697091
-234
14
-11
3285
1667
1333
6698116
-197
6
-8
3259
1664
1306
6699141
-54
6
0
3246
1746
1328
6700166
78
1
8
3269
1833
1344
6701191
87
-1
26
3273
1914
1363
6702216
-16
-10
69
3274
2008
1363
6703241
-141
-16
124
3282
1967
1325
6704266
-178
-17
168
3268
1901
1335
6705291
-135
-27
213
3262
1946
1371
6706316
-113
-41
266
3282
1985
1376
6707341
-142
-40
331
3280
2007
1379
6708366
-170
-42
411
3283
2096
1458
6709391
-181
-58
509
3260
2118
1587
6702208
-107
-101
627
3242
1909
1622
6703233
14
-149
731
3316
1909
1512
6704258
-127
-144
816
3284
2000
1555
6705283
-413
-148
916
3219
1846
1557
6706308
-372
-172
1012
3428
1781
1476
6707333
-183
-177
1136
3459
1896
1268
6708358
-158
-159
1310
3352
1993
1124
6709383
-359
-162
1444
3417
1923
1161
6710408
-631
-198
1640
3392
1781
1218
6711433
-825
-245
1837
3267
1566
1157
6712458
-878
-277
1978
3235
1237
1069
6713483
-818
-303
2095
3276
946
1096
6714508
-771
-337
2236
3260
688
1080
6715533
-785
-345
2361
3206
451
1137
6716558
-773
-349
2449
3105
89
1197
6717583
-594
-402
2530
3056
-335
1078
6710400
-336
-430
2604
3080
-374
970
6711425
-240
-408
2730
2923
-389
1084
6712450
-234
-419
2851
2706
-712
1275
6713475
-224
-487
2968
2543
-1109
1158
6714500
-305
-540
3036
2442
-1322
910
6715525
-763
-524
3066
2346
-1472
766
6716550
-1042
-523
3148
2029
-1904
640
6717575
-709
-607
3239
1685
-3071
513
6718600
-196
-709
3131
1830
-3309
294
6719625
-149
-650
3085
1774
-3108
224
6720650
-499
-567
3081
1568
-3455
289
6721675
-421
-573
3045
1408
-3881
-5
6722700
-77
-538
2940
1322
-4126
-158
6723725
-174
-418
2801
1189
-4357
-296
6724750
-396
-287
2659
1093
-4831
-20
6725775
-206
-255
2493
979
-4759
260
6718593
38
-307
2325
904
-4749
-63
6719618
-57
-267
2119
879
-4333
-244
6720643
-381
-160
2016
686
-4157
-358
6721668
-551
-37
1980
371
-4909
-30
6722693
-106
-71
1864
318
-4972
-63
6723718
498
-87
1767
318
-4521
-188
6724743
666
14
1738
147
-4186
11
6725768
664
104
1763
-247
-4474
751
6726793
770
-28
1691
-325
-4620
1070
6727818
934
-168
1574
-9
-4761
1378
6728843
335
-211
1236
-103
-11071
1573
6729868
-2988
-133
-117
-749
-9373
-771
6730893
62
-195
-975
94
-863
229
6731918
523
44
-177
-212
-768
350
6732943
531
-49
360
446
-3479
-526
6733968
1012
226
334
158
-6014
670
6726783
-403
110
154
-404
-6826
477
6727808
-97
-118
-272
92
-2734
104
6728833
146
52
0
-21
-2741
460
6729858
-70
56
175
8
-5198
363
6730883
343
40
23
-84
-5085
516
6731908
270
-7
-71
-174
-3388
488
6732933
-5
-9
6
-112
-3779
640
6733958
-57
-31
4
-38
-4918
513
6734983
94
-54
-69
54
-4158
294
6736008
71
15
-22
-60
-3734
529
6737033
-147
2
9
-28
-4651
454
6738058
5
-16
-38
10
-4134
379
6739083
44
-8
-6
-80
-3942
506
6740108
-157
-40
10
12
-4628
331
6741133
-2
-18
-16
-1
-4113
304
6742158
97
19
0
-72
-4082
530
6734976
-17
-7
0
33
-4477
421
6736001
51
7
-2
-42
-3988
390
6737026
61
16
20
-71
-4258
431
6738051
76
6
-5
11
-4469
394
6739076
139
26
-20
-51
-3926
524
6740101
-11
18
6
-58
-4224
518
6741126
-59
-2
-5
-8
-4385
439
6742151
31
8
-15
-56
-4004
454
6743176
17
8
-5
-19
-4316
452
6744201
-3
10
-18
-12
-4294
436
6745226
-43
13
-11
-41
-4053
469
6746251
-56
4
2
-8
-4306
489
6747276
30
-5
-6
1
-4219
451
6748301
28
6
3
-21
-4095
441
6749326
-79
4
15
-20
-4300
470
6750351
-115
-7
11
-28
-4204
478
6743168
-71
-11
12
-22
-4123
501
6744193
-43
-14
18
-6
-4339
402
6745218
7
-1
9
-27
-4230
322
6746243
18
17
11
-51
-4184
362
6747268
55
19
5
-15
-4351
429
6748293
130
21
-5
-18
-4173
414
6749318
135
30
7
-28
-4184
407
6750343
127
41
8
-20
-4342
420
6751368
146
49
-1
-22
-4130
537
6752393
110
38
8
-57
-4100
602
6753418
52
9
14
-20
-4279
519
6754443
47
2
13
-24
-4151
502
6755468
25
2
17
-62
-4160
592
6756493
-21
-17
7
-34
-4242
537
6757518
-7
-22
3
-12
-4161
486
6758543
26
-10
15
-28
-4245
474
6751360
36
-2
6
-25
-4262
543
6752385
-25
-9
6
-31
-4109
556
6753410
-74
-18
20
-56
-4187
524
6754435
-76
-28
7
-33
-4293
529
6755460
-53
-26
-5
-24
-4200
493
6756485
-70
-22
-3
-37
-4309
369
6757510
-23
-4
-16
-55
-4374
379
6758535
-41
15
-55
-50
-4244
448
6759560
-135
2
-60
53
-4349
398
6760585
70
39
-60
2
-4608
278
6761610
487
73
-121
-71
-4676
383
6762635
439
84
-227
-81
-4997
593
6763660
-90
68
-396
-140
-5393
605
6764685
-460
47
-671
-47
-5966
659
6765710
-329
18
-1128
79
-5767
601
6766735
-4
55
-1336
7
-5690
542
6759552
29
72
-1623
211
-5540
303
6760577
-129
122
-1909
301
-5280
238
6761602
-175
214
-2115
169
-5136
327
6762627
25
217
-2315
349
-5042
241
6763652
353
233
-2444
426
-4954
144
6764677
568
264
-2595
489
-4574
164
6765702
520
311
-2734
680
-4106
177
6766727
433
387
-2797
855
-4047
324
6767752
581
420
-2847
991
-3890
401
6768777
914
409
-2880
1189
-3707
340
6769802
984
430
-2935
1410
-3462
528
6770827
461
472
-3021
1586
-2799
975
6771852
-269
453
-3024
1811
-2439
1085
6772877
-565
434
-2957
2004
-2633
742
6773902
-515
486
-2956
2175
-2690
657
6774927
-499
554
-3003
2318
-2126
951
6767744
-661
604
-2998
2391
-1796
1134
6768769
-388
619
-2905
2386
-1818
938
6769794
397
597
-2813
2526
-1839
918
6770819
986
569
-2797
2673
-1155
1236
6771844
763
504
-2791
2871
-418
1477
6772869
160
455
-2693
2989
-309
1538
6773894
-82
411
-2565
3055
-543
1506
6774919
130
358
-2448
3104
-452
1395
6775944
291
308
-2402
3170
189
1464
6776969
16
315
-2339
3134
391
1505
6777994
-102
354
-2219
3132
234
1462
6779019
377
377
-2109
3215
207
1373
6780044
1027
379
-1994
3124
473
1240
6781069
1476
346
-1987
3198
1022
1164
6782094
1435
342
-1950
3203
1531
1326
6783119
994
336
-1853
3085
1774
1664
6775936
766
252
-1709
3093
1720
1668
6776961
1023
178
-1571
3149
2090
1424
6777986
1323
129
-1422
3191
2944
1451
6779011
1239
102
-1207
3094
3311
1744
6780036
1126
39
-910
3065
3003
1652
6781061
1207
8
-615
3192
2916
1316
6782086
1020
49
-315
3218
3145
1334
6783111
362
77
-42
3116
2864
1457
6784136
-220
36
121
3128
2368
1493
6785161
-487
-29
179
3200
1818
1359
6786186
-445
-62
173
3268
1574
1281
6787211
-291
-57
141
3241
1594
1341
6788236
-178
-67
86
3251
1519
1353
6789261
-114
-60
14
3299
1434
1310
6790286
-120
-28
-36
3317
1529
1337
6791311
-172
-6
-44
3247
1643
1361
6784128
-129
-19
-47
3236
1679
1339
6785153
6
-9
-56
3268
1720
1376
6786178
13
4
-61
3273
1793
1424
6787203
-116
4
-50
3271
1795
1431
6788228
-211
-10
-16
3250
1789
1387
6789253
-192
-28
-1
3281
1805
1369
6790278
-133
-26
8
3273
1742
1426
6791303
-117
-18
17
3267
1667
1420
6792328
-135
-10
33
3284
1704
1375
6793353
-142
-1
46
3263
1721
1331
6794378
-71
0
49
3261
1669
1380
6795403
19
2
48
3282
1690
1457
6796428
17
2
52
3268
1671
1408
6797453
6
-3
55
3281
1730
1392
6798478
-3
-7
70
3259
1764
1442
6799503
-22
-18
89
3260
1713
1441
6792320
5
-20
98
3276
1705
1446
6793345
10
-22
106
3266
1735
1488
6794370
-46
-31
128
3258
1761
1497
6795395
-86
-38
153
3267
1741
1467
6796420
-96
-44
172
3289
1804
1478
6797445
-78
-51
235
3237
1988
1565
6798470
-46
-71
331
3202
2070
1553
6799495
56
-101
442
3270
2063
1414
6800520
181
-113
554
3292
2131
1522
6801545
121
-124
643
3284
2118
1522
6802570
21
-139
758
3346
2112
1374
6803595
0
-135
912
3348
2088
1363
6804620
-77
-127
1029
3314
1977
1412
6805645
-234
-121
1113
3362
1862
1349
6806670
-292
-126
1264
3373
1696
1273
6807695
-315
-115
1389
3414
1616
1223
6800512
-491
-105
1515
3404
1498
1204
6801537
-670
-119
1642
3350
1300
1339
6802562
-711
-168
1747
3326
1096
1385
6803587
-664
-228
1867
3311
936
1419
6804612
-577
-291
2002
3244
688
1424
6805637
-567
-365
2097
3309
490
1225
6806662
-694
-369
2189
3228
354
1295
6807687
-915
-394
2274
3167
159
1394
6808712
-1048
-473
2378
3171
24
1108
6809737
-1007
-483
2479
2996
-156
1081
6810762
-861
-506
2562
2944
-608
891
6811787
-440
-525
2691
2881
-876
707
6812812
-40
-506
2828
2717
-870
796
6813837
30
-468
2962
2478
-1187
883
6814862
-140
-456
3084
2374
-1777
404
6815887
-102
-384
3139
2234
-2164
521
6808704
13
-365
3179
1966
-2392
896
6809729
-59
-435
3165
1828
-2993
708
6810754
-313
-464
3106
1884
-3654
248
6811779
-420
-385
3050
1724
-3717
369
6812804
-524
-365
2976
1456
-4003
449
6813829
-645
-382
2742
1490
-4856
364
6814854
-606
-366
2365
1592
-4767
231
6815879
-266
-343
2145
1420
-4286
269
6816904
-13
-344
2048
1259
-4644
192
6817929
103
-295
1884
1239
-4644
208
6818954
93
-227
1740
1141
-4130
446
6819979
-60
-214
1679
1030
-4138
493
6821004
-92
-213
1625
943
-4170
445
6822029
-101
-206
1610
762
-4213
218
6823054
4
-191
1583
633
-4229
320
6824079
291
-216
1574
508
-4222
622
6816896
334
-269
1544
476
-4406
596
6817921
76
-264
1485
436
-4562
438
6818946
0
-229
1430
255
-4616
352
6819971
241
-217
1362
94
-4837
373
6820996
483
-192
1238
7
-4811
453
6822021
347
-151
1092
-99
-4714
591
6823046
-179
-144
1008
-137
-5133
423
6824071
-660
-176
682
86
-6767
350
6825096
-778
-70
155
-265
-8218
166
6826121
-183
-89
-463
49
-3580
-349
6827146
462
61
-254
20
-2513
35
6828171
313
124
26
-14
-3420
143
6829196
479
126
143
184
-3422
627
6830221
254
77
290
2
-4615
1020
6831246
-93
-41
193
-104
-6211
691
6832271
16
-94
-126
16
-3645
382
6825088
-55
-10
-17
-93
-2851
581
6826113
-253
2
107
-75
-4710
482
6827138
-11
-17
-1
2
-4995
307
6828163
77
-10
-61
-43
-3892
284
6829188
50
7
-22
-3
-3979
422
6830213
127
26
-11
37
-4586
393
6831238
220
42
-39
7
-4168
518
6832263
146
24
-18
-12
-3999
593
6833288
41
5
0
16
-4355
493
6834313
98
14
-14
6
-4154
514
6835338
101
29
-11
-11
-4157
640
6836363
9
5
-8
35
-4233
500
6837388
-27
14
5
-28
-4111
491
6838413
-36
8
4
-20
-4299
498
6839438
28
-1
-13
6
-4236
467
6840463
85
10
-16
-3
-4162
516
6833280
62
16
-23
12
-4275
527
6834305
37
13
-23
23
-4188
527
6835330
41
9
-3
19
-4128
578
6836355
19
0
12
21
-4216
613
6837380
-18
-5
18
7
-4174
568
6838405
-26
-3
16
-7
-4202
509
6839430
6
3
9
2
-4310
468
6840455
73
11
-3
-4
-4191
492
6841480
99
11
-4
0
-4172
550
6842505
91
7
-2
12
-4280
538
6843530
87
6
-6
-1
-4184
563
6844555
68
2
-5
-7
-4112
676
6845580
15
-12
-2
23
-4186
641
6846605
28
-12
13
16
-4233
547
6847630
4
-6
11
-39
-4172
616
6848655
-101
-30
-4
-27
-4202
647
6841471
-122
-45
-4
1
-4107
650
6842496
-113
-51
9
13
-4155
623
6843521
-153
-58
8
36
-4304
485
6844546
-143
-34
9
7
-4217
474
6845571
-173
-28
2
28
-4196
481
6846596
-122
-23
13
37
-4291
452
6847621
-1
-12
18
-6
-4191
425
6848646
-4
-8
11
0
-4284
420
6849671
-4
5
0
32
-4404
405
6850696
-10
39
-16
-38
-4352
456
6851721
-294
35
-59
-93
-4396
565
6852746
-572
12
-128
-54
-4533
616
6853771
-660
48
-227
-44
-4926
415
6854796
-763
200
-150
-450
-5511
230
6855821
-1159
76
-699
322
-6369
208
6856846
-1095
90
-1249
387
-6256
-296
6849665
-426
292
-1368
-43
-6383
-441
6850690
252
310
-1816
321
-5802
-530
6851715
543
444
-2106
176
-5246
-228
6852740
553
509
-2314
125
-5278
-1
6853765
631
458
-2513
344
-4884
-145
6854790
633
476
-2649
438
-4494
-61
6855815
613
490
-2778
489
-4449
198
6856840
703
446
-2906
637
-4396
186
6857865
817
451
-3004
764
-4158
257
6858890
860
443
-3085
902
-3766
217
6859915
958
437
-3161
1129
-3630
387
6860940
1035
438
-3237
1333
-3254
635
6861965
975
433
-3273
1556
-2922
739
6862990
767
445
-3295
1764
-2445
753
6864015
567
444
-3265
1924
-1878
830
6865040
406
420
-3197
2129
-1635
979
6857856
236
405
-3126
2326
-1618
1137
6858881
92
375
-3074
2516
-1289
1243
6859906
9
337
-2977
2671
-862
1209
6860931
0
315
-2861
2801
-705
1223
6861956
70
295
-2779
2884
-465
1352
6862981
223
238
-2669
3028
-306
1379
6864006
332
216
-2553
3159
-176
1351
6865031
362
229
-2432
3132
124
1448
6866056
315
226
-2323
3157
343
1519
6867081
155
226
-2242
3282
430
1461
6868106
114
236
-2106
3156
454
1424
6869131
233
184
-2057
3319
580
1407
6870156
381
187
-1996
3286
808
1413
6871181
420
192
-1922
3151
853
1385
6872206
483
177
-1919
3252
1086
1317
6873231
609
184
-1859
3223
1405
1208
6866048
635
182
-1809
3187
1708
1182
6867073
432
203
-1748
3138
1996
1435
6868098
236
211
-1621
3083
2447
1559
6869123
226
178
-1427
3088
2846
1530
6870148
428
139
-1148
3026
3210
1721
6871173
782
75
-776
2919
3594
1956
6872198
977
-23
-365
2927
3417
1735
6873223
842
-54
-48
3050
3099
1474
6874248
328
-44
164
3156
2830
1392
6875273
-345
-77
303
3211
2129
1295
6876298
-653
-94
317
3231
1548
1217
6877323
-516
-74
217
3296
1387
1167
6878348
-276
-30
122
3311
1315
1110
6879373
-21
7
49
3285
1293
1212
6880398
86
38
-28
3272
1526
1375
6881423
-49
37
-64
3280
1795
1469
6874473
-159
36
-58
3187
1737
1557
6875498
-52
10
-50
3213
1790
1523
6876523
86
-9
-9
3224
1923
1457
6877548
8
-13
17
3215
1903
1434
6878573
-143
-29
33
3238
1839
1501
6879598
-162
-45
69
3229
1708
1476
6880623
-82
-51
74
3275
1569
1344
6881648
-66
-28
42
3300
1681
1312
6882673
-155
-15
29
3264
1719
1419
6883698
-147
-25
31
3232
1594
1454
6884723
14
-28
26
3266
1646
1360
6885748
131
-20
33
3283
1796
1355
6886773
67
-14
53
3260
1817
1414
6887798
-40
-26
75
3265
1819
1497
6888823
-120
-35
87
3260
1788
1508
6889848
-142
-43
106
3276
1735
1485
6882433
-88
-63
140
3283
1736
1531
6883458
-143
-99
161
3299
1757
1506
6884483
-341
-123
172
3295
1771
1500
6885508
-474
-142
194
3269
1725
1538
6886533
-388
-163
239
3245
1718
1557
6887558
-263
-177
280
3281
1730
1457
6888583
-228
-161
320
3313
1919
1450
6889608
-279
-152
394
3306
2096
1498
6890633
-274
-175
524
3298
2096
1430
6891658
-174
-187
653
3327
2220
1405
6892683
-156
-173
794
3303
2288
1467
6893708
-216
-183
957
3338
2242
1361
6894733
-368
-197
1132
3391
2208
1162
6895758
-721
-178
1292
3369
1965
1139
6896783
-1111
-180
1431
3362
1737
1223
6897808
-1304
-218
1583
3317
1363
1236
6890624
-1198
-267
1701
3278
905
1370
6891649
-948
-316
1754
3310
679
1595
6892674
-756
-373
1785
3281
592
1611
6893699
-600
-446
1842
3311
416
1424
6894724
-428
-465
1942
3320
131
1204
6895749
-235
-455
1976
3352
22
1282
6896774
-301
-473
1997
3329
-67
1491
6897799
-531
-528
2054
3242
-309
1383
6898824
-528
-570
2127
3200
-544
1106
6899849
-331
-596
2184
3214
-727
796
6900874
-122
-604
2245
3124
-841
843
6901899
0
-630
2328
3018
-900
970
6902924
68
-653
2459
2861
-1099
985
6903949
153
-666
2579
2734
-1255
867
6904974
270
-645
2668
2587
-1595
866
6905999
172
-598
2705
2457
-1836
749
6898816
-103
-548
2792
2253
-2316
722
6899841
-156
-565
2863
2064
-2692
777
6900866
-80
-609
2871
1963
-2988
569
6901891
2
-610
2817
1939
-3267
330
6902916
-12
-563
2749
1794
-3568
245
6903941
-53
-524
2674
1619
-3951
447
6904966
22
-533
2568
1539
-3928
503
6905991
-34
-528
2493
1445
-3949
259
6907016
-251
-470
2410
1275
-4043
126
6908041
-412
-437
2319
1142
-4299
83
6909066
-403
-438
2185
982
-4422
382
6910091
-458
-528
2067
859
-4245
231
6911116
-617
-583
2013
744
-4131
-116
6912141
-797
-564
2003
605
-4346
-349
6913166
-685
-509
1948
496
-4744
-370
6914191
-208
-454
1821
380
-4826
-175
6907008
261
-425
1711
310
-4729
-119
6908033
414
-359
1632
234
-4643
-115
6909058
279
-285
1571
120
-4668
-173
6910083
172
-243
1471
-19
-4822
107
6911108
190
-262
1350
-3
-5111
135
6912133
-143
-290
1057
471
-7102
-309
6913158
-1438
-20
417
-390
-11030
-152
6914183
-916
-139
-623
-51
-2744
-917
6915208
847
72
-354
-60
-1370
-44
6916233
82
48
158
154
-3818
-531
6917258
482
131
162
350
-3592
-70
6918283
377
118
284
-93
-4958
544
6919308
-375
-44
132
-43
-6274
248
6920333
-26
-80
-152
133
-3021
-38
6921358
73
15
62
-98
-3274
64
6922383
69
13
120
31
-4995
-161
6915200
234
61
27
-39
-4871
-170
6916225
250
44
-26
-71
-3719
-99
6917250
270
50
4
-73
-4121
130
6918275
264
19
-15
42
-4608
-9
6919300
323
26
-18
0
-4016
55
6920325
222
33
15
-71
-4198
303
6921350
90
-10
-15
16
-4281
226
6922375
80
-7
-18
-24
-3998
171
6923400
47
-6
-2
-27
-4381
210
6924425
-12
-23
-21
24
-4218
127
6925450
3
-11
-9
14
-4111
124
6926475
33
-1
8
20
-4401
93
6927500
102
4
1
4
-4249
76
6928525
187
15
-1
-12
-4148
180
6929550
185
18
-2
-3
-4331
200
6930575
155
14
-4
35
-4194
182
6923393
147
23
17
-8
-4141
298
6924418
77
7
19
-18
-4259
286
6925443
9
-6
9
-20
-4144
257
6926468
-20
-8
0
-19
-4207
249
6927493
-44
-9
-8
5
-4309
198
6928518
-26
-5
-4
2
-4204
148
6929543
50
7
6
-9
-4271
197
6930568
82
1
-8
3
-4268
234
6931593
60
0
-3
-23
-4151
200
6932618
55
1
-3
-11
-4268
219
6933643
87
-2
-18
18
-4293
241
6934668
109
5
-17
10
-4131
301
6935693
77
9
-6
3
-4182
334
6936718
17
7
-3
8
-4268
279
6937743
3
3
-4
22
-4156
252
6938768
25
7
9
16
-4236
266
6931583
35
9
18
36
-4277
251
6932608
80
18
37
38
-4193
265
6933633
94
24
58
-5
-4242
277
6934658
97
15
52
-15
-4255
288
6935683
114
12
41
-31
-4172
292
6936708
118
11
38
-35
-4264
316
6937733
98
5
22
-39
-4217
357
6938758
52
-3
11
-40
-4112
422
6939783
-15
-13
5
-18
-4207
390
6940808
-13
-15
3
-13
-4267
281
6941833
31
-8
-2
-29
-4209
288
6942858
32
-7
1
-3
-4261
328
6943883
51
-5
11
9
-4231
332
6944908
96
-3
23
-30
-4196
322
6945933
115
-5
18
-30
-4264
329
6946958
127
0
12
14
-4241
362
6939776
145
17
31
5
-4218
362
6940801
171
29
39
-56
-4317
320
6941826
252
38
3
-59
-4298
338
6942851
303
59
-24
-17
-4242
432
6943876
278
64
-21
12
-4337
438
6944901
295
62
-28
-18
-4382
468
6945926
361
73
-63
-46
-4456
622
6946951
456
41
-104
-1
-4411
624
6947976
596
5
-136
40
-4349
492
6949001
706
28
-204
-65
-5083
746
6950026
802
-9
-411
-136
-5713
1028
6951051
773
-118
-773
146
-5201
936
6952076
414
-66
-978
118
-4936
1003
6953101
65
-34
-1138
105
-5315
928
6954126
113
-31
-1368
219
-5430
840
6955151
218
-17
-1553
175
-5346
741
6947969
124
-27
-1822
291
-5046
815
6948994
-151
19
-2062
426
-5181
794
6950019
-87
84
-2231
443
-5204
689
6951044
310
101
-2418
509
-5027
594
6952069
700
94
-2583
603
-4825
508
6953094
764
100
-2765
684
-4387
827
6954119
475
59
-2921
862
-4204
1026
6955144
311
17
-3045
1019
-4072
826
6956169
460
6
-3152
1169
-3698
675
6957194
702
11
-3231
1232
-3530
858
6958219
770
-22
-3347
1461
-2831
1021
6959244
616
-48
-3356
1704
-2435
922
6960269
509
-27
-3308
1812
-2319
826
6961294
724
-30
-3266
1965
-2008
911
6962319
852
-29
-3251
2181
-1798
1142
6963344
798
-33
-3234
2356
-1150
1269
6956159
496
-34
-3180
2487
-927
1192
6957184
362
-21
-3101
2574
-847
1148
6958209
582
-18
-3022
2692
-747
1301
6959234
856
-60
-2981
2848
-306
1399
6960259
785
-96
-2936
2948
246
1245
6961284
560
-71
-2806
2935
762
1327
6962309
467
-70
-2660
2965
454
1515
6963334
786
-100
-2572
3081
488
1448
6964359
1085
-126
-2422
3017
1334
1311
6965384
625
-166
-2320
3133
2051
1176
6966409
-11
-123
-2175
3055
1906
1484
6967434
-43
-148
-2006
2980
1657
1583
6968459
462
-225
-1814
3067
2138
1255
6969484
731
-251
-1618
3178
3106
1020
6970509
309
-239
-1379
3167
3657
1176
6971534
-184
-230
-1031
3105
3608
1297
6964351
-105
-241
-638
3131
3430
1123
6965376
250
-191
-264
3219
3315
867
6966401
408
-55
73
3240
3062
871
6967426
260
34
320
3256
2540
1007
6968451
45
53
448
3303
1924
959
6969476
-81
61
440
3391
1384
907
6970501
-46
72
370
3467
1137
913
6971526
55
69
276
3454
1087
1061
6972551
23
44
150
3421
1139
1175
6973576
-104
18
33
3422
1215
1217
6974601
-117
13
-33
3409
1342
1258
6975626
-14
21
-68
3392
1504
1250
6976651
77
23
-71
3397
1657
1260
6977676
38
27
-51
3404
1714
1251
6978701
-40
26
-12
3394
1741
1271
6979726
-43
18
40
3379
1746
1294
6972544
-6
11
82
3399
1715
1190
6973569
13
17
105
3404
1739
1228
6974594
-76
-2
127
3388
1711
1295
6975619
-91
-22
160
3383
1604
1280
6976644
46
-32
187
3412
1505
1209
6977669
115
-30
185
3462
1505
1174
6978694
36
-34
183
3423
1563
1288
6979719
-83
-65
165
3392
1428
1297
6980744
-53
-83
131
3447
1154
1125
6981769
95
-58
87
3484
1184
1069
6982794
123
-30
33
3455
1379
1201
6983819
2
-42
-8
3453
1458
1204
6984844
-62
-39
-39
3450
1438
1127
6985869
-25
-29
-59
3469
1435
1087
6986894
40
-21
-45
3473
1601
1143
6987919
17
-24
-12
3424
1745
1250
6980735
-56
-46
16
3413
1711
1226
6981760
-99
-46
44
3455
1748
1169
6982785
-133
-43
107
3465
1808
1196
6983810
-165
-51
190
3451
1724
1215
6984835
-148
-52
257
3462
1691
1223
6985860
-198
-41
290
3467
1670
1240
6986885
-315
-37
333
3484
1669
1181
6987910
-341
-30
421
3428
1538
1181
6988935
-230
-26
459
3464
1431
1167
6989960
-155
-14
460
3536
1461
1208
6990985
-172
-18
496
3528
1483
1196
6992010
-199
-29
556
3524
1537
1166
6993035
-231
-31
629
3531
1512
1129
6994060
-226
-33
704
3548
1514
1159
6995085
-265
-42
786
3523
1540
1209
6996110
-377
-67
871
3532
1462
1215
6988928
-418
-89
977
3537
1345
1149
6989953
-385
-110
1087
3550
1240
1117
6990978
-432
-124
1182
3579
1333
1232
6992003
-696
-158
1271
3569
1399
1397
6993028
-951
-212
1377
3450
992
1347
6994053
-729
-273
1519
3462
666
1151
6995078
-327
-274
1669
3533
807
1030
6996103
-318
-241
1813
3430
724
1038
6997128
-443
-236
1931
3381
432
1137
6998153
-434
-235
2046
3354
215
1180
6999178
-367
-240
2169
3288
-4
1129
7000203
-389
-253
2293
3180
-158
1047
7001228
-535
-253
2409
3109
-243
985
7002253
-705
-256
2560
2957
-316
879
7003278
-856
-280
2676
2700
-590
894
7004303
-994
-371
2661
2775
-1114
596
6997120
-812
-374
2770
2451
-1943
505
6998145
-199
-374
2815
2243
-2751
726
6999170
302
-368
2808
2354
-3218
547
7000195
32
-280
2682
2604
-3105
384
7001220
-516
-213
2570
2374
-2711
551
7002245
-740
-271
2580
1960
-3235
484
7003270
-541
-354
2481
2078
-3710
170
7004295
-390
-258
2411
2050
-3810
114
7005320
-632
-160
2343
1841
-3637
371
7006345
-762
-203
2316
1554
-3395
458
7007370
-650
-318
2299
1408
-3585
137
7008395
-572
-343
2198
1385
-3830
-82
7009420
-592
-284
2125
1210
-4054
142
7010445
-375
-327
2104
1048
-4034
253
7011470
-157
-367
2102
929
-4287
195
7012495
-41
-363
2036
856
-4327
127
7005312
-52
-332
1962
680
-4297
80
7006337
-224
-305
1914
442
-4758
86
7007362
-247
-306
1794
359
-4989
200
7008387
1
-300
1660
358
-4714
175
7009412
204
-267
1583
219
-4816
-27
7010437
112
-238
1438
123
-5099
-45
7011462
57
-219
1263
90
-5149
203
7012487
18
-226
1104
155
-5210
134
7013512
-322
-204
983
221
-5756
-186
7014537
-553
-161
504
375
-6781
-351
7015562
-737
14
115
-158
-6638
-427
7016587
-96
-11
-240
99
-3466
-558
7017612
602
89
-59
-32
-3018
-125
7018637
537
66
100
-35
-3560
-148
7019662
494
53
163
142
-4257
-11
7020687
268
61
160
66
-5512
169
7013635
247
24
-44
65
-3973
334
7014660
179
28
13
12
-3297
567
7015685
-11
-9
130
45
-4363
198
7016710
128
7
96
21
-4585
127
7017735
88
14
41
-96
-4180
202
7018760
-8
-14
18
-55
-3974
151
7019785
33
-4
20
13
-4286
52
7020810
133
16
16
11
-4437
61
7021835
194
27
8
-10
-4172
140
7022860
113
38
16
12
-4294
193
7023885
126
41
10
29
-4269
208
7024910
237
55
16
-3
-4130
261
7025935
176
65
27
-41
-4255
266
7026960
42
60
8
-30
-4227
303
7027985
65
59
-7
-10
-4171
357
7029010
78
53
-4
-20
-4283
267
7021696
55
37
-6
-42
-4217
193
7022721
-3
14
-5
-22
-4223
232
7023746
-15
-8
-3
-5
-4236
276
7024771
10
-16
0
-5
-4203
240
7025796
50
-9
1
-18
-4324
228
7026821
92
-5
-17
-30
-4264
210
7027846
139
-2
-33
-15
-4208
262
7028871
169
1
-38
13
-4227
380
7029896
91
-2
-41
16
-4131
434
7030921
-6
-13
-15
48
-4197
305
7031946
16
0
15
34
-4315
248
7032971
89
12
25
17
-4251
282
7033996
139
21
26
-2
-4211
331
7035021
137
15
22
-16
-4261
354
7036046
110
3
8
-30
-4163
387
7037071
45
-9
-4
-30
-4166
400
7029888
12
-12
-22
-17
-4258
394
7030913
-1
-14
-42
-12
-4194
351
7031938
11
-18
-38
30
-4222
371
7032963
18
-12
-37
38
-4206
410
7033988
-2
-12
-23
49
-4207
348
7035013
25
0
2
46
-4271
321
7036038
69
6
15
29
-4227
360
7037063
67
2
24
11
-4180
423
7038088
30
-3
23
11
-4203
406
7039113
9
4
15
0
-4233
393
7040138
-4
1
3
11
-4190
400
7041163
-9
-2
9
31
-4227
383
7042188
2
0
29
38
-4233
379
7043213
-3
4
39
28
-4191
416
7044238
-22
3
46
25
-4224
383
7045263
-1
11
52
10
-4246
368
7038081
24
14
50
-38
-4225
393
7039106
14
1
31
-78
-4232
394
7040131
-9
-20
-7
-71
-4213
422
7041156
-42
-34
-47
-35
-4156
435
7042181
-68
-31
-51
-5
-4234
414
7043206
-71
-33
-52
59
-4226
373
7044231
-55
-23
-14
107
-4216
336
7045256
-26
3
37
59
-4247
297
7046281
19
16
51
-24
-4303
354
7047306
27
-5
25
-27
-4229
381
7048331
2
-17
11
-21
-4224
359
7049356
1
-14
-9
-16
-4264
405
7050381
64
-20
-27
-14
-4352
371
7051406
212
-20
-44
-42
-4446
323
7052431
227
-11
-88
-42
-4521
379
7053456
147
-10
-158
16
-4601
457
7046271
168
-35
-245
34
-4837
410
7047296
242
-44
-344
-126
-5529
610
7048321
504
-136
-670
146
-5639
624
7049346
481
-82
-968
100
-5132
647
7050371
-42
-8
-1138
41
-5402
727
7051396
-329
44
-1380
153
-5559
602
7052421
-307
54
-1569
56
-5554
200
7053446
-450
40
-1924
288
-5113
-16
7054471
-718
180
-2135
416
-5353
184
7055496
-631
294
-2297
331
-5365
126
7056521
-12
297
-2475
519
-5173
-241
7057546
657
352
-2688
733
-4747
-68
7058571
886
395
-2885
882
-4507
240
7059596
767
414
-3056
1016
-4340
340
7060621
591
429
-3170
997
-4000
399
7061646
506
385
-3292
1120
-3330
450
7054464
440
318
-3382
1382
-3014
510
7055489
286
327
-3421
1553
-3182
631
7056514
290
359
-3441
1643
-2837
668
7057539
394
382
-3430
1762
-2522
633
7058564
576
357
-3434
1949
-1841
649
7059589
740
317
-3398
2135
-1454
840
7060614
682
296
-3369
2340
-1540
1021
7061639
595
277
-3331
2426
-1137
1049
7062664
710
216
-3228
2565
-573
1066
7063689
676
166
-3165
2759
-37
1221
7064714
547
117
-3059
2885
129
1380
7065739
590
82
-2918
2961
225
1341
7066764
686
52
-2778
3001
472
1221
7067789
511
25
-2696
3099
1007
1186
7068814
153
27
-2559
3045
1259
1212
7069839
144
25
-2416
3147
1158
1182
7062657
519
42
-2262
3119
1366
1075
7063682
759
16
-2143
3082
1818
1106
7064707
594
-39
-2078
3195
2169
1029
7065732
302
-27
-1902
3159
2392
1038
7066757
274
-6
-1659
3055
2598
1236
7067782
413
-48
-1445
3125
2856
1104
7068807
587
-46
-1213
3177
3384
977
7069832
696
-25
-903
3081
3667
1073
7070857
793
-37
-548
3094
3558
999
7071882
803
-16
-220
3170
3259
831
7072907
456
53
27
3185
2918
953
7073932
-165
91
208
3290
2633
1016
7074957
-550
89
373
3261
1986
876
7075982
-480
79
385
3258
1592
878
7077007
-233
86
298
3286
1625
1042
7078032
-152
70
218
3257
1565
1186
7070848
-160
64
141
3275
1348
1032
7071873
-84
79
61
3353
1541
957
7072898
0
89
22
3329
1819
1125
7073923
-5
62
3
3300
1717
1267
7074948
16
34
-2
3304
1715
1287
7075973
-10
19
2
3327
1856
1168
7076998
-76
22
23
3313
1897
1159
7078023
-100
26
52
3297
1832
1247
7079048
-70
14
71
3332
1734
1186
7080073
-47
19
70
3329
1753
1109
7081098
-102
26
60
3310
1808
1130
7082123
-153
18
65
3323
1737
1193
7083148
-121
3
67
3352
1652
1193
7084173
-53
-5
62
3388
1683
1159
7085198
-6
-6
77
3378
1745
1159
7086223
32
-3
116
3333
1803
1220
7079040
-20
3
132
3325
1790
1218
7080065
-111
2
129
3335
1730
1215
7081090
-116
-4
143
3325
1760
1228
7082115
-40
-14
171
3316
1754
1177
7083140
65
-19
187
3346
1817
1137
7084165
123
-16
218
3340
1959
1204
7085190
109
-26
275
3314
2069
1291
7086215
49
-45
356
3339
2077
1273
7087240
-44
-60
421
3351
2018
1296
7088265
-149
-87
471
3394
1925
1254
7089290
-185
-106
576
3374
1997
1271
7090315
-217
-131
693
3367
2009
1238
7091340
-280
-147
790
3446
1950
1009
7092365
-331
-128
910
3429
1961
947
7093390
-360
-122
1031
3425
1969
1185
7094415
-400
-131
1139
3445
1882
1283
7087428
-461
-154
1312
3450
1753
1069
7088453
-478
-131
1519
3381
1693
1007
7089478
-461
-120
1699
3391
1542
1051
7090503
-433
-115
1870
3398
1457
1061
7091528
-440
-102
2065
3261
1356
1327
7092553
-314
-127
2245
3147
1183
1447
7093578
-113
-189
2393
3153
865
1075
7094603
142
-186
2581
3117
661
902
7095628
278
-162
2770
3027
439
931
7096653
381
-147
2944
2900
325
1120
7097678
116
-161
3028
2822
-196
1110
7098703
-521
-145
3176
2681
-840
612
7099728
-1054
-51
3271
2577
-877
193
7100753
-1247
9
3332
2146
-1641
477
7101778
-1023
-89
3245
2040
-2938
847
7102803
-769
-185
3030
2261
-3125
709
7095423
-1186
-162
2935
2237
-3268
703
7096448
-2099
-194
2813
2129
-3391
227
7097473
-2098
-283
2693
1945
-3749
-104
7098498
-1366
-367
2486
1806
-4164
122
7099523
-753
-433
2257
1941
-4052
142
7100548
-491
-388
2195
1926
-3812
166
7101573
-382
-336
2204
1702
-3642
130
7102598
-223
-347
2179
1539
-3927
-234
7103623
-27
-278
2082
1426
-4141
-105
7104648
49
-219
2007
1256
-4053
311
7105673
131
-273
1983
1158
-3973
171
7106698
383
-291
1975
1044
-4101
-118
7107723
415
-218
1921
925
-4070
-62
7108748
63
-131
1873
767
-3915
426
7109773
-75
-172
1899
467
-4379
221
7110798
402
-221
1893
149
-4790
-208
7103617
820
-175
1771
122
-4634
-62
7104642
395
-72
1616
391
-4590
538
7105667
33
-60
1538
523
-4957
604
7106692
386
-89
1442
373
-5253
353
7107717
757
-64
1240
91
-5236
645
7108742
351
-59
1099
-64
-5322
607
7109767
-516
-117
693
142
-6785
677
7110792
-709
-28
210
-407
-8151
504
7111817
80
-164
-420
74
-3218
-259
7112842
553
30
-282
114
-2574
389
7113867
-49
7
-25
12
-3870
160
7114892
265
26
91
177
-3312
484
7115917
77
13
237
124
-3816
770
7116942
-202
-6
284
-95
-6394
676
7117967
-216
-101
-31
106
-4250
84
7118992
106
9
9
30
-2768
387
7111809
-194
41
195
-99
-4965
207
7112834
28
40
51
-85
-4755
388
7113859
20
4
-48
-69
-3502
689
7114884
-279
-23
-13
-22
-4108
492
7115909
-317
-7
-15
76
-4625
146
7116934
-72
41
-10
53
-4214
179
7117959
-6
58
24
-16
-4192
330
7118984
-52
22
38
6
-4299
314
7120009
-27
-4
61
-4
-4168
232
7121034
51
1
85
-38
-4381
245
7122059
135
-3
51
-33
-4270
284
7123084
154
14
23
-60
-4098
390
7124109
51
18
-9
-94
-4252
418
7125134
-23
8
-57
-34
-4249
293
7126159
61
26
-57
12
-4221
314
7127184
124
38
-39
-7
-4257
438
7120001
71
25
-41
-5
-4136
377
7121026
34
27
-20
-10
-4229
320
7122051
73
26
-21
-17
-4365
280
7123076
154
23
-43
-11
-4192
376
7124101
114
17
-40
-6
-4110
469
7125126
-22
-11
-18
23
-4239
477
7126151
-37
-15
-8
40
-4217
364
7127176
45
14
2
6
-4217
416
7128201
-1
14
-11
-44
-4179
500
7129226
-158
-31
-35
-4
-4087
457
7130251
-212
-51
-21
-9
-4231
431
7131276
-130
-64
-41
27
-4330
346
7132301
-27
-40
-73
70
-4147
345
7133326
14
-11
-41
78
-4235
321
7134351
84
1
-3
71
-4361
236
7135376
225
15
19
18
-4257
305
7128192
294
15
-2
-9
-4185
478
7129217
216
0
-28
45
-4145
516
7130242
137
-2
-15
42
-4174
458
7131267
120
1
-2
6
-4247
457
7132292
118
-8
-20
3
-4219
454
7133317
127
-11
-49
10
-4167
495
7134342
98
-12
-68
44
-4199
549
7135367
35
-11
-66
97
-4176
515
7136392
27
2
-41
113
-4184
468
7137417
80
17
-7
87
-4290
446
7138442
132
25
14
81
-4202
519
7139467
115
17
42
69
-4118
589
7140492
60
3
60
34
-4225
546
7141517
47
-2
41
26
-4214
522
7142542
63
5
17
47
-4196
539
7143567
65
17
17
45
-4233
538
7136383
68
19
12
21
-4206
545
7137408
72
9
-2
22
-4161
595
7138433
30
-1
-4
49
-4196
584
7139458
5
-5
-2
29
-4191
569
7140483
11
-13
-10
29
-4195
548
7141508
30
-13
-19
55
-4238
525
7142533
53
3
-16
63
-4207
555
7143558
68
6
-5
64
-4195
569
7144583
76
4
9
36
-4216
574
7145608
82
-3
4
17
-4188
600
7146633
69
-9
-13
40
-4187
619
7147658
45
-5
-27
53
-4198
613
7148683
37
-2
-36
78
-4180
615
7149708
36
4
-21
78
-4190
597
7150733
52
6
-9
58
-4225
595
7151758
52
9
-14
41
-4161
642
7144576
34
-10
-18
72
-4176
630
7145601
31
-12
-8
76
-4238
613
7146626
43
-5
-6
74
-4169
625
7147651
44
4
-7
75
-4161
657
7148676
32
7
-1
91
-4221
625
7149701
44
12
19
89
-4192
615
7150726
66
6
46
68
-4179
659
7151751
47
0
57
49
-4184
667
7152776
33
-1
52
47
-4189
620
7153801
58
8
43
47
-4209
643
7154826
55
8
37
43
-4176
696
7155851
22
2
38
38
-4143
686
7156876
3
-1
27
-6
-4217
659
7157901
10
-5
-15
10
-4229
655
7158926
15
-5
-42
43
-4164
678
7159951
6
0
-45
61
-4160
684
7152768
1
0
-31
80
-4208
635
7153793
38
5
-13
72
-4210
638
7154818
72
11
3
60
-4180
687
7155843
66
7
17
63
-4195
673
7156868
66
8
25
61
-4137
712
7157893
43
9
32
55
-4173
693
7158918
46
16
35
48
-4225
677
7159943
61
27
22
55
-4157
700
7160968
78
30
28
22
-4215
671
7161993
100
21
22
5
-4216
704
7163018
107
7
-1
22
-4153
738
7164043
82
5
-9
47
-4130
779
7165068
33
6
-2
43
-4161
756
7166093
8
5
-6
20
-4181
737
7167118
5
-4
-11
48
-4184
730
7168143
9
-1
1
67
-4156
769
7160960
-25
2
19
41
-4147
773
7161985
-10
-4
20
36
-4210
722
7163010
-27
-3
12
32
-4157
724
7164035
-24
-2
17
38
-4221
699
7165060
15
3
6
12
-4187
718
7166085
57
-5
-16
42
-4198
749
7167110
39
-5
-17
70
-4141
752
7168135
13
0
14
47
-4163
752
7169160
14
4
16
6
-4197
746
7170185
2
0
-18
8
-4151
787
7171210
-46
-16
-46
45
-4138
772
7172235
-85
-21
-40
61
-4180
739
7173260
-81
-18
-26
44
-4171
716
7174285
-78
-15
-39
73
-4169
734
7175310
-98
-4
-25
106
-4152
739
7176335
-112
7
11
96
-4206
661
7169152
-50
14
39
52
-4239
639
7170177
8
11
33
47
-4192
698
7171202
13
8
31
60
-4168
705
7172227
15
12
40
59
-4201
689
7173252
39
17
41
23
-4226
677
7174277
62
20
20
4
-4148
752
7175302
14
4
-5
11
-4139
749
7176327
-19
-14
-20
49
-4212
707
7177352
-15
-14
-14
62
-4176
676
7178377
34
-7
8
70
-4244
672
7179402
81
-2
25
61
-4192
699
7180427
103
2
30
47
-4165
729
7181452
107
9
28
35
-4182
747
7182477
100
11
23
24
-4168
765
7183502
79
9
11
15
-4148
802
7184527
26
-6
-7
13
-4142
803
7177344
-36
-20
-22
26
-4128
790
7178369
-66
-26
-27
35
-4188
735
7179394
-44
-21
-33
59
-4205
730
7180419
-36
-11
-28
63
-4132
756
7181444
-43
-7
-12
69
-4175
734
7182469
-22
-5
6
66
-4234
685
7183494
37
-3
16
47
-4207
694
7184519
81
-2
12
34
-4183
746
7185544
84
-4
-6
28
-4193
758
7186569
83
-8
-30
45
-4146
770
7187594
64
-4
-38
62
-4126
802
7188619
25
-3
-26
67
-4163
794
7189644
-5
-5
-20
61
-4134
782
7190669
-16
-11
-13
83
-4178
753
7191694
7
-11
7
88
-4213
723
7192719
61
-2
27
81
-4181
732
7185535
100
8
42
78
-4179
774
7186560
102
14
49
38
-4174
790
7187585
105
6
33
21
-4174
788
7188610
110
5
10
18
-4161
831
7189635
78
-1
-10
24
-4116
876
7190660
11
-12
-22
41
-4092
887
7191685
-48
-19
-20
56
-4152
815
7192710
-44
-16
-11
77
-4237
747
7193735
17
-6
-2
46
-4202
768
7194760
59
-10
-16
47
-4152
813
7195785
42
-13
-15
74
-4132
850
7196810
17
-13
-2
80
-4132
838
7197835
11
-5
14
66
-4193
806
7198860
32
-1
13
61
-4181
814
7199885
43
-1
8
55
-4131
856
7200910
26
-7
10
61
-4175
831
7193728
28
-6
7
53
-4173
828
7194753
33
-4
0
44
-4153
846
7195778
22
-4
-12
49
-4150
858
7196803
1
-8
-20
56
-4140
851
7197828
-21
-7
-13
67
-4149
847
7198853
-28
-8
-13
72
-4167
849
7199878
-46
-6
-13
59
-4123
857
7200903
-74
-10
-10
84
-4134
849
7201928
-93
-9
-2
86
-4173
796
7202953
-70
-5
10
85
-4181
770
7203978
-28
3
22
83
-4179
793
7205003
-14
7
25
59
-4162
814
7206028
-15
2
20
64
-4173
795
7207053
-4
4
18
65
-4160
812
7208078
-19
2
16
50
-4170
804
7209103
