Device = VHR-0009
time_stamp = 1779947799269
sample_rate = 50
Data format = INT16
TYPE = 6-AXIS IMU RAW DATA
23
-6
11
-251
-553
4256
58495
-5
-8
10
-242
-554
4252
59520
-25
-7
8
-250
-597
4248
60545
-25
-8
6
-244
-620
4243
61570
-9
-8
4
-240
-620
4241
62595
4
-5
4
-249
-615
4245
63620
8
-5
4
-243
-588
4241
64645
1
-3
2
-233
-588
4243
65670
-2
-1
-2
-250
-595
4238
66695
-6
-4
-4
-256
-598
4239
67720
-12
-3
-3
-251
-590
4251
68745
-15
-2
0
-260
-612
4242
69770
-9
-3
1
-254
-618
4238
70795
-1
-4
1
-246
-596
4242
71820
-2
-3
2
-255
-583
4242
72845
-11
-3
2
-251
-596
4239
73870
-11
-6
4
-250
-620
4244
66688
-1
-7
7
-255
-624
4237
67713
10
-4
7
-228
-616
4244
68738
21
1
2
-252
-595
4241
69763
9
1
3
-266
-562
4249
70788
-16
-4
6
-261
-567
4250
71813
-27
-10
9
-251
-616
4249
72838
-18
-9
6
-235
-633
4241
73863
6
-6
4
-249
-620
4242
74888
10
-5
2
-248
-583
4243
75913
-3
-4
2
-240
-583
4241
76938
-8
-3
3
-244
-618
4245
77963
0
-2
1
-249
-620
4235
78988
6
-2
-1
-246
-597
4230
80013
5
-1
0
-249
-579
4254
81038
-10
-2
0
-257
-586
4251
82063
6
-6
4
-249
-620
4242
74888
10
-5
2
-248
-583
4243
75913
-3
-4
2
-240
-583
4241
76938
-8
-3
3
-244
-618
4245
77963
0
-2
1
-249
-620
4235
78988
6
-2
-1
-246
-597
4230
80013
5
-1
0
-249
-579
4254
81038
-10
-2
0
-257
-586
4251
82063
-18
-5
3
-263
-604
4245
74880
-10
-8
5
-244
-629
4244
75905
7
-2
5
-241
-628
4231
76930
21
-1
3
-246
-595
4249
77955
14
0
3
-260
-567
4256
78980
-5
-2
7
-262
-581
4250
80005
-15
-2
12
-248
-620
4241
81030
-3
-6
13
-230
-631
4238
82055
21
-6
5
-257
-597
4247
83080
21
-7
-1
-265
-556
4252
84105
-7
-7
-2
-243
-574
4250
85130
-23
-5
-2
-248
-614
4254
86155
-16
-5
-2
-250
-624
4253
87180
8
-5
-3
-240
-622
4237
88205
11
-3
-2
-246
-597
4244
89230
-5
-1
4
-265
-567
4249
90255
-27
-4
10
-244
-606
4233
83071
-19
-5
8
-247
-645
4244
84096
13
-7
9
-258
-650
4243
85121
34
-6
5
-241
-582
4245
86146
17
-3
2
-245
-528
4262
87171
-28
-3
1
-253
-556
4252
88196
-45
-3
-2
-237
-634
4237
89221
-14
-1
-4
-250
-667
4247
90246
17
-2
-6
-261
-613
4243
91271
17
-2
0
-249
-577
4246
92296
7
-2
6
-251
-598
4252
93321
-2
-3
4
-255
-603
4244
94346
-12
-4
6
-257
-591
4241
95371
-8
-8
10
-251
-626
4249
96396
2
-8
5
-238
-616
4237
97421
10
-4
3
-248
-584
4252
98446
5
-1
0
-254
-589
4241
91264
-2
-5
1
-258
-611
4243
92289
8
-9
6
-251
-629
4247
93314
30
-6
6
-242
-620
4242
94339
44
-1
6
-247
-581
4250
95364
31
-2
5
-251
-555
4251
96389
0
-2
6
-257
-559
4248
97414
-17
-7
7
-251
-605
4251
98439
-5
-9
6
-246
-628
4242
99464
10
-4
2
-246
-598
4234
100489
7
-4
2
-258
-570
4249
101514
-8
-7
5
-257
-580
4251
102539
-7
-8
5
-234
-609
4241
103564
6
-2
0
-245
-613
4251
104589
11
-2
1
-271
-578
4247
105614
-9
-6
7
-243
-570
4244
106639
-10
-4
9
-237
-627
4247
99456
10
-5
7
-247
-631
4247
100481
26
-4
-1
-247
-561
4253
101506
6
-1
-2
-261
-544
4257
102531
-25
-3
1
-256
-571
4246
103556
-33
-6
5
-237
-622
4242
104581
-9
-3
2
-248
-630
4246
105606
12
-3
-2
-250
-595
4238
106631
13
-4
3
-251
-582
4242
107656
7
-5
6
-240
-585
4247
108681
11
-3
2
-256
-595
4244
109706
12
-4
-2
-252
-580
4249
110731
1
-3
-3
-255
-576
4245
111756
-9
-5
3
-253
-600
4234
112781
-2
-7
10
-246
-622
4252
113806
17
-6
12
-249
-607
4250
114831
26
-8
11
-240
-566
4246
107647
13
-8
13
-248
-566
4250
108672
-2
-8
17
-252
-590
4245
109697
-6
-6
14
-247
-585
4247
110722
-7
-4
13
-249
-578
4257
111747
-9
-6
10
-255
-573
4240
112772
-8
-9
7
-246
-603
4244
113797
0
-7
6
-229
-612
4238
114822
13
-1
2
-244
-586
4240
115847
19
-2
2
-243
-577
4255
116872
25
-3
1
-235
-584
4247
117897
30
0
-1
-251
-595
4247
118922
31
0
-3
-250
-570
4250
119947
26
-2
2
-257
-579
4246
120972
20
-3
3
-245
-546
4248
121997
10
-1
-7
-228
-532
4271
123022
3
2
-18
-253
-551
4255
115840
-3
-2
-29
-230
-575
4257
116865
4
6
-35
-225
-578
4253
117890
19
11
-37
-248
-579
4237
118915
27
6
-14
-286
-614
4255
119940
40
-4
15
-272
-606
4241
120965
53
-9
25
-236
-547
4247
121990
41
-7
23
-246
-508
4252
123015
14
-8
26
-254
-521
4247
124040
-1
-7
15
-221
-537
4242
125065
11
2
0
-257
-552
4261
126090
13
-3
-6
-267
-535
4257
127115
9
-8
-3
-263
-557
4254
128140
11
-10
-1
-249
-554
4248
129165
6
-7
1
-234
-539
4239
130190
-2
-3
5
-251
-533
4259
131215
-7
-6
8
-250
-551
4266
124033
1
-4
5
-239
-564
4238
125058
10
1
-3
-238
-529
4259
126083
-7
4
-6
-266
-500
4259
127108
-37
-1
1
-265
-525
4253
128133
-37
-7
6
-246
-597
4249
129158
-8
-3
2
-240
-595
4244
130183
12
-1
-1
-263
-530
4251
131208
-11
-6
10
-272
-504
4259
132233
-39
-10
19
-250
-560
4247
133258
-27
-9
18
-244
-609
4243
134283
3
-7
12
-245
-579
4254
135308
14
-6
7
-247
-518
4260
136333
-5
-5
4
-239
-524
4264
137358
-22
-3
3
-237
-567
4256
138383
-15
0
-4
-248
-584
4237
139408
-4
2
-7
-251
-553
4253
132224
-10
-3
0
-268
-565
4248
133249
-11
-6
8
-225
-601
4239
134274
15
0
5
-237
-593
4248
135299
35
1
4
-279
-553
4254
136324
23
-5
6
-258
-516
4255
137349
-3
-8
10
-234
-525
4257
138374
-16
-3
8
-238
-565
4254
139399
-5
-1
3
-265
-590
4244
140424
4
-2
3
-264
-571
4254
141449
5
-4
8
-236
-547
4249
142474
6
-3
9
-247
-555
4258
143499
7
-3
5
-257
-549
4258
144524
0
-4
4
-252
-543
4246
145549
-5
-5
5
-242
-556
4252
146574
3
-4
4
-253
-575
4247
147599
15
-5
1
-253
-564
4254
140591
14
-5
1
-259
-532
4252
141616
2
-4
4
-253
-532
4258
142641
-5
-5
7
-247
-558
4252
143666
4
-6
4
-248
-575
4249
144691
9
-5
3
-246
-546
4245
145716
5
-5
5
-252
-534
4250
146741
-7
-4
7
-248
-551
4246
147766
-4
-3
5
-242
-562
4251
148791
14
0
0
-258
-571
4257
149816
21
-2
-3
-256
-549
4246
150841
13
-2
0
-249
-536
4244
151866
3
-1
6
-256
-557
4255
152891
5
-3
9
-256
-557
4257
153916
14
-6
5
-256
-540
4256
154941
9
-6
5
-255
-521
4254
155966
-6
-5
7
-255
-530
4238
148609
-14
-7
9
-252
-551
4250
149634
-4
-7
10
-241
-560
4251
150659
11
-4
7
-250
-565
4249
151684
16
-4
1
-260
-518
4257
152709
-9
-5
4
-244
-520
4252
153734
-18
-2
4
-242
-577
4247
154759
-2
-1
5
-257
-583
4259
155784
14
-4
6
-259
-545
4249
156809
18
-5
8
-245
-541
4252
157834
21
-4
10
-260
-548
4256
158859
18
-7
10
-253
-541
4257
159884
9
-6
8
-251
-516
4259
160909
-5
-4
5
-256
-518
4257
161934
-13
-5
1
-240
-540
4245
162959
-6
-2
-3
-244
-550
4252
163984
-6
-2
-4
-260
-532
4253
156801
-11
-3
-2
-261
-526
4246
157826
-21
-3
2
-249
-541
4256
158851
-20
-5
3
-245
-560
4253
159876
-4
-6
4
-244
-576
4251
160901
12
-3
1
-253
-543
4253
161926
7
-1
0
-250
-519
4251
162951
-5
-1
0
-260
-537
4249
163976
-13
-5
4
-252
-551
4253
165001
-7
-5
4
-247
-551
4246
166026
4
-2
4
-248
-548
4246
167051
3
-1
2
-253
-524
4255
168076
-7
-2
1
-264
-528
4249
169101
-13
-6
3
-257
-559
4255
170126
-10
-8
12
-243
-592
4248
171151
18
-8
20
-254
-598
4237
172176
46
-6
21
-248
-551
4257
164992
47
-7
20
-255
-500
4265
166017
17
-8
15
-253
-473
4259
167042
-17
-6
12
-250
-512
4260
168067
-30
-4
6
-246
-551
4246
169092
-18
-1
-2
-255
-561
4249
170117
-7
0
1
-263
-543
4258
171142
-12
-4
4
-243
-520
4254
172167
-19
-4
-4
-249
-508
4255
173192
-22
0
-9
-254
-536
4260
174217
-30
-1
-12
-253
-536
4250
175242
-41
-2
-11
-249
-518
4256
176267
-56
-5
-6
-264
-549
4256
177292
-45
-8
-5
-243
-609
4245
178317
-16
-8
-9
-232
-595
4242
179342
1
-3
-8
-258
-546
4255
180367
-17
-4
-2
-256
-535
4248
173183
-32
-7
6
-241
-573
4240
174208
-16
-7
6
-253
-605
4244
175233
7
-4
2
-249
-590
4245
176258
15
-4
3
-269
-559
4239
177283
9
-7
13
-248
-572
4243
178308
19
-6
12
-232
-571
4257
179333
35
-5
8
-255
-561
4257
180358
29
-3
5
-261
-519
4250
181383
7
-4
7
-258
-535
4255
182408
-3
-6
9
-242
-562
4250
183433
6
-6
10
-244
-574
4247
184458
22
-4
12
-258
-560
4249
185483
24
-6
16
-255
-546
4249
186508
16
-7
22
-257
-546
4258
187533
15
-10
22
-247
-540
4259
188558
20
-10
20
-241
-551
4249
181376
24
-8
15
-249
-534
4251
182401
14
-10
21
-258
-540
4260
183426
9
-16
24
-231
-537
4241
184451
14
-11
24
-230
-558
4250
185476
23
-7
17
-241
-523
4259
186501
13
-5
7
-265
-487
4257
187526
-20
-6
7
-250
-507
4255
188551
-39
-4
-1
-248
-536
4250
189576
-30
-4
-3
-245
-588
4242
190601
1
-2
-12
-230
-566
4249
191626
15
2
-25
-238
-506
4264
192651
-14
6
-34
-252
-456
4254
193676
-69
5
-27
-266
-519
4265
194701
-86
0
-18
-244
-611
4242
195726
-40
0
-19
-235
-638
4237
196751
5
2
-13
-252
-588
4255
189568
9
-1
-5
-250
-513
4252
190593
-21
-2
4
-264
-525
4261
191618
-41
-7
7
-259
-560
4265
192643
-35
-9
5
-241
-604
4243
193668
-15
-5
5
-253
-591
4242
194693
-12
-6
11
-259
-553
4257
195718
-23
-9
19
-243
-566
4244
196743
-16
-9
18
-234
-589
4243
197768
1
-4
7
-239
-581
4255
198793
9
-1
-4
-247
-548
4244
199818
-7
-3
-7
-250
-528
4249
200843
-30
-2
-5
-237
-570
4253
201868
-26
0
-8
-250
-611
4243
202893
-5
-2
-4
-255
-620
4246
203918
17
-5
2
-241
-602
4252
204943
33
-1
1
-235
-564
4249
197759
24
3
-5
-257
-516
4254
198784
-10
1
-7
-280
-524
4255
199809
-44
-6
5
-291
-597
4256
200834
-38
-17
23
-232
-635
4237
201859
6
-13
22
-216
-622
4237
202884
39
-5
16
-256
-585
4249
203909
30
-5
7
-253
-503
4251
204934
0
-4
5
-230
-524
4249
205959
-15
2
-1
-251
-565
4255
206984
-15
1
-5
-266
-590
4246
208009
-10
-6
1
-263
-588
4248
209034
-5
-11
12
-239
-605
4247
210059
15
-5
14
-234
-597
4237
211084
34
0
6
-245
-557
4254
212109
23
1
4
-261
-526
4249
213134
-5
-3
8
-253
-564
4251
205952
-13
-3
9
-233
-571
4251
206977
-4
1
7
-248
-572
4243
208002
-4
2
3
-259
-552
4248
209027
-10
-6
9
-263
-568
4253
210052
-3
-11
12
-231
-597
4243
211077
24
-4
10
-238
-590
4245
212102
40
-2
9
-255
-555
4262
213127
29
-6
10
-258
-540
4256
214152
19
-12
14
-245
-546
4251
215177
14
-10
15
-246
-557
4244
216202
17
-6
11
-253
-554
4248
217227
16
-6
12
-248
-554
4257
218252
13
-6
16
-246
-562
4252
219277
18
-7
17
-241
-557
4250
220302
27
-9
13
-249
-550
4255
221327
24
-8
6
-249
-527
4253
214145
11
-4
4
-249
-524
4251
215170
3
-4
6
-244
-558
4252
216195
9
-4
6
-238
-569
4250
217220
21
-4
3
-254
-522
4256
218245
13
-8
7
-253
-524
4251
219270
10
-7
6
-251
-553
4252
220295
13
-5
8
-246
-560
4262
221320
13
-4
10
-245
-521
4264
222345
3
-4
7
-251
-505
4265
223370
-12
-5
6
-255
-515
4254
224395
-26
-10
5
-248
-553
4247
225420
-12
-9
3
-231
-582
4241
226445
16
-5
-2
-238
-563
4259
227470
24
-2
-3
-243
-526
4253
228495
9
-2
0
-254
-515
4247
229520
-11
-3
5
-258
-529
4259
222335
-12
-9
7
-240
-560
4247
223360
1
-6
3
-236
-536
4247
224385
3
-3
-2
-246
-517
4263
225410
-7
-5
-1
-255
-544
4245
226435
-10
-5
1
-239
-543
4250
227460
-6
-4
5
-240
-547
4259
228485
2
-2
3
-255
-548
4255
229510
8
-4
2
-243
-533
4250
230535
6
-5
3
-253
-534
4254
231560
2
-7
5
-240
-545
4246
232585
4
-6
5
-230
-537
4245
233610
6
-3
3
-245
-542
4258
234635
6
-2
2
-253
-537
4252
235660
5
-5
4
-250
-539
4259
236685
8
-7
6
-243
-548
4260
237710
16
-5
6
-236
-535
4255
230528
18
-2
4
-255
-519
4255
231553
7
-4
9
-253
-533
4252
232578
8
-6
8
-247
-544
4256
233603
6
-9
10
-249
-522
4260
234628
-3
-8
11
-231
-529
4256
235653
6
-2
4
-240
-551
4249
236678
17
-2
1
-255
-520
4264
237703
3
-6
4
-249
-482
4254
238728
-21
-7
7
-244
-519
4254
239753
-31
-7
8
-242
-541
4261
240778
-20
-4
4
-234
-561
4242
241803
-2
-3
0
-238
-543
4248
242828
3
-4
-2
-246
-524
4258
243853
-4
-3
-1
-242
-528
4256
244878
-7
-3
1
-245
-535
4253
245903
-7
-3
-2
-245
-531
4250
238720
-11
-2
-2
-243
-523
4253
239745
-12
-3
-1
-252
-546
4258
240770
-10
-5
-3
-249
-551
4249
241795
-3
-3
1
-244
-541
4250
242820
1
-3
4
-244
-556
4257
243845
9
-4
3
-246
-539
4246
244870
12
-5
5
-240
-526
4255
245895
8
-3
7
-248
-537
4253
246920
7
-6
7
-246
-538
4260
247945
8
-6
7
-248
-536
4252
248970
9
-5
7
-250
-541
4245
249995
8
-5
9
-245
-543
4252
251020
11
-3
10
-235
-532
4258
252045
10
-4
9
-240
-518
4247
253070
5
-4
7
-249
-522
4252
254095
1
-6
6
-253
-531
4251
246913
-2
-5
8
-239
-541
4250
247938
2
-4
9
-243
-534
4251
248963
6
-4
7
-244
-527
4242
249988
8
-2
2
-245
-524
4254
251013
7
-4
1
-262
-529
4257
252038
-2
-7
6
-228
-515
4249
253063
-2
-2
2
-235
-532
4252
254088
1
0
0
-263
-534
4262
255113
-4
-3
2
-246
-502
4262
256138
-7
-5
6
-245
-531
4261
257163
-7
-3
5
-243
-531
4238
258188
-6
-2
3
-246
-530
4255
259213
-4
-5
4
-252
-540
4258
260238
3
-6
4
-245
-546
4239
261263
13
-2
4
-246
-533
4251
262288
12
-2
3
-250
-510
4256
255105
-3
-3
5
-245
-515
4254
256130
-10
-4
8
-249
-528
4266
257155
-10
-5
7
-245
-538
4249
258180
-1
-7
3
-249
-539
4235
259205
1
-7
4
-237
-523
4259
260230
3
-5
10
-243
-541
4252
261255
9
-5
11
-245
-548
4247
262280
18
-5
12
-251
-522
4260
263305
21
-8
11
-244
-518
4246
264330
17
-6
5
-218
-509
4253
265355
12
0
-4
-250
-488
4261
266380
-15
-1
-6
-271
-504
4254
267405
-35
-7
0
-228
-532
4255
268430
-12
-4
-2
-216
-571
4255
269455
16
1
-13
-247
-543
4243
270480
16
1
-21
-253
-479
4264
263295
-16
1
-23
-257
-457
4272
264320
-55
1
-20
-238
-503
4247
265345
-67
6
-20
-240
-557
4257
266370
-61
7
-21
-251
-556
4252
267395
-59
5
-14
-248
-519
4247
268420
-69
1
-9
-251
-521
4268
269445
-74
-6
2
-250
-594
4245
270470
-43
-5
5
-236
-636
4236
271495
-2
-1
1
-243
-598
4249
272520
14
-2
5
-256
-549
4246
273545
9
-8
13
-244
-545
4251
274570
8
-6
13
-243
-577
4256
275595
19
-3
9
-250
-578
4247
276620
30
-3
4
-240
-539
4248
277645
26
-2
-1
-250
-526
4257
278670
11
-2
-3
-256
-540
4246
271489
4
0
-4
-239
-556
4250
272514
13
3
-5
-247
-562
4249
273539
23
2
-6
-257
-554
4249
274564
17
-1
-1
-255
-542
4251
275589
14
-3
5
-247
-549
4250
276614
16
-2
6
-241
-541
4253
277639
21
-3
5
-254
-536
4255
278664
18
-7
7
-253
-542
4248
279689
15
-6
6
-232
-533
4254
280714
17
0
3
-248
-529
4256
281739
10
-1
5
-262
-526
4243
282764
5
-7
7
-238
-533
4253
283789
16
-4
4
-228
-541
4259
284814
23
1
0
-263
-534
4256
285839
15
-2
5
-278
-523
4250
286864
2
-7
10
-239
-518
4255
279753
11
-5
2
-226
-527
4258
280778
20
0
-2
-269
-530
4252
281803
9
-4
4
-276
-507
4251
282828
-6
-9
17
-258
-541
4248
283853
-2
-11
22
-239
-553
4253
284878
18
-10
23
-239
-540
4256
285903
35
-10
16
-238
-501
4259
286928
22
-7
10
-257
-483
4251
287953
0
-8
10
-242
-503
4254
288978
-6
-5
5
-234
-528
4249
290003
1
-2
7
-272
-529
4265
291028
0
-9
11
-259
-502
4254
292053
-1
-11
17
-237
-532
4255
293078
16
-9
17
-231
-543
4247
294103
30
-4
11
-235
-507
4256
295128
22
-3
7
-263
-472
4267
287872
-2
-4
5
-247
-473
4270
288897
-18
-5
3
-253
-502
4259
289922
-30
-4
2
-259
-520
4251
290947
-31
-7
3
-256
-526
4248
291972
-22
-10
8
-249
-541
4250
292997
1
-9
14
-228
-570
4254
294022
32
-3
8
-236
-544
4254
295047
46
-2
5
-257
-485
4265
296072
23
-8
9
-261
-460
4250
297097
-10
-13
13
-241
-491
4250
298122
-21
-11
9
-236
-531
4251
299147
-11
-7
8
-249
-561
4247
300172
13
-6
6
-231
-524
4253
301197
17
-3
1
-240
-471
4257
302222
-10
-2
1
-270
-471
4249
303247
-41
-7
4
-241
-507
4253
296065
-39
-5
3
-229
-538
4255
297090
-15
-1
-1
-244
-547
4248
298115
0
-2
-5
-244
-510
4252
299140
-9
-1
-4
-237
-488
4262
300165
-27
0
-2
-250
-519
4250
301190
-26
-4
-1
-250
-546
4255
302215
-9
-6
3
-242
-570
4247
303240
13
-4
3
-241
-522
4253
304265
14
-5
7
-245
-509
4253
305290
5
-6
2
-234
-506
4247
306315
1
-3
2
-260
-544
4251
307340
5
-3
8
-242
-533
4260
308365
10
-4
13
-230
-515
4249
309390
17
-3
14
-250
-515
4260
310415
12
-4
9
-255
-498
4257
311440
6
-6
11
-248
-513
4242
304257
-2
-5
8
-238
-505
4261
305282
-10
-2
5
-249
-513
4262
306307
-19
0
8
-254
-522
4246
307332
-20
-5
16
-245
-535
4256
308357
-7
-6
19
-233
-543
4249
309382
8
-3
12
-238
-509
4255
310407
0
-4
7
-263
-468
4261
311432
-34
-9
10
-246
-497
4248
312457
-41
-6
10
-226
-543
4242
313482
-21
0
5
-243
-561
4256
314507
0
-4
0
-242
-529
4248
315532
3
-6
-3
-254
-509
4249
316557
-6
-8
3
-233
-541
4251
317582
0
-2
4
-227
-570
4248
318607
21
2
-4
-248
-516
4261
319632
17
-3
-6
-260
-493
4251
312447
-3
-5
-2
-240
-523
4241
313472
-3
-3
-1
-244
-529
4254
314497
-2
0
-3
-248
-522
4256
315522
-10
-1
-5
-257
-500
4258
316547
-24
-4
3
-260
-535
4256
317572
-15
-8
11
-243
-572
4245
318597
12
-4
6
-237
-554
4254
319622
24
-1
1
-260
-510
4258
320647
3
-3
0
-254
-484
4259
321672
-21
-3
0
-251
-509
4254
322697
-29
-4
4
-247
-557
4244
323722
-11
-5
5
-236
-560
4242
324747
5
-2
5
-243
-526
4255
325772
3
-4
8
-249
-507
4252
326797
0
-5
6
-225
-547
4240
327822
8
0
2
-245
-545
4256
320641
12
-3
-1
-251
-511
4252
321666
-1
-5
1
-252
-524
4248
322691
-6
-5
9
-250
-549
4251
323716
4
-6
10
-240
-537
4244
324741
14
-2
4
-242
-510
4255
325766
5
-2
1
-244
-500
4263
326791
-12
-3
1
-248
-519
4253
327816
-20
-2
3
-253
-543
4252
328841
-11
-4
4
-246
-543
4255
329866
5
-6
4
-248
-537
4252
330891
15
-7
2
-241
-525
4250
331916
8
-5
5
-244
-521
4256
332941
1
-3
4
-247
-524
4251
333966
0
-4
5
-250
-536
4253
334991
1
-5
4
-255
-531
4249
336016
3
-5
6
-251
-526
4257
328832
9
-7
7
-243
-530
4253
329857
9
-6
6
-241
-520
4252
330882
3
-5
4
-244
-508
4257
331907
-9
-3
2
-252
-512
4252
332932
-19
-5
6
-256
-528
4258
333957
-16
-6
7
-241
-549
4257
334982
-5
-4
6
-238
-545
4249
336007
5
-4
5
-228
-522
4245
337032
6
-2
2
-251
-526
4264
338057
1
-4
4
-253
-526
4255
339082
-3
-4
5
-240
-519
4250
340107
-6
-5
5
-241
-521
4254
341132
-9
-5
3
-253
-518
4248
342157
-11
-5
7
-243
-550
4249
343182
-2
-6
8
-244
-551
4249
344207
11
-5
8
-237
-536
4250
337024
15
-4
6
-235
-507
4261
338049
12
-4
2
-253
-514
4259
339074
-4
-4
1
-248
-509
4252
340099
-15
-5
5
-244
-525
4254
341124
-9
-5
5
-244
-555
4251
342149
12
-3
0
-241
-530
4251
343174
14
-4
1
-256
-501
4257
344199
-7
-6
7
-258
-508
4259
345224
-19
-8
12
-234
-545
4249
346249
-5
-3
8
-237
-553
4251
347274
3
-2
6
-247
-513
4251
348299
-4
-4
7
-247
-505
4258
349324
-8
-9
12
-240
-551
4248
350349
5
-6
9
-232
-554
4242
351374
20
-2
2
-241
-504
4260
352399
9
0
0
-257
-482
4264
345217
-17
-1
3
-256
-512
4246
346242
-24
-2
5
-241
-554
4261
347267
-7
-1
4
-242
-553
4257
348292
10
-1
4
-247
-522
4254
349317
7
-2
5
-255
-509
4263
350342
0
-7
10
-259
-529
4254
351367
0
-9
12
-218
-538
4245
352392
16
-2
6
-240
-530
4261
353417
16
-3
5
-262
-505
4257
354442
-2
-5
4
-247
-482
4261
355467
-18
-5
6
-246
-526
4262
356492
-17
-5
5
-246
-545
4243
357517
0
-6
5
-233
-545
4250
358542
9
-4
1
-247
-510
4260
359567
1
-5
1
-246
-496
4253
360592
-10
-5
4
-244
-525
4248
353546
-6
-2
2
-242
-536
4256
354571
1
-3
-1
-248
-516
4254
355596
-6
-2
-2
-252
-486
4253
356621
-26
-4
0
-248
-515
4252
357646
-28
-5
0
-240
-555
4258
358671
-8
-5
0
-234
-567
4242
359696
25
-1
1
-250
-562
4266
360721
30
-2
-1
-261
-472
4261
361746
-9
-5
4
-236
-470
4262
362771
-32
-4
8
-243
-553
4251
363796
-11
-2
3
-248
-570
4250
364821
11
-2
-3
-247
-517
4257
365846
6
-2
0
-251
-503
4258
366871
-10
-4
5
-245
-537
4249
367896
-5
-5
3
-247
-542
4253
368921
4
-5
1
-244
-515
4251
361600
0
-7
3
-245
-507
4256
362625
-12
-8
3
-248
-526
4249
363650
-14
-6
5
-241
-536
4252
364675
-1
-4
3
-238
-542
4250
365700
7
-5
1
-247
-529
4246
366725
1
-10
6
-253
-518
4258
367750
-11
-12
11
-230
-540
4252
368775
-1
-5
7
-247
-555
4246
369800
14
-3
5
-245
-529
4265
370825
14
-3
3
-244
-506
4250
371850
-2
-3
3
-250
-497
4252
372875
-23
-6
5
-239
-518
4261
373900
-24
-5
11
-240
-577
4248
374925
-3
-4
8
-234
-562
4246
375950
13
-1
8
-244
-526
4250
376975
10
0
10
-240
-517
4251
369792
2
-1
9
-241
-515
4264
370817
2
-2
7
-251
-532
4250
371842
2
-5
7
-252
-537
4249
372867
11
-6
9
-246
-537
4258
373892
17
-8
11
-251
-535
4259
374917
24
-8
13
-239
-527
4253
375942
22
-7
10
-244
-497
4257
376967
5
-7
8
-243
-499
4254
377992
-7
-5
5
-240
-506
4257
379017
-13
-5
1
-256
-521
4252
380042
-24
-6
-1
-243
-526
4252
381067
-25
-4
-2
-239
-525
4257
382092
-23
-1
-3
-251
-536
4252
383117
-26
-1
-3
-241
-520
4257
384142
-29
-1
-2
-244
-525
4261
385167
-21
-4
-2
-252
-547
4240
377983
-13
-7
-2
-231
-546
4235
379008
-9
-3
-3
-238
-537
4259
380033
-9
0
-4
-250
-534
4259
381058
-9
1
-7
-244
-529
4255
382083
-11
1
-7
-252
-535
4258
383108
-15
-1
-7
-243
-541
4244
384133
-12
1
-8
-254
-533
4255
385158
-20
-5
-2
-245
-541
4260
386183
-18
-3
-3
-238
-566
4249
387208
-2
-2
-3
-250
-566
4259
388233
1
-6
3
-238
-534
4263
389258
-4
-2
4
-241
-530
4252
390283
-10
-3
3
-260
-532
4252
391308
-21
-7
5
-245
-545
4254
392333
-15
-8
4
-230
-557
4243
393358
0
-5
1
-239
-563
4254
386176
4
-4
2
-248
-552
4257
387201
-2
-2
5
-236
-539
4249
388226
2
1
3
-240
-544
4253
389251
2
0
0
-254
-531
4254
390276
-7
-3
-1
-267
-524
4254
391301
-18
-8
2
-252
-549
4261
392326
-13
-8
7
-231
-587
4247
393351
14
-4
8
-232
-577
4242
394376
29
-2
7
-244
-530
4250
395401
15
-1
6
-249
-517
4259
396426
-2
-2
7
-249
-539
4260
397451
-4
-4
8
-242
-559
4245
398476
8
-6
6
-241
-564
4248
399501
17
-6
6
-250
-546
4255
400526
11
-7
8
-251
-528
4256
401551
2
-6
12
-251
-537
4258
394369
1
-4
12
-241
-541
4257
395394
4
-3
11
-236
-540
4249
396419
10
-3
6
-241
-527
4249
397444
6
-3
4
-248
-535
4250
398469
2
-4
7
-240
-551
4240
399494
8
-3
10
-249
-545
4256
400519
9
-5
11
-249
-531
4258
401544
6
-6
10
-244
-527
4252
402569
2
-7
9
-250
-538
4257
403594
-3
-8
12
-249
-541
4253
404619
4
-7
10
-222
-548
4248
405644
15
0
2
-253
-536
4257
406669
10
-1
2
-257
-511
4251
407694
-5
-5
5
-241
-513
4247
408719
-5
-4
4
-241
-545
4262
409744
1
-4
2
-242
-551
4244
402559
5
-4
4
-242
-535
4246
403584
8
-7
5
-252
-536
4254
404609
14
-6
6
-247
-535
4250
405634
16
-5
9
-242
-521
4252
406659
9
-4
9
-245
-517
4264
407684
0
-4
9
-232
-516
4252
408709
3
-3
9
-250
-540
4257
409734
13
-6
8
-252
-533
4258
410759
17
-5
5
-241
-519
4257
411784
8
-4
6
-243
-505
4263
412809
-7
-6
6
-251
-502
4256
413834
-16
-5
6
-252
-526
4251
414859
-16
-6
9
-250
-538
4254
415884
0
-9
13
-245
-563
4246
416909
23
-9
14
-230
-550
4251
417934
36
-3
10
-238
-506
4261
410752
27
-2
4
-243
-481
4251
411777
5
-1
1
-255
-483
4259
412802
-14
-4
2
-248
-517
4267
413827
-13
-4
1
-238
-540
4248
414852
-2
-4
2
-240
-532
4252
415877
13
-5
2
-245
-531
4248
416902
17
-5
2
-244
-513
4248
417927
9
-3
4
-246
-495
4266
418952
-6
-3
7
-251
-507
4256
419977
-12
-4
8
-243
-526
4251
421002
-2
-5
10
-248
-544
4259
422027
8
-9
10
-243
-521
4249
423052
7
-6
6
-229
-490
4249
424077
-8
-2
2
-255
-486
4267
425102
-28
-4
3
-247
-514
4249
426127
-26
-5
2
-218
-550
4238
418944
-1
0
-5
-245
-558
4255
419969
8
0
-6
-249
-510
4255
420994
-6
-1
-2
-242
-480
4266
422019
-22
-1
-2
-255
-508
4264
423044
-26
-3
-3
-244
-546
4243
424069
-12
-4
-4
-238
-547
4255
425094
1
-3
-3
-246
-534
4247
426119
-1
-1
-1
-237
-517
4258
427144
-5
-1
2
-250
-519
4261
428169
-6
-3
3
-250
-528
4255
429194
-3
-3
2
-242
-522
4261
430219
-4
-2
4
-255
-533
4258
431244
-4
-4
6
-235
-536
4247
432269
2
-4
5
-239
-540
4257
433294
6
-4
6
-243
-526
4262
434319
3
-6
7
-244
-517
4254
427135
-4
-6
9
-242
-523
4262
428160
-4
-4
10
-245
-538
4258
429185
1
-1
9
-241
-533
4253
430210
-1
0
8
-246
-510
4262
431235
-7
-3
8
-248
-523
4246
432260
2
-7
9
-241
-541
4252
433285
17
-6
6
-246
-535
4257
434310
15
-5
4
-243
-506
4256
435335
2
-3
4
-243
-506
4255
436360
-10
-4
5
-245
-528
4251
437385
-1
-4
3
-238
-546
4252
438410
15
-3
-1
-243
-528
4263
439435
13
-1
-2
-253
-506
4259
440460
-4
-2
1
-248
-496
4260
441485
-16
0
3
-245
-526
4259
442510
-13
2
2
-246
-537
4253
435328
-8
3
1
-247
-520
4247
436353
-13
4
2
-248
-516
4258
437378
-25
4
5
-251
-525
4259
438403
-29
6
9
-238
-534
4255
439428
-16
5
5
-248
-541
4255
440453
13
-6
4
-270
-563
4252
441478
22
-13
7
-255
-524
4261
442503
13
-10
8
-248
-490
4256
443528
-7
-5
6
-250
-508
4257
444553
-16
-6
6
-249
-541
4261
445578
-4
-10
4
-247
-565
4245
446603
18
-7
4
-240
-544
4245
447628
20
-3
4
-244
-506
4263
448653
8
-4
4
-252
-498
4256
449678
-7
-6
2
-251
-501
4260
450703
-14
-4
3
-248
-530
4260
443521
-2
-7
5
-247
-554
4252
444546
13
-5
2
-241
-530
4252
445571
12
-6
5
-249
-507
4253
446596
-4
-8
6
-249
-496
4253
447621
-14
-5
6
-251
-516
4256
448646
-8
-5
5
-244
-548
4254
449671
4
-4
2
-239
-531
4254
450696
10
-3
1
-247
-509
4265
451721
-4
-3
3
-251
-514
4254
452746
-15
-3
3
-244
-516
4248
453771
-16
0
2
-255
-537
4263
454796
-8
-6
1
-250
-536
4251
455821
-1
-8
4
-238
-523
4243
456846
-1
-3
7
-250
-530
4258
457871
-1
-4
5
-243
-530
4250
458896
-1
-2
2
-251
-507
4251
451712
-5
-4
0
-261
-513
4259
452737
-10
-8
2
-240
-532
4252
453762
-6
-5
3
-239
-542
4256
454787
1
-3
4
-250
-524
4258
455812
-1
-2
3
-241
-515
4249
456837
-5
-4
2
-246
-524
4262
457862
-9
-7
4
-251
-526
4263
458887
-13
-6
6
-230
-536
4252
459912
-2
-1
2
-249
-545
4255
460937
6
-3
3
-257
-526
4248
461962
-1
-6
5
-247
-499
4257
462987
-11
-10
8
-249
-529
4264
464012
-15
-6
6
-242
-536
4254
465037
-11
-4
4
-242
-538
4246
466062
-5
-2
4
-248
-537
4252
467087
1
-5
3
-242
-537
4251
459904
7
-6
4
-241
-535
4251
460929
7
-4
2
-251
-519
4260
461954
-2
-3
2
-254
-512
4253
462979
-14
-4
5
-253
-531
4253
464004
-12
-5
6
-242
-549
4249
465029
1
-4
2
-243
-544
4251
466054
9
-4
3
-246
-523
4261
467079
2
-4
4
-254
-520
4258
468104
-8
-5
7
-236
-531
4252
469129
-11
-4
9
-233
-542
4243
470154
1
-3
7
-235
-547
4243
471179
15
-3
4
-247
-532
4249
472204
8
-1
4
-251
-512
4252
473229
-3
-2
4
-253
-517
4261
474254
-11
-2
4
-245
-526
4257
475279
-8
-3
3
-245
-538
4247
468096
4
-5
4
-247
-548
4250
469121
12
-8
7
-242
-533
4255
470146
13
-6
8
-240
-519
4245
471171
8
-3
6
-253
-514
4259
472196
0
-5
5
-247
-510
4254
473221
-5
-4
4
-248
-525
4250
474246
-2
-4
5
-246
-535
4263
475271
1
-6
4
-237
-534
4251
476296
4
-3
3
-250
-532
4246
477321
1
-2
5
-247
-517
4255
478346
-1
-2
2
-243
-531
4248
479371
0
-1
3
-256
-536
4250
480396
-2
-4
5
-252
-514
4260
481421
-3
-8
8
-247
-527
4247
482446
2
-5
4
-246
-520
4259
483471
-4
-5
4
-252
-520
4256
476288
-10
-5
9
-245
-544
4248
477313
-3
-4
8
-239
-540
4257
478338
5
-3
9
-246
-532
4253
479363
6
-1
6
-243
-503
4257
480388
-1
-5
3
-249
-503
4257
481413
-5
-9
1
-253
-528
4249
482438
-6
-6
0
-238
-544
4243
483463
2
-1
0
-238
-532
4248
484488
5
-3
1
-243
-517
4252
485513
0
-5
2
-244
-515
4259
486538
1
-5
2
-256
-526
4253
487563
-1
-7
3
-241
-529
4245
488588
0
-3
4
-239
-524
4254
489613
0
-2
4
-254
-527
4253
490638
0
-4
4
-241
-514
4253
491663
-2
-5
3
-246
-517
4266
484480
-5
-4
1
-252
-532
4255
485505
-5
-3
1
-239
-523
4243
486530
-4
-2
2
-241
-529
4251
487555
-3
-3
1
-243
-527
4257
488580
-3
-3
2
-251
-526
4249
489605
-6
-5
3
-248
-528
4250
490630
-2
-6
4
-241
-534
4255
491655
6
-5
5
-238
-527
4257
492680
7
-3
4
-236
-519
4260
493705
2
-5
5
-256
-516
4257
494730
-2
-7
8
-240
-529
4252
495755
4
-5
6
-242
-545
4254
496780
12
-4
6
-255
-525
4253
497805
10
-7
5
-247
-496
4260
498830
-3
-4
7
-248
-510
4253
499855
-10
-5
5
-247
-516
4246
492707
-7
-5
4
-243
-529
4253
493732
-2
-7
6
-251
-540
4243
494757
5
-7
6
-242
-541
4242
495782
10
-4
8
-235
-531
4261
496807
15
-2
5
-241
-507
4258
497832
10
0
-2
-245
-493
4251
498857
-10
-1
-4
-257
-495
4261
499882
-29
-4
-1
-249
-532
4247
500907
-23
-6
1
-236
-564
4245
501932
-3
-5
2
-240
-556
4247
502957
11
-4
4
-243
-519
4252
503982
13
-3
6
-248
-512
4257
505007
7
-6
6
-244
-529
4251
506032
6
-5
7
-240
-526
4250
507057
10
-4
4
-242
-526
4252
508082
9
-3
2
-253
-514
4251
500864
3
-1
2
-245
-507
4249
501889
1
-2
2
-250
-528
4259
502914
6
-4
2
-254
-530
4249
503939
8
-4
1
-240
-505
4255
504964
0
-5
1
-248
-492
4262
505989
-14
-4
1
-250
-509
4261
507014
-18
-3
1
-245
-525
4251
508039
-10
-5
1
-243
-543
4257
509064
-2
-5
1
-241
-525
4251
510089
-4
-4
1
-247
-501
4262
511114
-16
-5
0
-248
-506
4254
512139
-29
-4
-2
-243
-518
4248
513164
-30
-5
3
-234
-558
4253
514189
-7
-6
0
-234
-562
4246
515214
11
-4
0
-241
-526
4242
516239
3
-5
3
-245
-489
4263
509057
-18
-6
6
-250
-517
4255
510082
-27
-6
2
-235
-529
4251
511107
-22
-4
-2
-231
-545
4258
512132
-13
-3
-8
-242
-532
4250
513157
-17
-2
-13
-251
-515
4250
514182
-31
-2
-11
-248
-532
4250
515207
-35
-1
-8
-236
-567
4250
516232
-17
1
-9
-244
-569
4256
517257
-3
1
-10
-248
-538
4256
518282
-8
-2
-5
-253
-532
4253
519307
-11
-6
0
-245
-553
4244
520332
-1
-4
0
-239
-562
4247
521357
9
-3
1
-241
-545
4254
522382
5
-5
2
-250
-525
4252
523407
-1
-6
4
-246
-552
4252
524432
3
-6
8
-240
-563
4249
517247
21
-5
8
-240
-556
4250
518272
26
-5
7
-244
-522
4259
519297
15
-6
11
-249
-521
4263
520322
3
-6
13
-238
-549
4253
521347
12
-5
10
-231
-544
4258
522372
22
-3
3
-242
-532
4256
523397
18
-1
1
-249
-510
4251
524422
2
-5
4
-243
-509
4258
525447
-5
-6
6
-242
-557
4260
526472
11
-4
7
-241
-566
4249
527497
29
-3
5
-248
-530
4255
528522
25
-4
5
-252
-499
4259
529547
3
-8
7
-242
-488
4252
530572
-18
-5
9
-240
-522
4257
531597
-22
-7
10
-262
-556
4262
532622
-12
-10
13
-242
-561
4247
525441
13
-7
11
-226
-548
4251
526466
32
-2
5
-244
-519
4260
527491
23
-2
1
-243
-466
4266
528516
-8
-2
1
-250
-483
4266
529541
-29
-2
4
-240
-538
4260
530566
-18
-3
0
-232
-553
4255
531591
0
-2
-2
-256
-551
4247
532616
1
-4
0
-248
-506
4250
533641
-14
-4
2
-243
-516
4264
534666
-25
-3
4
-250
-528
4259
535691
-19
-5
4
-249
-537
4254
536716
-15
-6
5
-247
-534
4259
537741
-20
-7
9
-250
-534
4258
538766
-22
-6
9
-241
-538
4249
539791
-14
-6
6
-249
-541
4258
540816
-7
-5
3
-247
-542
4250
533632
-8
-5
1
-242
-533
4252
534657
-14
-5
2
-242
-533
4260
535682
-12
-5
4
-251
-555
4251
536707
-2
-4
5
-241
-557
4259
537732
3
-3
7
-241
-540
4259
538757
5
-4
7
-244
-526
4249
539782
-5
-3
5
-251
-516
4258
540807
-15
-6
5
-248
-537
4253
541832
-18
-6
4
-228
-549
4247
542857
-10
-3
2
-232
-545
4251
543882
-7
-2
-1
-242
-541
4250
544907
-9
-2
-2
-243
-539
4253
545932
-8
-4
0
-248
-544
4259
546957
-7
-4
0
-241
-552
4248
547982
-5
-1
0
-243
-541
4249
549007
-8
-1
1
-246
-538
4257
541825
-13
-4
2
-245
-554
4249
542850
-3
-5
3
-248
-566
4253
543875
6
-8
7
-236
-556
4255
544900
11
-5
6
-227
-538
4246
545925
10
-2
2
-252
-541
4258
546950
0
-5
4
-252
-526
4263
547975
-6
-6
5
-239
-536
4256
549000
-7
-4
3
-243
-540
4256
550025
-11
-4
4
-241
-553
4248
551050
-8
-5
5
-231
-569
4241
552075
7
-4
5
-240
-568
4249
553100
20
-3
6
-249
-550
4258
554125
16
-3
5
-242
-524
4255
555150
3
-4
6
-247
-525
4258
556175
-7
-5
6
-239
-543
4254
557200
-5
-3
4
-243
-546
4255
550016
-1
-5
1
-250
-536
4258
551041
-3
-6
3
-243
-540
4241
552066
-3
-6
7
-241
-551
4252
553091
-1
-4
8
-241
-543
4251
554116
-1
-3
3
-240
-522
4251
555141
-4
-4
0
-257
-536
4254
556166
-9
-5
2
-244
-556
4242
557191
-4
-3
3
-235
-563
4253
558216
3
-2
2
-244
-539
4257
559241
-2
-3
1
-242
-527
4256
560266
-8
-3
-1
-249
-537
4252
561291
-11
-4
-1
-240
-553
4252
562316
-7
-4
-2
-240
-555
4249
563341
-4
-3
0
-239
-538
4246
564366
-6
-1
0
-246
-542
4256
565391
-6
-3
0
-240
-544
4250
558208
-5
-5
1
-243
-544
4251
559233
-10
-5
2
-242
-544
4255
560258
-16
-5
3
-251
-540
4251
561283
-20
-7
4
-237
-559
4249
562308
-12
-5
2
-234
-572
4249
563333
-4
-3
0
-247
-558
4257
564358
-5
-5
2
-234
-544
4249
565383
-6
-3
1
-244
-558
4245
566408
0
0
2
-256
-576
4250
567433
7
-4
5
-241
-550
4248
568458
5
-5
7
-239
-527
4247
569483
-6
-4
7
-243
-524
4253
570508
-16
-7
9
-245
-567
4247
571533
-9
-6
9
-233
-578
4255
572558
7
-4
10
-242
-564
4255
573583
12
-4
8
-246
-543
4242
566758
12
-4
4
-241
-539
4260
567783
1
-4
4
-249
-533
4259
568808
-11
-3
2
-237
-547
4237
569833
-10
-2
1
-243
-563
4251
570858
3
-4
0
-247
-588
4252
571883
18
-5
2
-236
-567
4233
572908
24
-3
5
-243
-527
4256
573933
11
-4
9
-258
-533
4260
574958
4
-8
11
-240
-552
4248
575983
11
-7
12
-236
-565
4257
577008
19
-4
9
-241
-543
4253
578033
13
-3
7
-243
-515
4250
579058
-3
-4
8
-253
-531
4260
580083
-10
-8
9
-239
-559
4242
581108
1
-4
7
-235
-558
4243
582133
13
-3
5
-250
-538
4257
574592
6
-5
5
-239
-525
4244
575617
-2
-3
5
-237
-536
4245
576642
1
-2
3
-252
-553
4260
577667
9
-2
3
-245
-551
4245
578692
16
-4
7
-252
-545
4252
579717
17
-7
13
-248
-538
4253
580742
14
-8
15
-238
-524
4248
581767
9
-5
14
-239
-522
4263
582792
-1
-3
11
-259
-522
4260
583817
-13
-7
12
-233
-532
4248
584842
-7
-5
12
-244
-549
4261
585867
2
-5
9
-248
-541
4254
586892
2
-5
8
-245
-506
4257
587917
-11
-6
11
-250
-518
4257
588942
-17
-5
13
-234
-544
4243
589967
-4
1
10
-227
-555
4245
582784
15
2
6
-240
-554
4253
583809
27
-6
2
-246
-542
4249
584834
28
-6
4
-234
-514
4243
585859
12
-2
7
-252
-501
4245
586884
-8
-1
9
-265
-524
4252
587909
-18
-3
6
-244
-526
4261
588934
-13
-4
5
-227
-548
4254
589959
2
-1
1
-247
-546
4259
590984
8
-2
0
-246
-514
4264
592009
0
-6
10
-248
-531
4255
593034
1
-5
11
-236
-541
4250
594059
8
-3
8
-246
-524
4257
595084
-2
-4
7
-244
-504
4246
596109
-19
-2
6
-234
-512
4250
597134
-28
2
7
-240
-543
4264
598159
-33
4
2
-253
-533
4249
590977
-44
4
0
-250
-516
4252
592002
-60
6
3
-252
-540
4259
593027
-38
-4
5
-251
-609
4242
594052
4
-6
-1
-251
-601
4241
595077
22
-4
1
-248
-534
4253
596102
10
-4
1
-250
-505
4245
597127
-14
-3
3
-247
-532
4247
598152
-21
-4
3
-255
-566
4250
599177
-4
-9
2
-252
-581
4246
600202
12
-9
3
-254
-559
4257
601227
9
-9
9
-244
-541
4250
602252
2
-6
10
-231
-540
4245
603277
6
-4
11
-251
-567
4248
604302
11
-8
10
-248
-542
4253
605327
8
-6
8
-241
-530
4254
606352
-6
-4
7
-245
-520
4250
599168
-22
-6
7
-243
-536
4254
600193
-20
-6
6
-234
-578
4249
601218
-1
-3
0
-241
-572
4242
602243
11
-4
-2
-244
-545
4255
603268
10
-3
-1
-250
-535
4258
604293
0
-2
2
-250
-546
4251
605318
-2
-2
1
-246
-548
4249
606343
-4
-3
2
-246
-547
4248
607368
-4
-7
3
-244
-548
4243
608393
-5
-8
4
-250
-559
4250
609418
-2
-7
4
-239
-552
4240
610443
6
-3
3
-239
-559
4244
611468
11
-1
-2
-250
-532
4262
612493
5
-3
-5
-249
-525
4247
613518
-12
-5
-1
-250
-546
4249
614543
-14
-8
2
-239
-567
4253
607359
-2
-3
1
-237
-574
4247
608384
9
0
-1
-244
-541
4250
609409
3
-1
2
-251
-539
4254
610434
-6
-4
2
-246
-546
4234
611459
-6
-1
-3
-234
-553
4240
612484
6
-2
-9
-245
-562
4244
613509
19
-1
-12
-248
-580
4247
614534
34
1
-1
-266
-577
4249
615559
34
-8
21
-263
-545
4248
616584
33
-12
36
-221
-564
4245
617609
49
-6
32
-234
-539
4250
618634
43
-4
29
-266
-484
4266
619659
3
-5
28
-238
-475
4257
620684
-22
-5
22
-249
-518
4248
621709
-29
-3
9
-234
-519
4248
622734
-37
6
-18
-233
-454
4258
615552
-86
15
-45
-251
-407
4283
616577
-160
19
-54
-257
-492
4263
617602
-182
14
-27
-270
-679
4235
618627
-88
-10
16
-290
-842
4217
619652
65
-29
32
-217
-783
4212
620677
172
-15
33
-207
-563
4242
621702
158
-4
29
-270
-374
4272
622727
40
-6
27
-268
-384
4263
623752
-50
-7
20
-248
-529
4254
624777
-40
-10
11
-248
-656
4246
625802
28
-9
0
-255
-624
4248
626827
57
-7
4
-247
-520
4252
627852
39
-7
13
-231
-494
4236
628877
19
-2
13
-223
-524
4251
629902
24
2
3
-255
-529
4262
630927
12
-1
0
-248
-509
4241
623744
-5
-1
2
-238
-537
4252
624769
4
-2
7
-255
-584
4248
625794
38
-6
3
-247
-554
4244
626819
46
-5
-3
-255
-488
4269
627844
16
-4
1
-251
-465
4260
628869
-8
-7
3
-238
-515
4243
629894
1
-6
-1
-247
-554
4256
630919
13
-6
-2
-272
-538
4254
631944
9
-7
3
-238
-505
4245
632969
2
-1
1
-234
-503
4258
633994
-2
0
0
-258
-531
4253
635019
-4
-7
3
-257
-521
4244
636044
2
-12
9
-247
-541
4257
637069
14
-8
5
-242
-519
4250
638094
6
-3
3
-240
-485
4246
639119
-20
-2
5
-258
-504
4249
631935
-30
-3
6
-232
-547
4244
632960
-6
0
4
-251
-550
4263
633985
8
-5
3
-253
-512
4258
635010
-10
-5
1
-235
-489
4236
636035
-25
-4
3
-236
-536
4254
637060
-18
-3
4
-255
-567
4246
638085
3
-8
7
-237
-556
4232
639110
19
-5
3
-231
-522
4253
640135
12
1
-1
-255
-499
4254
641160
-13
-2
4
-257
-494
4241
642185
-23
-5
7
-247
-544
4246
643210
-7
-5
2
-239
-559
4247
644235
23
-5
-1
-263
-539
4250
645260
21
-9
6
-254
-511
4252
646285
3
-9
8
-230
-494
4244
647310
-4
-2
4
-244
-519
4249
640128
-9
-2
3
-260
-520
4248
641153
-9
-8
6
-234
-547
4241
642178
13
-5
0
-227
-546
4255
643203
27
1
-3
-260
-518
4256
644228
9
-4
2
-260
-486
4251
645253
-11
-7
9
-235
-522
4246
646278
-4
-5
5
-242
-544
4247
647303
6
-4
2
-259
-515
4257
648328
-2
-7
7
-240
-509
4247
649353
-4
-7
9
-233
-542
4239
650378
13
-4
6
-240
-541
4251
651403
25
-2
1
-257
-493
4259
652428
6
-5
3
-250
-477
4250
653453
-16
-6
5
-236
-514
4244
654478
-11
-4
2
-238
-540
4254
655503
2
-4
0
-256
-525
4256
648320
1
-5
7
-245
-506
4253
649345
2
-5
10
-226
-529
4247
650370
16
-2
3
-250
-529
4250
651395
15
-5
4
-256
-486
4258
652420
-4
-7
8
-249
-491
4259
653445
-12
-6
7
-240
-519
4252
654470
-4
-4
2
-241
-517
4258
655495
1
-3
1
-249
-518
4255
656520
-2
-4
3
-253
-511
4257
657545
-8
-6
5
-242
-526
4254
658570
-3
-4
4
-236
-523
4249
659595
6
-3
0
-245
-503
4257
660620
-4
-2
-1
-252
-492
4256
661645
-15
-1
1
-244
-514
4255
662670
-13
-2
1
-244
-534
4248
663695
-3
-4
2
-248
-527
4254
656511
1
-5
5
-244
-514
4251
657536
5
-4
4
-242
-519
4251
658561
8
-6
3
-246
-515
4247
659586
6
-6
5
-255
-513
4253
660611
-1
-6
9
-242
-527
4254
661636
4
-3
6
-234
-529
4262
662661
10
-2
4
-258
-517
4255
663686
3
-7
5
-251
-499
4250
664711
-8
-6
6
-227
-518
4253
665736
-2
-2
3
-237
-533
4248
666761
7
-2
1
-255
-506
4250
667786
-3
-5
2
-244
-495
4254
668811
-14
-4
4
-237
-525
4255
669836
-5
-2
3
-247
-541
4255
670861
7
-3
4
-247
-523
4262
671886
6
-7
6
-243
-506
4258
664704
1
-5
4
-240
-520
4243
665729
3
-3
2
-246
-519
4257
666754
-1
-4
3
-251
-508
4264
667779
-8
-5
6
-248
-503
4254
668804
-5
-5
6
-226
-523
4255
669829
12
-3
1
-248
-533
4252
670854
14
-5
3
-252
-499
4253
671879
-3
-6
6
-235
-489
4259
672904
-16
-2
4
-247
-506
4258
673929
-22
-3
3
-248
-513
4258
674954
-21
-6
5
-238
-534
4249
675979
-5
-4
3
-235
-549
4248
677004
14
0
2
-253
-518
4257
678029
10
-3
4
-248
-487
4254
679054
-5
-6
5
-241
-500
4252
680079
-8
-4
1
-245
-524
4258
672897
-3
-4
1
-256
-527
4248
673922
-2
-6
2
-246
-515
4248
674947
-2
-6
3
-236
-527
4254
675972
6
-2
5
-241
-533
4259
676997
12
-2
4
-256
-504
4257
678022
4
-6
4
-246
-497
4257
679047
-7
-7
6
-239
-521
4251
680072
-3
-5
5
-248
-538
4244
681097
7
-6
6
-243
-516
4255
682122
6
-6
7
-238
-504
4256
683147
3
-2
6
-236
-501
4258
684172
-1
-1
3
-255
-508
4252
685197
-7
-6
3
-249
-513
4253
686222
-6
-5
4
-234
-518
4259
687247
0
-1
2
-244
-523
4255
688272
6
-3
2
-262
-508
4249
681088
1
-6
6
-252
-508
4253
682113
-2
-4
5
-239
-520
4246
683138
0
-1
3
-245
-513
4250
684163
-4
-2
3
-256
-499
4257
685188
-11
-7
7
-245
-522
4246
686213
-3
-4
6
-226
-537
4255
687238
10
-2
2
-247
-519
4252
688263
9
-5
2
-255
-495
4250
689288
-8
-6
8
-235
-507
4253
690313
-7
-2
5
-234
-549
4249
691338
15
-1
2
-259
-534
4249
692363
17
-5
3
-251
-473
4256
693388
-4
-7
7
-246
-491
4243
694413
-13
-5
4
-238
-521
4251
695438
-8
-2
3
-250
-533
4250
696463
3
-7
4
-245
-526
4251
689280
4
-7
5
-235
-512
4246
690305
4
-4
6
-241
-518
4256
691330
6
-2
4
-248
-510
4247
692355
3
-3
3
-251
-489
4255
693380
-6
-5
4
-247
-520
4252
694405
-3
-4
4
-241
-534
4247
695430
7
-3
2
-244
-507
4257
696455
2
-5
7
-258
-500
4249
697480
-9
-4
7
-238
-505
4238
698505
-12
-1
4
-245
-514
4267
699530
-12
-2
2
-246
-514
4253
700555
-10
-3
5
-242
-524
4247
701580
1
-4
4
-247
-535
4260
702605
14
-3
-1
-240
-512
4250
703630
9
-2
0
-253
-476
4253
704655
-9
-6
3
-250
-491
4254
697471
-16
-5
2
-243
-531
4238
698496
0
-3
0
-240
-535
4258
699521
6
-3
2
-256
-517
4264
700546
-1
-4
6
-238
-509
4245
701571
-1
-1
3
-240
-511
4255
702596
-2
-2
2
-257
-505
4264
703621
-9
-8
6
-253
-511
4245
704646
-5
-6
6
-237
-525
4254
705671
5
-3
4
-249
-514
4257
706696
3
-2
0
-250
-487
4248
707721
-8
-2
3
-256
-508
4259
708746
-13
-6
9
-251
-534
4254
709771
1
-6
7
-216
-534
4238
710796
20
-1
2
-252
-512
4263
711821
12
-4
6
-259
-483
4261
712846
-6
-7
10
-232
-489
4246
705664
-3
-7
6
-235
-511
4261
706689
-2
-3
0
-251
-505
4250
707714
-9
-3
2
-243
-518
4243
708739
-4
-4
3
-236
-533
4248
709764
10
-3
2
-242
-525
4250
710789
16
-1
0
-251
-489
4261
711814
1
-3
2
-252
-480
4255
712839
-15
-7
5
-244
-512
4255
713864
-10
-8
6
-242
-536
4250
714889
6
-7
4
-239
-525
4253
715914
11
-5
3
-245
-505
4254
716939
5
-4
7
-243
-500
4249
717964
-1
-4
7
-241
-509
4254
718989
-1
-3
6
-244
-509
4253
720014
-4
-3
7
-249
-511
4250
721039
1
-6
8
-242
-528
4254
713856
15
-6
7
-242
-522
4250
714881
23
-4
4
-241
-496
4252
715906
10
-4
1
-248
-468
4263
716931
-15
-4
1
-247
-484
4258
717956
-25
-4
4
-248
-530
4244
718981
-9
-5
5
-236
-530
4245
720006
10
-5
2
-245
-509
4255
721031
12
-6
1
-248
-491
4258
722056
-1
-3
1
-252
-494
4251
723081
-12
-3
3
-239
-508
4253
724106
-10
-3
1
-231
-515
4249
725131
-4
-3
0
-246
-508
4250
726156
-3
-6
1
-254
-511
4242
727181
-4
-7
1
-242
-517
4250
728206
-1
-3
0
-252
-510
4264
729231
-6
-4
2
-250
-499
4253
722047
-13
-5
5
-233
-504
4249
723072
-7
-3
3
-253
-531
4260
724097
8
-4
3
-246
-519
4253
725122
8
-6
3
-239
-490
4256
726147
-11
-5
2
-244
-477
4253
727172
-31
-3
2
-239
-509
4253
728197
-27
-3
3
-239
-553
4262
729222
0
-4
1
-244
-549
4251
730247
13
-4
0
-241
-509
4246
731272
1
-2
2
-248
-482
4257
732297
-17
-3
3
-244
-512
4252
733322
-15
-2
0
-243
-522
4256
734347
-9
-3
0
-252
-519
4262
735372
-8
-6
1
-244
-520
4248
736397
-5
-5
4
-237
-530
4253
737422
2
-4
6
-240
-530
4261
730240
3
-3
3
-240
-504
4255
731265
-4
-3
3
-244
-498
4254
732290
-12
-5
5
-252
-527
4258
733315
-5
-6
5
-231
-535
4243
734340
8
-4
2
-239
-508
4262
735365
7
-3
3
-252
-502
4257
736390
-5
-4
4
-244
-511
4242
737415
-5
-3
4
-238
-530
4249
738440
2
-5
3
-250
-526
4249
739465
2
-7
2
-243
-496
4248
740490
-8
-6
3
-236
-509
4254
741515
-11
-3
2
-242
-533
4254
742540
0
-3
4
-244
-535
4253
743565
10
-6
6
-247
-517
4258
744590
5
-7
6
-244
-503
4249
745615
-3
-3
2
-236
-497
4253
738432
-10
-1
1
-243
-516
4254
739457
-12
-4
5
-255
-541
4240
740482
-1
-7
6
-225
-531
4252
741507
14
-2
4
-253
-520
4259
742532
12
-2
3
-256
-481
4259
743557
-9
-6
8
-246
-480
4256
744582
-25
-7
9
-230
-526
4243
745607
-14
-4
4
-232
-542
4240
746632
4
-4
4
-248
-526
4250
747657
8
-5
6
-250
-508
4245
748682
6
-4
6
-233
-507
4256
749707
3
-3
3
-238
-511
4249
750732
-3
-1
0
-254
-509
4249
751757
-14
-2
0
-250
-501
4253
752782
-18
-7
6
-244
-536
4253
753807
3
-7
5
-239
-557
4239
746623
23
-3
3
-251
-511
4253
747648
11
-5
6
-251
-476
4249
748673
-10
-5
9
-237
-506
4249
749698
-9
-6
7
-241
-534
4262
750723
7
-6
5
-241
-534
4242
751748
14
-5
3
-241
-498
4243
752773
0
-3
3
-245
-490
4264
753798
-17
-3
2
-251
-505
4257
754823
-26
-2
-2
-245
-497
4255
755848
-34
-5
-4
-239
-537
4254
756873
-20
-5
1
-262
-587
4239
757898
-3
-8
-2
-211
-490
4254
758923
-3
0
-3
-233
-522
4263
759948
-4
1
2
-255
-558
4246
760973
9
-2
0
-222
-522
4249
761998
13
1
-8
-243
-481
4260
754816
-14
0
-12
-233
-480
4254
755841
-28
0
-1
-250
-571
4262
756866
-2
-2
12
-263
-612
4246
757891
39
-9
11
-229
-527
4254
758916
50
-5
5
-260
-465
4272
759941
2
-8
11
-250
-437
4264
760966
-44
-7
24
-247
-506
4249
761991
-50
-8
22
-225
-563
4244
763016
-15
-1
-2
-221
-554
4255
764041
7
2
-18
-270
-506
4265
765066
-11
-7
-15
-239
-494
4255
766091
-17
-4
-1
-241
-601
4235
767116
18
-2
10
-248
-590
4245
768141
48
-6
17
-251
-528
4261
769166
47
-9
19
-236
-464
4249
770191
18
-6
16
-238
-454
4263
763009
-9
-5
8
-247
-508
4255
764034
-18
-4
1
-237
-534
4241
765059
-6
-3
4
-237
-535
4260
766084
9
-4
2
-237
-517
4248
767109
8
-3
-2
-238
-490
4247
768134
-8
-3
-5
-238
-490
4256
769159
-21
-2
-2
-248
-534
4246
770184
-14
-3
1
-240
-561
4251
771209
7
-5
6
-251
-552
4253
772234
24
-5
11
-244
-516
4239
773259
24
-4
12
-246
-493
4259
774284
11
-5
10
-248
-492
4268
775309
-3
-6
7
-240
-505
4242
776334
-3
-5
6
-237
-517
4254
777359
2
-5
8
-242
-528
4257
778384
9
-4
9
-248
-513
4246
771200
12
-5
9
-247
-498
4261
772225
7
-6
11
-245
-514
4246
773250
9
-6
10
-243
-512
4251
774275
7
-6
13
-241
-506
4258
775300
8
-5
9
-228
-510
4251
776325
11
-2
5
-247
-507
4260
777350
5
-3
6
-249
-489
4261
778375
-9
-1
6
-241
-502
4254
779400
-11
-1
5
-243
-501
4259
780425
-18
-2
6
-239
-509
4258
781450
-24
-1
10
-245
-524
4247
782475
-20
0
10
-243
-523
4249
783500
-15
5
12
-246
-518
4255
784525
-13
6
12
-243
-510
4255
785550
-7
-1
13
-255
-515
4247
786575
8
-13
14
-242
-539
4253
779393
25
-10
8
-242
-526
4258
780418
25
-9
7
-241
-503
4256
781443
14
-5
7
-248
-495
4255
782468
9
-7
6
-245
-501
4258
783493
15
-12
3
-241
-517
4246
784518
15
-8
1
-237
-513
4243
785543
10
-4
4
-232
-492
4254
786568
3
-3
6
-245
-498
4252
787593
2
-5
7
-241
-504
4255
788618
2
-6
6
-244
-500
4255
789643
2
-6
5
-245
-500
4253
790668
3
-5
3
-250
-498
4254
791693
-3
-3
0
-254
-490
4256
792718
-13
-2
1
-242
-502
4249
793743
-20
-1
3
-244
-507
4255
794768
-13
-1
3
-236
-515
4263
787584
4
-3
2
-243
-521
4257
788609
10
-3
0
-243
-483
4260
789634
-4
-5
3
-247
-483
4265
790659
-19
-3
5
-243
-510
4255
791684
-14
-2
3
-249
-520
4250
792709
-4
-6
5
-235
-522
4241
793734
11
-6
2
-239
-519
4250
794759
15
-4
2
-249
-498
4260
795784
2
-4
4
-242
-473
4255
796809
-12
-4
3
-240
-488
4256
797834
-20
-3
1
-243
-510
4259
798859
-14
-6
4
-237
-534
4250
799884
4
-5
3
-241
-530
4252
800909
16
-5
2
-248
-507
4255
801934
15
-4
3
-243
-496
4256
802959
3
-3
6
-244
-493
4254
795776
-7
-2
5
-244
-494
4255
796801
-15
0
5
-243
-513
4245
797826
-16
2
5
-244
-516
4241
798851
-13
3
5
-244
-516
4249
799876
-11
4
7
-243
-511
4254
800901
-12
8
7
-241
-491
4247
801926
-21
12
2
-250
-487
4255
802951
-41
9
3
-251
-498
4254
803976
-44
4
7
-258
-542
4253
805001
-12
-6
7
-244
-594
4247
806026
32
-10
1
-241
-514
4251
807051
34
-7
2
-248
-480
4260
808076
8
-10
3
-258
-485
4254
809101
-9
-12
6
-243
-513
4254
810126
-4
-7
5
-246
-541
4255
811151
13
-8
3
-244
-525
4246
803969
23
-8
1
-247
-508
4257
804994
13
-12
2
-251
-495
4252
806019
-2
-9
2
-239
-496
4257
807044
-10
-3
1
-250
-513
4256
808069
-5
-4
3
-253
-531
4247
809094
12
-8
4
-253
-533
4254
810119
19
-10
6
-251
-500
4254
811144
10
-11
9
-234
-487
4238
812169
3
-5
5
-237
-512
4252
813194
7
-1
3
-257
-520
4264
814219
9
-5
2
-253
-500
4250
815244
2
-9
6
-245
-493
4253
816269
-7
-8
4
-238
-495
4254
817294
-13
-5
3
-234
-516
4251
818319
-4
-3
2
-239
-520
4258
819344
3
-3
3
-246
-512
4248
812159
10
-4
4
-246
-507
4262
813184
9
-3
4
-245
-500
4260
814209
0
-2
0
-250
-487
4257
815234
-14
-2
3
-246
-503
4259
816259
-15
-2
5
-246
-530
4257
817284
4
-7
4
-242
-529
4246
818309
15
-9
5
-245
-507
4247
819334
12
-7
6
-248
-485
4258
820359
2
-4
6
-240
-499
4259
821384
-2
-3
5
-242
-510
4259
822409
3
-4
5
-244
-510
4247
823434
5
-3
4
-242
-497
4257
824459
0
-3
6
-251
-500
4262
825484
-1
-7
7
-245
-517
4247
826509
8
-8
5
-246
-506
4243
827534
11
-5
3
-250
-490
4261
820353
0
-4
3
-245
-489
4263
821378
-8
-4
5
-241
-501
4252
822403
-4
-5
4
-243
-515
4250
823428
2
-2
3
-244
-509
4251
824453
6
-3
2
-258
-497
4264
825478
3
-5
4
-246
-498
4253
826503
3
-7
5
-238
-500
4254
827528
3
-5
6
-244
-492
4257
828553
1
-5
4
-248
-490
4258
829578
-2
-4
2
-244
-494
4257
830603
-7
-6
5
-247
-501
4250
831628
-5
-4
5
-221
-506
4254
832653
5
-1
3
-249
-512
4259
833678
6
-6
4
-259
-487
4259
834703
-8
-6
4
-247
-480
4261
835728
-21
-4
4
-237
-485
4264
828544
-27
-3
4
-238
-521
4255
829569
-16
-1
3
-239
-528
4253
830594
-3
1
2
-246
-510
4266
831619
6
-5
3
-248
-504
4251
832644
10
-8
5
-234
-504
4253
833669
9
-4
2
-246
-493
4247
834694
0
-3
1
-244
-489
4252
835719
-8
-3
4
-241
-504
4262
836744
-5
-5
5
-241
-524
4251
837769
9
-9
6
-239
-520
4248
838794
20
-7
5
-240
-487
4262
839819
10
-6
6
-254
-477
4254
840844
-3
-6
7
-240
-500
4244
841869
-2
-4
7
-235
-527
4250
842894
8
-3
5
-235
-515
4247
843919
11
-3
5
-244
-477
4254
836735
-2
-4
5
-245
-476
4267
837760
-14
-3
6
-243
-501
4249
838785
-8
-3
4
-243
-513
4250
839810
3
-5
3
-247
-508
4265
840835
3
-3
4
-243
-492
4257
841860
-1
-2
4
-239
-485
4248
842885
1
-7
3
-244
-512
4258
843910
7
-8
1
-242
-506
4250
844935
11
-5
1
-240
-484
4251
845960
3
-2
1
-247
-483
4264
846985
-3
-5
3
-238
-488
4253
848010
-1
-6
4
-241
-498
4257
849035
1
-5
1
-240
-494
4260
850060
-3
-5
0
-245
-483
4250
851085
-13
-4
3
-227
-491
4255
852110
-8
0
0
-241
-527
4249
844928
2
-1
1
-253
-503
4252
845953
3
-6
3
-249
-480
4257
846978
-5
-8
5
-240
-494
4259
848003
-13
-7
2
-237
-491
4252
849028
-17
-4
2
-237
-522
4255
850053
-8
-4
1
-247
-523
4249
851078
5
-3
0
-236
-504
4251
852103
5
-3
1
-250
-494
4262
853128
0
-4
3
-242
-493
4256
854153
-5
-5
2
-246
-488
4256
855178
-12
-5
2
-245
-496
4258
856203
-13
-5
3
-234
-507
4245
857228
-5
-4
4
-243
-523
4250
858253
4
-5
5
-244
-505
4255
859278
4
-5
3
-237
-477
4250
860303
-2
-6
5
-244
-490
4257
853120
-3
-6
4
-243
-515
4255
854145
1
-3
4
-240
-503
4250
855170
3
-5
4
-240
-493
4255
856195
-1
-5
4
-241
-492
4255
857220
-4
-2
2
-238
-492
4254
858245
-9
-1
1
-256
-498
4264
859270
-10
-5
2
-250
-510
4255
860295
-4
-7
3
-240
-518
4245
861320
2
-5
3
-237
-505
4254
862345
3
-3
3
-237
-492
4255
863370
-2
-3
3
-247
-489
4263
864395
-7
-4
4
-247
-513
4258
865420
-2
-8
4
-241
-520
4255
866445
3
-6
4
-237
-502
4254
867470
1
-3
2
-241
-499
4249
868495
-7
-4
4
-244
-493
4246
861313
-13
-4
5
-235
-510
4252
862338
2
-4
3
-250
-534
4246
863363
14
-7
3
-245
-497
4250
864388
6
-5
4
-246
-469
4258
865413
-13
-5
6
-233
-486
4251
866438
-22
-2
4
-238
-508
4249
867463
-15
-4
4
-244
-521
4251
868488
4
-7
3
-236
-525
4256
869513
13
-5
1
-235
-498
4249
870538
7
-4
3
-246
-479
4251
871563
-10
-2
2
-240
-481
4246
872588
-18
-3
2
-251
-503
4247
873613
-9
-6
4
-242
-525
4248
874638
11
-9
6
-243
-526
4248
875663
21
-5
5
-246
-496
4252
876688
13
-3
5
-245
-464
4250
869504
-9
-3
5
-248
-475
4253
870529
-19
-5
6
-239
-512
4247
871554
-5
-6
5
-231
-537
4245
872579
20
-5
4
-237
-508
4250
873604
24
-3
2
-240
-469
4254
874629
3
-2
2
-251
-459
4250
875654
-18
-3
2
-249
-492
4244
876679
-13
-6
3
-236
-538
4252
877704
15
-4
5
-227
-543
4253
878729
38
-2
7
-234
-499
4253
879754
35
0
5
-250
-448
4254
880779
9
0
0
-253
-437
4261
881804
-17
-3
-4
-259
-469
4250
882829
-34
-7
-1
-257
-509
4245
883854
-30
-10
7
-225
-539
4245
884879
-2
-7
9
-235
-539
4252
877697
22
-7
9
-232
-492
4252
878722
23
-5
5
-256
-452
4250
879747
-6
-7
11
-277
-486
4244
880772
-22
-11
18
-219
-510
4247
881797
3
-7
20
-213
-555
4253
882822
43
-3
9
-239
-487
4254
883847
35
-2
-2
-247
-412
4248
884872
-7
-4
2
-250
-457
4253
885897
-28
-6
2
-238
-508
4241
886922
-13
-3
1
-240
-533
4240
887947
12
-3
2
-234
-508
4249
888972
20
-2
2
-246
-468
4250
889997
8
-3
4
-264
-457
4258
891022
-7
-7
7
-250
-497
4250
892047
-10
-6
2
-218
-491
4244
893072
0
-2
4
-252
-508
4247
885888
4
-4
6
-256
-506
4248
886913
8
-5
8
-232
-484
4248
887938
12
-6
8
-246
-482
4254
888963
8
-4
6
-240
-467
4248
889988
0
-5
7
-245
-473
4254
891013
-4
-7
8
-242
-495
4256
892038
3
-5
8
-236
-497
4251
893063
11
-3
5
-230
-475
4246
894088
7
-2
-3
-235
-459
4258
895113
-6
0
-11
-243
-453
4251
896138
-24
0
-14
-251
-468
4252
897163
-36
0
-13
-249
-487
4239
898188
-33
-3
-5
-240
-524
4243
899213
-12
-4
6
-242
-536
4252
900238
14
-8
15
-242
-523
4239
901263
32
-7
15
-236
-474
4254
894081
20
-6
10
-248
-419
4262
895106
-20
-7
10
-234
-454
4242
896131
-33
-7
5
-226
-515
4245
897156
-13
-4
-1
-247
-526
4252
898181
4
-2
0
-249
-500
4245
899206
2
-4
3
-244
-470
4252
900231
-14
-6
6
-252
-464
4253
901256
-30
-7
8
-229
-490
4242
902281
-25
-5
9
-234
-529
4255
903306
-7
-5
6
-247
-523
4251
904331
0
-3
5
-230
-483
4250
905356
-7
-1
4
-237
-479
4259
906381
-18
1
0
-250
-487
4243
907406
-24
-2
-2
-233
-479
4258
908431
-25
-6
2
-239
-514
4252
909456
-15
-6
4
-240
-535
4242
902271
4
-4
5
-234
-515
4254
903296
15
-5
7
-245
-483
4256
904321
5
-7
7
-245
-475
4259
905346
-14
-7
6
-235
-482
4253
906371
-23
-5
7
-240
-516
4251
907396
-12
-6
9
-230
-532
4245
908421
-1
-6
9
-234
-508
4252
909446
3
-5
8
-252
-502
4253
910471
-1
-4
3
-229
-489
4239
911496
-5
-1
1
-236
-499
4254
912521
-4
-4
3
-245
-517
4248
913546
7
-4
6
-241
-530
4245
914571
24
-2
8
-240
-521
4254
915596
33
-4
8
-229
-501
4248
916621
35
-1
3
-235
-481
4247
917646
29
0
3
-247
-498
4247
910464
29
-1
-1
-234
-481
4251
911489
26
-1
-4
-242
-477
4261
912514
13
-4
2
-245
-472
4249
913539
5
-4
7
-218
-499
4251
914564
20
1
-2
-240
-494
4265
915589
19
2
-12
-241
-446
4251
916614
-3
2
-12
-251
-429
4258
917639
-36
-1
-11
-252
-444
4266
918664
-58
-2
-11
-244
-505
4245
919689
-52
-2
-2
-230
-539
4235
920714
-29
-2
18
-241
-528
4249
921739
-6
-4
27
-246
-512
4249
922764
7
-4
21
-239
-512
4246
923789
15
-4
3
-237
-465
4261
924814
-4
-4
3
-228
-459
4247
925839
-6
-3
2
-239
-503
4261
918874
-4
-3
-5
-270
-518
4264
919899
-6
-10
-7
-243
-485
4250
920924
-3
-11
-5
-228
-510
4246
921949
2
-6
-5
-213
-485
4257
922974
-6
1
-3
-261
-476
4254
923999
-22
-4
0
-260
-506
4256
925024
-17
-9
-2
-228
-511
4245
926049
-4
-4
-2
-223
-514
4241
927074
-3
0
-3
-224
-453
4261
928099
-19
0
1
-259
-495
4248
929124
-21
-3
-1
-252
-516
4248
930149
-18
-3
4
-258
-532
4257
931174
-16
-6
2
-235
-484
4249
932199
-23
-5
0
-228
-469
4266
933224
-37
-3
2
-260
-510
4259
934249
-44
-9
2
-227
-536
4241
926848
-27
-7
5
-223
-537
4250
927873
-2
-6
2
-255
-530
4250
928898
-6
-11
-1
-249
-495
4248
929923
-35
-15
6
-229
-474
4256
930948
-47
-13
14
-246
-552
4252
931973
-17
-14
5
-220
-576
4245
932998
27
-13
-9
-224
-530
4249
934023
29
-10
-7
-243
-492
4250
935048
2
-9
-8
-232
-487
4258
936073
-26
-5
-15
-243
-497
4250
937098
-47
-5
-18
-246
-511
4262
938123
-58
-8
-13
-234
-563
4244
939148
-44
-6
-7
-229
-589
4243
940173
-17
-5
-10
-222
-561
4242
941198
-4
0
-18
-222
-508
4245
942223
-28
4
-15
-228
-489
4254
935040
-50
4
-13
-240
-548
4248
936065
-32
4
-11
-235
-601
4246
937090
4
4
-3
-253
-622
4230
938115
33
0
8
-254
-603
4245
939140
52
-1
12
-232
-528
4256
940165
38
0
11
-225
-469
4250
941190
-1
-3
14
-255
-472
4250
942215
-36
-10
16
-249
-526
4266
943240
-36
-9
13
-237
-596
4242
944265
1
-8
4
-216
-571
4249
945290
20
-3
0
-236
-534
4245
946315
6
-5
5
-230
-521
4245
947340
-3
-5
11
-230
-544
4261
948365
2
-5
6
-227
-552
4246
949390
15
-6
1
-239
-530
4248
950415
7
-7
0
-232
-507
4257
943232
-13
-3
2
-228
-519
4248
944257
-15
0
0
-240
-547
4253
945282
1
-5
-2
-248
-567
4250
946307
9
-6
0
-225
-546
4242
947332
7
-6
3
-238
-516
4260
948357
-3
-7
9
-253
-530
4262
949382
-4
-11
11
-237
-548
4250
950407
0
-13
16
-227
-548
4249
951432
5
-11
20
-220
-551
4247
952457
18
-4
14
-240
-546
4248
953482
20
-4
8
-232
-506
4263
954507
3
-9
8
-227
-510
4255
955532
-3
-7
5
-227
-523
4248
956557
-4
-6
3
-248
-551
4251
957582
-6
-7
8
-235
-556
4244
958607
1
-4
7
-227
-532
4243
951423
-5
0
7
-239
-507
4249
952448
-25
-1
9
-245
-501
4249
953473
-30
-5
10
-233
-559
4249
954498
-9
-5
5
-219
-586
4246
955523
18
-3
-1
-235
-545
4241
956548
23
-3
-1
-241
-511
4250
957573
2
-3
1
-237
-511
4249
958598
-11
-1
1
-231
-539
4244
959623
-8
-3
-2
-242
-551
4249
960648
1
-5
-3
-243
-545
4246
961673
-1
-4
1
-232
-519
4243
962698
-10
-3
9
-242
-541
4255
963723
-5
-6
10
-241
-572
4250
964748
16
-9
9
-226
-557
4246
965773
28
-6
9
-231
-533
4251
966798
22
-4
11
-234
-511
4255
959616
13
-7
12
-228
-524
4255
960641
22
-7
10
-226
-554
4242
961666
42
-2
4
-229
-542
4249
962691
49
-4
-3
-249
-500
4255
963716
28
-4
-3
-239
-486
4262
964741
-2
-4
3
-229
-474
4262
965766
-32
-5
11
-240
-500
4252
966791
-42
-8
15
-237
-544
4241
967816
-20
-10
12
-215
-563
4247
968841
12
-5
7
-231
-547
4247
969866
21
-4
4
-229
-510
4243
970891
9
-2
0
-226
-486
4257
971916
-15
-3
0
-236
-505
4262
972941
-26
-3
0
-244
-524
4254
973966
-25
-5
-2
-235
-524
4258
974991
-21
-3
-4
-228
-528
4250
967808
-16
-3
-4
-227
-538
4247
968833
-3
-2
-3
-227
-558
4259
969858
10
-3
-7
-248
-538
4248
970883
8
-4
-2
-246
-519
4248
971908
-3
-5
5
-242
-516
4252
972933
-11
-7
8
-229
-524
4250
973958
-2
-8
6
-245
-529
4262
974983
-2
-15
7
-218
-541
4251
976008
0
-8
4
-218
-524
4233
977033
-8
-1
-1
-233
-497
4260
978058
-26
-5
-2
-244
-528
4250
979083
-27
-9
-4
-220
-559
4236
980108
-8
-3
-4
-214
-566
4250
981133
10
0
-4
-222
-554
4258
982158
18
0
-6
-213
-509
4239
983183
