Device = VHR-0009
time_stamp = 1780041417799
sample_rate = 50
Data format = INT16
TYPE = 6-AXIS IMU RAW DATA
13
-14
2
-530
-4144
622
279680
-12
-12
0
-527
-4185
633
280705
-8
-13
2
-515
-4213
649
281730
1
-15
3
-508
-4158
625
282755
-5
-12
7
-521
-4195
645
283780
0
-11
9
-536
-4199
651
284805
-8
-9
7
-531
-4169
640
285830
-12
-8
7
-526
-4203
638
286855
-3
-10
7
-531
-4179
636
287880
1
-9
4
-525
-4174
644
288905
4
-5
5
-520
-4217
656
289930
-2
-1
6
-521
-4170
644
290955
-19
2
8
-533
-4178
631
291980
-11
-1
10
-539
-4226
640
293005
2
-9
11
-534
-4170
618
294030
-2
-11
7
-538
-4178
626
295055
8
-10
3
-527
-4207
640
287873
8
-7
4
-521
-4183
644
288898
-9
-1
5
-512
-4164
646
289923
-12
5
6
-521
-4185
651
290948
-11
9
6
-537
-4177
642
291973
-20
12
5
-524
-4179
635
292998
-23
16
5
-510
-4189
622
294023
-22
19
9
-520
-4194
622
295048
-20
18
13
-550
-4195
625
296073
-14
9
11
-556
-4197
615
297098
-4
-2
8
-553
-4191
611
298123
5
-4
4
-536
-4182
632
299148
8
-3
3
-516
-4170
639
300173
-3
4
5
-526
-4182
636
301198
-14
9
5
-536
-4189
639
302223
-16
9
4
-549
-4185
631
303248
-20
18
13
-550
-4195
625
296073
-14
9
11
-556
-4197
615
297098
-4
-2
8
-553
-4191
611
298123
5
-4
4
-536
-4182
632
299148
8
-3
3
-516
-4170
639
300173
-3
4
5
-526
-4182
636
301198
-14
9
5
-536
-4189
639
302223
-16
9
4
-549
-4185
631
303248
-19
3
3
-555
-4179
613
296064
-21
-5
3
-550
-4188
623
297089
-18
-14
2
-538
-4183
593
298114
-7
-19
3
-523
-4206
612
299139
6
-19
6
-524
-4160
619
300164
1
-15
9
-523
-4198
627
301189
-9
-12
10
-524
-4173
628
302214
-12
-14
10
-543
-4179
617
303239
0
-18
9
-555
-4192
604
304264
9
-22
6
-548
-4188
607
305289
18
-25
3
-536
-4183
623
306314
25
-19
0
-514
-4163
633
307339
17
-1
-1
-508
-4181
652
308364
0
15
1
-512
-4182
662
309389
-16
27
3
-499
-4156
642
310414
-20
40
9
-519
-4200
628
311439
-25
38
14
-558
-4221
622
304256
-23
21
16
-593
-4186
610
305281
-9
-5
9
-556
-4159
590
306306
12
-14
7
-529
-4219
595
307331
20
-13
10
-530
-4187
621
308356
9
-11
12
-538
-4172
627
309381
5
-8
14
-561
-4206
625
310406
3
-11
11
-574
-4181
604
311431
17
-18
3
-563
-4181
597
312456
47
-24
-3
-548
-4203
598
313481
59
-24
-4
-536
-4184
610
314506
55
-23
-3
-542
-4188
651
315531
61
-24
0
-528
-4183
659
316556
57
-19
1
-508
-4158
656
317581
55
-12
5
-508
-4187
668
318606
57
-9
12
-539
-4196
669
319631
49
-5
13
-550
-4167
662
312447
47
-2
10
-539
-4172
667
313472
42
5
9
-534
-4172
657
314497
37
11
9
-537
-4184
671
315522
39
12
5
-558
-4180
685
316547
33
12
1
-557
-4159
675
317572
22
17
-4
-551
-4173
685
318597
12
14
-7
-546
-4179
682
319622
10
9
-5
-533
-4199
682
320647
15
11
-3
-537
-4174
681
321672
20
7
-1
-534
-4179
688
322697
38
3
-1
-560
-4184
698
323722
36
0
-6
-558
-4157
696
324747
31
1
-13
-552
-4180
703
325772
27
2
-17
-525
-4175
689
326797
28
5
-14
-528
-4192
684
327822
41
-1
-13
-539
-4182
704
320640
56
-10
-11
-525
-4168
717
321665
66
-16
-8
-508
-4184
703
322690
90
-21
-4
-520
-4187
711
323715
90
-26
-1
-523
-4158
721
324740
84
-26
2
-515
-4176
749
325765
93
-15
-6
-495
-3942
714
326790
50
-11
28
-601
-4548
775
327815
65
-70
11
-620
-4364
877
328840
47
-90
-42
-240
-3350
628
329865
34
27
36
-380
-4499
717
330890
166
53
48
-655
-4555
876
331915
50
13
15
-554
-3711
733
332940
-17
2
42
-625
-4333
812
333965
116
-34
20
-691
-4329
837
334990
73
-45
-46
-501
-3762
723
336015
30
-17
-30
-500
-4425
838
328832
114
-28
-15
-563
-4335
863
329857
17
-35
-22
-427
-3841
750
330882
-23
-1
4
-443
-4242
824
331907
50
21
7
-570
-4252
836
332932
-16
24
-7
-577
-4050
776
333957
-61
8
-9
-577
-4244
840
334982
8
-22
-19
-524
-4153
822
336007
-9
-15
-19
-475
-4105
769
337032
-18
-2
-8
-493
-4208
848
338057
-4
-15
6
-517
-4165
845
339082
-28
-27
15
-525
-4128
791
340107
-30
-31
16
-531
-4185
807
341132
-15
-31
13
-538
-4168
805
342157
-16
-29
6
-517
-4132
798
343182
-21
-19
3
-506
-4164
805
344207
-20
-5
2
-506
-4173
783
337025
-31
4
2
-506
-4164
781
338050
-24
1
7
-518
-4174
799
339075
-5
-10
9
-528
-4150
784
340100
-4
-11
7
-526
-4162
774
341125
-13
-10
4
-523
-4157
800
342150
-15
-18
6
-516
-4154
793
343175
-9
-23
7
-510
-4150
779
344200
-6
-16
4
-539
-4172
778
345225
-16
-12
-1
-540
-4164
783
346250
-18
-15
-3
-523
-4168
787
347275
-8
-18
-3
-517
-4168
790
348300
-12
-15
-4
-521
-4158
783
349325
-20
-8
-9
-512
-4148
789
350350
-22
3
-9
-497
-4173
788
351375
-30
16
-7
-500
-4181
786
352400
-44
24
-6
-499
-4164
776
345216
-47
25
-3
-500
-4152
774
346241
-38
23
3
-491
-4168
754
347266
-31
23
8
-504
-4183
750
348291
-20
18
10
-519
-4166
769
349316
-9
15
9
-525
-4148
764
350341
-7
24
4
-528
-4180
742
351366
-13
33
-1
-531
-4186
749
352391
-15
29
-5
-537
-4161
747
353416
3
12
-4
-537
-4192
771
354441
16
1
-5
-529
-4138
782
355466
9
10
-11
-484
-4133
752
356491
-7
38
-12
-496
-4222
735
357516
-13
51
-16
-502
-4168
747
358541
-8
50
-14
-513
-4152
751
359566
4
42
-9
-536
-4216
755
360591
5
20
-8
-580
-4225
811
353408
9
-11
-15
-513
-4050
792
354433
7
-15
-5
-473
-4177
776
355458
13
-10
0
-486
-4229
778
356483
-13
-3
-1
-461
-4092
731
357508
-22
8
5
-497
-4214
723
358533
10
8
4
-530
-4223
733
359558
16
2
-4
-525
-4127
752
360583
14
-2
-4
-508
-4168
779
361608
16
-4
-1
-488
-4182
785
362633
-1
-2
1
-481
-4139
761
363658
-14
3
4
-493
-4180
764
364683
-5
3
5
-515
-4198
748
365708
-2
-6
5
-518
-4161
742
366733
5
-11
3
-502
-4172
743
367758
16
-5
0
-499
-4168
764
368783
5
2
-3
-496
-4145
782
361599
-11
6
-3
-492
-4154
777
362624
-15
11
0
-503
-4185
772
363649
-18
13
1
-505
-4171
759
364674
-21
10
2
-510
-4179
745
365699
-8
1
2
-504
-4177
746
366724
3
-7
5
-504
-4173
761
367749
7
-10
7
-506
-4167
766
368774
5
-10
8
-504
-4174
758
369799
1
-9
7
-503
-4162
755
370824
0
-9
7
-508
-4173
760
371849
1
-7
4
-520
-4164
759
372874
4
-10
1
-507
-4165
767
373899
6
-11
1
-506
-4181
754
374924
1
-10
0
-496
-4167
761
375949
0
-8
2
-480
-4160
761
376974
0
-4
7
-483
-4168
764
369792
-4
3
6
-502
-4154
764
370817
-9
6
6
-511
-4178
752
371842
-3
4
3
-520
-4181
751
372867
5
1
1
-517
-4171
750
373892
10
0
-2
-513
-4173
749
374917
10
4
-5
-511
-4180
757
375942
3
6
-4
-494
-4168
767
376967
7
5
-3
-486
-4161
778
377992
10
5
0
-495
-4167
773
379017
-1
9
0
-501
-4161
769
380042
-5
10
0
-493
-4170
761
381067
-1
8
3
-500
-4181
753
382092
3
3
3
-510
-4165
768
383117
6
1
4
-504
-4155
755
384142
2
3
3
-507
-4184
764
385167
3
3
1
-509
-4164
759
377984
6
-4
2
-497
-4159
768
379009
7
-6
3
-501
-4163
780
380034
1
-6
2
-510
-4162
766
381059
-6
-4
-1
-510
-4166
769
382084
-10
-3
-1
-499
-4179
780
383109
-9
-4
-1
-497
-4172
755
384134
-8
-5
-1
-497
-4171
762
385159
-4
-9
2
-488
-4169
759
386184
-1
-9
2
-493
-4166
760
387209
-2
-7
4
-493
-4179
770
388234
-6
-4
3
-501
-4170
768
389259
-7
-3
1
-498
-4165
768
390284
-8
-2
1
-498
-4170
760
391309
-10
-4
1
-500
-4173
763
392334
-6
-6
2
-490
-4161
755
393359
-6
-4
2
-493
-4174
757
386176
-8
-2
1
-499
-4166
765
387201
-8
-3
2
-495
-4173
759
388226
9
-6
3
-499
-4177
757
389251
12
-11
4
-498
-4155
752
390276
5
-13
4
-491
-4168
773
391301
3
-10
4
-487
-4168
775
392326
-2
-7
4
-492
-4159
761
393351
-6
-4
6
-499
-4168
762
394376
-7
-6
6
-500
-4175
757
395401
-5
-7
4
-503
-4167
752
396426
-2
-7
4
-496
-4170
752
397451
-1
-7
5
-494
-4174
761
398476
0
-6
4
-503
-4166
750
399501
-2
-3
1
-497
-4180
738
400526
3
3
-1
-484
-4180
742
401551
9
5
1
-489
-4174
758
394368
9
4
3
-497
-4171
769
395393
3
4
1
-499
-4162
780
396418
-5
5
1
-504
-4166
784
397443
-8
2
1
-500
-4168
767
398468
-6
-3
1
-502
-4169
760
399493
-2
-7
2
-504
-4183
760
400518
4
-9
1
-497
-4173
764
401543
4
-9
2
-484
-4159
788
402568
-6
-6
3
-483
-4164
765
403593
-16
-2
3
-489
-4170
754
404618
-13
1
4
-491
-4168
750
405643
-6
-1
5
-501
-4187
741
406668
3
-2
3
-502
-4169
760
407693
6
-5
2
-499
-4165
766
408718
1
-5
4
-497
-4174
766
409743
-6
-3
4
-492
-4159
769
402767
-11
-3
5
-493
-4161
758
403792
-6
-4
6
-496
-4186
753
404817
-1
-6
6
-497
-4174
752
405842
1
-7
5
-495
-4170
759
406867
3
-9
5
-493
-4166
759
407892
1
-8
5
-489
-4165
760
408917
-4
-4
5
-485
-4168
757
409942
-5
-1
7
-493
-4170
753
410967
-5
-1
7
-500
-4168
762
411992
-3
0
4
-506
-4171
753
413017
-2
-2
3
-499
-4181
752
414042
-2
-2
5
-499
-4179
752
415067
1
-5
5
-495
-4172
758
416092
1
-6
5
-496
-4171
756
417117
6
-5
6
-492
-4179
744
418142
7
-4
5
-491
-4173
756
410752
7
-1
4
-502
-4168
759
411777
3
-2
2
-497
-4175
763
412802
2
-3
3
-493
-4163
772
413827
1
-2
4
-495
-4167
767
414852
-1
-2
3
-503
-4173
765
415877
-2
-3
3
-500
-4169
768
416902
-3
-3
2
-495
-4170
759
417927
-2
-3
3
-487
-4179
764
418952
1
-2
4
-498
-4172
760
419977
-2
-1
6
-499
-4175
771
421002
-5
1
4
-505
-4178
762
422027
-6
1
4
-502
-4160
758
423052
-5
0
4
-491
-4188
755
424077
-2
-1
3
-498
-4173
747
425102
0
-4
3
-502
-4170
758
426127
1
-4
3
-497
-4182
766
418944
-2
-3
3
-488
-4169
760
419969
-5
-3
6
-490
-4169
766
420994
-4
-1
8
-504
-4178
754
422019
-4
-1
6
-505
-4180
754
423044
-2
0
4
-494
-4174
755
424069
2
-1
4
-494
-4170
757
425094
3
-1
3
-501
-4161
758
426119
7
-1
2
-507
-4181
749
427144
15
-7
1
-514
-4190
754
428169
23
-10
-3
-498
-4138
753
429194
21
-5
-4
-474
-4166
753
430219
15
6
-5
-489
-4196
767
431244
9
10
-5
-508
-4168
783
432269
0
5
-3
-500
-4151
782
433294
-3
0
3
-490
-4175
778
434319
0
-4
4
-476
-4169
771
427136
0
-2
7
-481
-4170
782
428161
1
-3
9
-498
-4157
778
429186
-6
-3
10
-508
-4165
761
430211
-15
1
7
-502
-4188
762
431236
-9
2
6
-493
-4175
753
432261
-4
-4
7
-496
-4174
765
433286
3
-10
9
-497
-4167
769
434311
6
-13
11
-500
-4159
759
435336
5
-14
9
-498
-4175
776
436361
3
-11
10
-492
-4166
759
437386
-7
-6
10
-502
-4167
757
438411
-7
-7
9
-504
-4169
773
439436
2
-9
7
-521
-4167
773
440461
4
-10
4
-503
-4156
759
441486
-12
-4
3
-492
-4174
765
442511
-11
-2
4
-487
-4173
759
435329
-10
-2
8
-500
-4176
741
436354
-6
-5
9
-513
-4174
754
437379
4
-10
9
-500
-4181
773
438404
5
-12
9
-506
-4158
762
439429
5
-16
10
-499
-4181
772
440454
12
-17
12
-498
-4163
766
441479
7
-15
11
-508
-4168
765
442504
0
-12
10
-506
-4162
772
443529
0
-8
8
-509
-4173
766
444554
2
-4
7
-510
-4172
767
445579
-3
-1
4
-507
-4164
775
446604
-1
1
2
-501
-4170
772
447629
1
3
1
-504
-4174
760
448654
2
4
0
-506
-4157
768
449679
2
2
0
-502
-4178
774
450704
2
0
2
-506
-4173
782
443521
1
-3
1
-498
-4166
758
444546
1
1
1
-494
-4179
761
445571
10
0
2
-504
-4178
763
446596
13
-4
3
-501
-4173
756
447621
9
-6
3
-495
-4162
774
448646
9
-6
3
-516
-4176
783
449671
2
-8
2
-512
-4160
791
450696
-7
-7
1
-497
-4172
781
451721
-11
-7
3
-483
-4182
770
452746
-9
-7
5
-488
-4166
768
453771
-4
-5
8
-499
-4171
767
454796
-2
-1
9
-502
-4170
774
455821
-4
2
7
-509
-4162
768
456846
-8
3
6
-510
-4166
773
457871
-5
2
4
-502
-4172
753
458896
0
2
2
-507
-4178
753
451711
2
1
1
-508
-4171
759
452736
10
-5
2
-497
-4161
773
453761
14
-10
4
-500
-4163
778
454786
12
-14
3
-511
-4172
787
455811
5
-13
0
-504
-4161
774
456836
-1
-11
0
-502
-4178
774
457861
4
-11
0
-496
-4180
771
458886
7
-11
2
-502
-4169
766
459911
6
-10
3
-497
-4165
788
460936
3
-11
4
-499
-4165
785
461961
-3
-10
5
-495
-4167
782
462986
-6
-7
6
-502
-4179
769
464011
-6
-8
5
-507
-4173
768
465036
-1
-7
3
-505
-4167
767
466061
2
-8
3
-500
-4179
773
467086
5
-9
3
-499
-4168
778
459904
4
-12
3
-506
-4166
780
460929
8
-16
4
-501
-4180
782
461954
9
-14
4
-495
-4175
777
462979
5
-8
2
-499
-4164
781
464004
3
-4
0
-497
-4166
782
465029
0
-2
0
-497
-4163
786
466054
-4
1
1
-499
-4164
787
467079
-8
1
0
-505
-4165
774
468104
-9
1
0
-498
-4165
776
469129
-9
0
1
-496
-4176
767
470154
-6
-2
-1
-500
-4172
766
471179
-3
-7
1
-494
-4177
772
472204
3
-10
2
-493
-4168
767
473229
4
-12
3
-500
-4175
771
474254
4
-12
3
-505
-4162
778
475279
-2
-10
2
-491
-4154
790
468096
-5
-7
3
-492
-4172
784
469121
-3
-5
2
-493
-4167
778
470146
-4
-5
2
-492
-4159
773
471171
-6
-6
3
-495
-4169
777
472196
-5
-7
3
-495
-4173
782
473221
-5
-5
2
-505
-4168
777
474246
-4
-3
1
-495
-4177
778
475271
-5
-2
1
-492
-4180
771
476296
-7
-1
2
-485
-4164
778
477321
-5
-1
5
-485
-4168
783
478346
-6
1
4
-492
-4165
778
479371
-12
5
4
-489
-4158
778
480396
-19
10
6
-503
-4180
767
481421
-18
7
4
-504
-4181
757
482446
-9
0
4
-497
-4178
762
483471
1
-4
5
-491
-4175
753
476289
3
-6
7
-491
-4175
769
477314
-2
-7
7
-498
-4150
773
478339
-5
-5
9
-492
-4181
766
479364
-4
-3
7
-489
-4183
757
480389
-3
-2
8
-498
-4168
757
481414
-1
-3
9
-504
-4180
759
482439
3
-6
7
-513
-4160
770
483464
3
-8
4
-512
-4157
768
484489
1
-8
1
-502
-4169
769
485514
-2
-4
-2
-495
-4167
764
486539
-3
-1
-1
-497
-4175
764
487564
1
-2
0
-491
-4173
769
488589
5
-2
1
-494
-4175
771
489614
5
-2
2
-501
-4172
772
490639
-1
-1
1
-501
-4168
780
491664
-1
1
1
-501
-4171
772
484480
-1
-1
1
-491
-4163
773
485505
3
-5
3
-494
-4168
776
486530
2
-8
4
-490
-4174
780
487555
-2
-9
6
-488
-4166
772
488580
-5
-5
8
-491
-4167
768
489605
-7
-3
7
-497
-4178
768
490630
-3
-3
6
-496
-4174
751
491655
-1
-3
5
-494
-4169
759
492680
1
-4
6
-493
-4172
771
493705
1
-4
7
-502
-4163
777
494730
1
-2
7
-496
-4160
775
495755
-3
0
6
-501
-4172
773
496780
-3
1
5
-502
-4170
770
497805
-1
0
6
-500
-4179
760
498830
2
0
4
-509
-4174
766
499855
3
-1
2
-502
-4166
768
492672
5
-2
3
-490
-4182
778
493697
5
0
3
-494
-4171
776
494722
-1
0
4
-494
-4162
766
495747
-3
-1
5
-493
-4172
771
496772
5
0
6
-495
-4176
759
497797
6
2
4
-502
-4169
759
498822
5
1
4
-502
-4165
768
499847
2
-2
4
-505
-4171
774
500872
1
-1
3
-498
-4162
776
501897
-3
-1
3
-503
-4169
763
502922
-3
-1
2
-499
-4169
768
503947
-1
-2
3
-496
-4170
769
504972
-1
-3
3
-495
-4168
775
505997
0
-4
5
-499
-4174
770
507022
-1
-4
6
-499
-4165
770
508047
-4
-4
6
-500
-4169
764
500864
-4
-4
6
-505
-4175
766
501889
-3
-3
5
-510
-4173
767
502914
-2
-3
3
-499
-4164
763
503939
1
-3
4
-496
-4174
766
504964
0
-3
4
-499
-4169
769
505989
-2
-3
6
-501
-4166
769
507014
-1
-2
5
-504
-4163
769
508039
-4
-2
5
-500
-4169
769
509064
-4
-1
5
-500
-4173
765
510089
0
1
3
-509
-4169
765
511114
0
1
3
-506
-4168
765
512139
-1
0
1
-495
-4170
775
513164
2
0
2
-496
-4168
786
514189
-1
2
2
-499
-4167
779
515214
-9
4
3
-506
-4165
773
516239
-10
3
3
-504
-4171
769
509056
-5
2
3
-510
-4168
771
510081
0
-1
2
-503
-4162
764
511106
3
-1
2
-495
-4178
765
512131
2
-4
4
-502
-4168
768
513156
-2
-6
5
-498
-4161
773
514181
2
-4
5
-494
-4180
762
515206
3
0
4
-495
-4173
770
516231
2
1
5
-498
-4162
770
517256
-1
3
5
-505
-4197
790
518281
-6
4
1
-507
-4117
769
519306
-16
5
3
-492
-4193
774
520331
-5
3
2
-502
-4167
755
521356
-2
-2
3
-508
-4159
760
522381
1
-4
3
-504
-4174
776
523406
5
-3
1
-505
-4146
796
524431
-1
-1
2
-494
-4182
769
517248
-11
2
1
-494
-4171
760
518273
-10
3
3
-500
-4180
755
519298
2
-2
3
-505
-4177
752
520323
10
-5
2
-501
-4162
770
521348
5
-3
2
-502
-4173
773
522373
0
-4
2
-498
-4164
776
523398
-1
-4
3
-495
-4161
769
524423
-3
-3
5
-495
-4170
766
525448
-1
-2
5
-503
-4170
766
526473
0
-3
4
-503
-4167
762
527498
1
-4
3
-501
-4174
767
528523
3
-4
2
-495
-4179
764
529548
5
-4
2
-499
-4158
770
530573
-1
-5
3
-496
-4171
772
531598
-1
-4
3
-492
-4175
765
532623
-2
-3
4
-495
-4166
765
525440
0
-2
4
-508
-4159
770
526465
1
-5
2
-507
-4171
772
527490
3
-6
1
-505
-4173
764
528515
4
-6
2
-493
-4170
767
529540
4
-9
3
-496
-4172
765
530565
4
-12
5
-501
-4172
772
531590
8
-11
3
-494
-4173
768
532615
7
-7
2
-491
-4174
767
533640
5
-4
3
-489
-4163
772
534665
2
-5
6
-498
-4168
774
535690
1
-8
4
-512
-4169
771
536715
-1
-7
2
-502
-4162
781
537740
-4
-6
1
-490
-4172
779
538765
-5
-7
2
-490
-4165
770
539790
-6
-6
3
-487
-4169
779
540815
-4
-7
5
-494
-4177
775
533633
-3
-7
6
-492
-4167
771
534658
-5
-7
6
-500
-4169
757
535683
-4
-7
3
-512
-4186
741
536708
7
-11
-2
-508
-4181
756
537733
18
-15
-2
-481
-4167
786
538758
11
-13
2
-481
-4164
790
539783
-5
-10
5
-497
-4155
786
540808
-22
-7
8
-492
-4175
775
541833
-30
-11
9
-490
-4173
769
542858
-12
-14
5
-514
-4151
791
543883
-8
-20
6
-512
-4192
752
544908
-38
-14
0
-502
-4166
755
545933
-34
-5
-6
-495
-4145
780
546958
-22
6
-9
-470
-4155
750
547983
-29
25
-12
-466
-4203
736
549008
-52
32
-4
-487
-4203
760
541924
-44
23
3
-458
-4150
749
542949
-4
26
7
-454
-4184
757
543974
7
40
7
-509
-4192
737
544999
-5
49
-1
-507
-4180
760
546024
6
48
-1
-487
-4180
761
547049
17
46
4
-484
-4166
761
548074
12
45
4
-492
-4134
764
549099
3
43
4
-489
-4159
737
550124
8
51
6
-504
-4207
728
551149
10
50
4
-528
-4197
743
552174
11
34
2
-543
-4166
795
553199
29
10
-3
-496
-4121
812
554224
35
8
3
-491
-4162
800
555249
-8
11
4
-508
-4147
810
556274
-36
-4
12
-501
-4205
789
557299
-27
-27
16
-485
-4137
731
550016
19
-39
20
-483
-4204
709
551041
52
-30
22
-539
-4233
703
552066
37
-16
4
-502
-4108
761
553091
32
16
-6
-427
-4163
782
554116
13
55
-2
-492
-4110
747
555141
-12
55
6
-554
-4338
800
556166
12
16
3
-572
-4168
751
557191
4
-12
-13
-482
-3935
701
558216
15
-8
5
-499
-4431
800
559241
61
-11
-4
-500
-4073
774
560266
-3
-4
-4
-440
-4068
759
561291
5
6
17
-506
-4348
819
562316
20
-2
7
-528
-4056
753
563341
-21
-2
2
-516
-4155
787
564366
18
-8
6
-512
-4246
783
565391
29
-10
0
-484
-4122
756
558208
4
-2
1
-471
-4151
781
559233
16
2
8
-505
-4228
790
560258
22
1
4
-507
-4120
767
561283
2
1
5
-510
-4165
781
562308
13
-1
6
-514
-4207
789
563333
9
-6
3
-503
-4143
772
564358
7
-7
3
-506
-4166
771
565383
24
-10
3
-516
-4200
770
566408
28
-10
-4
-505
-4148
763
567433
28
-7
-7
-506
-4176
797
568458
40
-10
-7
-496
-4173
809
569483
27
-5
-6
-480
-4144
807
570508
5
7
-5
-475
-4159
811
571533
3
16
-2
-501
-4178
804
572558
-1
15
-2
-501
-4175
787
573583
-1
12
-2
-501
-4164
785
566399
2
9
-4
-491
-4176
804
567424
4
6
-2
-479
-4148
810
568449
-3
4
3
-482
-4168
816
569474
-12
5
7
-483
-4152
798
570499
-21
8
8
-504
-4162
795
571524
-16
6
8
-511
-4183
803
572549
-11
0
7
-503
-4169
794
573574
-12
-1
5
-494
-4153
785
574599
-13
5
5
-500
-4183
793
575624
-12
5
4
-514
-4165
785
576649
-9
-6
4
-495
-4159
777
577674
-4
-10
3
-504
-4175
766
578699
10
-11
0
-507
-4171
768
579724
13
-9
-2
-496
-4180
795
580749
8
-8
-3
-478
-4156
803
581774
-3
-6
2
-471
-4155
801
574592
-12
-4
6
-496
-4175
791
575617
-13
0
4
-511
-4174
784
576642
-10
2
0
-501
-4171
786
577667
-10
-1
1
-496
-4171
787
578692
-6
-4
0
-504
-4161
790
579717
-5
-2
-1
-497
-4169
789
580742
-10
3
-2
-488
-4166
799
581767
-12
5
-1
-486
-4170
794
582792
-13
5
3
-483
-4171
789
583817
-12
2
6
-478
-4165
776
584842
-5
2
8
-489
-4172
774
585867
-4
6
7
-493
-4174
778
586892
3
5
8
-494
-4170
773
587917
6
1
8
-497
-4167
770
588942
3
3
7
-507
-4185
790
589967
1
-1
4
-509
-4126
781
582784
-3
-6
6
-490
-4183
785
583809
3
-11
7
-504
-4162
774
584834
0
-14
5
-500
-4159
778
585859
3
-9
4
-489
-4178
779
586884
-1
-2
3
-482
-4170
787
587909
-2
-2
6
-488
-4154
802
588934
-4
-3
9
-508
-4173
777
589959
-9
4
2
-515
-4179
777
590984
-7
12
-5
-494
-4175
796
592009
-8
14
-2
-479
-4181
775
593034
-12
15
2
-478
-4147
778
594059
-29
18
7
-483
-4146
783
595084
-40
17
11
-504
-4205
772
596109
-18
6
9
-496
-4161
763
597134
-3
-1
11
-515
-4191
757
598159
3
-5
7
-506
-4185
758
590976
-1
-7
3
-496
-4172
783
592001
2
-10
8
-493
-4146
792
593026
-8
-5
8
-505
-4190
761
594051
-19
1
3
-494
-4180
777
595076
-16
-5
7
-489
-4157
787
596101
-4
-8
10
-503
-4157
762
597126
-5
0
3
-521
-4184
751
598151
-15
8
-4
-498
-4181
762
599176
-19
1
-1
-478
-4165
776
600201
-4
-7
6
-490
-4161
769
601226
-7
-4
8
-495
-4162
775
602251
-11
3
3
-493
-4169
786
603276
-17
8
6
-482
-4171
764
604301
-17
10
8
-493
-4167
751
605326
-17
15
6
-514
-4178
748
606351
-11
20
0
-519
-4179
742
599168
-9
13
1
-505
-4191
768
600193
-2
2
5
-494
-4140
756
601218
-5
2
6
-495
-4181
738
602243
-1
4
3
-504
-4185
734
603268
6
-2
2
-515
-4176
751
604293
18
-5
1
-515
-4178
752
605318
18
-2
-3
-490
-4168
762
606343
9
-2
0
-487
-4177
763
607368
15
-6
5
-504
-4179
753
608393
26
-6
3
-499
-4168
741
609418
29
1
-3
-501
-4178
757
610443
33
3
-5
-510
-4184
799
611468
28
4
-5
-499
-4160
790
612493
8
12
-7
-487
-4167
780
613518
9
18
-6
-492
-4162
788
614543
22
9
-1
-509
-4168
783
607360
26
2
-1
-501
-4172
781
608385
16
6
-6
-492
-4172
762
609410
12
13
-9
-484
-4176
778
610435
19
13
-5
-481
-4166
780
611460
25
11
-1
-482
-4163
787
612485
20
15
-1
-495
-4161
781
613510
12
22
-3
-489
-4164
788
614535
15
23
-3
-491
-4167
795
615560
16
21
-5
-507
-4179
779
616585
12
25
-8
-500
-4171
772
617610
14
24
-10
-498
-4172
793
618635
26
13
-6
-511
-4162
823
619660
34
1
-4
-487
-4158
808
620685
29
5
-6
-477
-4152
794
621710
18
15
-7
-476
-4166
803
622735
14
16
-3
-485
-4183
797
615551
11
18
-3
-491
-4167
777
616576
7
27
-7
-491
-4167
785
617601
7
30
-10
-496
-4169
810
618626
11
24
-12
-471
-4147
817
619651
9
26
-9
-483
-4161
807
620676
4
27
-9
-490
-4161
825
621701
6
16
-6
-504
-4160
837
622726
14
2
-3
-488
-4182
790
623751
7
-3
-4
-470
-4159
788
624776
12
0
-4
-479
-4160
806
625801
28
-4
0
-465
-4190
807
626826
22
-2
2
-465
-4157
820
627851
10
1
5
-476
-4152
826
628876
5
4
6
-482
-4157
812
629901
8
2
6
-502
-4167
826
630926
8
-9
9
-503
-4168
824
623744
11
-17
7
-499
-4156
821
624769
16
-17
3
-485
-4156
813
625794
12
-11
0
-470
-4168
818
626819
6
-4
0
-465
-4172
817
627844
4
4
0
-463
-4159
810
628869
5
11
2
-470
-4161
811
629894
4
11
7
-481
-4172
828
630919
8
5
8
-489
-4148
845
631944
6
-1
9
-495
-4149
818
632969
2
-3
8
-506
-4175
830
633994
6
-11
6
-507
-4163
820
635019
15
-16
2
-488
-4170
817
636044
14
-12
1
-467
-4164
825
637069
15
-6
5
-447
-4156
814
638094
7
8
9
-461
-4173
823
639119
1
15
11
-476
-4149
831
631937
-7
20
12
-484
-4153
816
632962
2
18
10
-504
-4157
826
633987
5
6
11
-538
-4170
849
635012
5
-12
3
-543
-4137
858
636037
1
-23
-5
-537
-4148
835
637062
-5
-17
-15
-480
-4171
826
638087
-13
-9
-13
-445
-4167
831
639112
-13
-4
-6
-425
-4155
832
640137
-19
13
0
-441
-4143
821
641162
-31
27
4
-484
-4168
840
642187
-34
21
6
-539
-4160
834
643212
-33
-3
2
-542
-4153
812
644237
-18
-23
-3
-509
-4203
764
645262
4
-31
-9
-487
-4175
782
646287
26
-35
-9
-473
-4157
810
647312
28
-26
-8
-451
-4146
829
640129
11
-2
-9
-423
-4138
843
641154
-10
20
-4
-416
-4157
866
642179
-30
29
6
-473
-4154
831
643204
-38
18
11
-510
-4170
798
644229
-22
2
8
-530
-4170
784
645254
1
-15
1
-521
-4186
781
646279
15
-29
-5
-480
-4164
812
647304
17
-29
-4
-449
-4153
818
648329
6
-18
-1
-438
-4147
823
649354
-7
-5
4
-449
-4158
829
650379
-15
3
7
-468
-4173
807
651404
-15
8
4
-474
-4160
803
652429
-6
4
6
-495
-4157
828
653454
9
-15
12
-516
-4182
812
654479
13
-32
7
-480
-4171
792
655504
16
-28
0
-464
-4150
807
648320
21
-21
1
-449
-4162
824
649345
4
-7
2
-437
-4144
824
650370
-24
14
4
-444
-4165
828
651395
-38
29
5
-448
-4132
811
652420
-30
27
10
-477
-4169
818
653445
-17
6
17
-543
-4166
836
654470
-11
-17
10
-542
-4149
814
655495
-16
-19
-5
-501
-4165
800
656520
-8
-15
-12
-450
-4191
787
657545
2
-11
-7
-430
-4164
788
658570
1
-3
0
-424
-4164
794
659595
-4
11
3
-454
-4159
816
660620
-10
17
6
-480
-4160
831
661645
-17
11
8
-494
-4153
833
662670
-18
1
10
-489
-4175
795
663695
-13
-8
7
-486
-4160
784
656511
1
-18
6
-491
-4172
787
657536
24
-21
3
-491
-4182
783
658561
28
-11
-8
-463
-4156
787
659586
19
5
-9
-460
-4172
832
660611
5
6
-2
-461
-4145
853
661636
-6
2
5
-449
-4124
818
662661
-11
4
6
-464
-4168
796
663686
-1
4
5
-485
-4171
792
664711
8
9
1
-484
-4188
779
665736
3
19
-7
-474
-4174
813
666761
-2
23
-7
-465
-4142
825
667786
-8
20
-2
-471
-4148
810
668811
-6
15
0
-469
-4176
808
669836
-5
9
2
-465
-4165
799
670861
-10
6
4
-471
-4156
803
671886
-4
1
5
-492
-4157
804
664704
4
-1
1
-497
-4191
783
665729
8
1
-5
-459
-4176
782
666754
8
7
-4
-448
-4155
799
667779
11
5
4
-455
-4154
811
668804
3
5
10
-465
-4165
819
669829
-13
10
11
-471
-4166
818
670854
-25
12
11
-470
-4148
808
671879
-23
6
14
-475
-4166
795
672904
-16
-2
17
-481
-4173
790
673929
-14
-9
15
-473
-4155
783
674954
-4
-10
14
-472
-4171
792
675979
10
-11
16
-482
-4168
804
677004
8
-14
16
-499
-4162
792
678029
3
-11
12
-493
-4151
792
679054
7
-6
6
-479
-4168
818
680079
15
0
4
-462
-4144
806
672896
3
7
6
-467
-4164
802
673921
1
12
8
-479
-4171
809
674946
4
12
8
-482
-4167
790
675971
5
10
6
-495
-4162
793
676996
6
5
5
-498
-4160
803
678021
8
1
2
-497
-4156
804
679046
10
1
-2
-498
-4154
794
680071
7
2
-6
-490
-4172
797
681096
12
2
-8
-490
-4171
804
682121
15
3
-9
-482
-4170
809
683146
11
8
-9
-468
-4150
817
684171
3
10
-7
-460
-4156
826
685196
-1
7
-2
-472
-4157
817
686221
-4
1
2
-479
-4159
807
687246
-2
-4
4
-487
-4166
812
688271
0
-8
3
-496
-4164
815
681088
0
-13
2
-487
-4155
805
682113
0
-16
1
-471
-4148
796
683138
-3
-18
2
-472
-4162
805
684163
2
-15
1
-472
-4168
808
685188
-3
-11
4
-475
-4170
803
686213
-7
-10
3
-470
-4148
811
687238
-9
-8
5
-466
-4165
810
688263
-10
-7
6
-470
-4163
813
689288
-9
-8
7
-490
-4145
811
690313
-12
-12
7
-489
-4170
803
691338
-12
-13
5
-482
-4171
795
692363
-10
-13
4
-481
-4162
803
693388
1
-14
6
-478
-4170
791
694413
6
-16
6
-473
-4159
803
695438
2
-12
4
-478
-4152
812
696463
-2
-7
3
-476
-4169
808
689280
1
-7
3
-482
-4167
800
690305
0
-10
2
-486
-4162
795
691330
4
-10
0
-483
-4160
793
692355
7
-7
-3
-470
-4157
801
693380
2
0
-5
-455
-4157
803
694405
-7
10
-3
-450
-4166
807
695430
-16
17
1
-447
-4158
798
696455
-18
19
6
-461
-4166
800
697480
-8
12
11
-484
-4164
802
698505
2
1
10
-498
-4164
802
699530
3
-5
7
-490
-4175
789
700555
4
-8
5
-473
-4179
794
701580
10
-13
7
-468
-4155
802
702605
13
-13
9
-473
-4141
794
703630
3
-6
8
-478
-4167
807
704655
-1
-1
5
-487
-4161
807
697472
0
-3
3
-482
-4155
801
698497
4
-3
3
-492
-4166
800
699522
4
0
0
-477
-4167
796
700547
2
1
0
-476
-4163
797
701572
4
-2
3
-476
-4170
799
702597
7
-2
5
-468
-4168
804
703622
3
1
6
-471
-4156
807
704647
-2
1
8
-473
-4157
807
705672
-7
-3
12
-470
-4173
807
706697
-11
-7
14
-473
-4160
802
707722
-12
-9
14
-479
-4149
787
708747
-5
-13
14
-490
-4171
804
709772
6
-14
12
-491
-4176
808
710797
2
-8
6
-490
-4136
785
711822
-5
-3
1
-474
-4159
827
712847
5
1
3
-474
-4148
820
705663
-10
5
3
-468
-4147
801
706688
-24
9
2
-469
-4170
797
707713
-12
6
7
-480
-4173
797
708738
-6
6
8
-489
-4157
786
709763
-14
5
5
-491
-4171
796
710788
-7
-1
2
-478
-4181
809
711813
0
-7
7
-486
-4148
790
712838
-9
-11
8
-481
-4172
809
713863
-7
-12
12
-475
-4164
803
714888
-9
-9
11
-479
-4154
777
715913
-8
-7
8
-492
-4182
799
716938
3
-7
7
-490
-4165
800
717963
-1
-5
6
-483
-4158
792
718988
-6
-2
3
-479
-4163
797
720013
-3
-3
5
-477
-4162
801
721038
-2
-4
7
-484
-4174
793
713857
-7
0
4
-479
-4175
797
714882
-2
2
4
-477
-4161
805
715907
-7
0
9
-482
-4166
808
716932
-12
-3
10
-486
-4156
807
717957
-21
-5
10
-473
-4145
801
718982
-26
-4
12
-481
-4158
801
720007
-30
-2
11
-502
-4170
801
721032
-31
-2
6
-482
-4157
767
722057
-30
3
6
-482
-4178
767
723082
-18
4
5
-481
-4180
773
724107
-10
4
5
-493
-4177
772
725132
-8
4
5
-495
-4166
777
726157
-10
7
2
-495
-4156
788
727182
-16
6
2
-502
-4177
779
728207
-14
0
1
-489
-4178
762
729232
-6
-6
2
-487
-4164
760
722048
5
-12
3
-486
-4171
768
723073
16
-17
5
-488
-4160
781
724098
12
-21
7
-489
-4160
779
725123
2
-21
6
-499
-4172
784
726148
4
-21
3
-495
-4154
775
727173
12
-23
1
-483
-4174
773
728198
18
-22
1
-489
-4182
784
729223
14
-18
-1
-483
-4162
792
730248
12
-13
-1
-481
-4156
793
731273
9
-7
-1
-483
-4165
817
732298
1
0
-1
-485
-4147
792
733323
-12
8
-3
-492
-4175
794
734348
-11
10
-6
-488
-4170
768
735373
-5
11
-8
-484
-4171
786
736398
-3
9
-6
-484
-4170
797
737423
-2
5
-5
-482
-4160
783
730241
-2
3
-5
-476
-4152
796
731266
0
3
-1
-480
-4161
801
732291
-7
0
0
-482
-4173
772
733316
-9
-3
-2
-471
-4189
778
734341
0
-5
4
-479
-4156
765
735366
5
-11
5
-491
-4176
794
736391
11
-15
6
-485
-4163
781
737416
5
-12
4
-482
-4159
782
738441
-2
-11
4
-477
-4164
803
739466
-2
-12
8
-478
-4163
786
740491
-1
-9
7
-486
-4172
779
741516
-1
-8
3
-483
-4158
780
742541
-1
-7
3
-482
-4178
784
743566
-1
-7
3
-478
-4157
800
744591
-9
-7
5
-479
-4147
796
745616
-16
-6
5
-480
-4173
791
738432
-15
-7
4
-485
-4163
789
739457
-12
-11
5
-485
-4166
782
740482
-8
-13
4
-479
-4177
779
741507
-7
-11
3
-477
-4174
788
742532
-7
-10
3
-465
-4164
785
743557
-7
-10
5
-475
-4162
796
744582
-5
-12
7
-484
-4171
796
745607
-7
-11
4
-483
-4164
779
746632
-10
-8
4
-476
-4173
770
747657
-5
-7
4
-479
-4168
773
748682
3
-10
5
-485
-4168
787
749707
3
-9
4
-486
-4164
787
750732
-1
-5
2
-475
-4157
784
751757
-6
-4
3
-473
-4166
788
752782
-2
-5
5
-480
-4173
778
753807
5
-6
6
-483
-4174
782
746623
6
-5
5
-475
-4170
782
747648
4
-1
4
-475
-4155
784
748673
1
0
4
-481
-4168
786
749698
1
-1
7
-488
-4172
778
750723
4
-4
4
-479
-4161
773
751748
7
-6
3
-473
-4178
780
752773
8
-5
3
-474
-4157
796
753798
4
-4
4
-473
-4160
788
754823
0
-3
4
-474
-4169
785
755848
-4
-4
5
-485
-4165
790
756873
0
-7
3
-479
-4164
777
757898
6
-4
3
-472
-4181
780
758923
7
-2
2
-466
-4155
785
759948
-1
0
4
-481
-4171
787
760973
-3
-2
5
-484
-4170
794
761998
-1
-3
4
-492
-4168
787
755129
1
-4
0
-482
-4167
787
756154
3
-5
0
-478
-4174
789
757179
3
-6
1
-470
-4164
797
758204
-1
-7
4
-467
-4169
786
759229
0
-5
5
-477
-4163
793
760254
-2
-3
6
-473
-4158
791
761279
-6
-2
5
-476
-4162
796
762304
-5
-4
6
-485
-4175
787
763329
-4
-5
5
-485
-4167
785
764354
-2
-4
4
-480
-4170
786
765379
0
-5
3
-475
-4161
789
766404
3
-6
4
-477
-4163
791
767429
2
-5
5
-477
-4170
793
768454
-5
-3
5
-475
-4164
782
769479
-8
1
7
-477
-4162
783
770504
-5
0
7
-488
-4166
782
763008
-1
-3
5
-493
-4173
785
764033
0
-5
3
-478
-4168
787
765058
2
-4
4
-465
-4154
791
766083
-2
-4
7
-465
-4162
797
767108
-7
-3
9
-475
-4170
786
768133
-11
1
9
-477
-4162
777
769158
-10
5
10
-477
-4183
779
770183
-3
1
10
-483
-4174
781
771208
-4
-1
10
-493
-4154
784
772233
-1
-6
8
-507
-4147
792
773258
6
-13
5
-522
-4174
787
774283
14
-15
-5
-496
-4173
767
775308
11
-7
-8
-460
-4182
777
776333
12
-4
-3
-460
-4148
809
777358
15
-10
3
-495
-4148
806
778383
13
-11
-2
-512
-4170
791
771199
10
-4
-14
-494
-4170
786
772224
11
5
-19
-466
-4181
778
773249
21
7
-15
-458
-4177
783
774274
33
-1
-5
-438
-4176
777
775299
29
-7
6
-438
-4152
812
776324
22
-4
11
-475
-4135
879
777349
7
5
12
-485
-4147
824
778374
-36
14
4
-490
-4162
812
779399
-38
11
3
-501
-4176
774
780424
-2
-3
3
-486
-4188
743
781449
33
-17
3
-472
-4176
778
782474
43
-23
5
-476
-4147
814
783499
32
-16
4
-478
-4143
837
784524
5
0
-1
-474
-4147
838
785549
-17
11
-4
-467
-4163
823
786574
-18
10
0
-473
-4170
795
779392
-7
4
1
-482
-4165
784
780417
2
4
-2
-479
-4170
795
781442
5
3
-2
-471
-4163
817
782467
-2
2
0
-481
-4168
814
783492
-9
1
2
-483
-4158
810
784517
-12
3
1
-470
-4167
799
785542
-12
2
1
-468
-4166
798
786567
-9
-4
4
-477
-4167
791
787592
-1
-9
6
-480
-4176
792
788617
3
-9
4
-477
-4153
807
789642
4
-5
1
-470
-4172
807
790667
-1
-5
4
-472
-4172
804
791692
-1
-10
7
-471
-4160
795
792717
3
-10
7
-473
-4161
797
793742
2
-2
4
-476
-4169
808
794767
-1
1
4
-476
-4154
805
787584
-5
-4
7
-483
-4170
800
788609
0
-8
6
-492
-4172
802
789634
2
-4
-1
-479
-4157
808
790659
0
2
-3
-468
-4169
809
791684
-5
4
-1
-452
-4164
815
792709
-12
3
5
-460
-4142
811
793734
-15
0
10
-471
-4173
795
794759
-11
-2
9
-474
-4174
792
795784
0
-8
10
-488
-4162
793
796809
8
-14
10
-496
-4169
803
797834
9
-17
7
-480
-4167
806
798859
5
-13
3
-461
-4156
805
799884
1
-7
5
-462
-4172
807
800909
2
-6
9
-465
-4163
802
801934
-2
-4
11
-477
-4166
802
802959
-7
1
7
-484
-4164
811
795775
-7
3
6
-483
-4165
806
796800
-6
3
5
-487
-4166
802
797825
-5
2
3
-486
-4164
798
798850
-8
4
0
-476
-4165
798
799875
-9
6
-1
-476
-4164
803
800900
-4
5
1
-469
-4170
801
801925
-1
7
1
-474
-4158
801
802950
-2
7
1
-478
-4167
802
803975
-3
7
0
-481
-4169
798
805000
-3
6
-1
-472
-4168
797
806025
-3
4
1
-468
-4165
804
807050
-3
1
5
-472
-4160
808
808075
-4
-5
6
-488
-4173
803
809100
-8
-8
6
-478
-4167
781
810125
-3
-7
5
-460
-4170
785
811150
3
-5
6
-474
-4172
805
803968
1
-4
8
-480
-4162
801
804993
-8
0
7
-473
-4164
796
806018
-12
2
6
-477
-4177
793
807043
-7
0
5
-485
-4160
796
808068
-3
-5
5
-492
-4166
799
809093
0
-8
1
-487
-4173
790
810118
2
-10
-2
-471
-4156
785
811143
7
-11
-1
-478
-4165
791
812168
12
-8
1
-476
-4172
795
813193
8
-7
1
-471
-4167
811
814218
3
-2
1
-463
-4165
808
815243
0
2
3
-471
-4161
808
816268
-1
2
4
-470
-4162
798
817293
-2
1
6
-471
-4170
799
818318
-2
-1
7
-478
-4167
808
819343
-3
-4
8
-477
-4152
805
812160
-7
-2
6
-480
-4165
798
813185
-8
3
4
-476
-4180
793
814210
-6
5
3
-476
-4167
795
815235
-5
4
5
-474
-4168
795
816260
-3
2
5
-485
-4170
800
817285
-3
1
4
-483
-4158
800
818310
-7
4
4
-477
-4174
786
819335
-8
3
5
-474
-4165
790
820360
-8
-1
5
-480
-4159
788
821385
-6
-6
6
-486
-4168
793
822410
-3
-10
5
-488
-4168
788
823435
-1
-12
4
-480
-4172
785
824460
0
-12
5
-480
-4160
788
825485
-3
-14
5
-474
-4159
792
826510
-2
-12
7
-471
-4186
788
827535
3
-9
7
-475
-4169
791
820352
5
-9
8
-476
-4157
790
821377
-1
-7
9
-482
-4172
798
822402
-5
-5
7
-488
-4157
802
823427
-7
-4
5
-493
-4154
797
824452
-6
-3
2
-488
-4177
789
825477
-1
-3
0
-479
-4177
794
826502
0
-5
2
-466
-4156
798
827527
-2
-3
5
-466
-4164
801
828552
-6
-4
7
-478
-4165
792
829577
-9
-5
6
-482
-4163
787
830602
-7
-6
5
-490
-4169
786
831627
-5
-6
3
-480
-4172
784
832652
-2
-3
1
-477
-4162
784
833677
-1
2
1
-467
-4147
796
834702
-10
7
2
-455
-4163
812
835727
-26
11
6
-456
-4166
797
828545
-39
16
10
-477
-4178
780
829570
-38
13
14
-498
-4183
793
830595
-17
0
7
-506
-4160
758
831620
-12
0
2
-501
-4189
786
832645
-6
-4
-1
-466
-4166
776
833670
-18
-1
2
-459
-4160
786
834695
-23
4
6
-474
-4161
785
835720
-30
5
5
-497
-4164
756
836745
-24
3
3
-496
-4182
768
837770
-12
-4
5
-485
-4171
756
838795
-8
-9
4
-469
-4174
762
839820
-2
-11
7
-474
-4160
767
840845
2
-12
10
-484
-4169
773
841870
2
-12
10
-485
-4165
767
842895
1
-9
9
-477
-4182
764
843920
2
-7
8
-479
-4161
769
836736
2
-8
9
-475
-4172
768
837761
5
-11
10
-481
-4171
771
838786
8
-12
10
-491
-4168
772
839811
8
-14
8
-498
-4166
777
840836
8
-15
4
-501
-4163
780
841861
9
-17
1
-498
-4171
771
842886
16
-20
-3
-494
-4165
766
843911
27
-23
-4
-482
-4179
769
844936
31
-24
-4
-478
-4178
776
845961
29
-19
-3
-469
-4168
795
846986
19
-11
-1
-464
-4164
799
848011
13
-6
-1
-463
-4162
814
849036
8
-1
3
-481
-4178
799
850061
-3
1
3
-492
-4170
783
851086
-3
1
0
-481
-4174
774
852111
11
-2
1
-473
-4166
764
844928
14
-7
3
-470
-4182
781
845953
19
-8
4
-468
-4176
811
846978
13
-6
8
-470
-4143
791
848003
-2
-2
6
-486
-4179
806
849028
2
-3
8
-481
-4175
791
850053
1
-7
9
-481
-4166
780
851078
-1
-8
8
-484
-4157
794
852103
2
-9
7
-489
-4154
798
853128
4
-9
6
-495
-4164
803
854153
1
-9
2
-488
-4166
804
855178
-1
-7
0
-476
-4160
807
856203
-5
0
1
-480
-4156
794
857228
-9
0
-1
-480
-4169
807
858253
-2
-3
-1
-484
-4154
787
859278
3
2
-3
-483
-4164
787
860303
-2
6
-4
-461
-4173
803
853120
-7
9
-2
-472
-4155
794
854145
-13
8
2
-483
-4173
795
855170
-7
6
1
-488
-4175
809
856195
-6
3
-2
-494
-4162
777
857220
-2
0
-4
-472
-4187
801
858245
3
-4
0
-471
-4157
775
859270
4
-7
1
-466
-4175
785
860295
8
-7
4
-470
-4170
790
861320
6
-4
5
-473
-4168
793
862345
2
-2
6
-479
-4165
798
863370
-1
-1
7
-484
-4170
793
864395
0
-1
5
-482
-4156
791
865420
3
-3
3
-477
-4175
781
866445
11
-7
2
-480
-4175
786
867470
15
-8
0
-471
-4154
801
868495
7
-4
0
-463
-4167
815
861311
-2
0
2
-465
-4164
802
862336
-9
0
5
-472
-4171
787
863361
-10
-2
6
-480
-4177
779
864386
10
-6
5
-485
-4173
785
865411
14
-9
2
-470
-4149
806
866436
5
-6
2
-461
-4147
815
867461
-10
0
5
-469
-4160
803
868486
-15
0
6
-480
-4163
791
869511
-12
-1
5
-483
-4171
787
870536
1
-4
2
-478
-4187
794
871561
9
-7
2
-479
-4158
803
872586
3
-8
4
-480
-4163
807
873611
-2
-8
4
-467
-4172
799
874636
-2
-3
4
-460
-4169
786
875661
2
1
7
-466
-4176
787
876686
7
1
7
-479
-4168
794
869504
3
-2
6
-485
-4158
796
870529
2
-1
4
-485
-4159
796
871554
1
-1
2
-480
-4160
788
872579
2
-4
1
-480
-4172
792
873604
4
-7
2
-474
-4163
796
874629
5
-4
0
-471
-4168
802
875654
1
-2
2
-465
-4170
810
876679
-2
-3
5
-474
-4152
809
877704
-6
-4
4
-481
-4158
799
878729
-9
-1
2
-480
-4176
800
879754
-7
1
0
-480
-4172
793
880779
-2
-2
1
-469
-4180
795
881804
5
-4
1
-474
-4156
800
882829
4
-5
1
-465
-4155
797
883854
2
-2
5
-468
-4195
798
884879
-4
-1
7
-480
-4154
803
877697
-6
-3
8
-475
-4148
805
878722
-7
-1
8
-478
-4180
800
879747
-6
1
5
-481
-4163
786
880772
-8
2
4
-468
-4169
787
881797
0
2
6
-483
-4182
802
882822
-1
0
5
-482
-4155
802
883847
-6
0
5
-472
-4152
798
884872
-6
0
5
-474
-4180
802
885897
-3
-1
6
-479
-4162
800
886922
-4
-3
6
-486
-4172
788
887947
-3
-2
5
-485
-4180
788
888972
-3
-5
3
-482
-4156
799
889997
-1
-8
4
-469
-4162
782
891022
6
-5
4
-476
-4188
786
892047
5
0
2
-469
-4170
799
893072
-1
1
2
-479
-4159
801
885887
-5
0
2
-480
-4162
803
886912
-3
0
1
-491
-4167
806
887937
-6
4
-4
-495
-4176
784
888962
-13
14
-12
-479
-4178
776
889987
-10
18
-15
-460
-4162
790
891012
2
14
-7
-456
-4171
807
892037
0
8
-2
-471
-4156
814
893062
-8
5
0
-467
-4160
810
894087
-14
3
5
-464
-4177
793
895112
-18
2
6
-474
-4167
788
896137
-13
-2
8
-479
-4173
787
897162
-6
-3
7
-486
-4182
781
898187
-6
-4
2
-474
-4169
781
899212
-6
-6
4
-458
-4159
797
900237
-6
-11
10
-463
-4168
799
901262
-8
-10
11
-478
-4165
784
894285
-12
-8
10
-485
-4168
781
895310
-7
-10
8
-487
-4173
780
896335
-2
-11
6
-484
-4174
779
897360
5
-12
4
-474
-4168
780
898385
4
-9
2
-466
-4171
785
899410
-1
-6
2
-459
-4170
783
900435
-3
-3
3
-471
-4163
786
901460
-5
-2
5
-471
-4170
782
902485
-1
-3
7
-477
-4178
784
903510
1
-6
6
-483
-4171
789
904535
3
-9
6
-484
-4162
782
905560
2
-11
5
-479
-4171
784
906585
1
-11
3
-466
-4162
781
907610
-1
-6
5
-461
-4175
780
908635
-1
-1
6
-473
-4163
793
909660
-4
-1
7
-489
-4170
788
902273
-6
-1
6
-480
-4173
791
903298
-6
0
3
-488
-4166
779
904323
-8
0
-2
-488
-4165
777
905348
-7
-2
-3
-474
-4171
781
906373
-3
-3
-1
-463
-4168
784
907398
0
-2
1
-473
-4174
779
908423
-1
0
2
-468
-4165
782
909448
-6
1
1
-472
-4176
788
910473
-6
2
2
-472
-4168
780
911498
-8
2
3
-474
-4166
776
912523
-4
-1
2
-473
-4172
784
913548
0
-4
3
-475
-4174
779
914573
3
-5
4
-481
-4174
791
915598
0
-6
5
-475
-4173
786
916623
-6
-1
5
-466
-4164
784
917648
-10
5
6
-462
-4172
785
910465
-10
5
7
-470
-4170
777
911490
-9
2
8
-483
-4171
765
912515
-1
-1
7
-482
-4187
784
913540
5
-5
6
-490
-4166
777
914565
-4
-4
3
-477
-4168
774
915590
-8
-2
4
-472
-4163
779
916615
-3
-3
5
-479
-4173
776
917640
2
-5
4
-483
-4173
779
918665
5
-7
2
-482
-4173
779
919690
5
-6
0
-480
-4169
782
920715
4
-6
1
-473
-4173
779
921740
6
-12
3
-477
-4170
784
922765
11
-14
3
-471
-4172
786
923790
10
-9
2
-471
-4172
781
924815
9
-1
0
-476
-4157
790
925840
4
1
0
-480
-4179
791
918657
1
-2
-2
-485
-4173
785
919682
3
-6
-5
-498
-4175
777
920707
11
-9
-7
-480
-4179
773
921732
17
-10
-6
-466
-4171
779
922757
19
-8
-3
-460
-4165
791
923782
17
-6
0
-450
-4165
803
924807
9
-4
3
-448
-4151
806
925832
-3
-1
7
-460
-4158
807
926857
-15
1
5
-476
-4164
812
927882
-21
-4
-2
-483
-4181
760
928907
-2
-15
7
-467
-4181
777
929932
7
-13
10
-471
-4155
814
930957
-9
-13
10
-471
-4161
790
931982
-12
-10
9
-475
-4181
784
933007
-12
-6
8
-474
-4167
785
934032
-9
-4
7
-479
-4168
775
926848
-3
-7
7
-473
-4174
781
927873
1
-9
5
-478
-4173
794
928898
1
-10
4
-468
-4167
781
929923
-3
-8
4
-461
-4175
777
930948
-4
-9
6
-463
-4176
782
931973
-2
-11
8
-475
-4166
780
932998
0
-15
9
-474
-4172
787
934023
1
-16
8
-477
-4160
786
935048
-2
-17
8
-476
-4174
781
936073
-3
-16
6
-471
-4179
786
937098
-2
-17
6
-471
-4164
788
938123
-2
-19
9
-464
-4168
788
939148
-4
-18
10
-469
-4162
784
940173
-5
-17
10
-475
-4170
783
941198
-4
-12
10
-469
-4166
780
942223
-8
-8
9
-478
-4172
785
935040
-9
-8
7
-487
-4166
791
936065
-8
-7
6
-489
-4170
790
937090
-6
-9
3
-480
-4159
792
938115
-9
-9
2
-467
-4166
784
939140
-11
-9
4
-464
-4175
782
940165
-4
-7
5
-469
-4168
781
941190
1
-8
7
-480
-4171
779
942215
-1
-9
5
-481
-4167
777
943240
-6
-7
2
-476
-4159
784
944265
-5
-4
3
-470
-4165
777
945290
-5
-4
4
-473
-4167
773
946315
-1
-4
4
-476
-4167
773
947340
4
-5
4
-477
-4170
773
948365
4
-5
4
-473
-4165
789
949390
2
-2
3
-473
-4168
787
950415
1
-2
5
-475
-4171
780
943232
3
-2
5
-480
-4159
777
944257
5
-1
3
-486
-4166
780
945282
10
-3
1
-476
-4180
775
946307
14
-3
0
-474
-4179
779
947332
18
0
-1
-471
-4165
786
948357
14
3
0
-468
-4168
788
949382
10
5
1
-471
-4160
796
950407
7
4
2
-475
-4167
788
951432
7
3
2
-480
-4180
791
952457
10
2
1
-471
-4164
796
953482
12
0
2
-475
-4165
799
954507
8
-2
4
-481
-4167
801
955532
3
-2
3
-466
-4157
800
956557
-2
2
4
-457
-4171
797
957582
-6
6
5
-462
-4158
792
958607
-9
5
6
-479
-4166
784
951423
-3
2
6
-481
-4173
784
952448
5
-3
5
-481
-4160
794
953473
3
-6
3
-475
-4157
802
954498
-3
-6
3
-475
-4168
803
955523
-6
-7
4
-468
-4176
791
956548
-5
-8
4
-476
-4162
790
957573
-1
-11
6
-479
-4173
805
958598
2
-12
5
-477
-4159
796
959623
-4
-10
4
-469
-4161
792
960648
-9
-6
4
-472
-4173
797
961673
-9
-3
4
-469
-4159
781
962698
-6
-1
4
-477
-4174
783
963723
0
-2
3
-479
-4170
795
964748
3
-3
3
-467
-4168
796
965773
-1
-2
5
-475
-4170
796
966798
-3
0
5
-474
-4167
797
959616
-1
-1
5
-474
-4167
785
960641
2
-1
4
-474
-4175
785
961666
3
0
3
-476
-4168
787
962691
5
2
3
-474
-4165
791
963716
5
4
4
-473
-4168
804
964741
0
3
4
-473
-4164
801
965766
-4
3
6
-469
-4169
796
966791
-6
2
7
-476
-4172
797
967816
-5
2
7
-478
-4166
788
968841
-3
0
6
-488
-4175
787
969866
-2
-2
4
-482
-4176
791
970891
0
-4
3
-480
-4167
787
971916
0
-9
4
-482
-4162
790
972941
5
-12
1
-474
-4166
775
973966
9
-4
-1
-469
-4179
787
974991
11
-1
-3
-466
-4166
795
967809
9
-1
0
-473
-4170
791
968834
4
-1
0
-472
-4168
804
969859
-1
2
1
-476
-4167
804
970884
-4
2
1
-471
-4156
803
971909
-3
-1
2
-469
-4169
796
972934
-2
-3
2
-478
-4178
792
973959
-3
-5
2
-467
-4161
796
974984
-6
-4
4
-469
-4173
800
976009
-5
-4
6
-473
-4171
788
977034
-6
-4
6
-475
-4167
786
978059
-4
-3
5
-468
-4173
788
979084
-3
-4
6
-468
-4173
792
980109
0
-5
7
-484
-4166
802
981134
1
-6
6
-480
-4170
792
982159
-1
-5
5
-467
-4160
786
983184
-4
0
6
-476
-4164
789
976000
-2
-1
5
-474
-4178
788
977025
1
-1
3
-475
-4168
784
978050
0
1
1
-476
-4160
794
979075
2
0
2
-474
-4164
797
980100
4
-4
2
-476
-4169
795
981125
2
-4
2
-475
-4172
792
982150
-2
-1
4
-463
-4165
791
983175
-4
-1
5
-469
-4158
802
984200
-4
-3
7
-480
-4170
788
985225
-2
-4
5
-485
-4170
789
986250
-5
1
1
-473
-4175
789
987275
-3
1
1
-463
-4172
791
988300
-1
-2
4
-485
-4167
801
989325
0
-7
3
-482
-4169
799
990350
5
-6
1
-466
-4179
788
991375
4
1
0
-458
-4171
794
984192
2
3
3
-465
-4161
796
985217
1
2
5
-477
-4158
801
986242
1
1
6
-479
-4161
807
987267
-4
-1
5
-482
-4166
804
988292
-12
-1
3
-469
-4165
797
989317
-14
-1
5
-470
-4169
795
990342
-10
-4
8
-482
-4171
792
991367
-7
-8
9
-481
-4161
794
992392
-6
-9
7
-480
-4173
792
993417
-8
-6
5
-471
-4175
789
994442
-8
-4
4
-468
-4163
788
995467
-6
-5
6
-476
-4169
793
996492
-2
-8
6
-470
-4167
792
997517
-3
-8
7
-478
-4169
784
998542
-4
-8
4
-480
-4172
783
999567
-4
-8
5
-472
-4166
781
992384
-3
-8
6
-473
-4163
794
993409
-2
-8
6
-478
-4171
801
994434
-2
-8
5
-473
-4169
795
995459
-4
-5
5
-472
-4172
785
996484
-2
-4
5
-479
-4171
787
997509
2
-5
3
-480
-4169
794
998534
3
-5
2
-477
-4161
788
999559
2
-4
2
-469
-4170
791
1000584
1
-1
2
-483
-4162
791
1001609
1
-1
1
-480
-4162
786
1002634
2
-2
1
-477
-4171
782
1003659
2
-2
1
-468
-4167
787
1004684
5
-2
3
-472
-4169
789
1005709
4
-4
5
-485
-4158
777
1006734
2
-1
5
-481
-4162
781
1007759
5
4
3
-478
-4180
775
1000575
8
7
2
-473
-4176
784
1001600
14
5
3
-479
-4153
791
1002625
14
1
4
-481
-4177
789
1003650
10
-2
1
-476
-4169
792
1004675
9
0
0
-471
-4158
803
1005700
14
-1
2
-481
-4161
806
1006725
12
-7
2
-487
-4168
809
1007750
7
-10
1
-483
-4167
800
1008775
6
-10
-1
-472
-4170
798
1009800
8
-11
0
-468
-4164
796
1010825
12
-12
2
-470
-4166
800
1011850
13
-12
4
-476
-4157
812
1012875
11
-11
0
-475
-4157
812
1013900
5
-11
0
-471
-4170
802
1014925
4
-11
0
-472
-4163
798
1015950
7
-12
0
-468
-4156
808
1008768
7
-12
2
-478
-4164
809
1009793
5
-6
0
-462
-4160
847
1010818
-11
3
5
-472
-4122
807
1011843
-29
4
1
-474
-4199
791
1012868
-10
0
0
-472
-4165
773
1013893
12
-8
1
-475
-4185
784
1014918
21
-7
0
-469
-4163
822
1015943
6
-4
0
-460
-4141
835
1016968
-14
1
2
-460
-4170
813
1017993
-16
4
4
-472
-4170
792
1019018
-7
-1
2
-481
-4172
792
1020043
5
-8
2
-477
-4170
802
1021068
10
-11
1
-476
-4154
815
1022093
0
-10
2
-460
-4148
821
1023118
-7
-7
3
-472
-4165
811
1024143
-6
-8
3
-475
-4171
798
1016960
-1
-9
2
-470
-4168
796
1017985
4
-9
3
-463
-4174
806
1019010
9
-7
3
-469
-4159
799
1020035
7
-6
2
-475
-4160
804
1021060
0
-6
2
-469
-4163
815
1022085
2
-8
2
-474
-4164
809
1023110
6
-9
2
-470
-4167
800
1024135
6
-10
3
-463
-4160
811
1025160
-1
-8
5
-447
-4157
806
1026185
-7
-6
9
-451
-4155
814
1027210
-15
-3
12
-461
-4167
808
1028235
-16
-1
13
-472
-4163
803
1029260
-16
-1
11
-477
-4172
797
1030285
-9
-5
10
-480
-4165
803
1031310
-6
-9
10
-468
-4158
810
1032335
-6
-10
12
-471
-4159
807
1025153
-8
-9
12
-477
-4160
806
1026178
-7
-9
12
-483
-4167
791
1027203
-7
-7
10
-479
-4163
790
1028228
-9
-5
8
-477
-4163
803
1029253
-9
-7
7
-484
-4163
802
1030278
-11
-8
5
-479
-4150
813
1031303
-18
-3
4
-463
-4154
803
1032328
-34
4
6
-457
-4172
788
1033353
-33
7
7
-473
-4157
781
1034378
-23
4
7
-488
-4173
778
1035403
-12
0
3
-495
-4172
783
1036428
-2
-4
0
-490
-4173
784
1037453
5
-8
-4
-477
-4167
787
1038478
7
-9
-3
-458
-4161
787
1039503
5
-3
0
-450
-4162
792
1040528
2
1
3
-465
-4158
795
1033442
2
1
7
-482
-4172
787
1034467
14
-2
6
-486
-4176
771
1035492
26
0
0
-481
-4178
778
1036517
32
3
-3
-469
-4162
793
1037542
34
4
-1
-461
-4162
811
1038567
26
5
2
-461
-4140
824
1039592
13
10
3
-478
-4155
818
1040617
2
15
2
-475
-4175
796
1041642
5
15
1
-466
-4176
787
1042667
14
11
3
-466
-4168
799
1043692
19
6
6
-468
-4158
819
1044717
13
4
7
-475
-4149
826
1045742
3
7
5
-483
-4156
818
1046767
-1
8
4
-483
-4167
812
1047792
-1
3
3
-485
-4165
807
1048817
4
-3
2
-475
-4152
812
1041536
5
-8
3
-478
-4166
816
1042561
3
-11
3
-476
-4157
818
1043586
2
-11
4
-467
-4159
810
1044611
0
-9
6
-476
-4181
813
1045636
2
-9
6
-473
-4169
816
1046661
3
-9
5
-470
-4153
807
1047686
1
-7
5
-479
-4163
809
1048711
-1
-6
5
-478
-4165
817
1049736
-8
-6
5
-477
-4165
811
1050761
-8
-3
4
-474
-4166
808
1051786
-6
-1
6
-473
-4163
805
1052811
-9
-1
8
-478
-4162
815
1053836
-12
-2
7
-478
-4160
804
1054861
-13
-1
6
-478
-4164
790
1055886
-8
-1
6
-470
-4171
789
1056911
-1
-2
8
-474
-4169
811
1049731
-1
-2
8
-474
-4156
811
1050756
-5
-4
9
-483
-4159
814
1051781
-9
-6
7
-475
-4156
808
1052806
-5
-8
8
-485
-4180
794
1053831
-1
-8
8
-480
-4167
802
1054856
2
-8
8
-478
-4158
799
1055881
3
-10
8
-477
-4172
809
1056906
2
-8
6
-487
-4164
809
1057931
-5
-2
5
-485
-4160
811
1058956
-16
1
2
-479
-4161
812
1059981
-18
2
3
-474
-4161
801
1061006
-12
0
6
-471
-4172
791
1062031
-7
-1
7
-473
-4171
796
1063056
-6
-1
7
-467
-4159
802
1064081
-7
-3
9
-481
-4164
798
1065106
-5
-6
10
-492
-4173
801
1057920
7
-10
9
-494
-4168
809
1058945
13
-12
8
-483
-4158
791
1059970
10
-9
4
-483
-4169
806
1060995
11
-8
3
-485
-4152
809
1062020
11
-8
5
-486
-4156
810
1063045
4
-7
4
-476
-4157
809
1064070
-1
-4
2
-475
-4159
801
1065095
-6
0
3
-476
-4168
812
1066120
-6
1
4
-479
-4169
808
1067145
-4
0
3
-482
-4162
801
1068170
-5
1
2
-471
-4161
798
1069195
-6
2
4
-472
-4175
803
1070220
-4
-1
8
-476
-4164
803
1071245
-4
-5
10
-498
-4161
797
1072270
-4
-8
7
-505
-4169
790
1073295
-1
-8
0
-494
-4174
789
1066112
8
-10
-2
-477
-4180
794
1067137
14
-10
0
-459
-4169
806
1068162
14
-7
4
-457
-4156
810
1069187
5
-10
9
-475
-4150
813
1070212
-1
-11
10
-477
-4165
803
1071237
-3
-7
10
-484
-4180
790
1072262
0
-5
7
-471
-4165
795
1073287
3
-6
11
-480
-4173
796
1074312
9
-12
11
-492
-4156
809
1075337
11
-14
8
-502
-4154
826
1076362
7
-12
4
-495
-4154
818
1077387
0
-11
0
-490
-4165
820
1078412
13
-13
-1
-490
-4202
781
1079437
54
-23
-2
-484
-4131
789
1080462
31
-26
0
-485
-4220
810
1081487
64
-25
-6
-462
-4116
841
1074304
25
-17
0
-461
-4172
845
1075329
17
-9
2
-468
-4163
845
1076354
3
-6
5
-471
-4155
829
1077379
1
-8
9
-471
-4162
819
1078404
6
-12
12
-475
-4167
827
1079429
7
-15
12
-488
-4156
834
1080454
1
-15
10
-485
-4157
829
1081479
-1
-11
7
-492
-4163
827
1082504
-6
-11
5
-487
-4159
830
1083529
-6
-10
3
-470
-4167
820
1084554
-3
-10
3
-471
-4161
821
1085579
1
-9
4
-472
-4158
827
1086604
-1
-8
6
-471
-4158
833
1087629
-7
-4
6
-479
-4150
839
1088654
-13
-3
6
-485
-4166
828
1089679
-13
-2
4
-490
-4167
823
1082496
-13
-5
2
-482
-4167
816
1083521
-4
-11
2
-487
-4172
831
1084546
4
-18
2
-494
-4153
832
1085571
9
-20
0
-486
-4158
825
1086596
5
-18
-2
-482
-4172
830
1087621
-3
-16
-1
-467
-4151
838
1088646
-1
-15
1
-461
-4150
819
1089671
7
-9
2
-464
-4170
815
1090696
2
1
1
-468
-4168
827
1091721
-3
8
1
-460
-4153
834
1092746
-5
8
5
-477
-4151
844
1093771
-7
6
4
-502
-4150
837
1094796
-7
5
-2
-500
-4183
817
1095821
4
5
-8
-477
-4179
803
1096846
12
5
-7
-459
-4147
819
1097871
12
5
-2
-457
-4163
838
1090687
7
6
3
-458
-4151
846
1091712
-2
6
7
-461
-4152
842
1092737
-8
8
9
-478
-4164
828
1093762
-6
7
7
-487
-4173
817
1094787
2
4
4
-480
-4168
808
1095812
12
2
2
-479
-4164
819
1096837
16
-1
3
-473
-4149
830
1097862
13
-2
4
-477
-4146
838
1098887
7
0
4
-475
-4164
844
1099912
3
0
5
-473
-4158
836
1100937
2
-1
5
-472
-4158
817
1101962
7
-1
5
-474
-4162
819
1102987
9
0
4
-472
-4164
827
1104012
6
-1
5
-479
-4154
842
1105037
6
-2
6
-485
-4147
839
1106062
3
-2
3
-481
-4155
833
1098880
-4
0
1
-474
-4159
832
1099905
-4
-1
1
-480
-4153
848
1100930
5
-3
3
-479
-4169
846
1101955
1
-6
3
-470
-4163
825
1102980
-13
-1
2
-470
-4147
840
1104005
-9
-3
7
-481
-4166
833
1105030
-6
-7
8
-486
-4160
832
1106055
-7
-8
6
-465
-4150
833
1107080
-7
-4
6
-472
-4172
833
1108105
-6
-2
6
-476
-4153
835
1109130
-7
-2
8
-481
-4156
828
1110155
-4
-5
8
-487
-4168
836
1111180
-6
-7
5
-484
-4147
829
1112205
-6
-7
3
-473
-4145
830
1113230
-4
-10
4
-480
-4168
828
1114255
-5
-11
5
-476
-4151
826
1107233
-7
-9
6
-457
-4159
822
1108258
-6
-5
9
-469
-4164
834
1109283
-7
-5
10
-482
-4151
829
1110308
-8
-8
11
-489
-4162
831
1111333
-9
-8
9
-487
-4164
837
1112358
-9
-9
8
-481
-4148
832
1113383
-7
-11
8
-482
-4155
820
1114408
-2
-12
7
-483
-4167
814
1115433
-1
-9
5
-473
-4158
818
1116458
-4
-5
6
-465
-4152
834
1117483
-2
-3
8
-474
-4155
835
1118508
-5
-3
8
-483
-4153
815
1119533
-5
-3
7
-483
-4161
850
1120558
12
0
6
-499
-4128
845
1121583
1
2
1
-499
-4177
821
1122608
-19
5
-1
-473
-4165
813
1115263
-11
3
0
-473
-4153
801
1116288
13
-3
3
-478
-4166
809
1117313
21
-7
2
-489
-4160
831
1118338
15
-5
1
-476
-4157
836
1119363
6
-1
0
-469
-4156
841
1120388
-1
0
3
-474
-4145
836
1121413
2
-3
4
-491
-4150
827
1122438
9
-6
1
-508
-4164
813
1123463
16
-9
-5
-495
-4167
828
1124488
23
-5
-10
-466
-4163
835
1125513
22
1
-7
-461
-4159
838
1126538
16
4
-4
-467
-4142
839
1127563
5
8
-1
-470
-4167
839
1128588
2
11
0
-469
-4149
843
1129613
4
8
3
-489
-4145
843
1130638
1
2
4
-489
-4163
835
1123456
1
-5
1
-486
-4160
836
1124481
4
-10
-1
-471
-4151
834
1125506
6
-14
5
-466
-4169
831
1126531
11
-17
11
-470
-4162
833
1127556
7
-15
9
-483
-4142
851
1128581
3
-5
3
-479
-4152
863
1129606
-8
3
-2
-480
-4154
859
1130631
-18
7
0
-464
-4138
854
1131656
-23
9
4
-473
-4158
832
1132681
-17
5
7
-478
-4159
827
1133706
-10
-1
9
-479
-4159
834
1134731
-11
-6
8
-485
-4163
827
1135756
-13
-9
10
-472
-4177
823
1136781
-5
-6
7
-489
-4125
847
1137806
-1
-9
6
-484
-4184
831
1138831
2
-6
1
-482
-4138
836
1131649
-10
-3
1
-465
-4151
839
1132674
-10
1
3
-466
-4158
827
1133699
-7
4
5
-468
-4151
838
1134724
-11
3
7
-481
-4158
830
1135749
-13
2
9
-472
-4158
827
1136774
-16
1
9
-479
-4156
827
1137799
-11
-1
9
-494
-4164
814
1138824
3
-6
5
-512
-4175
812
1139849
12
-11
-2
-501
-4160
829
1140874
10
-9
-3
-469
-4156
835
1141899
4
-7
0
-467
-4148
845
1142924
-7
-4
5
-457
-4148
840
1143949
-7
-4
11
-464
-4168
826
1144974
-5
-1
13
-475
-4149
824
1145999
-6
-4
12
-485
-4158
824
1147024
-1
-9
12
-507
-4163
834
1139840
5
-14
7
-514
-4154
822
1140865
3
-14
-3
-498
-4157
826
1141890
-1
-14
-5
-474
-4159
833
1142915
-2
-14
-2
-460
-4152
832
1143940
0
-15
4
-465
-4151
836
1144965
0
-14
9
-469
-4154
829
1145990
-6
-9
9
-476
-4164
827
1147015
-8
-7
8
-483
-4165
827
1148040
-7
-6
9
-482
-4160
828
1149065
-9
-5
7
-485
-4158
829
1150090
-11
-5
4
-477
-4154
826
1151115
-9
-8
5
-483
-4159
827
1152140
-4
-12
7
-490
-4165
822
1153165
-8
-16
4
-487
-4150
829
1154190
-12
-14
3
-487
-4152
839
1155215
-11
-14
2
-477
-4165
831
1148032
-9
-11
3
-474
-4162
821
1149057
-13
-5
2
-472
-4161
821
1150082
-16
-2
1
-470
-4159
822
1151107
-14
-5
4
-480
-4153
822
1152132
-10
-4
4
-492
-4159
820
1153157
-9
-5
-1
-490
-4156
824
1154182
-9
-5
-3
-483
-4151
817
1155207
-11
-3
-4
-467
-4161
831
1156232
-13
0
-1
-476
-4147
818
1157257
-12
-1
-3
-479
-4160
822
1158282
-10
-4
-1
-476
-4161
811
1159307
-10
-5
0
-469
-4171
811
1160332
-8
-6
2
-469
-4165
815
1161357
-7
-7
4
-483
-4170
807
1162382
4
-6
0
-483
-4196
796
1163407
39
-7
-1
-462
-4152
804
1156224
18
-4
2
-462
-4170
826
1157249
9
-1
1
-463
-4140
846
1158274
-9
2
6
-473
-4158
834
1159299
-11
2
7
-485
-4168
813
1160324
-7
-1
3
-495
-4174
807
1161349
4
-6
1
-484
-4174
809
1162374
10
-9
0
-464
-4163
818
1163399
6
-7
2
-447
-4148
830
1164424
-1
-4
8
-456
-4158
832
1165449
-8
0
9
-474
-4164
830
1166474
-13
1
9
-480
-4156
820
1167499
-17
1
7
-480
-4172
814
1168524
-8
-3
5
-483
-4171
807
1169549
0
-6
4
-483
-4161
811
1170574
5
-7
3
-476
-4159
812
1171599
3
-7
4
-463
-4158
818
1164416
-4
-6
7
-473
-4149
829
1165441
-8
-5
8
-475
-4157
816
1166466
-6
-5
8
-482
-4169
812
1167491
-4
-6
6
-476
-4172
813
1168516
0
-4
5
-477
-4161
813
1169541
1
-3
5
-475
-4157
818
1170566
-1
-1
6
-473
-4167
826
1171591
-2
-3
6
-478
-4162
820
1172616
-3
-4
5
-478
-4168
820
1173641
-2
-3
6
-476
-4166
821
1174666
3
-2
5
-481
-4155
820
1175691
3
0
4
-481
-4165
814
1176716
4
-2
2
-485
-4162
820
1177741
7
-4
0
-487
-4166
825
1178766
9
-4
0
-478
-4164
821
1179791
7
-5
1
-481
-4162
815
1172608
7
-7
-1
-479
-4152
823
1173633
16
-8
0
-474
-4174
817
1174658
17
-4
-1
-468
-4170
813
1175683
8
2
0
-462
-4157
821
1176708
7
2
4
-477
-4162
840
1177733
15
0
3
-490
-4163
825
1178758
14
2
-2
-479
-4170
822
1179783
9
5
-3
-463
-4164
836
1180808
6
4
1
-459
-4156
844
1181833
5
2
6
-466
-4153
835
1182858
4
6
7
-460
-4150
833
1183883
7
11
5
-465
-4165
838
1184908
6
12
10
-467
-4162
843
1185933
-8
12
12
-476
-4149
838
1186958
-11
11
12
-494
-4151
831
1187983
-6
3
9
-495
-4157
816
1180801
2
-5
9
-480
-4180
810
1181826
7
-11
14
-486
-4169
823
1182851
12
-12
10
-501
-4150
839
1183876
10
-14
7
-485
-4159
843
1184901
2
-10
4
-476
-4144
850
1185926
-5
-6
5
-472
-4159
838
1186951
-7
5
4
-481
-4140
823
1187976
-10
10
0
-494
-4175
839
1189001
-3
4
2
-497
-4169
826
1190026
3
-2
0
-473
-4152
828
1191051
3
-4
2
-472
-4155
826
1192076
0
-6
6
-473
-4176
835
1193101
-4
-6
9
-467
-4153
837
1194126
-6
-1
8
-482
-4150
845
1195151
-8
1
6
-481
-4167
838
1196176
-12
0
7
-481
-4165
821
1188993
-11
-6
12
-480
-4163
818
1190018
2
-11
13
-489
-4158
831
1191043
12
-14
11
-497
-4154
835
1192068
6
-14
10
-490
-4160
831
1193093
-4
-13
8
-474
-4154
846
1194118
5
-11
9
-481
-4158
842
1195143
3
-8
9
-487
-4150
834
1196168
-4
-4
6
-473
-4149
842
1197193
-12
0
8
-490
-4163
835
1198218
-13
-2
7
-489
-4167
848
1199243
-7
-5
8
-491
-4135
823
1200268
-13
-4
6
-502
-4173
830
1201293
-13
-6
4
-492
-4171
820
1202318
-13
-11
4
-483
-4148
820
1203343
3
-12
7
-480
-4172
827
1204368
2
-13
9
-479
-4175
834
1197184
-1
-12
9
-485
-4134
831
1198209
-6
-10
10
-498
-4162
826
1199234
-6
-7
5
-497
-4164
833
1200259
-6
-5
3
-492
-4153
815
1201284
-3
-3
1
-484
-4170
819
1202309
4
-4
1
-483
-4158
828
1203334
5
-5
3
-479
-4153
834
1204359
3
-4
6
-488
-4169
827
1205384
1
-4
7
-486
-4163
825
1206409
-2
-4
7
-477
-4156
825
1207434
1
-6
7
-489
-4166
826
1208459
3
-8
8
-497
-4163
828
1209484
4
-8
8
-494
-4155
823
1210509
2
-8
4
-489
-4167
833
1211534
8
-6
4
-485
-4149
835
1212559
1
-3
4
-490
-4159
827
1205375
-2
-2
1
-492
-4154
840
1206400
0
-2
2
-481
-4162
829
1207425
2
-1
1
-480
-4165
834
1208450
1
0
1
-479
-4153
827
1209475
3
3
1
-489
-4172
834
1210500
4
3
0
-488
-4160
831
1211525
2
6
-1
-479
-4150
817
1212550
0
6
0
-486
-4175
820
1213575
6
8
1
-472
-4167
830
1214600
-1
11
0
-490
-4133
829
1215625
7
7
0
-487
-4158
818
1216650
13
6
0
-500
-4184
820
1217675
19
4
-3
-491
-4158
839
1218700
20
4
-4
-496
-4148
851
1219725
10
6
-7
-485
-4141
848
1220750
2
11
-10
-479
-4164
838
1213568
1
10
-8
-468
-4172
834
1214593
11
8
-5
-473
-4164
839
1215618
15
4
-1
-473
-4163
823
1216643
11
4
2
-472
-4167
847
1217668
12
1
6
-474
-4154
869
1218693
3
-4
10
-501
-4155
852
1219718
-5
-7
7
-508
-4143
834
1220743
2
-9
1
-499
-4174
820
1221768
15
-10
-5
-488
-4181
832
1222793
23
-9
-7
-467
-4156
844
1223818
17
-2
-5
-466
-4152
863
1224843
6
3
-3
-472
-4152
872
1225868
-2
6
-1
-476
-4155
871
1226893
-7
11
-1
-486
-4144
822
1227918
-9
13
-6
-487
-4180
829
1228943
