Device = VHR-0009
time_stamp = 1779782787370
sample_rate = 50
Data format = INT16
TYPE = 6-AXIS IMU RAW DATA
0
6
9
-89
414
4275
74880
7
0
22
-92
431
4273
75905
2
-7
33
-91
436
4274
76930
-5
-16
42
-86
428
4267
77955
-5
-23
52
-76
415
4256
78980
-2
-27
50
-80
423
4244
80005
-15
-26
34
-65
449
4230
81030
-45
-24
18
-64
437
4206
82055
-67
-14
6
-57
387
4192
83080
-61
-1
-6
-39
349
4201
84105
-45
13
-12
-31
332
4186
85130
-27
25
-10
-47
322
4201
86155
-3
35
-1
-67
318
4244
87180
25
36
9
-103
324
4292
88205
46
25
11
-107
359
4327
89230
55
8
7
-101
387
4317
90255
51
-11
7
-115
402
4299
83072
47
-27
5
-112
426
4294
84097
39
-38
1
-93
462
4286
85122
19
-48
-6
-66
465
4237
86147
-2
-44
-13
-54
468
4192
87172
-18
-32
-10
-55
470
4179
88197
-38
-19
-1
-58
434
4211
89222
-39
-6
12
-63
423
4215
90247
-31
1
28
-63
410
4222
91272
-25
6
40
-60
403
4248
92297
-25
5
43
-59
401
4261
93322
-31
2
36
-66
370
4259
94347
-31
-6
22
-75
352
4265
95372
-27
-11
6
-62
363
4242
96397
-33
-8
-6
-54
357
4217
97422
-29
-2
-11
-47
304
4218
98447
1
4
-13
-54
331
4234
91264
19
9
-12
-66
367
4233
92289
20
12
-10
-77
370
4257
93314
29
12
-4
-78
382
4271
94339
38
8
3
-76
404
4281
95364
37
-4
5
-86
443
4299
96389
23
-18
8
-93
462
4292
97414
1
-26
10
-83
456
4271
98439
-15
-29
14
-66
416
4247
99464
-18
-28
14
-51
419
4232
100489
-21
-27
17
-47
427
4217
101514
-31
-21
22
-45
383
4205
102539
-26
-14
21
-44
358
4221
103564
-13
-5
19
-49
353
4220
104589
-7
2
16
-59
363
4222
105614
-1
8
11
-61
359
4241
106639
2
9
5
-52
354
4258
99457
10
5
-1
-65
369
4266
100482
12
1
-6
-70
379
4259
101507
5
1
-11
-72
402
4241
102532
2
-5
-12
-70
388
4253
103557
10
-5
-8
-68
419
4251
104582
7
-5
-3
-46
417
4244
105607
-1
-4
2
-54
415
4228
106632
-2
-3
6
-59
418
4228
107657
-9
0
9
-66
403
4229
108682
-10
3
10
-61
378
4243
109707
-4
7
10
-60
376
4246
110732
-2
6
10
-64
380
4254
111757
-1
3
10
-65
381
4256
112782
2
5
11
-68
388
4249
113807
8
2
11
-69
394
4274
114832
8
-4
19
-74
389
4276
107649
11
-9
28
-79
402
4254
108674
13
-13
30
-76
411
4247
109699
-1
-15
25
-65
440
4256
110724
-21
-20
18
-55
410
4232
111749
-35
-17
3
-36
397
4197
112774
-45
-9
-17
-22
390
4191
113799
-52
1
-36
-19
351
4208
114824
-45
17
-47
-27
337
4178
115849
-36
36
-48
-25
326
4166
116874
-13
54
-40
-51
321
4211
117899
16
63
-26
-77
327
4270
118924
40
60
-10
-103
340
4300
119949
59
47
5
-128
356
4317
120974
74
26
18
-145
384
4353
121999
80
3
26
-150
435
4356
123024
68
-22
29
-115
458
4312
115841
49
-41
26
-90
451
4283
116866
38
-53
25
-84
471
4262
117891
23
-59
28
-77
478
4229
118916
4
-54
28
-78
470
4195
119941
-11
-43
28
-56
448
4181
120966
-32
-26
26
-33
456
4161
121991
-55
-6
21
-17
414
4151
123016
-58
12
11
-23
355
4190
124041
-41
27
-2
-30
327
4197
125066
-32
38
-18
-45
354
4199
126091
-39
47
-32
-68
330
4227
127116
-33
57
-47
-86
316
4235
128141
-15
53
-50
-100
311
4318
129166
14
34
-47
-120
275
4368
130191
51
7
-48
-129
288
4350
131216
80
-20
-52
-131
370
4319
124032
92
-37
-44
-133
425
4275
125057
85
-45
-34
-119
468
4239
126082
74
-44
-24
-74
516
4211
127107
59
-36
-7
-55
521
4213
128132
46
-29
8
-48
515
4192
129157
34
-21
16
-50
530
4192
130182
9
-12
24
-60
510
4202
131207
-10
4
36
-60
470
4188
132232
-14
19
51
-52
420
4194
133257
1
27
61
-68
401
4227
134282
16
27
57
-87
409
4264
135307
16
24
50
-109
412
4273
136332
12
11
41
-122
409
4294
137357
16
-6
30
-140
409
4307
138382
13
-21
12
-129
444
4294
139407
-11
-28
-8
-70
458
4219
132224
-35
-31
-18
-41
407
4210
133249
-18
-23
-21
-50
385
4194
134274
1
-8
-19
-43
433
4155
135299
-5
14
-12
-27
421
4148
136324
12
38
-2
-40
417
4180
137349
29
52
8
-66
458
4212
138374
25
56
18
-88
474
4237
139399
16
55
29
-109
469
4254
140424
11
47
29
-127
454
4302
141449
13
27
19
-167
460
4356
142474
4
2
7
-183
466
4350
143499
-6
-25
0
-184
455
4324
144524
-20
-51
-7
-180
461
4338
145549
-36
-76
-8
-150
447
4338
146574
-42
-97
0
-114
414
4288
147599
-30
-106
13
-79
413
4238
140626
-15
-108
26
-41
432
4208
141651
-7
-101
35
-24
419
4208
142676
3
-92
36
-26
410
4198
143701
3
-85
26
-17
436
4194
144726
-6
-72
14
-13
457
4188
145751
-20
-57
6
-22
467
4180
146776
-37
-47
3
-14
457
4192
147801
-44
-36
5
11
457
4196
148826
-47
-25
10
20
474
4205
149851
-55
-17
18
1
436
4209
150876
-58
-10
24
-2
408
4215
151901
-49
-4
32
-2
405
4237
152926
-38
-2
39
-14
393
4249
153951
-33
-4
45
-19
395
4245
154976
-33
-8
48
-25
397
4257
156001
-34
-11
49
-22
361
4264
148608
-25
-14
48
-21
348
4248
149633
-14
-17
40
-24
344
4256
150658
2
-18
32
-11
348
4264
151683
10
-20
29
3
372
4253
152708
6
-22
27
6
365
4238
153733
12
-24
26
-1
366
4240
154758
22
-26
19
-1
373
4239
155783
28
-21
9
5
388
4227
156808
25
-16
3
7
401
4233
157833
16
-14
-3
5
409
4222
158858
-1
-7
-6
24
410
4209
159883
-7
1
-4
32
400
4222
160908
6
7
4
23
399
4235
161933
20
10
11
6
422
4237
162958
17
12
18
-4
447
4232
163983
1
16
24
7
440
4212
156800
-8
19
30
8
430
4229
157825
-7
25
36
12
413
4222
158850
-8
29
36
22
402
4207
159875
-13
36
30
15
381
4203
160900
-16
50
16
7
390
4183
161925
-23
63
4
-13
366
4216
162950
-21
71
-6
-37
336
4244
163975
-1
76
-9
-36
352
4223
165000
7
79
-12
-45
344
4245
166025
28
76
-11
-71
349
4303
167050
45
65
-5
-72
376
4275
168075
47
54
-1
-67
396
4268
169100
54
46
4
-64
407
4285
170125
71
37
9
-79
432
4272
171150
71
34
12
-82
455
4241
172175
66
34
17
-85
483
4233
164992
55
34
25
-87
479
4227
166017
36
38
31
-77
482
4195
167042
19
43
36
-73
478
4189
168067
0
51
37
-71
444
4149
169092
1
60
46
-69
469
4173
170117
13
45
42
-113
373
4373
171142
87
3
27
-129
371
4468
172167
86
-30
33
-194
544
4331
173192
22
-49
43
-155
510
4183
174217
-13
-33
32
-93
422
4220
175242
15
-23
37
-79
428
4263
176267
36
-28
56
-79
491
4264
177292
24
-27
64
-68
463
4256
178317
16
-14
62
-49
499
4145
179342
-41
3
71
-44
582
4120
180367
-88
16
71
-51
449
4226
173183
-41
26
50
-84
498
4293
174208
-42
26
60
-83
493
4208
175233
-73
42
72
-45
441
4066
176258
-75
81
77
-37
448
4075
177283
-65
115
81
-51
400
4184
178308
-52
134
80
-77
386
4215
179333
-63
139
77
-102
411
4240
180358
-85
134
83
-107
253
4261
181383
1
126
53
-152
282
4297
182408
50
117
52
-158
363
4293
183433
62
96
58
-209
406
4374
184458
24
78
102
-254
268
4385
185483
108
72
167
-226
231
4423
186508
258
56
213
-127
622
4497
187533
336
32
249
-54
624
4533
188558
289
21
300
-339
421
4612
181376
232
-28
340
-562
365
4810
182401
151
-97
346
-595
156
4901
183426
92
-173
311
-726
-13
4848
184451
73
-230
268
-721
-24
4694
185476
100
-252
245
-645
77
4673
186501
32
-267
230
-618
33
4645
187526
-52
-275
239
-594
-62
4347
188551
1
-295
182
-487
133
4232
189576
55
-302
179
-344
135
4381
190601
141
-333
158
-419
33
4449
191626
245
-394
138
-424
476
4474
192651
194
-520
271
-279
403
4223
193676
180
-626
348
15
421
3841
194701
190
-619
392
303
678
3679
195726
146
-602
426
290
535
4014
196751
43
-651
447
124
201
4066
189568
43
-681
441
224
518
3912
190593
67
-760
491
413
781
3722
191618
-117
-812
558
779
595
3341
192643
-195
-779
489
1026
488
3426
193668
-205
-738
388
837
377
3742
194693
-206
-749
297
474
368
3816
195718
-243
-764
188
812
589
3441
196743
-228
-678
53
1365
586
3290
197768
-201
-545
-95
1303
390
3445
198793
-249
-437
-228
959
364
3436
199818
-319
-345
-334
853
464
3350
200843
-265
-213
-405
1058
528
3383
201868
-114
-44
-490
1193
613
3599
202893
-166
155
-623
912
677
3818
203918
-295
429
-805
691
750
4058
204943
-147
677
-963
612
804
4359
197759
94
844
-1002
470
1016
4577
198784
201
917
-926
440
1226
4469
199809
205
922
-758
357
1127
4463
200834
245
859
-579
392
1374
4694
201859
176
745
-382
975
1653
4750
202884
18
604
-175
1118
1287
4813
203909
-23
507
-103
819
973
4680
204934
109
467
-123
673
1015
4453
205959
224
405
-81
670
1139
4376
206984
235
327
-24
628
1074
4384
208009
268
253
-11
632
869
4339
209034
391
232
-19
648
924
4251
210059
469
204
-1
631
1049
4151
211084
413
168
17
639
1029
4073
212109
338
148
21
619
948
3980
213134
298
140
38
544
901
3868
205952
274
120
78
449
832
3932
206977
269
77
118
340
787
4068
208002
227
7
118
320
768
4016
209027
152
-37
123
310
708
3863
210052
125
-57
107
238
778
3917
211077
82
-90
72
290
797
4065
212102
59
-122
58
321
689
4115
213127
108
-127
29
345
813
4117
214152
129
-121
20
347
908
4133
215177
124
-108
0
349
956
4140
216202
126
-104
0
327
991
4156
217227
125
-103
9
315
1006
4156
218252
155
-95
11
321
1024
4190
219277
135
-81
0
327
1009
4171
220302
146
-66
-27
313
1107
4182
221327
170
-66
-28
307
1115
4219
214145
172
-66
-45
329
1101
4157
215170
187
-53
-54
312
1164
4103
216195
207
-52
-53
292
1210
4147
217220
228
-52
-66
302
1166
4183
218245
243
-42
-88
308
1151
4161
219270
220
-32
-107
265
1163
4068
220295
202
-23
-134
239
1118
4032
221320
213
-6
-168
286
1101
3991
222345
239
12
-188
242
1208
3950
223370
234
14
-187
211
1220
3922
224395
190
26
-176
215
1195
3792
225420
150
51
-169
176
1229
3720
226445
86
70
-175
202
1206
3770
227470
62
87
-165
181
1213
3872
228495
58
99
-145
200
1171
3822
229520
54
125
-139
255
1252
3758
222336
38
153
-120
258
1317
3783
223361
-18
184
-118
245
1259
3790
224386
-61
210
-119
209
1208
3804
225411
-48
226
-108
162
1201
3803
226436
-30
274
-113
264
1274
3708
227461
0
332
-96
256
1290
3593
228486
32
435
-117
202
1426
3654
229511
-126
578
-146
243
1812
3666
230536
-358
685
-37
255
1735
3177
231561
-577
909
76
125
1114
2656
232586
-558
775
-116
-1551
827
6228
233611
-685
230
-293
-1567
623
6361
234636
-356
330
128
328
1039
3118
235661
58
198
225
-125
1623
3379
236686
-217
-118
223
-1411
513
5569
237711
33
-533
192
-1471
-373
6494
230528
801
-844
251
-638
-303
5503
231553
1053
-906
-71
568
3140
3200
232578
585
-798
294
1370
3910
2474
233603
-265
-669
499
-190
676
3796
234628
67
-393
262
-488
1157
3639
235653
404
-225
326
-50
1186
3629
236678
408
-140
274
34
1256
3880
237703
75
-90
178
82
1160
3810
238728
-62
-64
159
-9
806
3801
239753
88
-20
95
-59
755
4002
240778
253
-10
30
34
982
4160
241803
311
-27
6
44
1260
4115
242828
223
-28
13
52
1354
3951
243853
118
-6
38
88
1285
3864
244878
78
19
60
99
1178
4000
245903
120
38
62
131
1243
4089
238720
134
45
82
176
1428
3916
239745
98
36
128
186
1345
3751
240770
175
68
128
233
1413
3804
241795
273
121
140
237
1456
3857
242820
302
135
158
222
1449
3910
243845
279
155
179
218
1329
3963
244870
260
191
171
210
1317
3933
245895
224
228
148
126
1500
3836
246920
115
235
121
9
1509
3882
247945
64
237
72
-9
1342
3961
248970
170
255
19
-3
1316
3942
249995
320
263
-25
2
1418
3872
251020
397
245
-69
23
1540
3778
252045
395
235
-108
7
1751
3649
253070
302
218
-101
-22
1800
3607
254095
196
190
-98
-20
1738
3661
246912
154
156
-101
-44
1749
3728
247937
109
98
-112
-87
1787
3753
248962
54
23
-120
-95
1899
3711
249987
-21
-45
-98
-84
2058
3619
251012
-131
-83
-76
-40
2062
3592
252037
-238
-81
-49
5
1845
3682
253062
-247
-62
-51
36
1822
3830
254087
-197
-65
-35
10
1790
3988
255112
-140
-81
-13
21
1728
4010
256137
-82
-93
7
50
1681
3943
257162
-42
-90
35
47
1609
3894
258187
5
-84
53
17
1539
3962
259212
68
-98
54
25
1531
4035
260237
86
-126
63
48
1540
4007
261262
42
-149
52
15
1583
3891
262287
7
-149
33
-19
1692
3748
255105
-54
-123
23
-7
1622
3619
256130
-73
-76
1
41
1491
3646
257155
-54
-20
-25
95
1562
3719
258180
-46
22
-32
118
1678
3782
259205
-72
48
-37
116
1716
3833
260230
-118
72
-40
123
1659
3809
261255
-116
107
-54
122
1651
3756
262280
-83
156
-59
136
1721
3707
263305
-64
203
-36
108
1583
3725
264330
13
225
-9
-6
1528
3739
265355
32
245
-14
-3
1604
3787
266380
-44
253
-32
48
1547
3803
267405
-59
270
-19
-7
1564
3682
268430
-62
311
5
-75
1453
3659
269455
-126
340
-36
-66
1306
3680
270480
-117
390
-60
-216
1649
3659
263295
-144
457
-46
139
1682
3592
264320
-278
534
-32
56
1307
3269
265345
-662
759
-88
-412
1763
3073
266370
-602
190
-312
-2135
741
8127
267395
-662
-139
-228
-1177
1351
4850
268420
-682
163
333
767
2262
1862
269445
-271
-362
188
-871
-135
4816
270470
-200
-723
-84
-1724
270
6372
271495
495
-969
193
-960
-131
5698
272520
843
-1242
-127
222
1402
3911
273545
745
-999
-213
1463
4247
1835
274570
-46
-794
238
346
1685
3172
275595
-117
-496
-19
-416
1204
3533
276620
292
-256
18
-51
1307
3656
277645
512
-151
48
107
1599
3931
278670
217
-126
-32
122
1638
3903
271488
-105
-48
-66
75
1619
3505
272513
-108
41
-8
-26
1269
3603
273538
71
65
-55
49
1265
4095
274563
219
34
-71
105
1450
4108
275588
216
56
-56
108
1846
3710
276613
68
75
17
118
1683
3639
277638
-34
110
39
116
1459
3832
278663
-48
142
19
145
1496
3920
279688
21
146
37
151
1573
3940
280713
97
128
84
152
1616
4001
281738
125
136
119
128
1841
3857
282763
44
121
168
28
1454
4028
283788
13
88
119
-30
1039
4204
284813
129
59
38
-4
1331
4161
285838
173
-1
35
12
1508
4039
286863
113
-41
36
46
1615
3878
279780
38
-40
41
29
1670
3660
280805
-30
-36
61
8
1408
3568
281830
5
-17
52
6
1377
3625
282855
24
22
22
34
1590
3640
283880
-26
57
28
86
1713
3600
284905
-121
80
45
65
1519
3677
285930
-142
102
27
60
1468
3771
286955
-102
123
10
73
1558
3791
287980
-117
154
2
133
1668
3685
289005
-153
197
6
66
1622
3815
290030
-171
210
0
-33
1491
3990
291055
-134
202
-21
-50
1510
4093
292080
-102
186
-39
-73
1525
4086
293105
-87
172
-53
-68
1560
3990
294130
-115
167
-40
-49
1604
3796
295155
-170
179
-7
-67
1524
3701
287872
-203
196
11
-72
1419
3789
288897
-234
198
23
-89
1399
3870
289922
-263
176
46
-139
1380
3927
290947
-272
144
48
-177
1336
3990
291972
-250
110
47
-214
1286
4006
292997
-203
75
39
-288
1167
4005
294022
-132
42
12
-316
1204
4010
295047
-97
4
-10
-292
1349
4002
296072
-140
-31
-18
-242
1425
3969
297097
-180
-37
-8
-223
1469
3917
298122
-192
-37
7
-203
1378
3947
299147
-187
-28
11
-177
1327
3967
300172
-146
-15
20
-225
1417
3955
301197
-137
-18
35
-270
1457
3967
302222
-170
-15
56
-266
1322
3995
303247
-165
4
53
-180
1235
3946
296064
-115
22
55
-138
1179
3940
297089
42
27
30
-110
1228
3957
298114
213
120
-2
-27
1398
3953
299139
257
223
-25
17
1979
3853
300164
-77
340
97
-55
2187
3168
301189
-364
399
299
-826
980
3792
302214
-800
206
89
-1594
125
5226
303239
-631
195
92
19
1003
4178
304264
-133
143
253
234
990
3622
305289
-131
64
222
-495
1169
4110
306314
-111
-19
376
-648
796
4644
307339
-20
-175
345
-490
427
4788
308364
121
-380
234
-585
281
5159
309389
216
-466
64
45
1037
4788
310414
338
-499
28
781
2204
3558
311439
60
-369
164
671
1952
3104
304256
-319
-229
65
-106
1182
3625
305281
-181
-115
78
-114
557
3882
306306
40
-38
-18
130
895
3919
307331
36
4
-101
110
1440
3888
308356
-152
-51
-59
12
1033
4167
309381
-219
-101
-64
49
683
4421
310406
-117
-148
-120
99
974
4451
311431
-71
-218
-93
91
1186
4264
312456
-62
-276
-55
118
1142
4001
313481
-62
-276
-36
153
1117
3927
314506
-110
-244
-2
138
1040
3966
315531
-111
-232
-19
125
1065
4067
316556
-77
-238
-30
111
1163
4139
317581
-59
-232
3
119
1159
4072
318606
-91
-213
8
131
945
4042
319631
-62
-171
-21
99
967
4038
312451
-43
-131
-46
88
1096
4035
313476
-71
-117
-66
57
1019
4160
314501
-56
-95
-75
38
990
4195
315526
-14
-61
-72
19
1032
4117
316551
-26
-31
-83
36
1095
3997
317576
-64
27
-76
32
1081
3900
318601
-75
77
-75
-22
997
4025
319626
-63
106
-78
-35
951
4164
320651
-21
120
-73
-11
1026
4139
321676
-3
140
-46
35
1051
4028
322701
-45
157
-26
85
990
4032
323726
-93
164
-10
84
928
4137
324751
-69
135
0
24
946
4275
325776
-38
87
20
13
996
4334
326801
-26
33
39
100
1020
4231
327826
-28
11
40
198
1044
4060
320640
-38
14
33
263
1066
3982
321665
-57
35
31
168
942
4081
322690
-15
29
15
117
948
4179
323715
22
22
13
116
951
4191
324740
35
0
-7
125
973
4206
325765
16
-13
-17
141
985
4124
326790
7
-20
-18
103
945
4110
327815
1
-27
-37
69
915
4144
328840
15
-28
-45
59
933
4108
329865
28
-28
-53
39
956
4121
330890
29
-32
-50
13
1033
4132
331915
35
-36
-29
27
1005
4105
332940
35
-16
-33
66
949
4102
333965
80
18
-25
105
1003
3996
334990
145
53
-16
136
1095
3857
336015
152
167
-57
205
1161
3706
328832
28
297
-86
186
1568
3606
329857
-289
378
87
91
1212
3275
330882
-318
358
81
-912
395
5062
331907
-658
-40
-208
-1399
729
6562
332932
-483
-28
72
448
1191
3621
333957
-71
49
172
520
179
2926
334982
172
15
6
-189
811
3278
336007
395
131
237
-225
1279
4217
337032
185
-58
306
-431
818
5373
338057
-71
-252
191
-673
66
5240
339082
265
-517
82
-236
-364
5229
340107
747
-529
-139
850
1736
3383
341132
663
-408
-33
1406
2938
2875
342157
-2
-259
123
165
1249
3583
343182
7
-43
90
-225
1004
3599
344207
63
79
75
134
757
3803
337024
59
104
-34
147
646
4216
338049
63
67
-88
40
928
4254
339074
-72
8
-95
77
977
4148
340099
-98
-40
-93
78
978
4202
341124
-64
-52
-93
82
1100
4108
342149
-56
-66
-59
37
1007
4080
343174
-24
-82
-35
38
960
4090
344199
39
-76
-23
39
1227
4041
345224
-26
-71
4
29
1282
4076
346249
-126
-89
21
50
1049
4213
347274
-59
-100
39
69
969
4226
348299
41
-96
49
106
1137
4095
349324
36
-82
73
161
1234
3965
350349
-25
-61
99
174
1125
3922
351374
-26
-23
120
108
953
4022
352399
16
-19
94
59
1032
4231
345216
5
-34
85
84
1069
4251
346241
-3
-39
70
140
1057
4055
347266
17
-28
62
196
1072
3890
348291
-10
2
52
243
1095
3856
349316
-38
29
45
241
965
4008
350341
0
46
23
260
1035
4137
351366
35
43
27
241
1057
4211
352391
12
27
21
235
1005
4163
353416
12
32
18
225
1098
4010
354441
-14
56
23
229
1155
3919
355466
-56
69
33
171
977
4082
356491
-25
80
28
155
935
4155
357516
33
84
18
153
1025
4167
358541
26
87
4
183
1111
4109
359566
-6
97
0
198
1090
4087
360591
-21
109
-4
181
1009
4090
353568
9
120
-8
146
1026
4096
354593
43
127
-19
172
1097
4081
355618
41
134
-21
208
1072
4058
356643
41
139
-21
174
1002
4085
357668
52
142
-20
132
1039
4039
358693
33
145
-20
173
1056
3981
359718
-13
151
-28
126
1043
4039
360743
-34
137
-32
30
1018
4111
361768
-42
105
-42
-2
895
4128
362793
20
70
-64
30
932
4135
363818
87
33
-64
45
1097
4083
364843
48
11
-49
-48
1143
4055
365868
-22
-8
-43
-5
1106
3990
366893
12
-6
-19
66
1034
3970
367918
127
36
-17
139
1019
3878
368943
242
103
-46
12
1247
3793
361600
169
192
-76
85
1340
3734
362625
-37
347
-23
249
1763
3713
363650
-266
319
64
-233
1485
4658
364675
-318
-153
-54
-2134
-213
7166
365700
-941
-65
16
-147
1197
3048
366725
-205
239
288
1139
1795
2446
367750
-224
-146
75
-523
493
4042
368775
-296
-53
13
-766
518
4644
369800
323
-154
247
-194
407
4600
370825
578
-192
319
-198
490
4138
371850
239
-423
56
-724
447
5060
372875
226
-482
-49
115
1302
4576
373900
326
-406
60
1077
2247
3018
374925
-23
-270
203
701
1786
3037
375950
-170
-82
103
-178
702
3753
376975
110
14
58
-95
210
4214
369792
402
44
-28
187
1015
4366
370817
220
-20
-57
172
1322
4315
371842
-106
-111
-76
172
999
4162
372867
-141
-150
-99
186
901
4138
373892
25
-186
-105
164
910
4143
374917
132
-179
-99
166
1101
3981
375942
141
-186
-91
179
1237
3933
376967
10
-165
-72
205
1307
3899
377992
-73
-168
-43
145
1245
4028
379017
-117
-177
-32
169
1187
4076
380042
-71
-188
-7
150
1110
4097
381067
-11
-188
-1
197
1117
3996
382092
32
-158
16
212
1193
3945
383117
11
-138
24
227
1150
3972
384142
-26
-109
30
251
1135
4046
385167
-55
-85
28
243
1063
4077
377984
-51
-56
21
259
1075
4044
379009
-47
-20
8
270
1089
4047
380034
-30
-3
-2
277
1085
4130
381059
-6
12
-5
301
1095
4130
382084
20
20
-4
322
1077
4131
383109
30
21
-7
324
1127
4122
384134
25
17
-2
319
1108
4144
385159
39
-7
5
310
1100
4192
386184
70
-29
29
320
1238
4188
387209
53
-43
74
273
1191
4176
388234
-39
-67
37
331
915
4027
389259
65
-54
-15
391
933
3962
390284
216
-18
-14
327
1262
4033
391309
177
-30
-3
348
1040
4200
392334
68
-39
-72
442
1012
4109
393359
79
-23
-94
351
1275
3870
386176
22
16
-77
328
1077
3757
387201
13
55
-110
304
1074
3973
388226
43
37
-116
234
1182
4146
389251
77
-12
-102
248
1158
4169
390276
109
-50
-87
295
1225
4034
391301
68
-62
-66
320
1191
3855
392326
43
-49
-57
279
1171
3863
393351
14
-36
-59
261
1161
3937
394376
14
-36
-49
262
1180
3992
395401
12
-44
-31
234
1252
4005
396426
-14
-44
-13
238
1237
3940
397451
-24
-38
-3
251
1151
3933
398476
-27
-17
-12
246
1140
3974
399501
-27
11
-23
269
1201
3963
400526
-8
52
-22
301
1278
3926
401551
-10
76
-6
251
1248
3988
394368
-10
104
-11
304
1114
4065
395393
2
166
-74
586
862
3979
396418
26
273
-165
479
1261
3759
397443
-274
488
-88
89
2115
3114
398468
-810
614
63
269
1563
2912
399493
-996
581
-1
-229
961
4787
400518
-588
173
-50
-1546
718
6963
401543
-418
53
257
173
606
3653
402568
569
196
399
1179
1000
2285
403593
192
78
219
-230
1077
4134
404618
-641
-125
70
-723
606
5645
405643
-140
-296
212
-357
-720
5366
406668
898
-497
128
-305
-341
4906
407693
893
-545
-154
841
2872
3157
408718
466
-421
129
1914
3585
2509
409743
-257
-176
362
487
973
3322
402559
-184
98
166
-355
609
3867
403584
238
166
129
-59
393
4228
404609
497
144
17
171
870
4380
405634
274
66
-60
194
1130
4263
406659
-92
16
-82
253
901
4014
407684
-193
35
-112
266
848
3931
408709
-128
52
-173
256
900
4079
409734
34
25
-192
202
1020
4336
410759
197
-28
-147
141
1196
4287
411784
137
-43
-121
121
1343
3995
412809
-13
-33
-122
115
1387
3980
413834
-112
-39
-106
88
1307
4119
414859
-53
-72
-58
54
1094
4207
415884
75
-90
-24
101
1165
4135
416909
119
-94
13
146
1295
4007
417934
53
-84
49
167
1298
3946
410753
2
-65
68
161
1243
4026
411778
1
-56
95
183
1140
4103
412803
44
-38
110
187
1193
4030
413828
43
-14
114
192
1173
3952
414853
17
9
89
260
1077
3977
415878
28
19
57
297
1036
4076
416903
54
10
28
309
1101
4075
417928
55
-1
8
307
1138
4004
418953
48
-17
-12
280
1080
3983
419978
68
-18
-27
262
1113
3960
421003
53
-32
-53
246
1120
4041
422028
28
-44
-73
268
1180
4043
423053
14
-53
-73
309
1203
3925
424078
1
-36
-67
312
1222
3859
425103
-34
-15
-73
277
1236
3947
426128
-27
-5
-76
240
1254
4011
418944
13
-2
-77
206
1237
4035
419969
15
4
-86
207
1194
4025
420994
21
10
-99
184
1213
4030
422019
22
16
-102
176
1286
3987
423044
-6
22
-88
139
1267
4014
424069
-13
21
-71
103
1243
4080
425094
34
5
-50
90
1266
4100
426119
45
-11
-35
112
1264
4055
427144
18
-24
-29
125
1218
4009
428169
6
-38
-22
142
1230
4010
429194
4
-56
-5
190
1248
3999
430219
-17
-69
1
203
1219
3971
431244
-18
-80
3
215
1225
3992
432269
-12
-100
12
252
1156
3986
433294
7
-102
15
310
1215
3944
434319
-10
-98
18
310
1225
3951
427136
-43
-94
12
323
1165
3966
428161
-27
-84
9
291
1170
4039
429186
-2
-79
7
266
1231
4064
430211
-23
-70
3
282
1174
3948
431236
-20
-37
-12
238
1193
3912
432261
-15
2
-17
215
1307
3874
433286
-40
46
-4
225
1336
3854
434311
-44
90
12
232
1234
3932
435336
-17
139
17
328
1202
3853
436361
45
202
10
381
1249
3667
437386
117
335
-25
451
1367
3599
438411
-16
468
-74
330
1800
3971
439436
-433
547
13
363
2219
3114
440461
-464
571
287
-105
805
3854
441486
-829
137
14
-2015
-519
7530
442511
-652
41
47
382
1282
3508
435328
35
161
381
1260
1609
2847
436353
-118
-72
173
-144
1037
3825
437378
-148
19
199
-316
349
4478
438403
182
-60
226
-40
679
4863
439428
183
-100
242
-103
734
4496
440453
-162
-291
35
-304
75
4776
441478
220
-372
-104
461
1001
4081
442503
389
-348
-39
737
2210
3953
443528
11
-335
89
829
1664
3487
444553
-43
-240
4
389
948
3680
445578
215
-84
-71
252
1318
3609
446603
175
-14
-86
327
1181
4015
447628
54
-37
-172
292
946
4278
448653
103
-88
-208
169
1097
4382
449678
102
-200
-211
159
1012
4450
450703
102
-300
-215
317
1108
4002
443520
135
-312
-134
266
1309
3739
444545
81
-341
-115
233
1142
3962
445570
66
-344
-102
201
1077
4184
446595
137
-365
-66
132
1209
4221
447620
90
-383
-43
276
1279
3981
448645
14
-322
-11
303
1331
3850
449670
-41
-253
-23
236
1352
3974
450695
-34
-191
-36
219
1173
4152
451720
83
-130
-53
247
1110
4150
452745
159
-45
-67
272
1272
3973
453770
91
51
-68
314
1332
3871
454795
38
115
-85
286
1297
4018
455820
47
149
-76
210
1300
4099
456845
34
167
-40
220
1105
3983
457870
60
190
-23
245
1081
3950
458895
69
196
-23
264
1280
4099
451712
14
147
15
283
1240
4297
452737
-11
96
78
332
1114
4137
453762
1
81
127
375
1097
3867
454787
43
112
164
358
1192
3750
455812
82
132
213
288
1259
3904
456837
71
113
265
296
992
4093
457862
71
95
261
402
959
4004
458887
51
107
261
480
1080
3805
459912
21
121
264
467
1119
3878
460937
4
123
256
463
1097
4032
461962
18
120
243
477
1063
4059
462987
57
121
213
508
1112
3951
464012
79
137
192
507
1227
3821
465037
37
146
160
496
1174
3874
466062
33
144
124
502
1103
4027
467087
77
131
81
511
1137
4083
459905
93
117
44
487
1172
4068
460930
109
104
10
422
1207
4114
461955
112
100
-13
428
1333
3989
462980
42
104
1
390
1317
3828
464005
-28
91
-19
347
1191
3878
465030
50
81
-38
305
1227
4048
466055
115
52
-46
266
1324
4126
467080
93
16
-60
275
1336
4055
468105
70
2
-68
270
1309
3928
469130
66
2
-70
218
1392
3939
470155
53
-9
-72
171
1315
4025
471180
72
-30
-73
149
1241
4047
472205
139
-56
-57
153
1346
3994
473230
167
-75
-21
135
1454
3970
474255
102
-93
6
113
1279
3925
475280
61
-86
-6
143
1208
3902
468096
85
-61
-12
134
1368
3892
469121
63
-33
0
137
1489
3800
470146
23
7
29
158
1451
3764
471171
-3
65
53
196
1320
3781
472196
0
131
43
257
1253
3706
473221
125
233
7
362
1456
3653
474246
80
409
-19
440
1654
3502
475271
-244
578
-12
154
2079
3303
476296
-556
646
167
116
1881
3021
477321
-399
385
265
-1226
660
6037
478346
-766
-6
40
-1308
422
6353
479371
-134
66
373
946
1523
3188
480396
293
36
495
793
1949
2688
481421
-116
85
408
-210
1109
3825
482446
-383
1
273
-385
683
5077
483471
-39
-77
328
-78
717
4719
476288
163
-261
336
-291
-43
4549
477313
254
-384
40
118
1032
4801
478338
569
-412
1
1336
3123
3447
479363
71
-431
303
915
1505
3942
480388
186
-283
154
283
1268
3616
481413
305
-108
185
264
1155
3266
482438
290
0
72
362
1260
3507
483463
230
54
-10
347
1211
3911
484488
122
64
-63
318
1314
4035
485513
33
49
-94
299
1153
4051
486538
90
44
-136
344
1275
3854
487563
135
32
-152
314
1426
3865
488588
75
18
-147
287
1391
3881
489613
70
44
-109
227
1502
3836
490638
-2
36
-81
226
1312
3996
491663
-9
40
-64
271
1447
3961
484480
-42
30
-14
190
1366
3983
485505
-46
19
-4
179
1274
3977
486530
34
41
34
139
1449
3838
487555
19
34
73
55
1303
3898
488580
6
34
74
92
1290
3926
489605
16
25
95
111
1378
3929
490630
-10
-2
106
171
1360
3971
491655
-21
-11
117
247
1442
3924
492680
-55
-10
133
254
1437
3902
493705
-84
5
134
297
1405
3834
494730
-62
38
127
310
1417
3847
495755
-34
69
113
277
1478
3935
496780
-40
78
98
251
1346
4049
497805
-16
75
66
258
1336
4082
498830
16
72
51
289
1430
4009
499855
-15
75
46
292
1472
3902
492721
-61
75
53
275
1376
3898
493746
-33
77
65
266
1350
3925
494771
2
87
72
233
1447
3913
495796
-30
77
70
199
1312
4015
496821
-26
54
58
182
1195
4107
497846
23
31
40
183
1240
4050
498871
25
21
16
213
1355
3959
499896
-1
19
9
197
1388
3928
500921
-17
17
16
165
1337
3959
501946
10
14
21
151
1319
4016
502971
43
3
19
168
1328
4055
503996
52
-5
19
198
1379
4013
505021
33
-9
29
186
1378
3969
506046
21
-5
36
182
1377
3961
507071
15
-3
42
158
1345
3965
508096
22
-3
39
158
1295
3963
500864
38
-2
35
177
1338
3923
501889
36
2
38
184
1407
3898
502914
18
9
44
177
1376
3936
503939
4
10
44
176
1347
3948
504964
1
14
43
188
1374
3907
505989
-4
20
46
200
1375
3883
507014
-10
23
53
209
1371
3903
508039
-25
22
53
203
1399
3906
509064
-50
25
61
222
1420
3889
510089
-59
41
78
268
1382
3885
511114
-74
77
77
306
1351
3798
512139
-44
111
82
262
1405
3695
513164
-21
180
91
252
1284
3603
514189
-21
253
40
295
1275
3671
515214
-47
339
-5
296
1594
3657
516239
-104
411
66
336
1740
3459
509057
-206
472
170
457
1102
3169
510082
-129
433
29
-639
1344
5915
511107
-160
-245
-179
-1978
163
7671
512132
-689
-130
157
496
1213
2997
513157
-60
27
242
1526
2776
1700
514182
-365
-38
217
-20
1071
3681
515207
-454
-40
43
-703
-21
4846
516232
324
-46
149
-306
836
4916
517257
433
-200
245
-59
691
4664
518282
141
-407
-65
68
994
4763
519307
365
-430
-125
893
2991
3632
520332
117
-393
332
1004
1794
3195
521357
36
-229
162
229
627
3498
522382
345
-1
30
38
1044
3521
523407
349
76
-8
215
1356
3850
524432
157
65
-64
189
1261
4205
517247
4
26
-83
173
1269
4141
518272
-133
-10
-70
199
1051
3959
519297
-51
-38
-110
236
1114
3981
520322
59
-63
-118
233
1245
4031
521347
63
-45
-116
259
1430
3821
522372
7
8
-87
199
1536
3736
523397
-76
18
-73
191
1361
3877
524422
-59
39
-55
165
1391
4015
525447
-32
22
-37
145
1282
4167
526472
33
10
-38
167
1371
4071
527497
65
1
-17
151
1457
4025
528522
12
-10
-15
179
1300
4025
529547
6
13
-17
220
1357
3855
530572
19
35
-6
164
1453
3907
531597
-21
25
-3
167
1295
4047
532622
8
17
-7
186
1272
4032
525440
29
10
-7
174
1322
3981
526465
0
15
-19
213
1383
3816
527490
-22
33
-16
173
1360
3859
528515
-28
21
-20
132
1266
4080
529540
9
0
-24
157
1295
4085
530565
27
-18
-20
182
1349
3953
531590
10
-16
-20
217
1383
3879
532615
-8
3
-12
206
1426
3895
533640
-12
14
15
143
1460
3949
534665
-51
-8
41
121
1271
4030
535690
-43
-23
27
154
1180
4027
536715
10
-37
10
167
1310
3979
537740
20
-43
12
179
1358
3960
538765
-1
-40
16
172
1337
3960
539790
-27
-39
16
168
1294
3968
540815
-23
-34
16
158
1267
3952
533633
-4
-28
8
154
1266
3958
534658
6
-23
-4
160
1334
3966
535683
-16
-20
-2
170
1308
3960
536708
-16
-15
-4
171
1334
3963
537733
2
-14
1
157
1355
4012
538758
1
-19
2
174
1340
4061
539783
-3
-16
3
210
1409
3946
540808
-42
11
14
209
1415
3802
541833
-85
39
17
190
1263
3816
542858
-42
65
7
182
1296
3927
543883
15
63
19
152
1329
4044
544908
12
50
24
183
1273
4057
545933
-7
39
14
180
1352
3966
546958
-8
35
30
213
1396
3883
547983
-35
44
27
312
1268
3909
549008
-22
89
7
344
1361
3824
541824
-7
156
18
359
1434
3544
542849
-33
344
30
420
1486
3010
543874
-178
483
8
283
1482
3267
544899
-327
438
-17
40
1123
4305
545924
-169
13
-202
-1826
607
7609
546949
-364
-249
-65
-267
837
4309
547974
-74
-21
330
1371
2211
2376
548999
67
-288
116
160
1557
4049
550024
-325
-138
74
-265
375
4251
551049
53
-102
92
-149
854
4270
552074
507
-161
188
179
1490
4263
553099
190
-198
161
20
1186
4186
554124
-58
-253
35
151
972
4043
555149
89
-262
-50
294
1711
4208
556174
161
-260
117
665
1642
3607
557199
144
-212
87
372
1068
3653
550016
289
-62
39
215
1466
3632
551041
97
-6
23
253
1128
3840
552066
34
15
-51
228
1099
4002
553091
-21
34
-57
229
1258
3859
554116
-93
40
-54
255
1233
3802
555141
-55
27
-56
234
1237
3993
556166
6
-1
-53
172
1171
4205
557191
40
-36
-61
191
1260
4169
558216
36
-57
-60
222
1374
4012
559241
-38
-29
-49
298
1432
3749
560266
-90
26
-34
260
1460
3752
561291
-85
57
-23
194
1356
3987
562316
-22
56
-11
136
1281
4132
563341
21
38
-4
162
1278
4081
564366
28
27
-8
206
1362
3939
565391
-7
31
-7
245
1371
3873
558208
-34
36
-8
271
1354
3930
559233
-56
33
-8
239
1281
4010
560258
-52
14
-19
260
1211
4063
561283
-14
-2
-31
309
1174
4059
562308
11
-1
-40
265
1371
3904
563333
-74
17
-17
223
1329
3760
564358
-118
37
-27
156
1144
3963
565383
-42
29
-49
65
1132
4227
566408
14
5
-52
37
1147
4240
567433
31
-23
-66
48
1219
4104
568458
41
-43
-69
64
1372
4019
569483
-9
-39
-45
106
1412
3907
570508
-33
-30
-8
49
1307
3999
571533
-4
-38
14
75
1251
4126
572558
41
-33
28
160
1329
4051
573583
52
-26
47
188
1344
3992
566399
28
-20
50
197
1346
4002
567424
6
-7
59
196
1318
3990
568449
13
6
65
194
1266
3977
569474
38
19
59
213
1314
3947
570499
33
29
55
224
1320
3947
571524
21
27
52
230
1270
3965
572549
38
20
44
236
1269
3999
573574
39
16
38
272
1308
3965
574599
28
12
38
272
1328
3937
575624
8
9
39
266
1318
3915
576649
-8
9
38
252
1277
3916
577674
-1
3
27
236
1293
3977
578699
4
-8
23
253
1323
3982
579724
-11
-16
17
265
1305
3942
580749
-11
-16
8
270
1317
3910
581774
-9
-4
3
271
1366
3880
574593
-36
8
3
271
1365
3891
575618
-47
20
4
258
1319
3929
576643
-30
26
4
245
1272
3985
577668
-18
35
-6
232
1330
3966
578693
-48
41
-10
215
1345
3958
579718
-68
42
-6
196
1259
3987
580743
-40
45
-5
180
1233
4028
581768
-28
45
-11
182
1273
4024
582793
-43
62
-17
278
1267
3912
583818
-26
98
-25
342
1242
3830
584843
42
191
-53
386
1226
3617
585868
80
376
-93
361
1272
3335
586893
-171
482
-118
-138
1607
3722
587918
-314
386
-44
-18
1524
4177
588943
-17
69
-9
-962
732
6021
589968
-243
-233
-78
-969
185
5816
582794
81
-173
75
732
1522
3073
583819
293
-194
116
716
2529
2744
584844
-204
-150
201
-73
1264
4196
585869
-360
-159
136
-491
409
4780
586894
195
-182
158
-151
776
4252
587919
487
-271
157
22
923
4323
588944
145
-336
1
155
1524
4418
589969
76
-356
2
896
2309
3344
590994
64
-286
198
671
1144
3536
592019
185
-91
56
150
1305
3566
593044
93
56
66
207
1515
3527
594069
-64
72
39
236
905
3899
595094
76
81
-31
188
1073
4141
596119
59
56
-45
176
1126
4076
597144
3
27
-82
230
1136
3980
598169
16
15
-106
278
1321
3820
590976
32
32
-72
246
1448
3774
592001
-27
22
-57
216
1194
4001
593026
-15
26
-69
200
1329
3973
594051
-1
17
-42
151
1377
4038
595076
-39
-10
-48
204
1267
4104
596101
-17
-14
-45
225
1385
4028
597126
-15
-23
-29
197
1407
4017
598151
-22
-21
-21
231
1415
3882
599176
-41
32
3
199
1493
3751
600201
-83
60
17
157
1298
3839
601226
-63
78
12
137
1204
4086
602251
15
53
9
130
1219
4229
603276
41
10
7
151
1279
4171
604301
0
-11
7
210
1319
3959
605326
-47
-9
6
187
1288
3931
606351
-44
-21
2
149
1231
4066
599168
7
-41
6
158
1205
4095
600193
33
-54
-1
185
1297
3983
601218
16
-44
3
242
1378
3838
602243
-16
-19
17
239
1396
3849
603268
-30
-11
30
186
1329
4020
604293
-18
-24
35
164
1231
4132
605318
31
-38
29
185
1241
4074
606343
43
-27
22
230
1329
3855
607368
-1
1
21
217
1369
3845
608393
-45
8
21
162
1254
4042
609418
-22
0
14
159
1211
4099
610443
23
-8
8
195
1253
3978
611468
29
1
2
230
1331
3884
612493
1
20
7
212
1398
3914
613518
-49
23
19
167
1301
4030
614543
-43
16
20
170
1228
4074
607359
-4
8
18
195
1262
3991
608384
16
7
16
213
1343
3944
609409
-10
9
17
226
1309
3985
610434
-25
9
16
219
1269
4008
611459
-15
3
15
216
1266
3999
612484
2
-4
13
216
1260
3987
613509
6
2
5
234
1299
3969
614534
-4
1
-2
257
1217
4064
615559
3
-2
-34
287
1102
4204
616584
37
15
-98
336
1451
3976
617609
-20
70
-58
336
1690
3573
618634
-102
210
0
334
1266
3310
619659
-100
418
-72
356
1621
2925
620684
-282
608
32
252
1672
2846
621709
-556
402
50
-1039
781
5870
622734
-695
-82
-160
-1171
1095
6572
615552
-968
98
350
1141
1791
2600
616577
-403
126
337
595
466
2914
617602
-13
40
110
-356
422
4061
618627
260
55
164
-348
1163
4858
619652
230
-135
264
-402
631
5690
620677
172
-336
160
-240
202
4753
621702
441
-520
16
169
203
4439
622727
656
-478
-241
965
2408
3326
623752
213
-275
-48
1234
2301
2788
624777
-175
-54
-3
246
1405
3256
625802
-21
151
31
-90
1234
3659
626827
133
160
41
38
602
4216
627852
350
106
-68
60
1051
4473
628877
231
37
-36
85
1408
4219
629902
-114
-18
-37
132
1147
3979
630927
-221
-22
-72
165
1046
3948
623744
-90
-28
-65
123
1089
4024
624769
53
-58
-48
137
1193
4024
625794
48
-47
-33
141
1244
3959
626819
-29
-28
-49
146
1235
4002
627844
-70
-8
-54
158
1264
4076
628869
-53
-8
-44
152
1284
4046
629894
-20
-5
-31
113
1298
4101
630919
-42
-2
-32
165
1140
4063
631944
-20
34
-32
165
1259
3915
632969
22
28
-24
125
1224
4120
633994
21
4
-32
148
1096
4271
635019
58
-36
-37
135
1199
4266
636044
55
-73
-30
148
1214
4130
637069
1
-61
-34
210
1243
3819
638094
-16
-19
-32
155
1279
3820
639119
-13
-11
-41
94
1180
4128
631935
24
-35
-43
104
1099
4245
632960
83
-65
-50
160
1191
4137
633985
74
-71
-62
223
1335
3926
635010
2
-40
-60
237
1390
3824
636035
-57
-12
-50
201
1272
3917
637060
-10
-3
-39
172
1236
4041
638085
57
-8
-26
169
1245
4039
639110
80
-9
-18
173
1295
3931
640135
44
-7
-12
191
1300
3935
641160
-12
-8
-5
187
1258
3972
642185
-20
-11
6
157
1189
3970
643210
0
-14
2
148
1185
3996
644235
8
-18
-4
174
1224
3998
645260
8
-19
-2
177
1230
3986
646285
-3
-17
-8
173
1225
3975
647310
-22
-9
-16
178
1251
3960
640128
-29
-2
-5
147
1207
3987
641153
-15
0
-10
141
1211
4032
642178
-10
-4
-10
142
1213
4067
643203
-6
-14
-5
157
1231
4040
644228
-9
-12
-9
180
1266
4005
645253
-13
-2
-6
187
1283
3980
646278
-7
9
9
156
1298
3992
647303
-10
14
20
138
1266
4006
648328
-22
24
21
133
1231
4019
649353
-27
25
17
143
1214
4061
650378
-6
15
20
144
1247
4127
651403
25
-6
38
154
1237
4126
652428
32
-16
42
167
1230
4057
653453
25
-15
39
166
1189
3991
654478
21
-14
27
184
1187
3963
655503
46
-13
28
167
1225
3964
648320
61
-14
37
150
1258
4014
649345
35
-25
41
144
1183
4008
650370
0
-34
23
183
1091
3927
651395
1
-16
-7
217
1237
3842
652420
-32
31
-18
298
1335
3777
653445
-77
86
-32
370
1159
3843
654470
43
134
-39
347
1149
3697
655495
178
315
-78
306
1902
3066
656520
-179
461
51
-72
1346
3435
657545
-510
382
-12
346
828
4240
658570
-274
161
-98
-776
974
6206
659595
-55
-351
-169
-1524
422
6488
660620
-201
-148
171
1030
1769
2607
661645
-27
-146
172
922
2330
2768
662670
-442
-123
145
-58
913
3806
663695
-297
-57
132
-366
403
4664
656511
426
-134
193
-104
699
4579
657536
571
-105
247
306
1024
3820
658561
126
-191
81
-177
1172
4463
659586
-116
-325
-42
-28
576
4583
660611
315
-315
-64
698
1560
3781
661636
362
-254
86
844
2103
3459
662661
89
-205
74
352
1322
3675
663686
94
-55
72
204
1209
3587
664711
108
44
68
188
1133
3749
665736
58
57
13
166
1071
4114
666761
-12
17
-21
183
1010
4222
667786
-58
-26
-39
251
1079
4001
668811
-61
-35
-48
294
1265
3806
669836
-54
-24
-38
279
1283
3857
670861
-23
-2
-42
234
1191
4064
671886
20
-8
-57
187
1130
4210
664704
32
-23
-75
285
1257
4019
665729
-47
5
-67
351
1425
3705
666754
-143
38
-56
272
1380
3890
667779
-112
26
-46
199
1168
4246
668804
12
-8
-32
176
1163
4322
669829
77
-33
-30
229
1296
4145
670854
52
-24
-13
299
1505
3819
671879
-10
5
39
249
1436
3769
672904
-68
15
51
176
1167
4036
673929
-26
17
45
188
1063
4141
674954
41
1
21
213
1112
4130
675979
62
-9
-6
276
1248
3971
677004
12
13
-4
316
1319
3804
678029
-37
28
-1
237
1262
3923
679054
-39
28
-2
187
1189
4066
680079
1
10
0
197
1101
4086
672897
41
-6
-10
239
1212
4021
673922
27
-4
-7
280
1322
3909
674947
-42
6
-1
266
1287
3921
675972
-62
8
3
227
1230
4020
676997
-13
3
14
229
1205
4061
678022
21
6
13
254
1230
3994
679047
-1
20
5
254
1273
3921
680072
-30
27
7
212
1245
3997
681097
-31
17
9
196
1195
4107
682122
-17
0
11
233
1190
4064
683147
0
-3
12
223
1226
4004
684172
-6
-6
5
229
1235
4014
685197
-7
-4
6
240
1241
4029
686222
-1
-14
12
223
1197
4063
687247
-3
-32
8
240
1168
4101
688272
2
-52
3
247
1180
4058
681088
7
-58
-4
260
1279
4021
682113
-9
-57
-2
268
1238
4010
683138
3
-51
-6
279
1222
3996
684163
39
-48
-10
269
1244
4003
685188
36
-39
-13
257
1303
3973
686213
19
-33
-2
251
1304
3966
687238
4
-23
4
259
1244
3952
688263
8
-10
0
265
1214
3943
689288
28
19
1
319
1193
3922
690313
47
44
-4
343
1180
3843
691338
113
87
-31
352
1299
3768
692363
108
162
-60
349
1568
3875
693388
-181
282
-10
264
2001
3337
694413
-466
469
177
476
1271
2188
695438
-319
552
115
-70
335
4295
696463
-107
62
-218
-1522
809
7843
689280
-534
-196
-36
-299
1299
4892
690305
-637
77
318
1321
1344
1980
691330
-207
-5
63
362
888
3410
692355
-193
-21
-49
-300
691
4162
693380
82
42
81
1
982
4723
694405
387
-66
241
45
835
4701
695430
74
-120
114
90
728
3974
696455
97
-233
-67
-269
505
4986
697480
382
-346
-110
251
1150
4521
698505
455
-379
-52
904
1943
3548
699530
217
-296
15
894
2005
3255
700555
44
-132
45
208
1268
3497
701580
118
0
25
137
1100
3736
702605
190
36
6
300
895
3983
703630
239
53
-55
210
1113
4066
704655
110
47
-62
193
1244
3869
697471
-41
44
-57
210
1129
3866
698496
-63
26
-78
215
1110
4048
699521
-32
6
-76
193
1142
4157
700546
-25
-31
-75
204
1147
4125
701571
-4
-43
-65
237
1269
4012
702596
-27
-47
-52
262
1307
3931
703621
-82
2
-38
263
1451
3749
704646
-124
46
-10
192
1268
3920
705671
-90
70
-16
177
1076
4126
706696
43
74
-20
141
1247
4234
707721
46
41
-6
197
1250
4109
708746
4
42
-2
251
1271
3915
709771
-48
62
9
184
1222
3967
710796
-49
56
8
129
1136
4161
711821
3
29
8
136
1039
4222
712846
45
6
-12
184
1154
4092
705921
14
-5
-14
244
1308
3936
706946
-29
-15
-1
225
1239
4003
707971
-28
-25
0
201
1162
4078
708996
15
-29
3
184
1210
4010
710021
19
-20
3
198
1291
3940
711046
-21
-11
5
217
1233
3985
712071
-37
-16
2
213
1155
4051
713096
-25
-21
-5
218
1135
3998
714121
-8
-12
-13
225
1199
3948
715146
-9
-11
-13
196
1234
4011
716171
-19
-20
-13
186
1204
4101
717196
-16
-31
-19
202
1181
4128
718221
7
-35
-27
251
1238
4054
719246
20
-24
-23
268
1308
3963
720271
5
-6
-12
233
1290
3997
721296
3
-1
-3
199
1193
4069
713856
18
-1
-7
184
1161
4069
714881
34
-4
-11
204
1191
4015
715906
29
-3
-7
223
1207
3974
716931
2
0
-7
210
1193
4005
717956
-17
-3
-12
191
1158
4002
718981
-2
-3
-15
191
1153
3978
720006
11
-2
-18
213
1200
3971
721031
4
0
-10
211
1226
3942
722056
-10
1
-1
203
1201
3954
723081
-32
6
3
204
1203
3932
724106
-68
24
7
239
1259
3823
725131
-116
58
17
255
1203
3789
726156
-129
84
19
199
1096
3925
727181
-60
98
3
160
1089
4092
728206
-27
104
-16
166
1160
4083
729231
-29
121
-13
315
1292
3795
722047
-7
172
19
306
1269
3571
723072
3
260
-8
175
1274
3858
724097
-203
274
-22
103
1177
4395
725122
-286
232
-2
167
1240
4329
726147
-163
120
19
88
994
4627
727172
-26
-9
-31
-386
1171
5114
728197
-221
-212
-114
-944
624
5243
729222
-442
-153
4
508
1491
2988
730247
-235
-116
46
766
1976
3220
731272
-244
-152
59
-85
280
4048
732297
133
-7
3
-116
677
4256
733322
424
-37
124
122
1380
4235
734347
192
-53
226
185
1043
3614
735372
93
-15
102
-119
777
4222
736397
88
-111
-14
-227
637
4770
737422
292
-179
-10
113
953
4198
730240
206
-213
-5
279
1030
4119
731265
94
-226
-87
648
1535
3658
732290
39
-178
-30
675
1467
3577
733315
110
-96
-14
159
1196
3867
734340
112
-18
-1
173
1209
3822
735365
29
9
-36
227
1190
4053
736390
8
2
-54
158
1096
4232
737415
34
-28
-37
201
1085
4092
738440
72
-42
-28
203
1305
3969
739465
3
-28
-15
204
1274
3956
740490
-21
-21
-11
211
1163
3978
741515
65
-28
7
159
1249
4108
742540
88
-37
19
168
1247
4151
743565
51
-27
27
218
1245
3928
744590
7
1
24
218
1204
3940
745615
-27
19
4
207
1206
4041
738432
-11
25
11
209
1202
3980
739457
-10
31
10
195
1080
3949
740482
19
46
-11
221
1193
3987
741507
7
48
-4
214
1149
4031
742532
2
43
-14
212
1209
4069
743557
-6
30
-6
209
1249
4040
744582
-21
21
13
228
1236
3955
745607
-19
23
13
201
1196
4024
746632
-15
20
12
198
1177
4085
747657
9
-1
9
206
1190
4102
748682
19
-10
12
230
1226
4028
749707
-4
-7
10
243
1224
3957
750732
-20
7
5
212
1227
4021
751757
-14
12
3
190
1215
4042
752782
10
15
6
194
1219
4002
753807
8
25
2
189
1225
3998
746623
1
36
-4
171
1250
4034
747648
-9
36
-2
141
1183
4083
748673
-3
32
-6
137
1122
4085
749698
24
27
-13
148
1172
4053
750723
20
15
-12
164
1202
4038
751748
-5
3
-8
167
1184
4035
752773
2
1
0
181
1198
3993
753798
9
4
2
196
1222
3978
754823
11
7
6
194
1206
4006
755848
15
8
12
188
1205
3999
756873
14
13
11
182
1199
3984
757898
-1
20
3
188
1194
3972
758923
-11
22
3
191
1167
3990
759948
-6
29
-3
183
1160
4025
760973
-16
35
-11
172
1189
4021
761998
-31
22
-11
161
1212
4020
754816
-14
8
-5
167
1228
4021
755841
-8
12
0
181
1204
3998
756866
-28
23
-7
204
1209
3983
757891
-28
40
-6
247
1229
3915
758916
28
69
-4
214
1215
3900
759941
61
125
-26
284
1256
3853
760966
86
212
-32
301
1519
3856
761991
-42
357
-3
474
1873
3031
763016
-200
578
146
359
1766
2627
764041
-220
508
180
-426
1044
5449
765066
-472
-64
-56
-2189
-203
7502
766091
-811
-81
176
84
1120
3421
767116
508
50
523
1606
2109
1484
768141
-214
116
183
-287
733
3736
769166
-859
170
-146
-693
266
5023
770191
65
87
106
-42
608
4794
763008
491
15
289
62
1083
4124
764033
-76
-41
94
-213
964
4369
765058
-238
-183
-4
-232
541
4773
766083
152
-346
1
-183
866
5400
767108
379
-493
41
611
1778
3713
768133
287
-450
194
983
1411
3121
769158
262
-258
31
196
1261
3640
770183
202
-124
46
105
1064
3906
771208
194
-95
5
223
1122
4102
772233
168
-80
15
147
1322
3871
773258
-14
-47
34
164
1076
3673
774283
-97
-1
-9
178
856
3856
775308
-44
11
-59
103
956
4115
776333
45
-18
-64
132
1117
4144
777358
109
-39
-32
202
1334
3937
778383
40
-37
12
223
1376
3823
771200
-94
14
16
177
1242
3861
772225
-123
50
4
98
1033
4141
773250
-43
51
-12
122
987
4234
774275
38
32
-16
166
1184
4094
775300
36
20
-4
193
1283
4012
776325
-27
33
-2
199
1199
4029
777350
-45
38
1
158
1113
4110
778375
-7
27
1
149
1134
4152
779400
9
18
-1
152
1141
4110
780425
4
16
-8
175
1134
4063
781450
-1
5
-12
187
1181
4074
782475
-6
-9
-8
177
1162
4115
783500
7
-25
-13
178
1138
4114
784525
25
-38
-15
192
1098
4057
785550
36
-34
-26
209
1140
3944
786575
32
-18
-31
176
1247
3926
779393
-11
-15
-23
155
1199
4016
780418
-23
-18
-21
157
1101
4061
781443
-1
-21
-23
172
1149
4050
782468
0
-28
-22
177
1219
4011
783493
-10
-27
-15
174
1230
3988
784518
-6
-29
-6
152
1184
4053
785543
-5
-32
-2
152
1173
4068
786568
-16
-29
-4
180
1129
4025
787593
-7
-17
-15
188
1154
3999
788618
4
-12
-16
174
1210
4025
789643
-7
-13
-9
179
1167
4062
790668
-14
-12
-8
193
1136
4029
791693
0
-1
-14
166
1200
4016
792718
-18
11
-14
167
1172
4001
793743
-21
21
-14
169
1144
4020
794768
-5
23
-9
173
1183
4037
787585
-3
25
2
167
1165
4062
788610
-3
22
4
164
1146
4063
789635
-5
18
3
185
1150
4046
790660
-4
14
5
172
1128
4038
791685
4
18
2
190
1126
4008
792710
-9
22
-7
196
1108
3925
793735
-4
48
-23
190
1162
3852
794760
11
93
-27
267
1218
3788
795785
11
166
-38
243
1063
3830
796810
21
256
-88
245
1397
3794
797835
-112
336
-37
193
1625
3547
798860
-280
395
79
265
858
3327
799885
-260
363
-50
45
839
4773
800910
75
-150
-272
-1731
441
7853
801935
-1009
-386
-124
-646
571
4764
802960
-557
-118
190
1557
1876
1869
795776
308
-128
41
705
1433
2578
796801
-239
-4
-130
-560
716
4212
797826
-79
54
-50
-380
1015
4867
798851
418
-5
207
143
866
4395
799876
178
-51
151
-126
1076
4411
800901
-135
-250
29
-363
484
4634
801926
149
-339
-49
191
828
4481
802951
558
-330
12
768
2079
3424
803976
272
-281
197
578
1390
3322
805001
38
-160
71
84
889
3894
806026
164
-82
38
210
940
4178
807051
194
-73
4
339
1092
4030
808076
113
-41
-6
251
1326
3699
809101
-93
13
0
167
1150
3678
810126
-169
56
-34
137
871
3981
811151
-18
40
-68
119
996
4292
803968
57
12
-67
162
1069
4229
804993
24
21
-96
235
1075
4075
806018
50
33
-132
251
1242
4169
807043
52
23
-119
212
1258
4236
808068
33
17
-102
182
1196
4177
809093
17
11
-84
158
1154
4090
810118
66
1
-65
150
1194
4069
811143
92
-1
-53
163
1147
4066
812168
80
-2
-45
165
1192
4052
813193
43
-16
-33
175
1147
4077
814218
70
-20
-21
173
1239
4115
815243
67
-17
-11
148
1230
4037
816268
17
7
-27
180
1157
3893
817293
16
38
-44
146
1126
3945
818318
69
39
-61
123
1211
4071
819343
116
35
-38
133
1325
4039
812159
82
24
-15
117
1211
4002
813184
36
26
-21
129
1184
3925
814209
35
44
-21
109
1216
3892
815234
49
53
-24
80
1250
3971
816259
36
54
-16
85
1256
3984
817284
22
46
-3
82
1198
3970
818309
38
44
-1
89
1177
3990
819334
35
45
-2
136
1220
3964
820359
3
51
5
144
1204
3886
821384
-20
61
-1
129
1199
3899
822409
-23
73
-1
126
1254
3923
823434
-34
82
10
97
1270
3936
824459
-71
86
13
69
1157
3964
825484
-63
76
6
63
1105
4052
826509
-37
55
-2
65
1184
4076
827534
-46
34
-1
74
1213
4043
820352
-50
25
-6
78
1266
4027
821377
-64
20
1
68
1216
4042
822402
-71
16
-4
74
1149
4074
823427
-36
16
-12
79
1214
4095
824452
-24
6
-11
74
1231
4104
825477
-42
5
-11
79
1222
4048
826502
-54
10
-11
62
1217
4013
827527
-57
16
-13
55
1191
4026
828552
-45
31
-17
63
1184
4010
829577
-34
53
-21
84
1182
4019
830602
-38
59
-30
95
1114
4135
831627
-22
79
-71
227
1071
4133
832652
86
169
-72
356
1271
3550
833677
98
286
-2
-113
1773
3427
834702
-400
286
97
-240
1426
3527
835727
-505
283
134
69
1506
3918
828544
-240
-12
160
-1200
674
5959
829569
-560
-195
139
-593
362
5243
830594
-312
-30
260
794
1109
3098
831619
24
-9
175
321
1134
3089
832644
-246
25
76
-304
792
4014
833669
-190
17
64
-220
648
4664
834694
242
-31
202
-49
513
4597
835719
323
-70
154
-168
769
4306
836744
78
-220
-13
-397
759
4711
837769
115
-357
-86
29
776
4901
838794
510
-400
-80
828
2095
3517
839819
365
-314
134
785
2288
3171
840844
-16
-137
161
126
770
3661
841869
266
21
53
-25
1297
3929
842894
218
21
166
55
1489
4111
843919
-48
-42
205
119
1053
3985
836735
-48
-52
175
104
986
3967
837760
-33
-64
147
56
970
4153
838785
36
-113
134
47
968
4259
839810
98
-134
122
154
989
3957
840835
53
-93
109
232
1015
3695
841860
-15
-42
54
211
1011
3889
842885
-19
-19
19
186
1097
4153
843910
-43
-18
3
171
1025
4190
844935
-61
-22
-25
192
1085
4024
845960
-71
12
-20
221
1201
3772
846985
-71
46
-5
129
1110
3952
848010
-55
43
-9
111
1101
4255
849035
-52
3
7
107
1098
4323
850060
-49
-46
20
121
1116
4234
851085
-41
-45
30
156
1256
3946
852110
-57
-14
54
141
1199
3848
845074
-77
10
46
104
1062
4087
846099
-19
11
39
108
1092
4257
847124
36
-1
51
140
1127
4210
848149
40
0
43
174
1092
4099
849174
44
11
22
209
1183
4051
850199
6
17
22
196
1123
4104
851224
28
11
15
172
1082
4194
852249
110
-5
15
171
1185
4221
853274
145
-28
29
170
1305
4199
854299
125
-49
52
164
1360
4177
855324
123
-68
77
166
1254
4146
856349
180
-85
99
196
1235
4131
857374
197
-84
111
237
1279
4042
858399
158
-69
118
265
1272
3904
859424
128
-41
125
269
1156
3842
860449
124
-12
110
280
1066
3887
853120
121
14
89
286
1036
3906
854145
108
34
56
296
1098
3857
855170
76
56
36
308
1168
3749
856195
37
83
26
281
1141
3772
857220
4
109
4
288
1072
3845
858245
6
137
-24
307
1137
3838
859270
-3
155
-23
249
1172
3738
860295
-34
180
-29
256
1228
3703
861320
-99
214
-41
346
1176
3734
862345
-102
283
-55
318
1330
3742
863370
-141
358
-24
269
1593
3546
864395
-205
408
83
227
1640
3521
865420
-298
420
151
213
1361
4062
866445
-144
291
124
17
829
5117
867470
146
20
38
-503
973
5444
868495
52
-166
54
-1032
756
5646
861313
-395
-232
95
202
1058
3847
862338
-434
-105
98
1075
1859
2727
863363
-452
-59
22
107
779
3734
864388
-112
-4
-21
-352
512
4598
865413
422
-123
93
-124
1097
4746
866438
497
-198
252
263
1048
3892
867463
309
-172
133
-83
960
4068
868488
83
-200
-53
-168
1018
4500
869513
79
-258
-89
217
1219
4323
870538
242
-248
22
884
1818
3197
871563
66
-175
69
467
1188
3524
872588
125
-66
-8
130
859
3881
873613
250
-7
-58
242
1092
3989
874638
174
9
-66
221
1511
3810
875663
-89
47
-26
161
1336
3581
876688
-231
104
-30
121
945
3725
869504
-137
117
-79
71
887
4166
870529
21
55
-89
65
1087
4351
871554
90
-35
-58
142
1259
4270
872579
33
-94
-24
197
1326
3995
873604
-82
-78
4
234
1375
3780
874629
-146
-47
10
127
1335
4054
875654
-127
-75
9
92
1097
4349
876679
-14
-116
-3
140
1040
4337
877704
91
-134
-22
196
1294
4069
878729
76
-120
-8
219
1401
3880
879754
7
-103
3
217
1260
3921
880779
12
-80
2
170
1198
4086
881804
51
-78
1
135
1182
4184
882829
93
-73
-9
201
1244
4095
883854
100
-45
-15
269
1212
3881
884879
72
21
-47
241
1199
3847
877697
39
69
-83
193
1212
4004
878722
21
95
-87
194
1272
4091
879747
36
76
-71
157
1246
4145
880772
75
41
-60
181
1200
4122
881797
85
38
-61
189
1245
3965
882822
57
51
-68
181
1263
3922
883847
38
54
-66
180
1293
4007
884872
39
38
-53
180
1292
4076
885897
71
19
-38
180
1269
4078
886922
95
6
-27
193
1295
3959
887947
93
5
-18
207
1387
3859
888972
42
16
1
199
1318
3901
889997
37
27
7
185
1275
4019
891022
41
19
18
176
1314
4020
892047
34
3
31
206
1331
3917
893072
46
8
48
223
1418
3871
885888
-7
21
63
204
1326
3908
886913
-29
17
60
199
1161
4035
887938
9
7
44
213
1221
4076
888963
30
-9
34
246
1291
4000
889988
9
-11
27
274
1330
3876
891013
-15
5
18
248
1288
3881
892038
-22
24
2
230
1262
3951
893063
-5
37
-7
220
1283
3941
894088
-18
53
-20
224
1333
3892
895113
-61
83
-26
231
1324
3863
896138
-50
115
-31
263
1312
3986
897163
-3
128
-27
243
1372
3999
898188
47
151
-30
204
1385
3849
899213
11
227
-45
298
1089
3658
900238
-7
375
-140
276
1343
3359
901263
-174
524
-95
125
1827
2953
894080
-463
564
-28
30
775
3899
895105
-427
214
-266
-1101
754
6884
896130
-203
-242
-263
-1045
1141
5816
897155
-427
-44
210
860
1307
2639
898180
86
-32
49
546
1793
2823
899205
-158
32
-44
-231
998
3664
900230
-254
93
-74
-453
698
4503
901255
212
45
38
-180
1063
4608
902280
351
19
193
-21
1132
4083
903305
125
-109
58
-417
1032
4678
904330
35
-251
-46
-157
846
4423
905355
346
-267
-22
268
1458
3980
906380
345
-218
41
725
2331
3234
907405
31
-160
120
297
1689
3653
908430
-44
-52
111
-103
623
3895
909455
215
43
24
-54
889
4031
902271
209
23
-19
9
1390
4176
903296
-45
-30
-14
58
1359
3979
904321
-148
-31
-9
41
1139
3862
905346
-87
-28
-39
-14
1067
4011
906371
49
-47
-44
-29
1240
4132
907396
53
-71
-31
18
1187
4038
908421
38
-63
-37
39
1228
3947
909446
1
-47
-48
53
1338
3912
910471
-50
-21
-44
17
1448
3995
911496
-80
-25
-24
2
1227
4118
912521
-37
-15
-22
29
1258
4046
913546
25
-17
-8
5
1289
4072
914571
14
-9
-11
44
1238
3991
915596
26
15
-5
35
1408
3954
916621
-8
9
20
-9
1319
4046
917646
-20
3
29
9
1251
3995
910464
10
7
32
-16
1191
4068
911489
-3
15
-3
67
1177
4045
912514
4
33
-17
93
1288
3981
913539
-10
34
-16
88
1221
4002
914564
21
25
-13
77
1316
4093
915589
8
6
8
69
1322
4087
916614
-18
-18
15
45
1178
4070
917639
25
-40
-1
41
1248
4057
918664
58
-57
1
49
1321
4008
919689
27
-63
-7
44
1269
3949
920714
16
-58
-18
75
1298
3914
921739
9
-57
-12
83
1307
3887
922764
2
-55
-3
80
1321
3872
923789
-11
-49
12
74
1318
3943
924814
-27
-48
22
77
1239
3961
925839
-26
-36
16
85
1248
3948
918656
-37
-24
10
83
1263
3952
919681
-37
-14
14
66
1276
3980
920706
-40
-16
19
47
1212
4020
921731
-33
-17
16
64
1196
4041
922756
-26
-14
12
64
1268
4018
923781
-45
-16
8
63
1285
4031
924806
-60
-16
13
68
1229
4042
925831
-54
-12
10
69
1235
4037
926856
-41
-2
-1
55
1323
4023
927881
-37
3
1
45
1298
4033
928906
-16
5
3
73
1272
3997
929931
15
20
6
113
1317
3956
930956
14
35
16
124
1248
3955
931981
22
53
17
130
1283
3925
933006
-19
91
28
147
1297
3870
934031
-57
139
22
207
1154
3742
926849
66
190
-16
146
1172
3662
927874
94
342
-76
163
1394
3717
928899
-114
327
-81
-149
1027
4513
929924
-303
186
-118
-33
1437
4432
930949
-171
160
34
83
1691
3583
931974
-132
40
81
-643
596
4752
932999
-100
-97
-108
-443
694
5407
934024
-51
-140
-43
90
1353
4192
935049
-19
-176
13
400
1299
3192
936074
15
-54
41
185
1177
3300
937099
-42
-17
-5
-182
1299
4084
938124
-8
-71
86
-208
1190
4450
939149
43
-90
171
-154
943
4072
940174
41
-197
72
-488
623
4804
941199
114
-336
-64
-328
1033
4985
942224
313
-440
-16
872
2083
3521
935040
237
-380
176
959
1788
3046
936065
104
-168
88
94
1273
3422
937090
117
-11
64
-10
971
3747
938115
161
37
12
115
1124
4063
939140
109
23
33
69
1405
4084
940165
-107
-4
38
64
1139
4013
941190
-154
-8
-16
121
999
3992
942215
-21
-14
-47
45
1149
4156
943240
29
-35
-70
113
1126
4133
944265
88
-29
-64
149
1370
3966
945290
22
-21
-38
136
1343
3844
946315
-79
40
-31
174
1454
3621
947340
-112
94
17
32
1344
3899
948365
-135
94
18
7
1055
4263
949390
-13
69
19
-9
1228
4372
950415
77
19
55
19
1330
4176
943232
32
21
64
133
1427
3784
944257
-3
50
77
95
1427
3876
945282
-70
74
68
55
1192
4092
946307
1
72
58
30
1164
4214
947332
57
45
49
94
1180
4099
948357
69
41
50
172
1291
3903
949382
6
47
61
130
1309
3901
950407
-86
34
69
107
1193
4016
951432
-84
-8
65
82
1001
4204
952457
-1
-45
30
99
1078
4200
953482
43
-61
2
171
1238
3960
954507
21
-52
-17
196
1377
3824
955532
-17
-27
-30
152
1359
3942
956557
-12
-13
-38
103
1250
4096
957582
53
-24
-39
103
1246
4135
958607
105
-40
-24
152
1353
3965
951423
85
-33
4
176
1412
3798
952448
7
-20
30
144
1355
3875
953473
-56
-16
49
115
1262
4011
954498
-47
-17
56
126
1195
4020
955523
1
-7
40
130
1206
3975
956548
2
10
16
120
1254
3942
957573
-27
29
-1
97
1221
3939
958598
-23
40
-11
76
1194
3984
959623
-17
39
-16
86
1199
4020
960648
-21
30
-11
108
1213
3997
961673
-55
36
4
150
1301
3857
962698
-127
70
33
117
1317
3742
963723
-173
93
47
66
1161
3906
964748
-143
111
29
49
1159
4126
965773
-80
103
31
-3
1152
4266
966798
-23
58
17
-60
1136
4301
959616
8
38
-17
57
1370
4098
960641
-9
58
4
115
1444
3889
961666
-48
77
23
178
1257
3939
962691
6
95
22
223
1207
3995
963716
102
123
59
187
1292
3996
964741
119
147
82
122
1265
4119
965766
-81
180
30
297
1557
3751
966791
-349
284
158
293
1350
2853
967816
-398
237
122
-1292
-57
5392
968841
-775
-87
-262
-839
1150
6063
969866
-144
-31
119
906
1184
3307
970891
156
-63
2
369
1168
3247
971916
220
59
-6
-227
1263
3601
972941
-103
96
-21
-79
1112
4146
973966
-30
42
73
-37
957
4496
974991
115
-17
183
-232
882
4153
967809
32
-141
140
-451
591
4353
968834
22
-257
38
-266
804
5001
969859
178
-391
-32
481
1634
4235
970884
134
-401
79
1050
1494
3206
971909
284
-241
23
88
1090
3630
972934
425
-86
-45
-74
1393
3926
973959
228
-17
-14
179
1494
4069
974984
76
-11
6
99
1258
4049
976009
-14
17
34
120
1279
3644
977034
-121
70
53
95
1120
3666
978059
-67
72
32
-5
1034
4166
979084
65
25
44
-29
1000
4425
980109
102
-12
37
56
1089
4195
981134
48
-21
25
78
1269
3819
982159
-57
16
-6
65
1285
3851
983184
-85
47
-29
23
1185
4140
976001
0
39
-12
-3
1209
4187
977026
61
22
6
69
1259
3975
978051
70
28
27
121
1343
3845
979076
-10
49
52
144
1253
3941
980101
-66
55
65
114
1214
4137
981126
-71
45
81
112
1095
4124
982151
-28
54
63
103
1105
4044
983176
7
69
25
56
1182
4073
984201
7
75
-8
45
1179
4082
985226
32
64
-24
34
1226
4045
986251
25
44
-23
62
1192
3985
987276
33
31
-15
74
1249
3996
988301
2
18
4
50
1231
3950
989326
-36
11
11
53
1253
3914
990351
-74
17
14
47
1192
3930
991376
-84
25
0
24
1145
3969
984227
-57
36
-11
20
1187
4011
985252
-41
41
-21
16
1100
4005
986277
-37
59
-42
31
1136
3934
987302
-58
79
-53
4
1135
3943
988327
-98
107
-66
-13
1147
3965
989352
-99
113
-65
-57
1110
4099
990377
-80
100
-68
-59
1093
4150
991402
-47
88
-60
-60
1180
4117
992427
-48
80
-45
-48
1245
4070
993452
-58
74
-23
-40
1247
4093
994477
-63
67
2
-53
1182
4142
995502
-41
56
24
-50
1201
4131
996527
-31
41
47
-29
1205
4082
997552
-46
38
53
1
1214
4047
998577
-74
46
55
9
1158
4072
999602
-82
53
43
12
1060
4115
992384
-53
57
22
13
1034
4126
993409
-20
58
5
-9
1087
4096
994434
-7
49
5
-19
1115
4051
995459
-27
46
8
-23
1089
4012
996484
-61
50
-1
-38
1059
4018
997509
-81
63
-20
-34
1021
4019
998534
-65
102
-48
20
1028
3905
999559
-35
135
-57
-25
1085
3841
1000584
28
184
-65
5
1138
3783
1001609
97
276
-109
151
955
3867
1002634
82
421
-219
112
1554
3821
1003659
-223
506
-134
-111
2263
3511
1004684
-484
390
103
-420
282
4056
1005709
-394
246
-189
-1773
-66
5889
1006734
-378
92
-269
-858
1172
5035
1007759
-21
30
67
483
1461
3341
1000576
-147
61
20
-242
838
3442
1001601
-255
135
-19
-845
751
4174
1002626
-3
-8
56
-669
889
4887
1003651
284
-120
230
-543
609
4716
1004676
280
-226
158
-587
857
4625
1005701
244
-355
91
-557
753
4467
1006726
269
-347
75
-31
1124
3972
1007751
229
-301
67
494
1896
3095
1008776
45
-158
164
421
1605
3264
1009801
-101
-20
121
-349
564
4133
1010826
281
21
66
-309
474
4480
1011851
464
-2
12
-164
1251
4289
1012876
136
-44
33
-89
1335
3882
1013901
-222
-23
-5
-21
1038
3713
1014926
-145
6
-26
-179
1079
4066
1015951
55
-18
0
-253
983
4270
1008768
143
-43
-20
-147
1002
4108
1009793
69
-15
-52
-23
1308
3697
1010818
-83
40
-54
-83
1327
3768
1011843
-138
55
-71
-190
1100
4234
1012868
-48
23
-75
-236
906
4471
1013893
49
-21
-105
-149
874
4319
1014918
89
-30
-150
-43
1306
3956
1015943
-40
-3
-136
-45
1489
3685
1016968
-177
26
-114
-195
1031
3901
1017993
-108
19
-155
-237
836
4346
1019018
34
-24
-168
-236
983
4454
1020043
72
-73
-167
-191
1079
4210
1021068
27
-99
-182
-134
1200
3915
1022093
-32
-99
-167
-180
1226
3928
1023118
-71
-116
-162
-272
969
4237
1024143
-7
-148
-182
-323
845
4344
1016959
97
-177
-202
-277
955
4197
1017984
96
-179
-222
-186
1138
3968
1019009
42
-159
-211
-171
1244
3898
1020034
-17
-127
-193
-209
1130
3990
1021059
-29
-94
-188
-221
1049
4060
1022084
18
-65
-177
-223
1116
4059
1023109
43
-49
-154
-215
1156
4048
1024134
34
-30
-127
-201
1184
4031
1025159
1
-18
-97
-200
1135
4060
1026184
-22
-11
-82
-213
1075
4133
1027209
-8
-10
-74
-205
1105
4130
1028234
15
-11
-59
-196
1106
4055
1029259
33
-1
-55
-205
1115
4041
1030284
31
5
-54
-211
1111
4089
1031309
23
-2
-56
-214
1107
4131
1032334
43
-11
-49
-204
1096
4083
1025152
60
-12
-41
-182
1145
4003
1026177
25
-10
-22
-201
1192
4003
1027202
-29
-21
-4
-202
1142
4059
1028227
-45
-17
-10
-132
1076
4044
1029252
-37
28
-42
-2
1188
3902
1030277
6
71
-63
-71
1169
3802
1031302
60
194
-104
-95
1406
3550
1032327
-26
331
-91
-199
1371
3797
1033352
-250
288
-102
-348
1092
4301
1034377
-295
283
-60
-177
1554
3922
1035402
-87
88
22
-1434
961
5229
1036427
-565
-22
37
-672
534
4670
1037452
-304
17
94
355
1314
3591
1038477
-187
-59
96
-150
1048
3356
1039502
-85
46
147
-443
694
3850
1040527
171
27
152
-471
919
4552
1033344
255
-34
180
-323
686
4285
1034369
186
-50
105
-319
698
4143
1035394
169
-98
-4
-411
893
4206
1036419
107
-91
-52
-201
1210
4309
1037444
43
-117
-19
38
1432
4001
1038469
29
-127
49
198
1146
3840
1039494
87
-119
-9
-175
953
4143
1040519
207
-60
-20
-280
1134
4013
1041544
86
-30
-18
-260
953
4072
1042569
-23
-26
-63
-293
968
4214
1043594
-75
-43
-77
-261
995
4164
1044619
-76
-71
-78
-267
1010
4122
1045644
11
-93
-78
-265
1141
4149
1046669
63
-71
-73
-218
1142
4054
1047694
67
-3
-76
-241
1211
3881
1048719
65
30
-83
-285
1160
4023
1041535
87
29
-84
-275
1095
4199
1042560
140
16
-58
-285
1114
4193
1043585
105
4
-34
-259
1146
4015
1044610
22
8
-16
-223
1201
3866
1045635
-76
30
6
-246
1139
3887
1046660
-89
40
7
-306
1067
4097
1047685
-43
26
0
-313
955
4250
1048710
28
10
-25
-270
1042
4213
1049735
35
9
-44
-212
1205
3983
1050760
-3
26
-43
-226
1176
3934
1051785
-17
48
-53
-254
1128
4041
1052810
21
53
-41
-266
1178
4120
1053835
41
35
-5
-256
1186
4086
1054860
37
7
38
-255
1124
4037
1055885
7
-17
73
-237
1038
3994
1056910
-35
-29
76
-237
996
4063
1049728
-73
-43
54
-269
955
4193
1050753
-60
-62
18
-245
1015
4173
1051778
-8
-55
-13
-219
1106
4044
1052803
5
-20
-54
-197
1129
3976
1053828
25
15
-91
-213
1160
4059
1054853
50
33
-98
-241
1142
4080
1055878
68
43
-104
-233
1150
4043
1056903
72
38
-90
-241
1177
4048
1057928
41
28
-60
-269
1177
4030
1058953
-5
16
-30
-299
1138
4021
1059978
-33
-2
-7
-333
1135
4071
1061003
-55
-20
7
-336
1113
4098
1062028
-53
-27
5
-307
1109
4055
1063053
-19
-20
-1
-297
1153
4040
1064078
-21
-7
-12
-287
1132
4034
1065103
-11
0
-12
-276
1150
4029
1058272
14
8
-2
-263
1112
4043
1059297
22
21
2
-232
1149
4003
1060322
8
48
14
-196
1221
3983
1061347
-37
74
48
-261
1081
3886
1062372
-19
104
59
-279
1089
3699
1063397
-17
177
44
-211
991
3654
1064422
28
304
3
-255
1223
3930
1065447
-115
379
-13
-362
1407
4236
1066472
-314
262
36
-317
944
4660
1067497
-272
76
45
-375
885
4778
1068522
-217
-264
-80
-2203
594
6768
1069547
-644
-298
60
-277
1256
3393
1070572
-151
-210
252
805
1704
2660
1071597
-158
-161
144
-238
588
3086
1072622
-102
33
53
-631
863
4355
1073647
259
-18
218
-547
657
4679
1066111
296
-97
206
-344
532
4038
1067136
205
-107
36
-503
539
4294
1068161
167
-178
-87
-487
740
4520
1069186
230
-229
-77
-83
1471
4422
1070211
258
-241
41
518
1854
3219
1071236
110
-130
103
366
1127
3370
1072261
152
16
-16
-472
902
3956
1073286
204
96
-14
-310
1076
3977
1074311
53
98
-18
-142
1213
4151
1075336
-14
41
-20
-285
1242
4300
1076361
-95
-2
-4
-320
905
4125
1077386
-46
-6
-34
-268
933
4065
1078411
-12
-7
-49
-252
1050
4033
1079436
-2
-25
-40
-266
1087
4097
1080461
25
-32
-22
-237
1194
4152
1081486
-5
-54
5
-284
1100
4206
1074304
-38
-61
-8
-256
1100
4205
1075329
-26
-62
-9
-241
1124
4141
1076354
-13
-49
-5
-211
1181
3962
1077379
-9
-17
12
-226
1179
3954
1078404
-32
9
9
-242
1026
4119
1079429
52
9
-4
-249
1134
4238
1080454
92
-10
20
-247
1171
4183
1081479
33
7
22
-208
1134
3873
1082504
-2
48
24
-234
1046
3799
1083529
-26
73
-3
-277
1032
4044
1084554
2
53
-3
-302
1054
4226
1085579
38
12
9
-266
1040
4171
1086604
41
-13
6
-212
1094
4039
1087629
4
-10
12
-187
1152
3890
1088654
-41
3
17
-236
1076
3945
1089679
-54
10
-4
-258
1026
4155
1082496
-21
-2
-15
-233
1063
4196
1083521
-12
-5
-26
-211
1132
4044
1084546
-21
0
-38
-222
1159
4050
1085571
-21
1
-40
-260
1135
4130
1086596
-1
-7
-29
-279
1127
4145
1087621
16
-17
-21
-273
1119
4118
1088646
44
-25
-4
-237
1151
4088
1089671
53
-37
29
-265
1162
4105
1090696
12
-55
57
-248
1157
4092
1091721
-47
-63
70
-225
1051
4072
1092746
-51
-57
56
-221
1034
4078
1093771
-19
-43
29
-215
1054
4088
1094796
8
-23
-1
-201
1103
4046
1095821
14
0
-20
-219
1145
4016
1096846
12
17
-29
-238
1110
4026
1097871
39
26
-29
-238
1137
3986
1090689
50
40
-13
-208
1164
3917
1091714
5
71
-4
-146
1132
3927
1092739
-32
95
15
-135
1068
3909
1093764
34
116
24
-104
1122
3797
1094789
-12
259
-24
46
1279
3619
1095814
-192
372
-16
-274
1244
3688
1096839
-503
401
-4
-462
628
3783
1097864
-425
274
-151
-825
1153
5366
1098889
-335
-90
-125
-1515
900
6102
1099914
-557
-41
143
162
1059
3279
1100939
-203
-19
146
327
982
3109
1101964
86
-32
32
-508
731
4000
1102989
204
11
138
-823
780
4910
1104014
246
-163
232
-750
552
4861
1105039
209
-407
107
-819
-163
5115
1106064
332
-549
-142
-440
1102
4968
1098880
453
-559
-62
1413
2560
2364
1099905
96
-309
28
609
1021
3000
1100930
227
-3
-125
-765
1608
3791
1101955
127
17
47
-481
804
4603
1102980
153
-58
-37
-108
754
4769
1104005
151
-154
-76
21
1285
3975
1105030
-113
-112
-36
-1
1452
3197
1106055
-284
-15
-41
-272
952
3575
1107080
-54
40
-50
-310
758
4158
1108105
214
20
-35
-238
1088
4389
1109130
150
-21
-17
-132
1230
4038
1110155
-37
-21
-6
-170
1214
3865
1111180
-163
-3
-20
-239
1089
4034
1112205
-97
11
-7
-283
919
4214
1113230
45
4
-6
-229
1010
4235
1114255
66
-6
-4
-130
1224
3975
1107072
-40
23
4
-144
1157
3914
1108097
-94
57
-20
-232
1037
4140
1109122
-31
56
-21
-276
1090
4233
1110147
18
42
-9
-249
1123
4167
1111172
32
41
-7
-220
1183
4108
1112197
33
38
6
-194
1212
4105
1113222
41
24
32
-209
1139
4163
1114247
20
0
49
-206
1048
4183
1115272
3
-20
51
-170
1065
4109
1116297
19
-35
56
-176
1113
4056
1117322
11
-42
48
-176
1112
4024
1118347
-10
-31
26
-164
1120
3979
1119372
-18
-13
9
-170
1067
4024
1120397
-5
3
-13
-146
1057
4051
1121422
21
17
-27
-115
1142
4031
1122447
5
29
-23
-125
1084
4050
1115264
17
33
-17
-152
1112
4097
1116289
14
13
8
-196
1084
4076
1117314
7
-3
27
-219
1101
4033
1118339
-38
-5
36
-205
1092
4030
1119364
-67
-1
36
-187
1027
4098
1120389
-52
10
27
-136
1108
4123
1121414
-43
28
15
-120
1115
4075
1122439
-21
49
-17
-136
1124
4072
1123464
-14
59
-29
-168
1072
4101
1124489
19
60
-29
-182
1093
4105
1125514
29
45
-18
-190
1070
4093
1126539
18
30
-12
-192
1094
4057
1127564
1
10
8
-232
1105
4059
1128589
-35
-11
16
-258
990
4107
1129614
-39
-15
0
-236
1034
4055
1130639
-37
-4
-10
-186
1132
3979
1123456
-64
30
-14
-139
1040
3902
1124481
-23
61
-44
-227
1047
4015
1125506
-44
150
-115
37
961
3886
1126531
-180
291
-217
83
767
3460
1127556
-316
498
-225
-216
1287
2635
1128581
-273
513
-77
-973
926
4109
1129606
-214
139
-259
-1203
1736
6795
1130631
-756
-110
74
-1090
1176
5263
1131656
-870
-37
182
47
-164
3068
1132681
72
102
-11
106
744
2964
1133706
1
171
-86
-663
1624
4160
1134731
-315
48
94
-922
265
5308
1135756
390
-209
245
-406
-384
4151
1136781
780
-198
162
-445
396
4388
1137806
213
-375
-173
-1067
878
5672
1138831
252
-611
-247
-388
357
4847
1131648
731
-479
-287
1226
2601
2470
1132673
424
-227
-83
738
3364
3050
1133698
-356
-1
189
-499
1059
3271
1134723
-233
176
146
-539
385
3763
1135748
194
199
91
-452
871
4722
1136773
118
47
86
-395
1176
4786
1137798
-93
-117
116
-264
772
4245
1138823
-55
-128
73
-161
993
3782
1139848
-63
-91
48
-180
1018
3695
1140873
-37
-44
59
-193
888
3970
1141898
18
-33
58
-215
867
4241
1142923
64
-56
33
-202
980
4269
1143948
36
-68
20
-160
1061
4068
1144973
-22
-25
-4
-151
1198
3894
1145998
-117
29
-18
-208
1137
3975
1147023
-111
40
-17
-270
879
4254
1139841
6
27
-29
-243
828
4307
1140866
31
18
-51
-181
1030
4199
1141891
-61
-7
-40
-159
1248
4040
1142916
-77
-28
43
-192
1312
3935
1143941
-59
-10
100
-282
1055
3870
1144966
-19
39
80
-276
826
4037
1145991
5
71
45
-268
706
4247
1147016
38
60
-8
-265
918
4286
1148041
47
30
-22
-212
1111
4120
1149066
8
17
-13
-224
1165
4023
1150091
-23
19
6
-280
1056
4110
1151116
3
0
13
-299
854
4214
1152141
99
-19
14
-256
904
4189
1153166
91
-28
7
-234
1063
4073
1154191
-14
-42
1
-229
1033
4076
1155216
-59
-56
3
-251
899
4149
1148033
-9
-65
-7
-243
941
4146
1149058
33
-67
-23
-198
937
4125
1150083
41
-53
-52
-166
996
4071
1151108
44
-30
-62
-159
1070
4028
1152133
6
-19
-63
-168
1090
4034
1153158
-17
-16
-44
-192
1009
4082
1154183
7
-17
-25
-214
987
4116
1155208
15
-24
-19
-214
1094
4122
1156233
-1
-29
-6
-216
1135
4082
1157258
-16
-26
5
-224
1083
4041
1158283
-7
-16
2
-229
1062
4072
1159308
24
0
2
-212
1073
4087
1160333
25
18
1
-190
1067
4080
1161358
-2
30
3
-181
1067
4066
1162383
-19
45
-11
-97
982
4046
1163408
-9
48
-38
-74
934
4059
1156223
93
105
-52
-86
1218
3914
1157248
33
243
-35
-116
1538
3480
1158273
-180
374
17
-240
1485
3221
1159298
-394
418
102
-261
1016
3665
1160323
-313
108
19
-1405
67
6503
1161348
-458
-138
-72
-903
1351
5558
1162373
-539
29
365
614
1429
2846
1163398
-407
-55
172
-78
369
3009
1164423
-31
105
56
-525
455
3915
1165448
332
25
239
-632
793
5242
1166473
158
-173
271
-585
155
4658
1167498
128
-268
72
-638
-225
4832
1168523
554
-496
-138
-594
329
5219
1169548
674
-503
-199
854
2273
2989
1170573
432
-409
-64
921
2899
3555
1171598
-109
-197
204
45
1969
3283
1164417
-382
36
264
-299
412
3266
1165442
109
179
111
-447
543
3859
1166467
342
220
95
-420
864
4208
1167492
125
143
39
-392
888
4509
1168517
-74
0
9
-337
826
4700
1169542
-72
-99
21
-130
853
4255
1170567
-6
-101
24
-27
1080
3791
1171592
-60
-64
31
-104
1039
3825
1172617
-46
-28
11
-175
919
4127
1173642
39
-29
11
-202
955
4342
1174667
30
-36
-1
-150
1069
4224
1175692
-50
-20
-19
-89
1070
3989
1176717
-78
21
-41
-116
1087
3991
1177742
-13
40
-31
-148
1038
4144
1178767
66
35
-16
-154
958
4227
1179792
120
27
-13
-117
1034
4160
1172608
70
27
-6
-100
1074
3987
1173633
-13
31
-13
-152
1096
4030
1174658
-66
25
-22
-196
993
4168
1175683
-29
16
-27
-172
978
4144
1176708
60
6
-23
-166
1093
4081
1177733
65
9
-24
-161
1123
3958
1178758
49
15
-8
-170
1211
3960
1179783
32
-2
28
-216
1023
4155
1180808
6
-18
17
-181
843
4248
1181833
10
-26
-11
-118
1031
4145
1182858
-20
-14
-17
-99
1177
3987
1183883
-65
11
-23
-147
1120
3995
1184908
-51
29
-34
-199
979
4184
1185933
23
32
-49
-211
931
4242
1186958
89
25
-61
-173
1057
4152
1187983
71
19
-53
-164
1177
4053
1180800
0
15
-30
-189
1186
4052
1181825
-38
3
-2
-211
1032
4126
1182850
14
-1
7
-190
975
4132
1183875
68
-3
9
-169
1100
4066
1184900
63
6
14
-153
1158
3976
1185925
46
27
20
-166
1134
4000
1186950
33
42
27
-205
1089
4066
1187975
16
42
29
-211
1026
4084
1189000
14
44
22
-201
1049
4027
1190025
7
56
27
-200
1135
3941
1191050
-27
75
35
-185
1057
3963
1192075
-56
129
14
-95
1026
3839
1193100
-13
192
6
-105
954
3691
1194125
77
365
-31
20
1519
3247
1195150
-77
654
99
-80
2191
2503
1196175
-717
793
282
-385
579
3382
1188993
-621
449
-49
-808
338
6853
1190018
525
-252
-194
-2741
-144
9035
1191043
99
-528
347
-816
-837
4221
1192068
318
-82
315
1450
3771
1007
1193093
-521
-131
1
439
2975
2033
1194118
-928
-75
128
-1022
-902
5069
1195143
218
99
201
-1006
347
4617
1196168
501
55
244
-721
727
4262
1197193
308
-162
94
-582
337
4692
1198218
277
-141
-9
-179
1529
4407
1199243
197
-111
93
484
2338
2945
1200268
-98
34
237
236
1570
3119
1201293
-172
179
255
-638
448
3816
1202318
183
205
203
-598
231
4488
1203343
341
134
124
-327
981
4810
1204368
31
-14
122
-200
1128
4326
1197424
-219
-63
116
-167
1131
3798
1198449
-199
-46
94
-226
935
3979
1199474
14
-13
74
-279
882
4210
1200499
171
5
88
-265
1076
4122
1201524
83
14
80
-220
1182
3992
1202549
-20
10
70
-301
1238
4149
1203574
-58
4
97
-344
1043
4171
1204599
1
14
105
-299
929
4082
1205624
51
34
100
-308
1005
4068
1206649
33
42
92
-341
1135
4077
1207674
15
32
116
-376
1120
4138
1208699
5
22
128
-371
1073
4133
1209724
23
12
144
-376
1108
4120
1210749
3
12
154
-337
1007
4020
1211774
28
28
148
-357
1021
4095
1212799
42
35
137
-322
1040
4101
1205375
39
39
143
-305
1151
4079
1206400
0
29
148
-289
1032
4115
1207425
23
35
156
-251
1102
3995
1208450
28
53
182
-311
1175
3957
1209475
-6
51
182
-341
1031
4106
1210500
7
51
178
-288
1017
4126
1211525
26
46
181
-264
1107
4059
1212550
0
50
188
-250
1147
3974
1213575
-33
62
194
-266
1045
3995
1214600
-15
60
184
-277
1017
4130
1215625
15
50
182
-281
1034
4176
1216650
17
38
175
-258
1040
4134
1217675
4
30
164
-238
1060
4064
1218700
-14
35
154
-256
1113
4049
1219725
-23
39
151
-283
1092
4071
1220750
-17
38
150
-260
1024
4073
1213568
20
33
145
-259
1083
4108
1214593
58
20
156
-273
1214
4132
1215618
16
13
173
-237
1138
4038
1216643
-35
29
173
-213
1123
3937
1217668
-47
54
176
-230
1125
3956
1218693
-43
112
172
-152
1101
3901
1219718
-45
177
156
-69
1161
3705
1220743
-34
250
95
-192
941
3990
1221768
-124
382
-43
-107
1607
3784
1222793
-186
431
104
-155
1914
3467
1223818
-355
277
300
-975
515
4355
1224843
-833
148
160
-1669
-357
5501
1225868
-190
-36
109
-343
719
5038
1226893
400
-42
283
477
1643
3191
1227918
-125
83
294
-295
1359
3173
1228943
-356
77
211
-665
379
4388
1221760
98
25
244
-622
606
5117
1222785
282
-104
352
-495
680
4530
1223810
167
-172
314
-482
697
4111
1224835
63
-323
143
-844
254
5328
1225860
248
-459
14
67
1070
3997
1226885
527
-380
139
1166
2604
3199
1227910
137
-252
197
204
1480
3777
1228935
-8
-57
196
-276
1047
3526
1229960
159
60
186
-350
906
3792
1230985
238
108
142
-293
1117
4002
1232010
22
109
131
-251
1127
3953
1233035
-134
87
115
-301
867
4079
1234060
-62
52
96
-291
846
4256
1235085
73
-4
90
-171
939
4264
1236110
116
-42
88
-100
1134
4130
1237135
43
-47
96
-96
1241
3836
1229952
-44
0
122
-193
1223
3792
1230977
-115
43
102
-285
996
4047
1232002
-50
49
73
-269
963
4290
1233027
19
34
63
-167
1038
4244
1234052
35
23
61
-112
1204
4085
1235077
-28
22
72
-112
1212
3996
1236102
-38
27
77
-185
1093
4145
1237127
-9
30
69
-197
1038
4151
1238152
44
23
65
-199
1087
4199
1239177
43
2
51
-167
1097
4174
1240202
11
-2
47
-115
1197
4065
1241227
-45
-8
56
-98
1192
4071
1242252
-34
-14
69
-124
1018
4030
1243277
9
7
43
-84
879
3890
1244302
76
34
6
-148
1116
4051
1245327
30
7
-2
-158
1098
4246
1238145
4
-32
-7
-101
978
4193
1239170
23
-57
-30
-101
1039
4110
1240195
-14
-66
-51
-80
1134
3978
1241220
-32
-62
-54
-105
1101
3982
1242245
-4
-63
-68
-130
1082
4131
1243270
20
-76
-78
-99
1077
4123
1244295
25
-87
-87
-92
1113
4066
1245320
0
-90
-99
-100
1137
4002
1246345
-33
-85
-103
-108
1127
3982
1247370
-60
-74
-112
-112
1146
3966
1248395
-104
-59
-116
-100
1120
3940
1249420
-101
-53
-110
-101
977
4050
1250445
-15
-50
-120
-113
1016
4179
1251470
9
-64
-128
-109
1102
4191
1252495
-40
-72
-132
-80
1084
4044
1253520
-52
-63
-142
-95
1045
3991
1246335
-45
-32
-154
-102
1056
4033
1247360
-25
-25
-162
-149
998
4210
1248385
-2
-27
-172
-163
1029
4257
1249410
16
-33
-172
-208
1069
4191
1250435
16
-35
-175
-212
1097
4186
1251460
17
-33
-173
-215
1068
4148
1252485
48
-14
-173
-268
1165
4139
1253510
36
-5
-199
-249
1210
4208
1254535
32
12
-222
-169
1182
4202
1255560
88
28
-238
-130
1172
4158
1256585
159
52
-236
-84
1192
4128
1257610
199
67
-226
-52
1167
4124
1258635
189
70
-215
-32
1151
4066
1259660
155
56
-204
-50
1049
4057
1260685
134
42
-207
-32
996
4030
1261710
143
20
-212
-32
1041
4043
1254528
115
-11
-228
-14
987
4039
1255553
104
-42
-253
-64
1028
4041
1256578
108
-87
-272
-108
1054
4076
1257603
98
-125
-295
-114
1111
4047
1258628
73
-153
-318
-104
1121
3983
1259653
69
-167
-332
-130
1176
3965
1260678
64
-197
-335
-197
1245
4009
1261703
30
-240
-333
-196
1311
3961
1262728
-1
-269
-316
-157
1316
3914
1263753
-9
-280
-277
-177
1252
3884
1264778
13
-274
-266
-159
1290
3865
1265803
14
-255
-247
-149
1308
3964
1266828
-3
-234
-245
-194
1244
4085
1267853
-17
-206
-270
-211
1279
4128
1268878
-17
-194
-301
-221
1284
4159
1269903
26
-169
-320
-212
1250
4180
1262720
90
-136
-326
-243
1274
4147
1263745
125
-115
-319
-263
1384
4155
1264770
103
-102
-299
-285
1354
4158
1265795
103
-85
-288
-293
1333
4134
1266820
122
-73
-260
-292
1334
4141
1267845
128
-65
-236
-287
1370
4081
1268870
103
-48
-195
-320
1319
3986
1269895
108
-39
-156
-451
1259
3981
1270920
131
-45
-138
-463
1409
3960
1271945
102
-63
-103
-421
1313
3934
1272970
75
-50
-91
-433
1178
3903
1273995
162
-12
-84
-403
1196
3851
1275020
217
30
-76
-373
1241
3784
1276045
177
58
-73
-359
1255
3779
1277070
94
66
-76
-273
1279
3798
1278095
12
61
-67
-195
1213
3810
1270913
-7
63
-63
-158
1207
3802
1271938
-4
64
-63
-138
1250
3804
1272963
-27
59
-82
-118
1264
3900
1273988
-39
55
-98
-86
1228
4016
1275013
-9
52
-108
-157
1183
4095
1276038
49
42
-123
-295
1260
4083
1277063
71
25
-125
-327
1283
4096
1278088
80
12
-126
-322
1397
4103
1279113
58
0
-109
-394
1500
4067
1280138
3
-25
-91
-431
1403
4045
1281163
17
-39
-101
-355
1364
4015
1282188
62
-35
-105
-294
1441
3950
1283213
52
-32
-108
-216
1465
3866
1284238
-7
-26
-110
-140
1518
3760
1285263
-64
-19
-107
-45
1431
3816
1286288
-66
-11
-115
32
1343
3957
1279105
-33
-19
-136
52
1277
3998
1280130
-29
-34
-181
14
1233
4002
1281155
-21
-49
-219
16
1267
3970
1282180
-36
-60
-233
29
1249
3897
1283205
-48
-67
-255
32
1218
3908
1284230
-39
-64
-278
-32
1251
3992
1285255
-28
-52
-299
-107
1299
4052
1286280
-31
-46
-313
-233
1262
4084
1287305
-12
-42
-334
-378
1266
4076
1288330
50
-20
-341
-438
1355
4026
1289355
79
8
-334
-553
1409
3982
1290380
60
42
-339
-679
1471
3970
1291405
38
72
-324
-755
1557
4009
1292430
42
76
-274
-809
1517
3974
1293455
113
71
-242
-859
1406
3869
1294480
251
73
-229
-923
1337
3852
1287297
397
75
-249
-863
1498
3906
1288322
394
62
-232
-716
1732
3851
1289347
184
52
-186
-654
1692
3722
1290372
16
57
-187
-582
1444
3724
1291397
6
56
-203
-504
1396
3791
1292422
68
19
-190
-440
1554
3855
1293447
69
-24
-142
-385
1556
3878
1294472
33
-41
-99
-401
1514
3909
1295497
-11
-62
-69
-427
1480
4003
1296522
-41
-99
-41
-467
1456
4088
1297547
-29
-152
-4
-520
1439
4102
1298572
2
-199
34
-564
1442
4095
1299597
29
-233
52
-568
1439
4082
1300622
47
-256
66
-594
1411
4080
1301647
88
-278
79
-612
1329
4029
1302672
186
-281
84
-595
1359
3971
1295487
233
-354
99
-581
1633
3910
1296512
-61
-572
112
-624
1735
3865
1297537
-119
-272
78
-358
1340
3899
1298562
8
-204
60
-453
1277
3904
1299587
206
-144
25
-436
1411
3819
1300612
262
-109
1
-340
1590
3781
1301637
177
-77
18
-318
1729
3786
1302662
91
-63
45
-277
1608
3832
1303687
23
-61
60
-220
1520
3860
1304712
49
-61
93
-188
1456
3839
1305737
146
-16
49
-221
1551
3852
1306762
171
6
52
-221
1697
3863
1307787
124
12
77
-244
1706
3850
1308812
42
14
26
-243
1676
3807
1309837
6
24
13
-143
1533
3789
1310862
34
70
7
-192
1699
3804
1303680
79
74
46
-214
1733
3818
1304705
-11
63
28
-147
1607
3797
1305730
-48
50
34
-174
1598
3751
1306755
4
26
46
-78
1719
3778
1307780
-8
-1
107
-138
1603
3821
1308805
-4
38
82
-163
1559
3855
1309830
-4
80
9
-139
1607
3886
1310855
-42
84
-24
-162
1565
3891
1311880
-44
76
-40
-197
1551
3913
1312905
-7
49
-54
-194
1604
3883
1313930
12
35
-65
-199
1595
3866
1314955
14
34
-76
-217
1577
3884
1315980
-22
29
-92
-211
1591
3892
1317005
-18
-7
-34
-269
1556
3900
1318030
-12
-33
-6
-250
1581
3905
1319055
-54
-46
-27
-257
1577
3887
1311872
-37
-46
-64
-302
1533
3852
1312897
0
-43
-83
-239
1574
3846
1313922
-71
-63
-104
-228
1602
3867
1314947
-70
-30
-129
-310
1581
3877
1315972
45
-17
-25
-337
1636
3849
1316997
102
-59
63
-187
1694
3836
1318022
14
-96
39
-238
1624
3844
1319047
