Device = VHR-0009
time_stamp = 1780037026668
sample_rate = 50
Data format = INT16
TYPE = 6-AXIS IMU RAW DATA
-12
-7
14
-103
2064
3565
10695296
17
-4
10
-93
2098
3596
10696321
15
-6
15
-102
2104
3582
10697346
5
-7
21
-104
2090
3554
10698371
-7
-5
24
-100
2085
3540
10699396
0
1
21
-111
2071
3561
10700421
6
5
17
-111
2094
3593
10701446
0
3
15
-104
2079
3585
10702471
-6
3
14
-83
2082
3578
10703496
-9
4
14
-86
2088
3601
10704521
-3
3
6
-83
2071
3607
10705546
5
0
2
-87
2090
3582
10706571
0
3
5
-85
2108
3563
10707596
-2
3
3
-91
2089
3589
10708621
6
-4
0
-86
2083
3621
10709646
9
-11
9
-87
2103
3583
10710671
6
-22
15
-101
2105
3568
10703490
6
-26
11
-111
2089
3577
10704515
7
-24
7
-86
2096
3553
10705540
14
-17
7
-84
2107
3571
10706565
20
-17
5
-77
2104
3593
10707590
22
-19
7
-86
2097
3572
10708615
20
-15
5
-105
2085
3557
10709640
23
-9
-5
-105
2075
3569
10710665
39
-4
-14
-110
2047
3573
10711690
57
-1
-18
-123
2101
3577
10712715
52
-2
-20
-103
2166
3572
10713740
19
0
-12
-107
2159
3557
10714765
3
2
-1
-107
2138
3537
10715790
7
6
7
-102
2147
3562
10716815
10
3
10
-89
2114
3581
10717840
13
-1
15
-90
2099
3561
10718865
39
-4
-14
-110
2047
3573
10711690
57
-1
-18
-123
2101
3577
10712715
52
-2
-20
-103
2166
3572
10713740
19
0
-12
-107
2159
3557
10714765
3
2
-1
-107
2138
3537
10715790
7
6
7
-102
2147
3562
10716815
10
3
10
-89
2114
3581
10717840
13
-1
15
-90
2099
3561
10718865
26
-5
15
-96
2109
3554
10711680
22
-7
16
-92
2109
3550
10712705
23
-9
16
-90
2104
3557
10713730
18
-10
13
-74
2097
3566
10714755
10
-12
14
-83
2100
3554
10715780
10
-15
12
-98
2113
3557
10716805
12
-19
8
-88
2128
3556
10717830
1
-18
9
-93
2120
3539
10718855
1
-15
4
-103
2114
3551
10719880
17
-11
0
-89
2131
3557
10720905
24
-10
5
-89
2159
3560
10721930
16
-11
8
-83
2139
3567
10722955
17
-8
4
-82
2102
3586
10723980
29
-4
4
-80
2105
3566
10725005
35
-5
4
-78
2114
3544
10726030
37
-8
1
-75
2147
3554
10727055
22
-10
0
-92
2127
3545
10719872
23
-12
-3
-85
2126
3553
10720897
34
-16
-3
-71
2181
3541
10721922
12
-19
0
-83
2181
3529
10722947
-9
-20
-2
-83
2131
3519
10723972
11
-16
-6
-78
2168
3520
10724997
18
-12
-4
-73
2180
3502
10726022
6
-7
2
-63
2167
3478
10727047
0
-3
5
-74
2159
3511
10728072
0
2
5
-78
2162
3530
10729097
2
5
6
-78
2147
3516
10730122
14
8
11
-87
2155
3490
10731147
15
10
10
-100
2162
3539
10732172
11
8
4
-88
2133
3571
10733197
17
9
4
-100
2132
3551
10734222
11
7
7
-110
2138
3535
10735247
10
2
3
-107
2142
3565
10728065
6
-4
5
-96
2148
3565
10729090
2
-9
5
-89
2137
3554
10730115
6
-9
5
-97
2139
3532
10731140
14
-7
3
-100
2163
3536
10732165
0
-11
5
-100
2167
3544
10733190
-8
-16
6
-104
2139
3562
10734215
8
-18
6
-94
2132
3546
10735240
26
-16
8
-91
2190
3529
10736265
8
-14
10
-82
2203
3515
10737290
-29
0
5
-38
2144
3472
10738315
-41
62
2
-53
2098
3434
10739340
-58
127
-12
-26
2120
3493
10740365
-115
159
-42
10
2063
3474
10741390
-33
141
-84
-93
2040
3372
10742415
-60
174
-127
102
2575
3181
10743440
-307
276
-97
134
2736
2719
10736256
-475
377
17
-223
2381
2610
10737281
-152
497
13
-1375
1560
5073
10738306
-833
347
-15
-290
2498
5308
10739331
-618
21
200
150
1378
3101
10740356
322
101
293
-431
2257
2108
10741381
29
41
306
-795
2618
3309
10742406
-725
-96
101
-597
1789
5371
10743431
-598
-191
114
-448
-102
5509
10744456
686
-396
219
-242
184
4670
10745481
1198
-482
226
810
3196
1857
10746506
960
-407
184
643
3581
2299
10747531
465
-141
37
-109
2479
3331
10748556
89
40
73
-72
2083
3318
10749581
154
106
85
-171
1795
3355
10750606
249
154
2
-154
2269
3473
10751631
14
107
18
-221
2123
3551
10744447
-57
68
18
-204
1928
3704
10745472
27
41
-16
-155
1929
3910
10746497
77
-6
-40
-102
2075
3958
10747522
27
-73
-16
-90
2203
3829
10748547
-57
-121
23
-101
2295
3582
10749572
-75
-142
34
-121
2269
3485
10750597
-17
-136
19
-102
2205
3577
10751622
77
-125
14
-54
2216
3591
10752647
120
-119
34
-28
2295
3509
10753672
91
-114
55
7
2360
3389
10754697
46
-89
72
-13
2295
3321
10755722
48
-65
67
-36
2228
3470
10756747
68
-53
61
-22
2135
3591
10757772
72
-46
62
10
2124
3524
10758797
58
-41
64
24
2204
3438
10759822
27
-36
60
-10
2198
3394
10752640
8
-23
43
-16
2143
3369
10753665
7
-5
24
-22
2104
3371
10754690
17
11
2
-3
2132
3414
10755715
17
20
-8
8
2177
3444
10756740
8
16
-1
9
2222
3428
10757765
-14
12
11
-25
2232
3387
10758790
-27
17
12
-24
2187
3420
10759815
-30
24
7
-6
2141
3489
10760840
-14
26
9
-6
2194
3525
10761865
-15
21
13
-32
2226
3551
10762890
-35
13
6
-43
2215
3544
10763915
-37
8
-2
-26
2198
3540
10764940
-24
14
-5
-26
2223
3536
10765965
-3
18
-5
-36
2278
3555
10766990
12
15
-2
-26
2289
3607
10768015
18
2
8
-31
2273
3635
10760832
31
-15
26
-39
2298
3590
10761857
36
-31
47
-49
2275
3549
10762882
46
-43
57
-26
2208
3530
10763907
66
-40
64
-13
2229
3573
10764932
64
-51
59
0
2199
3616
10765957
61
-68
53
27
2174
3544
10766982
71
-72
53
43
2199
3434
10768007
65
-62
47
63
2226
3374
10769032
47
-45
37
69
2210
3362
10770057
35
-24
26
43
2189
3374
10771082
26
-13
9
52
2148
3383
10772107
17
1
-1
50
2167
3361
10773132
-18
6
-12
38
2156
3362
10774157
-30
16
-21
56
2242
3337
10775182
-70
43
-16
5
2289
3270
10776207
-144
81
-38
16
2058
3246
10769023
-82
148
-75
65
2009
3420
10770048
-2
181
-85
-5
2409
3654
10771073
-190
110
-71
30
2445
3499
10772098
-442
110
-5
15
2173
3182
10773123
-409
155
-34
-37
1903
3044
10774148
-99
177
-24
-185
2197
3499
10775173
31
91
-35
-299
2193
4216
10776198
-58
-47
-47
-81
2048
4304
10777223
13
-132
-5
37
2173
4020
10778248
22
-172
29
18
2238
3563
10779273
-7
-194
51
24
2129
3395
10780298
45
-163
44
42
2102
3451
10781323
95
-92
16
33
2241
3354
10782348
64
-9
-10
77
2285
3158
10783373
-46
96
-29
93
2142
3049
10784398
-144
252
-78
157
2209
2931
10777217
-251
409
-132
-12
1950
2929
10778242
-546
400
-165
-82
2372
2750
10779267
-177
309
-168
-552
1284
4873
10780292
-493
423
-277
-1100
2282
6904
10781317
-1874
-124
30
355
1880
2659
10782342
217
-46
-31
-285
1110
2061
10783367
177
12
-156
-599
3906
3466
10784392
-964
-206
28
-264
1403
4890
10785417
-376
-173
-7
-586
385
4464
10786442
501
-233
-22
-528
724
4264
10787467
980
-408
72
172
2320
4409
10788492
713
-533
133
1119
3648
2277
10789517
376
-397
152
196
2289
2364
10790542
529
-53
-13
-165
1984
3374
10791567
342
73
-44
-53
1782
3781
10792592
292
37
-98
-3
1957
4108
10785408
98
-57
-77
-3
2291
4122
10786433
-278
-145
-13
8
2190
3406
10787458
-271
-112
27
-120
1905
2843
10788483
109
-16
-54
-175
1973
3277
10789508
288
24
-86
-105
2261
3779
10790533
175
5
-38
-94
2264
3850
10791558
-48
-24
29
-57
2166
3537
10792583
-111
-38
50
-76
2098
3452
10793608
-20
-33
26
-61
2108
3602
10794633
65
-22
42
-50
2205
3633
10795658
70
-15
46
-31
2169
3534
10796683
16
-8
36
8
2046
3481
10797708
19
-1
23
24
2091
3581
10798733
34
-17
41
25
2171
3668
10799758
29
-37
64
-11
2151
3597
10800783
-18
-35
57
-16
2040
3456
10793600
11
-28
30
1
2058
3494
10794625
40
-25
16
8
2130
3589
10795650
18
-40
14
21
2119
3620
10796675
15
-50
21
29
2128
3608
10797700
1
-54
22
33
2129
3508
10798725
-3
-44
18
17
2128
3454
10799750
14
-31
6
16
2170
3499
10800775
10
-19
9
8
2180
3547
10801800
18
-14
15
28
2190
3587
10802825
-1
-9
27
35
2168
3530
10803850
3
-3
27
-1
2106
3485
10804875
36
10
18
-29
2142
3540
10805900
42
12
18
-9
2167
3608
10806925
24
8
26
5
2125
3627
10807950
27
0
30
0
2108
3604
10808975
54
-11
33
8
2147
3567
10801792
22
-13
32
18
2069
3501
10802817
10
-9
26
40
2106
3512
10803842
2
-4
25
41
2170
3553
10804867
-13
-10
22
65
2163
3577
10805892
-1
-18
21
71
2145
3577
10806917
6
-13
16
50
2134
3476
10807942
-1
0
7
42
2114
3437
10808967
8
13
-4
67
2114
3478
10809992
36
18
3
64
2167
3530
10811017
18
10
15
61
2163
3533
10812042
-14
1
29
44
2136
3518
10813067
-30
-6
31
9
2154
3529
10814092
-43
-10
21
-14
2145
3550
10815117
-52
-6
5
25
2130
3548
10816142
-28
1
-3
52
2154
3543
10817167
-7
3
-4
69
2151
3540
10809983
-2
4
4
77
2170
3534
10811008
4
1
20
74
2138
3556
10812033
19
-7
33
38
2112
3594
10813058
10
-22
37
16
2125
3584
10814083
-23
-34
37
19
2126
3533
10815108
-56
-35
24
26
2113
3528
10816133
-61
-23
4
39
2122
3517
10817158
-45
-10
-15
61
2117
3523
10818183
-25
6
-21
79
2147
3486
10819208
-54
33
-9
82
2242
3370
10820233
-131
87
-25
133
1960
3445
10821258
-122
208
-112
251
1664
3851
10822283
-117
270
-184
325
1829
3959
10823308
-318
218
-73
254
3328
3337
10824333
-1051
217
319
-304
3875
2249
10825358
-916
291
204
-568
360
2656
10818176
-86
466
-72
-1479
659
4555
10819201
-303
161
-159
465
2430
5195
10820226
-538
4
106
341
2536
3903
10821251
-335
40
261
-342
1614
2882
10822276
-247
-91
216
-383
1482
3423
10823301
-76
-206
-42
-441
1746
4747
10824326
-242
-207
-118
-138
1322
4954
10825351
112
-308
85
-298
208
4642
10826376
991
-450
83
455
1944
3656
10827401
721
-449
95
1230
3912
2339
10828426
506
-341
115
321
2953
2931
10829451
13
-48
136
-119
1591
2797
10830476
154
161
34
-30
1207
3037
10831501
514
291
-87
-78
1784
3728
10832526
323
256
-81
-89
2347
4073
10833551
-117
85
-19
-60
1939
4018
10826369
-141
-25
-6
27
1775
3927
10827394
10
-66
8
41
1947
3875
10828419
-26
-72
39
65
2211
3615
10829444
-216
-51
97
-2
2173
3342
10830469
-227
-19
93
-14
2036
3428
10831494
-32
16
103
29
2188
3620
10832519
39
61
152
-42
2254
3674
10833544
10
56
129
-43
1974
3660
10834569
62
51
85
47
1836
3741
10835594
90
66
59
88
1870
3738
10836619
18
62
56
69
1915
3652
10837644
-24
48
43
59
1930
3644
10838669
4
38
25
11
1875
3746
10839694
41
18
-1
30
1963
3780
10840719
4
1
0
45
2016
3668
10841744
-27
-7
-5
45
1960
3607
10834560
13
-8
-12
57
2039
3598
10835585
28
-7
4
32
2089
3589
10836610
16
-8
17
21
2016
3580
10837635
44
-1
14
62
2011
3618
10838660
42
4
27
68
1989
3627
10839685
29
-17
51
70
2012
3637
10840710
3
-43
73
59
2024
3728
10841735
-40
-76
77
65
2027
3776
10842760
-63
-102
72
60
1998
3694
10843785
-71
-89
48
67
1995
3508
10844810
-35
-53
14
67
1957
3519
10845835
16
-20
-22
78
1960
3615
10846860
47
-1
-23
60
2018
3637
10847885
14
7
-18
42
2009
3582
10848910
-22
15
-13
17
1939
3534
10849935
21
27
-15
13
1962
3638
10842752
53
15
3
29
2028
3696
10843777
30
-10
38
44
2091
3662
10844802
-29
-28
71
43
2132
3601
10845827
-82
-39
81
57
2099
3588
10846852
-84
-39
61
101
1982
3595
10847877
-28
-16
28
155
1953
3602
10848902
14
21
7
189
1975
3576
10849927
23
38
-4
198
1952
3574
10850952
31
42
-7
147
1906
3674
10851977
34
31
-9
87
1918
3764
10853002
2
8
-5
52
1884
3728
10854027
-25
-11
-16
34
1872
3629
10855052
-18
-17
-35
19
1959
3595
10856077
-12
-19
-46
31
2031
3644
10857102
0
-22
-45
75
2069
3663
10858127
6
-20
-29
83
2069
3587
10850944
-9
-5
-17
99
2070
3522
10851969
-13
9
-6
99
2068
3559
10852994
-12
18
5
74
2010
3603
10854019
-13
22
11
58
2008
3624
10855044
-15
19
15
61
2035
3591
10856069
-31
24
16
55
2043
3512
10857094
-5
29
15
59
2011
3597
10858119
20
47
7
83
1946
3690
10859144
-46
59
10
116
1966
3576
10860169
-133
82
-17
187
1861
3602
10861194
-214
140
-64
324
1937
3366
10862219
-116
255
4
253
2310
2881
10863244
29
402
23
-85
2635
2638
10864269
-314
488
23
-135
1960
2876
10865294
-384
493
18
-450
1382
4073
10866319
339
293
-71
-960
1132
6739
10859135
-421
68
-43
-4
3214
4665
10860160
-912
-214
309
240
1457
2297
10861185
-32
-169
157
-427
1364
3315
10862210
-28
-86
-70
-427
2105
4389
10863235
-239
-170
-13
-429
744
4967
10864260
516
-306
110
104
1125
4690
10865285
513
-416
224
830
3007
3071
10866310
122
-391
235
610
2379
2333
10867335
341
-175
123
47
2410
3053
10868360
253
-4
71
-49
1573
3416
10869385
421
83
-40
22
1433
3957
10870410
439
75
-59
34
2089
4221
10871435
22
-41
9
77
2137
3714
10872460
-168
-82
53
23
1984
3398
10873485
-137
-78
10
-43
1694
3447
10874510
10
-37
-39
-21
1734
3564
10867328
114
-4
-59
-14
1989
3666
10868353
60
-10
-48
24
2167
3664
10869378
-13
-22
-16
32
2139
3665
10870403
-72
-21
4
41
2047
3605
10871428
-83
-13
5
23
1885
3586
10872453
42
-14
-14
48
1940
3734
10873478
206
-33
-13
94
2142
3733
10874503
138
-41
0
77
2114
3554
10875528
14
-49
5
57
1845
3479
10876553
47
-24
-31
133
1956
3608
10877578
30
-34
0
117
2097
3665
10878603
-17
-51
19
104
2058
3617
10879628
-26
-50
18
124
2051
3538
10880653
-36
-35
15
108
1970
3497
10881678
-10
-21
1
102
1987
3616
10882703
8
-10
9
100
2080
3694
10875520
-33
-13
9
91
2030
3702
10876545
-43
-16
17
85
2070
3632
10877570
-49
-17
11
45
1958
3657
10878595
-9
1
-3
47
1992
3579
10879620
-1
21
-12
-5
1966
3669
10880645
8
13
-34
59
1997
3800
10881670
-3
-3
-18
60
2007
3780
10882695
-10
-22
-7
76
2008
3609
10883720
9
-20
1
58
2036
3567
10884745
19
-14
-6
69
2054
3649
10885770
16
-12
1
103
2070
3659
10886795
13
-17
8
123
2063
3627
10887820
13
-16
16
135
2062
3592
10888845
9
-12
22
133
2079
3557
10889870
2
-7
26
137
2033
3532
10890895
3
16
37
136
2030
3480
10883711
10
29
34
117
1953
3586
10884736
31
26
31
127
2025
3679
10885761
-21
5
28
91
1952
3742
10886786
-45
-17
1
136
1906
3704
10887811
-40
-14
-17
128
1985
3591
10888836
-15
-10
-43
114
1960
3620
10889861
35
-7
-55
125
2004
3666
10890886
37
-9
-39
66
2029
3642
10891911
0
-22
-25
48
2018
3647
10892936
-13
-34
-14
51
2012
3638
10893961
-15
-34
-7
21
2030
3584
10894986
-10
-30
-11
20
2025
3584
10896011
0
-19
-20
56
1976
3614
10897036
16
-4
-29
72
2014
3621
10898061
21
7
-26
83
2081
3578
10899086
6
18
-19
90
2062
3558
10891904
7
29
-16
88
2042
3625
10892929
16
33
-9
92
2045
3678
10893954
15
25
1
87
2030
3673
10894979
5
13
6
96
2028
3626
10896004
-14
8
9
79
2025
3576
10897029
-21
8
7
58
2007
3598
10898054
-20
7
5
75
1991
3623
10899079
-17
10
7
86
2013
3579
10900104
-44
23
3
97
2028
3570
10901129
-78
45
-4
112
1965
3552
10902154
-89
89
-13
87
1908
3502
10903179
-56
136
-20
105
2028
3440
10904204
-62
211
-45
200
2020
3492
10905229
-20
257
-67
245
1969
3488
10906254
-121
326
-25
244
2665
2661
10907279
-589
363
166
-230
2946
2708
10900096
-782
263
151
-220
1161
3794
10901121
243
96
22
-561
392
5046
10902146
1092
12
-187
-1180
1406
6855
10903171
-394
-250
-75
642
3261
3379
10904196
-757
-292
311
264
2337
1998
10905221
19
-140
113
-331
1718
3433
10906246
35
-22
-52
-429
1772
4552
10907271
70
-90
16
-152
1347
4494
10908296
283
-177
176
396
1872
3709
10909321
277
-194
230
513
2441
3041
10910346
88
-115
102
382
2360
2557
10911371
149
43
28
-13
1883
3189
10912396
215
131
-18
59
1598
3737
10913421
252
135
-31
107
1682
3928
10914446
186
69
-22
6
2087
4018
10915471
-71
-41
12
-35
1988
3790
10908288
-159
-78
41
18
1978
3622
10909313
-147
-82
35
32
1924
3460
10910338
-22
-69
19
-39
1923
3567
10911363
47
-60
-21
7
1938
3720
10912388
50
-54
-18
58
2064
3771
10913413
-36
-55
6
75
2070
3651
10914438
-64
-53
8
86
2063
3640
10915463
-23
-40
0
61
2016
3730
10916488
21
-28
-10
52
1990
3739
10917513
-13
-6
-14
59
2017
3546
10918538
-62
2
-17
23
1953
3564
10919563
20
-12
-61
36
1813
3812
10920588
103
-17
-70
43
1847
3860
10921613
95
-34
-64
49
2006
3718
10922638
-18
-43
-48
81
2081
3499
10923663
-42
-52
-46
62
1953
3527
10916480
54
-63
-59
68
1900
3704
10917505
112
-67
-49
57
1960
3748
10918530
104
-83
-27
63
2090
3679
10919555
46
-94
-5
90
2105
3552
10920580
-17
-89
9
74
2095
3476
10921605
-36
-80
11
59
2048
3544
10922630
-8
-67
-1
71
1933
3624
10923655
33
-46
-8
103
2055
3627
10924680
3
-35
7
112
2110
3571
10925705
-32
-31
22
96
2045
3514
10926730
-23
-16
19
81
1995
3564
10927755
0
-6
9
73
1973
3650
10928780
19
-2
-1
86
1993
3694
10929805
9
2
-3
105
2035
3637
10930830
-7
-4
2
114
2034
3597
10931855
-11
-7
3
95
2030
3591
10924671
-19
-4
5
88
2011
3620
10925696
-11
-6
3
109
1989
3648
10926721
4
-6
5
131
2032
3641
10927746
0
-9
8
131
2038
3594
10928771
-15
-8
12
117
2032
3597
10929796
-17
-3
13
112
2012
3591
10930821
-10
4
13
104
2009
3619
10931846
8
0
7
125
1995
3659
10932871
6
-1
15
119
2019
3636
10933896
-15
-8
17
110
2004
3611
10934921
-28
-9
13
96
2000
3621
10935946
-26
-7
10
89
1991
3631
10936971
-19
3
3
99
1997
3616
10937996
-9
10
5
103
2017
3613
10939021
17
5
3
108
1999
3670
10940046
35
6
1
99
1993
3674
10932864
13
1
0
96
1993
3655
10933889
1
-5
0
102
2013
3655
10934914
-6
-8
8
96
1989
3625
10935939
2
-14
2
108
1956
3615
10936964
25
-14
-4
109
1991
3663
10937989
11
-18
-2
94
2002
3640
10939014
-2
-22
5
94
1996
3598
10940039
-12
-29
4
103
1985
3596
10941064
-15
-27
3
110
2017
3578
10942089
-31
-11
1
122
2044
3546
10943114
-56
13
-7
156
1953
3563
10944139
-48
55
-20
206
1947
3589
10945164
-77
107
-42
257
2102
3520
10946189
-120
137
-56
264
2063
3547
10947214
-192
230
-72
451
2388
3304
10948239
-570
421
95
84
3031
2347
10941056
-750
468
125
-639
1353
2693
10942081
103
385
-108
-1124
344
5949
10943106
-250
138
-179
-17
2613
5294
10944131
-118
-66
99
463
1600
3471
10945156
-176
-35
109
-354
2352
3089
10946181
-487
-182
93
-157
1480
3565
10947206
107
-176
55
-23
1668
4253
10948231
2
-161
87
-8
2068
4051
10949256
-266
-147
102
-89
1101
3546
10950281
318
-151
54
-147
1301
4587
10951306
499
-257
47
329
1922
4338
10952331
368
-293
132
778
2310
2726
10953356
326
-196
120
436
2453
2783
10954381
195
-40
17
-8
2220
3222
10955406
202
29
-54
60
1146
3662
10956431
500
111
-106
114
1870
4165
10949247
165
35
-46
-19
2160
3941
10950272
-167
-63
-29
114
1957
3558
10951297
-145
-75
-7
26
1912
3503
10952322
51
-70
-24
-30
1907
3690
10953347
171
-49
-36
-7
1965
3807
10954372
101
-45
-27
85
2101
3688
10955397
-25
-55
16
86
2107
3564
10956422
-61
-42
40
88
2100
3477
10957447
-50
-4
47
75
2038
3525
10958472
-5
39
44
89
2011
3604
10959497
4
78
62
103
2064
3524
10960522
-33
96
77
82
1988
3470
10961547
-6
84
56
84
1903
3664
10962572
81
73
46
59
1936
3863
10963597
55
47
37
82
1861
3843
10964622
-7
35
28
137
1917
3688
10957440
-65
35
24
128
1929
3535
10958465
-54
32
7
109
1944
3579
10959490
28
14
-6
85
1966
3824
10960515
41
-1
-13
94
1928
3821
10961540
5
-12
-13
125
1993
3647
10962565
-31
-10
-6
98
2014
3489
10963590
-30
-7
-13
58
1947
3577
10964615
28
-21
-26
100
1992
3786
10965640
47
-42
-8
104
1950
3767
10966665
64
-49
-29
132
1961
3702
10967690
54
-57
-23
148
2027
3629
10968715
42
-59
-6
108
2088
3650
10969740
31
-73
-5
82
1981
3721
10970765
29
-77
-12
91
1933
3710
10971790
34
-69
-12
83
1977
3602
10972815
37
-61
-14
88
2025
3534
10965632
19
-46
-15
84
2006
3548
10966657
12
-34
-22
65
1976
3597
10967682
22
-29
-24
77
1985
3612
10968707
16
-21
-19
80
2025
3585
10969732
-7
-8
-10
88
2078
3524
10970757
-29
8
-2
61
2028
3537
10971782
-22
21
-4
72
1996
3619
10972807
-6
27
6
78
2009
3628
10973832
-1
22
14
90
2023
3607
10974857
-11
20
22
104
2009
3592
10975882
-22
24
18
105
1959
3584
10976907
-14
32
13
104
1969
3609
10977932
-3
31
14
99
1984
3655
10978957
-1
21
13
107
1992
3674
10979982
-15
10
16
117
1989
3651
10981007
-45
7
17
100
1986
3617
10973823
-45
-1
8
102
1989
3665
10974848
-11
-9
3
117
1995
3664
10975873
7
-8
2
122
2001
3632
10976898
-19
-1
-2
126
2000
3620
10977923
-26
-4
-5
115
1980
3644
10978948
7
-11
-12
99
1996
3690
10979973
12
-13
-6
96
2037
3676
10980998
-15
-16
-4
96
2029
3649
10982023
-29
-16
1
101
1991
3599
10983048
-27
7
0
120
1967
3574
10984073
-46
47
-10
149
1934
3662
10985098
-66
64
0
83
2026
3682
10986123
-116
42
3
104
2038
3516
10987148
-221
68
-18
329
1944
3320
10988173
-206
165
18
157
1966
3141
10989198
-156
291
9
-80
2235
2747
10982017
-426
350
-24
28
2074
2771
10983042
-188
284
38
143
2320
3621
10984067
898
94
156
-755
1796
6038
10985092
442
-31
-1
-701
1935
6463
10986117
-1363
-176
229
483
2260
2954
10987142
-943
-166
416
420
1525
1605
10988167
274
16
213
-316
1521
3273
10989192
123
24
-25
-314
1860
4464
10990217
-93
54
-18
70
1423
4022
10991242
242
98
70
-44
1385
3936
10992267
207
-28
43
24
1430
4182
10993292
110
-99
20
314
1995
3885
10994317
237
-111
70
397
2228
3556
10995342
280
-120
65
311
1824
3264
10996367
407
-84
-21
127
2044
3467
10997392
238
-23
-52
174
2178
3560
10990208
50
-25
-34
70
1729
3675
10991233
134
-9
-38
-25
1827
3861
10992258
36
-31
-37
25
1845
3654
10993283
-95
-50
-43
92
1991
3486
10994308
-90
-56
-8
25
2157
3608
10995333
-38
-80
7
-1
2065
3765
10996358
20
-73
10
43
1995
3718
10997383
-20
-44
28
59
1907
3528
10998408
-32
-27
10
82
1984
3565
10999433
0
-20
-5
86
2079
3744
11000458
24
-24
11
87
2012
3823
11001483
5
-15
17
137
1941
3628
11002508
-34
19
16
131
1933
3450
11003533
-4
38
-1
96
2020
3607
11004558
38
25
-4
80
2021
3793
11005583
40
2
18
105
1982
3750
10998400
-3
-7
30
122
1904
3616
10999425
-37
-2
19
128
1870
3530
11000450
-1
6
3
100
1907
3616
11001475
18
3
-4
74
1925
3710
11002500
12
-5
-10
82
1927
3726
11003525
5
-10
-10
109
1967
3624
11004550
-8
-7
0
87
1988
3588
11005575
3
-10
-4
87
1992
3681
11006600
7
-9
4
65
1990
3746
11007625
-6
-22
2
91
1961
3695
11008650
-9
-19
8
90
2000
3625
11009675
2
-16
3
68
1900
3643
11010700
18
-3
1
80
1979
3625
11011725
14
-7
10
60
2037
3679
11012750
9
-13
12
97
1985
3666
11013775
16
-4
22
112
2019
3631
11006592
2
-10
26
112
1960
3640
11007617
4
-9
26
138
1931
3606
11008642
9
1
30
112
1948
3591
11009667
4
2
19
109
1943
3620
11010692
0
5
15
102
1917
3629
11011717
-1
5
11
94
1933
3635
11012742
-18
1
7
96
1954
3641
11013767
-40
0
2
112
1935
3619
11014792
-35
2
3
106
1919
3606
11015817
-11
4
-2
108
1953
3653
11016842
-1
-2
-3
123
1995
3720
11017867
-16
-8
1
131
1989
3699
11018892
-29
-14
3
122
1972
3672
11019917
-23
-13
2
118
1981
3657
11020942
-2
-11
-2
126
1965
3656
11021967
7
2
0
115
1980
3634
11014783
8
-2
-1
89
1969
3699
11015808
12
-9
0
105
1979
3705
11016833
6
-14
7
100
1967
3657
11017858
-7
-16
9
97
1958
3640
11018883
-3
-15
6
92
1950
3631
11019908
4
-6
3
90
1928
3614
11020933
12
-3
-7
101
1924
3661
11021958
10
-5
-11
102
1961
3683
11022983
-3
-10
-5
102
1980
3638
11024008
-7
-9
-2
104
1983
3604
11025033
-5
1
-4
107
1950
3644
11026058
6
2
-8
103
1956
3693
11027083
1
-1
-1
116
2008
3658
11028108
-24
-3
3
111
2009
3606
11029133
-39
3
2
87
1948
3621
11030158
-20
10
-4
74
1917
3678
11023133
12
9
-11
77
1955
3694
11024158
9
4
-4
98
2005
3683
11025183
-16
-7
2
96
1958
3655
11026208
-7
-9
6
86
1953
3649
11027233
-10
-10
7
79
1958
3646
11028258
-11
-2
5
94
1955
3629
11029283
-1
5
1
98
1935
3640
11030308
6
9
-4
100
1936
3665
11031333
-3
13
6
97
1952
3631
11032358
-10
13
17
87
1966
3620
11033383
-30
13
16
75
1963
3645
11034408
-46
11
15
76
1930
3616
11035433
-41
20
6
128
1902
3602
11036458
-41
63
-13
247
1872
3581
11037483
-76
144
-35
294
2013
3460
11038508
-133
167
-31
326
2183
3250
11031169
-321
181
19
53
2097
2953
11032194
-495
260
57
-337
1658
3228
11033219
35
277
-12
100
2224
3425
11034244
618
125
38
-735
1610
5789
11035269
-235
-58
-177
-342
1714
6271
11036294
-1106
-225
68
298
1713
3117
11037319
-173
-227
135
353
1913
1898
11038344
188
-81
50
-77
2380
3299
11039369
-226
-80
-42
-303
1381
4686
11040394
-141
8
-114
18
1392
4137
11041419
76
35
55
-29
1790
4037
11042444
121
-138
67
11
1390
4104
11043469
177
-163
25
543
2238
3175
11044494
312
-71
118
504
2515
3057
11045519
180
-44
45
80
1643
3347
11046544
207
41
-66
35
1581
3526
11039361
179
82
-83
86
1698
3655
11040386
213
54
-88
16
1957
3900
11041411
100
-6
-63
-20
1909
4008
11042436
-26
-87
-29
50
1845
3944
11043461
-30
-99
7
53
1976
3628
11044486
11
-110
24
30
2015
3618
11045511
-7
-102
-3
96
1957
3621
11046536
-4
-74
11
50
1969
3684
11047561
37
-70
11
89
1950
3716
11048586
47
-41
30
100
1998
3670
11049611
36
-27
36
105
1969
3635
11050636
-5
11
55
83
1961
3481
11051661
12
29
44
74
1899
3590
11052686
32
52
28
59
1893
3668
11053711
29
48
23
31
1816
3748
11054736
33
29
7
66
1837
3789
11047553
8
9
13
87
1914
3754
11048578
-43
1
19
99
1893
3590
11049603
-52
3
15
94
1874
3587
11050628
-14
6
-3
103
1919
3667
11051653
2
12
2
104
1948
3683
11052678
-8
10
7
103
1946
3663
11053703
-19
15
11
118
1945
3605
11054728
-13
12
13
79
1922
3705
11055753
-1
-2
4
95
1898
3815
11056778
7
-16
13
100
1916
3812
11057803
-13
-29
20
97
1940
3715
11058828
-36
-34
20
105
1916
3640
11059853
-29
-25
13
103
1880
3674
11060878
1
-17
6
68
1866
3723
11061903
28
-12
-1
76
1922
3718
11062928
20
-17
-3
93
1939
3704
11055744
-6
-20
3
106
1934
3673
11056769
1
-20
9
99
1917
3673
11057794
11
-15
8
88
1931
3687
11058819
1
-11
6
98
1924
3654
11059844
-6
-2
11
103
1928
3646
11060869
5
-1
8
101
1914
3695
11061894
4
7
13
99
1930
3621
11062919
5
8
14
84
1900
3675
11063944
13
1
5
108
1889
3716
11064969
4
3
10
104
1886
3672
11065994
-4
-4
8
110
1896
3668
11067019
-10
-7
3
130
1895
3641
11068044
-19
-3
5
108
1898
3648
11069069
-14
-5
-6
107
1894
3688
11070094
-3
-5
-10
111
1881
3683
11071119
6
-5
-9
95
1948
3709
11063935
-17
-12
-8
102
1931
3697
11064960
-28
-10
-6
108
1910
3670
11065985
-8
-8
-7
83
1934
3688
11067010
6
-6
-10
89
1947
3702
11068035
13
-7
-13
109
1935
3714
11069060
11
-9
-6
107
1937
3711
11070085
7
-11
-3
103
1932
3702
11071110
10
-13
-3
95
1913
3689
11072135
9
-11
-5
94
1911
3674
11073160
12
-11
-3
84
1921
3684
11074185
21
-16
-3
91
1934
3703
11075210
10
-21
1
88
1920
3684
11076235
-6
-24
9
94
1899
3641
11077260
-4
-21
9
91
1871
3636
11078285
-1
-15
2
100
1882
3629
11079310
-8
-6
3
100
1898
3640
11072129
-15
-4
2
104
1908
3657
11073154
-29
2
1
99
1918
3635
11074179
-55
23
-4
155
1875
3623
11075204
-92
94
-43
296
1768
3607
11076229
-59
159
-85
318
1982
3659
11077254
-24
204
-38
222
2418
3327
11078279
-287
270
38
-139
2280
2773
11079304
-714
348
90
-115
1649
2629
11080329
-187
267
67
-236
1649
4614
11081354
730
72
-50
-1001
1658
6985
11082379
-623
-192
65
225
2087
3916
11083404
-619
-279
300
458
1790
2054
11084429
216
-80
153
-165
2127
3247
11085454
-30
-104
30
-295
1408
4697
11086479
-70
-73
-86
16
1191
4455
11087504
101
-69
27
215
1699
3684
11080321
128
-162
74
-30
1262
3398
11081346
200
-127
-48
186
1321
3793
11082371
685
-145
-78
587
2814
4112
11083396
359
-249
48
601
2245
3251
11084421
139
-181
51
238
1327
2993
11085446
343
-8
-67
116
2222
3114
11086471
231
64
-89
3
2183
3490
11087496
6
85
-61
10
1826
3768
11088521
-50
55
-33
64
1786
3914
11089546
-108
-15
-11
59
1922
3886
11090571
-102
-71
-6
78
1873
3739
11091596
-2
-68
3
90
2023
3688
11092621
30
-59
21
41
2045
3667
11093646
-33
-30
8
106
1964
3562
11094671
-55
6
19
95
1975
3603
11095696
-7
13
11
92
1957
3797
11088512
17
18
20
128
1946
3784
11089537
4
39
26
125
1984
3646
11090562
-24
38
9
113
1929
3676
11091587
1
34
-5
108
1899
3765
11092612
23
32
0
79
1877
3753
11093637
19
24
-2
95
1885
3669
11094662
28
17
-5
118
1972
3650
11095687
26
2
2
117
1951
3712
11096712
36
-14
8
121
1927
3736
11097737
31
-15
16
118
1944
3657
11098762
-14
-14
12
114
1909
3574
11099787
-28
-6
4
93
1866
3562
11100812
31
-7
-15
82
1910
3728
11101837
44
-6
-9
88
2012
3731
11102862
-13
-23
-7
105
1912
3694
11103887
-6
-20
-9
154
1961
3624
11096705
-7
-7
1
94
1950
3564
11097730
19
-2
-6
94
1965
3650
11098755
37
1
-1
99
1999
3696
11099780
28
-2
4
120
1979
3679
11100805
24
-2
10
117
1954
3688
11101830
8
-7
10
121
1877
3685
11102855
-3
-3
7
114
1920
3638
11103880
-17
-1
3
84
1924
3620
11104905
8
-5
-11
97
1923
3710
11105930
12
-7
-11
124
1965
3675
11106955
-8
-9
3
123
1986
3598
11107980
-24
-1
6
117
1963
3576
11109005
-13
10
0
101
1952
3653
11110030
-1
14
-1
99
1948
3704
11111055
5
13
4
106
1959
3676
11112080
-4
15
10
106
1961
3646
11104896
-19
18
10
95
1951
3643
11105921
-20
13
8
68
1903
3705
11106946
-12
5
5
91
1908
3730
11107971
-8
0
7
116
1930
3678
11108996
-18
12
8
118
1962
3588
11110021
-14
14
0
85
1911
3687
11111046
27
7
-12
100
1941
3806
11112071
24
-3
-5
109
1972
3707
11113096
-10
-5
3
130
1958
3591
11114121
-9
5
2
101
1955
3599
11115146
3
9
-1
76
1944
3673
11116171
15
1
2
73
1945
3724
11117196
20
-9
3
78
1936
3689
11118221
-3
-6
5
86
1967
3615
11119246
-41
-2
10
69
1934
3592
11120271
-37
4
4
82
1866
3645
11113088
-5
40
-10
146
1874
3644
11114113
-6
84
-20
108
1910
3729
11115138
-22
79
-48
172
2062
3848
11116163
-263
85
-17
424
2077
3465
11117188
-544
176
73
161
2111
2588
11118213
-550
331
96
-199
1906
2327
11119238
-116
374
-39
209
1860
3933
11120263
493
111
6
-205
2008
5513
11121288
199
66
-78
-1620
1876
6701
11122313
-1936
-212
82
839
1791
2272
11123338
-441
-194
284
232
819
2156
11124363
498
-72
21
-365
2259
3491
11125388
20
-157
-7
-93
1728
4674
11126413
27
-61
10
22
1267
4353
11127438
94
-45
83
90
1642
3582
11128463
107
-99
68
-41
1224
3680
11121280
421
-76
-12
238
1710
3809
11122305
515
-81
17
443
2501
3950
11123330
102
-164
50
514
1944
3650
11124355
207
-154
51
258
1583
3377
11125380
431
-40
-15
106
1941
3387
11126405
234
49
-22
88
2281
3474
11127430
-108
32
-53
-24
1596
3565
11128455
-47
47
-76
59
1698
3820
11129480
15
14
-40
32
1925
3981
11130505
-7
-54
-20
65
1919
3912
11131530
-37
-63
3
90
1922
3657
11132555
-92
-36
20
30
1915
3472
11133580
-42
-18
4
19
1920
3659
11134605
43
-4
1
30
1950
3894
11135630
60
-7
3
49
1952
3894
11136655
-7
-9
10
102
1968
3686
11129473
-76
-1
15
115
1842
3581
11130498
20
7
5
108
1900
3753
11131523
110
-4
6
89
1939
3951
11132548
76
-18
9
106
1827
3812
11133573
-6
0
12
129
1927
3513
11134598
-80
4
11
93
1872
3522
11135623
-2
-12
-15
91
1797
3785
11136648
86
-18
-13
97
1867
3862
11137673
63
-32
-2
108
1890
3727
11138698
15
-41
-3
138
1910
3637
11139723
-4
-52
7
111
1907
3666
11140748
-2
-71
10
83
1856
3774
11141773
10
-70
13
94
1890
3723
11142798
0
-60
10
117
1855
3541
11143823
2
-45
-5
125
1933
3563
11144848
3
-38
-7
107
1902
3692
11137664
-12
-32
-4
116
1897
3733
11138689
-16
-31
0
127
1941
3700
11139714
-27
-21
1
125
1956
3592
11140739
-29
-1
3
127
1928
3562
11141764
-5
15
-1
118
1914
3675
11142789
17
21
1
125
1929
3756
11143814
10
18
13
142
1965
3714
11144839
-37
19
30
144
1902
3574
11145864
-35
33
28
132
1913
3562
11146889
7
35
21
103
1903
3761
11147914
26
20
14
130
1845
3875
11148939
24
1
15
172
1893
3796
11149964
-15
-5
27
172
1916
3617
11150989
-47
9
18
145
1834
3571
11152014
-11
24
3
117
1857
3709
11153039
22
23
-2
97
1890
3790
11145856
27
8
-6
120
1886
3773
11146881
18
-5
0
126
1919
3712
11147906
-11
-10
8
96
1907
3681
11148931
-14
-13
3
83
1863
3705
11149956
18
-16
-1
108
1886
3720
11150981
25
-19
1
121
1913
3716
11152006
3
-18
1
123
1913
3674
11153031
-22
-17
2
106
1846
3636
11154056
-12
-12
-13
105
1810
3644
11155081
-4
2
-22
117
1889
3629
11156106
-21
11
-21
106
1919
3610
11157131
-30
15
-17
113
1936
3668
11158156
-33
15
-3
98
1925
3689
11159181
-28
10
3
91
1864
3677
11160206
-24
17
0
103
1882
3640
11161231
-23
24
4
100
1931
3653
11154047
-19
19
1
115
1911
3737
11155072
-11
13
5
127
1901
3772
11156097
-8
5
11
128
1880
3762
11157122
-23
4
9
137
1892
3709
11158147
-37
13
14
132
1951
3658
11159172
-64
35
10
162
1911
3597
11160197
-94
96
-5
192
1849
3443
11161222
-55
171
-17
115
1915
3386
11162247
-49
202
-31
228
1851
3337
11163272
-112
259
-33
348
2085
3186
11164297
-235
288
21
17
2501
3250
11165322
-465
190
15
6
1597
3315
11166347
-253
116
59
-52
1553
4212
11167372
861
-30
4
-1151
1394
7030
11168397
-109
-95
-69
-286
1837
4953
11169422
-1244
-182
283
653
1929
1949
11162287
-231
-54
163
139
2083
2401
11163312
12
-8
-6
-430
1372
4312
11164337
-287
52
1
-84
1641
4575
11165362
-325
84
69
-89
1035
3944
11166387
73
-13
-14
-268
847
4052
11167412
584
-144
-36
-22
1583
4344
11168437
640
-215
49
689
2915
3847
11169462
100
-274
104
671
2307
3062
11170487
188
-205
116
153
1423
3109
11171512
440
-25
-5
69
1428
3227
11172537
394
101
-60
138
2149
3554
11173562
30
67
-68
-43
1835
3771
11174587
-75
41
-62
20
1758
3820
11175612
-44
2
-42
55
1796
3888
11176637
-15
-29
-21
46
1924
3824
11177662
-13
-40
-9
34
1939
3708
11170433
-70
-30
6
18
1855
3521
11171458
-60
-15
17
17
1878
3586
11172483
-9
-12
8
16
1906
3899
11173508
11
-24
14
73
1914
4021
11174533
-18
-25
29
139
1905
3759
11175558
-67
1
46
135
1924
3480
11176583
-37
26
23
104
1849
3593
11177608
40
45
5
79
1802
3815
11178633
80
35
-1
67
1770
3939
11179658
49
14
-2
96
1792
3838
11180683
-19
9
4
104
1888
3576
11181708
-32
-6
7
45
1831
3670
11182733
38
-18
-8
75
1859
3907
11183758
47
-32
1
81
1828
3883
11184783
15
-39
5
119
1859
3672
11185808
-23
-31
16
106
1890
3550
11178623
4
-17
13
60
1881
3614
11179648
36
-10
7
30
1816
3796
11180673
44
-14
3
65
1796
3818
11181698
33
-16
9
90
1867
3728
11182723
-18
-9
16
82
1920
3591
11183748
-84
10
13
17
1928
3543
11184773
-54
7
-20
2
1692
3756
11185798
38
-3
-45
73
1630
3940
11186823
65
-18
-28
110
1853
3862
11187848
-3
-36
-4
136
2030
3627
11188873
-82
-35
14
113
1899
3502
11189898
-39
-10
-3
67
1744
3644
11190923
58
15
-23
85
1853
3799
11191948
81
3
-22
118
1928
3854
11192973
14
-17
1
147
1929
3713
11193998
-41
-28
19
106
1898
3622
11186816
-39
-25
12
70
1820
3668
11187841
3
-13
-3
84
1804
3724
11188866
25
-4
-6
99
1861
3695
11189891
6
-4
1
108
1911
3627
11190916
-40
4
13
99
1852
3581
11191941
-45
18
13
70
1828
3646
11192966
-29
31
14
58
1843
3709
11193991
-9
29
11
66
1871
3767
11195016
-23
21
9
76
1835
3775
11196041
-27
17
5
80
1822
3768
11197066
-12
17
0
82
1826
3740
11198091
3
17
0
96
1843
3724
11199116
18
12
6
83
1898
3758
11200141
2
2
19
96
1912
3771
11201166
-12
-11
30
106
1856
3769
11202191
-5
-14
33
118
1829
3761
11195008
-1
-13
34
123
1859
3723
11196033
-6
-13
23
120
1852
3731
11197058
4
-19
-1
120
1824
3763
11198083
4
-17
-17
121
1780
3717
11199108
19
-13
-25
112
1803
3694
11200133
31
-18
-27
93
1866
3743
11201158
5
-31
-15
76
1851
3732
11202183
-15
-40
-5
37
1838
3712
11203208
-19
-45
-7
37
1830
3716
11204233
-8
-46
-11
65
1853
3692
11205258
2
-40
-4
83
1920
3686
11206283
-6
-33
7
81
1900
3685
11207308
-16
-23
13
83
1866
3681
11208333
-7
-11
18
76
1842
3679
11209358
8
2
18
76
1838
3690
11210383
9
10
23
71
1860
3696
11203201
-2
5
21
71
1837
3728
11204226
-7
-1
20
82
1819
3761
11205251
-4
-5
21
93
1823
3748
11206276
-9
-9
21
94
1832
3715
11207301
-25
-10
18
110
1872
3705
11208326
-27
-9
18
107
1848
3712
11209351
2
0
15
109
1885
3728
11210376
-1
9
14
115
1879
3684
11211401
-1
15
12
113
1848
3726
11212426
7
14
12
118
1867
3788
11213451
10
4
23
120
1891
3777
11214476
-13
-2
26
123
1843
3704
11215501
-14
-2
22
105
1806
3663
11216526
5
9
18
98
1833
3660
11217551
2
10
11
89
1804
3756
11218576
-28
22
0
179
1797
3787
11211392
-89
75
-10
120
1725
3619
11212417
-42
100
-31
127
1836
3492
11213442
-59
127
-64
287
1754
3520
11214467
-49
161
-88
383
1902
3858
11215492
-13
148
-17
329
2838
3925
11216517
-529
174
164
-11
2530
2694
11217542
-853
294
150
-564
1030
2002
11218567
-128
386
8
-419
1219
4845
11219592
459
287
-54
-531
2223
6326
11220617
-844
-107
196
111
1341
3866
11221642
-216
-141
227
4
1123
3451
11222667
55
-145
162
-136
2120
3188
11223692
16
-125
69
-222
1440
4176
11224717
-27
5
-82
-236
893
4618
11225742
272
-125
-25
-309
305
4718
11226767
849
-312
40
246
1945
4397
11219584
371
-423
30
1171
3838
2913
11220609
17
-466
100
659
2256
3027
11221634
65
-192
101
-34
660
2963
11222659
499
28
-27
160
1699
3615
11223684
473
11
-83
153
2036
4147
11224709
119
-66
-33
153
2050
3980
11225734
-140
-113
26
131
1824
3557
11226759
-183
-91
38
91
1720
3242
11227784
-29
-37
-7
65
1715
3444
11228809
146
4
-39
70
1902
3929
11229834
96
-8
-40
92
1857
3886
11230859
37
-20
-27
137
1863
3633
11231884
-17
-2
-4
137
1894
3553
11232909
-30
21
15
122
1981
3622
11233934
-25
38
21
114
1977
3736
11234959
-18
49
6
110
1786
3776
11227776
26
59
-8
155
1833
3733
11228801
16
57
-3
174
1932
3699
11229826
-28
46
6
149
1874
3714
11230851
-32
31
5
115
1816
3832
11231876
-24
15
0
136
1787
3859
11232901
7
3
1
155
1860
3790
11233926
21
-10
6
184
1944
3675
11234951
-4
-15
18
166
1898
3598
11235976
18
-11
18
141
1874
3702
11237001
14
-4
16
138
1798
3750
11238026
6
-4
10
145
1824
3720
11239051
-7
-10
2
133
1839
3718
11240076
2
-17
-1
126
1873
3755
11241101
11
-28
3
115
1878
3773
11242126
5
-37
7
128
1865
3744
11243151
3
-30
15
132
1894
3658
11236077
3
-23
14
108
1880
3642
11237102
16
-19
10
123
1859
3704
11238127
27
-12
12
122
1881
3742
11239152
16
-12
12
142
1858
3721
11240177
14
-10
10
170
1856
3668
11241202
15
-1
12
149
1886
3694
11242227
13
-2
8
151
1887
3756
11243252
6
2
14
159
1859
3688
11244277
16
7
11
141
1875
3683
11245302
12
3
3
144
1868
3719
11246327
9
-1
4
150
1883
3691
11247352
-3
-5
6
148
1852
3681
11248377
17
-3
2
160
1866
3663
11249402
23
-3
3
158
1882
3682
11250427
3
-8
3
148
1902
3739
11251452
-23
-14
10
161
1875
3681
11244160
-8
-15
10
157
1838
3652
11245185
17
-10
6
159
1873
3681
11246210
12
-4
3
166
1852
3672
11247235
6
1
-3
161
1842
3709
11248260
-1
0
1
152
1906
3739
11249285
-13
-5
8
150
1880
3702
11250310
1
-4
12
146
1868
3673
11251335
10
2
11
132
1895
3693
11252360
-7
6
2
133
1874
3714
11253385
-9
10
-3
147
1849
3714
11254410
3
12
2
126
1875
3690
11255435
10
6
-1
130
1900
3701
11256460
9
-1
-1
153
1887
3747
11257485
-4
-1
8
156
1902
3708
11258510
-16
-1
17
145
1884
3650
11259535
-6
1
6
146
1866
3660
11252352
8
9
2
159
1869
3647
11253377
4
17
-8
154
1809
3653
11254402
16
15
-22
158
1835
3772
11255427
26
1
-20
203
1908
3762
11256452
25
38
-17
294
1905
3618
11257477
9
110
-30
213
1898
3551
11258502
4
140
-3
148
2121
3333
11259527
78
161
33
125
2096
3200
11260552
101
255
19
72
1970
3000
11261577
-160
389
44
161
1960
2379
11262602
-180
493
105
17
2094
2839
11263627
736
332
111
-428
1785
6082
11264652
243
107
-79
-1035
2483
7810
11265677
-1979
-321
380
382
1529
2418
11266702
-169
-274
308
268
1148
2053
11267727
256
-104
-68
-282
2234
3935
11260544
-531
-64
-88
-103
1340
4572
11261569
-173
-70
6
-65
547
4339
11262594
494
-203
-27
6
1314
4077
11263619
521
-288
-31
555
2527
3575
11264644
138
-284
-7
831
2684
2912
11265669
272
-223
22
276
1580
3375
11266694
437
-83
34
206
2255
3515
11267719
172
-31
47
249
1798
3319
11268744
134
44
17
89
2088
3666
11269769
-96
-6
15
29
1668
3773
11270794
-89
-22
8
128
1571
3695
11271819
43
-43
30
63
1941
3878
11272844
31
-94
31
100
1845
3976
11273869
85
-123
39
139
2050
3789
11274894
171
-116
145
68
2665
3659
11275919
-21
-104
198
14
2413
3446
11268736
-94
-44
196
94
1900
3511
11269761
3
9
185
160
1746
3696
11270786
115
9
175
216
1883
3888
11271811
166
-15
174
249
2023
3962
11272836
90
-47
158
285
1834
3819
11273861
4
-44
117
306
1615
3593
11274886
33
-13
76
276
1721
3444
11275911
108
4
27
252
1826
3575
11276936
105
4
-14
318
1843
3673
11277961
49
0
-24
325
1851
3625
11278986
-21
-9
-36
320
1810
3452
11280011
-7
-8
-50
316
1846
3475
11281036
18
-6
-60
306
1924
3607
11282061
-2
-18
-58
274
1917
3662
11283086
-20
-28
-55
259
1914
3640
11284111
-50
-29
-54
248
1887
3543
11276928
-44
-15
-54
238
1996
3504
11277953
-62
-5
-41
212
1985
3555
11278978
-52
2
-42
216
1971
3665
11280003
-34
2
-26
215
2019
3697
11281028
-58
-7
-12
223
1982
3696
11282053
-58
-11
-3
256
2014
3685
11283078
-51
-5
10
230
2020
3702
11284103
-38
1
6
244
2013
3711
11285128
-32
15
-1
257
2010
3672
11286153
-29
24
-4
253
2013
3637
11287178
-20
29
2
250
1978
3629
11288203
15
30
6
263
1934
3685
11289228
41
23
18
277
1886
3755
11290253
23
8
28
268
1868
3732
11291278
-11
-9
24
267
1913
3677
11292303
-42
-15
4
257
1897
3637
11285120
-30
-13
-25
260
1851
3643
11286145
29
0
-52
292
1856
3686
11287170
62
19
-46
272
1920
3645
11288195
46
17
-31
230
1966
3641
11289220
12
-1
-18
189
1912
3706
11290245
-5
-25
-8
172
1889
3780
11291270
-8
-50
0
163
1914
3744
11292295
-9
-61
2
183
1942
3627
11293320
-2
-56
-1
217
1951
3578
11294345
8
-37
2
233
1984
3597
11295370
-6
-22
9
217
1974
3617
11296395
-10
-12
14
217
1904
3640
11297420
4
-1
11
226
1876
3641
11298445
14
2
4
236
1920
3646
11299470
15
-4
-1
226
1952
3700
11300495
4
-10
0
237
1922
3689
11293312
5
-16
1
238
1886
3641
11294337
8
-11
0
236
1948
3598
11295362
-8
-1
-2
239
1975
3597
11296387
-18
8
-1
230
1949
3634
11297412
-11
10
-4
229
1932
3669
11298437
-11
9
-7
239
1968
3683
11299462
-28
12
-8
236
1991
3644
11300487
-36
18
-4
205
1978
3620
11301512
-27
12
-4
217
1896
3659
11302537
6
10
-1
230
1903
3697
11303562
13
2
4
243
1983
3671
11304587
-4
-13
12
255
1961
3668
11305612
-17
-10
17
261
1877
3647
11306637
-17
19
10
282
1833
3543
11307662
-52
89
-25
316
1827
3500
11308687
-133
151
-65
391
1779
3501
11301504
-200
250
-83
582
1720
3046
11302529
-279
384
-40
37
2542
2488
11303554
-791
506
27
56
2768
2618
11304579
-641
338
56
187
985
3934
11305604
1641
-110
-57
-1325
885
8630
11306629
538
-367
-168
-492
2329
6086
11307654
-1788
-477
321
1389
1967
1008
11308679
-343
-248
179
281
2036
2186
11309704
352
-68
-142
-280
1682
3848
11310729
25
-53
-146
169
1782
4192
11311754
15
19
-26
290
1748
3782
11312779
-63
44
-18
49
1641
3505
11313804
41
-8
-70
105
1699
3897
11314829
57
-2
-34
198
1659
3872
11315854
304
-48
11
304
1704
3994
11316879
290
-102
23
623
2342
3169
11309697
183
-125
31
397
1951
3257
11310722
184
-32
1
272
2165
3605
11311747
8
-14
27
156
1538
3616
11312772
170
31
-9
122
1834
3837
11313797
82
-11
6
132
2018
3809
11314822
-72
-61
7
204
1863
3730
11315847
-81
-66
11
189
1861
3818
11316872
-26
-59
5
191
1893
3750
11317897
3
-36
3
195
1979
3619
11318922
-28
-16
10
167
1926
3604
11319947
-43
-1
1
155
1955
3671
11320972
-32
5
10
175
1913
3775
11321997
1
25
12
197
1918
3720
11323022
-10
45
19
210
1936
3575
11324047
-30
59
15
193
1865
3565
11325072
10
59
7
173
1807
3754
11317887
45
48
14
179
1859
3824
11318912
19
22
28
176
1930
3774
11319937
-11
-11
29
199
1868
3770
11320962
-23
-22
36
225
1878
3693
11321987
-18
-22
46
210
1870
3660
11323012
12
-16
33
237
1910
3694
11324037
-1
-9
33
211
1887
3718
11325062
9
-11
29
210
1891
3726
11326087
10
-10
25
200
1849
3687
11327112
7
-3
14
220
1838
3679
11328137
32
4
7
199
1856
3744
11329162
40
-1
0
210
1901
3732
11330187
33
-11
3
221
1887
3656
11331212
18
-8
6
219
1886
3647
11332237
12
1
11
198
1867
3619
11333262
32
6
5
180
1871
3669
11326080
34
6
-5
201
1904
3725
11327105
14
1
-5
220
1907
3649
11328130
9
6
1
210
1924
3581
11329155
17
0
0
219
1895
3697
11330180
16
-6
7
247
1911
3698
11331205
-2
-14
23
215
1917
3681
11332230
-2
-16
25
224
1918
3607
11333255
-25
-3
33
190
1886
3552
11334280
1
-5
14
189
1830
3733
11335305
20
-8
3
222
1876
3770
11336330
0
-16
2
241
1905
3674
11337355
-18
-19
1
252
1931
3653
11338380
-31
-13
1
236
1888
3646
11339405
-12
-1
-1
228
1900
3632
11340430
10
3
-6
207
1887
3672
11341455
15
6
-7
213
1905
3687
11334272
4
0
0
208
1929
3691
11335297
-8
-13
6
201
1912
3708
11336322
-17
-19
10
201
1901
3664
11337347
-29
-15
7
201
1898
3615
11338372
-13
-13
-3
211
1831
3676
11339397
21
-8
-3
225
1876
3723
11340422
-5
-1
6
217
1928
3613
11341447
-63
3
8
229
1893
3547
11342472
-66
20
0
212
1875
3622
11343497
-22
32
-4
244
1824
3667
11344522
-19
73
-19
291
1818
3673
11345547
-43
108
-34
244
1830
3710
11346572
4
113
-35
229
2058
3591
11347597
-29
104
5
188
2127
3387
11348622
-85
124
2
202
1852
3460
11349647
-83
168
-4
241
1861
3483
11342464
-94
240
10
284
1892
3290
11343489
-4
322
23
291
2187
3062
11344514
-69
357
51
200
2723
3397
11345539
59
159
107
-100
2010
4818
11346564
355
64
-38
-1539
637
7364
11347589
-1323
-139
6
479
2116
2928
11348614
-220
-205
269
641
1458
1969
11349639
199
-55
55
-271
2104
3664
11350664
-500
-148
16
-159
1377
4529
11351689
-137
-83
-39
105
903
4154
11352714
120
-54
15
-83
1327
3584
11353739
262
-169
-54
-164
953
4391
11354764
525
-243
-39
666
2742
4177
11355789
268
-309
95
894
2817
3084
11356814
184
-232
105
378
1648
2813
11357839
217
-15
59
147
1797
3095
11350658
259
75
7
227
2059
3702
11351683
235
63
-8
178
2089
4075
11352708
35
-12
22
88
1746
4097
11353733
-59
-94
42
210
1748
3888
11354758
-19
-117
67
246
1896
3702
11355783
39
-99
71
193
1969
3599
11356808
8
-48
64
158
1940
3396
11357833
-82
-1
49
156
1857
3332
11358858
-47
32
33
156
1849
3583
11359883
73
48
27
165
1972
3911
11360908
95
29
24
209
1921
4028
11361933
31
11
12
274
1813
3785
11362958
-106
43
19
270
1805
3344
11363983
-116
63
29
241
1812
3423
11365008
77
85
-2
182
2001
3812
11366033
100
63
6
149
1988
3978
11358847
57
15
-1
211
1804
3909
11359872
1
5
4
255
1879
3627
11360897
-58
-2
19
227
1895
3497
11361922
2
-6
24
228
1967
3682
11362947
55
-13
40
200
1942
3807
11363972
61
-29
34
212
1849
3801
11364997
47
-33
27
254
1895
3635
11366022
-22
-29
31
242
1895
3467
11367047
-12
-18
24
212
1886
3639
11368072
36
-17
9
205
1860
3823
11369097
50
-28
-1
225
1860
3790
11370122
-1
-32
-5
252
1873
3616
11371147
-37
-29
5
221
1886
3566
11372172
1
-26
8
208
1971
3662
11373197
5
-29
7
209
1904
3723
11374222
5
-27
5
235
1907
3666
11367040
5
-19
13
260
1976
3604
11368065
-39
-1
31
266
1961
3563
11369090
-67
24
28
231
1875
3507
11370115
-47
46
19
194
1825
3583
11371140
43
47
0
191
1876
3812
11372165
51
32
-4
213
1906
3843
11373190
6
5
5
234
1897
3745
11374215
-39
-9
17
251
1931
3615
11375240
-63
-2
21
243
1854
3547
11376265
7
11
9
241
1850
3735
11377290
41
12
2
250
1914
3814
11378315
6
2
0
269
1910
3687
11379340
-9
3
0
270
1908
3631
11380365
2
9
-4
254
1893
3687
11381390
6
14
-16
248
1881
3730
11382415
20
11
-22
237
1881
3756
11375233
34
1
-27
237
1918
3735
11376258
24
-12
-28
226
1909
3704
11377283
20
-26
-25
203
1895
3747
11378308
19
-40
-20
198
1919
3710
11379333
11
-45
-17
177
1906
3645
11380358
7
-43
-18
201
1914
3624
11381383
11
-40
-13
213
1923
3600
11382408
16
-30
-2
200
1928
3587
11383433
15
-25
-5
213
1912
3661
11384458
8
-24
-3
238
1913
3655
11385483
-1
-19
6
235
1920
3567
11386508
-9
-10
9
216
1908
3588
11387533
-3
-3
4
222
1851
3648
11388558
-1
7
4
206
1899
3665
11389583
-12
4
-2
207
1903
3683
11390608
-18
3
-7
228
1935
3657
11383423
-30
4
-4
207
1899
3647
11384448
-20
3
-6
219
1901
3704
11385473
-18
3
-3
230
1942
3708
11386498
-26
-1
-3
219
1916
3682
11387523
-13
4
-8
242
1901
3692
11388548
-11
23
-9
270
1896
3659
11389573
-17
75
-24
245
1853
3602
11390598
3
104
-33
159
1942
3689
11391623
-64
94
-39
359
1793
3590
11392648
-68
145
-75
320
1772
3509
11393673
-80
174
-27
251
2472
3453
11394698
-474
161
72
368
2220
3236
11395723
-533
186
113
8
1704
2979
11396748
212
144
37
-112
1379
3987
11397773
878
58
-96
-828
2068
6591
11398798
-996
-92
-39
360
2494
4075
11391616
-1257
-225
268
519
652
1811
11392641
630
44
0
29
1682
2748
11393666
492
95
-90
-90
2683
4069
11394691
-307
-11
1
7
1473
4665
11395716
-165
27
-40
-27
1024
4033
11396741
194
-28
-13
-158
1264
4229
11397766
296
-163
3
261
1869
4485
11398791
381
-294
99
832
2559
3418
11399816
329
-327
56
741
1970
2928
11400841
389
-186
41
292
1571
3430
11401866
337
-45
-11
325
2301
3684
11402891
101
-45
28
221
2211
3544
11403916
-20
-27
44
127
2081
3557
11404941
-239
-16
37
119
1641
3357
11405966
-219
13
30
136
1431
3360
11406991
34
37
-6
151
1752
3712
11399809
117
13
2
175
2159
3968
11400834
-6
-47
41
182
2072
3938
11401859
-150
-69
64
177
1869
3548
11402884
-129
-45
59
156
1792
3451
11403909
15
-8
15
202
1905
3728
11404934
108
0
2
264
1999
3989
11405959
73
-27
-4
338
1862
3986
11406984
48
-41
-7
403
1889
3763
11408009
13
-40
2
391
1922
3581
11409034
29
-26
3
331
1999
3645
11410059
32
-23
-5
259
1883
3762
11411084
66
-32
-26
255
1802
3812
11412109
73
-41
-44
276
1867
3710
11413134
75
-59
-38
267
1951
3608
11414159
50
-68
-36
263
1945
3627
11415184
16
-74
-36
270
1860
3616
11407999
28
-70
-27
246
1893
3553
11409024
31
-61
-20
246
1985
3544
11410049
6
-48
-9
247
1964
3541
11411074
-23
-32
1
219
1921
3537
11412099
-14
-28
3
210
1887
3655
11413124
-5
-24
3
234
1892
3736
11414149
-31
-27
4
257
1951
3666
11415174
-35
-28
12
253
1964
3605
11416199
-22
-17
15
240
1939
3582
11417224
-4
5
0
242
1933
3662
11418249
9
19
-12
238
1939
3762
11419274
17
13
-9
261
1986
3733
11420299
2
11
5
272
2021
3619
11421324
-10
15
17
242
1983
3639
11422349
11
13
20
251
1960
3733
11423374
20
8
29
268
1922
3706
11416192
21
5
37
274
1987
3626
11417217
4
3
39
279
1976
3578
11418242
-9
10
37
293
1940
3587
11419267
-5
15
39
298
1884
3620
11420292
26
18
37
326
1925
3684
11421317
19
16
41
353
1945
3660
11422342
-7
6
46
351
1910
3628
11423367
-16
4
53
330
1898
3647
11424392
-31
2
44
329
1873
3670
11425417
-37
-1
20
332
1842
3658
11426442
-26
1
-5
334
1870
3628
11427467
-10
6
-24
330
1887
3659
11428492
8
3
-35
336
1901
3736
11429517
0
-7
-28
317
1890
3748
11430542
-6
-24
-28
282
1896
3748
11431567
-22
-39
-31
262
1942
3700
11424384
-31
-47
-36
252
1904
3636
11425409
7
-44
-43
273
1950
3654
11426434
25
-44
-41
284
2004
3683
11427459
18
-40
-26
282
2011
3647
11428484
-1
-31
-12
277
1984
3585
11429509
-1
-22
-1
256
1940
3569
11430534
3
11
-2
268
1899
3596
11431559
-38
63
-19
262
1788
3566
11432584
-65
114
-44
313
1908
3579
11433609
-171
135
-25
377
1869
3792
11434634
-212
86
21
368
1803
3959
11435659
-192
104
50
144
2522
3196
11436684
-725
250
72
122
2013
1924
11437709
-708
431
81
149
1552
2225
11438734
330
421
79
-326
1973
5181
11439759
528
121
-105
-641
1749
7458
11432576
-1136
-155
127
698
2015
3524
11433601
-684
-178
331
478
1210
1707
11434626
391
15
81
83
2039
3224
11435651
115
10
-27
-3
1990
4882
11436676
-286
-52
37
159
1024
4341
11437701
166
-32
85
98
1299
3898
11438726
252
-118
57
134
1374
3790
11439751
292
-142
14
549
1777
3659
11440776
472
-94
22
927
3050
3011
11441801
166
-107
103
417
1229
3388
11442826
639
-41
0
288
1747
4131
11443851
600
-53
-35
307
2352
4289
11444876
138
-117
39
232
1885
3902
11445901
-121
-118
71
332
1826
3363
11446926
-229
-75
100
231
1910
3120
11447951
-84
-24
69
129
1848
3517
11440768
130
11
49
153
1919
3969
11441793
100
-1
46
196
1786
3840
11442818
-10
-12
43
215
1766
3472
11443843
-34
9
38
211
1903
3496
11444868
-35
26
22
211
1928
3843
11445893
-30
17
13
268
1796
3897
11446918
-24
28
3
295
1807
3603
11447943
-8
48
-11
311
1855
3459
11448968
39
72
-21
308
2028
3607
11449993
3
63
-15
283
1926
3797
11451018
-11
48
-17
272
1770
3862
11452043
-23
47
-23
299
1797
3648
11453068
-15
47
-25
283
1890
3550
11454093
7
43
-28
276
1975
3722
11455118
-11
28
-16
280
1915
3823
11456143
-22
16
-2
276
1883
3730
11448961
-29
10
3
259
1880
3624
11449986
-20
4
1
244
1871
3632
11451011
-9
0
2
228
1866
3701
11452036
-11
-8
2
228
1856
3737
11453061
-7
-15
2
235
1873
3736
11454086
-8
-15
0
252
1912
3698
11455111
-19
-13
-1
255
1899
3657
11456136
-22
-11
2
250
1897
3638
11457161
-1
-8
3
227
1891
3706
11458186
-4
-11
-4
247
1878
3740
11459211
3
-15
-4
263
1898
3736
11460236
-12
-11
1
274
1886
3650
11461261
-27
1
10
256
1896
3577
11462286
-16
5
16
223
1890
3612
11463311
17
-1
15
215
1861
3763
11464336
11
-16
20
243
1834
3747
11457153
-12
-22
25
255
1846
3663
11458178
-28
-19
23
267
1856
3608
11459203
-36
-7
17
265
1848
3593
11460228
-49
7
11
260
1800
3599
11461253
-16
9
-1
258
1824
3751
11462278
-17
6
-1
291
1884
3719
11463303
-61
-10
9
285
1839
3677
11464328
-50
-24
5
298
1873
3744
11465353
-49
-29
8
279
1828
3768
11466378
-11
-29
0
286
1846
3824
11467403
-2
-33
1
305
1927
3791
11468428
-45
-33
6
279
1881
3663
11469453
-48
-23
-3
262
1845
3616
11470478
5
-11
-6
231
1860
3715
11471503
31
-8
-8
217
1862
3792
11472528
22
-16
-5
239
1859
3752
11465344
8
-20
0
249
1876
3682
11466369
-8
-17
4
235
1832
3648
11467394
-2
-12
3
248
1840
3691
11468419
14
-8
4
234
1809
3767
11469444
23
-8
0
253
1858
3718
11470469
11
-12
2
249
1863
3674
11471494
-2
-16
2
259
1841
3677
11472519
-1
-11
4
266
1848
3690
11473544
9
-8
6
271
1849
3682
11474569
3
-7
5
283
1843
3683
11475594
-6
-8
4
294
1856
3681
11476619
-13
-7
3
299
1855
3693
11477644
-47
4
4
350
1854
3682
11478669
-135
72
7
332
1954
3567
11479694
-261
138
-50
310
1878
3589
11480719
-267
161
-129
483
1495
3842
11473535
-6
152
-52
434
1992
3750
11474560
-329
264
11
308
2408
1915
11475585
-1289
559
55
-106
1740
1281
11476610
-639
392
74
169
1232
4798
11477635
1551
-120
-103
-416
2009
7631
11478660
740
-223
-15
-873
2043
6850
11479685
-1357
-329
212
792
1633
2729
11480710
-991
-316
313
692
1831
1722
11481735
-58
-209
199
115
1582
3127
11482760
130
-75
-3
-148
1118
4356
11483785
40
89
-150
3
897
4028
11484810
536
108
-57
202
1289
4085
11485835
424
-1
21
223
1486
4044
11486860
-3
-54
-22
385
1770
3689
11487885
236
-88
-59
524
2339
3796
11488910
416
-224
4
549
1996
3820
11481729
472
-180
57
485
1453
3307
11482754
484
-12
25
380
2283
3216
11483779
172
1
33
232
2348
3285
11484804
-36
57
70
172
1974
3426
11485829
-90
116
71
123
1659
3668
11486854
-53
124
57
174
1573
3741
11487879
74
95
55
146
1648
3963
11488904
107
58
36
181
1778
4032
11489929
-48
37
26
165
1718
3638
11490954
-108
43
-11
133
1631
3562
11491979
-27
64
-46
162
1768
3808
11493004
23
66
-65
191
1835
3953
11494029
15
57
-69
240
1856
3868
11495054
-8
44
-66
248
1838
3778
11496079
20
31
-48
261
1968
3741
11497104
4
29
-31
225
1942
3704
11489920
11
26
-24
211
1860
3808
11490945
16
13
-19
216
1798
3841
11491970
30
-1
-5
215
1827
3700
11492995
51
-17
-3
202
1921
3728
11494020
10
-27
6
203
1856
3737
11495045
-16
-38
3
178
1657
3770
11496070
23
-47
-11
177
1706
3801
11497095
34
-51
-19
178
1798
3707
11498120
17
-50
-26
176
1856
3636
11499145
12
-58
-28
176
1886
3713
11500170
-5
-59
-18
185
1910
3673
11501195
7
-61
-13
182
1847
3698
11502220
43
-61
-4
208
1965
3709
11503245
-3
-59
5
179
1883
3660
11504270
-14
-50
1
215
1877
3622
11505295
-21
-37
10
227
1908
3616
11498111
-23
-30
16
245
1829
3684
11499136
1
-22
40
277
1890
3723
11500161
-41
-26
71
253
1910
3655
11501186
-88
-28
71
244
1819
3605
11502211
-79
-11
38
252
1708
3669
11503236
-40
13
-9
279
1685
3684
11504261
24
33
-44
292
1807
3721
11505286
43
41
-51
283
1884
3768
11506311
5
30
-41
257
1823
3777
11507336
-18
11
-26
234
1797
3769
11508361
-25
-9
-14
190
1846
3773
11509386
-39
-20
-12
179
1872
3742
11510411
-44
-24
-21
207
1826
3704
11511436
-19
-18
-21
240
1842
3680
11512461
-7
-8
-11
246
1896
3668
11513486
-12
-5
2
238
1851
3716
11506304
-6
-9
12
239
1845
3798
11507329
-17
-17
23
230
1804
3761
11508354
-20
-21
20
224
1771
3699
11509379
0
-21
13
226
1785
3721
11510404
20
-29
11
224
1827
3768
11511429
-1
-37
11
204
1775
3751
11512454
-24
-41
9
204
1752
3677
11513479
-20
-40
6
217
1774
3660
11514504
-2
-32
-4
232
1838
3707
11515529
-20
-23
-8
232
1825
3725
11516554
-27
-20
-12
245
1796
3720
11517579
-5
-16
-13
260
1859
3736
11518604
8
-13
-9
242
1893
3752
11519629
-3
-12
-6
248
1889
3710
11520654
-22
-10
-2
237
1858
3675
11521679
-25
-4
0
243
1823
3667
11514496
-18
9
9
237
1881
3642
11515521
-46
27
18
240
1870
3615
11516546
-70
68
8
283
1707
3631
11517571
-85
157
-32
294
1556
3635
11518596
-151
218
-64
316
1683
3580
11519621
-162
226
0
392
1991
3323
11520646
-178
263
102
560
2273
2876
11521671
-174
365
213
183
2701
2745
11522696
-181
305
338
-118
2284
4119
11523721
-131
124
301
161
1375
4849
11524746
240
3
271
-899
1024
5489
11525771
37
-53
24
-336
918
4861
11526796
-446
-117
146
841
2085
2669
11527821
-375
-59
205
190
1726
2946
11528846
-145
-7
71
-19
1309
3868
11529871
71
62
-71
-167
1074
4440
11522687
67
116
-135
52
1644
4023
11523712
159
22
-26
-17
1301
4128
11524737
182
-65
-43
103
1282
4130
11525762
426
-123
-86
706
2477
3851
11526787
297
-208
-7
862
2381
3637
11527812
270
-161
110
350
1841
3375
11528837
58
-75
77
216
1613
3254
11529862
107
-35
-5
177
1773
3585
11530887
145
-11
-39
72
1708
3854
11531912
55
10
-31
89
1626
3892
11532937
-85
-17
-43
174
1555
3717
11533962
-63
-49
-49
177
1809
3788
11534987
-21
-86
-53
184
1839
3926
11536012
-12
-83
-41
222
1758
3847
11537037
-77
-54
-28
215
1738
3568
11538062
-37
-37
-37
179
1851
3542
11530880
30
-11
-37
183
2135
3677
11531905
24
-7
9
195
2102
3793
11532930
-18
15
38
194
1814
3749
11533955
-32
27
24
214
1606
3674
11534980
92
32
12
214
1875
3854
11536005
55
17
25
215
1854
3837
11537030
-28
9
32
228
1763
3721
11538055
-52
14
32
194
1734
3693
11539080
-11
8
18
177
1683
3734
11540105
46
9
1
192
1752
3765
11541130
46
-8
-3
220
1843
3793
11542155
28
-32
5
251
1856
3804
11543180
12
-44
10
246
1716
3734
11544205
5
-30
-2
241
1710
3614
11545230
1
-9
-13
218
1826
3610
11546255
-11
3
-19
192
1814
3690
11539072
-15
6
-17
203
1804
3760
11540097
-1
-6
-11
213
1796
3779
11541122
14
-14
-2
206
1855
3791
11542147
-19
-21
3
204
1784
3721
11543172
-10
-16
4
190
1784
3730
11544197
14
-14
-6
187
1812
3794
11545222
10
-14
-3
193
1837
3782
11546247
13
-21
1
206
1840
3779
11547272
14
-24
6
216
1840
3763
11548297
0
-26
10
215
1812
3719
11549322
4
-24
16
207
1866
3711
11550347
-4
-17
23
197
1814
3681
11551372
10
-7
20
202
1751
3688
11552397
31
2
14
205
1839
3750
11553422
17
1
17
212
1821
3770
11554447
-2
9
17
237
1761
3689
11547264
13
10
15
229
1772
3715
11548289
11
15
6
239
1757
3733
11549314
7
17
3
226
1775
3770
11550339
12
6
-4
232
1810
3783
11551364
3
-2
-2
238
1805
3733
11552389
8
-5
-4
233
1805
3721
11553414
5
-2
-2
225
1854
3689
11554439
-4
-4
0
210
1814
3702
11555464
8
-3
-1
239
1816
3716
11556489
15
-7
4
244
1816
3735
11557514
16
-13
5
241
1831
3742
11558539
0
-11
6
235
1812
3687
11559564
-5
-6
3
228
1798
3683
11560589
10
-3
3
217
1810
3737
11561614
-3
-7
6
211
1784
3735
11562639
-9
-10
4
201
1764
3736
11555457
-6
-15
0
205
1791
3726
11556482
-16
-24
-5
208
1787
3719
11557507
-8
-28
-12
214
1806
3703
11558532
0
-29
-19
233
1764
3681
11559557
80
-9
-32
263
1652
3648
11560582
152
55
-42
284
1960
3619
11561607
29
65
3
198
2068
3614
11562632
-46
38
15
156
1935
3687
11563657
6
33
1
294
1768
3695
11564682
119
86
-14
440
1780
3496
11565707
246
155
-9
359
1971
3347
11566732
314
139
-4
261
2303
3974
11567757
-67
-11
0
404
2452
3603
11568782
-247
-73
193
-611
937
3872
11569807
650
-33
-198
-987
942
6996
11570832
-1027
-327
-56
929
2923
2925
11563647
-499
-271
244
476
1546
1814
11564672
480
-44
-1
100
2250
3155
11565697
116
-25
-28
23
1865
4249
11566722
4
-1
-51
157
1222
4014
11567747
92
33
13
145
1688
3802
11568772
44
-65
-4
99
1495
3748
11569797
68
-79
-82
382
1654
3684
11570822
292
-67
-69
600
2447
3772
11571847
199
-183
-15
634
1953
3766
11572872
205
-182
9
445
1988
3497
11573897
53
-55
20
354
2038
3041
11574922
-32
6
-40
163
1834
3362
11575947
48
41
-100
137
1714
3851
11576972
65
45
-103
229
1895
4033
11577997
-34
-1
-45
245
1939
3802
11579022
-58
-47
-21
269
2083
3574
11571840
-65
-70
-5
254
1977
3593
11572865
-9
-62
-2
212
1881
3746
11573890
55
-43
4
191
1951
3780
11574915
26
-33
15
218
1958
3604
11575940
-16
-20
23
239
1968
3506
11576965
-45
-1
17
258
1975
3570
11577990
-25
11
12
255
1869
3679
11579015
34
25
8
260
1846
3718
11580040
35
34
7
266
1900
3635
11581065
15
25
14
243
1938
3606
11582090
-1
21
9
223
1893
3650
11583115
-15
21
9
202
1857
3637
11584140
24
0
-1
198
1777
3707
11585165
84
-14
-19
266
1867
3766
11586190
82
-25
-7
313
2074
3767
11587215
6
-37
15
317
2038
3615
11580032
-30
-32
27
282
1954
3561
11581057
-3
-22
16
245
1925
3666
11582082
34
-16
0
246
1858
3739
11583107
58
-26
-9
278
1879
3804
11584132
39
-30
4
307
1985
3698
11585157
-19
-31
13
280
1908
3564
11586182
-17
-28
7
256
1938
3602
11587207
17
-25
7
229
1940
3663
11588232
48
-31
0
244
1924
3731
11589257
24
-31
7
281
1993
3659
11590282
-29
-23
18
283
1959
3493
11591307
-15
-7
14
255
1918
3553
11592332
24
-1
2
282
1970
3689
11593357
17
2
11
299
1951
3651
11594382
5
7
17
316
1956
3590
11595407
-13
8
26
306
1971
3600
11588429
-30
21
26
289
1883
3490
11589454
-2
41
27
243
1938
3579
11590479
8
34
9
248
1914
3780
11591504
-17
27
9
286
1900
3701
11592529
-19
7
14
274
1923
3708
11593554
-26
-12
6
306
1921
3720
11594579
-28
-14
7
312
1896
3651
11595604
-1
-12
3
302
1969
3679
11596629
3
-14
6
306
1981
3679
11597654
-18
-8
16
292
1932
3609
11598679
-11
-16
18
265
1904
3681
11599704
6
-30
19
274
1902
3734
11600729
8
-41
15
269
1919
3706
11601754
-2
-43
8
284
1943
3653
11602779
-3
-41
2
293
1917
3616
11603804
6
-37
-1
295
1961
3654
11596417
-2
-36
2
305
1950
3677
11597442
-7
-27
3
291
1940
3634
11598467
-3
-16
-1
290
1952
3602
11599492
10
-8
-2
279
1940
3619
11600517
19
-7
1
282
1948
3658
11601542
9
-6
9
283
1948
3672
11602567
-3
-5
14
282
1921
3650
11603592
9
-10
12
276
1925
3650
11604617
8
-8
9
282
1915
3623
11605642
-7
2
9
293
1954
3611
11606667
-17
6
14
270
1933
3627
11607692
1
5
5
287
1930
3662
11608717
6
0
9
304
1936
3653
11609742
-16
-1
15
306
1927
3597
11610767
-18
0
14
312
1915
3591
11611792
-3
13
9
321
1911
3569
11604608
-19
30
3
309
1894
3551
11605633
-11
32
0
299
1907
3671
11606658
-24
43
-2
376
1942
3679
11607683
-83
103
27
370
1917
3390
11608708
-115
190
7
397
1960
2983
11609733
-108
281
3
396
2172
2890
11610758
-37
357
17
315
2437
3389
11611783
-119
294
100
316
2679
4037
11612808
-159
44
158
197
1496
3648
11613833
697
-119
198
-368
1004
4442
11614858
1160
-150
-90
-744
2045
6512
11615883
-800
-250
48
277
1498
4270
11616908
-899
-251
270
816
2194
1970
11617933
43
-79
150
398
2672
2648
11618958
-18
55
-32
-127
1285
4148
11619983
-27
126
-136
109
1366
4179
11612800
154
63
30
227
1847
3985
11613825
15
-1
61
376
1853
3396
11614850
-4
2
17
566
2226
3411
11615875
180
-14
5
575
2164
3474
11616900
236
-56
14
405
1653
3702
11617925
263
-8
15
428
1837
3409
11618950
79
19
3
371
2146
3274
11619975
-122
11
-1
109
1825
3457
11621000
-74
32
-58
123
1700
3706
11622025
-8
33
-67
195
1827
3791
11623050
-29
5
-48
236
1954
3775
11624075
-74
-30
-40
267
2069
3773
11625100
-112
-48
-20
262
1994
3661
11626125
-66
-31
-4
220
1973
3590
11627150
4
-8
-19
219
1972
3718
11628175
27
0
-46
251
1902
3856
11620992
8
4
-46
293
1991
3778
11622017
-11
1
-26
274
2046
3645
11623042
19
-7
-29
256
2018
3666
11624067
33
-16
-34
244
1901
3765
11625092
52
-26
-37
258
1875
3780
11626117
41
-29
-28
242
1909
3651
11627142
20
-46
-30
221
1899
3605
11628167
13
-55
-35
225
1927
3593
11629192
10
-55
-26
210
1931
3611
11630217
36
-53
-25
200
1917
3720
11631242
43
-60
-26
236
1933
3732
11632267
38
-71
-7
225
1981
3687
11633292
-15
-78
-2
241
1921
3555
11634317
-21
-51
3
218
1951
3491
11635342
13
-44
-12
182
1902
3654
11636367
45
-38
-15
215
1996
3669
11629184
35
-41
-1
216
2015
3674
11630209
-13
-43
0
268
1964
3610
11631234
-36
-30
7
284
1989
3545
11632259
-20
-16
8
270
1977
3564
11633284
1
7
3
296
2020
3567
11634309
7
26
3
291
2017
3574
11635334
-14
28
-4
324
1928
3596
11636359
8
41
0
360
1976
3561
11637384
1
45
3
336
2013
3601
11638409
-13
35
5
335
1977
3691
11639434
-4
23
13
328
1951
3710
11640459
-5
12
18
329
1935
3630
11641484
2
3
18
307
1920
3646
11642509
-1
-5
3
292
1867
3699
11643534
-1
-11
-5
295
1911
3695
11644559
-1
-21
-8
299
1930
3693
11637376
3
-25
-8
295
1947
3666
11638401
6
-31
-12
281
1964
3671
11639426
0
-38
-17
291
1966
3621
11640451
13
-36
-18
280
1961
3617
11641476
31
-31
-21
273
1983
3627
11642501
22
-32
-19
270
1978
3597
11643526
1
-30
-15
278
1964
3577
11644551
-6
-26
-11
290
1945
3571
11645576
0
-16
-14
274
1952
3560
11646601
-14
-3
-19
264
1959
3547
11647626
-16
3
-23
279
1948
3610
11648651
2
7
-22
289
1943
3641
11649676
3
8
-18
264
1982
3641
11650701
-19
7
-9
248
1970
3609
11651726
-28
3
-11
228
1914
3640
11652751
-3
-2
-14
251
1930
3691
11645568
2
-4
-9
259
1961
3657
11646593
-12
-8
-3
253
1967
3640
11647618
-10
-13
2
242
1957
3646
11648643
-1
-14
5
235
1963
3659
11649668
0
-19
5
233
1942
3695
11650693
7
-25
4
245
1961
3688
11651718
5
-31
6
254
1971
3628
11652743
-9
-33
8
257
1982
3600
11653768
-23
-28
9
273
1982
3617
11654793
-41
-4
14
306
1978
3639
11655818
-70
21
35
254
1862
3701
11656843
-71
14
12
250
1971
3712
11657868
-135
1
14
299
2065
3522
11658893
-218
16
19
330
1881
3328
11659918
-180
85
-21
349
1734
3432
11660943
-52
130
-46
390
1800
3613
11653759
-49
176
-19
457
2102
3472
11654784
-288
207
43
218
2336
2950
11655809
-402
278
26
142
1813
2989
11656834
-8
259
-41
224
1964
4049
11657859
516
57
28
-767
1494
6071
11658884
-393
-57
-139
-136
1845
4910
11659909
-1106
-181
122
810
1781
2208
11660934
61
-96
81
110
1371
3250
11661959
264
-11
-150
-20
2213
4310
11662984
-275
-54
-69
130
1597
4398
11664009
-154
-55
-24
-116
1102
3968
11665034
408
-158
-69
-285
937
4527
11666059
540
-307
-47
719
2428
3742
11667084
373
-406
42
1415
2639
2603
11668109
242
-264
34
518
2274
3096
11669134
190
-44
54
202
2478
3299
11661953
30
10
54
167
1456
3423
11662978
233
55
-48
242
1555
3730
11664003
183
86
-43
197
2039
3663
11665028
-109
57
-18
177
1830
3359
11666053
-143
55
-19
193
1659
3604
11667078
-21
41
-51
233
1693
4063
11668103
35
9
-57
261
1825
3975
11669128
-12
7
-44
257
1970
3536
11670153
-87
22
-40
167
2067
3418
11671178
-106
16
-57
182
2012
3661
11672203
-41
18
-42
227
1913
3839
11673228
21
24
-34
262
1968
3792
11674253
14
13
-24
303
2034
3646
11675278
25
5
-12
304
2041
3684
11676303
29
-4
0
279
1959
3794
11677328
34
-10
10
261
1909
3809
11670144
18
2
10
216
1885
3679
11671169
6
14
1
180
1879
3574
11672194
31
14
-18
184
1901
3660
11673219
40
2
-28
211
1885
3764
11674244
37
-14
-22
234
1887
3743
11675269
30
-22
-15
242
1947
3638
11676294
15
-29
-14
234
1921
3601
11677319
14
-27
-13
225
1919
3591
11678344
22
-24
-8
201
1913
3626
11679369
26
-27
-4
207
1935
3688
11680394
5
-29
4
234
1940
3618
11681419
-8
-23
14
219
1923
3555
11682444
1
-18
13
209
1914
3603
11683469
17
-14
17
198
1933
3645
11684494
8
-14
23
206
1958
3632
11685519
-15
-11
27
221
1961
3598
11678336
-26
-3
29
242
1980
3592
11679361
-28
8
30
245
1966
3633
11680386
-28
25
28
264
1939
3606
11681411
-20
37
22
248
1943
3679
11682436
-17
40
7
263
1954
3710
11683461
-12
40
4
256
1947
3689
11684486
3
33
8
281
1970
3664
11685511
0
30
29
294
1947
3668
11686536
-2
22
49
289
1940
3676
11687561
-10
11
61
258
1926
3701
11688586
-29
-2
51
246
1897
3704
11689611
-31
-6
25
242
1875
3719
11690636
-12
-1
-7
259
1845
3698
11691661
17
11
-26
271
1857
3691
11692686
37
13
-32
251
1886
3716
11693711
37
5
-25
192
1895
3730
11686528
12
-10
-18
154
1913
3714
11687553
-6
-25
-11
134
1912
3704
11688578
3
-39
-9
139
1900
3724
11689603
15
-47
-6
162
1942
3699
11690628
-3
-47
-2
211
1943
3614
11691653
0
-32
4
235
1943
3551
11692678
31
-12
3
222
1981
3563
11693703
37
6
1
236
1985
3637
11694728
11
20
14
249
1965
3637
11695753
-4
26
26
236
1931
3625
11696778
6
25
27
226
1914
3661
11697803
9
21
24
222
1885
3660
11698828
11
17
21
210
1895
3666
11699853
6
10
13
227
1918
3671
11700878
-4
3
9
242
1917
3639
11701903
-8
-2
7
238
1925
3655
11694720
-8
-8
4
263
1945
3677
11695745
-19
-7
7
270
1956
3640
11696770
-18
-4
7
245
1944
3632
11697795
-11
0
6
239
1957
3643
11698820
-9
4
6
223
1943
3668
11699845
-16
4
2
218
1924
3672
11700870
-30
10
3
228
1919
3602
11701895
-22
24
12
221
1944
3562
11702920
-12
39
21
224
1992
3590
11703945
-49
63
34
239
1998
3582
11704970
-69
85
40
237
1887
3621
11705995
-59
99
41
240
1834
3635
11707020
-52
122
56
274
2004
3604
11708045
-114
146
92
282
2028
3556
11709070
-105
185
85
275
1926
3386
11710095
-114
244
93
209
2100
2996
11702911
-212
303
128
112
1928
2951
11703936
-171
357
118
231
1794
3501
11704961
-17
337
86
237
2240
3949
11705986
267
108
189
-176
1998
4635
11707011
396
-121
63
-732
1168
6097
11708036
-588
-242
24
5
895
4723
11709061
-446
-290
120
572
1905
2832
11710086
36
-177
77
351
2777
2776
11711111
-187
-94
18
-31
1593
3795
11712136
59
-14
-120
17
1284
4028
11713161
204
8
-21
108
1909
3920
11714186
61
-54
43
141
1506
3698
11715211
116
-66
17
368
1788
3717
11716236
240
-68
-4
577
2308
3425
11717261
215
-114
1
350
1766
3566
11718286
287
-98
12
294
1860
3470
11711105
237
-31
-33
335
2056
3443
11712130
42
5
-12
96
1998
3482
11713155
-105
16
-11
76
1636
3453
11714180
-28
44
-46
104
1688
3652
11715205
19
34
-73
109
1840
3870
11716230
10
3
-70
187
2002
3920
11717255
-77
-29
-28
206
1973
3735
11718280
-129
-38
-7
190
1930
3581
11719305
-62
-39
-5
175
2038
3681
11720330
6
-35
-2
169
1991
3861
11721355
27
-28
1
223
1963
3861
11722380
-13
-11
22
264
2037
3616
11723405
-82
3
48
227
1934
3438
11724430
-22
25
35
198
1947
3531
11725455
75
44
34
154
1919
3753
11726480
60
44
33
155
1764
3814
11719296
22
50
24
184
1823
3683
11720321
-16
39
23
146
1804
3611
11721346
-7
24
4
144
1882
3723
11722371
-19
3
-2
166
1835
3810
11723396
-17
-6
-3
192
1813
3740
11724421
-14
3
0
189
1909
3578
11725446
-10
-9
-8
179
1959
3650
11726471
-15
-28
-6
213
1892
3822
11727496
-12
-40
4
223
1881
3844
11728521
-17
-48
9
247
1916
3648
11729546
-22
-32
17
232
1953
3523
11730571
-11
-25
8
196
1887
3644
11731596
16
-26
4
199
1861
3794
11732621
10
-33
12
178
1866
3755
11733646
-9
-43
18
182
1921
3652
11734671
-36
-45
26
160
1889
3578
11727584
-34
-44
17
170
1855
3643
11728609
-29
-34
9
197
1838
3743
11729634
-23
-27
4
235
1831
3736
11730659
-29
-16
1
267
1897
3628
11731684
-54
1
1
251
1918
3557
11732709
-58
19
-8
226
1840
3642
11733734
-20
31
-19
236
1869
3772
11734759
-5
34
-17
239
1914
3751
11735784
-27
31
-13
246
1918
3651
11736809
-40
27
-5
207
1891
3625
11737834
-21
13
-10
204
1859
3775
11738859
-13
-3
-4
241
1843
3812
11739884
0
-12
4
243
1866
3746
11740909
-19
-17
6
251
1868
3650
11741934
-31
-18
2
229
1830
3679
11742959
-7
-16
-9
215
1821
3786
11735680
2
-18
-20
212
1816
3799
11736705
13
-19
-29
214
1813
3743
11737730
13
-16
-35
225
1843
3691
11738755
11
-11
-39
227
1882
3748
11739780
5
-7
-36
215
1879
3765
11740805
11
-6
-32
201
1881
3744
11741830
16
-7
-29
199
1877
3701
11742855
37
-4
-21
177
1922
3686
11743880
28
-5
-11
156
1966
3696
11744905
-15
-3
0
166
1946
3606
11745930
-35
18
0
174
1842
3594
11746955
-19
51
-18
235
1716
3655
11747980
-1
105
-39
245
1777
3661
11749005
-40
112
-38
230
2045
3615
11750030
-202
114
11
317
1957
3420
11751055
-203
199
11
329
1980
2903
11743872
-231
369
59
187
2379
2192
11744897
-176
391
119
-79
1802
3309
11745922
241
246
56
-44
1997
5234
11746947
576
-15
55
-1101
1575
6856
11747972
-623
-238
110
60
1772
4665
11748997
-995
-346
285
663
1643
2152
11750022
-221
-190
169
281
1685
2341
11751047
165
-18
35
-12
1728
3807
11752072
-69
64
-75
-48
1297
4485
11753097
-295
75
-20
125
1505
3783
11754122
19
4
46
-44
1003
3601
11755147
355
2
-103
121
1413
4025
11756172
380
0
-149
385
2357
4164
11757197
133
-89
-10
427
1952
3683
11758222
328
-225
-13
419
1898
3716
11759247
278
-135
-21
393
1997
3313
11752064
100
-46
-54
150
1595
3301
11753089
83
30
-91
29
1826
3623
11754114
-7
39
-98
88
1765
3813
11755139
-30
2
-66
140
1906
3892
11756164
-1
-48
-36
124
1956
3947
11757189
-44
-77
-32
144
1819
3788
11758214
-59
-57
-41
122
1781
3637
11759239
-37
-31
-50
111
1822
3636
11760264
46
-24
-32
135
1978
3775
11761289
123
-25
9
64
2111
3881
11762314
40
-41
-5
99
1870
3748
11763339
-24
-14
9
137
1801
3526
11764364
-13
-1
9
136
1917
3536
11765389
29
9
6
138
1931
3696
11766414
44
22
20
149
1844
3789
11767439
-4
41
20
179
1781
3689
11760257
-43
52
25
156
1738
3586
11761282
12
48
10
148
1803
3772
11762307
42
32
2
172
1783
3897
11763332
26
32
23
181
1835
3831
11764357
-24
20
23
151
1800
3664
11765382
-26
15
4
137
1805
3644
11766407
10
7
-7
137
1839
3800
11767432
30
-7
-2
157
1858
3875
11768457
1
-18
9
173
1847
3736
11769482
-33
-19
19
172
1895
3610
11770507
-21
-25
15
154
1926
3700
11771532
7
-31
13
146
1864
3801
11772557
2
-26
16
133
1845
3713
11773582
-31
-24
13
133
1826
3617
11774607
-49
-28
0
147
1829
3671
11775632
-68
-31
-11
184
1841
3700
11768449
-83
-28
-19
199
1821
3742
11769474
-63
-12
-35
201
1796
3721
11770499
-14
-5
-46
193
1851
3691
11771524
1
-13
-41
206
1883
3706
11772549
-6
-22
-20
218
1827
3743
11773574
-2
-21
1
209
1830
3778
11774599
-14
-24
10
172
1820
3802
11775624
-28
-28
6
169
1807
3752
11776649
-36
-23
-16
168
1778
3670
11777674
7
-11
-47
159
1770
3730
11778699
44
-2
-62
174
1793
3772
11779724
49
4
-54
153
1835
3740
11780749
33
-2
-36
116
1870
3731
11781774
-1
-18
-19
85
1841
3744
11782799
-1
-39
-9
77
1843
3787
11783824
4
-46
-3
102
1906
3762
11776640
-8
-44
3
126
1887
3669
11777665
3
-43
1
126
1866
3616
11778690
6
-31
-2
158
1899
3624
11779715
-15
-18
7
165
1814
3638
11780740
-6
-3
11
181
1806
3674
11781765
-15
16
20
176
1825
3710
11782790
-48
24
25
160
1783
3686
11783815
-55
37
24
154
1819
3609
11784840
-47
47
23
147
1808
3630
11785865
-27
55
17
174
1716
3708
11786890
11
90
24
203
1777
3767
11787915
-26
93
21
211
1808
3902
11788940
-74
83
22
345
1878
3709
11789965
-168
148
107
339
2064
2879
11790990
-261
250
102
25
2040
2637
11792015
-347
296
127
-75
1814
3570
11784832
-77
241
-4
169
1276
4409
11785857
380
45
-74
-21
1363
4825
11786882
292
-197
-69
-1062
1221
6299
11787907
-815
-337
-187
192
1864
4640
11788932
-975
-345
64
889
1897
2041
11789957
194
-133
-43
198
2219
2758
11790982
-30
-14
-64
-4
2071
3712
11792007
-94
28
-29
54
1489
4152
11793032
15
48
52
-26
1778
3890
11794057
84
-3
86
-174
1256
3671
11795082
336
-13
30
125
1360
4037
11796107
397
-76
5
363
2291
4546
11797132
67
-211
78
715
1919
3364
11798157
141
-215
109
380
1294
2998
11799182
391
-64
-26
176
1665
3542
11800207
309
9
-82
183
2092
3791
11793023
67
17
-25
-3
1724
3755
11794048
-103
42
-22
39
1549
3555
11795073
-79
21
-46
106
1623
3700
11796098
41
-29
-46
140
1968
4085
11797123
10
-53
6
157
1927
4002
11798148
-104
-49
13
163
1676
3556
11799173
-27
-30
-8
142
1741
3559
11800198
52
-23
-31
135
1944
3876
11801223
42
-35
-12
152
1885
4050
11802248
-4
-22
20
169
1859
3809
11803273
-42
-17
18
155
1803
3547
11804298
-1
-4
1
165
1814
3593
11805323
50
13
1
155
1832
3834
11806348
36
-2
10
171
1777
3949
11807373
23
-10
30
179
1855
3810
11808398
-43
-6
41
147
1811
3628
11801216
-61
-12
23
182
1663
3624
11802241
-3
-18
11
182
1699
3785
11803266
-22
-31
-3
202
1673
3763
11804291
-22
-39
-7
235
1763
3679
11805316
1
-43
-3
224
1864
3741
11806341
-38
-52
-1
223
1781
3790
11807366
-35
-58
-2
245
1730
3785
11808391
-25
-42
-4
232
1756
3693
11809416
-9
-25
-10
208
1829
3656
11810441
-15
-21
-26
211
1816
3747
11811466
-8
-18
-28
205
1824
3847
11812491
-20
-23
-24
206
1783
3841
11813516
-16
-26
-16
213
1830
3754
11814541
-18
-24
-3
204
1831
3688
11815566
-17
-19
-3
179
1784
3713
11816591
7
-21
-7
196
1753
3809
11809408
25
-18
-5
206
1755
3814
11810433
13
-12
-5
217
1787
3741
11811458
-1
-11
-5
224
1792
3682
11812483
-4
-1
-9
218
1790
3658
11813508
-2
17
-2
165
1757
3675
11814533
22
9
-16
163
1737
3794
11815558
44
1
-12
204
1839
3783
11816583
18
-18
6
198
1796
3789
11817608
-5
-35
19
239
1788
3759
11818633
-27
-39
35
232
1784
3706
11819658
-37
-33
21
240
1734
3710
11820683
-33
-17
4
243
1775
3670
11821708
-13
-3
-19
225
1780
3745
11822733
-8
11
-40
245
1800
3801
11823758
-10
22
-36
245
1822
3773
11824783
-4
18
-14
194
1814
3744
11817599
26
12
-6
157
1833
3780
11818624
39
1
10
158
1839
3804
11819649
32
-12
40
166
1850
3794
11820674
10
-18
65
163
1841
3722
11821699
-13
-24
67
191
1820
3695
11822724
-18
-14
58
208
1765
3708
11823749
0
-1
32
222
1744
3743
11824774
19
16
10
250
1732
3739
11825799
42
34
3
249
1745
3699
11826824
47
41
6
225
1770
3728
11827849
16
31
13
199
1749
3787
11828874
2
14
18
162
1724
3820
11829899
15
1
16
151
1735
3800
11830924
15
-3
8
155
1749
3750
11831949
6
-7
0
178
1779
3734
11832974
2
-14
-1
211
1789
3740
11825792
10
-13
4
217
1812
3714
11826817
5
-8
7
216
1797
3683
11827842
-1
2
8
208
1793
3698
11828867
2
3
8
205
1814
3720
11829892
10
7
9
225
1798
3723
11830917
22
10
7
224
1822
3743
11831942
9
6
7
224
1808
3727
11832967
6
3
8
212
1783
3737
11833992
4
-1
10
201
1804
3755
11835017
-11
-12
12
213
1792
3746
11836042
-13
-15
16
230
1764
3711
11837067
-24
-8
17
244
1790
3666
11838092
-45
19
12
257
1779
3499
11839117
-75
111
-5
274
1818
3227
11840142
-153
254
-23
282
1683
3128
11841167
-72
316
13
260
1514
3441
11833985
153
303
30
248
2083
3807
11835010
166
276
116
181
2689
3592
11836035
-21
227
248
227
2560
3638
11837060
-130
165
349
315
2185
3909
11838085
-423
-2
387
113
1763
3805
11839110
666
-168
352
-1338
256
5958
11840135
427
-123
-80
-236
1721
5234
11841160
-1181
-188
254
942
1970
2244
11842185
-268
-26
196
211
1671
2642
11843210
307
99
-29
-62
1517
3758
11844235
82
151
-81
-113
1307
4363
11845260
-85
186
-75
55
1808
3849
11846285
-138
138
6
-65
1360
3953
11847310
-111
46
-53
-49
1134
4350
11848335
-32
-53
-97
452
1798
4158
11849360
151
-163
31
729
2516
3799
11842177
187
-248
108
428
1936
3375
11843202
122
-141
52
311
1425
3104
11844227
127
-6
-55
189
1645
3326
11845252
141
33
-81
8
1705
3740
11846277
47
38
-80
41
1729
3977
11847302
-26
-9
-67
137
1722
3981
11848327
-147
-23
-44
178
1757
3561
11849352
-142
-33
-32
130
1661
3511
11850377
107
-39
-36
110
1972
4000
11851402
183
-67
-26
133
2015
4181
11852427
89
-74
27
175
1945
3899
11853452
-82
-55
53
173
1763
3486
11854477
-75
-34
19
139
1812
3575
11855502
14
-19
8
124
1935
3935
11856527
39
-27
14
188
1740
4015
11857552
49
-13
18
242
1698
3729
11850368
58
-6
11
199
1778
3533
11851393
80
-20
-1
139
1875
3624
11852418
126
-38
-4
119
1800
3859
11853443
116
-26
1
198
1753
3856
11854468
36
-2
17
215
1755
3593
11855493
30
9
6
193
1823
3589
11856518
60
6
7
165
1829
3706
11857543
73
-1
7
181
1831
3779
11858568
8
-2
30
178
1808
3702
11859593
-53
1
34
167
1784
3592
11860618
-33
-2
22
160
1774
3674
11861643
20
-14
11
152
1795
3853
11862668
2
-30
6
194
1757
3869
11863693
-58
-23
14
218
1783
3683
11864718
-86
-11
21
190
1838
3599
11865743
-43
-8
2
157
1856
3754
11858560
0
-5
-2
155
1821
3872
11859585
17
-7
14
167
1847
3838
11860610
3
-6
32
186
1922
3712
11861635
-33
-10
40
182
1880
3700
11862660
-23
-11
37
193
1837
3768
11863685
5
-1
43
202
1817
3750
11864710
36
7
39
240
1822
3704
11865735
32
13
41
269
1860
3662
11866760
8
8
54
255
1789
3705
11867785
11
3
63
255
1758
3794
11868810
-16
-3
61
257
1757
3770
11869835
-33
-9
44
262
1742
3722
11870860
-17
-13
10
281
1768
3723
11871885
3
-6
-19
282
1770
3709
11872910
19
-1
-31
270
1769
3734
11873935
31
-7
-26
245
1803
3800
11866752
12
-20
-12
213
1802
3789
11867777
-22
-42
-7
186
1782
3750
11868802
-30
-55
-11
187
1757
3747
11869827
-19
-51
-20
191
1804
3718
11870852
0
-44
-19
191
1844
3707
11871877
14
-46
-17
188
1837
3705
11872902
19
-38
-4
172
1854
3669
11873927
4
-26
13
158
1856
3635
11874952
-22
-14
21
172
1815
3619
11875977
-19
3
21
182
1807
3666
11877002
-23
21
13
194
1791
3721
11878027
-12
24
6
220
1795
3778
11879052
-9
27
10
236
1798
3753
11880077
-19
33
12
235
1818
3696
11881102
-38
39
12
228
1812
3697
11882127
-59
44
8
232
1829
3762
11874944
-69
64
6
282
1711
3743
11875969
-93
129
7
278
1753
3648
11876994
-121
177
-19
233
1742
3613
11878019
-51
191
-25
307
1756
3585
11879044
-26
199
26
313
2119
3535
11880069
-250
232
81
282
2559
3214
11881094
-613
204
138
165
1854
3308
11882119
-324
157
125
164
1127
3336
11883144
633
99
90
-606
1225
5593
11884169
542
-56
-173
-976
1707
6953
11885194
-1616
-279
163
907
2082
2229
11886219
-449
-143
213
442
1320
2303
11887244
407
37
-113
-7
1771
3987
11888269
33
5
-58
14
1591
4193
11889294
-17
-32
54
109
1473
4276
11890319
-188
-12
-26
38
1524
3579
11883137
-137
-15
-65
140
1314
3645
11884162
297
-36
-77
-164
974
4468
11885187
476
-92
-64
169
1565
4273
11886212
368
-204
12
699
2511
3850
11887237
-42
-266
63
880
2026
2975
11888262
154
-228
-42
330
1696
3476
11889287
247
-65
-10
163
1950
3418
11890312
99
-9
-22
93
1124
3478
11891337
268
64
-102
130
1946
3878
11892362
-4
17
-73
106
1839
3899
11893387
-136
-54
-46
163
1702
3848
11894412
-39
-69
-14
168
1739
3887
11895437
-20
-58
-25
187
1657
3792
11896462
-52
-25
-41
185
1698
3717
11897487
-45
-12
-54
130
1716
3826
11898512
99
-2
-68
154
1838
3827
11891328
225
32
-49
230
2133
3699
11892353
187
63
11
205
2193
3527
11893378
7
112
47
142
1908
3320
11894403
-54
161
59
76
1708
3559
11895428
31
155
60
26
1702
4067
11896453
93
99
61
72
1664
4206
11897478
125
42
66
142
1736
3931
11898503
33
12
67
134
1803
3678
11899528
-97
-11
39
118
1651
3678
11900553
-68
-13
7
169
1595
3807
11901578
48
-10
-2
204
1772
3906
11902603
64
-21
3
219
1904
3827
11903628
-27
-33
8
222
1795
3621
11904653
-49
-30
3
190
1762
3667
11905678
-9
-31
-8
171
1793
3867
11906703
14
-37
-5
165
1815
3837
11899520
0
-32
8
140
1818
3695
11900545
-31
-40
6
98
1688
3632
11901570
6
-51
-19
137
1658
3802
11902595
33
-64
-42
167
1654
3951
11903620
17
-82
-46
212
1740
3870
11904645
12
-92
-27
218
1818
3687
11905670
16
-85
-21
210
1885
3611
11906695
0
-74
-16
210
1864
3697
11907720
-16
-54
-16
188
1829
3742
11908745
-22
-48
-24
191
1829
3779
11909770
-25
-48
-44
229
1813
3758
11910795
-8
-40
-53
251
1804
3673
11911820
14
-26
-53
236
1858
3638
11912845
11
-18
-45
222
1852
3651
11913870
30
-20
-27
228
1835
3694
11914895
37
-25
9
224
1814
3726
11907711
4
-38
32
225
1799
3744
11908736
-37
-47
38
231
1806
3704
11909761
-73
-47
23
237
1757
3702
11910786
-59
-40
-8
259
1714
3749
11911811
11
-26
-28
269
1762
3791
11912836
38
-11
-34
240
1785
3757
11913861
7
-11
-36
204
1748
3757
11914886
-2
-22
-33
178
1765
3827
11915911
3
-44
-14
157
1781
3835
11916936
-19
-67
2
159
1769
3782
11917961
-51
-75
9
178
1749
3685
11918986
-58
-69
3
188
1736
3646
11920011
-27
-57
-15
225
1824
3737
11921036
-31
-40
-30
288
1845
3727
11922061
-46
-13
-32
318
1856
3605
11923086
-56
29
-28
296
1857
3556
11915904
-67
77
-28
289
1757
3599
11916929
-60
145
-31
250
1727
3654
11917954
-99
173
-53
203
1721
3751
11918979
-208
208
-67
348
1802
3335
11920004
-271
264
-13
228
2176
3019
11921029
-191
298
111
95
2259
3064
11922054
-175
346
174
230
1911
3369
11923079
-94
296
170
449
1812
4186
11924104
447
48
216
-292
1387
5104
11925129
479
-48
54
-1220
1303
6788
11926154
-1200
-159
51
396
2031
3149
11927179
-963
-240
180
659
525
2187
11928204
533
-30
-153
-105
1436
3969
11929229
301
-63
-101
21
2009
4283
11930254
38
-100
-3
144
1503
4346
11931279
-132
-70
14
165
1715
3598
11924096
-105
-27
1
153
1282
3612
11925121
271
-27
-38
-143
1434
4342
11926146
273
-72
-47
65
1499
4532
11927171
246
-242
-3
777
2565
3896
11928196
69
-340
150
999
2198
2908
11929221
170
-185
63
318
1496
2825
11930246
166
24
-13
63
1610
3360
11931271
201
37
-46
164
1629
3907
11932296
228
50
-34
104
1875
4156
11933321
-33
-5
0
154
1686
3838
11934346
-164
-31
14
202
1672
3438
11935371
-120
-8
11
112
1767
3488
11936396
-19
10
-19
78
1638
4001
11937421
39
-13
-64
136
1552
4448
11938446
-23
-37
-76
269
1621
3841
11939471
9
-33
-31
213
1765
3310
11932288
80
5
-35
157
2167
3289
11933313
-2
62
-46
114
2003
3618
11934338
-55
99
-26
164
1582
4002
11935363
37
84
6
210
1614
4116
11936388
98
29
27
232
1931
3965
11937413
-22
-15
50
230
1834
3707
11938438
-90
-8
43
180
1592
3630
11939463
11
11
9
150
1634
3848
11940488
74
1
-1
184
1801
3947
11941513
35
-33
11
224
1844
3823
11942538
-40
-47
23
222
1749
3624
11943563
-39
-44
12
219
1700
3655
11944588
-6
-27
1
242
1742
3759
11945613
20
-21
3
222
1782
3808
11946638
10
-23
4
239
1806
3763
11947663
-32
-17
11
223
1752
3656
11940782
-31
-6
-3
185
1685
3729
11941807
3
-2
-12
181
1691
3809
11942832
17
-7
-12
170
1775
3880
11943857
1
-23
1
186
1838
3823
11944882
-23
-37
16
182
1791
3794
11945907
4
-46
20
200
1785
3708
11946932
26
-35
29
202
1773
3700
11947957
34
-23
34
230
1758
3679
11948982
28
-10
51
202
1807
3697
11950007
-13
-14
42
205
1713
3852
11951032
-45
-13
26
242
1660
3819
11952057
-38
-9
6
239
1695
3730
11953082
-5
8
-15
233
1768
3680
11954107
-8
22
-29
203
1763
3743
11955132
7
16
-36
225
1794
3838
11956157
18
1
-16
225
1752
3834
11948672
35
-14
5
241
1779
3782
11949697
12
-26
36
228
1801
3737
11950722
-26
-35
53
234
1770
3689
11951747
-55
-29
48
231
1696
3687
11952772
-27
-17
17
250
1691
3763
11953797
7
-1
-11
269
1740
3798
11954822
0
14
-31
261
1728
3788
11955847
-18
24
-43
263
1716
3758
11956872
-7
24
-37
246
1749
3765
11957897
-11
16
-25
223
1757
3759
11958922
-18
6
-6
218
1767
3765
11959947
-19
-12
22
220
1744
3798
11960972
-26
-34
60
237
1750
3805
11961997
-65
-49
78
257
1762
3777
11963022
-118
-40
69
283
1791
3701
11964047
-129
-11
32
287
1750
3623
11956863
-87
55
-46
332
1633
3697
11957888
-33
127
-109
357
1633
3888
11958913
-64
185
-129
471
1712
3857
11959938
-117
271
-76
551
1647
3432
11960963
-178
443
-28
161
2165
2164
11961988
-345
587
85
-391
2086
2101
11963013
-270
527
79
62
1853
3868
11964038
285
239
122
-940
1542
6895
11965063
373
-191
-110
-976
630
7448
11966088
-866
-378
162
846
2101
2495
11967113
-328
-239
252
460
2006
2019
11968138
-128
-75
48
-113
1529
3570
11969163
-23
-102
-38
-3
842
4314
11970188
337
-35
-5
187
1533
4003
11971213
65
-23
71
114
1940
3763
11972238
-361
-56
57
61
1520
3815
11965055
-170
-74
-48
26
1071
4170
11966080
246
-46
-54
-13
934
4404
11967105
309
-131
-30
451
1928
4154
11968130
71
-233
53
865
2433
3221
11969155
31
-229
50
327
1444
3060
11970180
241
-42
-81
184
1554
3389
11971205
273
61
-72
184
1720
3738
11972230
201
55
-60
153
1681
4090
11973255
122
35
-20
180
1856
4024
11974280
-47
-4
23
165
1654
3691
11975305
-57
3
18
123
1532
3511
11976330
83
63
-19
106
1913
3573
11977355
43
91
-19
-13
1735
3811
11978380
27
67
3
-33
1424
4109
11979405
100
16
-18
14
1564
4248
11980430
93
-45
-30
108
1749
4010
11973248
61
-66
-6
162
1902
3857
11974273
-47
-47
5
172
1769
3717
11975298
-101
2
-16
182
1483
3506
11976323
59
41
-44
133
1701
3822
11977348
121
27
-41
144
1902
4058
11978373
42
-7
-1
175
1839
3970
11979398
-66
-17
28
162
1727
3595
11980423
-73
-2
23
87
1608
3464
11981448
36
0
-23
103
1662
3808
11982473
88
-9
-30
176
1746
3996
11983498
39
-34
1
203
1796
4007
11984523
-58
-51
28
216
1727
3780
11985548
-77
-42
28
218
1680
3547
11986573
-7
-14
19
149
1698
3671
11987598
45
2
11
138
1736
3921
11988623
34
-2
29
148
1763
3936
11981440
-20
-15
37
152
1749
3814
11982465
-44
-25
16
150
1703
3714
11983490
-6
-24
-22
163
1695
3791
11984515
45
-19
-40
192
1672
3852
11985540
66
-11
-32
195
1716
3752
11986565
49
-19
-15
167
1738
3741
11987590
5
-31
-3
146
1730
3790
11988615
-38
-45
9
116
1657
3786
11989640
-23
-50
9
97
1686
3794
11990665
9
-47
-2
135
1731
3745
11991690
23
-32
-8
167
1765
3703
11992715
16
-27
-5
174
1785
3775
11993740
2
-29
11
178
1734
3806
11994765
4
-23
25
189
1739
3739
11995790
-5
-8
35
199
1771
3656
11996815
-32
5
37
199
1741
3710
11989632
-38
15
29
211
1712
3816
11990657
-2
26
26
231
1715
3743
11991682
50
38
30
222
1763
3725
11992707
19
52
34
210
1778
3667
11993732
-30
58
32
159
1683
3689
11994757
-18
52
16
165
1653
3859
11995782
9
43
13
184
1691
3915
11996807
0
26
10
194
1713
3824
11997832
-19
7
5
197
1708
3809
11998857
-18
-2
7
195
1724
3810
11999882
-19
-8
7
168
1708
3820
12000907
-8
-12
-3
172
1733
3853
12001932
-39
0
-3
182
1763
3765
12002957
-112
42
2
211
1808
3598
12003982
-291
153
5
215
1837
3524
12005007
-357
172
-35
302
1269
4061
11997823
16
136
-1
582
1709
4131
11998848
-126
242
176
171
2572
2093
11999873
-1070
492
245
-470
1714
1376
12000898
-158
262
40
-133
945
5050
12001923
1441
-120
-122
-341
1702
7927
12002948
7
-172
72
-725
2416
6165
12003973
-2025
-343
403
712
1830
1186
12004998
-470
-213
157
342
240
2107
12006023
710
-11
-161
-159
802
4837
12007048
235
-21
-99
88
2053
4339
12008073
157
-85
126
238
1107
4000
12009098
270
-25
13
169
1802
3589
12010123
-81
13
11
417
1929
3221
12011148
-6
103
34
38
1709
3706
12012173
141
112
43
-166
1398
4261
12013198
133
44
1
35
1285
4347
12006016
199
-51
72
148
1379
4139
12007041
104
-99
106
503
2154
3763
12008066
18
-111
156
670
2156
3013
12009091
224
-144
96
169
1229
3725
12010116
353
-53
-20
319
1483
3734
12011141
325
37
23
315
1583
3489
12012166
235
110
41
106
2159
3514
12013191
-63
115
51
-27
1772
3623
12014216
-158
113
17
-14
1242
3798
12015241
22
108
-33
34
1313
4095
12016266
117
83
-55
86
1693
4191
12017291
4
36
-18
101
1837
3978
12018316
-165
-4
-2
66
1637
3766
12019341
-132
-23
-25
55
1550
3884
12020366
20
-29
-43
93
1709
4162
12021391
70
-39
-31
163
1843
4153
12014209
-12
-49
-4
186
1796
3848
12015234
-21
-49
10
187
1761
3684
12016259
32
-34
3
154
1774
3750
12017284
68
-24
12
126
1752
3870
12018309
82
-30
21
120
1714
3947
12019334
48
-46
25
135
1690
3838
12020359
14
-50
26
157
1653
3677
12021384
48
-39
29
150
1733
3686
12022409
43
-32
28
133
1706
3749
12023434
28
-30
24
143
1658
3768
12024459
34
-21
26
165
1669
3724
12025484
16
-3
36
144
1666
3639
12026509
15
5
21
135
1679
3698
12027534
4
6
8
164
1693
3791
12028559
-31
12
9
171
1621
3756
12029584
-16
21
6
186
1700
3744
12022399
-26
32
9
166
1714
3675
12023424
-44
47
0
147
1646
3680
12024449
-20
54
-7
150
1694
3872
12025474
-34
41
-8
174
1669
3920
12026499
-40
28
-11
190
1706
3855
12027524
-56
20
-16
176
1671
3763
12028549
-33
18
-27
177
1687
3740
12029574
13
11
-32
188
1762
3890
12030599
19
-9
-15
206
1783
3925
12031624
4
-26
13
188
1765
3861
12032649
-27
-41
24
166
1713
3788
12033674
-32
-42
25
144
1703
3760
12034699
-34
-43
4
127
1563
3839
12035724
-2
-41
-32
184
1633
3868
12036749
-7
-29
-37
168
1668
3754
12037774
-10
-20
-48
154
1665
3739
12030592
-7
-8
-53
145
1688
3793
12031617
-29
7
-42
103
1679
3733
12032642
-35
13
-39
55
1631
3766
12033667
-33
16
-38
100
1699
3800
12034692
-50
24
-20
93
1700
3780
12035717
-67
33
0
65
1727
3769
12036742
-92
38
0
120
1741
3742
12037767
-106
37
17
108
1631
3718
12038792
-56
34
27
81
1645
3749
12039817
-44
20
39
21
1613
3842
12040842
-82
-16
50
55
1597
3854
12041867
-119
-56
70
107
1606
3850
12042892
-146
-90
78
111
1598
3865
12043917
-164
-128
78
121
1566
3831
12044942
-163
-162
73
155
1523
3798
12045967
-161
-178
68
215
1540
3776
12038784
-176
-176
55
264
1533
3799
12039809
-175
-174
34
288
1560
3893
12040834
-175
-177
25
287
1577
3926
12041859
-192
-181
19
259
1570
3943
12042884
-223
-193
2
286
1575
3945
12043909
-242
-208
-22
323
1547
3878
12044934
-199
-219
-38
349
1551
3871
12045959
-176
-234
-43
404
1559
3889
12046984
-166
-250
-36
439
1558
3864
12048009
-176
-262
-23
458
1584
3865
12049034
-227
-278
5
460
1565
3846
12050059
-283
-293
37
450
1469
3814
12051084
-291
-304
62
447
1348
3861
12052109
-268
-315
82
453
1299
3900
12053134
-268
-334
98
455
1290
4005
12054159
-303
-364
120
436
1218
4077
12046975
-349
-425
149
391
1244
4248
12048000
-404
-547
242
344
1345
4480
12049025
-494
-724
377
422
1267
4231
12050050
-529
-829
474
547
1144
3923
12051075
-557
-867
534
577
1002
3869
12052100
-597
-907
573
655
858
3911
12053125
-606
-933
598
752
790
3903
12054150
-594
-929
603
826
835
3764
12055175
-609
-895
564
994
835
3638
12056200
-590
-815
502
1098
750
3624
12057225
-505
-706
447
1178
761
3640
12058250
-438
-595
428
1225
749
3630
12059275
-364
-487
394
1378
711
3596
12060300
-305
-350
428
1490
770
3643
12061325
-236
-150
367
2172
397
3721
12062350
114
251
6
2594
677
4506
12055168
106
338
-19
1329
1208
4744
12056193
-245
67
-41
1050
688
4180
12057218
-203
-102
-26
1672
327
3760
12058243
133
-86
211
1465
428
3686
12059268
143
-82
208
1671
726
4002
12060293
-67
-149
164
1591
370
4221
12061318
-38
-182
127
1441
312
4281
12062343
35
-227
104
1491
320
3980
12063368
110
-257
112
1516
537
3866
12064393
76
-293
101
1531
590
3932
12065418
48
-305
79
1513
487
3912
12066443
86
-305
45
1487
539
3937
12067468
104
-312
39
1530
650
3919
12068493
128
-327
68
1567
647
3843
12069518
134
-338
112
1610
737
3828
12070543
121
-342
103
1623
795
3884
12063360
65
-377
111
1698
644
3930
12064385
80
-408
137
1769
588
3865
12065410
152
-424
174
1781
781
3816
12066435
115
-452
204
1818
800
3753
12067460
35
-490
208
1850
623
3727
12068485
18
-507
198
1875
543
3751
12069510
39
-511
204
1860
505
3670
12070535
79
-516
211
1871
527
3541
12071560
96
-506
255
1918
441
3372
12072585
157
-447
191
2116
540
3375
12073610
169
-402
205
2043
611
3303
12074635
144
-350
228
2162
652
3299
12075660
101
-304
238
2200
576
3183
12076685
70
-240
228
2218
559
3102
12077710
19
-170
201
2254
560
2985
12078735
2
-89
184
2276
499
2914
12071552
25
-24
147
2297
472
3044
12072577
28
24
98
2324
496
3233
12073602
-9
48
64
2314
527
3358
12074627
-64
47
24
2305
460
3360
12075652
-96
40
-20
2284
416
3361
12076677
-124
24
-61
2257
425
3465
12077702
-162
5
-83
2259
470
3546
12078727
-231
-9
-89
2215
445
3596
12079752
-323
-34
-95
2163
391
3586
12080777
-318
-71
-108
2148
391
3603
12081802
-268
-90
-124
2154
322
3604
12082827
-205
-99
-136
2159
352
3538
12083852
-155
-87
-137
2150
398
3500
12084877
-156
-87
-136
2151
408
3553
12085902
-140
-118
-146
2202
458
3593
12086927
-124
-126
-139
2232
539
3546
12079935
-170
-104
-125
2231
539
3415
12080960
-219
-96
-108
2241
443
3293
12081985
-100
-121
-98
2285
497
3402
12083010
19
-126
-81
2310
606
3536
12084035
19
-119
-53
2287
548
3481
12085060
-15
-92
-29
2242
464
3353
12086085
-30
-91
-14
2202
517
3370
12087110
-22
-102
-6
2228
544
3487
12088135
-115
-68
-16
2293
471
3382
12089160
-194
-44
-21
2288
378
3287
12090185
-404
35
-56
2297
120
3159
12091210
-530
42
-118
2389
82
3222
12092235
-328
-22
-17
2457
759
3611
12093260
-325
-74
107
2310
710
3838
12094285
-305
-145
63
2241
394
3773
12095310
-174
-159
8
2175
292
3557
12087936
-173
-149
-22
2126
197
3352
12088961
-289
-131
-74
2214
85
3264
12089986
-302
-119
-102
2348
54
3335
12091011
-287
-94
-118
2430
177
3342
12092036
-480
-58
-123
2399
36
3201
12093061
-529
-8
-143
2418
139
3170
12094086
-585
38
-139
2435
227
3246
12095111
-605
45
-109
2382
185
3383
12096136
-610
70
-67
2317
252
3430
12097161
-594
74
-38
2269
86
3372
12098186
-450
79
-37
2269
-10
3322
12099211
-311
103
-50
2280
-51
3381
12100236
-289
113
-48
2306
-22
3498
12101261
-305
107
-45
2321
19
3601
12102286
-285
73
-41
2245
-85
3619
12103311
-130
60
-73
2198
-179
3485
12096129
-78
70
-116
2317
-180
3383
12097154
-82
57
-136
2359
-58
3462
12098179
-51
17
-132
2316
6
3541
12099204
30
-13
-97
2332
40
3441
12100229
84
-22
-67
2331
78
3339
12101254
70
-11
-54
2293
75
3387
12102279
44
2
-61
2278
-59
3506
12103304
73
13
-65
2292
-240
3501
12104329
177
18
-82
2291
-197
3436
12105354
239
13
-103
2263
-125
3464
12106379
258
-7
-120
2304
-137
3503
12107404
284
-16
-141
2314
-48
3459
12108429
278
-8
-145
2291
67
3432
12109454
239
-21
-143
2313
154
3470
12110479
285
-46
-156
2303
142
3416
12111504
415
-52
-157
2272
233
3351
12104320
474
-29
-134
2223
460
3392
12105345
390
-10
-136
2240
597
3481
12106370
244
-13
-103
2255
518
3424
12107395
197
2
-78
2204
356
3247
12108420
265
42
-108
2204
263
3234
12109445
339
68
-151
2274
188
3301
12110470
393
84
-185
2349
190
3337
12111495
446
91
-206
2313
264
3381
12112520
449
96
-223
2339
419
3416
12113545
405
88
-206
2318
591
3469
12114570
330
71
-169
2355
774
3565
12115595
115
70
-103
2187
843
3690
12116620
-81
43
-78
2069
578
3602
12117645
-38
34
-76
2082
400
3540
12118670
135
24
-95
2039
397
3529
12119695
289
27
-146
2127
665
3576
12112511
258
7
-106
2202
880
3677
12113536
112
-22
-42
2217
858
3635
12114561
34
-38
0
2200
760
3550
12115586
35
-48
26
2179
722
3432
12116611
78
-47
46
2182
765
3326
12117636
91
-40
53
2187
698
3375
12118661
66
-30
48
2216
602
3374
12119686
26
-15
32
2198
607
3376
12120711
-16
-15
18
2211
568
3396
12121736
-27
-11
6
2234
596
3418
12122761
-27
-7
-1
2214
645
3448
12123786
-39
-10
-8
2209
647
3456
12124811
-27
-15
-7
2202
625
3466
12125836
20
-15
-1
2194
649
3434
12126861
29
-12
8
2225
704
3402
12127886
-1
-15
18
2254
640
3411
12120704
13
-21
18
2241
523
3424
12121729
53
-20
4
2221
559
3446
12122754
55
-23
-6
2237
644
3412
12123779
28
-21
-7
2233
677
3374
12124804
13
-17
-5
2218
696
3386
12125829
14
-8
-3
2198
686
3401
12126854
15
4
4
2196
707
3385
12127879
5
13
13
2201
736
3374
12128904
-3
28
26
2215
785
3399
12129929
-31
37
44
2218
742
3401
12130954
-57
41
51
2208
653
3410
12131979
-62
53
45
2205
641
3374
12133004
-78
59
34
2189
612
3406
12134029
-79
40
24
2201
531
3480
12135054
-46
27
14
2206
564
3489
12136079
-14
9
10
2201
599
3505
12128896
-4
-4
2
2202
612
3503
12129921
0
-13
2
2186
622
3482
12130946
13
-18
6
2185
640
3462
12131971
23
-17
15
2180
663
3469
12132996
20
-11
23
2167
680
3451
12134021
13
-9
34
2186
630
3392
12135046
13
-3
32
2214
632
3392
12136071
2
1
29
2212
639
3432
12137096
-1
-9
28
2214
607
3471
12138121
9
-13
26
2223
581
3464
12139146
4
-9
16
2214
572
3429
12140171
4
-9
6
2181
596
3449
12141196
24
-12
2
2185
631
3469
12142221
29
-8
9
2208
688
3436
12143246
7
-9
15
2206
690
3427
12144271
-4
-12
22
2207
646
3434
12137087
5
-6
28
2190
623
3435
12138112
21
-4
33
2180
645
3432
12139137
35
-3
34
2209
652
3457
12140162
32
-8
35
2210
652
3510
12141187
8
-19
37
2212
652
3483
12142212
-14
-20
48
2213
696
3444
12143237
-27
-21
57
2195
631
3432
12144262
-2
-24
59
2194
603
3422
12145287
48
-28
57
2200
625
3447
12146312
63
-34
56
2231
611
3457
12147337
53
-38
50
2238
574
3440
12148362
72
-42
48
2227
601
3427
12149387
77
-41
53
2242
684
3427
12150412
30
-38
62
2226
696
3411
12151437
-7
-39
66
2223
601
3386
12152462
22
-35
57
2250
542
3363
12145280
73
-27
44
2265
566
3357
12146305
73
-16
37
2272
608
3350
12147330
24
-4
33
2279
615
3307
12148355
-32
3
18
2265
510
3315
12149380
-44
4
-13
2277
422
3393
12150405
-14
10
-39
2276
490
3405
12151430
-9
9
-56
2265
567
3375
12152455
-43
9
-71
2256
600
3377
12153480
-65
7
-83
2224
564
3453
12154505
-61
5
-87
2219
565
3504
12155530
-49
6
-82
2212
654
3463
12156555
-42
3
-70
2217
746
3398
12157580
-33
17
-53
2236
760
3383
12158605
-3
37
-34
2222
713
3364
12159630
36
35
-23
2206
690
3361
12160655
40
22
-15
2203
680
3431
12153473
22
14
-13
2206
661
3491
12154498
5
3
-8
2203
630
3488
12155523
-4
-2
-8
2215
624
3447
12156548
-5
-7
-12
2220
634
3436
12157573
-9
-11
-13
2252
630
3425
12158598
0
-7
-20
2253
593
3397
12159623
15
-10
-26
2213
607
3410
12160648
31
-6
-27
2204
679
3427
12161673
22
1
-11
2186
789
3407
12162698
-13
10
21
2192
828
3388
12163723
-48
5
32
2224
683
3392
12164748
-32
5
27
2216
581
3437
12165773
7
12
24
2219
648
3435
12166798
1
15
32
2202
721
3429
12167823
-31
12
40
2203
665
3405
12168848
-29
15
44
2222
619
3395
12161663
-18
18
40
2220
626
3412
12162688
-18
16
38
2203
580
3475
12163713
4
11
31
2207
586
3491
12164738
20
12
31
2217
678
3463
12165763
-6
7
43
2198
683
3452
12166788
-19
4
54
2214
634
3430
12167813
-9
13
57
2210
643
3420
12168838
-15
22
60
2182
623
3399
12169863
-25
27
55
2211
543
3408
12170888
-17
30
47
2241
580
3405
12171913
-4
29
51
2218
678
3405
12172938
-53
41
64
2201
701
3415
12173963
-117
55
82
2223
664
3429
12174988
-124
64
98
2185
618
3428
12176013
-99
63
100
2168
593
3442
12177038
-81
56
99
2185
551
3439
12169856
-44
58
96
2148
555
3388
12170881
-32
65
95
2177
547
3401
12171906
-31
63
89
2215
516
3433
12172931
2
68
90
2160
543
3444
12173956
35
59
83
2139
455
3475
12174981
77
47
61
2179
403
3556
12176006
127
32
41
2162
426
3604
12177031
160
13
11
2118
411
3599
12178056
166
-7
-34
2188
555
3605
12179081
103
-28
-2
2195
580
3616
12180106
4
-42
17
2176
526
3603
12181131
-38
-54
8
2182
497
3544
12182156
-30
-64
3
2178
497
3468
12183181
18
-66
-6
2186
527
3429
12184206
41
-61
-10
2173
576
3470
12185231
