Device = VHR-0009
time_stamp = 1779782692207
sample_rate = 50
Data format = INT16
TYPE = 6-AXIS IMU RAW DATA
7
-12
1
1754
726
3649
42112
-3
-12
3
1769
710
3663
43137
-8
-9
0
1789
688
3673
44162
-4
-6
1
1786
701
3659
45187
0
-1
4
1763
698
3664
46212
10
1
9
1768
708
3684
47237
-2
-1
10
1776
697
3691
48262
-8
-2
4
1750
688
3709
49287
2
-8
4
1750
687
3712
50312
6
-11
10
1767
704
3684
51337
-3
-10
10
1787
746
3657
52362
-22
-12
10
1793
718
3659
53387
-19
-11
12
1795
676
3657
54412
5
-5
12
1795
669
3638
55437
17
6
9
1764
712
3634
56462
-6
8
8
1773
668
3669
57487
-14
15
7
1784
647
3666
50305
3
24
6
1765
656
3654
51330
20
32
-2
1761
695
3664
52355
18
35
-2
1774
712
3658
53380
9
41
4
1768
704
3664
54405
22
46
13
1745
749
3704
55430
22
40
25
1760
811
3729
56455
-15
26
39
1790
815
3685
57480
-42
24
60
1762
754
3639
58505
-17
33
77
1751
725
3612
59530
21
45
83
1741
701
3726
60555
51
42
88
1671
721
3852
61580
40
26
114
1664
740
3794
62605
4
12
111
1712
805
3752
63630
-44
-13
102
1744
756
3813
64655
-48
-45
103
1726
590
3879
65680
17
-74
90
1673
563
3876
58496
66
-104
83
1704
658
3818
59521
32
-131
72
1763
653
3775
60546
-12
-154
61
1781
611
3772
61571
-22
-176
60
1802
517
3754
62596
25
-186
56
1802
541
3707
63621
61
-196
44
1834
613
3679
64646
59
-214
30
1880
588
3667
65671
57
-222
18
1875
578
3625
66696
62
-215
4
1859
630
3591
67721
50
-206
-1
1878
656
3567
68746
32
-198
-10
1956
657
3547
69771
18
-189
-22
1962
652
3511
70796
13
-175
-26
1961
673
3487
71821
22
-156
-22
1976
681
3476
72846
35
-138
-22
2005
741
3445
73871
7
-113
-21
2000
749
3427
66689
-15
-85
-19
1987
685
3428
67714
-1
-50
-19
1995
724
3426
68739
9
-23
-11
2017
749
3434
69764
1
4
0
2017
724
3435
70789
-2
29
5
1998
729
3469
71814
-12
48
10
1982
714
3489
72839
-15
67
14
1982
701
3500
73864
-12
88
32
1968
720
3522
74889
-20
95
52
1961
716
3479
75914
-29
110
98
1992
736
3219
76939
-43
170
152
2011
780
3237
77964
-129
200
90
1959
639
3855
78989
-137
108
28
1857
329
4321
80014
52
-16
6
1782
404
4086
81039
231
-58
52
1788
830
3621
82064
149
-51
87
1897
947
3335
74880
-68
2
46
2004
597
3395
75905
-95
53
-13
1956
390
3614
76930
61
44
-26
1912
535
3714
77955
141
10
-35
1952
673
3613
78980
95
11
-38
1968
654
3469
80005
6
48
-66
1901
556
3530
81030
11
65
-99
1848
677
3669
82055
25
48
-85
1870
713
3677
83080
28
54
-78
1903
739
3578
84105
46
62
-63
1869
841
3570
85130
4
59
-44
1853
749
3596
86155
-8
65
-49
1844
724
3645
87180
15
56
-49
1843
750
3714
88205
13
30
-51
1851
796
3719
89230
-5
6
-53
1878
856
3650
90255
-36
-5
-38
1871
832
3596
83071
-48
-7
-29
1860
721
3587
84096
-18
2
-36
1868
748
3602
85121
-4
1
-37
1859
814
3627
86146
-31
0
-24
1859
748
3618
87171
-36
11
-13
1850
655
3603
88196
-13
34
-17
1833
636
3639
89221
2
43
-31
1785
745
3693
90246
-30
27
-26
1784
924
3634
91271
-101
17
5
1857
888
3593
92296
-155
32
23
1895
669
3615
93321
-60
47
10
1856
571
3690
94346
60
36
-8
1785
675
3756
95371
73
12
-9
1817
753
3697
96396
-10
13
20
1841
691
3505
97421
-65
79
22
1910
695
3430
98446
-80
117
4
1845
590
3652
91264
-17
95
-11
1713
694
3831
92289
52
32
15
1851
776
3767
93314
41
0
22
1847
722
3672
94339
35
-13
13
1728
737
3724
95364
22
-38
-1
1826
856
3682
96389
-43
-52
27
1813
752
3572
97414
-63
-35
29
1776
621
3627
98439
5
-38
7
1863
687
3728
99464
17
-51
21
1820
684
3628
100489
-16
-32
16
1816
673
3516
101514
-22
-7
3
1861
758
3549
102539
-47
4
7
1871
563
3645
103564
-15
11
-13
1832
626
3706
104589
25
-2
-6
1784
721
3683
105614
4
-15
-17
1842
693
3629
106639
-30
-1
-29
1863
765
3577
99456
-50
14
-8
1772
638
3615
100481
-14
18
-11
1818
644
3669
101506
3
3
-20
1846
720
3694
102531
-12
-12
-21
1826
674
3676
103556
22
-9
-10
1819
677
3669
104581
29
-6
-3
1803
758
3667
105606
-8
-11
0
1835
749
3611
106631
-24
-6
-5
1838
677
3620
107656
2
0
-11
1832
715
3637
108681
11
7
-5
1834
728
3616
109706
10
13
4
1821
685
3642
110731
-2
24
4
1806
699
3630
111756
-22
35
-1
1876
726
3556
112781
-23
71
5
1852
724
3527
113806
5
87
7
1696
659
3755
114831
16
36
-15
1748
630
3913
107648
23
6
-32
1963
810
3611
108673
7
45
2
1762
870
3518
109698
-48
36
25
1563
532
3794
110723
-45
6
-15
1874
656
3785
111748
17
-20
-10
1824
714
3818
112773
21
-54
5
1700
606
3750
113798
40
-67
27
1851
693
3519
114823
54
-56
40
1827
838
3486
115848
-22
-46
60
1770
746
3689
116873
-22
-87
83
1807
688
4028
117898
6
-174
63
1818
612
4019
118923
3
-216
50
1781
457
3413
119948
14
-125
63
1821
646
3083
120973
27
-41
-22
1975
951
3742
121998
-64
-83
-42
2039
790
3803
123023
-45
-129
10
1831
559
3334
115841
76
-37
30
1738
755
3273
116866
72
56
-25
2044
972
3704
117891
-77
35
-3
1986
671
3871
118916
-10
-15
-5
1655
468
3842
119941
81
-12
19
1772
790
3443
120966
-52
33
-1
1963
756
3344
121991
-128
102
-19
1942
626
3529
123016
-66
113
-12
1847
609
3690
124041
-9
77
-9
1852
587
3794
125066
32
36
-24
1827
587
3804
126091
69
2
-32
1796
684
3754
127116
56
-23
-36
1763
769
3750
128141
-3
-37
-33
1796
738
3697
129166
-21
-39
-28
1841
727
3611
130191
-10
-37
-31
1853
752
3625
131216
20
-48
-23
1842
732
3690
124033
47
-67
-10
1858
758
3661
125058
29
-72
2
1874
794
3588
126083
-22
-53
19
1899
781
3485
127108
-35
-29
18
1888
698
3578
128133
-5
-18
14
1870
678
3629
129158
20
-20
12
1856
663
3623
130183
16
-19
1
1870
666
3557
131208
-3
5
0
1894
690
3510
132233
-17
28
-16
1871
710
3604
133258
-26
27
-16
1872
698
3612
134283
-9
24
-22
1847
639
3653
135308
38
18
-38
1826
713
3670
136333
29
9
-37
1854
794
3623
137358
-28
13
-34
1866
795
3608
138383
-52
16
-26
1866
806
3620
139408
-44
13
-3
1857
756
3631
132224
-14
13
17
1837
691
3639
133249
24
16
22
1817
734
3672
134274
13
8
26
1831
728
3661
135299
-17
2
22
1829
685
3654
136324
-16
-10
9
1839
660
3693
137349
5
-22
-3
1845
672
3669
138374
6
-26
-14
1847
744
3614
139399
-18
-25
-21
1852
738
3600
140424
-23
-18
-16
1846
731
3600
141449
-16
-11
-8
1858
688
3598
142474
5
-1
-1
1874
718
3619
143499
15
-2
7
1858
700
3647
144524
4
-3
5
1859
715
3605
145549
-5
2
2
1853
728
3620
146574
-3
1
-3
1843
705
3646
147599
1
-1
-5
1832
712
3599
140611
0
4
-9
1839
721
3633
141636
-1
6
-6
1853
709
3637
142661
-7
11
-5
1857
758
3608
143686
-30
11
-8
1847
705
3636
144711
-18
7
-11
1848
687
3633
145736
5
8
-10
1839
726
3635
146761
2
6
-7
1837
743
3639
147786
-22
5
-7
1848
743
3636
148811
-37
6
-6
1854
717
3616
149836
-21
8
-4
1841
692
3647
150861
3
5
1
1840
710
3645
151886
5
6
6
1845
733
3636
152911
-12
4
6
1837
711
3646
153936
-10
2
6
1830
685
3633
154961
2
5
2
1832
702
3635
155986
1
5
0
1844
720
3644
148608
-2
3
2
1840
696
3649
149633
-3
1
1
1836
700
3651
150658
-2
-2
0
1825
724
3639
151683
-8
-4
2
1838
711
3635
152708
-8
0
2
1841
726
3630
153733
-10
2
1
1840
726
3619
154758
-14
4
2
1847
700
3606
155783
-15
14
0
1839
704
3607
156808
-14
21
-2
1830
709
3616
157833
-16
25
-3
1835
677
3636
158858
-9
27
-8
1835
685
3638
159883
-5
27
-10
1826
688
3661
160908
0
22
-11
1828
708
3654
161933
-7
19
-10
1819
701
3670
162958
-5
15
-10
1810
705
3675
163983
1
11
-9
1809
726
3658
156800
-10
6
-9
1812
731
3651
157825
-9
5
-4
1813
714
3673
158850
-1
4
-2
1805
718
3664
159875
-6
4
-3
1814
753
3653
160900
-18
3
-2
1811
730
3663
161925
-23
1
-2
1809
723
3661
162950
-12
2
2
1804
707
3667
163975
-2
1
3
1803
721
3627
165000
-7
6
6
1829
716
3611
166025
-14
10
2
1820
712
3664
167050
-12
4
3
1812
719
3694
168075
-16
-6
10
1815
671
3665
169100
-6
-6
11
1816
684
3654
170125
7
-6
14
1811
677
3663
171150
10
-4
15
1807
684
3658
172175
4
-4
9
1802
673
3659
164993
5
-8
-1
1812
669
3662
166018
8
-8
-8
1814
689
3628
167043
4
-2
-14
1808
700
3619
168068
-5
5
-20
1814
711
3641
169093
-7
8
-20
1818
715
3643
170118
-3
10
-15
1812
716
3642
171143
2
12
-10
1821
725
3650
172168
4
13
-4
1803
731
3663
173193
0
10
0
1795
729
3654
174218
-2
9
0
1798
744
3654
175243
-13
9
-3
1790
704
3673
176268
-4
7
-9
1790
726
3682
177293
0
1
-5
1799
748
3677
178318
-13
-3
0
1802
739
3667
179343
-19
-4
6
1798
711
3662
180368
-6
-4
11
1795
711
3672
173184
10
-9
20
1802
700
3691
174209
18
-13
27
1804
695
3670
175234
6
-14
22
1805
682
3652
176259
-1
-15
12
1804
682
3653
177284
-1
-20
5
1811
663
3659
178309
8
-17
-3
1811
689
3634
179334
11
-12
-6
1808
695
3628
180359
3
-5
-10
1804
713
3639
181384
-9
-1
-11
1817
714
3623
182409
-8
4
-15
1814
705
3637
183434
2
7
-13
1809
725
3646
184459
4
9
-11
1805
750
3650
185484
-8
11
-8
1811
740
3648
186509
-12
12
-7
1791
715
3657
187534
-2
13
0
1797
709
3665
188559
4
12
5
1803
727
3669
181376
-5
9
3
1795
705
3679
182401
-6
3
-3
1798
694
3685
183426
1
-2
-4
1796
699
3670
184451
6
-2
-4
1793
710
3652
185476
4
-1
-7
1794
712
3649
186501
1
0
-8
1795
722
3668
187526
3
-2
-6
1793
702
3674
188551
12
-2
-2
1788
738
3654
189576
3
-2
-2
1794
716
3668
190601
1
-2
-5
1801
724
3658
191626
-1
-2
-5
1797
716
3637
192651
1
1
-7
1786
711
3654
193676
10
4
-7
1782
741
3668
194701
-2
3
-7
1795
754
3644
195726
-19
6
-8
1798
731
3645
196751
-15
9
-5
1795
722
3657
189568
2
8
-2
1793
727
3669
190593
2
6
1
1784
724
3666
191618
-4
9
0
1778
731
3657
192643
-10
10
0
1777
720
3676
193668
-10
7
0
1784
710
3678
194693
-6
6
-2
1783
692
3668
195718
0
3
-7
1784
709
3684
196743
0
-2
-8
1786
712
3671
197768
-4
-2
-10
1784
724
3655
198793
-8
-2
-11
1788
730
3662
199818
-5
-2
-5
1780
722
3652
200843
6
2
-1
1785
746
3648
201868
-2
5
-1
1775
744
3657
202893
-9
5
-1
1780
711
3658
203918
0
10
-3
1768
729
3660
204943
2
9
-2
1782
731
3678
197759
-6
5
3
1789
713
3661
198784
-6
6
0
1777
735
3655
199809
-8
3
-2
1774
720
3685
200834
-6
2
-2
1770
712
3673
201859
-3
2
-1
1775
714
3673
202884
-3
4
-2
1779
726
3678
203909
-2
2
-2
1779
738
3672
204934
-11
1
-1
1787
731
3664
205959
-14
2
0
1784
714
3661
206984
2
2
2
1770
718
3658
208009
3
3
1
1771
724
3662
209034
-5
7
1
1767
723
3669
210059
-5
6
0
1767
714
3683
211084
-2
5
1
1776
725
3669
212109
-2
5
2
1771
718
3660
213134
-3
6
0
1768
720
3674
205952
-3
4
-4
1772
726
3683
206977
-3
5
-1
1761
723
3669
208002
1
8
-1
1756
736
3671
209027
-4
6
-4
1762
740
3678
210052
-12
4
-3
1767
730
3669
211077
-8
5
-3
1767
728
3675
212102
0
5
0
1756
744
3690
213127
-1
3
7
1763
727
3683
214152
0
2
6
1756
736
3702
215177
-3
-6
6
1750
719
3715
216202
-3
-13
8
1759
706
3693
217227
3
-16
7
1761
727
3687
218252
-2
-20
7
1756
726
3684
219277
-9
-22
4
1769
700
3665
220302
0
-19
2
1767
722
3658
221327
-7
-17
-2
1773
739
3640
214145
-13
-13
-3
1775
704
3638
215170
-2
-6
-2
1770
708
3653
216195
-4
0
-2
1776
740
3644
217220
-9
5
-1
1778
723
3647
218245
-10
12
-2
1770
724
3658
219270
-9
14
-3
1769
716
3663
220295
-4
16
-1
1767
701
3669
221320
-1
20
2
1763
721
3671
222345
-8
20
-1
1771
722
3674
223370
-11
22
-2
1763
701
3673
224395
-5
22
-4
1757
709
3678
225420
1
22
-6
1752
723
3693
226445
-2
18
-3
1751
736
3690
227470
-12
17
-2
1756
743
3675
228495
-23
18
-2
1756
720
3682
229520
-14
18
0
1746
696
3681
222336
3
20
1
1741
711
3685
223361
1
23
0
1742
722
3687
224386
-7
25
-1
1735
711
3681
225411
-7
23
-1
1744
705
3694
226436
1
20
-1
1742
713
3710
227461
5
18
-2
1736
733
3695
228486
-4
17
-1
1734
727
3685
229511
-7
18
-3
1726
723
3705
230536
-1
16
-2
1733
717
3697
231561
-2
16
-1
1739
732
3686
232586
-12
19
-1
1733
728
3687
233611
-13
20
-3
1734
717
3691
234636
-8
21
-1
1728
725
3682
235661
-6
26
-1
1725
731
3694
236686
-8
29
-1
1716
716
3705
237711
-9
30
-1
1715
713
3695
230528
-11
28
-4
1719
701
3730
231553
-6
22
-5
1712
695
3744
232578
1
15
-6
1709
731
3728
233603
-7
9
-5
1710
721
3727
234628
-10
5
-4
1705
696
3734
235653
5
-1
-1
1702
709
3733
236678
11
-4
1
1711
747
3717
237703
-5
-6
0
1709
731
3714
238728
-4
-8
0
1705
717
3720
239753
10
-10
4
1708
724
3728
240778
12
-13
7
1711
736
3726
241803
3
-17
8
1705
736
3730
242828
-2
-22
5
1706
721
3732
243853
1
-26
7
1718
708
3711
244878
11
-26
6
1720
734
3706
245903
2
-29
8
1730
743
3700
238720
-13
-30
11
1729
692
3682
239745
-3
-25
6
1731
699
3683
240770
6
-21
4
1739
714
3685
241795
2
-16
7
1735
696
3668
242820
2
-5
3
1740
718
3669
243845
-3
-2
-2
1733
709
3697
244870
5
-1
0
1722
684
3711
245895
15
2
-2
1726
720
3705
246920
3
-1
-3
1739
729
3698
247945
-3
-3
-3
1730
704
3717
248970
5
-6
-3
1730
721
3707
249995
7
-8
-2
1724
728
3691
251020
3
-8
-5
1716
748
3703
252045
0
-10
-3
1718
733
3712
253070
0
-9
-2
1724
751
3696
254095
-2
-8
1
1727
748
3684
246912
-3
-8
5
1734
736
3696
247937
2
-7
9
1726
729
3697
248962
3
-6
9
1724
728
3698
249987
-1
-6
9
1729
715
3689
251012
-6
-5
8
1730
696
3697
252037
0
-4
3
1736
716
3701
253062
-2
-6
0
1734
701
3708
254087
5
-9
-1
1726
708
3712
255112
9
-9
-3
1730
738
3691
256137
-2
-8
-4
1725
737
3691
257162
-2
-7
-4
1716
725
3709
258187
7
-9
-1
1725
752
3722
259212
4
-12
2
1736
777
3700
260237
0
-14
10
1730
766
3694
261262
-4
-16
14
1725
751
3709
262287
-2
-18
24
1728
718
3689
255105
4
-15
23
1739
722
3677
256130
-4
-14
19
1745
725
3681
257155
-14
-13
15
1743
666
3674
258180
0
-6
7
1739
678
3666
259205
9
-3
2
1746
708
3674
260230
1
-1
-3
1746
700
3673
261255
-4
2
-10
1746
726
3672
262280
-6
2
-12
1742
722
3671
263305
1
7
-12
1732
729
3665
264330
6
14
-14
1735
759
3690
265355
0
16
-6
1729
751
3686
266380
-6
18
-1
1731
752
3687
267405
-7
16
1
1733
734
3720
268430
2
13
5
1714
719
3732
269455
6
7
5
1716
739
3709
270480
-3
1
5
1720
711
3719
263295
-1
0
2
1713
727
3704
264320
-1
-3
-1
1720
746
3707
265345
-8
-8
0
1723
721
3708
266370
-1
-8
2
1733
730
3684
267395
0
-6
5
1738
743
3678
268420
-4
-4
8
1733
730
3692
269445
1
0
8
1722
724
3684
270470
2
3
7
1726
738
3672
271495
-4
6
4
1730
734
3687
272520
-6
9
4
1731
709
3705
273545
-1
8
6
1729
737
3693
274570
-8
6
7
1733
733
3674
275595
-10
8
5
1722
714
3696
276620
-3
11
2
1713
720
3700
277645
-4
14
-1
1719
714
3705
278670
-4
16
-1
1716
731
3708
271489
-5
10
1
1728
713
3726
272514
0
9
-1
1716
702
3713
273539
2
8
-6
1708
747
3704
274564
-5
2
-4
1698
711
3726
275589
6
2
-3
1706
727
3727
276614
8
-3
-1
1725
765
3703
277639
-10
-4
2
1716
738
3700
278664
-8
-4
-2
1704
741
3714
279689
4
-9
5
1698
728
3702
280714
5
-8
9
1710
740
3694
281739
-4
-7
8
1728
753
3703
282764
-12
-7
9
1726
719
3700
283789
-11
-3
7
1719
707
3685
284814
2
1
5
1715
712
3685
285839
3
4
0
1719
719
3692
286864
-5
7
-4
1713
726
3697
279767
-9
10
-7
1711
719
3695
280792
-9
12
-8
1719
718
3683
281817
-2
16
-7
1706
728
3703
282842
-1
12
-9
1708
735
3726
283867
-2
10
-6
1713
730
3706
284892
-6
12
-5
1696
738
3705
285917
-10
12
-6
1701
749
3709
286942
-7
10
1
1709
751
3708
287967
-11
10
4
1711
739
3696
288992
-10
13
3
1704
743
3711
290017
-10
16
6
1690
726
3715
291042
-10
16
4
1688
725
3716
292067
-7
15
3
1696
722
3732
293092
-8
12
5
1708
727
3722
294117
-13
8
2
1700
709
3718
295142
-6
8
2
1690
716
3737
287873
1
5
5
1686
718
3724
288898
-3
3
3
1690
729
3713
289923
-8
3
3
1697
733
3710
290948
-8
4
5
1691
713
3708
291973
1
7
6
1683
733
3709
292998
-5
8
5
1685
730
3711
294023
-10
8
4
1684
709
3713
295048
-1
10
5
1678
713
3720
296073
-3
11
7
1690
725
3721
297098
-7
10
7
1694
701
3723
298123
-3
10
5
1672
718
3729
299148
-2
7
3
1684
723
3722
300173
-6
6
-1
1681
706
3728
301198
-1
5
-2
1670
723
3737
302223
-2
3
3
1679
718
3724
303248
-5
3
5
1684
722
3720
296065
-8
2
3
1688
729
3728
297090
-7
2
2
1679
716
3713
298115
0
4
2
1679
721
3706
299140
0
8
2
1678
727
3723
300165
-3
7
1
1675
711
3739
301190
0
6
0
1670
698
3739
302215
2
6
-1
1674
715
3728
303240
-1
3
-1
1674
717
3725
304265
2
1
-1
1675
710
3745
305290
7
-1
0
1678
717
3738
306315
4
-4
-2
1664
738
3725
307340
-5
-9
-2
1664
713
3728
308365
3
-9
-2
1674
732
3742
309390
2
-9
0
1679
743
3727
310415
-5
-9
2
1682
729
3718
311440
-2
-9
4
1683
731
3719
304257
-1
-9
6
1685
732
3726
305282
1
-9
7
1676
722
3730
306307
3
-9
8
1667
712
3728
307332
2
-10
5
1680
712
3733
308357
0
-11
3
1677
706
3722
309382
-3
-10
1
1681
707
3714
310407
3
-11
-4
1693
711
3725
311432
8
-10
-3
1685
730
3716
312457
3
-7
-4
1683
724
3709
313482
6
-5
-4
1677
737
3718
314507
3
-2
-2
1681
747
3712
315532
-3
-2
-1
1690
728
3717
316557
1
1
0
1686
747
3713
317582
-3
0
0
1680
738
3719
318607
-1
0
2
1680
711
3738
319632
5
-1
4
1672
744
3721
312451
-10
-1
1
1686
743
3700
313476
-13
2
-2
1682
709
3715
314501
-1
4
-2
1666
722
3723
315526
5
6
0
1683
733
3719
316551
2
7
3
1677
737
3710
317576
-10
7
-1
1673
735
3730
318601
-11
6
-1
1673
720
3732
319626
-1
5
-2
1674
723
3721
320651
4
6
0
1670
735
3722
321676
-3
8
0
1670
740
3722
322701
-9
9
-1
1670
728
3732
323726
-8
9
0
1665
720
3734
324751
-1
8
0
1671
717
3720
325776
2
8
2
1672
726
3724
326801
-5
10
1
1668
753
3724
327826
-15
10
-2
1657
705
3729
320640
-10
10
-4
1651
700
3731
321665
-1
12
-5
1658
743
3728
322690
-15
18
-6
1680
731
3715
323715
-32
53
5
1683
688
3674
324740
-13
61
7
1642
770
3704
325765
-20
37
1
1651
721
3801
326790
-2
25
6
1637
704
3801
327815
23
17
12
1595
755
3775
328840
-11
3
9
1627
730
3744
329865
-29
-1
0
1652
679
3735
330890
1
0
2
1662
713
3735
331915
14
1
7
1657
741
3718
332940
10
4
7
1644
737
3749
333965
2
5
5
1633
724
3752
334990
3
9
10
1636
728
3717
336015
-6
17
4
1651
728
3714
328832
-11
21
1
1645
692
3763
329857
6
18
5
1623
723
3752
330882
-1
13
6
1634
696
3734
331907
-3
29
-1
1646
723
3746
332932
-1
44
8
1642
730
3726
333957
-16
52
11
1630
666
3688
334982
-9
58
2
1634
681
3697
336007
6
53
-8
1633
751
3752
337032
2
51
-1
1609
750
3755
338057
-7
60
10
1595
751
3703
339082
-10
75
20
1605
793
3689
340107
-44
84
28
1615
751
3687
341132
-69
92
21
1630
781
3690
342157
-77
102
36
1623
842
3687
343182
-87
110
67
1597
889
3740
344207
-119
118
95
1545
773
3801
337024
-133
120
93
1497
663
3863
338049
-102
110
81
1494
590
3859
339074
-38
105
77
1513
593
3844
340099
-18
100
71
1537
606
3847
341124
-58
88
50
1541
540
3867
342149
-69
68
25
1511
431
3902
343174
-19
37
3
1502
408
3931
344199
22
22
-22
1499
559
3918
345224
7
9
-33
1490
674
3908
346249
-30
-5
-37
1514
642
3832
347274
-26
-1
-38
1495
624
3807
348299
20
2
-31
1503
636
3829
349324
43
7
-20
1550
688
3775
350349
13
17
-8
1522
643
3764
351374
22
40
-8
1508
686
3819
352399
20
73
-7
1605
718
3774
345216
70
80
40
1473
609
3751
346241
190
94
64
1487
590
3774
347266
202
180
57
1686
808
3417
348291
41
290
86
1561
1184
3157
349316
-263
371
78
1644
300
3819
350341
-104
353
-140
780
299
5704
351366
-350
40
-350
51
545
6186
352391
-927
-287
-131
2596
1211
2232
353416
-1200
66
-128
2046
618
1800
354441
-576
248
41
864
-711
3459
355466
718
94
13
1306
193
4290
356491
836
-23
72
1461
907
4914
357516
49
-140
60
1079
539
4563
358541
-88
-271
-52
1083
-535
4397
359566
286
-347
-345
1606
1048
4522
360591
463
-474
-114
2007
2544
3289
353556
-326
-342
218
1413
112
3224
354581
33
-92
-66
924
-522
3545
355606
913
-27
-91
1391
1192
3590
356631
633
2
-56
1648
1231
3943
357656
23
38
-8
1636
1024
3900
358681
-352
2
-6
1649
457
3643
359706
-319
25
-40
1631
438
3584
360731
-134
41
-66
1516
329
3785
361756
179
40
-68
1485
622
3884
362781
291
43
-35
1431
929
3856
363806
134
29
-32
1411
800
3881
364831
12
33
-50
1432
748
3884
365856
-48
30
-46
1432
821
3817
366881
-92
27
-33
1463
801
3810
367906
-56
31
-3
1485
772
3827
368931
9
32
23
1464
786
3847
361600
18
11
23
1457
703
3936
362625
16
-10
13
1446
707
3955
363650
1
-22
27
1430
821
3822
364675
-80
-17
37
1445
761
3749
365700
-90
6
47
1454
583
3793
366725
1
22
32
1452
657
3901
367750
53
-4
21
1469
720
3979
368775
17
-34
19
1465
688
3871
369800
-22
-35
13
1461
686
3712
370825
-43
-3
10
1473
692
3680
371850
-33
25
4
1460
648
3837
372875
15
21
-4
1432
701
3903
373900
40
5
5
1450
784
3835
374925
8
2
11
1458
727
3810
375950
-15
11
19
1474
717
3784
376975
-24
24
29
1475
716
3777
369792
-25
32
30
1481
688
3791
370817
-8
39
25
1477
672
3815
371842
1
53
23
1456
711
3813
372867
-3
63
36
1446
744
3779
373892
-25
70
52
1450
601
3822
374917
13
70
40
1419
622
3958
375942
45
43
44
1414
679
3949
376967
38
26
50
1421
615
3884
377992
54
23
27
1395
589
3944
379017
81
9
16
1348
680
3992
380042
65
-14
22
1357
779
3897
381067
14
-13
26
1434
750
3768
382092
11
13
21
1449
696
3815
383117
33
14
14
1420
734
3882
384142
28
-6
16
1412
726
3877
385167
19
-14
13
1408
706
3909
377983
11
-20
9
1394
698
3912
379008
-5
-26
5
1400
697
3850
380033
-19
-22
3
1437
714
3812
381058
-20
-16
3
1455
705
3818
382083
-9
-15
-3
1454
691
3853
383108
0
-15
-1
1429
744
3836
384133
-21
-18
-2
1416
687
3841
385158
-17
-16
-10
1420
663
3883
386183
5
-20
-7
1416
737
3891
387208
-7
-33
0
1430
715
3881
388233
-11
-39
3
1447
717
3846
389258
-9
-34
9
1449
717
3804
390283
-17
-22
12
1454
714
3805
391308
-7
-20
18
1462
671
3864
392333
8
-25
12
1458
669
3866
393358
6
-21
4
1474
703
3816
386176
28
-6
14
1477
676
3732
387201
56
20
24
1489
769
3632
388226
35
68
21
1519
617
3724
389251
84
152
-15
1598
558
3725
390276
201
276
-12
1518
1091
3462
391301
10
374
53
1445
1518
3590
392326
-367
310
88
1378
976
3587
393351
-517
304
114
625
197
4579
394376
-425
197
-155
641
59
5957
395401
-295
-126
-18
2409
1022
3300
396426
-502
73
73
1607
874
2526
397451
-501
161
74
896
-89
3376
398476
195
57
47
1377
-38
4154
399501
648
56
71
1390
819
4306
400526
173
18
177
1039
760
4043
401551
-166
-45
78
964
110
4348
394368
20
-176
-76
1132
3
4961
395393
252
-407
-136
1358
435
4871
396418
245
-543
-8
1897
2059
2918
397443
-451
-384
83
1663
693
3318
398468
12
-189
-19
1027
-247
4297
399493
954
-193
58
1057
926
3932
400518
444
-162
108
1396
1277
3482
401543
-305
-60
26
1665
722
3499
402568
-529
2
-17
1720
523
3515
403593
-300
30
31
1617
286
3711
404618
117
21
16
1492
324
4088
405643
333
-25
-3
1434
643
4029
406668
224
-54
-12
1465
826
3690
407693
-9
-7
-22
1478
789
3596
408718
-137
44
-14
1457
581
3750
409743
-64
55
-27
1447
547
3961
402559
74
31
-29
1445
660
3938
403584
83
15
-14
1473
734
3710
404609
21
38
-29
1474
723
3762
405634
-11
51
-28
1477
651
3863
406659
20
47
-18
1457
643
3955
407684
51
17
-9
1426
610
3951
408709
64
1
-16
1406
727
3869
409734
24
1
-10
1380
721
3874
410759
0
-4
-11
1397
689
3901
411784
-2
-16
-12
1444
687
3918
412809
-12
-31
-14
1474
658
3874
413834
25
-38
-8
1471
692
3826
414859
37
-44
-7
1440
752
3819
415884
-7
-43
-4
1440
714
3831
416909
-29
-28
-11
1447
645
3820
417934
4
-13
-17
1454
693
3818
410752
7
-11
-10
1475
691
3784
411777
1
2
-2
1504
727
3713
412802
-17
25
0
1491
682
3776
413827
-4
33
-6
1447
689
3875
414852
17
24
2
1429
694
3868
415877
13
23
1
1427
689
3834
416902
3
32
-2
1436
704
3827
417927
-11
34
0
1439
696
3839
418952
-14
33
-4
1442
651
3872
419977
14
26
-9
1416
662
3901
421002
32
10
-8
1414
688
3905
422027
25
-8
-5
1421
720
3869
423052
7
-2
0
1447
756
3797
424077
-12
17
4
1445
739
3785
425102
-26
31
8
1444
691
3779
426127
-14
49
3
1429
725
3819
418944
-17
47
1
1403
647
3923
419969
-4
27
-1
1397
655
3917
420994
10
10
2
1394
718
3878
422019
-13
7
5
1401
698
3890
423044
-26
4
0
1406
710
3878
424069
-25
3
1
1405
673
3900
425094
-3
-7
-2
1397
688
3913
426119
6
-20
2
1395
728
3869
427144
-14
-23
6
1418
728
3827
428169
-25
-13
10
1425
705
3831
429194
-9
-9
15
1422
688
3857
430219
-4
-4
14
1421
692
3830
431244
-1
5
14
1412
696
3835
432269
-10
10
13
1417
674
3842
433294
-17
15
12
1426
659
3840
434319
-15
16
5
1411
659
3889
427136
-11
9
3
1425
677
3859
428161
-36
29
-1
1441
743
3745
429186
-93
65
-2
1443
728
3701
430211
-47
75
16
1408
474
3855
431236
123
62
1
1385
516
3998
432261
190
86
-22
1444
696
3864
433286
53
196
-1
1556
934
3434
434311
-111
292
65
1385
1155
3335
435336
-406
290
106
1255
777
3819
436361
-199
223
28
1357
167
4608
437386
261
113
-68
750
963
5259
438411
331
-71
29
487
745
5265
439436
-843
-127
98
2048
619
2488
440461
-1135
32
-45
1954
622
2328
441486
-153
58
24
1038
-55
4411
442511
681
-124
100
994
175
4607
435328
547
-220
194
1408
854
3662
436353
-90
-198
123
1142
323
4674
437378
-159
-318
-162
1070
-71
4913
438403
351
-456
-135
1624
1096
4143
439428
250
-518
89
1910
1890
3106
440453
-223
-348
170
1438
223
3289
441478
58
-134
36
1219
235
3327
442503
494
30
48
1349
1261
3409
443528
201
108
137
1584
963
3627
444553
-172
126
95
1756
402
3811
445578
-249
103
23
1672
241
4020
446603
-52
37
19
1479
320
4150
447628
133
-20
45
1342
474
4118
448653
94
-42
28
1373
620
3819
449678
-14
-28
-10
1428
645
3740
450703
-29
-16
-35
1462
546
3814
443520
59
-12
-35
1515
693
3815
444545
59
-23
-48
1534
801
3823
445570
-25
-17
-49
1507
780
3743
446595
-45
17
-19
1463
784
3691
447620
-6
50
17
1439
833
3795
448645
-72
53
30
1478
668
3900
449670
-64
33
33
1498
583
3938
450695
-46
36
53
1514
624
3768
451720
-63
85
96
1542
810
3608
452745
-132
107
145
1536
697
3659
453770
-138
130
142
1482
562
3786
454795
-116
146
117
1458
416
3743
455820
-75
184
66
1426
391
3657
456845
16
221
19
1342
515
3815
457870
67
231
6
1315
597
4007
458895
7
208
-7
1332
493
4063
451712
-42
175
-33
1346
459
4037
452737
-56
146
-36
1316
460
4020
453762
-38
119
-32
1273
483
4091
454787
-23
92
-32
1268
530
4058
455812
-44
72
-41
1299
557
3942
456837
-70
68
-65
1293
538
3915
457862
-52
70
-79
1276
462
3956
458887
7
69
-85
1271
508
3988
459912
40
56
-74
1271
562
4022
460937
24
42
-74
1290
581
4025
461962
6
38
-68
1282
636
3982
462987
-17
27
-55
1258
561
3975
464012
1
18
-55
1246
567
4003
465037
44
5
-46
1233
621
4043
466062
50
-7
-28
1236
630
4023
467087
19
-19
-21
1241
572
3980
459904
-8
-18
-7
1285
525
3826
460929
-35
9
4
1295
526
3752
461954
-63
39
-23
1312
497
3865
462979
-65
49
-63
1315
494
3960
464004
-29
54
-80
1253
537
3969
465029
23
47
-87
1240
535
3945
466054
69
50
-96
1238
645
3938
467079
51
52
-92
1223
745
3935
468104
11
49
-77
1216
699
3990
469129
9
41
-59
1222
698
3989
470154
22
36
-36
1198
722
4004
471179
37
30
-14
1185
705
4014
472204
47
20
6
1176
707
4003
473229
19
14
21
1188
690
3974
474254
2
8
24
1196
647
4048
475279
12
-11
20
1200
646
4088
468096
27
-34
21
1202
683
4038
469121
19
-53
23
1199
694
4002
470146
6
-65
31
1198
656
3925
471171
-2
-53
39
1215
653
3892
472196
-8
-42
38
1229
644
3928
473221
-8
-36
50
1237
596
3949
474246
13
-36
55
1240
619
3963
475271
8
-38
61
1268
602
3969
476296
-16
-41
53
1266
556
3958
477321
-9
-41
45
1269
554
3935
478346
22
-40
44
1249
547
3932
479371
46
-33
36
1239
636
3934
480396
15
-38
39
1269
593
3873
481421
-35
-20
10
1305
539
3820
482446
-44
38
-13
1406
658
3671
483471
-64
142
23
1459
576
3263
476288
119
206
70
1320
277
3865
477313
407
252
-30
1190
738
4068
478338
146
328
-13
1241
1364
3779
479363
-268
259
61
1236
365
3471
480388
-122
220
12
548
116
5236
481413
156
-41
-315
-6
371
6985
482438
-174
-369
-19
1846
1480
3538
483463
-852
-186
37
1994
1211
2042
484488
-629
31
79
959
-194
3284
485513
204
-41
40
750
81
4516
486538
603
-176
112
1176
843
4281
487563
108
-185
177
1245
624
3818
488588
-273
-198
-17
787
-281
5134
489613
-7
-505
-206
1142
-211
5139
490638
388
-722
-275
1832
1632
4214
491663
76
-752
42
1937
1952
3200
484480
-181
-543
244
1095
-181
3208
485505
331
-288
65
850
559
3158
486530
367
-132
41
1319
903
3413
487555
121
-50
-4
1638
648
3816
488580
17
-65
-8
1668
480
4093
489605
-38
-139
-18
1687
240
4020
490630
92
-192
-27
1605
286
3875
491655
266
-205
-68
1461
489
3831
492680
263
-202
-105
1495
645
3700
493705
117
-169
-139
1541
729
3620
494730
-7
-151
-179
1573
673
3699
495755
-34
-138
-183
1623
747
3699
496780
29
-124
-150
1611
829
3704
497805
90
-90
-115
1561
886
3669
498830
73
-68
-99
1524
867
3605
499855
9
-26
-100
1605
865
3508
492711
0
14
-102
1638
898
3675
493736
9
39
-63
1719
980
3691
494761
32
58
33
1705
1069
3683
495786
10
58
112
1607
966
3685
496811
-10
72
140
1560
905
3678
497836
-2
87
139
1467
840
3741
498861
26
99
131
1405
808
3754
499886
14
124
107
1427
782
3756
500911
-67
147
82
1517
711
3750
501936
-102
150
67
1556
562
3852
502961
-52
120
49
1563
552
3960
503986
-1
76
43
1535
607
3937
505011
19
48
41
1486
632
3880
506036
2
45
22
1448
615
3857
507061
8
36
6
1445
670
3852
508086
13
24
0
1446
668
3886
500864
20
11
-14
1459
702
3919
501889
24
-6
-16
1474
755
3885
502914
10
-14
-11
1474
783
3804
503939
-4
-10
-10
1476
787
3810
504964
1
-11
-5
1487
767
3837
505989
11
-16
1
1501
762
3812
507014
2
-14
5
1508
766
3773
508039
-9
-9
6
1506
754
3774
509064
-7
0
7
1496
746
3769
510089
-9
14
8
1486
723
3752
511114
-17
28
6
1487
693
3763
512139
-12
38
-2
1491
712
3803
513164
-11
43
-4
1498
695
3834
514189
-12
43
-8
1465
681
3853
515214
-7
33
-17
1450
701
3860
516239
-1
20
-21
1450
707
3865
509057
5
9
-22
1445
735
3880
510082
3
-3
-23
1454
768
3883
511107
-5
-12
-17
1462
778
3856
512132
-12
-17
-10
1466
796
3828
513157
-16
-18
-1
1466
748
3838
514182
-2
-24
3
1477
753
3846
515207
3
-29
8
1483
776
3807
516232
-13
-27
10
1492
775
3775
517257
-27
-17
11
1494
718
3751
518282
-27
2
7
1485
707
3748
519307
-17
13
-2
1471
691
3822
520332
6
10
-4
1448
708
3879
521357
10
0
0
1445
731
3866
522382
-14
-5
-5
1465
693
3853
523407
-16
-12
-11
1470
699
3846
524432
-7
-16
-15
1469
756
3841
517248
-15
-23
-12
1474
737
3826
518273
-4
-26
-11
1473
721
3817
519298
5
-17
-10
1489
845
3795
520323
-20
1
3
1533
765
3770
521348
-1
41
23
1584
556
3724
522373
155
97
13
1591
647
3842
523398
359
138
27
1494
792
3813
524423
135
218
-9
1111
1667
3494
525448
-404
188
132
1551
1271
2916
526473
-463
297
103
848
-178
5076
527498
-2
48
-189
1304
517
5517
528523
-249
-212
111
2323
1137
3063
529548
-422
-18
65
1483
1166
2904
530573
-433
62
141
1015
-309
3701
531598
124
-18
11
1285
47
3934
532623
422
-21
64
1437
886
4027
525440
-11
-114
147
1064
362
4249
526465
-173
-249
25
1276
-57
4253
527490
231
-317
-167
1189
-187
5387
528515
313
-590
-255
1678
757
4552
529540
179
-776
-226
2439
2625
2887
530565
-67
-578
146
1556
1084
3073
531590
22
-299
159
1008
127
3365
532615
472
-139
74
1393
1306
3229
533640
125
-14
109
1734
1108
3218
534665
-246
90
69
1843
669
3485
535690
-229
97
39
1845
508
3798
536715
-58
47
57
1837
482
3908
537740
95
2
77
1699
415
3846
538765
153
-9
47
1614
606
3649
539790
30
22
5
1615
678
3614
540815
-90
54
-30
1615
597
3718
533633
-57
50
-40
1644
582
3831
534658
34
38
-29
1628
726
3825
535683
25
42
-17
1602
843
3650
536708
-43
73
-14
1600
796
3567
537733
-58
99
-13
1630
690
3689
538758
-15
96
-16
1641
712
3840
539783
35
66
-6
1610
736
3929
540808
28
51
14
1611
723
3790
541833
32
44
22
1548
739
3818
542858
21
33
30
1530
674
3804
543883
15
39
27
1518
734
3823
544908
1
20
12
1527
689
3937
545933
4
-5
4
1577
671
3875
546958
20
-14
3
1580
728
3784
547983
10
-25
6
1608
782
3737
549008
-52
-22
6
1615
744
3689
541824
-56
-5
7
1595
737
3717
542849
-23
9
18
1579
726
3715
543874
-16
21
17
1579
657
3724
544899
-4
41
10
1583
602
3742
545924
25
47
6
1577
643
3792
546949
2
35
-2
1578
648
3803
547974
-22
24
-14
1571
663
3807
548999
-15
18
-23
1566
698
3811
550024
-1
11
-20
1546
690
3823
551049
12
8
-24
1542
697
3822
552074
12
3
-22
1548
734
3817
553099
3
3
-22
1557
784
3799
554124
-21
1
-17
1582
788
3756
555149
-33
6
-11
1585
735
3730
556174
-11
22
1
1566
701
3730
557199
20
39
15
1542
724
3765
550016
10
39
24
1541
750
3808
551041
-26
37
23
1525
736
3878
552066
-48
17
14
1505
688
3883
553091
-44
-1
6
1519
646
3826
554116
-14
-9
-8
1531
669
3833
555141
6
-16
-13
1539
735
3855
556166
-2
-24
0
1531
748
3857
557191
-14
-40
15
1547
688
3813
558216
-4
-34
23
1586
725
3756
559241
-12
-24
32
1588
751
3754
560266
-35
-27
40
1578
655
3761
561291
-14
-24
36
1556
637
3771
562316
5
-23
27
1550
649
3800
563341
2
-22
20
1566
666
3783
564366
-7
-14
19
1583
658
3775
565391
-3
-12
12
1570
649
3799
558208
4
-16
6
1573
670
3788
559233
7
-21
0
1571
675
3798
560258
18
-24
-1
1562
698
3799
561283
16
-23
3
1568
718
3770
562308
-5
-21
4
1572
702
3748
563333
-15
-14
6
1579
694
3743
564358
-14
-1
9
1607
751
3715
565383
-28
9
12
1612
685
3746
566408
-6
36
16
1625
635
3708
567433
38
43
32
1526
625
3704
568458
94
58
23
1619
740
3697
569483
124
116
48
1738
706
3623
570508
200
240
74
1713
957
3519
571533
165
331
98
1500
1644
3499
572558
-88
358
247
1585
820
3023
573583
-161
469
169
1128
92
3995
566399
-213
319
-190
55
-165
6687
567424
-12
-188
-63
2446
582
3959
568449
-11
-57
169
2274
1532
2384
569474
-465
94
61
798
830
3591
570499
-346
-142
44
1136
-487
4501
571524
454
-207
-4
1340
274
4359
572549
501
-206
121
1418
1083
3726
573574
-72
-224
41
1317
326
4227
574599
-176
-339
-150
1626
76
3980
575624
287
-377
-138
1877
1287
4138
576649
245
-403
27
1822
1631
3455
577674
-101
-341
138
1480
490
3421
578699
116
-177
49
1249
731
3471
579724
86
-80
65
1594
816
3366
580749
-63
7
15
1765
883
3598
581774
-78
17
16
1711
756
3997
574592
-74
-23
89
1828
684
3767
575617
-71
-43
116
1680
719
3699
576642
-39
-76
102
1517
489
3925
577667
43
-114
79
1537
410
3909
578692
69
-130
45
1625
587
3757
579717
-9
-119
14
1725
614
3730
580742
-25
-120
9
1735
563
3764
581767
50
-130
6
1686
602
3781
582792
64
-136
-10
1666
699
3662
583817
-1
-112
-24
1734
779
3455
584842
-48
-54
-40
1787
766
3533
585867
-36
-21
-35
1778
685
3692
586892
7
-23
-15
1764
698
3694
587917
6
-25
-3
1746
736
3640
588942
-18
-7
11
1727
757
3560
589967
-49
35
22
1720
707
3577
582784
-55
57
19
1719
674
3701
583809
-66
68
10
1749
661
3674
584834
-66
98
-1
1739
665
3655
585859
-15
100
10
1699
625
3770
586884
23
70
13
1661
532
3911
587909
43
32
-6
1625
544
3922
588934
47
-7
-18
1648
626
3864
589959
23
-22
-21
1692
714
3758
590984
-10
-23
-12
1699
700
3693
592009
-9
-22
-9
1686
641
3746
593034
31
-23
-6
1666
668
3780
594059
64
-27
5
1693
730
3730
595084
39
-30
9
1705
714
3729
596109
3
-33
7
1694
682
3727
597134
5
-38
6
1696
688
3738
598159
9
-44
10
1717
671
3695
590976
22
-37
8
1717
706
3685
592001
20
-25
9
1724
735
3660
593026
8
-12
13
1712
716
3677
594051
2
-2
19
1725
676
3670
595076
3
8
14
1735
702
3654
596101
-14
20
14
1733
666
3650
597126
-6
31
13
1723
631
3672
598151
17
39
4
1713
653
3710
599176
17
45
7
1704
669
3712
600201
6
52
2
1692
671
3733
601226
17
47
3
1658
678
3783
602251
23
25
-3
1656
671
3835
603276
26
6
-9
1656
693
3825
604301
38
-15
-7
1666
747
3773
605326
24
-28
-3
1682
781
3774
606351
-8
-35
5
1683
721
3824
599168
11
-42
21
1649
728
3824
600193
4
-63
35
1649
796
3761
601218
-27
-75
46
1708
778
3685
602243
-69
-60
52
1745
728
3591
603268
-68
-33
51
1753
677
3578
604293
-26
-10
43
1757
620
3613
605318
19
12
43
1761
657
3549
606343
6
46
37
1766
727
3545
607368
-41
72
28
1753
637
3665
608393
-17
83
22
1702
611
3772
609418
25
75
24
1697
647
3790
610443
34
86
24
1781
617
3684
611468
48
160
18
1775
622
3722
612493
115
279
-6
1637
691
3929
613518
37
292
-43
1443
1085
3541
614543
-364
296
-12
1595
1016
2933
607359
-314
340
-20
1382
764
3616
608384
-571
253
-101
1289
44
5327
609409
-459
-30
-173
1977
231
4661
610434
9
-33
78
1718
688
3082
611459
-106
19
121
1434
601
2994
612484
-47
-68
137
1473
267
4131
613509
146
-200
60
1173
233
4692
614534
71
-326
12
1308
106
4474
615559
202
-393
-70
1729
-216
4255
616584
203
-452
-347
2000
1443
3974
617609
-7
-535
-36
2260
1939
2725
618634
-175
-302
116
1191
612
3420
619659
102
-160
138
1530
855
3323
620684
199
-79
87
1782
-25
3582
621709
591
-8
6
1736
978
3576
622734
240
-3
68
1940
992
3490
615552
-183
36
49
2038
464
3602
616577
-158
49
30
1816
334
3811
617602
35
8
39
1686
476
3901
618627
94
-32
40
1684
613
3772
619652
57
-35
11
1695
687
3691
620677
-15
-15
-4
1767
641
3619
621702
-5
11
-5
1778
612
3633
622727
12
17
-8
1771
549
3630
623752
31
19
-26
1757
639
3688
624777
35
8
-29
1739
688
3697
625802
29
25
-27
1764
696
3660
626827
12
57
-17
1756
706
3607
627852
-7
64
-13
1768
668
3596
628877
-17
79
-7
1786
686
3609
629902
12
86
-7
1744
686
3743
630927
23
82
-4
1688
713
3786
623744
8
69
-8
1653
717
3789
624769
-15
76
-4
1681
749
3664
625794
-57
98
6
1726
688
3615
626819
-54
113
-4
1724
655
3734
627844
-26
98
5
1706
656
3787
628869
-22
82
6
1675
642
3781
629894
-5
69
-3
1635
672
3824
630919
-1
53
7
1633
707
3795
631944
-25
51
22
1648
669
3747
632969
-19
60
27
1660
679
3748
633994
-1
65
33
1649
697
3781
635019
-7
61
42
1653
675
3736
636044
-9
65
40
1634
661
3772
637069
8
59
40
1607
620
3838
638094
17
49
45
1613
607
3833
639119
12
39
38
1619
631
3836
631935
0
28
34
1623
640
3840
632960
-16
12
27
1598
593
3802
633985
-4
6
15
1594
613
3794
635010
-2
4
2
1603
635
3790
636035
-4
-3
-1
1622
651
3792
637060
-10
-9
0
1618
666
3814
638085
-5
-18
7
1611
694
3842
639110
-9
-32
20
1602
668
3830
640135
-18
-40
23
1625
665
3779
641160
-20
-40
26
1637
691
3759
642185
-27
-39
35
1644
637
3763
643210
-12
-42
39
1647
612
3802
644235
1
-48
42
1642
642
3780
645260
-10
-54
47
1635
608
3768
646285
-11
-59
39
1656
570
3766
647310
4
-58
30
1669
581
3759
640128
14
-60
26
1670
588
3764
641153
19
-59
20
1678
596
3760
642178
17
-59
16
1689
617
3734
643203
3
-52
11
1690
599
3710
644228
2
-45
-2
1685
611
3730
645253
6
-43
-3
1695
637
3714
646278
-4
-38
-2
1702
651
3693
647303
-12
-30
-4
1711
630
3714
648328
-11
-20
-3
1716
620
3702
649353
-6
-9
0
1712
613
3689
650378
-13
10
1
1722
624
3653
651403
-24
48
-2
1783
594
3599
652428
-67
112
11
1788
482
3290
653453
-34
213
6
1826
589
3170
654478
125
356
-7
1796
589
3646
655503
364
371
-46
1465
1458
4327
648320
103
206
166
1577
1629
3576
649345
-468
191
298
1638
96
3165
650370
-29
289
-64
564
-250
5903
651395
92
-16
-149
1346
422
5278
652420
-370
-214
23
2466
852
2569
653445
-540
6
23
1560
1104
2600
654470
-270
-25
112
1391
-80
3772
655495
368
-106
59
1434
-510
4364
656520
699
-83
4
1506
814
3864
657545
11
-86
-25
1452
341
4437
658570
-311
-259
-314
1491
-183
5014
659595
367
-449
-289
2171
1811
3394
660620
175
-438
88
1738
1680
3045
661645
-100
-211
173
1345
542
2857
662670
23
16
43
1552
144
3291
663695
409
105
-75
1695
909
3779
656512
315
75
-20
1807
960
3874
657537
-70
65
22
1899
749
3762
658562
-234
58
36
1788
364
3697
659587
-70
55
19
1612
517
3786
660612
39
46
28
1556
627
3691
661637
38
62
8
1644
653
3762
662662
9
54
-31
1681
535
3852
663687
39
46
-39
1647
652
3834
664712
43
17
-41
1612
652
3830
665737
-6
32
-27
1635
720
3591
666762
-29
66
-40
1622
770
3683
667787
-26
65
-50
1622
689
3822
668812
20
52
-37
1615
739
3862
669837
29
21
-21
1618
717
3835
670862
15
8
-5
1616
756
3775
671887
-3
11
9
1606
749
3748
664704
-28
27
15
1603
770
3726
665729
-44
32
21
1599
725
3772
666754
-38
30
24
1608
633
3796
667779
-5
30
22
1630
601
3766
668804
12
28
14
1611
682
3787
669829
-8
19
11
1598
684
3821
670854
-29
5
12
1578
577
3841
671879
-3
-6
-6
1559
613
3852
672904
14
-18
-13
1578
667
3804
673929
2
-15
-12
1607
699
3740
674954
-16
-13
-15
1621
701
3753
675979
-17
-13
-13
1611
696
3783
677004
-12
-6
-3
1616
728
3724
678029
-12
-5
4
1611
737
3732
679054
-26
4
11
1611
677
3752
680079
-22
16
14
1592
692
3765
672896
-27
10
16
1593
608
3804
673921
-7
5
8
1599
622
3797
674946
0
8
4
1597
712
3770
675971
-31
5
7
1593
639
3770
676996
-23
6
5
1607
617
3775
678021
-7
15
2
1608
659
3759
679046
-14
18
-2
1601
701
3730
680071
-37
18
-4
1600
595
3754
681096
-5
14
-19
1589
593
3834
682121
23
-2
-19
1578
672
3838
683146
10
-10
-16
1578
678
3804
684171
2
-11
-16
1585
698
3799
685196
-6
-12
-11
1584
724
3798
686221
-7
-16
-5
1590
708
3768
687246
0
-17
5
1594
652
3761
688271
19
-12
6
1604
687
3761
681088
13
-8
5
1606
729
3766
682113
-13
-4
11
1594
655
3762
683138
-1
2
9
1588
645
3779
684163
12
2
9
1590
685
3778
685188
-3
5
12
1622
681
3726
686213
-6
15
8
1624
658
3748
687238
7
17
14
1560
632
3778
688263
22
16
11
1591
665
3791
689288
6
19
0
1622
639
3784
690313
28
29
5
1564
666
3784
691338
61
29
10
1592
652
3813
692363
94
40
16
1616
669
3784
693388
178
83
26
1658
774
3679
694413
188
176
70
1697
921
3281
695438
-8
299
118
1678
1043
3103
696463
-138
355
73
1726
618
3861
689280
81
322
67
1564
1034
3582
690305
46
303
35
64
264
5920
691330
-511
-45
-192
1454
25
4981
692355
-570
-115
-46
2735
1279
2346
693380
-584
186
-22
1379
864
2849
694405
-422
141
5
865
-284
4014
695430
498
-63
-78
1501
52
4547
696455
581
-71
81
1434
943
3920
697480
-143
-100
98
1251
374
3722
698505
-153
-169
-209
1180
-355
5164
699530
449
-433
-246
1429
336
4796
700555
444
-581
-180
1979
1999
3657
701580
-151
-566
-5
1955
1993
2903
702605
-268
-330
193
1271
199
3054
703630
104
-74
72
1236
278
3289
704655
323
47
-23
1714
1170
3516
697471
43
93
15
1849
1024
3606
698496
-194
99
83
1809
638
3714
699521
-206
76
67
1711
318
3978
700546
-18
24
46
1545
342
4008
701571
118
-16
18
1474
606
3825
702596
79
-10
4
1573
741
3701
703621
-36
33
-5
1633
653
3730
704646
-63
37
-8
1628
530
3807
705671
8
9
-24
1581
550
3878
706696
57
-15
-32
1552
646
3825
707721
60
-19
-41
1553
728
3793
708746
20
-10
-34
1582
751
3804
709771
-9
-15
-25
1620
756
3769
710796
-8
-19
-7
1641
744
3738
711821
14
-16
8
1636
734
3747
712846
28
-11
25
1588
758
3734
705913
-2
3
29
1570
702
3704
706938
-14
39
28
1589
729
3716
707963
-27
45
23
1591
660
3840
708988
-26
32
21
1609
608
3829
710013
1
19
14
1602
597
3792
711038
6
13
2
1606
642
3751
712063
4
20
1
1590
678
3754
713088
-7
25
-5
1552
676
3801
714113
-21
23
-8
1563
643
3811
715138
-3
17
-16
1567
649
3839
716163
8
6
-18
1575
678
3828
717188
-5
1
-11
1585
721
3764
718213
-18
4
-4
1590
696
3770
719238
-16
9
-2
1567
671
3805
720263
0
7
-2
1548
669
3810
721288
11
4
1
1563
691
3793
713856
-6
7
5
1582
697
3765
714881
-22
9
5
1577
698
3800
715906
-19
3
10
1565
656
3823
716931
0
-1
7
1555
639
3824
717956
10
-5
2
1557
686
3787
718981
-5
-6
4
1572
686
3774
720006
-19
-3
2
1574
678
3813
721031
-8
-6
5
1564
646
3823
722056
4
-6
4
1563
689
3772
723081
-20
-2
-1
1577
689
3770
724106
-41
6
-5
1581
678
3767
725131
-34
12
0
1588
670
3768
726156
-27
13
0
1559
622
3797
727181
-6
7
-6
1555
635
3794
728206
13
1
-10
1564
664
3821
729231
6
1
-8
1562
699
3797
722047
-21
2
5
1571
647
3740
723072
-20
8
2
1581
625
3782
724097
14
4
-2
1564
671
3813
725122
21
0
1
1563
681
3817
726147
0
-3
-7
1559
677
3821
727172
-9
1
-6
1554
695
3802
728197
-14
14
-3
1582
679
3749
729222
-14
39
5
1604
630
3675
730247
37
74
10
1637
632
3736
731272
149
129
9
1584
764
3891
732297
198
193
19
1590
1156
3717
733322
-21
238
92
1591
1154
3074
734347
-418
344
160
1603
584
2409
735372
-391
446
-5
1036
135
4979
736397
63
140
-219
908
259
6790
737422
9
-210
65
2052
752
3602
730240
-423
7
102
1808
1341
1830
731265
-567
179
88
1144
191
3179
732290
-68
78
52
1118
-322
4766
733315
539
-82
39
1345
585
4714
734340
319
-137
139
1330
482
4082
735365
-64
-181
11
1361
257
3974
736390
-136
-283
-148
1365
-274
4487
737415
225
-456
-319
1724
1107
4454
738440
288
-555
-17
2018
1921
3260
739465
-201
-364
114
1322
735
3111
740490
-163
-145
46
1267
359
3144
741515
134
8
-31
1646
619
3334
742540
201
73
-41
1767
844
3631
743565
56
90
4
1819
816
3716
744590
-92
94
20
1769
533
3878
745615
-25
59
20
1555
390
4030
738432
122
24
32
1413
574
3914
739457
82
13
16
1480
666
3791
740482
-15
25
-19
1564
616
3813
741507
-6
16
-30
1597
626
3851
742532
22
2
-16
1583
679
3784
743557
14
7
-10
1565
656
3726
744582
7
29
-12
1541
673
3776
745607
7
40
-15
1558
651
3805
746632
16
38
-17
1566
697
3843
747657
4
19
-5
1596
670
3821
748682
12
13
8
1583
692
3786
749707
13
23
23
1530
733
3732
750732
-17
27
18
1495
682
3819
751757
-26
28
11
1514
615
3884
752782
12
22
4
1542
649
3883
753807
11
11
11
1564
674
3814
746623
-19
7
17
1573
654
3756
747648
-18
9
13
1549
636
3838
748673
6
-2
8
1507
607
3892
749698
26
-12
6
1501
665
3822
750723
-3
-11
1
1533
682
3771
751748
-34
-6
-5
1573
632
3806
752773
-16
-7
-5
1566
653
3825
753798
-2
-12
4
1540
669
3830
754823
9
-22
5
1530
619
3835
755848
19
-22
3
1538
650
3783
756873
7
-13
0
1545
682
3774
757898
-9
-5
1
1554
692
3785
758923
-17
-1
3
1554
633
3791
759948
-2
1
-1
1553
618
3800
760973
19
1
-2
1547
672
3809
761998
5
1
3
1543
675
3783
754816
-9
8
3
1540
656
3782
755841
-12
9
-4
1537
629
3836
756866
2
5
-5
1528
639
3825
757891
13
2
-6
1528
671
3817
758916
-6
-1
-5
1545
669
3806
759941
-15
-2
-6
1536
661
3825
760966
-7
-6
-6
1537
669
3831
761991
-4
-10
-2
1541
661
3781
763016
-6
-2
1
1558
682
3759
764041
-21
9
2
1555
620
3780
765066
-12
9
-10
1527
608
3848
766091
11
3
-11
1525
605
3858
767116
26
1
-7
1533
666
3826
768141
12
-4
-5
1542
679
3762
769166
21
8
-3
1561
715
3756
770191
15
18
0
1523
749
3823
763008
-12
10
7
1533
677
3827
764033
-3
10
13
1531
699
3793
765058
-10
11
18
1526
685
3805
766083
-15
10
18
1528
628
3827
767108
-3
11
13
1528
653
3820
768133
-1
5
8
1532
656
3832
769158
3
-1
11
1531
635
3832
770183
5
-1
6
1519
652
3818
771208
-5
1
2
1526
651
3799
772233
-6
4
-2
1533
652
3785
773258
3
8
-5
1534
696
3809
774283
-7
4
0
1530
678
3818
775308
-9
9
3
1537
667
3782
776333
-13
30
0
1577
616
3790
777358
23
63
10
1600
544
3651
778383
119
122
21
1554
764
3609
771200
205
212
63
1684
851
3529
772225
283
290
80
1315
1083
3621
773250
-107
305
132
1638
1135
2897
774275
-420
413
204
1812
618
3131
775300
174
339
-90
-24
-6
7662
776325
522
-303
-67
888
-357
5687
777350
-29
-394
173
2766
1377
1945
778375
-444
34
-2
1617
2261
2177
779400
-903
39
32
855
-711
4514
780425
223
-109
-65
1285
-320
4223
781450
843
-94
43
1567
1277
3617
782475
39
-68
94
1492
950
3618
783500
-530
-77
-62
1511
392
3948
784525
-104
-134
-86
1379
-71
4194
785550
269
-203
-56
1384
451
4184
786575
271
-282
-164
1451
776
4505
779393
55
-373
-124
1955
1614
3364
780418
-370
-288
-6
1510
781
3362
781443
-199
-140
-23
1242
558
3423
782468
89
-39
25
1599
643
3399
783493
125
52
-28
1706
831
3612
784518
53
65
-10
1686
819
3834
785543
-29
32
28
1665
561
3978
786568
-26
-3
28
1547
571
3889
787593
-2
1
33
1515
617
3678
788618
8
33
4
1546
654
3728
789643
9
43
-15
1561
641
3751
790668
5
53
-11
1554
677
3785
791693
4
40
-23
1547
571
3887
792718
32
34
-30
1503
682
3890
793743
27
16
-30
1491
713
3876
794768
-12
27
-18
1586
749
3650
787584
-28
59
-13
1581
753
3682
788609
-39
62
-19
1552
590
3841
789634
38
47
-18
1476
676
3958
790659
58
16
-5
1483
717
3880
791684
14
20
-3
1496
787
3798
792709
-42
22
0
1488
711
3841
793734
-35
10
7
1516
650
3871
794759
3
0
9
1522
657
3842
795784
16
-7
9
1527
687
3782
796809
9
-14
16
1513
716
3781
797834
-14
-18
21
1513
727
3793
798859
-19
-15
15
1485
678
3912
799884
-1
-39
7
1498
565
3998
800909
46
-63
2
1490
612
3903
801934
48
-65
7
1513
759
3768
802959
-4
-49
15
1556
739
3716
795776
-34
-31
10
1553
666
3737
796801
-2
-20
6
1540
662
3793
797826
43
-23
6
1535
685
3812
798851
42
-18
8
1537
725
3761
799876
-8
-7
9
1553
709
3707
800901
-44
8
5
1559
660
3728
801926
-18
18
-2
1539
635
3849
802951
21
7
-7
1529
636
3879
803976
32
-2
-8
1517
705
3810
805001
-5
-4
-10
1521
719
3788
806026
-34
0
-13
1539
690
3794
807051
-19
3
-10
1546
677
3813
808076
10
3
-9
1525
697
3818
809101
21
0
-4
1522
710
3796
810126
8
1
-2
1524
734
3776
811151
-27
12
0
1537
724
3769
803968
-35
20
3
1532
709
3805
804993
-16
16
12
1516
669
3814
806018
3
14
11
1532
655
3784
807043
5
22
2
1544
690
3783
808068
-1
30
0
1532
690
3829
809093
9
36
3
1521
669
3823
810118
23
45
16
1471
755
3729
811143
-6
62
11
1527
785
3725
812168
-42
81
5
1596
623
3783
813193
31
98
9
1491
685
3860
814218
130
93
27
1433
732
3969
815243
130
110
85
1500
910
3354
816268
9
240
146
1826
898
2698
817293
-159
458
168
1998
994
2544
818318
-72
639
141
1714
1247
3903
819343
449
417
169
224
552
7117
812159
515
-264
-148
-1081
-1468
8167
813184
-504
-640
112
2493
704
1929
814209
-686
-331
-57
3374
3323
-452
815234
-729
413
165
868
-14
4568
816259
-548
40
-170
545
-1126
5240
817284
1078
-228
87
1712
381
3512
818309
953
-23
151
1615
1683
3358
819334
-471
45
-61
1209
771
4669
820359
-711
-207
-217
1362
-405
4407
821384
271
-307
-89
1501
561
4030
822409
406
-306
-19
1594
1551
3458
823434
-125
-258
28
1695
874
3344
824459
-100
-125
-30
1299
563
3751
825484
94
-78
31
1456
651
3705
826509
60
-45
-5
1587
703
3751
827534
-16
-34
-25
1622
781
3803
820352
-77
-41
10
1685
615
3763
821377
-46
-38
11
1494
527
3878
822402
23
-40
-2
1432
610
3943
823427
73
-62
1
1532
654
3807
824452
65
-51
-7
1565
753
3706
825477
-14
-30
3
1581
741
3646
826502
-81
-4
-1
1602
679
3749
827527
-37
-6
-5
1523
640
4025
828552
62
-55
3
1452
600
4129
829577
86
-88
3
1449
718
3869
830602
-119
-61
3
1592
797
3372
831627
-310
30
-27
1720
773
3389
832652
-168
75
-1
1665
602
3737
833677
89
64
50
1574
678
3823
834702
117
57
56
1515
596
3808
835727
58
66
18
1503
566
3824
828544
-3
76
0
1511
667
3833
829569
-70
78
-3
1519
697
3831
830594
-73
67
9
1528
631
3827
831619
-45
61
9
1535
489
3819
832644
33
59
-21
1500
550
3881
833669
70
42
-32
1481
651
3916
834694
36
25
-30
1482
680
3903
835719
-4
11
-22
1490
671
3872
836744
-14
0
-22
1483
656
3876
837769
-13
-13
-23
1490
672
3826
838794
1
-16
-20
1505
690
3815
839819
24
-10
-9
1506
727
3826
840844
9
-3
5
1499
711
3815
841869
-7
-3
8
1502
658
3825
842894
-1
-3
7
1500
662
3819
843919
-3
-6
8
1509
672
3797
836735
-7
-3
14
1508
653
3764
837760
-9
14
11
1513
644
3793
838785
-10
18
-3
1489
599
3897
839810
4
1
-10
1486
586
3912
840835
23
-11
-16
1487
637
3868
841860
12
-16
-19
1492
684
3810
842885
-5
-9
-16
1505
696
3779
843910
-12
2
-14
1504
690
3801
844935
-8
5
-12
1503
669
3816
845960
10
4
-10
1500
670
3846
846985
19
3
-2
1497
678
3823
848010
3
5
-2
1501
693
3802
849035
-20
10
-3
1500
680
3822
850060
-20
14
2
1504
654
3808
851085
-12
19
1
1498
638
3818
852110
-14
20
0
1478
689
3825
845068
-37
22
2
1497
651
3812
846093
-28
21
1
1488
592
3815
847118
15
22
-4
1474
665
3849
848143
31
9
-1
1479
694
3898
849168
12
-7
-1
1465
682
3933
850193
-4
-17
4
1470
651
3882
851218
-1
-4
4
1489
698
3814
852243
-8
20
12
1526
673
3733
853268
13
60
19
1549
651
3635
854293
64
126
17
1576
625
3681
855318
66
179
17
1426
930
3834
856343
110
150
62
1388
1168
3909
857368
78
203
145
1555
962
3557
858393
36
230
151
1165
886
3682
859418
-326
103
14
967
-258
4900
860443
-317
-24
-171
1656
-205
5112
853120
-37
-98
-11
1909
1142
3334
854145
-549
12
3
1245
1178
2897
855170
-619
-17
-10
1193
-126
3493
856195
247
-45
35
1458
237
4053
857220
557
-58
124
1166
468
4595
858245
112
-125
-8
1294
583
4190
859270
-110
-232
-72
1508
420
4079
860295
-115
-331
-122
1545
258
3838
861320
285
-337
-180
1422
771
4235
862345
443
-328
-20
1744
1613
3194
863370
-224
-190
46
1648
925
3441
864395
-135
-84
-41
1351
921
3769
865420
65
-55
156
1573
478
3373
866445
126
42
66
1497
136
3640
867470
226
77
-63
1601
792
3898
868495
26
19
-25
1725
648
3957
861313
-50
1
-1
1556
602
3916
862338
-28
-11
19
1468
603
3773
863363
-10
21
21
1531
695
3579
864388
-17
71
-2
1555
634
3688
865413
18
81
-16
1563
590
3864
866438
67
67
-13
1501
683
3904
867463
18
51
-6
1480
710
3828
868488
-25
50
-8
1486
646
3802
869513
-4
70
-7
1484
736
3856
870538
-2
52
1
1483
666
3931
871563
11
19
1
1493
652
3895
872588
26
-4
7
1485
681
3840
873613
-6
-11
6
1484
699
3834
874638
-19
-16
8
1468
661
3886
875663
-1
-20
8
1467
654
3890
876688
5
-28
8
1489
670
3841
869505
5
-28
13
1523
697
3784
870530
-10
-6
20
1548
705
3728
871555
-14
14
25
1499
677
3848
872580
4
-1
23
1461
587
3865
873605
18
4
20
1490
659
3787
874630
2
2
2
1500
678
3859
875655
-12
-12
6
1500
624
3857
876680
7
-16
3
1487
631
3884
877705
17
-19
4
1487
693
3819
878730
-5
-18
7
1504
679
3796
879755
-15
-11
1
1515
655
3781
880780
-5
-2
4
1510
653
3787
881805
-8
6
-4
1519
654
3798
882830
-6
10
-6
1516
630
3823
883855
1
12
-10
1500
653
3821
884880
-17
15
-16
1488
666
3812
877697
-33
21
-22
1493
660
3848
878722
-37
12
-26
1471
590
3832
879747
-44
2
-27
1517
554
3685
880772
-17
13
-56
1571
554
3791
881797
33
24
-73
1522
628
3902
882822
101
34
-44
1454
776
3848
883847
100
42
-22
1388
803
3877
884872
70
26
-23
1425
787
3944
885897
50
0
-11
1519
732
3942
886922
85
7
19
1546
803
3861
887947
175
42
71
1555
879
3606
888972
254
145
153
1603
1167
3191
889997
65
330
186
1502
1029
3386
891022
-88
364
87
1508
911
3919
892047
7
314
219
1399
822
3519
893072
78
367
31
14
-228
6350
885889
-313
-36
-142
1856
377
4312
886914
-533
-168
-25
2428
1690
2439
887939
-525
86
121
1145
202
3296
888964
-264
86
-9
813
-940
4163
889989
604
-45
-121
1466
813
3971
891014
396
-29
-37
1397
1233
4109
892039
-145
-64
38
1154
280
4086
893064
-78
-151
-21
1387
329
3899
894089
134
-172
-55
1299
474
4263
895114
305
-242
-68
1221
396
4281
896139
215
-308
-94
1600
1129
4053
897164
-48
-341
-114
1706
1418
3574
898189
-272
-296
37
1635
613
3155
899214
8
-126
-30
1181
509
3625
900239
285
-65
-27
1422
1089
3842
901264
48
-82
-3
1683
732
3917
894081
-27
-61
-15
1477
861
3829
895106
-88
-48
52
1533
782
3554
896131
-130
19
47
1632
660
3493
897156
-41
81
25
1546
647
3730
898181
69
75
32
1529
593
3911
899206
141
50
26
1473
670
3950
900231
71
34
22
1449
729
3873
901256
-39
29
17
1453
701
3788
902281
-35
27
4
1444
670
3865
903306
-19
16
2
1488
665
3805
904331
9
15
-18
1522
653
3857
905356
28
6
-36
1489
616
3920
906381
49
-9
-32
1451
789
3868
907406
-3
-16
-15
1461
805
3849
908431
-43
-15
-14
1467
726
3795
909456
-6
-6
-1
1475
783
3757
902271
7
-4
-3
1497
735
3859
903296
13
-1
14
1513
740
3757
904321
4
10
15
1496
778
3823
905346
-25
0
14
1469
685
3873
906371
-9
-6
20
1469
713
3827
907396
-6
-11
13
1474
670
3836
908421
4
-2
12
1497
686
3723
909446
2
10
4
1500
739
3807
910471
-15
4
-2
1491
650
3888
911496
12
4
-2
1483
719
3792
912521
2
10
-3
1472
713
3832
913546
1
2
-9
1465
685
3897
914571
17
-10
-4
1465
756
3830
915596
-5
-9
-6
1477
749
3803
916621
-9
-3
-3
1491
761
3769
917646
-6
9
11
1503
755
3755
910464
-20
16
9
1479
683
3841
911489
-5
8
6
1466
680
3853
912514
2
5
4
1487
734
3787
913539
-25
11
-2
1480
732
3813
914564
-23
11
2
1473
676
3831
915589
9
10
5
1459
704
3840
916614
11
8
-2
1463
730
3885
917639
2
-2
-1
1471
704
3862
918664
-3
-3
3
1466
725
3806
919689
-15
0
2
1466
737
3799
920714
-22
4
5
1480
701
3788
921739
-7
11
3
1477
694
3850
922764
10
6
1
1458
693
3881
923789
20
2
2
1450
708
3835
924814
3
6
1
1470
737
3781
925839
-19
16
-2
1483
720
3785
918656
-21
23
-4
1472
672
3823
919681
3
24
-9
1464
703
3816
920706
12
31
-15
1464
752
3813
921731
-15
53
-15
1470
758
3804
922756
-44
91
-4
1554
745
3658
923781
18
161
25
1550
807
3618
924806
185
244
64
1552
611
3706
925831
221
357
54
1318
905
3201
926856
-229
507
90
1521
1556
2304
927881
-312
542
165
1505
1096
4563
928906
251
241
-69
-277
-24
8123
929931
20
-370
205
1527
-49
4114
930956
-311
-218
185
2478
1615
1844
931981
-446
177
122
988
1304
3226
933006
-691
29
47
667
-921
4614
934031
238
-173
-75
1411
-64
4331
926848
661
-149
53
1456
1007
3984
927873
-32
-163
88
1324
612
3650
928898
-410
-184
-104
1392
158
4014
929923
63
-217
-165
1169
-84
4423
930948
440
-309
-100
1464
776
4073
931973
235
-352
-188
1665
1604
3902
932998
-228
-371
-41
1824
1321
3135
934023
-231
-191
44
1130
418
3430
935048
96
-40
32
1300
783
3312
936073
87
67
-6
1692
669
3507
937098
88
145
-53
1607
842
3814
938123
59
126
29
1551
766
3956
939148
-30
90
59
1491
606
4000
940173
-68
56
43
1380
513
3983
941198
-13
38
13
1370
534
3978
942223
59
26
-11
1367
678
4009
935040
52
-4
2
1431
687
3874
936065
0
-8
-2
1477
722
3771
937090
-25
-4
1
1448
744
3846
938115
7
-20
13
1396
651
3980
939140
34
-38
13
1422
641
3965
940165
43
-54
5
1432
743
3977
941190
34
-71
20
1437
817
3965
942215
27
-92
71
1521
885
3823
943240
-10
-90
131
1533
924
3717
944265
-73
-69
153
1473
760
3673
945290
-73
-22
143
1458
710
3683
946315
-50
-2
131
1460
625
3744
947340
-24
0
113
1472
606
3827
948365
1
-6
105
1500
563
3928
949390
-15
-23
90
1510
526
3940
950415
-25
-35
80
1507
526
3812
943232
-25
-29
56
1484
486
3775
944257
-12
-20
27
1493
483
3816
945282
22
-16
6
1509
495
3855
946307
44
-24
-16
1517
569
3897
947332
38
-32
-24
1514
632
3846
948357
22
-39
-26
1501
621
3791
949382
12
-25
-38
1516
653
3772
950407
13
-13
-38
1517
669
3794
951432
19
-5
-35
1527
654
3776
952457
20
5
-39
1523
683
3794
953482
13
12
-38
1503
685
3809
954507
6
15
-32
1505
688
3794
955532
-1
18
-28
1502
712
3820
956557
-11
17
-19
1491
689
3839
957582
-11
12
-12
1483
654
3860
958607
10
1
-10
1489
676
3880
951423
13
-7
-4
1494
706
3857
952448
-15
-12
1
1494
685
3819
953473
-17
-11
3
1488
630
3849
954498
7
-11
2
1492
659
3857
955523
10
-19
4
1510
677
3827
956548
0
-19
4
1504
682
3808
957573
-14
-15
4
1514
661
3797
958598
-9
-7
5
1516
658
3780
959623
-4
2
6
1519
639
3781
960648
-3
15
-1
1509
652
3766
961673
-8
28
-6
1513
656
3776
962698
-20
39
-10
1511
663
3770
963723
-33
48
-12
1507
687
3786
964748
-34
50
-12
1492
618
3840
965773
-14
52
-17
1483
625
3851
966798
0
54
-21
1469
691
3840
959616
-14
59
-15
1470
726
3803
960641
-40
85
8
1503
660
3722
961666
1
119
23
1485
642
3713
962691
48
144
37
1475
714
3752
963716
103
183
58
1594
663
3625
964741
188
262
64
1429
863
3688
965766
70
317
116
1487
922
3355
966791
-149
363
121
1468
699
3486
967816
-142
340
58
1441
845
4292
968841
367
152
-18
-34
556
6788
969866
0
-265
15
1045
-361
4992
970891
-446
-286
-37
2456
1020
2402
971916
-501
19
-74
1594
1513
2470
972941
-536
102
37
895
-505
4078
973966
280
-65
-123
1161
-163
4543
974991
696
-97
-41
1475
1162
4048
967808
21
-73
77
1332
753
3576
968833
-383
-96
-15
1333
313
3939
969858
-3
-194
-170
1022
-224
4958
970883
457
-397
-203
1431
385
4651
971908
424
-490
-173
2032
2289
3228
972933
-341
-408
69
1661
1312
3073
973958
-378
-165
64
999
617
3346
974983
-52
-27
109
1476
571
3276
976008
132
81
31
1640
697
3679
977033
147
120
46
1524
827
3842
978058
50
106
88
1685
645
3917
979083
-68
77
78
1550
417
4011
980108
-44
43
45
1338
377
4028
981133
56
6
34
1348
562
3868
982158
-6
5
15
1506
587
3712
983183
-64
37
-18
1584
529
3765
976000
-4
49
-26
1503
584
3808
977025
36
46
-34
1442
577
3823
978050
20
55
-57
1450
595
3752
979075
-33
80
-71
1480
693
3621
980100
-66
118
-71
1466
693
3740
981125
-31
137
-66
1431
658
3937
982150
37
121
-54
1372
749
4090
983175
47
80
-24
1352
791
3976
984200
4
67
-5
1361
759
3848
985225
-46
79
-4
1375
719
3860
986250
-53
69
0
1358
670
3979
987275
-16
49
8
1369
640
3996
988300
23
23
17
1375
667
4000
989325
8
-6
16
1367
651
3980
990350
-16
-18
23
1379
663
3874
991375
-27
-13
29
1371
630
3838
984222
-13
-5
24
1376
625
3875
985247
-6
1
17
1381
611
3867
986272
1
2
5
1388
603
3873
987297
11
0
-7
1380
619
3902
988322
18
-5
-9
1361
616
3929
989347
10
-6
-9
1371
632
3892
990372
-4
-7
-17
1378
674
3865
991397
-24
-4
-18
1393
665
3852
992422
-14
2
-10
1379
641
3883
993447
5
1
-14
1362
626
3922
994472
20
-6
-18
1360
681
3897
995497
0
-4
-14
1372
728
3856
996522
-25
3
-6
1384
678
3867
997547
-20
3
-2
1378
640
3897
998572
7
-1
1
1373
665
3876
999597
9
-4
4
1380
695
3868
992385
-21
-6
1
1370
650
3872
993410
-13
-4
1
1362
639
3895
994435
6
-1
7
1368
673
3884
995460
-4
-2
9
1384
662
3869
996485
-11
-1
5
1387
638
3873
997510
-11
-1
2
1397
654
3857
998535
-10
5
3
1388
643
3860
999560
3
17
2
1387
657
3891
1000585
-5
42
7
1439
602
3790
1001610
24
74
34
1402
590
3571
1002635
137
168
38
1435
637
3592
1003660
188
269
10
1483
650
3895
1004685
267
274
-4
1294
1309
4068
1005710
61
201
144
1270
1933
3424
1006735
-403
208
286
1385
26
3095
1007760
-240
277
-31
723
-665
5570
1000576
696
-46
-236
245
305
7035
1001601
176
-382
125
2266
1202
2854
1002626
-937
-102
-43
2068
2063
1620
1003651
-900
112
9
858
-326
4134
1004676
59
-39
-100
728
-698
4642
1005701
777
-109
57
1328
1261
3572
1006726
200
-26
121
1400
941
3841
1007751
-300
-33
15
1265
128
3796
1008776
23
-112
-77
1181
-285
4628
1009801
637
-292
-230
818
-165
5469
1010826
1259
-584
-185
1471
153
4323
1011851
749
-558
-242
2246
2109
2508
1012876
-216
-370
-291
1401
2293
3186
1013901
-347
-185
34
1345
1154
2640
1014926
-414
95
70
1422
-198
3067
1015951
174
279
-203
1478
1143
3688
1008768
225
241
-64
1448
1353
4065
1009793
-89
162
9
1505
1019
4265
1010818
-294
95
16
1293
738
4206
1011843
-163
40
32
1209
745
4023
1012868
-19
36
67
1282
938
3769
1013893
-57
70
100
1396
936
3692
1014918
-145
90
94
1427
705
3804
1015943
-81
69
79
1384
588
4005
1016968
26
27
80
1323
657
4027
1017993
7
7
72
1301
716
3879
1019018
-75
14
51
1329
617
3799
1020043
-84
30
13
1372
608
3809
1021068
-17
25
-10
1373
601
3947
1022093
43
-11
-22
1356
644
3972
1023118
57
-16
-23
1345
789
3902
1024143
-1
-2
-25
1316
798
3881
1016960
-38
-1
-20
1299
781
3859
1017985
-34
1
-16
1318
768
3896
1019010
3
-11
-18
1356
711
3956
1020035
39
-26
-15
1379
761
3862
1021060
8
-15
-6
1380
820
3748
1022085
-27
11
3
1361
804
3784
1023110
-28
25
7
1324
767
3912
1024135
-9
7
6
1302
696
3977
1025160
19
-13
6
1333
703
3896
1026185
3
1
11
1379
778
3780
1027210
-35
15
3
1353
743
3869
1028235
-33
12
1
1329
697
3928
1029260
1
3
-5
1302
720
3936
1030285
3
-15
-10
1334
726
3885
1031310
-8
-17
-8
1352
752
3855
1032335
-26
-18
-7
1344
701
3894
1025152
-9
-29
-12
1349
681
3904
1026177
31
-38
-10
1361
782
3892
1027202
22
-34
-2
1354
824
3887
1028227
-2
-31
8
1337
805
3879
1029252
-9
-29
18
1339
756
3856
1030277
-2
-21
18
1360
777
3842
1031302
-6
-17
23
1378
756
3856
1032327
-10
-15
23
1369
739
3870
1033352
-8
-18
20
1357
747
3849
1034377
-19
-13
19
1376
704
3802
1035402
-18
5
9
1368
656
3841
1036427
11
11
0
1360
747
3878
1037452
0
3
3
1370
739
3893
1038477
-8
0
1
1359
710
3879
1039502
-5
2
-1
1352
717
3841
1040527
-2
4
-6
1363
753
3841
1033344
-4
8
-3
1369
759
3853
1034369
-11
9
-2
1352
722
3877
1035394
-11
7
-4
1348
708
3859
1036419
-18
16
-11
1363
763
3845
1037444
-73
46
-19
1429
766
3752
1038469
-117
83
-6
1418
623
3576
1039494
2
128
-5
1325
675
3670
1040519
139
206
-16
1418
767
3993
1041544
131
256
19
1413
1290
3730
1042569
-155
298
140
1392
1396
3513
1043594
-266
297
159
1035
604
4240
1044619
148
207
-9
142
281
5800
1045644
-354
-29
-180
1203
495
4834
1046669
-995
-140
58
2652
773
2212
1047694
-845
136
-84
1178
565
3539
1048719
-131
-12
-122
588
-446
4362
1041535
530
-149
9
1335
477
3836
1042560
426
-47
40
1417
1022
3887
1043585
-274
111
-17
1047
550
3522
1044610
-130
25
51
1230
365
3891
1045635
376
-148
156
1111
254
4414
1046660
468
-261
94
1335
539
3980
1047685
310
-183
-57
1185
699
4715
1048710
82
-229
-154
1291
697
4160
1049735
-139
-284
-121
1502
1018
3837
1050760
-285
-300
-56
1677
1035
3093
1051785
-181
-149
-56
1041
482
4218
1052810
317
-177
-35
1070
862
4214
1053835
324
-209
90
1504
687
3535
1054860
153
-58
29
1356
1286
3413
1055885
-299
8
72
1488
780
3450
1056910
-347
73
52
1671
316
3664
1049728
4
107
44
1451
370
4004
1050753
202
69
27
1328
505
4205
1051778
147
4
7
1272
598
4052
1052803
-33
-17
-26
1324
661
3733
1053828
-156
36
-44
1393
513
3562
1054853
-78
85
-84
1398
480
3804
1055878
106
80
-97
1408
707
4012
1056903
167
43
-68
1349
772
4059
1057928
84
18
-57
1297
790
3945
1058953
-12
13
-52
1301
750
3900
1059978
-43
12
-53
1310
737
3927
1061003
14
14
-31
1342
812
3908
1062028
56
9
1
1344
840
3860
1063053
18
9
17
1342
816
3825
1064078
-17
23
23
1325
739
3871
1065103
-10
29
30
1312
735
3908
1058012
-16
27
39
1345
697
3877
1059037
-15
24
33
1352
681
3875
1060062
-1
23
36
1349
648
3875
1061087
11
32
28
1314
703
3880
1062112
-9
35
26
1290
676
3910
1063137
-8
27
13
1293
623
3952
1064162
18
18
10
1316
667
3925
1065187
12
17
9
1339
681
3884
1066212
-8
18
0
1328
669
3907
1067237
7
8
-4
1304
644
3953
1068262
39
-4
-6
1290
716
3941
1069287
18
-9
-6
1292
730
3898
1070312
-8
-2
-7
1310
730
3892
1071337
-4
-3
-6
1308
713
3943
1072362
24
-16
-1
1309
722
3947
1073387
43
-26
7
1300
696
3917
1066112
73
-23
8
1308
708
3933
1067137
97
-26
14
1288
757
3963
1068162
38
-29
14
1313
779
3849
1069187
-67
-8
11
1366
729
3674
1070212
-107
26
1
1409
667
3706
1071237
-50
51
-10
1381
643
3842
1072262
41
53
-8
1335
677
3935
1073287
74
37
-7
1253
672
4042
1074312
56
17
-23
1272
694
4012
1075337
30
19
-13
1327
741
3754
1076362
38
73
17
1364
818
3616
1077387
77
142
38
1424
689
3597
1078412
119
266
39
1477
955
3315
1079437
-47
424
48
1320
1180
3711
1080462
-59
383
9
1202
1013
4775
1081487
284
164
137
831
492
5013
1074304
-18
51
-85
-422
121
5877
1075329
-817
-121
-91
2390
1368
2545
1076354
-686
-48
-13
1977
855
3099
1077379
-480
-3
-59
441
-12
3998
1078404
337
-174
97
1324
51
3796
1079429
515
-110
156
1526
1163
3784
1080454
-321
-29
53
983
846
3792
1081479
-283
-94
44
1171
-34
3914
1082504
259
-100
55
1184
328
4147
1083529
354
-162
52
1203
787
4152
1084554
69
-185
21
1381
666
3894
1085579
-67
-125
-71
1170
386
4229
1086604
57
-159
-171
1220
794
4352
1087629
49
-239
-57
1582
1017
3598
1088654
-147
-200
-32
1226
728
3563
1089679
-82
-91
-31
1310
831
3742
1082496
129
-58
-4
1351
480
4107
1083521
388
-41
12
1158
1133
4152
1084546
159
-71
113
1332
1146
3873
1085571
-205
-71
133
1482
565
3525
1086596
-278
11
75
1443
470
3478
1087621
-104
62
55
1451
407
3788
1088646
110
64
32
1394
504
4080
1089671
203
22
23
1282
668
4217
1090696
93
-29
15
1229
616
3950
1091721
-85
1
-13
1314
612
3600
1092746
-107
59
-49
1377
586
3761
1093771
-8
71
-59
1384
610
3974
1094796
78
42
-52
1346
632
3978
1095821
83
32
-57
1329
761
3820
1096846
-5
50
-47
1310
737
3788
1097871
-48
63
-56
1265
731
3948
1090688
-13
44
-45
1264
716
4035
1091713
28
23
-31
1293
742
3934
1092738
10
22
-13
1320
741
3848
1093763
-17
27
-18
1283
753
4005
1094788
-6
20
0
1259
752
4014
1095813
-12
5
12
1263
710
3922
1096838
-19
-1
11
1303
687
3846
1097863
7
10
17
1308
671
3902
1098888
9
5
12
1282
652
3954
1099913
18
-8
4
1275
676
3945
1100938
13
-12
0
1273
697
3881
1101963
-25
1
1
1313
703
3779
1102988
-19
16
-7
1298
676
3944
1104013
17
6
-7
1280
639
3984
1105038
41
1
-6
1273
744
3906
1106063
-2
6
-2
1279
749
3872
1098880
-21
18
6
1284
676
3897
1099905
3
15
3
1259
696
3969
1100930
9
-3
1
1286
705
3949
1101955
12
-14
2
1291
682
3920
1102980
13
-12
4
1260
724
3887
1104005
-14
-14
11
1268
727
3876
1105030
-22
-12
4
1294
653
3949
1106055
19
-12
3
1289
688
3931
1107080
18
-11
1
1292
735
3887
1108105
-11
-10
1
1288
709
3897
1109130
-12
-2
8
1281
686
3908
1110155
-5
-1
1
1273
705
3924
1111180
-8
-7
-4
1289
702
3921
1112205
-6
-7
-1
1296
719
3890
1113230
-3
-4
4
1277
712
3922
1114255
-14
-1
7
1282
697
3900
1107072
-16
4
5
1302
680
3904
1108097
6
14
5
1309
708
3858
1109122
-5
48
6
1341
852
3742
1110147
-45
75
24
1305
721
3777
1111172
44
102
57
1329
600
3704
1112197
161
185
88
1394
783
3605
1113222
83
315
77
1432
999
3675
1114247
69
361
108
1230
1206
4085
1115272
75
236
182
1081
1009
3703
1116297
-84
230
208
347
-269
4900
1117322
-83
93
-242
353
251
6308
1118347
-289
-230
48
2555
1433
2860
1119372
-744
42
48
1597
1097
2519
1120397
-443
106
39
485
-279
4144
1121422
289
-84
29
953
-78
4332
1122447
511
-84
98
1315
984
4049
1115264
-109
-82
121
940
498
4092
1116289
-302
-160
-76
1209
110
4167
1117314
151
-240
-98
1204
31
4607
1118339
315
-378
-120
1159
440
4783
1119364
239
-487
-223
1533
1709
3757
1120389
-163
-480
28
1569
966
3173
1121414
-135
-235
-5
845
617
3457
1122439
76
-116
10
1295
900
3368
1123464
78
-19
0
1645
580
3579
1124489
113
71
-21
1443
933
3840
1125514
3
47
63
1494
752
3866
1126539
-103
45
69
1409
566
3830
1127564
-93
57
39
1299
439
3924
1128589
23
73
12
1270
507
3973
1129614
106
63
-8
1266
605
4028
1130639
73
37
-27
1335
640
3838
1123456
-15
70
-16
1368
772
3664
1124481
-68
97
-30
1323
656
3867
1125506
-33
101
-33
1273
612
3900
1126531
28
98
-35
1254
670
3996
1127556
53
70
-43
1270
626
4080
1128581
64
62
-26
1268
765
4018
1129606
23
38
-8
1235
765
4024
1130631
-43
12
4
1241
665
3966
1131656
-4
4
5
1235
735
3980
1132681
20
-11
11
1231
700
3998
1133706
18
-21
9
1247
684
3953
1134731
1
-16
14
1292
708
3868
1135756
-14
-14
18
1297
687
3892
1136781
-8
-13
18
1277
642
3932
1137806
24
-12
15
1258
662
3916
1138831
27
-9
10
1255
705
3917
1131649
0
-3
8
1265
661
3906
1132674
-10
-1
1
1283
646
3909
1133699
6
-2
-3
1279
683
3915
1134724
0
4
0
1291
694
3871
1135749
-23
11
-4
1290
652
3884
1136774
-5
11
-11
1270
653
3943
1137799
21
7
-12
1251
685
3958
1138824
9
11
-13
1247
709
3934
1139849
-19
11
-11
1262
694
3936
1140874
-19
2
-11
1265
661
3951
1141899
4
-5
-7
1260
701
3942
1142924
-1
-11
-7
1264
717
3926
1143949
-23
-10
-3
1265
701
3899
1144974
-28
-3
-8
1257
656
3924
1145999
2
-7
-10
1249
644
3962
1147024
23
-14
-9
1260
697
3943
1139841
-5
-15
-5
1276
736
3882
1140866
-28
-9
2
1284
689
3857
1141891
-29
11
4
1287
698
3844
1142916
-34
26
1
1282
673
3899
1143941
0
23
5
1265
607
3967
1144966
43
15
7
1235
664
3962
1145991
14
7
1
1262
725
3903
1147016
-28
14
-5
1293
669
3896
1148041
0
37
6
1310
625
3837
1149066
71
78
28
1288
711
3735
1150091
164
109
48
1309
779
3832
1151116
340
199
61
1338
827
4013
1152141
238
252
49
1059
1284
3867
1153166
-289
224
184
1399
1055
2516
1154191
-570
391
132
976
234
4432
1155216
167
181
-258
257
253
7079
1148032
9
-229
91
1925
689
3658
1149057
-512
-49
5
1523
1388
2447
1150082
-617
86
18
804
78
3709
1151107
-123
0
-73
874
-297
4324
1152132
551
-33
8
1203
726
4045
1153157
235
-44
63
1155
818
4055
1154182
-205
-111
29
1175
335
3728
1155207
0
-130
-25
1118
273
4500
1156232
345
-263
-90
815
208
5035
1157257
348
-453
-83
1364
757
4179
1158282
121
-427
-144
1571
1777
3574
1159307
-367
-369
-8
1534
1152
3043
1160332
-221
-183
65
1010
293
3383
1161357
200
-22
36
1263
842
3496
1162382
171
63
19
1498
773
3780
1163407
105
106
12
1363
856
3973
1156223
-30
94
72
1386
664
3894
1157248
-127
89
57
1341
510
3976
1158273
-99
67
24
1256
430
3950
1159298
10
69
10
1221
610
3949
1160323
56
48
-22
1220
546
4106
1161348
54
21
-45
1240
629
3961
1162373
20
18
-51
1241
737
3943
1163398
-13
1
-56
1258
643
4009
1164423
1
7
-34
1265
724
3814
1165448
34
31
-22
1282
922
3870
1166473
-12
20
-5
1263
683
4060
1167498
36
2
1
1200
661
4059
1168523
69
-21
13
1227
783
3912
1169548
-8
-13
19
1287
758
3799
1170573
-53
17
13
1287
713
3821
1171598
-33
24
18
1257
657
3956
1164416
10
16
13
1239
621
3993
1165441
37
3
8
1249
716
3920
1166466
-8
2
9
1260
727
3886
1167491
-59
10
8
1263
656
3915
1168516
-31
17
6
1243
612
3955
1169541
17
16
-2
1242
661
3925
1170566
15
20
-13
1241
707
3924
1171591
-7
12
-18
1245
665
3941
1172616
1
5
-15
1246
673
3943
1173641
5
5
-14
1251
700
3941
1174666
2
4
-12
1237
695
3931
1175691
2
7
-12
1229
712
3911
1176716
-1
6
-9
1232
716
3927
1177741
7
8
-6
1229
733
3939
1178766
-12
4
-3
1239
714
3899
1179791
-34
6
0
1249
712
3881
1172608
-18
12
8
1238
714
3953
1173633
-11
6
9
1229
713
3983
1174658
-23
5
8
1223
688
3949
1175683
-26
6
0
1217
713
3937
1176708
-35
4
5
1228
683
3912
1177733
-32
7
4
1244
670
3937
1178758
-10
3
10
1232
637
3991
1179783
9
-12
15
1235
659
3907
1180808
-1
-12
10
1253
704
3878
1181833
-22
-6
6
1256
647
3911
1182858
-17
4
8
1250
640
3875
1183883
0
19
5
1258
657
3882
1184908
7
35
4
1260
616
3911
1185933
23
56
-3
1269
640
3880
1186958
23
93
-1
1250
672
3734
1187983
42
135
22
1260
785
3531
1180800
55
248
42
1441
805
3511
1181825
114
360
39
1197
765
4054
1182850
111
309
13
1039
950
4298
1183875
12
177
108
1195
858
3390
1184900
-10
278
146
593
667
4561
1185925
-27
85
-164
356
457
6546
1186950
-237
-232
37
1661
704
4096
1187975
-571
-94
-31
1507
1334
2770
1189000
-621
2
35
844
98
3455
1190025
-203
-54
-51
772
-573
4404
1191050
411
-106
13
1301
1030
3944
1192075
-34
-100
55
1153
843
3845
1193100
-181
-189
58
1093
-144
3659
1194125
296
-218
-64
1116
-150
4511
1195150
636
-309
-158
1006
480
5021
1196175
280
-429
-131
1406
1007
3915
1188993
-53
-359
-247
1331
1470
3751
1190018
-357
-354
-64
1673
1144
3072
1191043
-122
-216
-77
944
265
4243
1192068
435
-162
-20
1166
1246
3571
1193093
206
-54
114
1316
1146
3423
1194118
-158
59
76
1294
814
3587
1195143
-263
86
51
1535
455
3663
1196168
-95
112
51
1466
539
3954
1197193
-21
88
41
1333
514
4157
1198218
73
36
57
1236
562
4012
1199243
87
36
34
1175
655
3913
1200268
17
42
3
1191
576
3965
1201293
-23
34
-18
1270
632
3934
1202318
-40
25
-25
1333
610
3931
1203343
11
39
-31
1305
752
3907
1204368
4
53
-1
1239
765
3828
1197184
-52
61
-5
1246
524
3869
1198209
5
58
-40
1242
564
4089
1199234
72
17
-34
1226
790
4106
1200259
23
-8
-1
1242
874
3889
1201284
-68
7
16
1248
718
3799
1202309
-30
33
14
1203
595
3978
1203334
43
18
6
1204
632
4052
1204359
44
-5
-2
1253
685
3982
1205384
-3
-9
-5
1290
720
3880
1206409
-23
1
8
1258
708
3873
1207434
-14
13
12
1218
643
3911
1208459
9
22
5
1229
651
3923
1209484
6
22
-1
1242
723
3913
1210509
-31
13
4
1257
673
3894
1211534
-29
19
5
1246
661
3919
1212559
-2
34
11
1233
737
3911
1205375
12
46
29
1224
768
3919
1206400
-4
51
39
1220
643
3942
1207425
-4
52
21
1211
630
3981
1208450
8
42
19
1209
632
3993
1209475
7
25
13
1207
606
4007
1210500
8
15
5
1200
641
3970
1211525
-5
11
2
1207
667
3913
1212550
-14
19
-3
1215
640
3930
1213575
-9
28
-14
1232
664
3921
1214600
10
29
-17
1215
623
3927
1215625
31
34
-17
1202
641
3879
1216650
-17
46
-27
1215
716
3768
1217675
-66
109
-35
1291
799
3757
1218700
35
188
-1
1275
815
4066
1219725
261
266
104
1308
1281
3728
1220750
229
349
290
1016
1268
3181
1213568
-289
427
212
1190
618
4018
1214593
216
324
139
621
922
5137
1215618
108
172
33
-206
-280
6218
1216643
-703
-159
42
2241
598
2830
1217668
-752
-41
112
2032
1508
2600
1218693
-376
51
16
253
-832
5055
1219718
434
-186
-39
618
-129
4158
1220743
681
-168
123
1423
1256
3678
1221768
-204
17
76
911
587
3822
1222793
-304
-117
-32
930
29
4282
1223818
405
-287
2
1200
135
4389
1224843
452
-293
23
1040
656
4296
1225868
226
-353
-216
960
445
5084
1226893
4
-520
-295
1718
989
3765
1227918
-340
-467
-121
1816
1601
2744
1228943
-264
-203
-26
706
886
3461
1221760
123
-38
73
1015
691
3508
1222785
177
49
46
1315
810
3802
1223810
63
66
-13
1468
719
3929
1224835
11
69
54
1423
954
3846
1225860
-205
80
132
1382
780
3681
1226885
-265
153
123
1339
542
3596
1227910
-86
199
117
1192
481
3878
1228935
78
168
92
1120
309
4374
1229960
172
95
40
1108
447
4437
1230985
72
4
24
1124
590
4095
1232010
-112
-18
-10
1203
507
3819
1233035
-64
17
-32
1212
537
3935
1234060
94
16
-27
1202
577
4075
1235085
136
9
-37
1226
649
3965
1236110
48
20
-41
1251
714
3725
1237135
-36
67
-41
1275
693
3592
1229952
-28
143
-43
1241
827
3787
1230977
-39
151
-22
1158
683
4078
1232002
-6
122
-22
1118
548
4135
1233027
80
99
-24
1083
717
4121
1234052
31
73
-7
1097
740
4041
1235077
-77
60
2
1143
666
3966
1236102
-83
60
-4
1129
661
4089
1237127
-21
30
3
1114
528
4159
1238152
54
-5
-4
1098
593
4072
1239177
39
-20
-13
1104
700
3973
1240202
-24
-16
-15
1110
681
3987
1241227
-33
-17
-6
1129
628
4034
1242252
14
-25
-5
1125
624
4044
1243277
36
-38
-13
1137
644
3967
1244302
14
-37
-16
1166
705
3884
1245327
-21
-19
-13
1152
670
3925
1238145
-15
-8
-8
1144
663
3976
1239170
1
-10
-11
1140
619
3996
1240195
22
-13
-22
1142
676
3959
1241220
-3
-4
-19
1152
734
3881
1242245
-51
19
-14
1160
661
3903
1243270
-40
29
-11
1147
583
3995
1244295
5
25
-11
1137
650
4017
1245320
3
9
-9
1113
675
4001
1246345
-34
4
-14
1146
647
3932
1247370
-57
34
-18
1142
681
3898
1248395
-38
56
-6
1164
683
3921
1249420
-3
49
-4
1120
563
4093
1250445
94
37
-20
1132
521
4328
1251470
267
87
-1
1065
759
4398
1252495
256
88
93
1049
1375
3140
1253520
-272
268
325
1307
1349
2057
1246335
-593
553
157
1556
483
3625
1247360
17
430
115
1458
886
4754
1248385
615
88
104
-952
-296
7669
1249410
-48
-216
4
547
327
5180
1250435
-869
-217
159
2649
2118
1271
1251460
-1469
97
-93
834
37
3333
1252485
-559
-23
-99
441
-1377
4453
1253510
1150
-189
169
1153
219
4213
1254535
795
-253
249
1033
1318
4218
1255560
-351
-305
-3
887
-22
4488
1256585
-88
-350
-186
933
-433
4940
1257610
524
-506
-200
1033
137
4661
1258635
571
-587
-279
1632
2026
3490
1259660
-309
-532
-50
1749
1719
3013
1260685
-341
-286
1
887
563
3536
1261710
191
-147
150
957
-58
3517
1254528
544
-4
-5
1216
733
3851
1255553
314
-17
-50
1329
982
4126
1256578
-126
-57
-31
1564
837
4086
1257603
-277
-97
15
1354
620
4141
1258628
-188
-160
39
1166
475
4106
1259653
-28
-192
29
1194
413
3880
1260678
95
-174
-5
1310
467
3707
1261703
114
-151
-47
1438
392
3755
1262728
62
-108
-101
1455
441
3927
1263753
47
-132
-129
1384
500
4003
1264778
13
-136
-131
1355
648
3830
1265803
14
-123
-144
1306
697
3847
1266828
54
-121
-145
1343
778
3788
1267853
57
-102
-126
1405
831
3718
1268878
14
-67
-104
1476
795
3678
1269903
0
-13
-81
1492
889
3646
1262720
-35
27
-41
1459
903
3666
1263745
-51
60
-12
1382
795
3792
1264770
-14
83
9
1345
828
3827
1265795
-41
93
30
1355
813
3769
1266820
-102
118
31
1403
767
3746
1267845
-103
141
35
1373
705
3860
1268870
-66
136
51
1328
626
3936
1269895
-26
125
50
1305
558
3990
1270920
-11
110
37
1289
563
3965
1271945
-21
98
23
1287
586
3923
1272970
-51
91
3
1295
577
3954
1273995
-54
85
-10
1298
534
3973
1275020
-7
73
-23
1277
566
4032
1276045
35
51
-27
1264
655
4020
1277070
25
29
-27
1251
690
3980
1278095
-6
21
-26
1250
727
3928
1270913
-24
20
-15
1257
686
3944
1271938
-9
23
1
1284
679
3891
1272963
-2
28
15
1281
663
3884
1273988
-6
33
9
1278
620
3923
1275013
-3
36
0
1249
611
3942
1276038
-15
39
-15
1242
634
3898
1277063
-38
48
-31
1261
622
3872
1278088
-40
61
-47
1255
603
3918
1279113
-27
66
-58
1250
657
3935
1280138
-29
62
-58
1244
670
3953
1281163
-21
54
-49
1229
667
3978
1282188
-9
47
-32
1199
693
3990
1283213
-7
37
-11
1197
698
3987
1284238
-21
38
0
1241
695
3911
1285263
-38
53
9
1257
607
3852
1286288
15
42
17
1245
488
3904
1279104
158
66
20
1316
537
4004
1280129
130
143
-6
1318
499
3789
1281154
120
273
-41
929
1405
3605
1282179
-16
299
104
1241
1618
3305
1283204
-439
424
232
1706
1217
2874
1284229
-380
425
103
150
1
5728
1285254
-473
88
-166
369
-431
6670
1286279
38
-171
142
2426
824
2600
1287304
-392
219
178
1196
1101
2561
1288329
-621
156
-58
308
-93
4448
1289354
105
-73
72
1248
-304
4222
1290379
810
34
206
971
724
4328
1291404
186
-93
143
655
352
4330
1292429
-253
-242
-61
1000
-235
4811
1293454
380
-370
-202
765
-184
5354
1294479
570
-612
-200
1347
881
4363
1287296
218
-661
-215
2004
2440
2962
1288321
-338
-446
80
946
698
3031
1289346
-277
-161
60
792
242
3076
1290371
69
19
-75
1410
416
3738
1291396
387
41
-99
1422
846
4369
1292421
286
-35
26
1413
1018
4129
1293446
-128
-72
76
1430
685
3638
1294471
-269
-13
15
1301
340
3601
1295496
-13
49
-3
1170
535
3902
1296521
120
38
11
1221
684
4039
1297546
56
23
-5
1315
614
4043
1298571
-12
10
-30
1273
528
3996
1299596
9
3
-31
1214
604
3956
1300621
-26
7
-33
1210
670
3880
1301646
-49
28
-29
1254
758
3753
1302671
-82
83
-18
1314
831
3676
1295489
-141
122
-13
1318
543
3858
1296514
-16
112
-20
1263
418
4072
1297539
104
75
-27
1199
617
4067
1298564
37
56
-34
1160
675
3957
1299589
-59
66
-51
1175
676
3871
1300614
-93
91
-54
1195
659
3887
1301639
-69
93
-52
1214
590
4006
1302664
15
73
-39
1210
606
4092
1303689
41
46
-34
1173
698
4029
1304714
-42
44
-38
1171
696
3892
1305739
-95
64
-40
1150
610
3908
1306764
-78
72
-45
1161
548
3965
1307789
-20
76
-51
1180
573
3990
1308814
-7
71
-52
1174
474
3955
1309839
-6
79
-75
1170
529
3912
1310864
-44
92
-95
1157
562
3916
1303681
-114
102
-112
1145
448
3948
1304706
-97
106
-146
1104
446
4012
1305731
-65
107
-182
1102
518
3984
1306756
-96
121
-203
1112
569
3911
1307781
-93
139
-224
1129
524
3971
1308806
-25
139
-226
1071
624
4026
1309831
-43
144
-221
1054
766
3938
1310856
-140
179
-203
1143
730
3831
1311881
-167
217
-188
1155
640
3858
1312906
-116
231
-169
1091
587
3931
1313931
-16
226
-142
1058
608
3964
1314956
56
233
-113
1037
687
3934
1315981
58
263
-84
983
724
3913
1317006
27
289
-72
895
649
4006
1318031
58
292
-70
831
548
4113
1319056
92
297
-63
764
656
4082
1311873
27
310
-46
721
670
4024
1312898
-17
316
-50
727
594
4160
1313923
50
297
-51
689
635
4345
1314948
108
258
-26
595
729
4374
1315973
132
192
-16
466
793
4309
1316998
208
149
-7
555
952
3902
1318023
346
201
21
755
1168
3664
1319048
460
254
109
528
1546
4566
1320073
518
181
159
322
1781
5363
1321098
490
-33
396
396
1181
4760
1322123
165
-132
447
22
437
4311
1323148
-959
-106
174
-241
664
4964
1324173
-927
-310
252
1318
764
4066
1325198
-372
-248
393
1203
586
3627
1326223
-120
-270
444
515
782
3559
1327248
-49
-403
449
697
-219
4337
1320065
124
-464
284
382
-842
4974
1321090
339
-628
16
226
-144
5440
1322115
511
-874
-164
916
582
4880
1323140
396
-930
-162
1841
2045
3326
1324165
-187
-814
189
1958
2297
2796
1325190
-406
-621
343
740
365
3459
1326215
93
-478
338
622
-201
3543
1327240
558
-388
238
1144
420
3704
1328265
474
-311
113
1280
959
3929
1329290
75
-292
135
1302
981
3857
1330315
-278
-245
183
1371
445
3457
1331340
-287
-145
116
1391
188
3477
1332365
-82
-92
4
1409
259
3777
1333390
144
-93
-37
1436
521
3895
1334415
234
-113
-11
1457
795
3894
1335440
101
-126
2
1493
831
3896
1328257
-50
-135
12
1530
748
3917
1329282
-84
-149
39
1510
692
3921
1330307
-84
-162
68
1453
670
3873
1331332
-69
-170
80
1393
624
3845
1332357
-28
-166
80
1402
654
3785
1333382
-30
-164
52
1486
610
3798
1334407
-61
-158
2
1489
619
3825
1335432
-102
-150
-22
1495
612
3740
1336457
-129
-122
-36
1547
549
3689
1337482
-92
-96
-30
1532
530
3715
1338507
-13
-75
-24
1448
639
3816
1339532
-24
-74
-35
1503
667
3859
1340557
-33
-80
-25
1515
609
3887
1341582
-5
-82
-14
1519
635
3846
1342607
9
-80
4
1565
706
3780
1343632
-20
-79
15
1612
620
3768
1336447
10
-79
24
1569
590
3765
1337472
46
-72
29
1537
685
3755
1338497
36
-69
21
1562
655
3807
1339522
46
-72
17
1539
668
3822
1340547
52
-75
24
1530
682
3788
1341572
33
-61
25
1560
720
3751
1342597
11
-37
40
1557
729
3752
1343622
-12
-25
54
1567
741
3742
1344647
-53
-15
60
1600
611
3688
1345672
-36
11
46
1595
582
3675
1346697
6
32
46
1615
624
3704
1347722
8
37
46
1610
547
3781
1348747
4
35
34
1568
574
3817
1349772
-8
36
29
1551
639
3769
1350797
-26
51
25
1551
637
3725
1351822
-31
69
16
1571
576
3756
1344640
-11
88
12
1579
590
3765
1345665
4
103
19
1550
600
3716
1346690
17
123
17
1565
636
3659
1347715
25
157
16
1626
647
3611
1348740
50
188
46
1619
600
3574
1349765
150
245
78
1708
625
3497
1350790
243
403
107
1695
1011
3276
1351815
-63
601
132
1564
1752
2960
1352840
-441
612
278
1676
627
3017
1353865
-93
605
199
137
-534
6552
1354890
525
207
-178
-245
648
7057
1355915
-640
-157
414
2777
1875
1870
1356940
-1028
185
241
1698
814
2778
1357965
-372
163
152
471
-1138
4664
1358990
271
-64
34
1065
-617
4636
1360015
594
-126
76
1568
962
4154
1352832
-171
-155
14
1128
-465
4297
1353857
-252
-251
-388
1263
-230
4581
1354882
377
-351
-279
1819
2041
3692
1355907
17
-385
99
1629
1183
3525
1356932
-191
-262
21
1120
85
3362
1357957
223
-60
-11
1098
9
3434
1358982
612
62
-44
1312
1073
3739
1360007
325
115
-44
1296
1171
4081
1361032
-160
110
21
1502
592
3861
1362057
-359
118
-6
1564
277
3789
1363082
-180
89
-58
1518
242
3891
1364107
120
56
-28
1464
580
3964
1365132
167
4
-12
1369
598
4051
1366157
80
11
-17
1295
674
3925
1367182
-2
18
-17
1241
653
3965
1368207
-34
-6
-27
1300
492
4018
1361023
-2
-9
-10
1367
632
3830
1362048
-27
2
-6
1358
638
3892
1363073
-17
-9
-18
1336
532
4036
1364098
26
-8
0
1334
601
3953
1365123
12
-11
0
1333
558
3913
1366148
1
-16
-12
1376
532
3921
1367173
19
-15
4
1409
577
3882
1368198
26
-18
-6
1386
594
3936
1369223
22
-37
-13
1371
570
3930
1370248
58
-35
1
1356
617
3866
1371273
68
-33
0
1357
667
3862
1372298
36
-28
-6
1362
661
3864
1373323
6
-16
-10
1362
666
3820
1374348
-17
4
-8
1371
663
3804
1375373
-19
14
-4
1395
630
3867
1376398
-2
16
2
1395
635
3939
1369216
-8
11
9
1374
646
3929
1370241
-29
15
12
1342
627
3878
1371266
-45
26
13
1339
550
3832
1372291
-32
37
1
1359
545
3890
1373316
-18
34
-8
1368
585
3954
1374341
-17
19
-10
1367
598
3942
1375366
-27
9
-10
1343
582
3902
1376391
-27
5
-8
1355
535
3857
1377416
-2
12
-21
1363
532
3896
1378441
25
9
-22
1334
621
3964
1379466
30
5
-9
1339
693
3957
1380491
22
2
4
1325
613
3982
1381516
49
-22
6
1309
600
4026
1382541
41
-37
13
1321
671
3876
1383566
-14
-19
31
1380
655
3756
1384591
-43
6
20
1402
557
3822
1377409
4
11
14
1371
592
3934
1378434
58
-15
21
1336
634
4053
1379459
62
-46
30
1326
607
4002
1380484
38
-42
31
1348
657
3839
1381509
-14
-14
21
1358
688
3770
1382534
-62
15
21
1371
592
3795
1383559
-46
50
11
1471
594
3821
1384584
22
88
38
1639
470
3579
1385609
209
200
85
1440
655
3449
1386634
153
388
40
1307
1096
3189
1387659
-168
469
19
1337
812
3601
1388684
-272
435
-3
1366
720
4252
1389709
-69
337
-18
171
495
5499
1390734
-667
110
-32
970
376
5035
1391759
-702
-43
51
2254
499
3182
1392784
-284
145
11
983
123
3572
1385599
-97
70
-39
698
-156
3884
1386624
431
-79
14
1409
372
4286
1387649
242
-78
65
938
617
4580
1388674
-129
-267
38
874
-81
4168
1389699
85
-351
-89
1112
-428
4945
1390724
460
-503
-297
911
72
5303
1391749
412
-732
-376
1779
1563
3648
1392774
-87
-682
-151
2150
1790
2899
1393799
-395
-447
-69
1225
996
3070
1394824
-188
-173
125
924
453
2931
1395849
219
64
75
1297
369
3199
1396874
442
193
16
1551
909
3756
1397899
219
201
12
1559
1021
4092
1398924
-89
149
87
1561
601
4116
1399949
-212
98
93
1541
294
3937
1400974
-91
74
62
1397
355
3881
1393792
45
51
26
1254
547
4012
1394817
79
25
26
1255
521
4019
1395842
61
32
12
1322
526
3973
1396867
-24
39
-4
1398
567
3828
1397892
-53
47
-13
1401
502
3846
1398917
-5
55
-18
1343
548
3929
1399942
29
37
-14
1297
573
3983
1400967
-12
45
-33
1323
660
3816
1401992
-93
72
-41
1362
608
3725
1403017
-124
113
-54
1438
623
3634
1404042
-96
131
-55
1400
531
3839
1405067
19
93
-39
1329
376
4188
1406092
212
23
-11
1216
613
4362
1407117
174
-52
16
1166
766
4270
1408142
-1
-84
25
1175
657
4082
1409167
-43
-94
24
1226
544
3953
1401984
-29
-62
23
1329
693
3766
1403009
-48
-33
24
1395
638
3791
1404034
-16
-25
15
1410
585
3883
1405059
39
-42
23
1394
628
3875
1406084
13
-41
30
1342
577
3863
1407109
-16
-26
21
1320
575
3861
1408134
-42
-10
17
1343
549
3826
1409159
-41
11
8
1343
478
3907
1410184
4
23
-3
1344
511
3939
1411209
37
21
1
1341
558
3937
1412234
20
15
4
1336
575
3927
1413259
1
14
1
1325
560
3936
1414284
10
15
1
1343
562
3912
1415309
24
32
11
1349
611
3804
1416334
60
54
26
1359
624
3817
1417359
106
70
31
1415
666
3801
1410366
242
108
73
1377
686
3885
1411391
359
189
100
1353
992
4229
1412416
268
171
162
1041
1417
3569
1413441
-332
265
242
1331
362
2769
1414466
-438
432
59
1840
331
3128
1415491
30
452
-189
106
93
7312
1416516
-460
-8
-87
865
405
4768
1417541
-657
-111
65
2446
1243
1975
1418566
-228
149
-181
958
23
3636
1419591
180
63
-44
784
214
4189
1420616
118
-55
96
1297
530
4139
1421641
-50
-82
51
1054
277
3784
1422666
-85
-81
-36
1017
-48
4541
1423691
206
-200
-207
876
-351
5799
1424716
501
-560
-220
1172
96
4531
1425741
337
-590
-194
2097
2162
2564
1418369
-35
-408
-102
1701
1691
3264
1419394
19
-215
102
783
143
3626
1420419
485
-21
78
814
753
3765
1421444
342
-1
87
1395
1065
3783
1422469
-106
52
26
1457
869
3820
1423494
-279
84
63
1551
658
3771
1424519
-203
102
99
1503
458
3839
1425544
-32
81
69
1392
266
3893
1426569
112
58
20
1364
447
3824
1427594
118
57
-7
1318
560
3922
1428619
32
51
-39
1306
591
4009
1429644
-23
38
-38
1283
613
4024
1430669
-11
23
-25
1267
652
3933
1431694
17
35
-21
1269
658
3867
1432719
28
61
-26
1243
729
3900
1433744
-20
63
-27
1240
677
3973
1426561
-46
57
-22
1290
601
4022
1427586
23
26
-9
1308
669
4055
1428611
33
0
15
1323
741
3928
1429636
-11
2
31
1302
725
3851
1430661
-32
10
29
1265
616
3941
1431686
8
3
22
1235
580
3995
1432711
35
-11
20
1233
639
3979
1433736
21
-15
21
1264
662
3930
1434761
-10
-3
19
1289
658
3901
1435786
-32
-5
10
1284
560
3923
1436811
-5
-16
-5
1315
561
3925
1437836
35
-12
-6
1303
669
3918
1438861
21
-12
-2
1275
696
3901
1439886
-10
-6
-2
1278
654
3878
1440911
-10
11
2
1273
635
3863
1441936
-11
30
-11
1293
656
3887
1434752
-15
30
-10
1299
635
3922
1435777
-4
20
-6
1283
635
3957
1436802
3
11
-5
1265
645
3975
1437827
-5
5
-3
1249
648
3966
1438852
-10
0
-2
1254
624
3935
1439877
5
-3
-7
1262
664
3960
1440902
8
-11
1
1270
661
3971
1441927
1
-16
8
1285
632
3884
1442952
-1
-6
7
1287
609
3861
1443977
4
1
-5
1273
620
3943
1445002
9
-5
-8
1268
645
3953
1446027
4
-8
-9
1275
662
3911
1447052
0
1
-2
1269
675
3875
1448077
9
9
-2
1277
675
3883
1449102
-2
26
-5
1294
677
3899
1450127
-12
41
5
1326
560
3786
1442944
40
78
24
1262
671
3631
1443969
89
164
40
1357
777
3606
1444994
38
246
48
1461
605
3785
1446019
61
289
71
1161
854
4226
1447044
-57
244
33
947
1099
4490
1448069
-230
169
106
1218
618
3958
1449094
-259
209
102
1277
756
2993
1450119
-215
342
154
829
545
3744
1451144
-207
287
-119
368
-44
6246
1452169
-213
-73
34
1989
587
3957
1453194
-373
-11
59
1537
972
3017
1454219
-354
83
73
728
-24
3758
1455244
21
-42
-43
828
-34
4316
1456269
270
-159
20
1014
573
4547
1457294
-131
-169
-19
887
142
4320
1458319
-143
-277
-290
864
-863
5176
1451135
481
-526
-374
1462
862
4610
1452160
313
-591
-96
2008
2486
2858
1453185
-272
-456
73
1204
1209
3337
1454210
-185
-207
141
858
142
3192
1455235
248
25
83
1093
315
3434
1456260
421
139
22
1215
1045
3766
1457285
147
183
74
1464
949
3855
1458310
-188
194
110
1543
542
3964
1459335
-200
159
95
1423
303
4160
1460360
-9
78
101
1196
303
4224
1461385
76
13
73
1096
350
4101
1462410
32
9
25
1146
466
3894
1463435
-32
26
-26
1198
435
4064
1464460
-6
5
-40
1236
549
4135
1465485
48
-34
-2
1250
589
4027
1466510
40
-38
9
1243
612
3846
1459329
14
-20
-8
1222
547
3872
1460354
2
14
-20
1237
607
3880
1461379
5
26
-18
1253
591
4008
1462404
20
17
-12
1270
569
3985
1463429
30
27
5
1283
655
3836
1464454
-14
31
-4
1250
587
3932
1465479
-11
22
-12
1202
516
3980
1466504
8
27
-12
1182
623
3921
1467529
-16
38
-22
1195
610
3981
1468554
-18
37
-22
1209
589
3994
1469579
-14
33
-11
1209
565
3988
1470604
-20
21
-24
1215
555
4018
1471629
-3
10
-16
1210
587
4014
1472654
8
-2
-6
1206
595
3994
1473679
-4
1
-5
1200
618
3960
1474704
-14
10
-3
1191
595
3939
1467520
-8
21
-3
1207
557
3944
1468545
4
22
-8
1216
550
3982
1469570
20
13
-11
1204
569
4026
1470595
21
5
-9
1190
579
4021
1471620
7
-1
-9
1195
599
3947
1472645
0
2
-11
1211
606
3957
1473670
11
3
-7
1196
628
3990
1474695
8
3
1
1192
639
3953
1475720
3
2
4
1207
621
3926
1476745
2
10
7
1204
609
3938
1477770
1
19
9
1213
602
3960
1478795
5
22
15
1208
605
3937
1479820
26
34
32
1233
599
3889
1480845
73
76
61
1281
662
3915
1481870
177
163
84
1420
885
3856
1482895
188
229
142
1136
1308
3868
1475711
-200
259
208
977
1135
3279
1476736
-510
342
189
1189
410
2771
1477761
-429
461
44
196
-361
5702
1478786
-3
54
-75
1344
392
6313
1479811
-91
-98
237
1829
980
3220
1480836
-697
37
37
696
305
3407
1481861
-321
-55
-37
738
-839
4104
1482886
389
-87
-33
1172
396
3914
1483911
250
-7
5
1229
875
3855
1484936
-246
9
10
898
237
4167
1485961
-120
-205
-3
859
-191
4732
1486986
367
-342
24
1059
83
4417
1488011
351
-384
-40
1024
592
4439
1489036
126
-424
-212
1189
454
4378
1490061
218
-447
-198
1667
1665
3540
1491086
17
-443
79
1521
1260
3319
1483905
-121
-252
119
959
153
3304
1484930
217
-50
57
1066
340
3490
1485955
343
26
-15
1458
902
3815
1486980
164
40
22
1428
787
4083
1488005
-5
37
89
1334
613
4135
1489030
-128
-9
79
1302
259
3997
1490055
-45
-4
51
1258
436
3767
1491080
24
20
12
1272
520
3838
1492105
24
42
-6
1264
537
3909
1493130
27
30
-22
1294
467
4062
1494155
22
5
-38
1306
499
3944
1495180
23
13
-24
1267
609
3877
1496205
-3
29
-33
1257
607
3832
1497230
-22
78
-30
1262
721
3821
1498255
-43
78
-36
1248
544
4018
1499280
-7
63
-29
1255
470
4089
1492096
84
33
-2
1244
612
4034
1493121
28
20
5
1263
709
3911
1494146
-15
30
20
1226
683
3975
1495171
-15
8
18
1179
543
4104
1496196
-2
-25
2
1180
496
4068
1497221
39
-32
4
1241
634
3949
1498246
29
-24
23
1272
727
3893
1499271
-41
-14
26
1272
618
3908
1500296
-37
-13
20
1242
492
3969
1501321
21
-18
19
1257
532
3885
1502346
27
4
15
1281
605
3840
1503371
6
32
5
1264
578
3871
1504396
7
53
2
1249
500
3872
1505421
22
64
-17
1254
542
3887
1506446
27
70
-24
1249
563
3937
1507471
47
67
-25
1218
575
4033
1500287
46
52
-29
1193
647
4035
1501312
16
38
-22
1183
646
4010
1502337
-2
35
-18
1186
646
4011
1503362
6
27
-7
1179
661
4052
1504387
15
10
8
1185
700
4062
1505412
-4
-8
30
1191
661
4002
1506437
-4
-21
39
1203
640
4003
1507462
1
-36
46
1205
628
4018
1508487
-3
-51
45
1215
589
3981
1509512
-4
-51
37
1222
557
3922
1510537
12
-48
24
1217
558
3961
1511562
25
-41
24
1229
546
3926
1512587
32
-33
16
1237
539
3905
1513612
29
-21
3
1256
565
3884
1514637
34
-12
-4
1250
556
3912
1515662
45
-5
-13
1239
583
3915
1508480
53
3
-16
1234
619
3907
1509505
49
13
-21
1239
659
3933
1510530
37
20
-17
1242
668
3910
1511555
18
33
-19
1237
704
3894
1512580
-2
39
-15
1232
666
3895
1513605
0
45
-12
1224
644
3953
1514630
13
38
-9
1210
667
3994
1515655
15
30
5
1204
663
3980
1516680
12
32
17
1193
654
3947
1517705
9
41
26
1190
661
3962
1518730
5
44
31
1179
641
3990
1519755
13
38
33
1170
614
4016
1520780
28
27
32
1172
629
4021
1521805
36
11
26
1162
678
4063
1522830
23
-13
24
1157
668
4085
1523855
15
-36
26
1157
664
4057
1516672
30
-58
34
1183
685
4001
1517697
46
-69
51
1207
689
3968
1518722
34
-72
57
1220
695
3942
1519747
5
-68
60
1221
679
3908
1520772
-7
-66
56
1226
667
3953
1521797
-2
-71
53
1248
646
3942
1522822
-5
-70
46
1239
636
3879
1523847
-19
-56
37
1236
638
3888
1524872
-23
-46
35
1238
610
3890
1525897
-15
-30
32
1260
595
3878
1526922
-13
-21
25
1285
585
3903
1527947
-9
-14
23
1280
567
3920
1528972
-1
-13
15
1267
542
3944
1529997
2
-14
1
1238
563
3949
1531022
-3
-12
-15
1233
587
3929
1532047
-15
-10
-35
1259
575
3877
1524865
-22
-3
-55
1277
615
3861
1525890
-29
7
-64
1285
602
3879
1526915
-21
23
-68
1277
620
3888
1527940
-6
43
-59
1247
650
3898
1528965
4
71
-42
1246
653
3881
1529990
11
100
-33
1229
699
3872
1531015
-29
98
-47
1238
599
3899
1532040
-27
97
-60
1236
561
3920
1533065
10
99
-60
1211
594
3958
1534090
29
98
-61
1176
644
3989
1535115
15
90
-63
1177
621
4005
1536140
-3
86
-71
1179
613
3979
1537165
16
83
-68
1162
620
4016
1538190
39
68
-69
1134
698
4069
1539215
19
45
-71
1146
730
4027
1540240
-12
31
-71
1137
696
3998
1533056
-1
25
-61
1112
675
4033
1534081
25
17
-51
1102
706
4033
1535106
27
9
-37
1116
718
4016
1536131
14
4
-25
1131
724
4021
1537156
12
-8
-15
1136
696
4048
1538181
20
-23
-8
1125
700
4035
1539206
28
-40
-3
1126
695
3998
1540231
25
-45
-2
1137
716
3974
1541256
17
-47
2
1156
726
3965
1542281
11
-49
6
1188
745
3941
1543306
0
-45
12
1179
736
3904
1544331
-13
-36
12
1171
695
3905
1545356
-15
-17
13
1179
669
3877
1546381
-18
5
12
1201
661
3858
1547406
-19
21
4
1207
666
3900
1548431
-13
31
0
1159
662
3930
1541248
-13
38
-3
1145
635
3942
1542273
1
44
-7
1164
576
3973
1543298
36
49
-5
1135
590
4007
1544323
54
41
-9
1120
655
4025
1545348
42
30
-17
1136
669
3995
1546373
31
24
-25
1109
676
3987
1547398
32
20
-31
1104
710
3999
1548423
33
7
-33
1120
732
4035
1549448
36
-8
-31
1141
726
3993
1550473
18
-11
-30
1147
778
3944
1551498
-10
-4
-31
1132
775
3956
1552523
-22
0
-22
1143
746
3940
1553548
-26
5
-19
1152
753
3902
1554573
-34
17
-23
1162
766
3876
1555598
-54
38
-24
1179
718
3830
1556623
-57
65
-27
1169
656
3830
1549518
-39
91
-31
1146
665
3868
1550543
-44
112
-31
1129
639
3899
1551568
-36
129
-29
1101
580
3931
1552593
-6
137
-33
1079
616
3995
1553618
3
135
-47
1087
696
4041
1554643
-11
128
-48
1073
719
3982
1555668
-17
133
-34
1000
691
3922
1556693
3
158
-30
988
695
3917
1557718
24
173
-35
1017
699
3982
1558743
24
169
-34
1020
622
4036
1559768
42
165
-32
1009
637
4022
1560793
59
158
-45
970
722
4092
1561818
31
143
-47
917
716
4119
1562843
11
128
-50
887
728
4088
1563868
5
122
-51
880
779
4061
1564893
-8
115
-47
873
768
4085
1557632
-6
103
-46
876
752
4136
1558657
1
85
-36
915
784
4112
1559682
-8
71
-23
923
825
4024
1560707
-43
66
-27
897
819
4058
1561732
-66
66
-23
883
743
4088
1562757
-47
61
-16
855
701
4088
1563782
-18
50
-2
838
708
4090
1564807
-6
39
10
843
702
4121
1565832
411
-118
-28
697
894
3731
1566857
1920
-504
-75
828
-317
4034
1567882
880
38
-36
1332
1684
4015
1568907
-228
321
69
1167
1251
4052
1569932
-95
230
79
629
816
4023
1570957
-99
-60
-391
365
1254
4202
1571982
-1145
109
-116
1383
977
3964
1573007
-450
73
56
758
446
4082
1565824
-84
54
-10
686
503
4059
1566849
113
13
-54
882
916
4074
1567874
66
-55
42
788
835
4019
1568899
-34
-56
33
809
869
3987
1569924
-79
-50
9
864
837
3999
1570949
-37
-92
-27
862
769
4001
1571974
-2
-81
-51
899
790
3965
1572999
-13
-70
-40
799
875
4002
1574024
-26
-115
48
882
808
4016
1575049
-3
-85
43
971
787
4048
1576074
-20
-64
-20
900
895
4059
1577099
-48
-30
-49
789
909
4027
1578124
-58
-2
-168
863
920
4036
1579149
-83
-44
-115
983
706
4016
1580174
-18
-48
-63
886
764
4046
1581199
