Device = VHR-0009
time_stamp = 1779871572248
sample_rate = 50
Data format = INT16
TYPE = 6-AXIS IMU RAW DATA
-3
-11
7
-1696
-1223
3834
58496
-17
-11
5
-1698
-1245
3808
59521
-20
-8
1
-1685
-1262
3800
60546
-15
-1
1
-1665
-1267
3795
61571
-7
5
2
-1663
-1268
3798
62596
1
7
2
-1657
-1259
3807
63621
7
4
5
-1677
-1255
3829
64646
10
-5
4
-1682
-1241
3829
65671
6
-13
4
-1686
-1233
3826
66696
-2
-19
1
-1692
-1239
3818
67721
-6
-19
-1
-1687
-1258
3807
68746
-1
-19
-2
-1693
-1273
3815
69771
12
-30
-7
-1684
-1278
3828
70796
26
-53
-14
-1679
-1262
3849
71821
32
-84
-20
-1682
-1251
3870
72846
36
-122
-29
-1681
-1226
3877
73871
29
-159
-39
-1684
-1179
3896
66688
2
-195
-50
-1684
-1179
3927
67713
-33
-251
-58
-1685
-1149
4008
68738
-88
-329
-65
-1626
-1107
4078
69763
-125
-401
-47
-1543
-1050
4080
70788
-174
-494
16
-1574
-918
4232
71813
-281
-621
111
-1454
-990
4697
72838
-464
-704
185
-1094
-1372
4618
73863
-1120
-552
-16
-582
-1217
4751
74888
-1270
-283
104
-644
-1966
5135
75913
-885
-21
453
-912
-2627
4989
76938
-366
65
347
482
-3776
5237
77963
268
562
-283
-519
-2778
4660
78988
762
895
540
-2158
-1416
4483
80013
430
985
408
-1774
-2031
4541
81038
279
1141
399
-1261
-2187
4212
82063
231
1274
418
-952
-1890
3674
74880
174
1341
455
-1051
-1900
3264
75905
277
1299
509
-1187
-1494
2961
76930
328
1215
564
-1389
-1088
2731
77955
161
1126
558
-1636
-850
2546
78980
-91
1029
490
-1732
-883
2400
80005
-111
950
430
-2193
-1083
2365
81030
127
816
463
-3290
-1094
2619
82055
357
563
443
-3259
-742
2792
83080
340
437
422
-2597
-509
2775
84105
208
449
442
-2609
-803
2733
85130
212
453
401
-2989
-1040
2827
86155
348
450
387
-3133
-813
3156
87180
286
492
427
-3031
-586
3499
88205
20
600
480
-2926
-767
3596
89230
-206
732
514
-2932
-965
3442
90255
-264
838
520
-3005
-756
3191
83073
-324
890
532
-3032
-541
2889
84098
-424
881
527
-2962
-439
2574
85123
-490
840
513
-2885
-502
2401
86148
-459
784
498
-3062
-646
2362
87173
-294
697
485
-3242
-603
2481
88198
-189
610
459
-3333
-428
2562
89223
-179
538
440
-3422
-481
2528
90248
-174
470
411
-3322
-533
2529
91273
-192
445
390
-3257
-664
2536
92298
-128
436
372
-3286
-883
2572
93323
59
416
359
-3322
-876
2632
94348
179
401
366
-3341
-691
2650
95373
142
420
393
-3469
-607
2625
96398
22
439
379
-3459
-591
2585
97423
-94
468
345
-3482
-621
2514
98448
-136
478
306
-3448
-647
2416
91264
-121
487
284
-3538
-555
2330
92289
-113
459
251
-3505
-525
2238
93314
-89
408
222
-3435
-568
2214
94339
-34
355
200
-3468
-567
2253
95364
29
293
177
-3486
-538
2238
96389
68
225
157
-3504
-484
2198
97414
94
176
147
-3587
-453
2201
98439
124
136
134
-3636
-472
2199
99464
144
103
109
-3640
-412
2121
100489
120
80
95
-3657
-345
2070
101514
52
63
81
-3675
-328
2087
102539
-15
33
65
-3691
-350
2088
103564
-32
-22
40
-3623
-388
2095
104589
-12
-78
12
-3555
-384
2148
105614
19
-114
-6
-3611
-444
2230
106639
63
-145
-40
-3656
-489
2323
99457
94
-159
-80
-3598
-450
2391
100482
111
-149
-100
-3528
-433
2444
101507
111
-126
-104
-3520
-503
2474
102532
118
-97
-90
-3558
-572
2461
103557
140
-72
-79
-3524
-484
2477
104582
102
-27
-63
-3558
-439
2512
105607
36
23
-51
-3650
-501
2460
106632
8
41
-53
-3562
-518
2327
107657
22
52
-40
-3539
-538
2293
108682
37
51
-23
-3613
-540
2299
109707
48
21
-23
-3556
-511
2313
110732
43
-1
-25
-3578
-488
2316
111757
17
-24
-38
-3587
-495
2284
112782
20
-53
-57
-3474
-568
2331
113807
72
-60
-60
-3503
-604
2416
114832
145
-72
-52
-3582
-557
2465
107647
194
-85
-52
-3519
-461
2488
108672
174
-64
-50
-3566
-426
2475
109697
116
-42
-66
-3598
-446
2418
110722
70
-25
-86
-3585
-485
2390
111747
45
-6
-88
-3614
-535
2364
112772
48
0
-79
-3613
-576
2343
113797
62
-4
-64
-3580
-561
2339
114822
50
-6
-46
-3550
-574
2342
115847
34
-11
-28
-3576
-618
2356
116872
30
-34
-17
-3555
-585
2375
117897
21
-45
-13
-3521
-573
2389
118922
5
-48
-4
-3541
-608
2397
119947
21
-54
-2
-3545
-568
2418
120972
31
-48
9
-3552
-566
2462
121997
41
-33
13
-3567
-567
2492
123022
49
-22
14
-3572
-560
2483
115840
47
-7
18
-3577
-562
2468
116865
28
12
16
-3557
-538
2476
117890
8
35
19
-3546
-542
2467
118915
15
52
30
-3559
-536
2450
119940
5
68
44
-3576
-528
2414
120965
-8
80
49
-3586
-480
2379
121990
-19
86
46
-3598
-468
2353
123015
-37
89
52
-3612
-521
2315
124040
-26
84
50
-3614
-499
2292
125065
-21
72
44
-3602
-459
2274
126090
-18
57
43
-3602
-464
2264
127115
13
37
37
-3610
-411
2275
128140
24
17
32
-3600
-419
2266
129165
24
0
28
-3577
-418
2273
130190
13
-8
21
-3576
-409
2283
131215
11
-16
18
-3594
-438
2290
124033
18
-24
21
-3593
-416
2297
125058
1
-24
17
-3590
-407
2305
126083
-11
-22
14
-3597
-440
2326
127108
0
-24
10
-3599
-445
2351
128133
9
-29
8
-3581
-453
2359
129158
7
-33
7
-3577
-465
2347
130183
2
-38
6
-3568
-459
2343
131208
-5
-41
8
-3562
-452
2370
132233
-11
-46
8
-3572
-483
2401
133258
2
-47
2
-3555
-493
2415
134283
22
-41
0
-3552
-478
2429
135308
32
-30
5
-3552
-480
2438
136333
29
-18
12
-3565
-491
2428
137358
26
-11
12
-3564
-432
2418
138383
1
1
15
-3578
-429
2400
139408
-22
9
13
-3582
-448
2369
132224
-19
8
5
-3577
-447
2338
133249
-5
7
5
-3579
-428
2339
134274
6
2
4
-3567
-443
2344
135299
20
-6
7
-3558
-443
2347
136324
15
-14
10
-3567
-410
2349
137349
-4
-19
16
-3570
-456
2353
138374
-12
-22
14
-3593
-463
2361
139399
-15
-26
8
-3575
-450
2372
140424
-20
-25
8
-3548
-462
2374
141449
-24
-23
6
-3571
-465
2393
142474
-25
-18
2
-3557
-470
2406
143499
-1
-8
8
-3565
-384
2417
144524
-34
-2
12
-3566
-413
2417
145549
-59
-3
11
-3555
-475
2404
146574
-59
0
6
-3566
-492
2381
147599
21
-4
-4
-3570
-476
2383
140594
76
-15
2
-3569
-407
2360
141619
28
-15
-2
-3558
-369
2340
142644
-19
-10
-5
-3579
-435
2373
143669
-28
-8
-6
-3581
-483
2403
144694
15
-18
2
-3558
-532
2362
145719
84
-27
3
-3546
-447
2344
146744
72
-16
2
-3557
-424
2371
147769
42
-15
2
-3570
-449
2381
148794
27
-20
0
-3553
-478
2380
149819
22
-17
8
-3548
-519
2400
150844
7
-5
6
-3582
-401
2435
151869
-22
1
-1
-3566
-419
2451
152894
-7
-4
12
-3542
-472
2404
153919
12
-6
18
-3534
-420
2371
154944
20
-8
12
-3538
-448
2398
155969
30
-1
15
-3562
-414
2459
148609
-3
11
14
-3560
-397
2449
149634
-37
17
16
-3556
-460
2400
150659
-19
12
19
-3577
-493
2386
151684
12
5
14
-3575
-409
2363
152709
6
6
6
-3581
-374
2364
153734
4
2
10
-3576
-449
2374
154759
6
-2
9
-3568
-424
2355
155784
-18
-2
7
-3575
-433
2355
156809
-15
-6
7
-3560
-482
2373
157834
32
-12
12
-3568
-427
2387
158859
24
-15
12
-3555
-390
2369
159884
-11
-17
13
-3558
-433
2369
160909
-9
-13
17
-3581
-443
2417
161934
-3
-7
11
-3579
-425
2427
162959
-2
-6
7
-3565
-430
2400
163984
4
-10
4
-3559
-428
2386
156801
8
-10
-3
-3548
-428
2390
157826
15
-5
-5
-3554
-425
2420
158851
10
-3
-1
-3558
-447
2416
159876
13
-5
3
-3552
-424
2409
160901
11
0
10
-3563
-449
2399
161926
10
5
7
-3563
-429
2397
162951
5
11
10
-3568
-416
2416
163976
-4
16
10
-3564
-419
2425
165001
4
20
6
-3552
-428
2416
166026
17
22
2
-3557
-411
2398
167051
16
26
-7
-3564
-406
2409
168076
22
30
-11
-3556
-406
2420
169101
28
34
-12
-3562
-376
2403
170126
8
37
-7
-3581
-391
2364
171151
-5
39
-10
-3577
-396
2355
172176
3
38
-16
-3588
-402
2366
164992
13
34
-18
-3581
-423
2360
166017
21
31
-20
-3581
-411
2335
167042
13
30
-18
-3582
-425
2333
168067
10
28
-13
-3590
-456
2341
169092
15
23
-9
-3612
-448
2344
170117
6
18
-8
-3598
-454
2322
171142
1
15
-3
-3598
-473
2335
172167
7
11
1
-3602
-472
2366
173192
14
4
1
-3582
-464
2364
174217
14
-1
0
-3571
-442
2366
175242
5
2
3
-3569
-431
2379
176267
0
6
11
-3595
-428
2374
177292
-2
8
13
-3603
-416
2344
178317
-13
12
10
-3613
-409
2323
179342
-15
12
7
-3604
-443
2320
180367
2
4
3
-3571
-442
2344
173183
13
-3
8
-3559
-448
2370
174208
18
-5
14
-3564
-426
2381
175233
0
-1
20
-3581
-401
2365
176258
-14
8
28
-3625
-393
2350
177283
-14
13
24
-3625
-404
2324
178308
-1
13
13
-3626
-386
2308
179333
-1
8
2
-3597
-382
2298
180358
-7
1
-6
-3593
-394
2301
181383
-5
-12
-12
-3579
-399
2300
182408
-4
-20
-16
-3581
-402
2308
183433
5
-21
-15
-3602
-428
2337
184458
14
-18
-14
-3604
-420
2345
185483
13
-17
-5
-3586
-442
2354
186508
13
-11
8
-3605
-458
2381
187533
0
-6
11
-3615
-440
2383
188558
-16
-1
10
-3604
-409
2338
181376
-39
-1
5
-3565
-425
2304
182401
-41
-7
4
-3567
-439
2322
183426
-17
-26
4
-3578
-432
2350
184451
-5
-44
-1
-3544
-433
2362
185476
-2
-49
-5
-3591
-454
2382
186501
1
-52
-12
-3599
-424
2389
187526
-9
-39
-8
-3611
-457
2395
188551
-10
-24
-3
-3601
-450
2376
189576
-25
-9
4
-3569
-446
2340
190601
-33
0
14
-3570
-473
2324
191626
-10
-8
13
-3569
-488
2371
192651
10
-15
13
-3565
-453
2398
193676
-10
-5
11
-3602
-385
2421
194701
-18
-8
15
-3598
-439
2374
195726
17
-20
21
-3583
-438
2320
196751
13
-23
11
-3580
-390
2321
189568
-16
-31
2
-3582
-400
2331
190593
-29
-43
-1
-3568
-433
2353
191618
-16
-50
2
-3569
-435
2347
192643
3
-53
4
-3565
-400
2358
193668
-3
-53
8
-3574
-387
2377
194693
-15
-53
8
-3586
-421
2413
195718
-17
-50
4
-3564
-441
2423
196743
-13
-47
2
-3550
-440
2406
197768
-9
-47
3
-3539
-434
2412
198793
-9
-46
2
-3541
-423
2426
199818
-15
-39
4
-3542
-431
2429
200843
-16
-32
3
-3544
-437
2425
201868
-14
-26
0
-3555
-440
2431
202893
-38
-23
-6
-3568
-400
2401
203918
-85
-41
3
-3589
-371
2309
204943
-62
-73
37
-3663
-508
2286
197759
54
-90
5
-3683
-621
2266
198784
82
-105
-47
-3708
-348
2023
199809
44
-161
24
-3320
-176
2712
200834
288
-138
186
-3342
-646
3478
201859
7
1
201
-3576
-694
2896
202884
-147
17
204
-3144
-379
2226
203909
-544
31
154
-3473
-166
1993
204934
-570
-108
42
-3717
-728
1692
205959
-65
-97
-64
-3612
-960
2542
206984
122
58
-97
-3525
-247
3420
208009
19
152
8
-3413
-62
2608
209034
53
130
58
-3522
-212
1892
210059
-24
51
20
-3451
-305
2143
211084
-30
21
28
-3498
-534
2554
212109
44
10
2
-3677
-404
2530
213134
77
11
-28
-3608
-292
2323
205952
110
24
-3
-3559
-478
2352
206977
143
33
26
-3593
-579
2483
208002
127
40
15
-3530
-483
2588
209027
41
51
7
-3487
-439
2556
210052
-25
51
9
-3500
-387
2450
211077
-4
35
22
-3526
-403
2363
212102
67
14
28
-3564
-362
2338
213127
74
7
20
-3599
-282
2373
214152
9
17
4
-3597
-338
2431
215177
-4
20
-7
-3577
-422
2422
216202
22
12
-13
-3550
-406
2370
217227
27
4
-7
-3554
-423
2336
218252
35
-1
-4
-3565
-405
2348
219277
33
-6
5
-3565
-410
2399
220302
31
-5
15
-3564
-429
2434
221327
25
-6
16
-3559
-400
2424
214145
24
-2
19
-3551
-446
2442
215170
55
2
27
-3546
-493
2464
216195
77
5
28
-3562
-421
2428
217220
97
13
34
-3562
-411
2435
218245
159
11
34
-3556
-360
2427
219270
144
6
35
-3538
-268
2388
220295
75
14
32
-3531
-285
2399
221320
29
15
28
-3554
-276
2392
222345
-3
13
32
-3584
-337
2355
223370
15
9
32
-3586
-376
2361
224395
34
8
32
-3586
-316
2368
225420
22
13
32
-3586
-338
2396
226445
27
8
25
-3576
-309
2399
227470
26
-9
17
-3550
-304
2377
228495
-2
-22
18
-3542
-330
2381
229520
-17
-14
25
-3567
-317
2401
222335
-13
-13
18
-3594
-343
2410
223360
38
-28
2
-3568
-276
2435
224385
53
-29
2
-3546
-245
2430
225410
19
2
9
-3537
-338
2411
226435
-2
24
6
-3538
-310
2380
227460
-20
33
1
-3557
-288
2381
228485
-22
38
0
-3595
-306
2399
229510
-9
24
1
-3585
-325
2390
230535
9
4
6
-3570
-330
2351
231560
5
3
4
-3561
-305
2350
232585
-3
13
8
-3572
-327
2401
233610
-8
14
8
-3572
-318
2407
234635
-13
5
1
-3564
-313
2367
235660
3
1
-1
-3568
-308
2367
236685
12
0
-1
-3581
-288
2394
237710
-11
-1
-9
-3579
-289
2379
230528
-39
-5
-10
-3577
-306
2335
231553
-47
-15
-6
-3584
-317
2316
232578
-58
-35
12
-3648
-261
2325
233603
-135
-38
3
-3653
-372
2353
234628
-188
-7
-33
-3629
-566
2281
235653
-66
-66
-29
-3739
-370
2013
236678
292
-124
0
-3406
-19
2739
237703
326
-58
69
-3426
-221
3413
238728
-74
44
24
-3477
-672
2951
239753
39
-3
59
-3391
-655
1784
240778
7
-101
-25
-3464
202
1386
241803
-194
-187
-38
-3793
-194
1796
242828
-61
-179
-144
-3719
-544
2618
243853
-20
14
-196
-3441
-166
3489
244878
-251
191
-84
-3446
-391
2968
245903
-41
133
-47
-3448
-431
1962
238720
79
45
-24
-3378
-296
2095
239745
-84
65
20
-3604
-532
2578
240770
-69
88
-19
-3715
-471
2683
241795
29
99
-22
-3606
-387
2536
242820
22
110
13
-3610
-388
2325
243845
-22
102
0
-3581
-472
2268
244870
6
77
-3
-3544
-507
2306
245895
33
55
-3
-3565
-369
2383
246920
4
52
7
-3582
-380
2405
247945
17
44
22
-3606
-334
2337
248970
-7
29
25
-3615
-358
2213
249995
-6
7
19
-3601
-430
2193
251020
48
-9
13
-3601
-308
2302
252045
25
-11
12
-3588
-287
2358
253070
-11
-12
18
-3600
-375
2332
254095
-15
-25
23
-3598
-407
2283
246912
-9
-37
20
-3607
-455
2296
247937
23
-35
8
-3583
-352
2390
248962
5
-20
15
-3570
-311
2454
249987
-33
-11
28
-3550
-418
2428
251012
-8
-16
33
-3557
-364
2393
252037
-3
-10
26
-3587
-336
2375
253062
-12
5
12
-3608
-356
2396
254087
14
6
5
-3582
-362
2405
255112
15
5
7
-3580
-368
2350
256137
7
5
9
-3577
-389
2327
257162
7
7
13
-3584
-374
2367
258187
-4
9
12
-3600
-353
2376
259212
6
4
9
-3595
-355
2366
260237
17
6
12
-3588
-373
2362
261262
-2
4
9
-3586
-371
2330
262287
6
1
8
-3581
-353
2340
255104
17
1
15
-3595
-313
2378
256129
-9
6
15
-3591
-335
2379
257154
-18
2
9
-3588
-367
2320
258179
7
-11
8
-3597
-346
2295
259204
15
-32
8
-3608
-302
2340
260229
-17
-46
14
-3580
-405
2361
261254
17
-22
13
-3558
-432
2401
262279
52
1
7
-3573
-300
2462
263304
-12
17
3
-3582
-290
2387
264329
-68
14
2
-3565
-362
2316
265354
-39
3
10
-3583
-465
2324
266379
37
-10
5
-3606
-391
2363
267404
35
-10
-1
-3598
-277
2352
268429
-27
-2
-1
-3610
-344
2331
269454
-25
-8
0
-3593
-424
2347
270479
5
-16
2
-3585
-403
2353
263295
5
-20
11
-3576
-373
2351
264320
-13
-23
22
-3588
-358
2349
265345
-28
-29
27
-3602
-355
2316
266370
-38
-34
26
-3595
-371
2334
267395
-7
-41
23
-3577
-397
2383
268420
24
-44
20
-3589
-320
2411
269445
-11
-36
16
-3565
-317
2406
270470
-30
-28
17
-3561
-378
2392
271495
-3
-26
14
-3552
-357
2403
272520
2
-23
14
-3574
-338
2412
273545
-2
-20
16
-3566
-351
2402
274570
-1
-15
17
-3575
-343
2391
275595
-6
-15
17
-3585
-328
2391
276620
-26
-23
23
-3603
-330
2378
277645
-48
-39
30
-3657
-360
2372
278670
-83
-54
2
-3684
-444
2321
271488
-30
-79
-27
-3658
-449
2074
272513
267
-136
-59
-3627
-224
2081
273538
423
-118
-6
-3267
-28
2968
274563
213
-30
75
-3617
-279
3292
275588
-145
-10
24
-3408
-467
2495
276613
-2
-49
62
-3388
-574
1864
277638
58
-71
39
-3575
-150
1926
278663
-92
-96
-1
-3636
-90
2188
279688
-96
-86
-57
-3617
-118
2224
280713
-95
-12
-103
-3494
-215
2785
281738
-367
123
-61
-3476
-435
3186
282763
-296
178
8
-3431
-704
2692
283788
84
126
-11
-3470
-308
2183
284813
136
49
14
-3514
-215
2130
285838
67
8
17
-3622
-315
2366
286863
4
7
3
-3691
-330
2457
279755
-23
19
-11
-3669
-426
2335
280780
37
7
-22
-3578
-447
2295
281805
62
5
-1
-3553
-455
2371
282830
66
6
19
-3545
-412
2507
283855
49
11
22
-3526
-321
2511
284880
-8
14
22
-3534
-337
2416
285905
-29
6
32
-3554
-398
2338
286930
52
-3
30
-3555
-268
2399
287955
36
-4
33
-3575
-234
2461
288980
-84
15
19
-3591
-332
2446
290005
-53
11
3
-3556
-439
2371
291030
44
-3
5
-3559
-344
2335
292055
53
4
7
-3563
-294
2413
293080
9
21
8
-3568
-307
2448
294105
-31
29
8
-3568
-338
2406
295130
-40
30
6
-3565
-382
2355
287872
4
17
6
-3577
-408
2327
288897
40
5
5
-3588
-317
2356
289922
16
9
4
-3588
-303
2388
290947
-11
9
5
-3580
-360
2373
291972
1
-3
8
-3570
-335
2350
292997
10
-12
14
-3566
-359
2366
294022
7
-18
20
-3561
-349
2364
295047
-15
-16
19
-3574
-335
2371
296072
4
-22
15
-3594
-321
2389
297097
24
-28
12
-3590
-305
2381
298122
9
-27
5
-3569
-327
2374
299147
15
-21
-5
-3567
-298
2410
300172
3
-22
3
-3569
-342
2384
301197
4
-23
3
-3563
-384
2380
302222
41
-25
0
-3546
-346
2398
303247
41
-22
5
-3564
-317
2412
296064
19
-20
11
-3576
-329
2412
297089
23
-21
17
-3559
-307
2408
298114
14
-17
15
-3556
-311
2411
299139
9
-13
11
-3562
-311
2399
300164
14
-15
10
-3552
-295
2397
301189
9
-19
9
-3554
-290
2414
302214
5
-22
6
-3550
-320
2428
303239
19
-23
-1
-3553
-305
2430
304264
18
-19
-6
-3553
-313
2423
305289
12
-17
-6
-3558
-334
2404
306314
17
-24
-3
-3555
-336
2410
307339
23
-27
1
-3548
-347
2435
308364
17
-17
4
-3553
-339
2445
309389
7
-11
5
-3547
-328
2438
310414
8
-8
9
-3543
-326
2412
311439
15
-7
7
-3556
-289
2410
304257
11
-8
9
-3541
-293
2415
305282
-5
-10
13
-3550
-301
2396
306307
-15
-13
10
-3556
-310
2395
307332
3
-16
4
-3562
-297
2411
308357
11
-22
-1
-3551
-297
2407
309382
11
-23
0
-3535
-315
2438
310407
8
-19
5
-3532
-322
2457
311432
6
-17
7
-3535
-306
2454
312457
8
-10
5
-3531
-288
2464
313482
9
0
4
-3543
-273
2475
314507
-11
4
6
-3537
-248
2462
315532
-49
8
14
-3540
-324
2438
316557
6
0
19
-3568
-358
2415
317582
60
-14
11
-3572
-289
2411
318607
7
-15
0
-3563
-292
2373
319632
-69
-17
-10
-3632
-318
2272
312447
-5
-38
-35
-3661
-332
2229
313472
158
-63
-69
-3619
-279
2350
314497
200
-45
-58
-3349
-75
2756
315522
134
-26
33
-3609
-243
2830
316547
-121
8
-32
-3427
-298
2735
317572
-60
12
23
-3385
-767
2379
318597
111
-12
38
-3510
-365
2114
319622
38
-34
14
-3585
-126
2054
320647
-63
-77
-50
-3641
-81
1955
321672
-84
-60
-102
-3506
-317
2541
322697
-297
84
-57
-3540
-262
3338
323722
-503
196
9
-3494
-658
2940
324747
-88
121
24
-3454
-585
1897
325772
256
-5
39
-3427
-163
1892
326797
60
-33
71
-3642
-208
2307
327822
-48
-29
67
-3787
-409
2534
320640
5
-23
6
-3641
-327
2476
321665
-20
0
-10
-3551
-305
2358
322690
-29
-1
8
-3516
-455
2374
323715
75
-19
20
-3502
-380
2481
324740
137
-23
20
-3493
-311
2544
325765
131
-22
15
-3518
-230
2524
326790
24
-4
11
-3570
-226
2492
327815
-49
9
7
-3567
-349
2411
328840
16
3
2
-3550
-328
2378
329865
52
0
1
-3533
-295
2399
330890
26
6
-9
-3536
-264
2447
331915
-6
7
-3
-3536
-329
2414
332940
0
1
4
-3560
-323
2372
333965
15
-9
6
-3562
-320
2374
334990
-3
-15
9
-3566
-310
2378
336015
-20
-19
7
-3552
-331
2401
328832
-21
-19
-1
-3553
-305
2430
329857
-49
-22
-6
-3563
-352
2403
330882
-5
-20
-19
-3547
-329
2467
331907
24
-10
-27
-3533
-265
2527
332932
-17
-2
-29
-3530
-320
2493
333957
-30
-9
-35
-3528
-367
2406
334982
-3
-19
-37
-3549
-345
2382
336007
3
-30
-36
-3593
-307
2415
337032
-19
-44
-39
-3650
-368
2394
338057
-20
-76
-56
-3649
-374
2364
339082
-5
-108
-70
-3581
-351
2408
340107
3
-117
-64
-3600
-438
2486
341132
3
-138
-66
-3529
-428
2483
342157
-30
-158
-53
-3442
-382
2455
343182
-55
-216
-1
-3486
-349
2416
344207
-29
-357
97
-3577
-330
2647
337024
-24
-472
195
-3551
-55
2933
338049
-108
-532
322
-3703
32
2983
339074
-128
-613
346
-3650
-177
2867
340099
-166
-693
333
-3402
-225
2855
341124
-309
-722
386
-3272
-274
2921
342149
-328
-736
435
-3280
-322
2948
343174
-328
-765
442
-3273
-324
2988
344199
-437
-817
424
-3119
-216
2982
345224
-581
-860
408
-2940
-240
2756
346249
-544
-868
417
-2924
-433
2766
347274
-384
-891
402
-2862
-479
2915
348299
-283
-917
375
-2736
-322
3076
349324
-366
-897
336
-2647
-87
3163
350349
-429
-835
299
-2704
-391
3095
351374
-256
-762
225
-2780
-447
2991
352399
-52
-691
152
-2726
-317
3011
345217
-17
-601
108
-2695
-281
3175
346242
15
-513
59
-2704
-330
3232
347267
176
-429
24
-2721
-380
3149
348292
362
-337
-15
-2664
-349
3185
349317
426
-241
-56
-2595
-232
3321
350342
349
-130
-76
-2634
-163
3353
351367
199
-38
-109
-2655
-94
3276
352392
50
14
-111
-2697
-88
3249
353417
-29
34
-91
-2714
-191
3324
354442
-30
33
-73
-2704
-237
3385
355467
14
25
-55
-2731
-182
3374
356492
-26
9
-38
-2743
-121
3377
357517
-193
-1
-36
-2747
-78
3271
358542
-257
-27
2
-2835
-25
3018
359567
-278
-43
47
-2905
-246
2992
360592
-328
42
2
-2465
-691
4067
353547
87
19
85
-2054
-857
4185
354572
425
52
10
-2649
193
3998
355597
-77
71
-51
-2517
-397
3245
356622
-96
36
-57
-2615
-140
2872
357647
-226
-25
-93
-2602
-119
2995
358672
-53
-43
-139
-2519
-68
3512
359697
-86
-3
-142
-2540
-133
3821
360722
-214
13
-100
-2492
-592
3880
361747
-17
-29
-53
-2619
-333
3441
362772
17
-7
-27
-2771
-130
3350
363797
-214
41
-51
-2725
-325
3433
364822
-119
51
-63
-2660
-600
3475
365847
114
59
-64
-2699
-443
3473
366872
212
76
-52
-2678
-263
3510
367897
155
98
-11
-2731
-336
3536
368922
102
103
1
-2765
-332
3525
361600
85
87
5
-2748
-387
3389
362625
109
61
12
-2762
-348
3287
363650
148
38
20
-2732
-220
3284
364675
137
26
38
-2722
-220
3332
365700
139
16
52
-2706
-342
3309
366725
181
-3
49
-2712
-260
3252
367750
206
-11
45
-2670
-286
3321
368775
243
-14
45
-2675
-217
3351
369800
237
-9
36
-2648
-188
3378
370825
207
-1
32
-2637
-129
3392
371850
113
7
32
-2666
-74
3352
372875
13
13
30
-2672
-136
3366
373900
-10
12
19
-2659
-189
3408
374925
35
7
5
-2653
-187
3399
375950
70
6
0
-2666
-145
3377
376975
71
3
0
-2683
-123
3371
369792
43
2
2
-2681
-159
3402
370817
26
2
-1
-2682
-178
3416
371842
37
-1
-2
-2684
-156
3397
372867
54
0
-2
-2666
-164
3390
373892
69
10
-3
-2674
-142
3388
374917
72
15
-2
-2700
-131
3383
375942
57
18
-4
-2700
-136
3385
376967
65
18
-6
-2688
-133
3385
377992
73
19
-2
-2691
-115
3364
379017
62
20
0
-2684
-129
3322
380042
53
25
-8
-2687
-111
3341
381067
39
23
-15
-2690
-99
3352
382092
12
16
-24
-2683
-70
3327
383117
-14
10
-26
-2698
-72
3316
384142
-27
4
-24
-2708
-143
3349
385167
2
-7
-26
-2709
-160
3352
377983
19
-15
-27
-2737
-132
3331
379008
8
-22
-23
-2725
-150
3360
380033
21
-23
-23
-2703
-149
3396
381058
17
-16
-19
-2697
-166
3383
382083
3
-7
-16
-2699
-168
3371
383108
-3
-1
-6
-2698
-170
3385
384133
-5
4
4
-2688
-174
3383
385158
8
10
12
-2698
-143
3378
386183
-4
13
18
-2701
-141
3363
387208
-12
14
17
-2703
-120
3373
388233
-6
14
13
-2685
-100
3365
389258
-8
22
8
-2658
-99
3350
390283
-35
30
-5
-2654
-50
3313
391308
-40
28
-11
-2643
-91
3337
392333
-41
29
-11
-2666
-202
3397
393358
4
19
-22
-2675
-183
3391
386177
52
11
-29
-2676
-109
3369
387202
61
12
-34
-2703
-60
3377
388227
30
12
-39
-2694
-93
3374
389252
5
13
-37
-2703
-142
3359
390277
26
12
-43
-2731
-92
3371
391302
19
13
-53
-2735
-84
3347
392327
26
15
-64
-2724
-125
3328
393352
18
17
-76
-2709
-78
3309
394377
-35
18
-84
-2704
-107
3266
395402
-75
4
-77
-2735
-168
3251
396427
-49
-21
-81
-2775
-142
3243
397452
-44
-59
-85
-2818
-220
3097
398477
-22
-96
-121
-2762
-104
2986
399502
-33
-116
-117
-2727
-59
2895
400527
-19
-116
-52
-2405
-123
3613
401552
235
-102
0
-2439
-519
4002
394368
107
-42
-76
-2665
-365
3874
395393
-52
-46
-115
-2676
-405
3145
396418
-17
-83
-112
-2723
34
2904
397443
-111
-105
-117
-2672
-107
3155
398468
-95
-82
-130
-2694
-192
3550
399493
-185
4
-136
-2626
-90
4018
400518
-274
65
-98
-2585
-474
3927
401543
45
51
-42
-2754
-672
3376
402568
237
38
-40
-2817
-120
3273
403593
-6
56
-30
-2767
-142
3353
404618
-58
74
-11
-2758
-430
3412
405643
97
69
-9
-2765
-339
3399
406668
120
65
4
-2786
-260
3296
407693
120
52
13
-2771
-211
3270
408718
101
44
24
-2750
-175
3328
409743
57
41
37
-2724
-266
3378
402559
56
39
44
-2719
-293
3344
403584
74
37
44
-2726
-252
3312
404609
92
28
48
-2748
-156
3284
405634
44
25
52
-2759
-133
3281
406659
27
26
42
-2725
-181
3296
407684
47
18
41
-2711
-162
3331
408709
-30
8
30
-2714
-175
3287
409734
-106
2
7
-2735
-139
3240
410759
-119
-1
-7
-2755
-145
3274
411784
-11
-17
-9
-2729
-188
3326
412809
48
-23
-11
-2783
-212
3365
413834
29
-30
-26
-2772
-227
3342
414859
22
-31
-34
-2732
-242
3322
415884
51
-24
-26
-2701
-263
3372
416909
62
-8
-12
-2680
-247
3379
417934
84
7
4
-2672
-251
3386
410752
96
12
18
-2667
-207
3385
411777
71
24
30
-2678
-151
3398
412802
35
35
30
-2679
-162
3397
413827
24
38
23
-2672
-119
3371
414852
12
36
24
-2689
-90
3360
415877
4
26
19
-2721
-110
3347
416902
4
11
1
-2725
-90
3334
417927
6
0
-10
-2716
-89
3346
418952
14
-15
-15
-2706
-146
3346
419977
36
-24
-23
-2687
-155
3376
421002
37
-19
-29
-2679
-113
3375
422027
2
-13
-24
-2703
-172
3359
423052
-19
-12
-28
-2701
-222
3356
424077
-3
-10
-31
-2688
-222
3341
425102
18
-5
-26
-2710
-209
3335
426127
16
2
-24
-2718
-171
3333
418944
-5
5
-18
-2732
-205
3324
419969
-7
6
-21
-2742
-226
3303
420994
-1
2
-25
-2751
-189
3321
422019
0
1
-21
-2745
-196
3335
423044
5
0
-14
-2747
-190
3330
424069
-2
1
-13
-2741
-187
3340
425094
-8
1
-15
-2739
-179
3324
426119
-19
0
-15
-2725
-193
3310
427144
-16
0
-12
-2729
-208
3321
428169
-12
-2
-8
-2728
-211
3307
429194
-24
-1
-5
-2738
-222
3308
430219
-30
-3
-4
-2740
-204
3357
431244
-27
-5
-2
-2747
-190
3362
432269
-13
-10
1
-2736
-180
3362
433294
-11
-8
7
-2732
-198
3375
434319
-16
-6
8
-2744
-182
3373
427135
-15
-7
6
-2741
-170
3381
428160
-2
-6
7
-2734
-178
3393
429185
9
-4
7
-2719
-179
3371
430210
6
0
10
-2712
-178
3338
431235
-4
5
5
-2706
-197
3324
432260
3
5
4
-2711
-239
3313
433285
11
3
-5
-2716
-210
3319
434310
28
1
-18
-2696
-183
3337
435335
23
-1
-18
-2716
-170
3335
436360
-16
-5
-17
-2728
-176
3324
437385
-42
-17
-16
-2738
-163
3312
438410
-107
-42
10
-2818
-196
3185
439435
-51
-70
-3
-2842
-375
3090
440460
-22
-53
-24
-2799
-194
3014
441485
-4
-5
7
-2692
-251
3366
442510
551
-11
94
-2245
-645
3876
435328
711
60
19
-2793
222
4183
436353
-58
69
-40
-2703
-28
3282
437378
-272
27
-17
-2800
-129
2808
438403
-194
-67
-55
-2765
-69
2807
439428
37
-118
-82
-2672
58
3009
440453
80
-55
-85
-2595
-35
3814
441478
-236
43
-45
-2521
-211
4349
442503
-235
76
-1
-2824
-421
3465
443528
57
47
-60
-2901
-114
3051
444553
-33
35
-46
-2738
-173
3114
445578
-71
33
0
-2796
-402
3247
446603
106
4
-10
-2779
-363
3316
447628
175
-13
1
-2740
-53
3338
448653
-15
1
36
-2766
-166
3306
449678
-54
3
36
-2745
-361
3304
450703
94
-2
37
-2727
-314
3291
443521
168
6
32
-2730
-141
3333
444546
47
21
33
-2746
-74
3392
445571
-57
30
35
-2772
-208
3328
446596
15
20
34
-2781
-192
3314
447621
42
8
22
-2761
-126
3315
448646
35
11
19
-2749
-113
3309
449671
11
10
19
-2746
-115
3318
450696
-24
9
25
-2750
-204
3322
451721
-3
-1
19
-2752
-152
3301
452746
42
-7
20
-2706
-130
3349
453771
14
-3
27
-2722
-157
3339
454796
-17
-3
23
-2745
-199
3304
455821
11
-11
11
-2732
-131
3279
456846
8
-19
15
-2717
-124
3279
457871
-15
-25
26
-2731
-166
3299
458896
-41
-23
30
-2736
-185
3346
451712
-13
-14
33
-2722
-215
3420
452737
10
-6
32
-2739
-131
3439
453762
-1
5
28
-2732
-113
3394
454787
-19
11
37
-2749
-194
3356
455812
2
9
28
-2752
-178
3362
456837
25
4
23
-2750
-81
3350
457862
17
5
24
-2751
-124
3349
458887
18
7
26
-2743
-101
3345
459912
-3
8
31
-2753
-161
3323
460937
16
1
27
-2741
-168
3327
461962
38
-7
24
-2739
-104
3307
462987
39
-8
24
-2736
-87
3322
464012
37
-3
23
-2724
-80
3356
465037
22
-1
27
-2737
-147
3340
466062
16
-6
22
-2753
-137
3326
467087
15
-6
16
-2737
-109
3319
459904
25
1
19
-2733
-97
3319
460929
26
9
18
-2731
-115
3342
461954
16
14
17
-2741
-90
3327
462979
2
13
19
-2747
-149
3300
464004
14
15
18
-2740
-101
3325
465029
0
16
19
-2749
-96
3324
466054
-3
14
21
-2752
-130
3328
467079
15
9
22
-2740
-130
3313
468104
33
5
22
-2745
-78
3322
469129
21
1
21
-2748
-79
3339
470154
9
1
24
-2740
-96
3350
471179
20
2
24
-2743
-90
3348
472204
34
2
22
-2735
-95
3328
473229
35
0
18
-2733
-66
3308
474254
15
-1
18
-2739
-69
3303
475279
15
5
12
-2740
-57
3330
468096
15
10
10
-2732
-99
3315
469121
18
21
4
-2732
-97
3283
470146
-2
24
2
-2759
-75
3272
471171
-16
19
-5
-2754
-74
3277
472196
-7
15
-11
-2745
-71
3282
473221
-13
13
-8
-2764
-65
3302
474246
-22
6
-5
-2761
-99
3299
475271
-9
-2
-6
-2757
-79
3294
476296
-19
-7
-1
-2756
-75
3324
477321
-42
-14
8
-2756
-126
3365
478346
-52
-33
30
-2833
-181
3447
479371
-107
-21
-7
-2766
-261
3506
480396
-149
33
-25
-2715
-81
3252
481421
12
7
89
-2882
-184
2802
482446
276
-9
136
-2578
-128
3488
483471
393
34
142
-2568
-307
3927
476289
140
88
67
-2881
-41
3685
477314
-14
49
27
-2778
-57
2956
478339
-39
-32
49
-2779
226
2681
479364
-112
-113
45
-2760
124
2910
480389
-62
-96
-32
-2739
251
3353
481414
-177
15
-99
-2678
277
3795
482439
-338
114
-74
-2673
-56
3822
483464
-275
121
-47
-2835
-311
3215
484489
9
62
-53
-2829
-239
3002
485514
71
44
-57
-2858
34
3119
486539
-22
12
-60
-2848
2
3188
487564
-74
-11
-46
-2772
-154
3260
488589
-24
-7
-33
-2791
-285
3253
489614
54
-12
-33
-2810
-189
3288
490639
42
-14
-26
-2781
-114
3368
491664
-21
-7
-14
-2780
-130
3371
484480
-17
-4
-7
-2790
-232
3332
485505
34
-3
-4
-2789
-137
3335
486530
41
-5
1
-2799
-56
3295
487555
14
-4
19
-2797
-141
3290
488580
-7
0
23
-2780
-149
3335
489605
-14
-1
17
-2792
-188
3323
490630
14
-6
9
-2768
-100
3274
491655
7
-9
13
-2750
-59
3289
492680
-33
-11
31
-2745
-142
3282
493705
-27
-10
41
-2763
-184
3324
494730
-2
-5
31
-2767
-177
3313
495755
41
-6
22
-2788
-60
3258
496780
21
-10
18
-2798
-23
3272
497805
-34
-9
18
-2783
-72
3296
498830
-19
-8
21
-2793
-143
3296
499855
22
-13
18
-2778
-130
3312
492707
6
-9
15
-2788
-91
3297
493732
-10
-5
12
-2795
-84
3304
494757
9
-4
15
-2781
-100
3338
495782
4
0
21
-2790
-129
3330
496807
4
2
18
-2788
-117
3298
497832
17
4
20
-2781
-98
3311
498857
13
8
26
-2769
-110
3333
499882
-13
13
31
-2776
-126
3292
500907
-16
10
30
-2772
-152
3275
501932
12
5
27
-2756
-116
3301
502957
19
6
25
-2763
-53
3316
503982
12
14
20
-2760
-34
3305
505007
1
16
16
-2761
-25
3279
506032
-21
5
14
-2762
-95
3240
507057
-3
-7
7
-2769
-112
3246
508082
29
-17
-6
-2760
-45
3277
500864
27
-16
-7
-2758
-92
3292
501889
27
-19
-10
-2760
-102
3278
502914
14
-19
-15
-2758
-67
3289
503939
-2
-14
-13
-2771
-107
3325
504964
1
-9
-19
-2785
-99
3334
505989
15
-3
-24
-2777
-51
3318
507014
2
4
-18
-2775
-81
3318
508039
-19
4
-8
-2801
-122
3291
509064
-10
-3
-6
-2803
-117
3292
510089
4
-2
-1
-2796
-123
3304
511114
6
1
4
-2796
-86
3304
512139
-16
7
8
-2799
-125
3302
513164
-7
7
10
-2783
-117
3331
514189
1
11
13
-2789
-112
3294
515214
-9
12
12
-2776
-81
3266
516239
-36
11
17
-2768
-63
3264
509057
-42
12
26
-2775
-129
3244
510082
16
6
17
-2749
-86
3255
511107
-34
-4
29
-2796
69
3232
512132
-149
2
23
-2852
-126
3305
513157
-154
21
-11
-2836
-239
3114
514182
110
13
66
-2862
-275
2957
515207
580
21
124
-2449
-136
3812
516232
726
17
120
-2724
213
3860
517257
69
53
4
-2906
436
3407
518282
-301
-30
29
-2791
-551
2613
519307
-106
-158
-1
-2874
-195
2591
520332
184
-245
-98
-2699
306
2990
521357
170
-184
-120
-2661
425
3613
522382
-241
-55
-97
-2658
42
3935
523407
-367
34
-82
-2696
-480
3618
524432
-3
16
-81
-2819
-345
3193
517247
149
-12
-67
-2785
93
3205
518272
-81
21
-31
-2831
30
3286
519297
-140
29
-22
-2838
-139
3336
520322
-46
24
-19
-2820
-147
3368
521347
4
25
-10
-2827
-76
3372
522372
27
22
-1
-2801
-93
3365
523397
38
27
-8
-2770
-81
3387
524422
17
41
-19
-2746
-72
3360
525447
1
53
-20
-2765
-67
3346
526472
4
54
-18
-2766
-49
3349
527497
4
52
-17
-2762
-114
3305
528522
14
51
-23
-2765
-80
3266
529547
0
40
-30
-2765
-64
3253
530572
-4
28
-25
-2765
-100
3281
531597
3
23
-23
-2779
-103
3313
532622
4
16
-19
-2793
-95
3266
525440
8
6
-15
-2801
-90
3220
526465
15
-3
-17
-2799
-91
3232
527490
-3
-4
-18
-2801
-116
3243
528515
-5
-3
-15
-2786
-154
3256
529540
5
0
-4
-2798
-160
3282
530565
3
0
4
-2808
-111
3287
531590
-21
-3
10
-2805
-97
3270
532615
-24
-7
17
-2807
-124
3261
533640
-4
-18
23
-2815
-120
3255
534665
1
-27
21
-2797
-66
3266
535690
-16
-26
31
-2790
-87
3297
536715
-17
-26
38
-2797
-83
3310
537740
-11
-26
35
-2785
-114
3299
538765
3
-20
32
-2766
-81
3308
539790
0
-12
31
-2768
-50
3307
540815
-8
-9
24
-2776
-74
3319
533634
0
-5
6
-2772
-65
3321
534659
1
-1
-4
-2769
-56
3286
535684
-5
3
-8
-2796
-83
3293
536709
-7
-2
-12
-2798
-74
3310
537734
-3
-6
-11
-2797
-122
3302
538759
15
-11
-7
-2795
-101
3268
539784
20
-13
-1
-2785
-92
3290
540809
7
-10
6
-2788
-125
3302
541834
2
-8
5
-2808
-115
3291
542859
12
-5
2
-2788
-115
3300
543884
22
-1
10
-2805
-76
3309
544909
-4
-1
14
-2801
-125
3266
545934
9
-3
15
-2781
-107
3283
546959
14
-2
18
-2789
-86
3308
547984
9
0
20
-2799
-98
3306
549009
18
-2
20
-2784
-74
3295
541825
16
0
23
-2778
-70
3296
542850
8
7
22
-2793
-69
3292
543875
6
8
17
-2788
-82
3295
544900
6
9
17
-2767
-82
3286
545925
-1
12
24
-2779
-97
3282
546950
2
15
23
-2778
-93
3302
547975
5
15
20
-2783
-65
3295
549000
2
14
19
-2778
-68
3275
550025
2
11
19
-2789
-63
3294
551050
5
5
15
-2773
-63
3275
552075
10
4
15
-2788
-52
3286
553100
5
1
12
-2784
-22
3295
554125
0
-1
11
-2783
-61
3266
555150
16
-6
9
-2785
-40
3276
556175
22
-8
7
-2782
-9
3289
557200
17
-7
7
-2783
-30
3275
550016
17
-6
0
-2794
-34
3283
551041
12
-4
-8
-2790
-34
3293
552066
-4
1
-14
-2785
-72
3265
553091
-8
2
-19
-2784
-84
3259
554116
-15
0
-20
-2776
-85
3278
555141
-77
-2
-9
-2791
-66
3256
556166
-154
-23
12
-2867
-90
3102
557191
-79
-63
2
-2921
-224
3012
558216
105
-47
-15
-2827
-289
3025
559241
204
-39
31
-2704
-83
3228
560266
397
-80
124
-2458
128
3591
561291
362
-20
85
-2800
251
3963
562316
-287
56
37
-2785
-194
3435
563341
-174
33
48
-2793
-319
2972
564366
27
-9
36
-2807
17
3060
565391
18
-42
-16
-2780
212
3210
558208
-75
0
-77
-2747
266
3449
559233
-229
76
-83
-2692
129
3711
560258
-298
115
-45
-2769
-333
3566
561283
-105
81
-57
-2910
-258
3128
562308
101
33
-61
-2822
-44
3022
563333
61
14
-29
-2818
-1
3170
564358
-67
29
-14
-2826
-163
3356
565383
-49
40
-9
-2803
-231
3389
566408
35
34
-5
-2837
-106
3294
567433
42
23
-3
-2822
-127
3202
568458
62
7
-4
-2811
-54
3141
569483
52
-8
-1
-2813
14
3175
570508
6
-11
3
-2795
-65
3240
571533
3
-13
7
-2828
-141
3250
572558
39
-17
-5
-2834
-92
3267
573583
38
-16
-11
-2820
-48
3220
566757
28
-16
-7
-2814
-57
3248
567782
-2
-11
-1
-2811
-79
3301
568807
-13
-5
3
-2818
-93
3304
569832
8
-4
10
-2823
-103
3270
570857
23
-8
8
-2831
-43
3277
571882
5
-6
11
-2813
-66
3283
572907
2
-7
16
-2830
-94
3296
573932
12
-6
12
-2821
-55
3286
574957
13
-3
12
-2807
-52
3267
575982
17
-6
19
-2804
-73
3287
577007
0
-8
20
-2794
-84
3283
578032
3
-4
21
-2799
-86
3278
579057
19
-6
21
-2794
-49
3263
580082
11
-4
21
-2787
-54
3252
581107
3
0
19
-2783
-67
3281
582132
7
1
13
-2795
-47
3274
574592
16
-3
5
-2784
-47
3254
575617
6
1
-2
-2793
-26
3283
576642
-13
2
-4
-2812
-32
3299
577667
-5
-2
-3
-2810
-98
3286
578692
23
-9
-2
-2811
-67
3258
579717
23
-6
-1
-2824
-28
3277
580742
-1
-4
3
-2813
-42
3304
581767
-5
0
7
-2812
-90
3291
582792
11
4
5
-2816
-56
3268
583817
3
10
4
-2812
-20
3255
584842
-18
14
8
-2811
-52
3260
585867
-19
13
10
-2822
-84
3245
586892
0
4
13
-2819
-68
3210
587917
0
1
14
-2818
-41
3236
588942
-16
-2
16
-2824
-48
3264
589967
-7
-8
14
-2801
-71
3270
582784
11
-10
14
-2804
-34
3267
583809
4
-9
11
-2813
-33
3280
584834
-3
-6
3
-2805
-27
3281
585859
-2
-1
0
-2807
-29
3277
586884
-6
2
-2
-2810
-55
3291
587909
-7
2
-4
-2807
-68
3274
588934
0
1
-1
-2821
-68
3266
589959
14
-1
-4
-2802
-62
3268
590984
7
0
-2
-2806
-50
3251
592009
-14
1
3
-2821
-73
3265
593034
-5
-2
2
-2804
-68
3276
594059
9
-6
2
-2816
-59
3252
595084
9
-5
2
-2818
-22
3268
596109
-11
-3
2
-2807
-32
3266
597134
-20
-5
4
-2819
-77
3254
598159
2
-9
2
-2817
-60
3261
590976
-6
-10
6
-2811
-34
3291
592001
-70
-11
17
-2838
-71
3237
593026
-24
-29
34
-2875
-142
3195
594051
27
-49
28
-2897
-72
3170
595076
-52
-37
18
-2835
29
3072
596101
-45
-1
82
-2795
-127
3107
597126
116
75
130
-2532
-59
4002
598151
400
70
144
-2753
-257
3968
599176
50
112
-12
-2848
138
3458
600201
-119
59
46
-2807
-328
2580
601226
116
-37
93
-2877
72
2528
602251
120
-99
61
-2773
242
3073
603276
6
-110
-4
-2809
231
3212
604301
-11
-97
-107
-2745
339
3266
605326
-289
22
-92
-2640
328
3885
606351
-673
150
-23
-2726
-365
3952
599168
-300
154
-39
-2977
-681
3257
600193
328
75
-127
-2886
5
3017
601218
221
60
-81
-2840
270
3027
602243
-43
64
-27
-2907
-95
3169
603268
-47
30
-27
-2885
-259
3234
604293
80
-7
-39
-2870
-124
3149
605318
87
-23
-32
-2849
33
3130
606343
18
-28
3
-2825
-153
3163
607368
35
-39
19
-2832
-157
3220
608393
42
-41
21
-2820
-86
3247
609418
49
-28
21
-2839
17
3308
610443
12
-13
11
-2832
-27
3282
611468
-19
6
2
-2848
-59
3212
612493
-10
11
0
-2838
-62
3233
613518
-4
12
2
-2828
-35
3276
614543
-16
10
6
-2842
-64
3261
607359
-10
1
10
-2855
-67
3223
608384
4
-13
12
-2845
-58
3216
609409
21
-23
11
-2837
-3
3219
610434
27
-26
16
-2844
-70
3269
611459
8
-27
14
-2841
-53
3275
612484
3
-24
7
-2838
-46
3286
613509
15
-22
6
-2808
-39
3286
614534
11
-13
12
-2825
-51
3268
615559
7
-9
10
-2832
-20
3246
616584
2
-11
10
-2844
-23
3243
617609
0
-12
13
-2846
-85
3263
618634
16
-20
11
-2841
-57
3240
619659
20
-21
17
-2828
-66
3258
620684
14
-18
20
-2826
-47
3286
621709
4
-15
18
-2827
-69
3256
622734
12
-13
15
-2821
-36
3258
615552
9
-10
19
-2825
-26
3255
616577
-3
-8
20
-2818
-56
3233
617602
5
-5
18
-2807
-20
3241
618627
5
0
18
-2814
-17
3241
619652
3
-2
18
-2801
-28
3257
620677
-12
-4
13
-2807
-21
3242
621702
-20
-8
13
-2827
-38
3235
622727
2
-16
12
-2821
-37
3270
623752
14
-19
11
-2819
-9
3287
624777
7
-18
15
-2812
-23
3274
625802
1
-12
15
-2811
-35
3304
626827
0
-5
19
-2820
-51
3315
627852
1
1
19
-2812
-56
3273
628877
14
3
11
-2803
-20
3264
629902
6
9
10
-2805
-13
3268
630927
-12
14
10
-2813
-19
3267
623744
-13
14
6
-2800
-42
3234
624769
7
10
1
-2818
-33
3230
625794
13
1
-9
-2803
28
3241
626819
3
-2
-7
-2786
16
3254
627844
-6
-2
-3
-2803
-32
3248
628869
1
-3
-6
-2804
-39
3243
629894
3
-5
-8
-2800
-31
3248
630919
-8
-2
-10
-2809
-31
3238
631944
-17
-1
-10
-2807
-12
3228
632969
-19
-2
-9
-2801
-4
3213
633994
-15
-4
-3
-2824
-8
3176
635019
-20
-6
-23
-2845
1
3194
636044
-44
-16
-28
-2835
22
3179
637069
-77
-30
-9
-2825
-5
3167
638094
-103
-37
26
-2851
-86
3196
639119
-95
-55
50
-2930
-200
3200
631935
16
-63
26
-2908
-240
3298
632960
-19
-18
-1
-2866
20
3138
633985
51
-4
51
-2820
176
3112
635010
226
2
123
-2467
-83
3654
636035
205
33
71
-2858
-107
3856
637060
-237
50
-6
-2786
-256
3359
638085
-95
15
14
-2824
-272
2926
639110
156
-33
26
-2829
99
2968
640135
89
-73
-1
-2770
215
3142
641160
-41
-86
-70
-2792
258
3113
642185
-139
-36
-112
-2697
203
3416
643210
-351
64
-78
-2638
-174
3935
644235
-349
98
-30
-2885
-530
3525
645260
108
42
-102
-2942
-123
3122
646285
206
27
-101
-2798
196
3106
647310
-49
43
-28
-2871
-126
3154
640128
-40
23
-23
-2877
-232
3303
641153
68
8
-40
-2822
-64
3360
642178
32
14
-35
-2849
-68
3259
643203
0
2
-16
-2829
-90
3183
644228
2
-19
8
-2811
-159
3147
645253
61
-33
13
-2833
-101
3153
646278
87
-34
12
-2816
-23
3228
647303
12
-22
13
-2823
-57
3259
648328
-19
-13
8
-2824
-121
3253
649353
13
-10
3
-2816
-29
3254
650378
21
-5
10
-2814
-52
3292
651403
-1
1
18
-2829
-116
3277
652428
1
-1
14
-2835
-100
3257
653453
10
-2
12
-2812
-71
3262
654478
6
4
9
-2831
-26
3250
655503
-5
7
5
-2825
-58
3267
648320
-11
3
3
-2821
-67
3258
649345
2
-3
3
-2826
-54
3260
650370
6
-6
2
-2805
-66
3275
651395
-5
-2
3
-2809
-84
3263
652420
-5
1
3
-2813
-94
3243
653445
3
-2
3
-2820
-74
3237
654470
1
-8
8
-2810
-55
3263
655495
-9
-8
13
-2820
-81
3269
656520
-1
-10
13
-2811
-59
3252
657545
1
-10
14
-2800
-52
3263
658570
-1
-8
15
-2814
-81
3268
659595
-2
-9
10
-2824
-57
3263
660620
5
-7
8
-2816
-66
3284
661645
7
-3
9
-2824
-44
3294
662670
-5
-1
9
-2830
-68
3271
663695
4
-1
6
-2806
-67
3278
656511
12
9
8
-2812
-53
3288
657536
0
12
8
-2825
-65
3255
658561
-10
10
6
-2810
-83
3244
659586
0
9
3
-2807
-75
3246
660611
5
3
0
-2820
-52
3220
661636
4
-3
2
-2826
-74
3237
662661
13
-9
2
-2825
-59
3251
663686
16
-15
0
-2812
-36
3253
664711
11
-10
2
-2799
-56
3289
665736
2
-1
3
-2814
-49
3286
666761
-1
6
3
-2827
-71
3264
667786
5
5
4
-2830
-58
3258
668811
3
3
5
-2837
-49
3252
669836
1
0
6
-2836
-32
3244
670861
-3
0
8
-2837
-65
3244
671886
2
-1
6
-2826
-48
3256
664705
1
0
7
-2830
-65
3244
665730
-7
-3
7
-2829
-52
3238
666755
-13
-3
7
-2820
-70
3268
667780
-3
-5
8
-2819
-69
3265
668805
5
-5
9
-2822
-51
3269
669830
-8
-3
6
-2822
-41
3260
670855
-10
-2
3
-2823
-44
3250
671880
0
-5
0
-2812
-60
3251
672905
6
-8
-3
-2807
-57
3239
673930
-1
-8
-3
-2817
-63
3247
674955
-12
-7
1
-2818
-82
3264
675980
-14
-10
5
-2819
-97
3252
677005
-2
-15
5
-2834
-65
3257
678030
4
-19
7
-2830
-58
3270
679055
2
-19
7
-2816
-47
3263
680080
-13
-18
8
-2824
-82
3279
672896
-32
-22
4
-2836
-105
3305
673921
-30
-37
4
-2886
-206
3272
674946
38
-53
-20
-2856
-130
3332
675971
-37
-59
-13
-2902
54
3094
676996
-42
-108
26
-2903
170
2709
678021
64
-103
89
-2630
26
3228
679046
286
-76
182
-2421
-604
3722
680071
320
-10
44
-2894
208
4017
681096
-227
35
1
-2763
-94
3241
682121
-105
30
-12
-2841
-42
2811
683146
39
-25
-29
-2821
246
2848
684171
32
-66
-78
-2750
227
3172
685196
-94
-2
-122
-2654
200
3761
686221
-381
101
-109
-2698
-77
3876
687246
-325
117
-70
-2902
-496
3280
688271
82
51
-100
-2892
-197
2984
681089
101
28
-61
-2820
-1
3077
682114
-15
24
-19
-2852
-136
3266
683139
29
9
-16
-2835
-218
3362
684164
57
4
-20
-2833
-94
3305
685189
-5
11
-9
-2839
-95
3225
686214
11
6
0
-2820
-140
3225
687239
46
-10
15
-2809
-98
3273
688264
28
-11
23
-2822
-111
3233
689289
34
-16
13
-2823
-55
3224
690314
31
-25
10
-2832
-15
3233
691339
-4
-26
8
-2827
-117
3220
692364
24
-34
7
-2825
-94
3234
693389
35
-35
7
-2795
-77
3279
694414
-1
-22
6
-2803
-93
3267
695439
-11
-13
0
-2819
-104
3286
696464
8
-10
2
-2810
-72
3324
689280
8
-7
10
-2814
-52
3300
690305
-4
-3
15
-2822
-101
3286
691330
0
-3
15
-2832
-76
3267
692355
2
0
16
-2824
-100
3263
693380
6
-2
15
-2811
-62
3292
694405
-11
0
19
-2811
-95
3289
695430
-5
-3
24
-2809
-124
3275
696455
16
-11
26
-2797
-75
3267
697480
8
-8
28
-2801
-70
3286
698505
5
-6
22
-2793
-59
3299
699530
4
2
18
-2779
-60
3296
700555
11
11
14
-2790
-72
3295
701580
28
14
8
-2796
-21
3282
702605
30
16
12
-2803
-29
3294
703630
3
15
9
-2813
-42
3284
704655
5
8
0
-2804
-77
3261
697471
39
-2
2
-2791
-67
3265
698496
38
-6
2
-2766
-51
3270
699521
14
-2
1
-2775
-69
3247
700546
4
-1
-4
-2794
-94
3259
701571
7
-1
-11
-2795
-81
3260
702596
5
-3
-10
-2802
-64
3263
703621
1
-5
-4
-2798
-67
3262
704646
8
-4
4
-2814
-75
3257
705671
13
-8
6
-2816
-52
3245
706696
4
-5
1
-2798
-45
3260
707721
-10
3
-1
-2799
-62
3260
708746
-4
6
-7
-2808
-48
3236
709771
-5
4
-6
-2801
-44
3253
710796
-11
3
-1
-2822
-40
3266
711821
-14
-1
-1
-2824
-69
3260
712846
-6
-7
-7
-2815
-63
3259
705918
-1
-11
-7
-2809
-36
3274
706943
-14
-12
-5
-2821
-48
3278
707968
-8
-12
-3
-2806
-74
3288
708993
4
-11
2
-2806
-69
3303
710018
1
-8
1
-2809
-54
3285
711043
-4
-3
0
-2809
-52
3279
712068
0
-3
-2
-2802
-54
3278
713093
-9
-1
-4
-2796
-67
3251
714118
-8
-2
-6
-2803
-76
3244
715143
1
-5
-9
-2807
-88
3265
716168
2
-7
-10
-2801
-71
3267
717193
-8
-7
-8
-2808
-96
3259
718218
2
-12
-3
-2798
-101
3266
719243
8
-11
3
-2802
-59
3276
720268
-1
-8
7
-2820
-76
3269
721293
4
-9
11
-2823
-97
3256
713857
19
-15
11
-2813
-107
3256
714882
20
-14
1
-2812
-47
3274
715907
-11
-8
-2
-2817
-38
3281
716932
-24
-4
-2
-2813
-86
3267
717957
-3
-5
-1
-2819
-69
3273
718982
-9
-4
-1
-2816
-68
3279
720007
-14
-7
-1
-2800
-63
3267
721032
-34
-12
12
-2819
-20
3258
722057
-59
-20
26
-2826
-146
3250
723082
-36
-33
20
-2846
-143
3236
724107
-6
-56
21
-2863
-26
3233
725132
-73
-45
35
-2858
-84
3223
726157
-34
-16
39
-2882
-152
3160
727182
113
6
37
-2681
138
3615
728207
275
-19
145
-2538
-342
3503
729232
176
39
18
-2897
164
3744
722047
-281
40
20
-2728
-322
3043
723072
-65
-44
51
-2885
-118
2649
724097
64
-155
-9
-2774
220
2788
725122
60
-153
-93
-2678
333
3217
726147
-256
-14
-98
-2610
97
4020
727172
-606
132
-51
-2689
-330
4076
728197
-230
135
-35
-2991
-591
3148
729222
295
32
-107
-2901
6
2837
730247
195
-8
-79
-2778
114
3040
731272
-16
-3
-32
-2865
-44
3305
732297
-33
-12
-44
-2826
-176
3324
733322
64
-22
-43
-2787
-190
3237
734347
94
-25
-24
-2807
-99
3240
735372
41
-23
-3
-2770
-130
3289
736397
20
-16
10
-2771
-200
3331
737422
42
-10
3
-2790
-74
3324
730241
12
7
4
-2783
-63
3327
731266
-34
25
13
-2821
-147
3283
732291
-6
19
7
-2816
-146
3235
733316
28
7
4
-2794
-100
3245
734341
12
4
6
-2794
-90
3282
735366
-3
-2
10
-2798
-94
3314
736391
-3
-4
19
-2791
-124
3320
737416
21
-9
21
-2787
-101
3303
738441
30
-7
14
-2785
-43
3292
739466
6
4
10
-2796
-74
3287
740491
-3
4
6
-2802
-89
3292
741516
1
0
5
-2795
-83
3283
742541
4
1
7
-2797
-119
3287
743566
10
-1
6
-2799
-89
3289
744591
3
-1
5
-2794
-107
3281
745616
6
-5
8
-2791
-95
3268
738433
7
-5
6
-2787
-98
3278
739458
4
0
8
-2782
-70
3282
740483
-14
6
5
-2792
-89
3247
741508
-14
5
-1
-2795
-109
3239
742533
-7
-3
-5
-2807
-92
3255
743558
-13
-10
-2
-2826
-101
3264
744583
-7
-19
1
-2819
-107
3271
745608
18
-28
3
-2809
-94
3301
746633
16
-26
6
-2798
-63
3298
747658
-2
-19
5
-2791
-80
3308
748683
-4
-12
7
-2788
-93
3315
749708
0
-9
5
-2789
-82
3285
750733
1
-5
4
-2796
-81
3283
751758
-3
-4
5
-2821
-92
3295
752783
-3
-5
7
-2814
-97
3292
753808
3
-8
6
-2804
-95
3268
746623
6
-11
4
-2803
-98
3263
747648
11
-14
2
-2795
-93
3277
748673
3
-14
2
-2791
-106
3279
749698
0
-15
3
-2796
-83
3296
750723
-8
-14
7
-2798
-95
3287
751748
-12
-13
5
-2792
-84
3256
752773
-24
-14
4
-2795
-76
3246
753798
-42
-14
2
-2791
-89
3257
754823
-41
-17
2
-2793
-122
3270
755848
-19
-25
1
-2791
-115
3273
756873
-8
-32
4
-2777
-102
3277
757898
-17
-27
6
-2772
-105
3300
758923
-18
-21
9
-2782
-110
3339
759948
-13
-18
9
-2777
-120
3336
760973
-11
-15
10
-2763
-101
3327
761998
-16
-8
13
-2775
-122
3325
754816
-5
-8
11
-2780
-108
3333
755841
-1
-8
9
-2769
-83
3335
756866
-10
-4
12
-2772
-108
3316
757891
-7
-3
11
-2785
-104
3312
758916
0
-3
10
-2777
-77
3323
759941
-8
0
11
-2779
-99
3305
760966
-6
0
8
-2775
-98
3284
761991
-7
-1
8
-2778
-103
3262
763016
-7
-3
7
-2782
-105
3258
764041
-5
-2
4
-2769
-109
3265
765066
-6
2
3
-2771
-117
3265
766091
-19
0
1
-2766
-97
3265
767116
-43
-8
12
-2784
-139
3224
768141
-16
-21
14
-2793
-137
3256
769166
-39
-31
22
-2830
-98
3276
770191
-82
-30
30
-2842
-143
3283
763008
-51
-21
11
-2855
-190
3234
764033
116
-15
-19
-2682
53
3491
765058
213
12
26
-2546
51
3637
766083
68
53
-36
-2889
101
3692
767108
-245
35
-75
-2759
-362
3082
768133
-59
-75
-48
-2769
-235
2582
769158
78
-154
-67
-2679
93
2850
770183
-15
-121
-76
-2591
139
3506
771208
-290
-26
-59
-2689
-85
3807
772233
-354
63
-55
-2745
-447
3752
773258
-136
82
-65
-2789
-358
3353
774283
28
52
-39
-2869
-243
3046
775308
68
6
-33
-2816
-127
3127
776333
48
-12
-16
-2793
-145
3284
777358
21
-9
-17
-2812
-199
3298
778383
37
-10
-19
-2788
-190
3296
771200
42
-10
-7
-2769
-186
3317
772225
36
-4
1
-2763
-206
3352
773250
28
1
1
-2766
-163
3338
774275
18
4
-3
-2773
-164
3318
775300
3
8
-2
-2786
-170
3303
776325
-1
11
-6
-2783
-194
3310
777350
8
10
-4
-2787
-168
3317
778375
8
5
-2
-2780
-175
3308
779400
11
2
0
-2760
-184
3310
780425
5
4
9
-2768
-175
3331
781450
-3
1
14
-2782
-183
3321
782475
11
-6
12
-2768
-180
3302
783500
22
-6
8
-2766
-132
3305
784525
6
-3
6
-2781
-141
3304
785550
-8
-2
1
-2781
-157
3303
786575
-5
2
0
-2768
-187
3313
779393
-3
4
1
-2776
-174
3265
780418
-3
2
0
-2772
-181
3267
781443
1
0
4
-2762
-166
3296
782468
-9
4
4
-2772
-179
3282
783493
-12
2
-4
-2774
-189
3274
784518
-6
-2
-4
-2778
-169
3274
785543
-11
-5
2
-2791
-184
3277
786568
-4
-11
1
-2777
-174
3318
787593
-4
-10
5
-2788
-157
3321
788618
-3
-9
6
-2790
-166
3315
789643
5
-6
4
-2780
-145
3321
790668
-6
3
3
-2788
-166
3338
791693
-8
7
0
-2787
-171
3312
792718
0
7
-2
-2774
-191
3310
793743
5
9
0
-2774
-171
3331
794768
-10
12
7
-2782
-188
3318
787585
-5
8
9
-2776
-201
3274
788610
8
0
11
-2762
-170
3267
789635
3
-2
13
-2777
-171
3292
790660
3
-6
8
-2776
-154
3295
791685
4
-8
6
-2763
-150
3292
792710
5
-5
5
-2785
-160
3297
793735
-1
-4
-2
-2781
-179
3309
794760
-1
0
-7
-2781
-177
3294
795785
2
2
-9
-2777
-174
3289
796810
-9
3
-8
-2781
-185
3304
797835
-12
5
-4
-2790
-180
3315
798860
-7
6
0
-2782
-201
3310
799885
-5
7
3
-2787
-182
3312
800910
-7
9
4
-2783
-186
3303
801935
-4
10
7
-2776
-172
3304
802960
-9
9
12
-2786
-181
3293
795776
-7
5
15
-2791
-191
3305
796801
0
3
10
-2780
-151
3305
797826
0
3
7
-2786
-150
3277
798851
0
0
2
-2783
-161
3292
799876
4
-3
2
-2772
-184
3308
800901
7
-3
0
-2773
-181
3290
801926
2
-3
-1
-2775
-190
3280
802951
3
-2
0
-2778
-170
3300
803976
-2
3
2
-2783
-163
3305
805001
-9
5
-1
-2775
-178
3270
806026
-3
7
-5
-2766
-170
3249
807051
-7
7
-4
-2776
-166
3266
808076
-18
2
-5
-2794
-185
3280
809101
-20
-2
-9
-2781
-187
3269
810126
-14
-4
-11
-2785
-180
3257
811151
-10
-11
-14
-2793
-168
3266
803968
-16
-14
-6
-2806
-179
3305
804993
-10
-13
-1
-2812
-209
3333
806018
-3
-13
-2
-2804
-192
3331
807043
-6
-11
2
-2803
-196
3307
808068
-5
-9
1
-2790
-194
3307
809093
-2
-5
-2
-2779
-188
3312
810118
-12
1
-5
-2772
-201
3304
811143
-22
4
-2
-2769
-187
3301
812168
-50
-3
22
-2844
-116
3269
813193
-88
-32
31
-2918
-260
3145
814218
-32
-26
-7
-2792
-444
3174
815243
127
-7
30
-2725
-108
3182
816268
255
28
114
-2528
-24
3673
817293
334
41
125
-2836
-189
3811
818318
-47
77
-36
-2826
-34
3448
819343
-121
37
-29
-2784
-502
2723
812159
131
-63
-7
-2845
-24
2685
813184
79
-139
-33
-2706
196
3089
814209
-125
-120
-68
-2738
91
3356
815234
-285
-30
-125
-2676
29
3656
816259
-424
82
-90
-2665
-296
3821
817284
-301
120
-24
-2833
-819
3397
818309
146
63
-59
-2929
-360
3115
819334
163
32
-61
-2827
59
3164
820359
-58
34
-13
-2869
-263
3185
821384
-8
-8
-5
-2864
-380
3195
822409
112
-41
-9
-2801
-215
3252
823434
98
-42
9
-2790
-118
3324
824459
37
-30
18
-2775
-247
3359
825484
20
-20
17
-2764
-259
3342
826509
35
-6
11
-2768
-223
3343
827534
39
9
14
-2785
-141
3332
820352
10
19
6
-2802
-166
3289
821377
-7
23
-2
-2783
-200
3263
822402
-2
20
2
-2790
-219
3278
823427
13
8
4
-2772
-222
3263
824452
26
-1
10
-2768
-188
3251
825477
9
-6
9
-2774
-189
3244
826502
3
-14
0
-2773
-199
3268
827527
0
-19
-7
-2787
-184
3269
828552
2
-21
-11
-2807
-187
3281
829577
15
-22
-11
-2807
-170
3315
830602
11
-11
-13
-2794
-183
3319
831627
-3
-1
-15
-2784
-171
3323
832652
-17
6
-15
-2786
-218
3313
833677
-5
19
-17
-2786
-216
3310
834702
6
30
-15
-2815
-179
3319
835727
-9
35
-15
-2818
-234
3306
828544
2
34
-14
-2813
-207
3286
829569
6
32
-5
-2810
-203
3261
830594
-1
23
-5
-2815
-236
3241
831619
2
12
-9
-2793
-209
3257
832644
0
2
-2
-2788
-210
3262
833669
7
-10
4
-2801
-232
3246
834694
20
-21
6
-2784
-212
3245
835719
14
-24
9
-2773
-191
3266
836744
-4
-17
5
-2768
-201
3274
837769
-15
-10
-1
-2777
-208
3261
838794
-12
-7
-5
-2788
-212
3279
839819
-8
-5
-7
-2799
-206
3292
840844
-7
-5
-9
-2809
-200
3283
841869
-8
-1
-11
-2799
-194
3290
842894
-17
2
-9
-2800
-219
3295
843919
-9
-2
-7
-2809
-235
3291
836736
2
-8
-4
-2803
-214
3291
837761
1
-10
0
-2795
-209
3286
838786
-4
-6
3
-2805
-213
3317
839811
-4
-4
1
-2814
-202
3317
840836
-1
-4
3
-2813
-224
3303
841861
13
-5
1
-2799
-199
3289
842886
9
0
0
-2792
-197
3292
843911
-6
5
1
-2808
-207
3282
844936
-6
5
1
-2804
-250
3284
845961
13
0
1
-2788
-237
3277
846986
16
0
3
-2786
-209
3258
848011
1
2
5
-2786
-214
3261
849036
-10
5
2
-2789
-226
3276
850061
-6
3
-7
-2804
-221
3269
851086
-4
1
-10
-2822
-217
3265
852111
-6
-5
-8
-2816
-224
3268
845077
0
-8
-3
-2797
-223
3286
846102
12
-8
1
-2808
-209
3314
847127
4
-5
0
-2809
-203
3280
848152
-6
-1
2
-2799
-211
3273
849177
-7
1
2
-2808
-217
3290
850202
-8
1
1
-2812
-218
3282
851227
-9
0
0
-2806
-219
3288
852252
-4
1
4
-2796
-207
3269
853277
-9
2
3
-2813
-221
3262
854302
-5
-3
-2
-2804
-215
3268
855327
-8
-5
-3
-2794
-222
3280
856352
-15
-3
2
-2778
-249
3279
857377
-10
2
-1
-2770
-244
3265
858402
-18
10
-10
-2772
-206
3259
859427
-43
13
-12
-2795
-165
3264
860452
-73
10
4
-2789
-182
3265
853120
-108
-2
38
-2855
-258
3219
854145
-64
-22
33
-2865
-368
3276
855170
-12
-16
1
-2794
-312
3326
856195
-9
0
16
-2826
-123
3149
857220
53
29
33
-2689
-66
3456
858245
140
50
79
-2669
-295
3526
859270
-1
84
-9
-2924
-102
3546
860295
-234
62
-18
-2780
-602
3023
861320
59
-19
13
-2889
-305
2755
862345
116
-89
-5
-2829
71
2983
863370
-24
-99
-31
-2783
-16
3236
864395
-166
-40
-82
-2726
-8
3721
865420
-401
90
-107
-2705
-329
3840
866445
-401
141
-66
-2904
-696
3345
867470
-96
87
-76
-2931
-512
3006
868495
115
19
-49
-2871
-227
3005
861313
94
-2
-9
-2853
-243
3162
862338
51
-14
5
-2858
-454
3220
863363
87
-20
-11
-2819
-342
3281
864388
53
-7
-12
-2807
-223
3290
865413
3
7
-3
-2810
-267
3251
866438
23
7
5
-2809
-319
3227
867463
46
5
1
-2806
-342
3236
868488
34
3
-9
-2832
-265
3226
869513
22
-1
-14
-2842
-247
3222
870538
27
-9
-5
-2826
-318
3275
871563
34
-17
2
-2838
-328
3280
872588
44
-23
1
-2829
-297
3285
873613
32
-21
8
-2809
-294
3270
874638
18
-16
11
-2825
-285
3269
875663
17
-12
12
-2820
-291
3287
876688
21
-10
11
-2830
-287
3286
869504
22
-4
9
-2818
-266
3274
870529
8
2
9
-2831
-263
3266
871554
0
2
5
-2824
-274
3238
872579
6
-6
8
-2824
-283
3252
873604
6
-9
11
-2831
-276
3273
874629
12
-13
13
-2826
-285
3267
875654
20
-18
14
-2813
-251
3249
876679
14
-17
18
-2804
-256
3260
877704
9
-15
17
-2820
-267
3261
878729
18
-12
7
-2815
-265
3268
879754
15
-9
0
-2810
-241
3271
880779
1
-7
-1
-2817
-254
3269
881804
-5
-8
0
-2814
-303
3257
882829
6
-14
0
-2824
-299
3246
883854
13
-17
1
-2828
-265
3279
884879
2
-21
8
-2823
-294
3284
877696
5
-21
10
-2801
-267
3276
878721
14
-19
12
-2802
-259
3262
879746
16
-15
13
-2814
-239
3269
880771
2
-11
13
-2819
-249
3282
881796
-3
-10
14
-2824
-289
3263
882821
15
-9
7
-2807
-274
3270
883846
24
-6
11
-2798
-223
3267
884871
1
-5
16
-2806
-254
3251
885896
-9
-5
16
-2803
-285
3272
886921
2
-5
11
-2797
-254
3278
887946
3
-3
6
-2800
-239
3254
888971
-12
-5
4
-2822
-235
3262
889996
-10
-9
1
-2813
-259
3263
891021
6
-10
3
-2811
-244
3264
892046
2
-7
6
-2823
-256
3271
893071
-10
-7
1
-2830
-269
3258
885888
-6
-7
-2
-2822
-288
3270
886913
3
-5
-3
-2822
-269
3300
887938
-8
0
1
-2823
-288
3295
888963
-4
1
8
-2815
-308
3294
889988
5
5
14
-2815
-281
3314
891013
6
14
21
-2796
-245
3320
892038
-5
24
28
-2809
-250
3301
893063
-16
28
30
-2820
-248
3261
894088
-11
25
29
-2817
-237
3252
895113
-5
21
27
-2805
-213
3269
896138
-7
19
25
-2813
-216
3252
897163
-4
12
22
-2819
-235
3243
898188
5
5
18
-2836
-252
3231
899213
16
-5
11
-2811
-226
3241
900238
7
-8
9
-2794
-240
3255
901263
3
-7
8
-2799
-262
3256
894080
10
-7
4
-2791
-241
3256
895105
-3
-2
0
-2785
-226
3232
896130
-29
5
-7
-2792
-227
3226
897155
-57
11
-13
-2800
-242
3214
898180
-65
7
-14
-2821
-267
3193
899205
-78
-5
-12
-2838
-283
3217
900230
-92
-16
-18
-2853
-356
3203
901255
-27
-31
-32
-2859
-295
3172
902280
-4
-49
-40
-2842
-201
3231
903305
-76
-55
-45
-2885
-214
3258
904330
-84
-50
-62
-2924
-61
3271
905355
-241
-33
4
-2853
-331
2982
906380
-99
17
90
-2508
-648
3538
907405
434
-33
142
-2678
-504
3655
908430
-14
31
54
-2921
3
3516
909455
-261
28
47
-2794
-511
2981
902271
-74
-18
28
-2849
-188
3061
903296
-79
-38
-38
-2779
-72
3252
904321
-129
16
-92
-2720
-91
3438
905346
-193
95
-83
-2675
-231
3715
906371
-172
128
-32
-2767
-599
3530
907396
8
100
-54
-2926
-458
3077
908421
120
43
-63
-2874
-292
2909
909446
87
-2
-35
-2837
-295
3073
910471
26
-22
-1
-2841
-407
3234
911496
46
-18
-5
-2850
-419
3244
912521
94
-16
-14
-2845
-359
3247
913546
60
-10
-11
-2832
-288
3288
914571
-24
6
-10
-2828
-338
3286
915596
-24
10
-15
-2841
-386
3195
916621
43
-2
-25
-2865
-274
3153
917646
36
-6
-33
-2860
-248
3173
910464
0
-11
-28
-2847
-307
3207
911489
7
-18
-16
-2825
-398
3271
912514
23
-23
-7
-2822
-368
3256
913539
28
-26
-5
-2817
-346
3256
914564
16
-23
-3
-2826
-326
3262
915589
3
-20
-4
-2833
-326
3247
916614
8
-22
-4
-2830
-316
3237
917639
6
-21
4
-2830
-321
3268
918664
-6
-17
7
-2843
-335
3262
919689
-4
-17
1
-2835
-346
3245
920714
7
-19
0
-2835
-325
3250
921739
6
-20
5
-2829
-333
3265
922764
-7
-19
6
-2824
-349
3278
923789
0
-22
4
-2822
-347
3280
924814
12
-19
3
-2804
-347
3296
925839
11
-11
2
-2801
-323
3289
918870
-5
-5
4
-2801
-339
3283
919895
-3
-3
5
-2796
-333
3289
920920
1
-1
10
-2799
-323
3274
921945
8
0
9
-2806
-318
3270
922970
11
3
4
-2815
-297
3272
923995
10
5
1
-2809
-296
3278
925020
4
4
-4
-2802
-308
3281
926045
3
4
-8
-2794
-319
3260
927070
2
4
-8
-2804
-307
3243
928095
-13
1
-6
-2830
-333
3250
929120
-8
-6
-5
-2843
-351
3255
930145
15
-12
-5
-2821
-339
3250
931170
17
-11
-4
-2817
-320
3244
932195
-5
-5
-4
-2812
-323
3246
933220
-19
5
-1
-2814
-369
3258
934245
-9
8
-3
-2821
-353
3258
926849
-6
8
-2
-2818
-333
3252
927874
-10
6
-2
-2811
-340
3262
928899
-6
5
0
-2813
-328
3265
929924
-6
5
1
-2824
-316
3269
930949
-7
3
-2
-2814
-313
3267
931974
-4
2
-3
-2813
-319
3259
932999
2
5
-4
-2826
-316
3262
934024
-1
5
-4
-2828
-337
3277
935049
-2
3
-3
-2833
-329
3271
936074
4
1
0
-2831
-323
3276
937099
4
4
0
-2818
-339
3266
938124
6
7
-5
-2816
-321
3256
939149
4
7
-7
-2820
-326
3254
940174
3
4
-5
-2829
-320
3247
941199
-3
1
-3
-2823
-329
3236
942224
0
-4
-4
-2832
-350
3228
935041
10
-6
-6
-2818
-337
3249
936066
0
-3
-5
-2812
-351
3237
937091
-13
-1
-4
-2825
-370
3228
938116
-1
-4
-1
-2828
-351
3241
939141
1
-5
0
-2837
-362
3232
940166
4
-8
-1
-2823
-356
3242
941191
4
-7
3
-2822
-332
3266
942216
-11
-6
5
-2839
-346
3255
943241
-17
-6
5
-2831
-347
3262
944266
-7
-6
7
-2832
-337
3261
945291
-6
-8
9
-2830
-326
3260
946316
-25
-9
9
-2831
-298
3287
947341
-127
-30
41
-2917
-161
3108
948366
-77
-69
86
-2934
-449
2958
949391
170
-47
69
-2738
-592
3193
950416
158
26
99
-2767
-470
3407
943233
174
66
107
-2579
-186
3818
944258
388
37
99
-2870
-257
3465
945283
-35
70
-81
-2884
145
3337
946308
-277
24
-38
-2767
-674
2780
947333
126
-77
-7
-2903
-201
2788
948358
186
-153
-44
-2758
77
3090
949383
-51
-125
-84
-2739
-113
3340
950408
-275
-27
-113
-2721
-347
3607
951433
-299
49
-84
-2771
-653
3627
952458
-46
43
-52
-2950
-613
3266
953483
155
-3
-73
-2890
-198
3114
954508
46
-16
-28
-2850
-315
3134
955533
-2
-26
12
-2872
-430
3243
956558
47
-31
13
-2832
-378
3317
957583
44
-19
16
-2815
-331
3295
958608
28
-10
11
-2792
-321
3255
951423
27
-3
10
-2772
-266
3296
952448
4
4
15
-2795
-271
3292
953473
-2
-1
12
-2815
-316
3227
954498
11
-11
2
-2825
-327
3246
955523
15
-15
-7
-2810
-316
3304
956548
15
-12
-10
-2801
-328
3299
957573
15
-8
-8
-2786
-329
3287
958598
14
-2
-2
-2792
-346
3291
959623
12
2
5
-2806
-320
3291
960648
9
8
8
-2807
-319
3296
961673
12
7
9
-2813
-303
3274
962698
15
4
6
-2826
-293
3276
963723
16
1
0
-2838
-285
3283
964748
19
-4
1
-2837
-297
3263
965773
20
-13
4
-2838
-324
3261
966798
22
-21
12
-2851
-338
3306
959617
33
-28
21
-2849
-326
3322
960642
45
-30
31
-2838
-312
3312
961667
52
-27
41
-2821
-299
3321
962692
54
-25
50
-2815
-276
3314
963717
57
-25
57
-2812
-297
3303
964742
65
-26
56
-2788
-274
3304
965767
68
-23
56
-2780
-259
3299
966792
66
-21
50
-2768
-253
3270
967817
59
-16
42
-2769
-249
3254
968842
53
-14
39
-2786
-250
3259
969867
53
-16
34
-2762
-233
3253
970892
56
-16
37
-2751
-255
3261
971917
63
-16
32
-2746
-240
3276
972942
62
-16
21
-2760
-215
3285
973967
56
-19
9
-2740
-218
3292
974992
49
-15
4
-2718
-205
3264
967808
30
-9
0
-2735
-200
3231
968833
12
-7
-9
-2762
-199
3225
969858
7
-12
-13
-2783
-204
3246
970883
4
-27
-16
-2788
-240
3221
971908
16
-42
-23
-2760
-232
3206
972933
22
-42
-19
-2778
-205
3250
973958
-9
-42
-17
-2787
-217
3289
974983
-25
-41
-13
-2810
-270
3282
976008
18
-50
-7
-2811
-232
3266
977033
60
-55
-9
-2787
-189
3288
978058
32
-45
-11
-2791
-146
3341
979083
-32
-24
-3
-2789
-233
3446
980108
-58
4
9
-2776
-307
3478
981133
-6
20
16
-2792
-303
3409
982158
48
23
19
-2796
-222
3366
983183
37
29
20
-2778
-157
3351
976000
8
31
20
-2779
-191
3312
977025
16
24
15
-2769
-213
3298
978050
27
16
9
-2762
-213
3273
979075
39
12
1
-2756
-203
3249
980100
42
-1
-2
-2760
-192
3255
981125
26
-8
-3
-2758
-227
3258
982150
24
-12
-7
-2745
-226
3250
983175
28
-15
-9
-2763
-202
3255
984200
20
-14
-8
-2763
-216
3283
985225
5
-8
-6
-2779
-206
3277
986250
-1
-1
-8
-2799
-216
3274
987275
9
1
-10
-2819
-190
3296
988300
-6
1
-10
-2806
-192
3263
989325
-25
7
-3
-2798
-221
3256
990350
-33
13
1
-2811
-222
3265
991375
-31
14
3
-2812
-227
3255
984192
-35
10
4
-2795
-219
3230
985217
-63
3
10
-2791
-224
3244
986242
-96
-14
26
-2836
-200
3181
987267
-116
-47
72
-2909
-199
3135
988292
-147
-50
91
-2829
-529
3170
989317
-21
-27
89
-2741
-402
3173
990342
107
9
135
-2478
-16
3778
991367
260
-3
171
-2746
-210
3744
992392
-110
56
16
-2811
73
3522
993417
-282
42
5
-2740
-503
2894
994442
49
-31
20
-2776
-80
2980
995467
90
-84
-34
-2736
196
3235
996492
-137
-59
-81
-2717
39
3388
997517
-313
21
-95
-2692
-295
3694
998542
-211
58
-67
-2718
-636
3623
999567
85
29
-65
-2874
-406
3228
992384
209
-16
-70
-2822
-73
3083
993409
27
-28
-41
-2810
-153
3144
994434
-34
-36
-21
-2796
-333
3281
995459
64
-47
-12
-2772
-293
3339
996484
109
-46
-2
-2781
-222
3299
997509
71
-39
0
-2794
-187
3269
998534
25
-36
-10
-2779
-213
3266
999559
3
-22
-18
-2768
-241
3308
1000584
11
-5
-24
-2778
-234
3367
1001609
4
12
-22
-2782
-259
3378
1002634
-13
26
-18
-2798
-301
3369
1003659
-12
31
-14
-2792
-310
3313
1004684
6
29
-4
-2768
-265
3308
1005709
-1
28
10
-2750
-248
3319
1006734
-2
24
22
-2754
-240
3299
1007759
10
10
21
-2757
-213
3263
1000577
18
2
15
-2750
-178
3276
1001602
5
-4
5
-2761
-188
3291
1002627
4
-6
-6
-2752
-227
3291
1003652
12
-7
-9
-2728
-241
3294
1004677
-2
-1
-8
-2735
-254
3298
1005702
-17
7
-10
-2757
-265
3299
1006727
-7
8
-9
-2755
-257
3289
1007752
0
7
-1
-2766
-237
3268
1008777
-15
5
-2
-2780
-239
3266
1009802
-20
4
-9
-2801
-240
3286
1010827
-15
-2
-19
-2794
-248
3285
1011852
-15
-8
-25
-2798
-247
3295
1012877
-4
-14
-27
-2798
-261
3320
1013902
2
-17
-22
-2793
-266
3336
1014927
-8
-14
-14
-2793
-258
3362
1015952
-20
-12
-4
-2776
-282
3329
1008768
-6
-10
9
-2776
-298
3297
1009793
12
-4
14
-2784
-242
3291
1010818
-4
3
12
-2789
-198
3306
1011843
-40
7
12
-2803
-245
3297
1012868
-36
8
17
-2807
-236
3335
1013893
-64
30
17
-2740
-292
3321
1014918
-21
37
24
-2776
-319
3190
1015943
35
2
18
-2789
-213
3094
1016968
37
-36
3
-2753
-240
3131
1017993
-15
-38
-14
-2768
-230
3287
1019018
-71
-39
-30
-2770
-279
3350
1020043
-33
-29
-25
-2747
-355
3372
1021068
-31
-9
-12
-2803
-275
3369
1022093
-60
0
-10
-2807
-308
3357
1023118
-25
-5
-4
-2808
-319
3347
1024143
7
-8
1
-2810
-232
3359
1016960
1
-9
9
-2804
-224
3339
1017985
-5
-8
10
-2796
-267
3322
1019010
11
-10
5
-2774
-256
3312
1020035
19
-11
0
-2766
-272
3294
1021060
13
-12
-7
-2753
-276
3276
1022085
5
-11
-3
-2750
-281
3309
1023110
-11
-8
1
-2754
-274
3324
1024135
-13
-10
1
-2755
-323
3281
1025160
15
-16
0
-2763
-263
3292
1026185
-7
-13
1
-2780
-244
3293
1027210
-14
-13
-1
-2785
-314
3323
1028235
13
-16
-2
-2770
-275
3356
1029260
0
-3
3
-2774
-259
3318
1030285
-18
7
0
-2785
-294
3299
1031310
-29
6
-3
-2776
-271
3334
1032335
-69
13
11
-2793
-286
3351
1025153
-111
-3
29
-2851
-137
3081
1026178
-106
-71
123
-2927
-97
2584
1027203
-34
-62
155
-2894
-762
3006
1028228
-56
75
111
-2420
-766
4441
1029253
370
80
223
-2398
-463
4277
1030278
205
140
28
-2961
500
3789
1031303
-236
126
-54
-2755
-520
2643
1032328
84
2
-11
-2893
-99
2288
1033353
167
-106
-19
-2706
86
3070
1034378
113
-154
-87
-2684
45
3354
1035403
-107
-114
-155
-2698
-34
3425
1036428
-330
-37
-144
-2673
-265
3613
1037453
-188
-5
-97
-2676
-627
3541
1038478
111
-13
-70
-2798
-562
3200
1039503
202
-26
-59
-2814
-231
3226
1040528
-58
-2
-55
-2855
-240
3254
1033344
-78
-2
-59
-2850
-390
3279
1034369
77
-21
-48
-2816
-317
3330
1035394
69
-22
-20
-2816
-261
3309
1036419
26
-19
-8
-2780
-353
3288
1037444
43
-11
1
-2763
-320
3346
1038469
25
7
7
-2773
-282
3422
1039494
-11
23
4
-2769
-267
3404
1040519
-15
27
9
-2767
-303
3311
1041544
22
25
15
-2765
-282
3274
1042569
21
23
18
-2743
-291
3311
1043594
-5
14
21
-2753
-292
3277
1044619
3
2
17
-2754
-310
3279
1045644
18
-6
23
-2744
-279
3308
1046669
14
-11
26
-2768
-268
3289
1047694
24
-15
22
-2751
-284
3319
1048719
21
-12
16
-2781
-241
3329
1041535
2
-10
9
-2792
-273
3307
1042560
9
-21
7
-2780
-303
3315
1043585
12
-32
10
-2777
-305
3363
1044610
19
-34
14
-2766
-303
3380
1045635
32
-31
21
-2765
-297
3383
1046660
35
-21
34
-2741
-264
3384
1047685
16
-2
38
-2750
-219
3344
1048710
0
12
33
-2758
-248
3298
1049735
1
13
25
-2771
-252
3268
1050760
6
7
21
-2759
-241
3260
1051785
4
0
26
-2752
-270
3265
1052810
9
-10
31
-2756
-273
3272
1053835
18
-21
35
-2752
-249
3277
1054860
13
-27
41
-2745
-227
3279
1055885
5
-27
43
-2748
-209
3296
1056910
6
-27
46
-2766
-203
3315
1049728
13
-29
45
-2793
-181
3311
1050753
12
-37
36
-2794
-165
3323
1051778
7
-46
28
-2777
-181
3325
1052803
19
-53
30
-2772
-188
3347
1053828
31
-50
30
-2747
-211
3366
1054853
25
-37
28
-2744
-210
3372
1055878
6
-20
22
-2741
-220
3378
1056903
1
-7
20
-2741
-260
3382
1057928
16
0
25
-2719
-259
3388
1058953
20
13
31
-2705
-226
3361
1059978
10
27
30
-2706
-214
3330
1061003
3
34
25
-2722
-205
3316
1062028
-5
32
23
-2734
-198
3304
1063053
-5
23
23
-2748
-195
3294
1064078
16
7
19
-2743
-184
3298
1065103
23
-9
11
-2732
-174
3264
1058030
2
-27
1
-2727
-171
3247
1059055
0
-54
-10
-2757
-204
3242
1060080
24
-88
-31
-2777
-223
3300
1061105
53
-116
-51
-2768
-228
3355
1062130
67
-131
-62
-2766
-252
3383
1063155
59
-125
-68
-2740
-288
3441
1064180
63
-100
-55
-2711
-325
3489
1065205
66
-66
-42
-2668
-233
3475
1066230
23
-21
-22
-2644
-256
3456
1067255
-1
18
-3
-2661
-239
3413
1068280
6
39
10
-2661
-209
3375
1069305
12
41
20
-2670
-162
3329
1070330
16
31
29
-2661
-169
3297
1071355
29
11
37
-2667
-159
3298
1072380
36
-12
37
-2666
-154
3296
1073405
19
-26
33
-2666
-152
3317
1066111
2
-32
33
-2692
-161
3390
1067136
-42
-38
28
-2748
-141
3415
1068161
-90
-48
19
-2764
-30
3248
1069186
-112
-72
82
-2714
-59
2827
1070211
69
-59
204
-2711
-461
3018
1071236
266
30
238
-2286
-399
4306
1072261
346
86
172
-2682
11
4383
1073286
-179
136
39
-2743
-117
3406
1074311
-121
82
52
-2825
-432
2559
1075336
124
-57
29
-2837
118
2567
1076361
117
-190
-76
-2727
408
3104
1077386
-93
-140
-176
-2587
346
3664
1078411
-427
4
-165
-2565
-188
3964
1079436
-274
72
-111
-2643
-773
3701
1080461
223
38
-117
-2862
-391
3087
1081486
320
-31
-125
-2771
75
2940
1074304
17
-37
-88
-2723
-38
3193
1075329
-133
-21
-50
-2744
-378
3409
1076354
4
-37
-48
-2743
-392
3425
1077379
120
-58
-42
-2741
-222
3385
1078404
58
-60
-30
-2718
-80
3363
1079429
-22
-47
-4
-2664
-207
3382
1080454
11
-38
14
-2663
-265
3403
1081479
51
-29
15
-2678
-166
3425
1082504
31
-20
24
-2691
-88
3417
1083529
1
-17
39
-2717
-129
3414
1084554
-14
-13
38
-2727
-247
3387
1085579
3
-14
31
-2705
-241
3388
1086604
7
-13
35
-2693
-200
3400
1087629
5
-8
39
-2683
-199
3414
1088654
-4
1
32
-2670
-181
3407
1089679
-5
11
28
-2650
-165
3386
1082496
-16
22
32
-2658
-154
3397
1083521
-37
28
34
-2691
-182
3384
1084546
-14
26
27
-2688
-157
3397
1085571
6
23
26
-2681
-105
3400
1086596
-5
20
33
-2684
-172
3416
1087621
-11
11
32
-2680
-182
3396
1088646
5
3
23
-2698
-142
3389
1089671
22
-3
18
-2679
-149
3397
1090696
29
-7
18
-2679
-133
3401
1091721
19
-6
14
-2621
-120
3393
1092746
5
6
19
-2615
-140
3352
1093771
12
10
15
-2672
-125
3337
1094796
13
3
-7
-2689
-118
3345
1095821
8
-1
-18
-2703
-139
3367
1096846
13
-11
-23
-2709
-155
3398
1097871
16
-24
-17
-2699
-174
3384
1090688
24
-28
-7
-2682
-175
3379
1091713
23
-25
0
-2683
-134
3391
1092738
4
-14
6
-2695
-158
3395
1093763
7
-11
10
-2678
-193
3382
1094788
24
-12
17
-2672
-181
3360
1095813
20
-7
20
-2670
-151
3370
1096838
1
-1
19
-2660
-138
3355
1097863
-11
5
16
-2657
-154
3339
1098888
-17
8
14
-2679
-160
3362
1099913
-11
5
10
-2697
-112
3366
1100938
-17
2
12
-2684
-111
3340
1101963
-19
3
14
-2683
-89
3370
1102988
-33
6
15
-2671
-93
3388
1104013
-37
10
18
-2681
-119
3394
1105038
-25
12
20
-2672
-118
3378
1106063
-25
17
18
-2668
-103
3373
1098880
-37
23
19
-2670
-132
3399
1099905
-30
22
20
-2665
-143
3395
1100930
-17
18
23
-2682
-141
3395
1101955
-18
13
18
-2678
-144
3407
1102980
-9
9
14
-2675
-146
3421
1104005
-3
7
16
-2667
-160
3417
1105030
-1
9
13
-2667
-162
3405
1106055
2
13
8
-2693
-125
3398
1107080
-5
14
3
-2704
-145
3392
1108105
6
9
-4
-2700
-133
3394
1109130
9
7
-7
-2698
-123
3364
1110155
10
4
-11
-2687
-149
3354
1111180
19
6
-20
-2680
-133
3354
1112205
11
8
-27
-2698
-131
3321
1113230
-9
5
-27
-2725
-164
3310
1114255
-9
-5
-24
-2720
-198
3318
1107072
14
-18
-25
-2700
-210
3303
1108097
21
-20
-23
-2677
-161
3306
1109122
-8
-19
-13
-2703
-155
3311
1110147
-23
-23
-8
-2719
-193
3313
1111172
-8
-28
-12
-2712
-183
3342
1112197
-12
-25
-16
-2714
-154
3352
1113222
-39
-23
-14
-2722
-149
3365
1114247
-83
-23
-4
-2733
-166
3392
1115272
-71
-34
14
-2774
-256
3367
1116297
53
-51
4
-2787
-319
3394
1117322
75
-47
-9
-2719
-197
3464
1118347
-55
-22
23
-2755
-33
3205
1119372
-19
-20
79
-2732
57
3138
1120397
195
-11
131
-2235
-287
3661
1121422
181
33
147
-2697
-290
4075
1122447
-306
59
92
-2661
-395
3318
1115264
-166
0
93
-2755
-224
2790
1116289
-24
-85
22
-2730
131
2979
1117314
27
-104
-83
-2602
122
3263
1118339
-140
19
-109
-2492
192
4146
1119364
-529
161
-69
-2583
-464
4151
1120389
-140
161
-81
-2917
-583
3277
1121414
281
60
-139
-2792
-11
2920
1122439
142
8
-67
-2689
-114
3049
1123464
15
-8
-33
-2724
-258
3327
1124489
-2
-18
-35
-2707
-291
3389
1125514
44
-27
-29
-2727
-264
3285
1126539
87
-41
-27
-2723
-142
3277
1127564
63
-41
-9
-2661
-190
3350
1128589
23
-26
2
-2687
-201
3379
1129614
-6
-11
-9
-2698
-192
3394
1130639
-12
-4
-11
-2716
-185
3360
1123456
-6
1
-12
-2716
-208
3396
1124481
-12
4
-5
-2722
-206
3420
1125506
-34
6
3
-2725
-272
3396
1126531
31
-1
0
-2687
-253
3371
1127556
66
-9
5
-2681
-139
3359
1128581
8
-6
13
-2676
-175
3402
1129606
-21
-1
19
-2657
-211
3430
1130631
-10
9
18
-2665
-209
3401
1131656
0
14
12
-2670
-179
3365
1132681
-11
15
9
-2674
-170
3357
1133706
-12
11
5
-2680
-205
3356
1134731
-3
1
0
-2682
-188
3354
1135756
-7
-7
1
-2687
-190
3353
1136781
-5
-15
3
-2685
-205
3372
1137806
10
-20
4
-2673
-202
3374
1138831
20
-20
6
-2674
-176
3365
1131649
-3
-14
3
-2685
-166
3376
1132674
-12
-11
-6
-2687
-201
3391
1133699
5
-9
-10
-2689
-181
3381
1134724
-5
-7
-14
-2698
-190
3365
1135749
-4
-5
-12
-2703
-202
3361
1136774
-2
-2
-12
-2716
-201
3364
1137799
-9
-2
-11
-2724
-202
3361
1138824
-10
-9
-9
-2723
-213
3368
1139849
-3
-12
-4
-2717
-230
3375
1140874
6
-10
-1
-2703
-203
3374
1141899
0
-5
1
-2683
-204
3352
1142924
-8
2
2
-2665
-209
3363
1143949
-14
11
-2
-2663
-194
3369
1144974
-18
16
-3
-2677
-196
3341
1145999
-16
12
-7
-2689
-201
3341
1147024
-12
7
-11
-2704
-188
3362
1139840
-15
3
-13
-2720
-210
3394
1140865
-6
-3
-21
-2715
-219
3404
1141890
5
-8
-25
-2705
-205
3394
1142915
6
-10
-21
-2710
-236
3406
1143940
1
-8
-20
-2721
-235
3419
1144965
12
-10
-14
-2723
-247
3421
1145990
20
-14
-9
-2725
-249
3409
1147015
24
-18
-5
-2720
-224
3397
1148040
26
-16
2
-2703
-242
3392
1149065
33
-9
5
-2703
-249
3373
1150090
39
-5
3
-2698
-213
3373
1151115
24
-1
4
-2696
-206
3346
1152140
13
3
3
-2690
-197
3339
1153165
10
9
0
-2699
-181
3334
1154190
7
7
-1
-2704
-180
3311
1155215
5
3
-1
-2702
-198
3310
1148032
4
-1
0
-2707
-204
3317
1149057
-2
-9
0
-2707
-234
3311
1150082
-7
-14
-4
-2692
-213
3337
1151107
-15
-15
0
-2698
-235
3365
1152132
-13
-19
5
-2704
-210
3363
1153157
-13
-23
10
-2690
-205
3370
1154182
-12
-23
13
-2682
-216
3394
1155207
-11
-18
11
-2672
-186
3413
1156232
-17
-11
11
-2675
-197
3405
1157257
-13
-8
10
-2665
-192
3394
1158282
-8
-3
6
-2673
-190
3403
1159307
-12
2
1
-2681
-179
3401
1160332
-14
5
-2
-2673
-194
3398
1161357
-11
7
-3
-2675
-202
3379
1162382
-6
6
-7
-2667
-191
3370
1163407
-13
4
-6
-2681
-218
3360
1156223
-10
-1
-4
-2681
-227
3363
1157248
-6
-7
-6
-2673
-220
3363
1158273
-5
-9
-5
-2676
-221
3382
1159298
-10
-7
-3
-2685
-219
3389
1160323
-27
-6
-4
-2697
-212
3367
1161348
-37
-13
-1
-2736
-163
3292
1162373
-56
-39
30
-2771
-155
3295
1163398
-95
-31
47
-2713
-430
3329
1164423
28
14
33
-2706
-436
3432
1165448
95
56
33
-2656
45
3711
1166473
171
77
52
-2464
-227
3683
1167498
169
85
3
-2820
-230
3574
1168523
-96
24
-5
-2707
-481
2842
1169548
72
-87
31
-2738
-116
2531
1170573
87
-160
31
-2668
58
2995
1171598
-71
-164
-36
-2613
-37
3388
1164417
-226
-85
-73
-2545
49
3843
1165442
-403
45
-75
-2560
-192
4044
1166467
-387
136
-57
-2671
-685
3734
1167492
-121
138
-85
-2833
-505
3303
1168517
74
85
-100
-2767
-189
3179
1169542
-27
57
-72
-2777
-183
3221
1170567
-57
28
-49
-2764
-346
3334
1171592
-42
9
-40
-2749
-312
3373
1172617
-11
-7
-31
-2725
-374
3308
1173642
89
-24
-15
-2668
-305
3312
1174667
98
-20
6
-2653
-255
3390
1175692
26
-12
11
-2684
-318
3413
1176717
-3
-6
2
-2713
-309
3390
1177742
6
-1
1
-2715
-318
3362
1178767
19
4
1
-2707
-309
3358
1179792
17
6
3
-2705
-286
3363
1172608
8
3
12
-2703
-317
3378
1173633
9
0
19
-2703
-294
3397
1174658
15
1
29
-2706
-294
3406
1175683
28
-2
28
-2705
-258
3380
1176708
26
-1
23
-2718
-210
3342
1177733
10
0
17
-2719
-240
3336
1178758
10
-2
9
-2707
-242
3348
1179783
4
-4
6
-2706
-282
3332
1180808
13
-8
6
-2715
-283
3316
1181833
19
-12
6
-2702
-271
3340
1182858
10
-12
10
-2691
-282
3344
1183883
0
-10
10
-2703
-274
3338
1184908
-5
-7
9
-2702
-290
3331
1185933
1
-7
7
-2717
-272
3331
1186958
0
-6
3
-2709
-270
3357
1187983
-2
-4
3
-2706
-284
3365
1180800
-2
-1
4
-2703
-278
3370
1181825
-2
0
3
-2709
-282
3385
1182850
-4
5
5
-2720
-277
3392
1183875
-2
5
7
-2713
-289
3370
1184900
3
2
6
-2707
-264
3362
1185925
2
1
9
-2710
-278
3376
1186950
3
3
10
-2706
-256
3396
1187975
1
7
11
-2690
-267
3376
1189000
7
6
12
-2684
-276
3351
1190025
13
8
10
-2681
-248
3391
1191050
-9
11
12
-2692
-274
3367
1192075
-6
9
13
-2697
-302
3350
1193100
6
6
9
-2696
-271
3341
1194125
-2
5
6
-2699
-249
3341
1195150
-10
1
8
-2707
-268
3342
1196175
2
-3
11
-2694
-268
3343
1188992
6
-2
9
-2686
-245
3332
1190017
-7
0
4
-2684
-248
3327
1191042
-11
0
-2
-2680
-273
3331
1192067
-14
0
-12
-2687
-267
3338
1193092
-21
-1
-15
-2713
-275
3364
1194117
-15
-6
-15
-2720
-290
3360
1195142
-2
-9
-13
-2729
-261
3366
1196167
-1
-11
-9
-2734
-257
3378
1197192
0
-8
-8
-2729
-294
3389
1198217
6
-5
-7
-2715
-284
3382
1199242
4
3
-4
-2716
-276
3368
1200267
-7
10
-5
-2731
-275
3366
1201292
-9
12
-5
-2734
-269
3359
1202317
-3
10
-4
-2732
-280
3333
1203342
7
7
-3
-2732
-267
3318
1204367
7
-2
-5
-2721
-274
3322
1197189
5
-4
-4
-2706
-283
3325
1198214
4
-6
-1
-2710
-323
3337
1199239
3
-10
-3
-2701
-292
3339
1200264
-3
-10
5
-2694
-299
3340
1201289
-8
-6
7
-2701
-282
3344
1202314
-18
-4
6
-2698
-271
3335
1203339
-31
-5
4
-2706
-301
3347
1204364
-46
-13
8
-2725
-300
3419
1205389
-40
-38
17
-2848
-257
3258
1206414
40
-58
1
-2774
-334
3321
1207439
16
3
-6
-2641
-466
3301
1208464
188
19
36
-2558
-172
3540
1209489
406
-33
64
-2620
-156
3598
1210514
-77
40
-68
-2780
215
3674
1211539
-265
15
-27
-2650
-903
2930
1212564
155
-76
17
-2746
-428
2755
1205375
175
-149
3
-2621
212
3099
1206400
-134
-111
-17
-2611
2
3386
1207425
-303
-9
-64
-2603
-67
3857
1208450
-455
105
-60
-2544
-397
4041
1209475
-317
158
-14
-2811
-766
3435
1210500
120
100
-68
-2831
-305
3189
1211525
53
89
-65
-2726
-149
3295
1212550
-119
90
-18
-2766
-395
3298
1213575
1
44
4
-2782
-494
3247
1214600
89
5
8
-2751
-324
3279
1215625
33
1
17
-2734
-325
3325
1216650
61
-9
24
-2711
-389
3363
1217675
88
-19
28
-2718
-291
3371
1218700
28
-10
25
-2725
-277
3361
1219725
-26
1
22
-2749
-320
3360
1220750
2
2
10
-2749
-353
3313
1213568
51
1
6
-2743
-308
3276
1214593
44
-1
7
-2724
-250
3291
1215618
-10
0
15
-2712
-346
3310
1216643
-5
-6
18
-2717
-370
3316
1217668
27
-15
13
-2721
-269
3308
1218693
18
-15
9
-2717
-241
3318
1219718
7
-12
8
-2718
-252
3327
1220743
-14
-13
8
-2716
-309
3328
1221768
-22
-13
6
-2739
-323
3348
1222793
-11
-12
-3
-2740
-276
3406
1223818
6
-11
2
-2731
-293
3424
1224843
2
-14
12
-2733
-360
3349
1225868
6
-15
17
-2738
-353
3319
1226893
19
-16
15
-2731
-300
3371
1227918
14
-8
11
-2705
-284
3406
1228943
3
4
12
-2709
-306
3365
1221760
8
8
12
-2722
-290
3365
1222785
2
11
10
-2715
-288
3355
1223810
3
10
5
-2726
-315
3330
1224835
17
5
1
-2721
-298
3342
1225860
5
-1
4
-2728
-278
3339
1226885
9
-4
6
-2715
-294
3325
1227910
4
-1
8
-2723
-283
3326
1228935
-7
-1
8
-2736
-304
3307
1229960
7
-8
7
-2739
-292
3321
1230985
17
-12
7
-2723
-266
3331
1232010
4
-10
7
-2725
-279
3326
1233035
-8
-8
8
-2735
-312
3343
1234060
4
-10
8
-2730
-318
3348
1235085
17
-9
10
-2720
-274
3338
1236110
0
-3
18
-2732
-278
3349
1237135
-14
-2
20
-2730
-313
3365
1229952
-11
-1
18
-2732
-306
3353
1230977
9
-1
19
-2709
-286
3344
1232002
8
2
19
-2714
-255
3351
1233027
-10
1
13
-2726
-293
3349
1234052
-10
-1
2
-2717
-279
3338
1235077
-5
-4
-2
-2725
-266
3337
1236102
5
-11
-1
-2734
-287
3353
1237127
3
-15
-3
-2731
-293
3340
1238152
21
-16
-9
-2713
-265
3346
1239177
16
-8
-6
-2710
-273
3361
1240202
-7
-1
-4
-2705
-295
3338
1241227
-11
6
-1
-2709
-328
3346
1242252
-2
6
1
-2728
-299
3344
1243277
0
3
4
-2725
-296
3337
1244302
1
1
7
-2720
-289
3309
1245327
5
-4
5
-2732
-264
3325
1238144
-9
-9
2
-2731
-258
3325
1239169
-17
-11
1
-2727
-283
3326
1240194
-4
-15
5
-2738
-298
3339
1241219
4
-20
5
-2726
-283
3343
1242244
-14
-16
5
-2721
-309
3336
1243269
-14
-16
2
-2720
-315
3355
1244294
2
-19
4
-2708
-315
3359
1245319
1
-17
7
-2712
-302
3347
1246344
-12
-12
6
-2713
-303
3346
1247369
-16
-7
3
-2721
-303
3354
1248394
-1
-6
-1
-2711
-278
3356
1249419
9
-4
-2
-2709
-277
3363
1250444
-12
3
0
-2715
-302
3361
1251469
-14
4
-2
-2722
-294
3354
1252494
-5
0
-3
-2718
-289
3345
1253519
-2
-3
1
-2712
-272
3361
1246335
-5
-5
6
-2733
-285
3352
1247360
3
-11
4
-2738
-281
3348
1248385
6
-10
2
-2725
-277
3358
1249410
-3
-6
2
-2731
-304
3360
1250435
-1
-5
4
-2718
-329
3367
1251460
-3
-3
6
-2713
-300
3383
1252485
-41
3
8
-2715
-324
3355
1253510
-60
-14
17
-2799
-184
3129
1254535
-105
-76
79
-2822
-138
2897
1255560
-162
-85
144
-2693
-482
3272
1256585
-170
-17
145
-2594
-655
4135
1257610
-228
108
-17
-2536
-59
4113
1258635
-146
96
-18
-2734
-338
2974
1259660
-208
73
28
-2689
-170
3017
1260685
-94
54
129
-2605
-907
3149
1261710
148
18
97
-2760
-315
3361
1254528
41
22
9
-2723
-50
3384
1255553
-57
58
-88
-2723
-90
3290
1256578
-71
80
-84
-2637
-328
3740
1257603
-18
94
-49
-2720
-742
3632
1258628
315
55
-122
-2906
-258
3194
1259653
290
-3
-119
-2810
-28
2900
1260678
109
-56
-71
-2769
-267
2918
1261703
70
-74
-39
-2711
-466
3288
1262728
77
-57
-23
-2708
-442
3512
1263753
50
-26
-26
-2750
-376
3414
1264778
17
-14
-29
-2752
-250
3243
1265803
3
-11
0
-2756
-294
3214
1266828
-7
-14
27
-2772
-400
3347
1267853
7
-21
23
-2769
-379
3427
1268878
23
-19
0
-2762
-244
3352
1269903
4
-11
-5
-2738
-225
3318
1262721
-33
-1
14
-2737
-361
3350
1263746
-29
-2
19
-2736
-391
3361
1264771
11
-9
16
-2736
-346
3363
1265796
28
-13
14
-2738
-266
3334
1266821
31
-13
17
-2734
-277
3357
1267846
17
-8
16
-2732
-298
3338
1268871
27
-7
4
-2727
-268
3333
1269896
11
-6
-1
-2733
-277
3342
1270921
-10
-10
-5
-2738
-318
3318
1271946
5
-13
-5
-2726
-337
3348
1272971
8
-14
5
-2743
-329
3359
1273996
17
-15
12
-2747
-286
3354
1275021
21
-15
22
-2727
-307
3359
1276046
13
-9
28
-2736
-298
3325
1277071
9
-6
20
-2717
-291
3345
1278096
-3
-1
21
-2720
-309
3356
1270980
-4
0
14
-2736
-316
3341
1272005
12
-2
15
-2717
-269
3360
1273030
11
1
22
-2716
-290
3346
1274055
12
6
21
-2719
-285
3353
1275080
9
4
22
-2725
-285
3342
1276105
2
0
18
-2735
-282
3309
1277130
3
0
17
-2727
-292
3304
1278155
7
0
12
-2719
-287
3312
1279180
-2
-2
8
-2718
-290
3317
1280205
-10
-3
6
-2729
-296
3338
1281230
-2
-7
6
-2725
-296
3347
1282255
4
-12
9
-2736
-303
3351
1283280
16
-11
10
-2723
-266
3369
1284305
11
-3
11
-2733
-249
3366
1285330
0
4
4
-2745
-268
3362
1286355
2
12
-3
-2738
-260
3370
1279104
2
21
-5
-2743
-293
3347
1280129
0
23
-7
-2741
-314
3323
1281154
-1
23
-11
-2738
-320
3342
1282179
6
19
-5
-2743
-320
3340
1283204
21
13
1
-2744
-311
3319
1284229
21
9
8
-2731
-296
3317
1285254
12
7
9
-2738
-291
3310
1286279
9
3
5
-2735
-257
3304
1287304
4
-2
3
-2732
-268
3284
1288329
14
-4
-1
-2739
-254
3309
1289354
11
-4
-3
-2743
-269
3329
1290379
6
-5
-9
-2733
-277
3327
1291404
4
-4
-6
-2753
-279
3311
1292429
8
-9
2
-2772
-308
3326
1293454
15
-16
8
-2772
-307
3351
1294479
12
-15
17
-2768
-305
3342
1287297
9
-11
20
-2756
-294
3338
1288322
15
-7
21
-2743
-274
3351
1289347
12
-2
21
-2736
-270
3337
1290372
7
1
20
-2754
-276
3331
1291397
12
5
14
-2744
-244
3343
1292422
5
5
15
-2731
-253
3325
1293447
2
5
21
-2734
-250
3316
1294472
-1
3
25
-2738
-273
3314
1295497
12
-4
20
-2726
-250
3316
1296522
15
-4
18
-2717
-299
3333
1297547
8
0
6
-2731
-239
3337
1298572
-4
4
0
-2724
-245
3323
1299597
1
3
-1
-2738
-249
3319
1300622
-2
3
-4
-2737
-252
3322
1301647
-8
3
-4
-2739
-281
3329
1302672
3
0
-6
-2723
-257
3311
1295490
-6
5
-2
-2739
-269
3288
1296515
-21
6
-2
-2761
-278
3303
1297540
-23
1
-6
-2766
-286
3307
1298565
-11
-5
-6
-2763
-270
3287
1299590
-23
-7
-7
-2770
-243
3286
1300615
-40
-8
-6
-2764
-269
3303
1301640
-38
-13
2
-2774
-272
3323
1302665
-56
-24
14
-2800
-247
3273
1303690
-42
-35
37
-2785
-337
3298
1304715
-7
-25
49
-2781
-472
3336
1305740
22
-15
31
-2793
-467
3227
1306765
115
-29
14
-2799
-173
3225
1307790
104
32
-28
-2392
95
3961
1308815
153
26
71
-2680
-556
3679
1309840
-6
13
-64
-2904
-88
3056
1310865
-3
-96
-32
-2674
-234
2553
1303680
81
-166
39
-2696
-272
2871
1304705
16
-178
6
-2585
-169
3524
1305730
-148
-122
-40
-2627
-22
3749
1306755
-291
-30
-84
-2601
-100
3655
1307780
-331
69
-54
-2621
-398
3694
1308805
-192
120
7
-2739
-744
3505
1309830
47
100
-26
-2901
-348
3316
1310855
65
63
-59
-2780
-153
3274
1311880
42
43
-30
-2754
-374
3221
1312905
90
21
5
-2758
-316
3331
1313930
22
27
23
-2746
-283
3410
1314955
13
38
24
-2739
-409
3349
1315980
103
33
13
-2741
-243
3304
1317005
66
31
9
-2738
-190
3275
1318030
-23
43
10
-2762
-246
3289
1319055
-23
43
5
-2781
-265
3324
1311872
-12
30
-6
-2780
-330
3275
1312897
9
8
-14
-2782
-332
3249
1313922
4
-17
-22
-2778
-301
3241
1314947
23
-37
-14
-2721
-298
3291
1315972
33
-43
16
-2727
-328
3323
1316997
12
-43
28
-2734
-357
3306
1318022
18
-40
23
-2722
-302
3317
1319047
15
-27
21
-2723
-251
3355
1320072
-3
-7
14
-2726
-264
3364
1321097
-17
9
9
-2716
-275
3373
1322122
-24
16
9
-2732
-306
3365
1323147
-15
17
8
-2747
-347
3352
1324172
3
11
3
-2737
-284
3342
1325197
-9
15
3
-2738
-288
3336
1326222
-1
17
10
-2740
-279
3354
1327247
5
13
21
-2749
-297
3343
1320064
18
8
20
-2760
-289
3318
1321089
41
0
17
-2758
-271
3318
1322114
61
-4
15
-2740
-227
3334
1323139
46
-10
14
-2746
-241
3288
1324164
29
-12
9
-2730
-291
3310
1325189
14
-9
7
-2728
-258
3354
1326214
-8
-5
9
-2735
-294
3343
1327239
-10
-1
9
-2752
-293
3323
1328264
-7
1
11
-2758
-274
3317
1329289
-4
1
9
-2769
-264
3318
1330314
4
-2
6
-2769
-251
3344
1331339
7
-6
10
-2754
-277
3340
1332364
11
-5
11
-2753
-289
3334
1333389
15
-6
7
-2739
-270
3341
1334414
16
-7
8
-2729
-288
3332
1335439
16
-1
6
-2745
-274
3325
1328256
10
3
4
-2753
-269
3330
1329281
12
3
2
-2752
-288
3318
1330306
18
-1
3
-2747
-284
3310
1331331
14
-4
3
-2749
-265
3328
1332356
-6
-4
3
-2760
-285
3304
1333381
9
-9
4
-2748
-267
3307
1334406
23
-11
12
-2743
-238
3329
1335431
6
-8
14
-2756
-255
3303
1336456
-1
-6
10
-2761
-268
3309
1337481
6
-5
4
-2755
-256
3331
1338506
0
-2
5
-2746
-267
3316
1339531
-9
-1
4
-2750
-246
3286
1340556
-12
-3
8
-2757
-279
3292
1341581
-4
-11
10
-2755
-274
3318
1342606
-14
-15
8
-2750
-258
3291
1343631
-10
-22
7
-2742
-251
3318
1336447
3
-28
10
-2733
-243
3347
1337472
3
-33
13
-2730
-262
3328
1338497
3
-31
12
-2719
-262
3341
1339522
4
-22
11
-2721
-238
3348
1340547
-5
-17
9
-2726
-260
3346
1341572
1
-17
3
-2728
-253
3336
1342597
1
-14
-4
-2740
-256
3339
1343622
-4
-10
-8
-2743
-257
3356
1344647
-4
-5
-11
-2744
-259
3356
1345672
2
-5
-9
-2760
-263
3357
1346697
13
-7
-3
-2755
-278
3357
1347722
21
-6
4
-2734
-261
3352
1348747
5
-1
11
-2747
-256
3338
1349772
-1
0
12
-2753
-272
3344
1350797
13
-4
12
-2745
-260
3332
1351822
12
-4
15
-2747
-228
3315
1344640
-1
-6
18
-2739
-253
3310
1345665
0
-11
17
-2738
-249
3308
1346690
3
-14
12
-2735
-235
3320
1347715
-1
-12
8
-2720
-234
3326
1348740
-33
-11
11
-2725
-254
3347
1349765
-43
-16
12
-2755
-346
3265
1350790
28
-37
7
-2770
-220
3268
1351815
-33
-46
48
-2763
-294
3337
1352840
-66
6
60
-2757
-442
3317
1353865
47
71
52
-2636
-203
3593
1354890
247
64
130
-2448
-254
3610
1355915
189
42
56
-2939
173
3527
1356940
-299
19
-54
-2675
-383
3055
1357965
-4
-65
18
-2742
-597
2751
1358990
209
-162
24
-2693
101
3099
1360015
10
-194
-26
-2620
108
3300
1352833
-122
-128
-86
-2615
58
3604
1353858
-362
18
-84
-2542
-284
4045
1354883
-312
105
-22
-2726
-982
3617
1355908
188
52
-46
-2917
-315
3175
1356933
205
-12
-47
-2822
86
3051
1357958
-18
-33
-4
-2795
-217
3183
1358983
-17
-43
15
-2779
-432
3396
1360008
90
-58
13
-2742
-298
3435
1361033
95
-55
20
-2722
-222
3366
1362058
63
-50
32
-2691
-274
3332
1363083
54
-40
39
-2676
-244
3384
1364108
32
-30
34
-2666
-190
3383
1365133
15
-15
33
-2672
-178
3389
1366158
10
-11
30
-2708
-224
3381
1367183
20
-22
21
-2716
-209
3386
1368208
32
-41
18
-2708
-219
3357
1361023
55
-58
15
-2675
-211
3351
1362048
58
-63
22
-2669
-173
3426
1363073
37
-65
31
-2707
-236
3437
1364098
61
-81
29
-2706
-257
3414
1365123
92
-86
23
-2651
-179
3419
1366148
67
-68
26
-2660
-171
3444
1367173
48
-55
23
-2649
-217
3436
1368198
61
-52
28
-2646
-217
3382
1369223
65
-58
33
-2644
-167
3341
1370248
58
-63
34
-2641
-175
3390
1371273
52
-65
31
-2633
-174
3399
1372298
61
-71
32
-2654
-170
3383
1373323
66
-82
36
-2633
-156
3410
1374348
64
-86
42
-2627
-141
3406
1375373
59
-89
50
-2652
-111
3387
1376398
34
-106
63
-2658
-86
3295
1369216
9
-138
99
-2621
-119
3245
1370241
17
-144
118
-2593
-259
3402
1371266
50
-146
108
-2613
-171
3519
1372291
53
-166
118
-2634
-9
3562
1373316
79
-190
131
-2593
7
3615
1374341
155
-210
135
-2524
18
3618
1375366
163
-217
137
-2515
-9
3526
1376391
133
-234
123
-2501
-65
3400
1377416
131
-246
107
-2469
-46
3391
1378441
113
-250
106
-2449
-59
3421
1379466
83
-247
110
-2416
-57
3461
1380491
51
-236
111
-2401
-109
3500
1381516
23
-230
106
-2403
-130
3483
1382541
15
-227
97
-2382
-3
3499
1383566
-31
-207
83
-2326
86
3589
1384591
-67
-167
63
-2346
-18
3601
1377409
-30
-140
27
-2387
26
3582
1378434
-16
-118
-14
-2367
139
3599
1379459
-21
-103
-28
-2369
53
3565
1380484
5
-108
-35
-2364
39
3574
1381509
-4
-115
-32
-2331
29
3650
1382534
-21
-118
-30
-2333
7
3669
1383559
-18
-134
-19
-2332
15
3650
1384584
-5
-150
-7
-2295
19
3661
1385609
1
-155
13
-2265
39
3673
1386634
12
-153
35
-2254
1
3680
1387659
19
-140
47
-2233
-26
3727
1388684
14
-119
44
-2260
34
3730
1389709
10
-101
39
-2261
58
3729
1390734
9
-72
35
-2243
14
3763
1391759
9
-35
25
-2254
38
3752
1392784
-2
-1
7
-2264
73
3699
1385599
-24
21
-7
-2275
9
3639
1386624
-18
26
-17
-2283
-22
3622
1387649
-4
22
-11
-2282
-21
3651
1388674
-10
19
-3
-2284
-18
3630
1389699
-9
9
3
-2287
-5
3606
1390724
-1
-1
11
-2265
-6
3626
1391749
12
-1
13
-2256
22
3644
1392774
4
10
5
-2267
36
3629
1393799
-28
29
-7
-2276
45
3635
1394824
-54
47
-12
-2293
6
3666
1395849
-51
53
-15
-2299
-24
3668
1396874
-41
60
-15
-2298
2
3660
1397899
-46
70
-9
-2301
-5
3662
1398924
-50
76
-1
-2308
-47
3684
1399949
-46
74
3
-2304
-13
3671
1400974
-54
69
13
-2306
-28
3637
1393793
-45
65
22
-2311
-15
3646
1394818
-35
57
28
-2299
-15
3678
1395843
-25
46
28
-2304
-28
3658
1396868
-12
34
26
-2309
8
3638
1397893
-11
19
29
-2294
5
3643
1398918
-5
7
33
-2273
-13
3641
1399943
0
2
33
-2279
2
3649
1400968
-7
-3
27
-2272
2
3618
1401993
-4
-9
20
-2271
-8
3611
1403018
8
-10
14
-2272
8
3628
1404043
-5
-6
8
-2273
6
3619
1405068
-27
1
3
-2286
-28
3615
1406093
-20
4
-8
-2312
-14
3633
1407118
-12
3
-19
-2305
-1
3622
1408143
-20
3
-19
-2314
-24
3605
1409168
-30
2
-15
-2330
16
3629
1401985
-54
-2
-4
-2335
-58
3626
1403010
-51
-11
3
-2329
-52
3608
1404035
-98
-25
23
-2362
57
3522
1405060
-119
-42
49
-2465
-129
3403
1406085
77
-42
3
-2432
-250
3540
1407110
81
22
22
-2188
-196
3796
1408135
153
54
155
-1903
-242
3971
1409160
552
50
101
-2441
346
3957
1410185
-162
105
-13
-2325
489
3795
1411210
-351
101
5
-2331
-397
3292
1412235
43
26
-23
-2413
6
3306
1413260
129
-62
-56
-2256
363
3527
1414285
-63
-50
-74
-2297
323
3658
1415310
-235
12
-106
-2167
-13
3932
1416335
-205
62
-67
-2288
-372
3855
1417360
-11
39
-55
-2449
-99
3535
1410176
73
4
-52
-2372
-14
3433
1411201
33
14
-36
-2360
-54
3568
1412226
-21
29
-26
-2364
-97
3687
1413251
-18
27
-10
-2372
-132
3652
1414276
19
19
-1
-2392
-81
3610
1415301
31
14
-1
-2375
-25
3593
1416326
14
11
6
-2385
-45
3580
1417351
8
4
5
-2381
-33
3596
1418376
-2
-2
4
-2386
-37
3618
1419401
14
-6
-4
-2373
-33
3621
1420426
36
-6
-10
-2359
-17
3607
1421451
22
-10
-4
-2351
-41
3571
1422476
11
-20
1
-2338
-27
3561
1423501
-7
-15
17
-2327
-135
3646
1424526
6
-7
19
-2354
-76
3653
1425551
20
-1
14
-2346
-33
3637
1418368
9
0
14
-2348
1
3606
1419393
-4
3
11
-2362
-21
3610
1420418
-2
3
8
-2352
-19
3621
1421443
3
4
7
-2358
-20
3589
1422468
3
3
8
-2326
-38
3626
1423493
-11
4
20
-2305
-81
3648
1424518
-21
12
24
-2339
-113
3612
1425543
-6
11
16
-2351
-42
3586
1426568
-6
2
12
-2357
-30
3565
1427593
5
-8
14
-2355
-21
3572
1428618
10
-14
11
-2363
5
3605
1429643
9
-15
6
-2360
-7
3646
1430668
12
-13
5
-2358
-12
3631
1431693
13
-8
2
-2347
-7
3608
1432718
8
-2
2
-2340
2
3643
1433743
-8
5
2
-2356
-47
3627
1426560
-3
7
2
-2361
-70
3607
1427585
3
5
6
-2348
-24
3607
1428610
-22
7
15
-2347
-43
3604
1429635
-30
8
20
-2365
-68
3585
1430660
-10
2
16
-2368
-43
3589
1431685
0
-1
10
-2369
-13
3600
1432710
-9
6
6
-2356
-26
3618
1433735
-16
16
3
-2355
-8
3622
1434760
-16
18
5
-2365
-27
3610
1435785
-8
16
3
-2356
-30
3597
1436810
-4
19
2
-2357
-33
3614
1437835
-6
18
1
-2375
-42
3603
1438860
0
13
-1
-2369
-50
3606
1439885
5
10
1
-2367
-32
3589
1440910
-7
9
4
-2376
-57
3595
1441935
-4
2
6
-2363
-82
3611
1434752
13
-1
10
-2368
-45
3620
1435777
7
-2
16
-2358
-12
3619
1436802
-14
-3
20
-2360
-30
3598
1437827
-5
-6
17
-2363
-37
3574
1438852
13
-7
11
-2367
10
3586
1439877
6
-9
8
-2366
-2
3600
1440902
-14
-8
-5
-2359
38
3595
1441927
-22
-3
-11
-2346
-35
3593
1442952
3
-2
-10
-2358
-61
3614
1443977
2
-3
-8
-2352
-55
3610
1445002
-7
0
-2
-2363
-59
3612
1446027
-5
3
0
-2378
-71
3626
1447052
5
2
2
-2372
-60
3618
1448077
6
4
6
-2358
-38
3598
1449102
-3
7
5
-2358
-16
3613
1450127
-10
5
4
-2352
-24
3572
1442945
-10
-1
0
-2348
-28
3532
1443970
-3
-13
-5
-2373
-23
3533
1444995
4
-27
-15
-2373
-18
3564
1446020
-3
-38
-19
-2370
-40
3580
1447045
-10
-39
-15
-2361
-76
3623
1448070
-4
-31
-10
-2357
-54
3663
1449095
-1
-20
-2
-2358
-69
3648
1450120
1
-6
1
-2348
-53
3638
1451145
-9
11
2
-2355
-25
3637
1452170
-26
23
4
-2366
-59
3628
1453195
-18
21
1
-2378
-62
3611
1454220
-9
15
3
-2370
-59
3596
1455245
-6
11
7
-2373
-55
3608
1456270
1
8
8
-2370
-37
3613
1457295
-6
5
8
-2376
-27
3591
1458320
-10
4
4
-2366
-34
3595
1451135
-17
0
3
-2372
-45
3607
1452160
-13
-7
0
-2381
-81
3613
1453185
0
-17
3
-2383
-96
3610
1454210
9
-12
-18
-2404
-32
3600
1455235
-20
-13
-30
-2428
-39
3590
1456260
-95
-21
-58
-2475
-71
3530
1457285
53
-40
-111
-2359
81
3585
1458310
321
-81
-41
-1976
9
3697
1459335
278
-26
0
-2366
-66
3882
1460360
-100
-41
33
-2328
-384
3313
1461385
42
-107
53
-2324
-73
2952
1462410
30
-155
54
-2318
176
3261
1463435
-122
-163
8
-2248
178
3536
1464460
-220
-102
-23
-2211
260
4106
1465485
-432
43
-39
-2190
100
4492
1466510
-358
143
-6
-2386
-733
3835
1459328
159
108
-65
-2567
-226
3382
1460353
207
44
-85
-2409
308
3379
1461378
-50
27
-30
-2370
-52
3552
1462403
-67
34
-7
-2396
-336
3741
1463428
60
34
-14
-2368
-201
3769
1464453
74
41
0
-2371
-86
3701
1465478
34
42
12
-2373
-42
3639
1466503
5
41
9
-2367
-41
3578
1467528
9
28
9
-2346
-68
3557
1468553
32
21
9
-2333
-60
3596
1469578
19
22
9
-2351
-62
3586
1470603
13
15
0
-2379
-100
3526
1471628
45
-6
-9
-2359
-59
3471
1472653
38
-20
-8
-2335
-56
3559
1473678
-10
-14
-8
-2346
-61
3628
1474703
-12
-12
-5
-2370
-137
3647
1467521
16
-17
3
-2379
-130
3626
1468546
20
-20
4
-2390
-54
3615
1469571
3
-12
6
-2361
-69
3637
1470596
-11
0
11
-2377
-78
3627
1471621
1
5
4
-2394
-51
3590
1472646
9
4
2
-2391
-46
3604
1473671
-4
3
8
-2391
-76
3619
1474696
-6
1
8
-2372
-69
3597
1475721
13
-5
11
-2372
-83
3583
1476746
14
-8
13
-2357
-62
3599
1477771
-13
-4
16
-2363
-73
3608
1478796
-8
-5
13
-2364
-82
3593
1479821
16
-8
11
-2341
-41
3600
1480846
-1
-4
14
-2334
-47
3608
1481871
-20
1
14
-2355
-58
3606
1482896
-10
1
9
-2362
-49
3591
1475711
4
-2
2
-2337
-30
3585
1476736
-4
2
1
-2357
-44
3593
1477761
-15
-3
-5
-2371
-66
3614
1478786
-12
-10
-8
-2365
-102
3614
1479811
5
-12
-6
-2347
-104
3624
1480836
6
-10
-3
-2352
-91
3631
1481861
-2
-8
1
-2339
-73
3630
1482886
-9
0
8
-2359
-80
3638
1483911
2
3
7
-2367
-65
3641
1484936
8
5
4
-2361
-45
3623
1485961
4
8
1
-2365
-40
3609
1486986
-2
9
-3
-2366
-62
3604
1488011
1
5
-5
-2374
-64
3587
1489036
7
2
-3
-2374
-70
3595
1490061
4
2
-4
-2372
-77
3600
1491086
3
2
-7
-2345
-84
3587
1483904
-4
7
-7
-2353
-72
3572
1484929
-17
13
-11
-2353
-79
3584
1485954
-24
17
-13
-2367
-64
3570
1486979
-21
13
-12
-2379
-92
3569
1488004
-8
6
-8
-2357
-93
3575
1489029
-5
3
-6
-2355
-88
3576
1490054
-15
3
-7
-2379
-73
3577
1491079
-23
-4
-14
-2383
-87
3587
1492104
-15
-11
-17
-2375
-73
3619
1493129
-15
-12
-14
-2384
-92
3638
1494154
-7
-11
-11
-2387
-97
3649
1495179
1
-7
-5
-2381
-95
3648
1496204
0
-3
-2
-2370
-89
3625
1497229
-4
3
1
-2354
-81
3599
1498254
-11
12
2
-2351
-88
3580
1499279
-19
21
-3
-2373
-71
3558
1492097
-28
28
-16
-2394
-87
3554
1493122
-31
25
-28
-2423
-78
3553
1494147
-33
15
-31
-2418
-103
3580
1495172
-31
7
-25
-2421
-144
3619
1496197
-14
-3
-19
-2423
-137
3631
1497222
-3
-10
-7
-2401
-128
3648
1498247
-1
-10
10
-2379
-130
3659
1499272
2
-4
21
-2367
-114
3652
1500297
6
3
22
-2364
-88
3633
1501322
5
10
17
-2363
-61
3601
1502347
-2
18
8
-2393
-59
3576
1503372
-7
20
-1
-2405
-81
3573
1504397
2
17
-9
-2395
-100
3554
1505422
14
16
-13
-2389
-83
3556
1506447
-1
23
-12
-2395
-101
3560
1507472
-17
32
-12
-2398
-137
3573
1500287
-13
40
-10
-2402
-126
3605
1501312
-15
53
-9
-2396
-118
3582
1502337
-28
67
-13
-2404
-106
3570
1503362
-38
79
-19
-2428
-105
3577
1504387
-39
86
-23
-2446
-124
3584
1505412
-32
88
-27
-2431
-134
3557
1506437
-34
91
-25
-2436
-120
3560
1507462
-42
93
-26
-2457
-123
3564
1508487
-32
91
-30
-2460
-143
3564
1509512
-16
89
-47
-2462
-114
3537
1510537
-13
84
-63
-2480
-140
3535
1511562
-18
72
-75
-2524
-143
3538
1512587
-28
47
-99
-2545
-93
3526
1513612
-20
19
-109
-2578
-152
3508
1514637
17
-8
-117
-2615
-126
3535
1515662
24
-24
-117
-2606
-171
3571
1508480
17
-25
-111
-2562
-224
3577
1509505
28
-12
-97
-2562
-265
3576
1510530
53
2
-81
-2565
-278
3574
1511555
66
17
-66
-2530
-269
3571
1512580
66
40
-47
-2517
-250
3569
1513605
66
60
-38
-2530
-223
3519
1514630
66
76
-39
-2553
-168
3487
1515655
70
81
-48
-2552
-159
3485
1516680
78
83
-67
-2547
-154
3436
1517705
71
88
-84
-2565
-165
3412
1518730
41
92
-101
-2565
-199
3427
1519755
13
93
-109
-2566
-263
3440
1520780
14
92
-116
-2573
-232
3413
1521805
15
93
-117
-2581
-191
3398
1522830
-8
95
-118
-2601
-176
3393
1523855
-12
89
-113
-2597
-226
3386
1516672
-3
80
-110
-2586
-250
3366
1517697
2
77
-100
-2573
-240
3375
1518722
6
77
-86
-2567
-252
3405
1519747
8
74
-74
-2522
-273
3428
1520772
-18
69
-64
-2449
-277
3400
1521797
-58
71
-49
-2464
-265
3415
1522822
-76
65
-38
-2491
-294
3446
1523847
-46
53
-32
-2470
-263
3465
1524872
-45
44
-25
-2483
-201
3417
1525897
-81
34
-19
-2541
-171
3394
1526922
-82
14
-18
-2590
-220
3497
1527947
-21
-3
-29
-2562
-229
3556
1528972
16
10
-33
-2512
-208
3477
1529997
-9
46
-36
-2505
-193
3473
1531022
-46
92
-49
-2491
-193
3519
1532047
-69
141
-64
-2516
-172
3497
1524864
-86
182
-73
-2566
-159
3440
1525889
-95
197
-69
-2637
-137
3392
1526914
-55
123
2
-2958
-257
3602
1527939
91
-53
44
-2582
-216
3765
1528964
246
-76
84
-2319
-130
3503
1529989
421
-13
88
-2565
-253
3349
1531014
474
-2
-52
-2449
-262
3230
1532039
356
-6
-92
-2478
-130
3371
1533064
147
-24
-54
-2581
0
3560
1534089
-51
-42
-8
-2509
-225
3505
1535114
-97
-48
6
-2461
-410
3363
1536139
-26
-58
19
-2543
-335
3349
1537164
27
-70
36
-2595
-202
3444
1538189
-3
-76
53
-2636
-144
3522
1539214
-57
-72
59
-2612
-146
3548
1540239
-85
-51
65
-2613
-182
3534
1533056
-58
-23
65
-2653
-223
3525
1534081
5
0
66
-2695
-212
3544
1535106
34
25
60
-2678
-134
3523
1536131
30
52
54
-2643
-115
3513
1537156
-17
75
52
-2627
-146
3508
1538181
-55
94
45
-2602
-173
3501
1539206
-63
106
44
-2589
-206
3477
1540231
-55
108
42
-2577
-209
3451
1541256
-38
111
45
-2607
-197
3454
1542281
-19
108
45
-2650
-227
3412
1543306
-10
97
37
-2685
-186
3374
1544331
-20
91
38
-2676
-157
3328
1545356
-29
93
48
-2697
-161
3314
1546381
-28
93
45
-2711
-170
3387
1547406
-12
94
33
-2743
-134
3410
1548431
10
84
17
-2727
-134
3359
1541247
22
75
-3
-2666
-120
3316
1542272
21
73
-19
-2704
-142
3302
1543297
23
73
-37
-2746
-152
3334
1544322
18
71
-52
-2773
-191
3381
1545347
33
72
-68
-2780
-241
3402
1546372
66
73
-79
-2763
-206
3411
1547397
57
83
-91
-2706
-187
3388
1548422
25
108
-82
-2720
-167
3334
1549447
-4
122
-62
-2747
-193
3300
1550472
-1
110
-60
-2702
-246
3308
1551497
37
105
-48
-2729
-199
3281
1552522
30
100
-31
-2778
-167
3208
1553547
-11
87
-21
-2760
-225
3229
1554572
-4
70
-17
-2782
-239
3276
1555597
23
56
-12
-2821
-180
3251
1556622
6
50
-12
-2832
-197
3193
1549440
-5
44
-18
-2848
-199
3177
1550465
-6
34
-10
-2860
-196
3155
1551490
-22
18
-1
-2847
-227
3162
1552515
-14
-4
0
-2836
-240
3217
1553540
6
-33
-3
-2787
-236
3217
1554565
7
-53
-7
-2762
-189
3204
1555590
-13
-56
-4
-2817
-197
3252
1556615
-10
-62
-5
-2832
-247
3293
1557640
17
-71
1
-2786
-227
3298
1558665
17
-69
13
-2781
-177
3310
1559690
-21
-57
18
-2791
-188
3326
1560715
-53
-51
17
-2767
-208
3357
1561740
-50
-45
16
-2746
-216
3414
1562765
-28
-34
11
-2717
-217
3436
1563790
-25
-14
7
-2688
-191
3424
1564815
-49
13
11
-2637
-206
3383
1557632
-69
39
17
-2622
-211
3308
1558657
-62
50
33
-2731
-148
3288
1559682
-43
36
43
-2850
-152
3252
1560707
-25
4
22
-2864
-144
3141
1561732
-38
-23
4
-2882
-141
3104
1562757
-56
-49
-6
-2940
-242
3221
1563782
-24
-77
-25
-2940
-317
3337
1564807
30
-89
-46
-2868
-338
3389
1565832
45
-68
-58
-2775
-368
3458
1566857
28
-24
-48
-2684
-392
3542
1567882
17
24
-16
-2648
-376
3519
1568907
21
64
25
-2659
-329
3420
1569932
16
94
50
-2709
-220
3337
1570957
4
102
56
-2766
-179
3291
1571982
20
82
43
-2786
-168
3233
1573007
47
51
25
-2792
-145
3205
1565825
40
21
6
-2794
-136
3189
1566850
19
1
-10
-2787
-155
3192
1567875
8
-13
-12
-2792
-173
3220
1568900
8
-21
-5
-2801
-201
3244
1569925
6
-22
3
-2817
-190
3240
1570950
-3
-20
7
-2808
-178
3250
1571975
-6
-20
12
-2792
-217
3243
1573000
3
-26
14
-2777
-197
3247
1574025
3
-31
22
-2774
-186
3290
1575050
-1
-34
26
-2772
-212
3320
1576075
-2
-36
22
-2778
-203
3316
1577100
-8
-35
18
-2782
-189
3333
1578125
-12
-27
13
-2803
-198
3359
1579150
-5
-19
3
-2791
-194
3362
1580175
1
-8
-2
-2779
-190
3358
1581200
-2
2
-7
-2751
-186
3359
1574016
1
13
-8
-2743
-206
3362
1575041
15
18
-13
-2746
-214
3342
1576066
31
21
-14
-2751
-217
3335
1577091
38
26
-15
-2762
-183
3327
1578116
32
33
-15
-2789
-197
3319
1579141
27
34
-17
-2797
-206
3278
1580166
26
33
-18
-2793
-206
3261
1581191
16
31
-18
-2794
-205
3275
1582216
8
27
-13
-2796
-226
3272
1583241
15
19
-8
-2782
-212
3249
1584266
11
12
0
-2782
-207
3247
1585291
7
7
4
-2800
-184
3264
1586316
1
3
5
-2800
-199
3256
1587341
7
-1
5
-2794
-192
3272
1588366
8
-1
5
-2792
-166
3304
1589391
-1
1
3
-2791
-183
3296
1582208
7
1
-1
-2772
-191
3294
1583233
11
1
-4
-2770
-186
3302
1584258
7
5
-8
-2783
-194
3296
1585283
8
6
-13
-2779
-199
3315
1586308
9
7
-12
-2787
-206
3299
1587333
5
8
-11
-2795
-216
3275
1588358
5
8
-11
-2804
-211
3297
1589383
5
9
-8
-2799
-225
3289
1590408
6
7
-5
-2793
-219
3284
1591433
5
8
-3
-2796
-216
3284
1592458
6
9
-3
-2802
-203
3281
1593483
5
7
-6
-2800
-208
3273
1594508
8
7
-6
-2806
-202
3286
1595533
12
9
-6
-2799
-182
3274
1596558
6
13
-5
-2801
-194
3270
1597583
10
12
-8
-2805
-198
3284
1590399
19
8
-11
-2809
-200
3295
1591424
22
5
-16
-2814
-195
3280
1592449
13
7
-18
-2816
-189
3265
1593474
2
12
-18
-2831
-214
3256
1594499
9
13
-18
-2822
-228
3266
1595524
20
14
-15
-2814
-210
3268
1596549
16
13
-8
-2805
-202
3252
1597574
9
11
-4
-2810
-214
3246
1598599
11
6
-2
-2820
-219
3240
1599624
18
1
1
-2821
-193
3250
1600649
9
-1
2
-2826
-202
3254
1601674
6
-2
1
-2824
-206
3260
1602699
8
-2
2
-2808
-202
3259
1603724
2
-4
5
-2809
-199
3267
1604749
-1
-5
4
-2814
-207
3278
1605774
6
-6
5
-2820
-201
3278
1598592
12
-6
5
-2804
-189
3280
1599617
6
-2
5
-2810
-192
3291
1600642
6
0
2
-2815
-181
3316
1601667
2
5
4
-2819
-204
3291
1602692
11
5
2
-2807
-197
3250
1603717
14
6
1
-2817
-181
3259
1604742
9
8
4
-2824
-206
3272
1605767
14
6
4
-2825
-213
3277
1606792
17
5
2
-2815
-195
3261
1607817
13
5
2
-2818
-195
3255
1608842
5
6
3
-2826
-201
3269
1609867
8
5
0
-2834
-196
3272
1610892
13
4
-1
-2825
-202
3253
1611917
12
5
-1
-2826
-185
3244
1612942
3
4
3
-2812
-192
3259
1613967
