Device = VHR-0009
time_stamp = 1779782586513
sample_rate = 50
Data format = INT16
TYPE = 6-AXIS IMU RAW DATA
-5
-5
6
363
114
4230
164992
-2
-6
10
369
112
4231
166017
-1
-6
11
360
116
4250
167042
0
-7
17
366
91
4237
168067
2
-1
18
373
107
4235
169092
2
3
17
355
89
4244
170117
-3
4
18
362
79
4213
171142
1
7
21
390
91
4214
172167
11
11
8
394
130
4282
173192
6
12
2
358
142
4302
174217
-23
12
11
332
143
4261
175242
-31
8
31
342
71
4267
176267
11
-3
40
337
106
4321
177292
10
-23
44
358
133
4280
178317
-29
-33
42
377
98
4219
179342
-11
-35
43
389
127
4197
180367
-4
-27
56
389
120
4211
173185
-10
-9
52
419
143
4211
174210
-28
-8
41
386
77
4203
175235
-28
-3
33
320
-8
4225
176260
10
1
35
340
29
4237
177285
-5
-1
32
377
24
4265
178310
-18
4
21
371
33
4302
179335
3
17
26
352
68
4286
180360
39
21
45
361
104
4231
181385
37
33
54
393
130
4179
182410
12
34
43
386
88
4176
183435
-14
22
21
386
32
4200
184460
-3
25
6
364
3
4245
185485
20
32
-5
369
90
4229
186510
-15
35
-3
359
86
4203
187535
-38
39
-9
339
52
4190
188560
39
21
45
361
104
4231
181385
37
33
54
393
130
4179
182410
12
34
43
386
88
4176
183435
-14
22
21
386
32
4200
184460
-3
25
6
364
3
4245
185485
20
32
-5
369
90
4229
186510
-15
35
-3
359
86
4203
187535
-38
39
-9
339
52
4190
188560
-26
34
-15
325
56
4256
181376
-5
18
-20
327
112
4327
182401
-11
1
-13
337
124
4313
183426
-22
-5
-4
333
136
4263
184451
2
0
7
338
211
4253
185476
-3
-14
24
327
193
4297
186501
-62
-32
19
342
19
4326
187526
-51
-40
3
349
2
4283
188551
12
-51
9
332
86
4255
189576
16
-54
21
355
103
4237
190601
-15
-47
13
373
59
4265
191626
-14
-46
6
371
44
4268
192651
12
-46
13
354
83
4245
193676
17
-46
21
372
109
4231
194701
-6
-43
19
389
73
4234
195726
-11
-33
13
395
63
4207
196751
-10
-26
14
379
44
4208
189568
0
-26
13
376
40
4230
190593
6
-26
11
377
41
4237
191618
1
-22
2
383
67
4226
192643
-4
-21
-5
404
62
4232
193668
-6
-18
-8
412
61
4214
194693
9
-15
-8
380
82
4231
195718
3
-15
-5
389
96
4247
196743
-4
-14
-5
404
103
4272
197768
-4
-20
-4
398
84
4281
198793
-5
-23
-1
387
80
4265
199818
9
-27
10
381
90
4250
200843
1
-28
14
410
59
4242
201868
-4
-23
10
398
53
4227
202893
1
-22
8
391
66
4237
203918
-5
-23
4
416
38
4227
204943
5
-21
-2
431
69
4213
197759
1
-15
-4
424
74
4204
198784
0
-9
-7
403
64
4218
199809
14
-5
-7
394
62
4231
200834
14
0
-5
413
90
4229
201859
4
4
-6
414
91
4226
202884
-6
7
-7
409
63
4221
203909
-3
5
-11
410
56
4240
204934
6
3
-16
401
103
4254
205959
5
-1
-10
393
100
4258
206984
3
-4
-5
405
107
4232
208009
-2
-1
-4
395
111
4251
209034
-8
-3
0
404
86
4254
210059
-1
-1
2
404
94
4248
211084
4
-5
4
401
82
4252
212109
5
-7
7
397
85
4242
213134
-1
-8
7
399
89
4222
205952
-15
-6
5
407
62
4208
206977
-9
-1
1
419
32
4202
208002
8
7
-8
416
59
4211
209027
1
13
-15
403
72
4204
210052
-7
22
-17
402
78
4202
211077
2
28
-16
397
93
4240
212102
2
30
-12
394
106
4256
213127
-7
31
-9
392
104
4240
214152
-11
32
-5
379
76
4249
215177
-1
28
-4
365
63
4280
216202
8
25
-5
371
93
4267
217227
-6
24
-3
390
101
4234
218252
-20
18
-7
389
52
4258
219277
8
12
-14
364
79
4288
220302
17
4
-8
351
88
4280
221327
3
4
-9
361
113
4270
214145
2
-7
-6
358
94
4298
215170
12
-20
1
357
110
4291
216195
8
-28
8
369
142
4262
217220
-6
-32
13
377
108
4252
218245
1
-35
15
390
94
4237
219270
-1
-33
17
408
88
4221
220295
-3
-29
15
390
60
4205
221320
7
-23
10
384
73
4215
222345
11
-16
10
397
78
4225
223370
12
-10
8
391
86
4234
224395
12
-10
5
399
130
4245
225420
6
-12
6
416
157
4244
226445
-16
-14
17
386
139
4257
227470
-7
-17
37
345
131
4263
228495
6
-19
61
376
116
4242
229520
-13
-18
60
406
82
4244
222335
-25
-22
45
438
23
4241
223360
-11
-24
29
436
6
4214
224385
4
-22
14
400
22
4211
225410
7
-16
5
384
26
4221
226435
17
-12
0
382
52
4242
227460
9
-9
-2
392
61
4242
228485
1
-8
-5
412
72
4237
229510
8
-9
-3
418
79
4230
230535
20
-13
-7
426
98
4245
231560
17
-15
-13
421
119
4254
232585
5
-16
-16
392
106
4252
233610
11
-16
-6
375
114
4253
234635
14
-22
7
409
122
4246
235660
0
-25
8
433
127
4240
236685
-5
-25
6
419
108
4223
237710
4
-22
9
413
98
4218
230528
10
-21
13
423
86
4234
231553
11
-20
10
418
108
4244
232578
-1
-22
9
425
85
4223
233603
-6
-17
8
417
76
4213
234628
6
-15
12
413
67
4220
235653
18
-13
10
431
77
4225
236678
8
-9
4
453
96
4195
237703
-11
-3
-7
439
82
4205
238728
-3
0
-10
411
70
4227
239753
11
3
-3
415
93
4217
240778
2
10
0
436
114
4212
241803
-10
15
-4
434
112
4233
242828
-15
15
-3
437
87
4228
243853
-2
17
-6
412
86
4234
244878
7
14
-7
398
98
4249
245903
10
11
-4
402
105
4249
238720
-4
11
-4
414
111
4223
239745
-12
12
-5
418
93
4236
240770
0
10
-6
404
90
4251
241795
7
7
-3
412
106
4250
242820
2
7
-2
407
113
4237
243845
-3
5
-1
398
106
4252
244870
4
1
2
404
101
4249
245895
-3
0
3
410
106
4234
246920
-7
2
-2
411
110
4237
247945
0
-2
-1
388
100
4250
248970
2
-3
0
396
99
4227
249995
0
0
3
408
98
4234
251020
-1
0
-1
400
86
4263
252045
5
-4
-1
407
90
4248
253070
0
-6
-2
420
93
4232
254095
2
-7
-5
401
101
4241
246912
11
-9
-3
395
96
4243
247937
11
-4
0
413
130
4215
248962
-1
-2
1
424
123
4227
249987
-4
-2
1
409
92
4246
251012
9
-1
4
399
102
4235
252037
6
0
5
395
106
4234
253062
3
-2
2
411
99
4240
254087
2
-1
0
408
101
4233
255112
1
-2
-5
406
93
4246
256137
6
-3
-7
398
97
4241
257162
5
-3
-3
390
113
4226
258187
-3
1
-2
408
120
4225
259212
-1
2
-4
408
112
4254
260237
3
-1
-5
401
103
4246
261262
-1
-2
-2
396
122
4217
262287
-7
0
3
398
110
4235
255104
-1
0
6
400
90
4265
256129
10
2
10
425
127
4265
257154
14
18
26
431
156
4225
258179
-63
29
35
391
129
4218
259204
-162
41
15
368
106
4212
260229
-119
20
15
377
27
4245
261254
4
7
22
399
-27
4253
262279
64
11
11
388
83
4248
263304
26
13
-4
381
121
4275
264329
2
4
2
377
143
4286
265354
-21
-13
6
384
84
4260
266379
8
-24
-1
367
80
4287
267404
55
-34
2
371
160
4302
268429
43
-44
20
381
191
4278
269454
6
-51
38
402
167
4243
270479
-8
-50
56
410
107
4235
263295
3
-52
54
410
102
4247
264320
13
-60
51
424
101
4256
265345
11
-56
53
417
116
4209
266370
-11
-39
57
422
82
4161
267395
-16
-29
46
437
88
4196
268420
-10
-25
44
435
83
4190
269445
-15
-15
43
453
47
4175
270470
-2
2
30
449
74
4194
271495
10
13
36
428
140
4189
272520
-35
12
38
441
196
4226
273545
-151
12
32
434
253
4248
274570
-310
14
41
446
218
4176
275595
-372
27
64
448
149
4126
276620
-321
41
102
451
117
4126
277645
-316
63
140
432
187
4162
278670
-469
89
154
398
111
4213
271488
-650
114
152
405
-103
4232
272513
-691
116
152
387
-151
4233
273538
-701
111
165
384
-296
4217
274563
-703
104
156
325
-595
4327
275588
-602
77
103
289
-660
4410
276613
-520
37
61
321
-510
4384
277638
-697
53
47
407
-361
4310
278663
-937
54
13
267
-846
4354
279688
-822
0
-27
347
-850
4385
280713
-869
-10
-80
303
-673
4350
281738
-882
-58
-89
345
-869
4281
282763
-727
-70
-74
370
-933
4205
283788
-510
-85
-53
296
-1019
4342
284813
-333
-132
-42
301
-993
4338
285838
-234
-177
-37
356
-1000
4241
286863
-183
-182
-52
399
-987
4308
279742
-90
-221
-57
390
-998
4382
280767
21
-269
-42
437
-1027
4340
281792
87
-312
-55
369
-910
4389
282817
19
-381
-66
431
-924
4344
283842
-81
-409
-95
517
-1059
4340
284867
-201
-392
-151
574
-838
4193
285892
-331
-399
-153
601
-1027
4065
286917
-230
-399
-140
664
-1034
4075
287942
-115
-402
-145
634
-929
4098
288967
3
-409
-99
706
-942
4050
289992
66
-379
-82
784
-913
3934
291017
142
-368
-59
875
-1075
3839
292042
135
-303
-90
907
-1088
3800
293067
71
-242
-127
924
-1135
3803
294092
15
-199
-175
977
-1014
3778
295117
-50
-134
-194
1006
-901
3778
287872
-20
-84
-170
964
-893
3844
288897
74
-37
-142
960
-892
3855
289922
180
29
-109
930
-752
3853
290947
204
48
-70
928
-758
3906
291972
165
73
-62
977
-797
3939
292997
142
107
-52
955
-754
3968
294022
72
138
-27
915
-683
3940
295047
-17
187
3
893
-679
3917
296072
-41
217
31
847
-778
4086
297097
15
208
56
808
-828
4186
298122
71
207
78
836
-812
4165
299147
131
227
92
802
-865
4204
300172
196
231
121
652
-939
4312
301197
150
164
77
650
-869
4236
302222
-11
138
29
810
-879
4149
303247
-90
144
-4
746
-814
4149
296065
-92
120
6
705
-864
4185
297090
-32
89
9
668
-928
4244
298115
14
71
-3
652
-884
4181
299140
30
62
-7
676
-837
4086
300165
-8
60
-14
708
-836
4116
301190
-43
66
-23
694
-781
4183
302215
-70
72
-3
658
-788
4186
303240
-75
66
12
643
-877
4158
304265
-38
60
10
656
-883
4154
305290
-18
55
5
656
-886
4165
306315
-19
62
1
663
-862
4138
307340
-43
74
7
658
-811
4127
308365
-94
90
13
646
-831
4103
309390
-131
114
19
671
-857
4007
310415
-153
143
22
647
-912
3954
311440
-101
135
10
607
-1245
4216
304256
54
117
-36
586
-950
4316
305281
-9
47
-44
504
-834
4346
306306
-153
-4
-49
491
-909
4312
307331
49
-22
-26
494
-859
3942
308356
72
43
65
714
-914
4267
309381
-138
70
-30
565
-1055
4368
310406
-121
139
28
599
-1099
4066
311431
149
118
73
471
-724
4112
312456
122
-18
17
313
-1054
4648
313481
46
-184
-104
480
-1308
4689
314506
183
-257
-110
820
-330
3822
315531
-7
-153
8
706
-368
3616
316556
-223
-59
14
486
-1225
4157
317581
119
-86
-2
519
-1152
4444
318606
301
-129
27
655
-733
4341
319631
63
-126
21
720
-750
4088
312447
-56
-105
0
656
-971
3976
313472
21
-90
-17
631
-992
3968
314497
64
-49
-16
719
-850
3945
315522
52
4
-5
750
-818
4040
316547
49
29
-7
703
-781
4111
317572
19
29
3
669
-818
4071
318597
-16
41
-3
657
-942
4101
319622
43
44
-24
630
-911
4225
320647
106
23
-17
612
-790
4263
321672
68
7
2
639
-728
4201
322697
-5
9
6
620
-775
4170
323722
-24
0
9
635
-911
4173
324747
32
1
2
667
-853
4155
325772
63
0
4
649
-756
4150
326797
9
4
11
658
-802
4132
327822
-14
13
9
639
-833
4138
320640
-6
8
11
634
-816
4154
321665
-8
10
13
639
-824
4182
322690
12
2
19
624
-803
4191
323715
2
-12
26
635
-837
4151
324740
-1
-10
20
633
-866
4109
325765
8
-3
11
633
-830
4139
326790
2
-4
8
643
-819
4197
327815
-4
-7
11
660
-845
4157
328840
8
-4
3
631
-844
4153
329865
0
-3
1
639
-832
4152
330890
-20
4
9
640
-803
4155
331915
-47
6
10
625
-823
4127
332940
-40
10
10
651
-880
4098
333965
0
16
2
644
-863
4146
334990
18
15
-4
622
-837
4176
336015
5
11
-9
629
-845
4191
328832
4
8
-13
599
-821
4177
329857
7
0
-1
620
-814
4148
330882
-13
2
0
644
-835
4148
331907
-12
3
-7
630
-842
4170
332932
13
-3
-10
635
-812
4191
333957
12
-9
-5
639
-797
4162
334982
-13
-11
-6
608
-848
4176
336007
9
-20
-7
601
-840
4178
337032
60
-31
4
638
-818
4146
338057
65
-32
12
658
-808
4146
339082
27
-24
-1
658
-807
4160
340107
4
-19
-4
661
-836
4136
341132
4
-14
-2
639
-852
4117
342157
20
-6
-6
635
-837
4143
343182
34
-7
-5
639
-812
4132
344207
20
4
-4
648
-804
4134
337024
14
7
-6
648
-800
4180
338049
16
3
-8
640
-810
4178
339074
30
4
-4
627
-774
4160
340099
28
0
2
642
-778
4154
341124
5
0
-1
647
-799
4165
342149
-2
0
-2
638
-820
4158
343174
3
3
-1
647
-799
4177
344199
-2
1
-4
641
-764
4187
345224
-16
0
-2
641
-785
4141
346249
-32
14
-5
661
-813
4110
347274
-51
57
4
761
-784
3925
348299
-74
133
19
674
-751
3963
349324
-123
138
17
557
-1121
4232
350349
201
21
-69
338
-953
4724
351374
532
-42
34
595
-688
4404
352399
84
-46
10
773
-365
4081
345216
-364
86
4
634
-811
3862
346241
-220
118
59
562
-871
3964
347266
48
56
70
471
-874
4377
348291
48
-64
-18
450
-874
4700
349316
21
-170
-44
682
-765
4185
350341
55
-138
-9
736
-543
3788
351366
-106
-49
-4
611
-845
3879
352391
-126
18
-16
606
-1031
4135
353416
104
15
3
655
-786
4233
354441
132
4
18
645
-658
4262
355466
-6
-3
-7
593
-805
4218
356491
-6
-18
-17
580
-853
4207
357516
37
-32
-18
609
-787
4189
358541
63
-32
1
642
-713
4144
359566
45
-17
19
646
-676
4094
360591
-23
1
21
647
-785
4137
353533
8
14
20
628
-821
4145
354558
57
18
25
633
-794
4137
355583
37
11
14
641
-816
4162
356608
34
10
-2
626
-775
4166
357633
48
11
4
605
-737
4225
358658
53
13
12
593
-758
4228
359683
51
8
12
605
-770
4191
360708
32
0
6
609
-796
4140
361733
32
2
0
650
-750
4026
362758
23
34
-4
646
-767
4090
363783
13
46
-15
609
-782
4215
364808
21
25
-19
607
-757
4286
365833
36
3
-16
572
-691
4260
366858
20
-8
-2
606
-697
4157
367883
1
3
2
599
-700
4169
368908
1
1
7
588
-715
4195
361600
16
-8
20
610
-723
4189
362625
9
-6
19
621
-724
4162
363650
-16
6
13
602
-750
4144
364675
-25
16
10
595
-768
4137
365700
-8
22
6
600
-790
4177
366725
7
17
0
614
-801
4183
367750
2
13
-15
609
-740
4191
368775
-10
15
-19
589
-734
4198
369800
-1
14
-15
586
-752
4179
370825
19
8
-12
593
-732
4187
371850
10
3
-12
585
-707
4205
372875
-3
-1
-9
567
-702
4204
373900
-3
-11
-3
588
-730
4217
374925
3
-24
-5
600
-746
4204
375950
-5
-39
-12
601
-712
4157
376975
-28
-39
-15
612
-735
4139
369792
-11
-17
-8
626
-762
4154
370817
15
-4
-4
634
-710
4144
371842
-6
22
5
612
-693
4137
372867
-22
17
3
593
-757
4170
373892
-27
23
-4
618
-745
4130
374917
-21
33
-3
600
-730
4112
375942
-2
38
12
592
-778
4142
376967
7
54
10
613
-741
4161
377992
-13
61
6
599
-725
4138
379017
-6
63
9
580
-784
4138
380042
31
71
8
567
-787
4212
381067
37
58
-4
551
-740
4265
382092
13
39
-8
549
-717
4249
383117
-1
33
-7
544
-759
4249
384142
19
27
-9
530
-712
4246
385167
34
17
1
531
-698
4208
377983
31
8
3
540
-738
4181
379008
45
8
3
549
-758
4174
380033
67
27
5
592
-735
4086
381058
51
65
9
690
-727
4031
382083
86
123
29
574
-625
4146
383108
-35
112
34
521
-694
4054
384133
-156
115
-32
380
-788
4346
385158
239
65
-7
388
-870
4288
386183
258
76
38
702
-557
4139
387208
-103
228
32
594
-535
3737
388233
-152
281
72
405
-703
4020
389258
-74
145
18
279
-882
4743
390283
-100
9
-65
352
-852
4786
391308
33
-94
-65
364
-629
4432
392333
93
-137
-6
491
-441
3965
393358
-51
-72
10
447
-637
3962
386177
-99
-12
17
450
-932
4203
387202
116
1
32
494
-807
4343
388227
221
-21
36
475
-583
4328
389252
80
-35
8
476
-688
4215
390277
8
-23
-15
466
-805
4159
391302
45
-22
-25
473
-734
4154
392327
64
-18
-23
507
-656
4127
393352
50
6
-18
525
-604
4137
394377
37
31
-7
484
-610
4171
395402
54
35
8
444
-659
4179
396427
62
29
7
457
-730
4174
397452
114
25
-2
457
-733
4212
398477
183
21
-11
465
-681
4292
399502
220
-1
-15
458
-658
4298
400527
254
-13
-17
452
-622
4273
401552
286
-23
-29
435
-579
4299
394368
316
-31
-27
465
-465
4230
395393
363
-5
6
482
-255
4070
396418
338
7
35
517
-363
3921
397443
262
73
41
556
-674
3809
398468
430
158
20
481
-904
3837
399493
668
190
-37
509
-567
4109
400518
654
217
-64
528
33
4366
401543
320
220
-48
307
52
4519
402568
74
162
-26
275
-291
4459
403593
35
137
-52
298
-355
4351
404618
99
117
-64
303
-269
4345
405643
162
89
-41
321
-274
4380
406668
257
56
-10
311
-226
4336
407693
405
3
26
351
-114
4313
408718
302
21
13
314
6
4316
409743
184
4
7
300
-88
4331
402559
142
-10
24
299
-97
4323
403584
73
-12
26
315
-166
4256
404609
24
5
14
346
-255
4185
405634
47
27
-15
357
-217
4206
406659
84
46
-21
365
-88
4207
407684
76
52
-6
332
-32
4262
408709
8
35
-17
303
-84
4338
409734
-47
22
-31
285
-150
4345
410759
-16
5
-33
282
-128
4309
411784
20
-4
-17
295
-64
4289
412809
2
-12
-14
298
-34
4309
413834
-28
-18
-2
298
-96
4297
414859
-20
-21
9
322
-145
4242
415884
4
-15
8
335
-104
4215
416909
3
-13
1
335
-83
4239
417934
-17
-8
-2
337
-113
4235
410752
-13
0
-5
333
-97
4224
411777
-15
9
-4
321
-88
4220
412802
-22
15
-1
328
-104
4236
413827
-18
20
5
311
-144
4278
414852
2
18
5
307
-124
4319
415877
4
12
7
298
-96
4288
416902
-8
6
14
301
-108
4252
417927
-3
-1
13
306
-106
4310
418952
-8
-12
8
306
-106
4335
419977
-10
-22
7
307
-130
4284
421002
6
-20
11
323
-113
4247
422027
13
-9
23
318
-68
4226
423052
-22
1
32
325
-102
4211
424077
-55
24
21
401
-131
4275
425102
-54
58
40
349
-35
4084
426127
28
81
119
241
-182
4005
418944
-23
83
17
257
-525
4591
419969
65
4
-159
264
-164
4676
420994
155
-45
-37
336
357
4187
422019
-33
-3
101
320
110
3939
423044
-168
104
184
291
-172
3883
424069
29
36
199
96
-173
4586
425094
-276
-78
42
108
-227
5155
426119
-632
-231
-140
415
-742
4590
427144
-33
-256
-115
465
-105
3682
428169
367
-136
34
286
320
3506
429194
110
11
99
355
-137
4010
430219
0
65
36
367
-426
4453
431244
79
42
-3
364
-252
4488
432269
137
2
-8
369
-185
4363
433294
157
-17
-25
324
-125
4164
434319
76
-2
-34
296
-135
4099
427137
37
27
-42
301
-228
4272
428162
125
12
-40
347
-139
4343
429187
155
4
-23
351
40
4304
430212
41
4
-14
319
17
4277
431237
-40
9
-10
313
-100
4246
432262
-8
11
-6
318
-132
4260
433287
24
2
-7
321
-62
4282
434312
12
-10
-1
330
-60
4280
435337
9
-8
4
331
-79
4276
436362
8
-2
8
337
-52
4255
437387
-9
-3
12
325
-71
4275
438412
-8
-13
15
314
-112
4282
439437
5
-15
17
314
-107
4274
440462
11
-18
16
322
-120
4236
441487
12
-6
18
341
-90
4182
442512
6
4
13
338
-121
4260
435328
7
2
0
330
-143
4309
436353
30
-3
1
309
-75
4250
437378
-2
0
-1
326
-85
4198
438403
-24
16
-11
333
-117
4254
439428
15
15
-10
317
-90
4251
440453
58
17
7
333
-58
4209
441478
54
25
12
346
-40
4234
442503
20
31
10
318
-44
4300
443528
-10
24
6
306
-124
4313
444553
7
15
-4
305
-123
4284
445578
23
8
-8
311
-53
4249
446603
9
9
-1
295
-55
4255
447628
5
11
4
294
-75
4294
448653
0
8
3
307
-53
4290
449678
0
3
10
297
-64
4254
450703
6
0
12
315
-88
4286
443520
8
-7
8
324
-78
4304
444545
-1
-18
6
299
-62
4288
445570
-19
-23
3
312
-81
4243
446595
-17
-19
4
322
-114
4200
447620
2
-3
6
324
-109
4198
448645
12
3
1
325
-57
4246
449670
8
3
-2
308
-77
4284
450695
-6
7
-6
306
-86
4296
451720
-10
15
-6
300
-102
4277
452745
20
5
4
265
-54
4230
453770
32
0
13
313
-14
4216
454795
-8
6
4
337
-63
4273
455820
-26
5
-4
305
-130
4339
456845
19
-6
-3
275
-84
4345
457870
46
-27
5
265
-32
4295
458895
20
-35
13
297
-12
4258
451712
-18
-33
14
324
-32
4250
452737
-25
-31
17
341
-83
4228
453762
0
-24
14
331
-97
4244
454787
24
-20
12
327
-71
4244
455812
17
-18
11
320
-57
4239
456837
-6
-8
10
319
-66
4221
457862
-17
4
7
325
-82
4226
458887
-10
8
5
333
-105
4257
459912
-1
11
-5
342
-64
4257
460937
-15
23
-9
371
-73
4209
461962
-5
50
13
353
-15
4053
462987
-38
95
57
336
-83
3952
464012
-87
126
29
249
-318
4597
465037
156
-26
-157
133
-326
4896
466062
327
-59
-44
289
416
4387
467087
-37
-68
30
300
392
3942
459905
-352
65
79
367
-222
3835
460930
-108
110
116
246
-41
4133
461955
-63
29
107
223
1
4613
462980
-331
-52
17
257
-307
4692
464005
-153
-132
-25
317
-469
4317
465030
179
-134
-26
330
-77
4016
466055
126
-70
-5
321
67
3974
467080
-43
-6
13
313
-127
4127
468105
-30
22
10
356
-201
4253
469130
59
27
1
354
-133
4322
470155
89
17
-15
308
-150
4321
471180
97
-1
-31
290
-95
4272
472205
87
-1
-20
299
-28
4165
473230
49
18
-8
306
-29
4200
474255
9
30
-6
331
-64
4291
475280
9
27
-10
302
-89
4337
468096
16
21
-13
297
-66
4285
469121
33
12
-15
297
-32
4270
470146
27
6
0
280
-26
4275
471171
18
3
7
275
0
4301
472196
-5
-5
12
289
-20
4321
473221
-9
-18
14
295
-60
4314
474246
3
-26
14
309
-30
4281
475271
-16
-33
15
311
-58
4250
476296
-28
-28
15
300
-91
4224
477321
-22
-16
16
293
-47
4285
478346
-33
-20
10
307
0
4344
479371
-43
-32
4
396
-42
4332
480396
-32
-40
0
422
-91
4243
481421
-5
-39
20
303
-100
4218
482446
52
-42
50
285
-131
4293
483471
80
-41
80
345
-119
4290
476289
55
-34
105
328
-128
4231
477314
-37
13
91
275
-177
4123
478339
-109
121
50
290
-319
4159
479364
-50
237
45
326
-384
4346
480389
-6
365
116
157
-446
4474
481414
44
480
67
-120
-674
4466
482439
267
529
34
-99
-492
4410
483464
353
530
108
-143
-210
4308
484489
257
522
188
-165
-126
4196
485514
243
497
258
-218
-95
4243
486539
191
419
319
-379
-17
4341
487564
61
311
443
-391
-251
4305
488589
114
232
464
-205
-143
4165
489614
165
201
457
-77
3
4137
490639
65
197
495
-147
-132
4190
491664
69
161
523
-279
-117
4322
484480
73
101
567
-243
-41
4253
485505
-86
112
552
32
-39
4083
486530
-249
206
433
110
-63
4159
487555
-310
268
397
-59
-143
4306
488580
-348
294
391
-165
-198
4365
489605
-305
322
343
-66
-167
4377
490630
-127
305
326
-39
-144
4376
491655
46
267
340
-160
27
4405
492680
156
212
342
-208
173
4406
493705
156
166
320
-245
256
4374
494730
128
96
364
-292
192
4283
495755
174
3
427
-328
274
4193
496780
186
-71
494
-254
322
4098
497805
101
-47
451
-175
351
4123
498830
22
-31
421
-248
186
4231
499855
-37
-47
434
-204
65
4163
492693
43
-31
429
-37
-28
4075
493718
192
17
426
-61
213
4090
494743
82
38
431
-167
300
4210
495768
-206
114
445
-110
325
3964
496793
-350
198
497
-311
224
3840
497818
-386
137
317
-728
-871
4843
498843
74
70
122
-668
-409
4967
499868
302
-29
256
-286
508
4422
500893
109
-11
453
-225
206
3993
501918
109
48
432
-500
225
4146
502943
-4
-32
281
-716
-197
4874
503968
-6
-174
126
-559
-382
4989
504993
499
-287
128
-164
223
4384
506018
656
-252
196
60
826
3955
507043
378
-158
221
30
532
3973
508068
135
-16
173
-66
-217
4123
500864
319
82
55
-115
-113
4321
501889
499
91
9
-97
622
4382
502914
297
66
49
-18
688
4284
503939
100
100
50
-62
293
4267
504964
181
125
29
-177
193
4352
505989
321
94
21
-250
341
4425
507014
328
46
24
-265
396
4368
508039
295
14
33
-268
435
4306
509064
222
-26
67
-314
396
4171
510089
159
-52
91
-328
383
4006
511114
158
-45
107
-277
478
3931
512139
109
-22
108
-333
397
4014
513164
43
9
93
-339
308
3998
514189
76
57
64
-27
337
3975
515214
140
112
12
163
547
4017
516239
81
154
-27
71
591
4148
509056
3
151
-67
-57
470
4216
510081
82
129
-77
-153
429
4244
511106
214
102
-70
-338
642
4312
512131
223
6
-32
-390
711
4387
513156
113
-112
16
-397
555
4379
514181
80
-209
70
-471
545
4269
515206
47
-263
109
-444
656
4154
516231
-56
-270
128
-288
514
4080
517256
-87
-230
118
-124
316
4038
518281
15
-154
87
-57
334
4007
519306
118
-56
52
-31
418
4108
520331
72
58
6
-36
440
4210
521356
-21
161
-24
-156
376
4236
522381
-66
237
-51
-230
363
4255
523406
-47
274
-92
-288
513
4344
524431
46
222
-73
-389
582
4417
517248
6
200
-17
-339
823
4356
518273
-185
169
-5
-383
545
4287
519298
-94
150
4
-322
541
4308
520323
-8
121
27
-312
740
4370
521348
-66
66
84
-262
649
4312
522373
-95
32
115
-263
509
4246
523398
-58
22
123
-251
466
4217
524423
-29
28
121
-211
415
4222
525448
5
46
113
-218
369
4222
526473
19
71
99
-199
370
4229
527498
6
93
77
-172
404
4235
528523
-23
114
69
-206
373
4223
529548
-38
144
53
-246
363
4261
530573
-36
171
33
-307
433
4316
531598
-47
162
32
-403
403
4333
532623
-16
131
20
-466
448
4341
525440
21
92
30
-472
507
4298
526465
15
52
52
-458
545
4230
527490
22
17
85
-419
532
4167
528515
36
-7
115
-426
499
4158
529540
26
-25
120
-454
462
4180
530565
35
-35
111
-459
445
4228
531590
13
-34
106
-455
456
4226
532615
5
-54
93
-433
432
4241
533640
-10
-60
76
-429
412
4222
534665
-12
-64
58
-419
519
4209
535690
-45
-73
59
-401
566
4152
536715
-68
-66
68
-429
433
4151
537740
-39
-47
56
-450
339
4182
538765
-13
-25
31
-448
409
4167
539790
-36
13
21
-374
532
4077
540815
-135
74
58
-372
785
3859
533632
-326
121
101
-472
544
3874
534657
-349
125
13
-816
-98
4457
535682
-31
108
-47
-771
299
4636
536707
-108
13
42
-431
743
4329
537732
-425
98
184
-318
412
3814
538757
-214
155
223
-700
557
4192
539782
-274
-32
154
-933
173
4944
540807
-307
-222
70
-603
-236
4799
541832
231
-350
71
-302
213
4337
542857
388
-336
126
-150
908
3950
543882
57
-238
139
-297
690
4050
544907
-46
-169
128
-474
29
4324
545932
256
-139
95
-426
109
4423
546957
375
-145
69
-307
546
4332
547982
162
-150
65
-260
539
4196
549007
16
-126
56
-277
321
4110
541824
73
-79
39
-311
304
4138
542849
139
-67
15
-342
397
4250
543874
111
-92
17
-321
430
4256
544899
58
-108
26
-280
490
4188
545924
7
-110
34
-272
454
4182
546949
-14
-114
40
-297
441
4174
547974
-11
-124
42
-296
538
4136
548999
-48
-139
52
-250
558
4070
550024
-104
-145
52
-213
388
4092
551049
-70
-152
38
-185
401
4158
552074
-46
-169
47
-166
510
4180
553099
-105
-186
59
-134
481
4165
554124
-150
-188
57
-92
454
4136
555149
-158
-179
66
-65
412
4123
556174
-158
-160
61
-67
355
4182
557199
-139
-148
43
-23
388
4239
550016
-159
-142
37
12
407
4229
551041
-193
-127
31
55
323
4233
552066
-172
-112
14
94
295
4304
553091
-149
-107
8
107
324
4307
554116
-171
-104
8
113
289
4307
555141
-191
-95
-2
146
230
4350
556166
-182
-96
-9
155
268
4365
557191
-189
-113
-14
185
277
4339
558216
-183
-111
-22
224
147
4369
559241
-109
-91
-41
184
121
4397
560266
-38
-85
-53
179
231
4423
561291
-35
-101
-40
160
186
4467
562316
-21
-115
-28
159
118
4446
563341
8
-92
-26
180
177
4376
564366
-1
-42
-17
144
274
4280
565391
9
-60
-3
94
161
4334
558208
53
-95
-11
45
-7
4455
559233
142
-129
-23
120
68
4425
560258
176
-144
-47
183
98
4418
561283
135
-151
-80
102
95
4376
562308
122
-177
-119
63
201
4307
563333
84
-211
-144
90
219
4213
564358
115
-246
-144
128
260
4205
565383
168
-283
-97
185
332
4153
566408
165
-280
-38
185
416
4066
567433
92
-240
6
134
406
4048
568458
8
-180
15
106
352
4097
569483
-64
-130
5
101
277
4147
570508
-55
-90
4
97
223
4127
571533
1
-35
3
98
324
4066
572558
-5
21
-13
98
409
4068
573583
-47
36
-30
104
393
4114
566400
-55
39
-32
138
342
4110
567425
-33
57
-32
191
335
4055
568450
9
96
-32
196
398
4100
569475
23
107
-18
172
409
4218
570500
-8
102
2
193
341
4242
571525
-12
103
5
213
317
4236
572550
3
94
5
187
344
4260
573575
-29
76
16
165
320
4237
574600
-38
68
15
168
285
4263
575625
-37
51
1
189
296
4312
576650
-71
35
-6
226
295
4283
577675
-72
24
-13
278
276
4277
578700
-67
15
-13
371
320
4223
579725
-121
12
-8
371
293
4229
580750
-185
-1
-19
326
308
4126
581775
-293
14
-20
310
358
3903
574592
-369
44
-34
81
-87
4399
575617
-73
-41
-165
-205
-84
4699
576642
13
-101
-93
67
638
4533
577667
-466
-124
3
371
133
4012
578692
-437
86
32
222
-26
3903
579717
-93
90
18
-200
442
4536
580742
-283
-107
-27
-246
121
4944
581767
-244
-282
-57
52
-275
4699
582792
240
-356
-34
397
71
4090
583817
464
-239
8
516
865
3691
584842
113
-72
51
250
462
3932
585867
-48
26
13
67
-201
4302
586892
182
43
-33
140
-43
4332
587917
274
25
-37
230
306
4265
588942
150
14
-21
274
266
4197
589967
66
14
-31
280
128
4183
582784
96
30
-47
244
157
4215
583809
114
25
-57
224
211
4291
584834
59
4
-69
262
219
4294
585859
10
-18
-77
304
182
4275
586884
-6
-22
-81
316
194
4229
587909
-21
-11
-84
283
216
4207
588934
-66
5
-95
289
198
4174
589959
-71
16
-116
325
170
4202
590984
-35
20
-138
310
192
4298
592009
-25
14
-136
282
206
4282
593034
0
15
-134
283
205
4218
594059
9
32
-130
275
229
4174
595084
3
53
-112
201
281
4193
596109
-21
61
-107
152
234
4257
597134
-5
62
-93
147
251
4332
598159
-9
49
-83
134
197
4352
590976
-8
36
-78
143
193
4318
592001
18
24
-70
194
240
4269
593026
18
44
-58
189
320
4220
594051
-12
49
-48
113
215
4322
595076
-4
39
-57
114
131
4361
596101
48
23
-57
128
244
4326
597126
26
3
-44
137
278
4272
598151
11
-9
-28
142
292
4237
599176
10
-13
-9
130
221
4229
600201
24
-4
-2
116
165
4239
601226
35
9
-1
123
231
4220
602251
-1
9
3
136
243
4228
603276
-52
14
4
136
188
4249
604301
-39
22
6
119
183
4225
605326
-9
26
4
102
248
4219
606351
-9
21
-7
139
233
4240
599169
-2
18
-24
165
228
4266
600194
3
8
-32
148
278
4241
601219
6
-9
-24
122
269
4196
602244
32
-22
-15
141
257
4225
603269
32
-33
-1
145
237
4270
604294
-2
-39
5
132
192
4317
605319
-36
-39
5
141
181
4316
606344
-45
-35
3
153
181
4276
607369
-35
-27
-10
165
207
4274
608394
-12
-18
-27
180
237
4310
609419
3
-18
-44
165
225
4279
610444
23
-15
-60
149
224
4237
611469
44
-22
-51
131
271
4237
612494
18
-34
-18
158
279
4167
613519
-52
-19
4
176
220
4113
614544
-85
22
12
213
209
4092
607359
-190
103
23
261
406
3948
608384
-355
190
54
243
305
3861
609409
-422
262
31
88
-328
4166
610434
-210
190
-125
-286
-313
5113
611459
110
-12
-155
-86
217
4849
612484
-31
-112
-23
344
608
4235
613509
-345
-19
86
356
223
3751
614534
-241
97
119
50
268
4048
615559
-150
31
118
-256
206
4602
616584
-284
-144
64
-239
-351
5131
617609
-17
-359
-27
215
-216
4589
618634
417
-319
60
649
544
3744
619659
312
-116
123
363
474
3790
620684
-10
25
59
42
-22
4187
621709
93
30
-13
64
-159
4444
622734
307
-20
-31
128
100
4411
615552
267
-62
-17
190
287
4225
616577
87
-56
-6
224
176
4051
617602
24
-16
-8
227
67
4022
618627
69
16
-6
214
182
4157
619652
19
35
14
220
233
4216
620677
-24
38
31
197
143
4268
621702
-17
29
20
161
6
4310
622727
29
17
-12
171
98
4313
623752
29
-9
-26
182
210
4293
624777
-24
-32
-21
193
188
4228
625802
-45
-30
-7
187
163
4175
626827
-13
-21
7
157
194
4163
627852
-8
-13
17
157
200
4225
628877
-62
-8
18
192
139
4264
629902
-83
5
14
223
156
4262
630927
-90
32
17
213
195
4245
623744
-87
50
7
190
130
4282
624769
-33
56
-7
193
133
4291
625794
13
50
-11
195
187
4279
626819
-4
40
-17
178
195
4260
627844
-5
32
-16
175
244
4247
628869
-24
23
4
176
234
4219
629894
-51
12
20
177
166
4248
630919
-62
4
21
188
164
4271
631944
-84
2
21
191
156
4303
632969
-86
7
11
165
98
4317
633994
-44
4
6
160
100
4286
635019
-11
8
10
142
134
4269
636044
-10
-5
9
121
118
4274
637069
-23
-17
9
153
92
4242
638094
-30
-23
13
177
107
4247
639119
-38
-19
23
205
111
4260
631935
-41
-10
33
183
118
4264
632960
-51
-3
37
158
90
4279
633985
-39
4
27
156
70
4299
635010
-9
5
12
169
106
4297
636035
-17
7
1
174
132
4282
637060
-21
10
-5
153
87
4282
638085
10
17
-10
153
104
4298
639110
18
14
-12
164
121
4285
640135
7
7
-12
160
134
4269
641160
2
3
-6
151
112
4286
642185
12
-1
-3
145
85
4311
643210
18
-4
1
148
94
4254
644235
11
-4
2
149
96
4245
645260
1
-1
0
154
51
4259
646285
0
1
-1
157
67
4256
647310
5
1
0
151
63
4279
640128
5
-2
-2
142
47
4264
641153
4
-1
-7
128
59
4230
642178
14
-1
-7
132
94
4226
643203
5
-4
1
139
105
4250
644228
-26
-7
9
138
77
4236
645253
-23
-3
9
130
93
4229
646278
-9
4
9
141
110
4242
647303
-28
12
7
162
112
4238
648328
-35
20
9
157
104
4235
649353
-35
27
10
143
104
4247
650378
-38
32
7
146
98
4270
651403
-46
37
2
160
104
4262
652428
-86
69
-4
215
158
4170
653453
-185
131
8
221
235
4074
654478
-340
156
18
99
-334
4257
655503
-208
136
-85
-179
-433
5128
648320
319
-49
-112
-141
193
4627
649345
67
-120
83
289
1040
4098
650370
-669
-53
163
366
-68
3519
651395
-281
112
139
63
-508
3863
652420
337
108
71
-155
-103
4574
653445
166
7
6
-75
72
4808
654470
-65
-117
-16
143
-95
4500
655495
52
-144
-16
276
-32
4125
656520
50
-72
-7
245
288
4037
657545
-62
-24
10
91
6
4272
658570
43
-31
17
78
-167
4327
659595
229
-50
15
130
-14
4277
660620
176
-43
-1
152
113
4218
661645
17
-18
-10
158
41
4202
662670
-6
-4
-14
123
-21
4287
663695
56
-15
-8
107
17
4321
656513
107
-29
11
120
116
4247
657538
91
-24
28
149
137
4216
658563
21
-4
23
136
116
4266
659588
-33
4
20
133
32
4300
660613
-6
-1
21
146
-4
4300
661638
29
-6
17
154
63
4270
662663
12
-7
15
161
66
4240
663688
-11
2
11
152
3
4257
664713
2
12
-4
140
33
4304
665738
13
9
-8
142
58
4282
666763
12
10
-7
153
67
4263
667788
5
10
-10
147
84
4277
668813
-14
7
-10
143
75
4273
669838
-13
3
-7
149
50
4278
670863
22
6
-5
138
65
4287
671888
19
16
-5
120
85
4271
664704
9
18
-9
111
77
4288
665729
17
14
-14
92
87
4313
666754
14
8
-12
108
95
4282
667779
22
3
-6
115
112
4277
668804
28
-8
7
97
133
4284
669829
12
-23
19
111
118
4251
670854
7
-31
29
121
96
4225
671879
6
-32
32
130
101
4254
672904
-3
-32
42
145
76
4253
673929
-10
-22
39
163
38
4234
674954
4
-7
28
151
39
4236
675979
4
1
18
140
50
4240
677004
-7
8
9
139
39
4263
678029
-8
14
0
148
54
4267
679054
-19
18
-4
140
68
4253
680079
-28
22
-10
122
68
4276
672896
-30
23
-15
130
89
4300
673921
-43
15
-12
132
113
4273
674946
-50
9
-4
144
82
4267
675971
-34
12
-3
135
102
4275
676996
-34
10
1
118
104
4277
678021
-34
4
3
112
89
4282
679046
-17
0
9
128
74
4274
680071
-5
-1
14
117
75
4283
681096
-1
-6
20
103
74
4308
682121
6
-9
22
111
49
4291
683146
-5
-9
15
117
39
4272
684171
-6
-8
9
108
62
4272
685196
-6
-10
11
116
45
4260
686221
-16
-6
8
126
38
4238
687246
-42
0
5
119
27
4249
688271
-81
9
-5
126
48
4252
681089
-112
12
-9
124
31
4242
682114
-106
13
-10
121
-12
4231
683139
-50
9
-9
118
37
4231
684164
-25
5
-2
137
103
4216
685189
-78
14
2
155
56
4254
686214
-191
66
-1
226
208
4049
687239
-323
135
42
171
191
3910
688264
-415
168
65
4
-590
4218
689289
-147
117
-80
-175
-480
4923
690314
246
-61
-89
-108
177
4811
691339
12
-119
88
285
367
4347
692364
-376
-44
123
318
-193
4026
693389
-195
74
132
132
-15
3959
694414
7
33
91
-199
-135
4585
695439
-189
-89
-44
-222
-456
4953
696464
-16
-235
-112
250
-229
4390
689280
289
-209
-6
484
382
3722
690305
150
-56
86
223
85
3801
691330
27
59
22
-31
-266
4206
692355
136
63
-29
12
-132
4377
693380
155
24
-16
93
-57
4345
694405
136
-2
-1
137
-50
4281
695430
136
-12
2
144
-49
4275
696455
97
-3
5
146
-5
4226
697480
61
5
11
124
-3
4246
698505
34
9
14
120
-50
4285
699530
18
4
0
136
-52
4321
700555
19
4
-4
145
-13
4296
701580
14
-2
-4
129
13
4305
702605
-3
-6
-4
123
43
4273
703630
-2
-9
3
103
39
4264
704655
5
-15
-3
131
-4
4300
697471
34
-16
-2
163
37
4284
698496
30
-14
7
143
34
4287
699521
11
-12
9
95
17
4299
700546
15
-16
7
87
32
4286
701571
13
-24
8
102
-28
4276
702596
50
-25
5
128
-1
4265
703621
60
-22
11
113
30
4290
704646
20
-23
12
91
-12
4312
705671
7
-26
5
108
-10
4296
706696
8
-30
6
128
-21
4278
707721
23
-26
5
136
-15
4266
708746
20
-16
-2
144
2
4256
709771
28
-6
-4
141
7
4293
710796
31
-9
-1
147
-15
4320
711821
33
-8
1
140
15
4292
712846
27
-6
1
123
-12
4304
705902
34
-3
-3
119
-6
4321
706927
37
-10
0
125
13
4308
707952
36
-16
8
114
21
4286
708977
34
-18
9
127
36
4276
710002
38
-19
6
132
56
4274
711027
41
-16
13
117
60
4246
712052
37
-8
15
123
62
4250
713077
45
-6
16
135
77
4262
714102
29
-7
25
144
85
4241
715127
19
-2
29
150
62
4246
716152
31
1
26
152
64
4265
717177
26
4
21
145
84
4250
718202
13
4
19
150
55
4240
719227
28
3
16
142
68
4245
720252
33
2
17
157
124
4214
721277
8
5
18
151
85
4231
713857
-5
8
16
148
79
4226
714882
-9
11
17
137
103
4211
715907
-31
18
12
152
82
4228
716932
-70
43
-1
176
149
4174
717957
-141
75
-1
206
55
4182
718982
-157
95
19
149
84
4246
720007
-318
109
15
155
-41
4213
721032
-227
95
-53
-83
-365
4607
722057
311
13
-70
-78
0
4364
723082
115
-9
-10
248
613
4315
724107
-488
51
69
282
119
4055
725132
-348
73
114
11
-174
4281
726157
-93
-38
74
-179
-226
4745
727182
-124
-183
-42
-29
-308
4735
728207
91
-251
-81
363
-98
4233
729232
290
-200
-11
392
435
3882
722048
99
-81
63
223
178
3987
723073
4
6
39
62
-182
4175
724098
142
20
6
71
-153
4247
725123
199
19
-13
96
4
4293
726148
140
11
-19
121
7
4285
727173
99
1
-18
138
-48
4260
728198
100
17
-17
158
-19
4176
729223
118
47
-7
123
111
4215
730248
42
35
-10
97
18
4330
731273
11
16
-12
116
33
4333
732298
28
-7
6
136
57
4285
733323
7
-12
5
144
52
4270
734348
-12
-9
-2
143
55
4283
735373
-22
-7
-3
146
24
4301
736398
4
5
2
144
79
4265
737423
28
13
4
132
105
4288
730241
9
18
-4
126
49
4318
731266
22
18
-7
134
65
4297
732291
48
9
5
127
104
4316
733316
26
-1
14
134
52
4268
734341
26
0
10
139
58
4239
735366
25
-3
7
120
74
4279
736391
-1
-10
10
118
47
4275
737416
-3
-11
9
113
29
4248
738441
10
-10
-1
113
81
4241
739466
3
-11
-4
127
94
4258
740491
3
-10
-1
124
77
4251
741516
14
-12
1
124
109
4246
742541
-3
-11
3
138
91
4249
743566
-13
-7
2
137
64
4254
744591
1
-4
3
132
65
4253
745616
0
-2
5
109
79
4264
738433
-13
-3
6
105
52
4274
739458
-15
-6
3
125
55
4279
740483
-12
-1
3
125
87
4269
741508
-18
-4
3
129
77
4299
742533
-14
-4
5
127
84
4293
743558
-2
-5
7
123
77
4302
744583
7
-3
6
129
85
4285
745608
12
-5
11
137
86
4272
746633
-4
-2
10
132
63
4265
747658
-2
-3
9
129
71
4279
748683
1
-9
11
125
70
4279
749708
8
-15
14
128
69
4263
750733
2
-15
13
130
58
4275
751758
-7
-15
11
123
51
4268
752783
-9
-16
6
133
64
4258
753808
-12
-15
1
149
73
4236
746623
-15
-11
5
139
65
4243
747648
-17
-4
2
141
61
4253
748673
-13
2
2
135
65
4250
749698
-16
9
4
135
77
4231
750723
-32
20
1
131
99
4253
751748
-62
27
2
167
81
4273
752773
-111
57
18
192
144
4202
753798
-222
78
31
155
-37
4237
754823
-331
94
-8
163
-328
4275
755848
43
89
-52
-103
11
4569
756873
334
-41
-12
-135
100
4547
757898
-139
-88
3
216
508
4344
758923
-438
-42
89
360
-303
3646
759948
-169
189
84
120
-209
3686
760973
196
203
78
-149
267
4275
761998
1
66
32
-213
127
5101
754816
-354
-146
-37
2
-240
4991
755841
-229
-256
3
421
-351
4167
756866
211
-166
37
420
110
3787
757891
211
-37
31
148
233
4059
758916
18
11
5
35
-128
4362
759941
130
-7
-7
77
-114
4368
760966
190
-26
-1
147
31
4275
761991
125
-24
-2
143
9
4261
763016
70
-17
-10
119
-38
4237
764041
75
-11
-12
119
-3
4218
765066
105
-6
-10
113
-3
4259
766091
91
-1
-9
132
63
4245
767116
44
-7
-8
134
63
4288
768141
10
-8
6
144
83
4257
769166
-2
-7
15
124
31
4263
770191
0
1
6
118
23
4246
763008
25
8
2
132
59
4271
764033
30
1
-1
119
61
4306
765058
13
-2
5
147
81
4261
766083
5
6
9
127
58
4288
767108
2
3
4
109
45
4304
768133
17
-2
5
139
81
4295
769158
16
-11
9
135
57
4306
770183
9
-12
1
143
46
4273
771208
21
-4
3
137
101
4257
772233
4
-3
5
118
55
4291
773258
-10
-5
2
134
39
4274
774283
-5
-7
3
150
53
4262
775308
4
-3
0
140
39
4291
776333
6
-5
-5
136
44
4286
777358
8
-8
-6
124
52
4265
778383
19
-5
-4
123
60
4263
771200
14
-8
-1
126
89
4257
772225
-17
-10
3
120
52
4255
773250
-4
-9
2
110
51
4261
774275
7
-7
2
124
79
4275
775300
-8
-8
-2
126
72
4283
776325
-13
-7
-1
124
63
4266
777350
5
-7
0
127
74
4259
778375
8
-5
1
144
96
4272
779400
-10
-2
3
141
78
4279
780425
0
-3
5
131
40
4280
781450
22
-5
5
122
76
4276
782475
8
-9
10
134
78
4261
783500
-7
-5
8
136
46
4272
784525
-9
-4
3
123
52
4272
785550
-12
-7
1
132
38
4263
786575
-3
-9
-4
143
44
4254
779392
5
-7
-4
137
89
4264
780417
-13
-5
-1
128
70
4264
781442
-19
-3
-2
138
61
4259
782467
-9
1
-2
136
69
4264
783492
-15
3
2
138
71
4254
784517
-28
8
1
140
63
4253
785542
-52
24
-2
144
99
4179
786567
-112
50
-5
140
83
4153
787592
-124
56
-12
127
-51
4262
788617
-116
86
-1
194
225
4164
789642
-332
111
33
182
83
4087
790667
-374
133
-6
32
-396
4327
791692
255
43
-45
-314
-339
4560
792717
260
-15
-5
0
501
4768
793742
-520
-108
13
336
287
4288
794767
-653
26
123
292
-537
4046
787584
-1
68
138
-57
-165
4267
788609
205
-53
84
-155
144
4687
789634
-88
-174
-28
21
-246
4743
790659
34
-224
-40
410
-124
4172
791684
295
-147
40
452
364
3847
792709
94
-23
84
123
24
3992
793734
35
44
29
-46
-418
4235
794759
243
47
-38
72
-147
4328
795784
224
32
-48
138
64
4280
796809
93
16
-22
132
-28
4252
797834
47
-2
-22
109
-56
4281
798859
14
-10
-22
140
-28
4222
799884
19
3
-19
149
7
4173
800909
59
13
-16
135
47
4179
801934
57
19
-11
125
75
4241
802959
9
26
-11
110
5
4297
795776
2
27
-18
122
-18
4297
796801
28
28
-21
146
21
4287
797826
51
37
-14
121
62
4277
798851
37
31
-16
97
17
4331
799876
30
25
-21
104
57
4334
800901
12
13
-20
96
49
4338
801926
3
9
-15
110
39
4282
802951
42
5
-11
95
112
4323
803976
14
-9
-6
92
86
4355
805001
-11
-23
-4
101
50
4320
806026
19
-34
-2
117
40
4291
807051
40
-28
5
136
106
4221
808076
17
-16
7
82
74
4267
809101
0
-15
2
90
25
4296
810126
21
-23
6
118
27
4249
811151
27
-24
5
111
54
4227
803968
7
-20
3
101
54
4236
804993
-2
-15
2
105
30
4221
806018
12
-9
1
104
46
4227
807043
4
-5
7
104
48
4240
808068
-14
-4
4
100
30
4239
809093
-13
0
-2
111
34
4250
810118
-15
6
1
119
53
4248
811143
-24
15
3
108
60
4272
812168
-18
19
6
115
82
4293
813193
-13
19
13
103
73
4303
814218
-4
19
18
100
54
4308
815243
11
15
21
105
55
4305
816268
1
12
22
91
61
4300
817293
-8
7
19
87
44
4318
818318
-2
-1
19
104
40
4310
819343
3
-7
21
115
56
4286
812159
-5
-6
16
113
58
4285
813184
-6
-8
15
109
55
4295
814209
-4
-12
19
112
55
4267
815234
7
-9
17
118
58
4256
816259
9
-4
15
122
59
4254
817284
-1
-2
17
115
42
4259
818309
-3
-1
12
115
38
4279
819334
-1
-4
11
106
20
4282
820359
2
-7
7
108
45
4259
821384
-12
-6
5
121
54
4251
822409
-28
0
4
105
46
4258
823434
-40
9
2
104
54
4258
824459
-45
8
-3
94
44
4282
825484
-35
-5
1
97
23
4298
826509
-11
-14
7
127
56
4286
827534
-22
-3
11
148
98
4231
820352
-107
41
8
222
170
4076
821377
-222
101
31
163
70
4083
822402
-245
100
37
15
-388
4360
823427
-31
56
-29
-139
-217
4797
824452
232
-70
-31
-56
160
4449
825477
-4
-96
33
233
453
4281
826502
-393
-56
64
288
-195
3917
827527
-207
93
72
138
-263
3958
828552
133
120
87
-100
147
4293
829577
16
10
60
-144
13
4669
830602
-211
-90
-19
1
-189
4593
831627
-50
-163
-20
208
-242
4278
832652
194
-125
9
278
74
4073
833677
114
-43
25
167
124
4088
834702
-27
13
8
97
-155
4210
835727
83
23
-16
112
-118
4276
828544
165
16
-16
111
34
4313
829569
85
15
-5
106
-4
4272
830594
66
8
0
77
-53
4305
831619
44
-2
-7
88
7
4309
832644
12
-11
-7
109
10
4287
833669
25
-14
-3
108
-33
4258
834694
68
0
1
119
92
4229
835719
43
0
0
97
52
4321
836744
-5
0
-3
107
-2
4305
837769
24
-2
-1
115
37
4304
838794
31
-6
0
114
12
4313
839819
19
-4
-5
123
25
4297
840844
26
-11
-6
111
49
4304
841869
21
-16
2
111
29
4288
842894
23
-15
3
109
36
4256
843919
30
-13
5
101
39
4266
836735
16
-11
7
100
40
4273
837760
4
-17
8
94
4
4260
838785
5
-16
1
101
33
4233
839810
-3
-13
0
116
29
4242
840835
2
-11
-2
112
36
4260
841860
6
-10
3
121
43
4240
842885
-2
-4
4
118
38
4239
843910
0
2
2
117
22
4280
844935
0
2
0
114
35
4305
845960
-4
-4
2
107
48
4281
846985
-5
-9
2
112
42
4270
848010
-10
-11
1
112
36
4271
849035
-6
-12
3
102
44
4289
850060
3
-14
4
122
60
4293
851085
-4
-12
7
109
49
4273
852110
-16
-7
7
109
41
4258
845060
-12
-5
7
106
21
4278
846085
-6
-8
7
105
30
4269
847110
-8
-6
6
130
38
4256
848135
-15
0
4
128
14
4273
849160
-5
5
2
119
29
4284
850185
1
4
3
117
26
4281
851210
-3
3
4
109
40
4270
852235
-3
-2
6
111
30
4280
853260
-10
-4
8
121
21
4268
854285
-10
-4
9
117
19
4266
855310
-21
-5
6
114
15
4259
856335
-40
-1
0
136
42
4233
857360
-96
41
-9
243
151
4155
858385
-220
114
12
215
129
4105
859410
-338
126
56
52
-414
4208
860435
-58
64
-87
-234
-332
4856
853120
379
-46
-58
-140
293
4592
854145
-101
-122
43
312
443
4217
855170
-527
-6
88
352
-331
3671
856195
-88
147
87
77
-64
3875
857220
195
89
57
-212
22
4638
858245
-92
-39
-28
-87
-154
4878
859270
-178
-147
-65
153
-164
4532
860295
52
-194
-12
322
-125
4181
861320
217
-127
19
271
253
4007
862345
83
-37
27
137
22
4089
863370
37
24
-9
98
-205
4200
864395
161
39
-35
109
-54
4264
865420
145
39
-30
135
30
4250
866445
76
36
-24
95
-43
4284
867470
52
28
-26
70
-60
4297
868495
56
8
-24
91
-2
4273
861313
41
6
-17
117
10
4229
862338
37
15
-11
106
21
4257
863363
6
12
-15
102
26
4323
864388
-20
2
-12
112
7
4306
865413
-20
-3
-9
108
-25
4270
866438
4
11
-11
110
25
4234
867463
15
20
-15
88
26
4308
868488
-9
26
-23
88
-19
4319
869513
7
30
-21
92
44
4304
870538
4
23
-15
104
38
4306
871563
-3
19
-18
112
20
4318
872588
15
16
-13
109
8
4313
873613
38
14
-5
93
35
4286
874638
27
8
-11
89
12
4300
875663
11
8
-15
97
14
4284
876688
18
2
-8
83
27
4291
869504
7
-3
-9
82
10
4287
870529
1
-7
-13
91
16
4265
871554
8
-9
-13
86
29
4250
872579
15
-5
-8
84
36
4249
873604
14
0
-11
84
51
4268
874629
-3
0
-11
79
13
4279
875654
9
-3
-9
80
16
4275
876679
16
-5
-3
76
31
4250
877704
5
-7
-2
54
14
4263
878729
-7
-11
-4
70
3
4282
879754
-6
-14
-4
69
7
4257
880779
-14
-10
-3
55
2
4233
881804
-15
-5
-8
54
19
4251
882829
-11
-3
-8
65
28
4248
883854
-10
2
-9
62
42
4276
884879
-14
2
-8
61
45
4294
877696
-10
-1
0
61
43
4293
878721
-10
-4
5
62
39
4305
879746
-14
-7
5
61
52
4318
880771
-10
-10
12
57
33
4296
881796
-1
-10
17
61
32
4291
882821
-5
-12
15
55
33
4304
883846
-6
-15
14
78
19
4276
884871
5
-14
16
86
41
4258
885896
-1
-11
20
75
43
4271
886921
-11
-6
23
90
18
4273
887946
-5
-3
26
77
6
4270
888971
-4
-2
24
81
37
4276
889996
-10
0
24
88
3
4282
891021
-7
1
20
91
-9
4286
892046
1
1
14
100
11
4293
893071
1
-3
15
110
3
4274
885888
-3
-2
15
98
10
4244
886913
-5
-7
16
95
23
4262
887938
-14
-11
19
107
23
4276
888963
-42
-7
19
104
-5
4246
889988
-49
5
9
97
-35
4247
891013
-38
13
-7
126
36
4284
892038
-99
33
-2
204
115
4208
893063
-196
44
20
123
28
4254
894088
-262
67
13
50
-119
4299
895113
76
-1
-22
-191
-273
4354
896138
192
28
2
77
241
4362
897163
-242
11
1
229
102
4094
898188
-312
135
86
141
-230
4115
899213
-20
97
92
-162
26
4567
900238
-233
-52
24
-153
-79
4847
901263
-317
-186
-46
107
-476
4524
894080
136
-198
-32
330
-159
4119
895105
359
-133
26
250
308
3975
896130
115
-49
34
125
91
4104
897155
4
5
5
61
-246
4223
898180
145
28
-5
35
-111
4217
899205
181
27
-11
56
-23
4215
900230
125
25
-16
64
-54
4262
901255
83
14
-21
42
-44
4301
902280
43
-6
-15
63
-41
4285
903305
37
-15
-8
85
-35
4266
904330
48
-16
-1
115
12
4243
905355
36
-9
4
104
29
4260
906380
-15
10
6
88
-9
4273
907405
-17
21
4
77
-8
4302
908430
-7
13
-3
62
-24
4334
909455
-2
7
-6
83
-4
4309
902271
19
5
-8
87
10
4323
903296
22
9
0
94
44
4331
904321
4
2
6
88
10
4343
905346
13
-5
4
86
-4
4319
906371
37
-13
10
85
18
4313
907396
26
-23
10
69
18
4312
908421
16
-32
13
93
-1
4288
909446
18
-35
15
92
-13
4273
910471
18
-28
12
96
8
4250
911496
5
-22
5
98
12
4248
912521
-5
-19
1
110
6
4243
913546
8
-18
-1
104
7
4243
914571
13
-10
-1
113
37
4226
915596
-1
-1
-1
112
31
4256
916621
0
4
-2
89
-3
4278
917646
15
2
-1
77
0
4277
910464
14
-1
0
90
27
4268
911489
0
-4
3
93
36
4292
912514
-14
-8
7
100
13
4297
913539
-14
-10
13
95
0
4287
914564
1
-11
13
94
30
4288
915589
-5
-10
10
107
9
4293
916614
-6
-9
8
99
-5
4275
917639
2
-6
5
110
22
4281
918664
-5
-4
4
105
16
4285
919689
-6
-4
4
97
1
4281
920714
-4
-3
2
105
23
4254
921739
-20
0
-1
119
17
4249
922764
-61
27
-11
182
74
4196
923789
-156
95
13
178
211
4039
924814
-286
90
35
37
-211
4262
925839
-181
56
-29
-145
-519
4786
918657
267
-62
-72
-124
46
4464
919682
103
-78
24
255
564
4156
920707
-429
-1
66
330
-173
3704
921732
-166
192
83
129
-211
3786
922757
218
163
93
-270
195
4599
923782
-182
19
40
-131
-228
4885
924807
-226
-114
-50
37
-346
4711
925832
101
-184
-18
316
-129
4263
926857
190
-120
11
292
228
3965
927882
54
-21
23
113
26
4081
928907
39
24
-8
31
-211
4303
929932
141
20
-26
50
-94
4338
930957
146
0
-24
71
9
4309
931982
90
-16
-23
89
10
4280
933007
53
-17
-12
82
5
4246
934032
32
-5
-9
70
3
4227
926848
42
3
-14
90
-12
4233
927873
72
19
-11
102
42
4264
928898
39
20
-8
84
1
4318
929923
7
19
-7
93
-2
4273
930948
7
13
-10
79
-17
4300
931973
-8
7
-13
66
-16
4281
932998
8
2
-11
79
5
4291
934023
19
-9
-10
78
-9
4300
935048
14
-3
-6
85
29
4247
936073
-1
3
-8
81
17
4278
937098
-13
10
-7
96
15
4272
938123
1
8
-5
72
-1
4294
939148
12
-1
-9
81
23
4293
940173
5
-5
-8
87
37
4272
941198
-4
-5
-9
79
-4
4289
942223
7
-4
-11
77
12
4285
935040
8
-6
-10
57
36
4279
936065
-7
-9
-10
68
24
4282
937090
-5
-8
-6
69
30
4278
938115
4
-10
0
54
45
4276
939140
-14
-11
5
55
9
4255
940165
-14
-6
3
68
-15
4252
941190
2
1
1
54
9
4286
942215
-10
3
0
55
5
4295
943240
-6
7
3
55
6
4292
944265
0
5
4
57
13
4286
945290
0
1
7
77
13
4279
946315
2
-6
13
79
-14
4282
947340
4
-10
15
69
-7
4277
948365
4
-11
17
72
-3
4281
949390
-11
-11
16
75
-13
4271
950415
-17
-12
14
67
-18
4264
943232
-9
-11
5
56
12
4297
944257
-21
-15
2
72
20
4290
945282
-24
-14
3
101
-1
4250
946307
-8
-1
0
90
11
4230
947332
-13
12
-1
72
21
4240
948357
-3
17
2
78
31
4277
949382
2
18
13
55
45
4281
950407
-23
11
15
48
-12
4292
951432
-15
4
9
64
-26
4290
952457
-3
-2
12
74
11
4301
953482
-21
-2
11
78
1
4297
954507
-31
2
5
102
7
4305
955532
-80
30
8
129
66
4267
956557
-178
30
24
94
80
4264
957582
-232
33
21
87
-267
4231
958607
74
40
1
-100
-110
4446
951423
248
-15
2
-47
76
4266
952448
-14
1
24
157
336
4236
953473
-303
11
54
136
-222
4163
954498
-113
84
67
55
-319
4138
955523
154
68
97
-112
214
4422
956548
-145
-62
61
-119
-17
4744
957573
-371
-156
-26
120
-471
4506
958598
-5
-161
-26
309
-146
4101
959623
224
-90
31
216
164
3969
960648
102
-16
25
88
15
4131
961673
27
18
-12
43
-134
4271
962698
62
23
-20
71
-95
4266
963723
94
23
-16
83
-34
4270
964748
69
17
-16
56
-47
4311
965773
47
4
-14
63
-41
4318
966798
47
-10
-11
78
-74
4298
959616
66
-2
-8
94
-14
4230
960641
76
-3
-7
69
19
4300
961666
25
-4
4
68
-2
4330
962691
-3
-6
11
59
2
4306
963716
-7
-11
1
69
-38
4328
964741
5
-12
-9
76
-19
4308
965766
24
-14
-6
87
-8
4271
966791
43
1
-4
103
36
4279
967816
31
3
-6
87
38
4323
968841
10
-4
-2
77
-2
4295
969866
29
-8
7
83
8
4272
970891
32
-19
9
83
16
4291
971916
11
-29
12
92
-22
4272
972941
9
-25
8
85
-39
4259
973966
21
-25
-1
95
-13
4269
974991
12
-22
-3
99
-3
4259
967808
5
-20
-6
92
-16
4258
968833
-3
-16
-8
89
-4
4262
969858
-2
-15
-9
87
-2
4257
970883
5
-13
-8
92
6
4249
971908
1
-10
-8
85
12
4252
972933
2
-6
-5
84
22
4262
973958
6
-5
-3
73
20
4286
974983
-4
-5
2
76
18
4269
976008
-4
-5
7
72
18
4277
977033
-4
-4
6
71
10
4295
978058
-9
-3
8
74
14
4284
979083
-18
-1
10
75
1
4268
980108
0
1
8
68
10
4298
981133
4
-1
13
87
14
4297
982158
-3
1
11
105
7
4283
983183
0
1
13
102
12
4299
976000
-2
-1
15
95
6
4313
977025
3
-10
17
100
4
4301
978050
0
-16
15
121
-12
4295
979075
1
-22
13
114
4
4299
980100
5
-29
17
114
-17
4289
981125
9
-30
11
113
-22
4261
982150
9
-25
3
104
3
4250
983175
-6
-22
-4
99
11
4245
984200
-15
-18
-11
114
5
4256
985225
-5
-15
-8
115
4
4238
986250
2
-11
-1
110
33
4237
987275
-3
-1
0
119
9
4258
988300
-6
9
-6
97
3
4277
989325
0
11
-8
63
14
4276
990350
2
8
-2
75
40
4269
991375
-16
8
6
100
42
4263
984219
-55
14
7
107
32
4287
985244
-107
33
4
171
58
4244
986269
-144
48
28
91
-63
4271
987294
-210
61
22
112
-182
4224
988319
-3
54
-21
-124
2
4613
989344
214
-18
30
-65
-126
4384
990369
-104
-36
4
209
391
4249
991394
-417
20
80
292
-316
3762
992419
-46
161
74
-4
-255
3928
993444
245
117
49
-163
159
4519
994469
-81
-8
12
-58
-22
4831
995494
-257
-129
-22
109
-261
4601
996519
-16
-157
1
313
-196
4135
997544
163
-92
11
252
201
3936
998569
52
-15
8
89
26
4159
999594
-3
13
-23
45
-225
4371
992384
108
4
-32
91
-90
4353
993409
126
-3
-22
102
29
4288
994434
69
-3
-15
79
-36
4285
995459
42
-1
-23
70
-41
4281
996484
34
1
-24
70
-58
4278
997509
74
0
-18
71
-30
4259
998534
91
-1
-9
72
22
4280
999559
53
1
-3
73
22
4290
1000584
14
0
1
79
-9
4291
1001609
2
-3
2
72
-25
4290
1002634
8
-2
1
72
-21
4284
1003659
19
1
-4
89
-4
4269
1004684
15
10
-10
98
16
4250
1005709
13
13
-15
105
13
4289
1006734
13
8
-12
111
30
4296
1007759
18
10
-8
103
21
4292
1000576
15
13
-10
88
13
4304
1001601
14
5
-11
90
13
4287
1002626
27
-3
-6
88
32
4267
1003651
11
-6
-5
84
14
4278
1004676
0
-9
-8
70
-14
4306
1005701
3
-17
-11
77
-3
4299
1006726
8
-22
-12
81
18
4277
1007751
2
-21
-13
83
23
4257
1008776
-4
-14
-12
86
32
4251
1009801
-4
-12
-11
68
12
4273
1010826
5
-10
-6
84
32
4250
1011851
3
-8
2
87
28
4253
1012876
-10
-7
0
76
-7
4267
1013901
-4
-4
1
68
13
4270
1014926
-2
-8
6
50
1
4273
1015951
-5
-10
7
65
27
4248
1008769
-16
-10
6
70
3
4267
1009794
-24
-7
7
76
5
4274
1010819
-15
-9
10
70
31
4284
1011844
-23
-6
15
79
6
4291
1012869
-24
-3
14
83
-5
4287
1013894
-10
2
9
89
7
4302
1014919
-5
2
10
89
15
4315
1015944
-1
-2
11
91
7
4309
1016969
4
-5
14
81
16
4302
1017994
7
-10
19
90
22
4295
1019019
11
-13
25
98
25
4286
1020044
-9
-13
25
99
-11
4279
1021069
-15
-12
17
77
-19
4286
1022094
2
-12
13
88
-13
4258
1023119
-16
-2
5
132
69
4227
1024144
-66
28
17
174
74
4186
1016960
-144
73
38
131
56
4187
1017985
-274
118
26
135
-281
4191
1019010
9
82
-50
-267
-141
4751
1020035
153
-23
1
-51
237
4706
1021060
-312
-117
30
311
96
3835
1022085
-265
51
97
310
-491
3280
1023110
278
206
43
-176
44
4104
1024135
126
140
4
-192
150
4717
1025160
-111
13
6
-44
-8
4857
1026185
-109
-111
43
21
-141
4673
1027210
-50
-159
50
199
-209
4226
1028235
112
-106
7
235
130
4111
1029260
57
-47
24
141
193
4202
1030285
-30
-26
45
97
-194
4300
1031310
101
-17
15
78
-188
4313
1032335
181
-16
-8
83
-8
4299
1025152
111
-19
-14
50
-48
4306
1026177
61
-24
-20
44
-69
4263
1027202
64
-24
-29
69
-5
4253
1028227
45
-33
-24
85
1
4242
1029252
45
-27
-8
99
23
4229
1030277
49
-17
-3
63
5
4244
1031302
21
-11
-4
74
10
4219
1032327
8
-1
-1
74
4
4223
1033352
10
11
1
74
6
4260
1034377
6
16
-2
74
16
4313
1035402
-2
11
-2
78
-12
4322
1036427
10
0
3
93
11
4284
1037452
20
1
11
100
40
4262
1038477
4
8
11
102
33
4287
1039502
-3
9
9
80
12
4306
1040527
3
1
9
74
16
4297
1033345
3
-6
9
87
36
4292
1034370
-7
-9
7
105
45
4274
1035395
-7
-7
4
114
35
4259
1036420
-7
-2
2
111
26
4257
1037445
-2
4
-1
119
33
4269
1038470
-1
8
-3
100
24
4292
1039495
3
9
-2
88
7
4284
1040520
11
10
-2
72
5
4284
1041545
12
3
-3
53
22
4294
1042570
-2
-7
-1
52
25
4308
1043595
-11
-12
0
71
7
4297
1044620
-4
-14
-1
72
-15
4297
1045645
15
-12
-5
76
8
4286
1046670
11
-10
-4
81
44
4266
1047695
-11
-9
2
67
17
4271
1048720
-3
-9
4
57
-5
4288
1041535
15
-9
5
62
39
4283
1042560
4
-11
9
62
25
4261
1043585
-8
-9
7
55
9
4271
1044610
3
-5
13
53
20
4250
1045635
5
-2
16
62
47
4247
1046660
-21
4
9
77
7
4274
1047685
-8
7
8
70
12
4259
1048710
3
12
12
78
48
4234
1049735
-18
23
14
89
25
4248
1050760
-30
35
9
107
-2
4297
1051785
-73
61
3
124
106
4197
1052810
-128
61
18
119
53
4220
1053835
-172
66
16
101
-340
4338
1054860
-31
44
-67
-150
119
5141
1055885
43
-133
8
-41
81
4451
1056910
-132
-116
79
270
123
3830
1049728
-232
-8
34
245
-121
3472
1050753
64
199
72
64
-160
3783
1051778
235
220
78
-215
220
4455
1052803
-55
78
73
-145
1
4819
1053828
-289
-25
26
6
-262
4620
1054853
-96
-117
3
55
-391
4401
1055878
136
-107
-13
182
-59
4215
1056903
113
-69
-17
185
275
4152
1057928
-5
-33
15
124
-31
4220
1058953
53
-14
10
93
-166
4323
1059978
121
-12
-20
66
-62
4344
1061003
106
-12
-29
68
-4
4298
1062028
78
-9
-22
71
-7
4243
1063053
73
-3
-14
39
63
4240
1064078
23
-11
-9
37
-17
4252
1065103
22
-11
-17
47
-45
4268
1058011
44
-12
-25
65
-1
4265
1059036
31
-13
-21
73
9
4257
1060061
33
-4
-12
69
37
4253
1061086
39
3
-5
58
53
4264
1062111
-4
8
-8
48
5
4278
1063136
-5
3
-15
40
-22
4307
1064161
29
-3
-12
50
17
4298
1065186
32
-4
-11
50
46
4296
1066211
0
-3
-11
72
40
4266
1067236
-8
0
-9
63
40
4283
1068261
-5
-7
-4
54
20
4319
1069286
6
-14
0
71
15
4284
1070311
8
-12
1
76
13
4245
1071336
10
-5
0
66
38
4274
1072361
-3
-2
-1
58
38
4314
1073386
-14
-9
3
50
0
4289
1066111
7
-14
4
58
5
4259
1067136
20
-14
4
62
38
4281
1068161
0
-17
8
70
22
4275
1069186
-5
-18
11
64
23
4253
1070211
-12
-19
12
45
13
4271
1071236
-25
-21
10
56
-1
4266
1072261
-19
-18
4
52
-5
4263
1073286
-11
-10
-2
59
27
4257
1074311
-10
-2
-3
56
60
4253
1075336
-18
6
-5
44
49
4269
1076361
-17
15
-5
45
28
4292
1077386
0
22
-4
33
20
4306
1078411
11
23
0
44
27
4313
1079436
-1
18
7
48
47
4319
1080461
-11
2
18
61
9
4319
1081486
6
-6
27
79
-7
4318
1074304
18
-10
28
79
51
4306
1075329
-4
-14
32
85
-12
4302
1076354
20
-10
34
91
23
4301
1077379
28
-14
35
90
39
4258
1078404
16
-13
24
96
24
4241
1079429
20
-6
19
90
32
4245
1080454
9
-6
20
86
34
4255
1081479
0
-6
22
96
-4
4266
1082504
4
-2
14
88
23
4255
1083529
-25
6
12
110
71
4191
1084554
-103
47
14
178
140
4119
1085579
-241
121
16
90
45
4183
1086604
-296
125
10
-42
-386
4379
1087629
-18
12
-81
-255
-215
4663
1088654
166
-40
-11
51
326
4373
1089679
-195
-41
43
229
241
3992
1082496
-237
76
110
153
-290
3890
1083521
97
118
94
-129
56
4290
1084546
-33
23
55
-181
-84
4783
1085571
-227
-76
-22
-21
-273
4682
1086596
-10
-141
-26
213
-287
4319
1087621
203
-102
5
248
190
4086
1088646
107
-44
31
139
145
4130
1089671
8
-8
13
32
-158
4278
1090696
94
-11
6
23
-132
4326
1091721
124
-12
-7
54
-40
4256
1092746
106
-7
-20
51
-19
4227
1093771
73
-9
-20
50
-30
4212
1094796
29
-5
-21
47
14
4261
1095821
-12
-9
-29
43
-44
4320
1096846
26
-20
-26
59
-16
4305
1097871
47
-27
-16
71
3
4276
1090688
37
-10
-5
72
85
4217
1091713
5
4
-1
33
44
4282
1092738
-16
3
0
25
-14
4337
1093763
8
-10
5
39
-11
4331
1094788
25
-19
8
53
2
4303
1095813
13
-20
13
76
30
4255
1096838
-6
-17
17
52
-7
4284
1097863
-1
-17
14
43
6
4298
1098888
-6
-18
15
61
-5
4278
1099913
3
-17
11
71
-3
4293
1100938
15
-17
7
95
2
4278
1101963
10
-12
2
86
27
4271
1102988
2
-6
3
86
12
4258
1104013
1
-3
-2
73
-15
4265
1105038
16
-1
-1
73
14
4260
1106063
14
-4
-2
61
33
4278
1098880
-10
-8
1
69
25
4263
1099905
-27
-7
2
68
13
4254
1100930
-26
-6
1
62
-20
4271
1101955
-7
-8
0
77
-2
4274
1102980
-4
-10
-2
79
-11
4285
1104005
0
-6
-7
87
6
4278
1105030
-2
2
-2
91
34
4282
1106055
-10
5
4
65
24
4296
1107080
-7
0
10
66
-28
4307
1108105
18
-3
8
54
-10
4312
1109130
7
-8
10
69
22
4288
1110155
-22
-6
10
76
-9
4281
1111180
-24
2
7
92
-33
4285
1112205
-32
18
-5
134
-59
4322
1113230
-78
39
0
76
17
4341
1114255
-145
21
7
138
24
4215
1107072
-51
51
9
8
40
4266
1108097
114
65
32
-75
191
4063
1109122
-97
109
46
71
233
4078
1110147
-303
120
29
3
-312
4224
1111172
-106
117
20
-41
-225
4444
1112197
8
36
49
-129
167
4682
1113222
-320
-85
35
-61
-124
4637
1114247
-307
-169
-24
141
-447
4320
1115272
71
-144
-22
265
-95
4095
1116297
166
-79
5
146
121
4127
1117322
35
-47
6
70
-74
4244
1118347
26
-27
-20
64
-189
4278
1119372
114
-22
-29
61
-100
4282
1120397
140
-23
-20
65
16
4258
1121422
89
-18
-4
64
-17
4241
1122447
41
-8
-4
52
-78
4171
1115264
74
11
-7
33
-20
4171
1116289
66
17
-13
16
-27
4281
1117314
24
19
-9
43
-29
4269
1118339
35
16
-1
39
-11
4303
1119364
25
8
9
47
-27
4285
1120389
16
15
13
55
-53
4267
1121414
17
32
4
57
-29
4275
1122439
19
38
-4
58
-5
4309
1123464
13
25
0
73
4
4361
1124489
8
12
6
78
-48
4355
1125514
5
17
-1
87
-30
4293
1126539
17
25
-4
82
10
4280
1127564
5
24
-2
66
-4
4292
1128589
-1
13
-1
64
-26
4317
1129614
7
-2
3
70
-18
4327
1130639
1
-15
6
72
-47
4299
1123456
-1
-14
-3
64
-50
4270
1124481
3
-16
-16
50
-49
4277
1125506
5
-19
-24
47
-8
4268
1126531
-12
-21
-25
37
-11
4270
1127556
-8
-19
-29
24
-18
4279
1128581
4
-19
-27
29
7
4281
1129606
2
-19
-24
24
28
4279
1130631
0
-17
-17
19
28
4286
1131656
5
-13
-8
23
25
4274
1132681
5
-10
1
33
10
4258
1133706
0
-1
3
25
6
4265
1134731
5
4
5
15
-18
4310
1135756
5
1
10
26
-22
4302
1136781
7
1
11
40
-12
4271
1137806
3
3
8
41
-22
4258
1138831
9
8
10
56
-4
4276
1131649
9
6
16
60
-31
4300
1132674
7
0
20
57
-12
4280
1133699
-7
0
23
47
-42
4257
1134724
0
3
17
54
-24
4262
1135749
-3
2
18
56
-21
4276
1136774
-13
2
9
45
-36
4276
1137799
1
-1
-3
65
-30
4274
1138824
16
-4
-5
79
27
4266
1139849
-1
-2
0
63
53
4280
1140874
-29
-3
5
61
-3
4293
1141899
-27
-2
10
55
-24
4286
1142924
-11
-1
9
36
7
4294
1143949
-10
-2
14
28
-15
4302
1144974
-28
5
16
38
-52
4269
1145999
-65
37
10
118
41
4121
1147024
-123
68
16
100
157
4119
1139840
-254
71
52
-9
-256
4316
1140865
-194
35
-1
-219
-242
4789
1141890
175
-87
-2
-203
-106
4430
1142915
-61
-109
5
146
251
4262
1143940
-356
-66
16
232
-370
3922
1144965
12
73
35
102
-221
3970
1145990
229
120
68
-62
259
4220
1147015
-3
59
73
-112
51
4479
1148040
-145
-7
20
-27
-304
4522
1149065
11
-57
2
31
-234
4482
1150090
170
-79
23
134
-9
4291
1151115
84
-51
26
156
137
4152
1152140
-35
-25
30
92
-127
4209
1153165
24
-7
12
49
-218
4265
1154190
141
6
-6
52
-62
4287
1155215
132
3
-8
24
20
4305
1148032
26
-10
-6
27
-52
4286
1149057
-1
-19
-10
35
-55
4286
1150082
22
-26
-5
59
-39
4273
1151107
38
-18
9
59
11
4243
1152132
16
-17
6
43
-40
4298
1153157
-4
-8
-6
57
-45
4296
1154182
22
-9
-3
56
-32
4306
1155207
22
-15
-2
33
-19
4304
1156232
3
-15
4
41
-19
4275
1157257
6
-13
-1
52
-37
4269
1158282
12
-4
-1
46
-29
4256
1159307
17
1
2
22
4
4275
1160332
-8
-1
-3
40
-35
4297
1161357
-7
3
-5
57
-3
4285
1162382
-2
1
0
50
-17
4275
1163407
11
4
-3
61
-14
4275
1156224
23
13
-7
81
26
4289
1157249
12
16
-6
68
-12
4310
1158274
34
12
-1
41
-20
4328
1159299
40
-1
8
41
9
4304
1160324
10
-9
11
45
-21
4274
1161349
-2
-13
9
30
-68
4276
1162374
1
-15
8
17
-49
4267
1163399
-6
-18
5
22
-49
4258
1164424
-14
-17
3
43
-38
4266
1165449
-14
-14
-4
53
-30
4254
1166474
-9
-4
-12
53
1
4248
1167499
-5
4
-13
61
22
4273
1168524
3
10
-5
57
21
4292
1169549
9
8
1
43
6
4305
1170574
7
0
2
30
20
4299
1171599
0
-7
6
38
8
4294
1164416
-9
-11
7
45
-6
4293
1165441
-1
-11
7
43
-2
4283
1166466
0
-16
9
57
-5
4283
1167491
-11
-17
4
80
-28
4280
1168516
-3
-14
0
79
-15
4271
1169541
5
-11
1
62
-23
4278
1170566
2
-8
-1
58
-10
4272
1171591
-8
-6
-4
53
-33
4280
1172616
-6
-3
-8
47
-25
4287
1173641
-1
-3
-10
54
-8
4286
1174666
1
-5
-7
35
-18
4276
1175691
1
-7
-2
31
11
4254
1176716
-6
-8
-2
28
5
4261
1177741
-10
-5
1
42
24
4237
1178766
-14
1
9
38
-7
4242
1179791
-11
7
7
25
-25
4262
1172608
-9
14
7
40
-2
4272
1173633
-12
20
6
58
-15
4293
1174658
-9
24
8
64
-18
4283
1175683
-11
22
13
70
2
4256
1176708
-23
16
20
92
-8
4256
1177733
-29
12
20
90
-58
4320
1178758
-30
2
14
75
-71
4376
1179783
-62
-3
5
146
-105
4352
1180808
-100
-12
15
95
149
4258
1181833
-268
-15
15
68
-186
4324
1182858
-48
-45
-47
-224
-299
4496
1183883
113
-53
-23
16
214
4399
1184908
-234
-75
-23
242
-28
3935
1185933
-139
67
5
177
-324
3780
1186958
224
162
25
-75
182
4097
1187983
69
108
53
-181
199
4528
1180801
-224
-8
10
-163
-254
4895
1181826
-211
-116
-12
41
-386
4598
1182851
75
-156
-3
188
-248
4218
1183876
243
-109
3
164
229
4039
1184901
83
-43
20
108
101
4085
1185926
11
2
8
31
-214
4254
1186951
125
19
-8
9
-118
4303
1187976
126
15
-13
22
-43
4248
1189001
82
8
-12
45
-66
4231
1190026
40
16
-12
44
-37
4242
1191051
8
19
-14
25
-18
4321
1192076
-2
0
-12
45
-43
4340
1193101
23
-13
2
80
-27
4266
1194126
62
-10
11
73
58
4236
1195151
30
-7
19
53
16
4279
1196176
-21
-1
16
55
-74
4295
1188992
12
12
6
74
-45
4326
1190017
44
11
-2
84
-28
4365
1191042
35
10
-9
91
-28
4355
1192067
51
8
-20
73
-5
4340
1193092
54
1
-24
62
15
4323
1194117
46
-6
-23
41
13
4299
1195142
49
-15
-17
36
31
4297
1196167
41
-23
-7
35
35
4282
1197192
34
-32
4
19
23
4275
1198217
18
-41
11
19
1
4249
1199242
13
-44
16
37
-2
4212
1200267
-1
-41
11
41
-21
4238
1201292
-3
-30
5
64
-3
4210
1202317
5
-17
1
53
15
4222
1203342
6
-5
-7
68
30
4219
1204367
10
20
-16
85
48
4239
1197184
13
43
-31
92
7
4294
1198209
51
60
-38
98
48
4313
1199234
66
61
-32
80
77
4321
1200259
45
56
-28
70
43
4328
1201284
49
41
-22
47
44
4367
1202309
35
15
-12
35
45
4349
1203334
22
-13
-3
36
29
4327
1204359
19
-35
4
44
28
4294
1205384
5
-47
10
64
30
4271
1206409
-5
-51
10
57
1
4261
1207434
6
-51
3
57
16
4254
1208459
9
-45
-4
77
9
4229
1209484
17
-35
-14
63
29
4226
1210509
8
-22
-18
71
31
4226
1211534
14
-7
-19
45
56
4216
1212559
9
3
-20
28
42
4237
1205376
5
7
-24
33
65
4253
1206401
4
6
-15
31
67
4261
1207426
-9
8
-9
14
70
4275
1208451
-15
4
-4
17
52
4304
1209476
-11
-2
-1
26
35
4306
1210501
-2
-6
3
37
74
4309
1211526
-12
-10
8
50
76
4307
1212551
-12
-11
12
51
35
4294
1213576
1
-10
15
37
48
4264
1214601
-1
-7
17
35
59
4235
1215626
-17
1
20
71
39
4252
1216651
-55
15
13
78
-11
4382
1217676
-109
0
15
77
67
4377
1218701
-173
19
33
119
-116
4075
1219726
47
39
-18
-118
36
4290
1220751
175
37
-17
-63
257
4151
1213568
-165
60
28
146
340
3888
1214593
-253
154
89
78
-280
3825
1215618
57
236
94
-105
47
4226
1216643
54
147
131
-211
296
4714
1217668
-361
1
96
-158
-223
4902
1218693
-290
-122
15
64
-542
4625
1219718
109
-134
11
233
-61
4142
1220743
183
-85
30
160
225
4061
1221768
11
-29
6
109
28
4260
1222793
-16
4
-16
55
-137
4357
1223818
90
-5
-13
23
-56
4323
1224843
146
-14
-15
28
57
4294
1225868
86
-16
-13
13
41
4288
1226893
47
-25
-11
3
44
4280
1227918
35
-29
-3
25
43
4268
1228943
29
-29
0
33
-10
4287
1221760
35
-26
0
30
-9
4285
1222785
50
-28
3
38
49
4272
1223810
10
-24
2
31
9
4269
1224835
-3
-11
0
32
20
4242
1225860
10
-3
2
26
31
4286
1226885
1
-4
-1
27
-2
4304
1227910
6
0
-2
42
12
4259
1228935
19
7
-2
52
48
4268
1229960
5
9
-1
51
33
4276
1230985
-1
16
3
39
48
4268
1232010
-18
19
-3
39
43
4268
1233035
-29
16
-6
28
-16
4293
1234060
-2
-3
-4
9
-69
4324
1235085
19
-18
-7
36
46
4305
1236110
-20
-33
-4
66
17
4277
1237135
-23
-23
-7
64
5
4250
1229952
2
-9
-15
43
54
4285
1230977
-15
-2
-33
51
13
4307
1232002
15
3
-41
52
22
4280
1233027
42
15
-40
44
98
4259
1234052
22
27
-31
22
97
4252
1235077
7
26
-21
-13
39
4307
1236102
12
10
-18
-11
27
4329
1237127
26
-5
-8
11
63
4284
1238152
8
-15
3
12
70
4259
1239177
-20
-16
6
16
10
4271
1240202
-15
-17
5
7
10
4263
1241227
-7
-20
7
14
15
4251
1242252
-10
-19
6
30
11
4244
1243277
-16
-8
4
36
26
4233
1244302
-30
1
0
32
17
4237
1245327
-28
10
-4
26
38
4231
1238145
-32
20
-1
20
53
4224
1239170
-45
22
3
-1
10
4260
1240195
-36
26
8
28
3
4240
1241220
-22
37
16
22
57
4231
1242245
-56
47
21
38
68
4224
1243270
-101
65
22
81
-6
4251
1244295
-169
100
16
38
-16
4233
1245320
-144
112
9
-85
-226
4540
1246345
41
19
-46
-268
-61
4601
1247370
18
23
34
81
473
4209
1248395
-368
6
57
82
79
3997
1249420
-274
99
72
12
-629
4066
1250445
293
143
61
-158
55
4360
1251470
168
38
84
-156
256
4693
1252495
-181
-84
56
-61
-231
4721
1253520
-105
-136
30
67
-361
4419
1246335
141
-137
22
84
-59
4228
1247360
118
-107
5
89
106
4140
1248385
20
-69
-13
87
-53
4152
1249410
57
-40
-16
35
-101
4197
1250435
121
-20
-15
7
-63
4198
1251460
130
-3
-32
-28
-11
4209
1252485
82
10
-35
-32
19
4220
1253510
37
5
-32
-49
-15
4273
1254535
16
-7
-23
-28
-17
4256
1255560
42
-17
-14
-10
17
4285
1256585
24
-20
-12
-14
14
4303
1257610
-1
-9
-2
5
60
4239
1258635
-14
-5
4
-15
21
4309
1259660
-28
-11
0
2
-8
4356
1260685
-9
-21
5
13
5
4321
1261710
10
-21
13
27
14
4274
1254528
19
-13
9
29
27
4281
1255553
-3
-7
6
23
14
4266
1256578
-8
4
11
8
33
4270
1257603
8
-4
8
-3
1
4336
1258628
-2
-18
5
34
3
4321
1259653
-6
-22
7
43
16
4271
1260678
-1
-21
7
38
11
4248
1261703
4
-12
6
16
17
4248
1262728
6
-7
4
15
3
4287
1263753
-6
0
1
35
-5
4277
1264778
2
6
-5
25
29
4295
1265803
-2
5
-8
39
36
4333
1266828
2
1
-4
44
31
4318
1267853
9
-1
2
30
42
4292
1268878
11
-3
4
9
22
4303
1269903
9
-5
2
22
10
4267
1262720
0
1
2
15
33
4269
1263745
-14
-1
2
2
-53
4290
1264770
15
-1
6
4
-44
4300
1265795
20
-8
7
1
4
4264
1266820
-5
-13
5
23
-18
4245
1267845
-4
-11
1
21
-26
4266
1268870
-8
-14
-1
37
22
4243
1269895
-11
-13
3
47
20
4243
1270920
-4
-3
6
32
38
4253
1271945
-6
-1
7
12
31
4273
1272970
-12
-5
10
12
16
4272
1273995
-7
-9
14
13
32
4304
1275020
-20
-14
14
15
31
4311
1276045
-28
-11
15
19
0
4298
1277070
-12
-7
12
13
9
4286
1278095
-7
-2
6
19
22
4293
1271250
-7
1
7
35
17
4289
1272275
-12
7
8
23
25
4281
1273300
-31
12
6
13
32
4251
1274325
-29
16
6
30
43
4229
1275350
-49
22
10
33
-38
4250
1276375
-93
54
6
99
8
4154
1277400
-137
91
13
18
24
4180
1278425
-96
27
1
-264
-189
4753
1279450
50
-40
6
-71
-119
4331
1280475
-65
-35
21
97
282
4136
1281500
-259
2
80
76
-126
4143
1282525
-8
25
103
-49
-181
4374
1283550
99
-31
89
-89
-45
4500
1284575
-56
-64
32
26
-131
4452
1285600
-18
-82
-6
56
-162
4375
1286625
149
-97
10
114
14
4213
1279104
128
-64
18
119
84
4125
1280129
28
-20
0
52
-61
4208
1281154
44
-10
-4
13
-69
4281
1282179
86
-18
2
5
-26
4279
1283204
81
-21
2
12
-28
4239
1284229
56
-11
-3
35
-3
4178
1285254
38
3
-2
21
39
4232
1286279
1
-3
-4
27
-63
4294
1287304
23
-5
-7
46
-20
4294
1288329
24
-6
-11
63
0
4292
1289354
11
11
-9
73
32
4239
1290379
18
20
1
27
34
4267
1291404
3
17
0
5
-3
4319
1292429
11
7
0
9
13
4326
1293454
14
1
5
30
6
4295
1294479
22
5
4
38
55
4304
1287296
6
1
5
34
24
4329
1288321
-7
-3
3
32
9
4303
1289346
9
-6
2
51
14
4297
1290371
10
-6
1
56
8
4290
1291396
8
-7
0
47
10
4265
1292421
5
-3
-8
53
12
4270
1293446
7
-1
-14
45
4
4297
1294471
7
-2
-15
34
10
4286
1295496
2
-9
-19
19
-5
4297
1296521
-4
-15
-28
16
-24
4300
1297546
6
-19
-36
17
-10
4290
1298571
15
-25
-33
14
27
4275
1299596
1
-27
-28
27
-1
4256
1300621
-2
-17
-29
34
18
4256
1301646
-7
-11
-26
19
10
4302
1302671
-14
-14
-21
38
8
4303
1295487
-5
-14
-19
62
17
4267
1296512
3
-8
-14
47
30
4244
1297537
8
1
-9
48
53
4263
1298562
12
3
0
29
43
4288
1299587
11
-1
6
17
35
4292
1300612
7
-5
14
28
14
4279
1301637
2
-4
10
19
34
4286
1302662
-10
-7
5
32
20
4285
1303687
-9
-7
-1
45
1
4277
1304712
3
-6
-9
46
1
4260
1305737
4
-1
-17
54
29
4251
1306762
-3
7
-19
42
26
4274
1307787
-12
11
-24
48
13
4281
1308812
1
10
-20
42
19
4267
1309837
12
12
-16
23
60
4263
1310862
-7
10
-8
12
36
4275
1303680
-17
2
-1
30
19
4294
1304705
-30
-13
6
60
-18
4374
1305730
-62
-23
34
21
41
4370
1306755
-191
-41
46
58
-134
4286
1307780
-179
9
-14
77
-349
4159
1308805
130
26
-68
-128
214
4408
1309830
172
-21
13
-35
419
4359
1310855
-221
-50
62
103
129
4043
1311880
-332
65
75
89
-441
3836
1312905
4
178
33
-114
0
4047
1313930
97
114
53
-112
165
4371
1314955
-51
9
31
-110
24
4740
1315980
-160
-94
31
-11
-131
4680
1317005
-130
-143
46
169
-199
4275
1318030
69
-97
44
184
-102
4038
1319055
128
-11
26
81
136
4126
1311872
-7
13
8
-1
-124
4393
1312897
23
1
-12
26
-169
4428
1313922
125
-14
-2
72
15
4302
1314947
94
-12
9
43
2
4262
1315972
38
-4
-2
11
-52
4270
1316997
59
-2
-4
14
-29
4280
1318022
79
-13
1
16
-21
4298
1319047
76
-18
10
41
40
4275
1320072
30
-21
14
37
-3
4280
1321097
2
-19
20
32
-8
4249
1322122
-1
-19
19
16
-33
4274
1323147
9
-17
15
50
-29
4250
1324172
25
-8
13
62
4
4265
1325197
2
5
7
98
-29
4259
1326222
12
16
1
109
1
4299
1327247
4
10
-6
79
33
4331
1320065
-6
-11
-3
68
12
4312
1321090
11
-26
-4
54
1
4280
1322115
17
-27
-11
53
43
4259
1323140
4
-25
-8
64
59
4256
1324165
-13
-22
0
27
16
4264
1325190
-19
-16
1
28
-2
4258
1326215
-7
-6
-1
50
0
4246
1327240
9
3
-3
32
19
4278
1328265
0
4
-5
25
11
4291
1329290
-4
7
-4
31
-3
4283
1330315
-1
6
-1
27
0
4282
1331340
-4
8
1
24
31
4289
1332365
-7
3
7
22
29
4279
1333390
-13
-1
15
35
0
4260
1334415
-11
-1
15
42
0
4278
1335440
-3
0
18
43
-6
4276
1328257
-7
3
14
48
-22
4273
1329282
-9
4
5
54
-13
4286
1330307
-10
1
3
54
-21
4286
1331332
-9
1
0
42
10
4288
1332357
-17
-4
1
53
15
4291
1333382
-26
-11
4
61
-9
4278
1334407
-22
-9
5
59
-3
4282
1335432
-23
-5
2
58
-21
4313
1336457
-10
-5
-2
57
-10
4313
1337482
4
-8
2
37
10
4291
1338507
-6
-12
4
38
2
4291
1339532
-11
-15
1
42
-34
4305
1340557
0
-17
-4
44
-20
4300
1341582
6
-18
2
43
11
4282
1342607
-14
-17
3
36
3
4277
1343632
-28
-12
-6
49
-26
4306
1336447
-63
2
-14
150
4
4319
1337472
-161
21
4
133
66
4322
1338497
-225
-2
43
-39
-234
4387
1339522
33
-59
-31
-163
-83
4505
1340547
261
-44
19
68
287
3977
1341572
-35
9
65
116
511
3988
1342597
-318
61
114
72
-340
4107
1343622
-109
126
85
-95
-347
4347
1344647
50
48
69
-153
-25
4571
1345672
-138
-73
21
-15
-185
4511
1346697
-58
-108
-14
186
-272
4254
1347722
121
-72
0
203
46
4153
1348747
55
-27
17
133
-2
4185
1349772
18
3
4
94
-93
4211
1350797
78
13
-3
78
-86
4250
1351822
85
22
-14
44
-53
4270
1344640
78
19
-16
47
-38
4300
1345665
70
9
-11
38
-3
4302
1346690
39
-1
-5
23
-1
4314
1347715
6
-12
1
44
-20
4312
1348740
9
-16
2
53
-44
4312
1349765
17
-14
-2
42
-21
4308
1350790
9
-14
-8
33
0
4319
1351815
4
-12
-5
48
-31
4280
1352840
35
0
-2
51
-10
4274
1353865
33
11
-3
45
17
4295
1354890
8
17
1
40
-14
4297
1355915
16
19
5
48
-15
4285
1356940
30
17
4
45
-6
4292
1357965
34
18
7
49
-11
4305
1358990
26
11
6
69
-54
4279
1360015
41
19
3
85
-7
4262
1352832
33
22
-5
82
-17
4309
1353857
18
17
-11
78
-45
4295
1354882
40
9
-17
49
4
4311
1355907
28
-5
-24
37
26
4316
1356932
2
-18
-22
33
15
4276
1357957
4
-27
-20
38
18
4252
1358982
9
-28
-15
44
33
4236
1360007
-1
-20
-14
34
18
4245
1361032
-1
-9
-15
20
7
4262
1362057
11
-9
-17
26
10
4239
1363082
11
-5
-12
22
36
4222
1364107
0
1
-8
20
3
4276
1365132
-6
-1
-2
11
-3
4279
1366157
-3
-3
5
0
-2
4267
1367182
-10
-2
3
17
25
4275
1368207
-29
0
1
27
-2
4283
1361024
-29
6
-3
40
-37
4291
1362049
-2
9
-2
36
10
4277
1363074
-1
9
1
39
43
4279
1364099
-19
7
0
46
18
4301
1365124
-15
3
3
48
-6
4310
1366149
-14
6
7
52
7
4272
1367174
-3
6
3
30
-4
4288
1368199
-8
0
0
30
24
4289
1369224
-21
-8
1
28
1
4271
1370249
-15
-11
3
23
13
4272
1371274
-19
-13
7
32
16
4276
1372299
-30
-10
8
43
-13
4277
1373324
-37
-2
3
66
-10
4295
1374349
-59
9
13
100
-45
4389
1375374
-118
6
57
76
-89
4371
1376399
-233
48
45
57
-279
4197
1369217
235
23
-16
-240
-57
4134
1370242
305
27
-11
-27
291
4363
1371267
-197
-29
-43
48
326
4213
1372292
-360
11
63
136
-423
3928
1373317
74
90
58
-77
-97
4141
1374342
113
100
76
-64
344
4277
1375367
-204
28
46
-113
-13
4660
1376392
-223
-80
11
-3
-331
4634
1377417
-16
-98
32
210
-174
4214
1378442
96
-58
29
126
101
4132
1379467
3
-12
13
52
-61
4300
1380492
-8
6
-12
12
-198
4443
1381517
86
-26
-16
43
-94
4387
1382542
131
-46
0
65
59
4268
1383567
56
-34
6
52
24
4237
1384592
-13
-18
-5
10
-45
4296
1377409
-5
-20
-6
20
-102
4295
1378434
71
-24
-1
36
4
4240
1379459
87
-21
17
45
62
4200
1380484
29
-4
19
33
-8
4232
1381509
1
2
16
12
-62
4276
1382534
15
-2
14
9
-54
4301
1383559
16
-7
12
40
-35
4278
1384584
12
-3
11
62
-13
4261
1385609
-2
4
15
36
-31
4259
1386634
-9
8
13
38
-38
4248
1387659
4
8
7
19
-29
4275
1388684
-7
5
3
31
-16
4280
1389709
-6
9
10
36
0
4289
1390734
-10
7
10
19
-14
4306
1391759
-10
4
12
38
-3
4293
1392784
-4
8
8
40
-32
4332
1385599
20
14
7
55
4
4320
1386624
18
10
12
46
-4
4319
1387649
15
6
11
44
-15
4305
1388674
24
5
15
40
-12
4314
1389699
21
-2
13
26
-6
4329
1390724
14
-15
14
30
-48
4305
1391749
24
-20
10
40
-38
4269
1392774
23
-18
6
54
7
4253
1393799
-2
-15
5
62
-23
4254
1394824
-3
-12
-1
50
-71
4245
1395849
27
-6
-11
41
-6
4243
1396874
19
-1
-11
32
24
4237
1397899
5
3
-10
19
11
4259
1398924
-3
-1
-13
16
-2
4293
1399949
0
-2
-13
6
16
4287
1400974
11
-7
-7
9
29
4274
1393792
7
-13
-3
10
44
4285
1394817
-8
-17
7
11
29
4281
1395842
-18
-15
12
18
5
4266
1396867
-7
-15
9
29
1
4285
1397892
-1
-16
6
40
-1
4257
1398917
-4
-5
1
57
-20
4260
1399942
-28
30
-9
85
-31
4247
1400967
-73
66
-18
106
120
4179
1401992
-136
57
10
43
202
4172
1403017
-265
46
15
-54
-224
4414
1404042
-107
-46
-103
-257
-283
4693
1405067
49
-33
-30
34
393
4302
1406092
-344
-78
35
189
-173
3818
1407117
-329
90
9
127
-681
3766
1408142
159
169
-36
-101
27
4297
1409167
87
122
34
-58
245
4501
1401984
-147
24
66
-98
-57
4651
1403009
-246
-82
25
-20
-285
4627
1404034
-95
-130
22
76
-253
4459
1405059
215
-181
42
103
-160
4340
1406084
215
-138
27
221
217
4080
1407109
74
-63
31
139
-6
4086
1408134
82
-4
29
23
-200
4191
1409159
183
25
17
-16
-128
4247
1410184
167
25
-4
-44
-82
4271
1411209
103
20
-17
-32
-64
4287
1412234
49
8
-19
-14
-73
4279
1413259
31
2
-14
42
-6
4208
1414284
24
11
-8
54
14
4214
1415309
22
20
-2
40
-23
4311
1416334
21
19
0
29
-34
4337
1417359
31
15
4
39
8
4314
1410375
11
17
4
53
-6
4295
1411400
11
23
4
39
4
4299
1412425
5
15
4
19
-25
4343
1413450
17
3
-1
31
-27
4351
1414475
36
-9
-1
48
7
4299
1415500
21
-16
1
35
27
4281
1416525
-18
-16
0
36
-11
4284
1417550
-9
-14
-3
51
-50
4264
1418575
31
-9
-1
45
2
4237
1419600
19
-5
0
44
7
4248
1420625
14
-3
0
35
-37
4275
1421650
19
1
-7
15
-8
4272
1422675
-6
0
-10
1
-31
4277
1423700
-6
-2
-13
15
-16
4269
1424725
1
-1
-16
25
13
4277
1425750
-9
2
-12
25
16
4270
1418368
-11
2
-7
20
3
4267
1419393
-9
1
-5
4
-4
4294
1420418
-15
2
-4
11
-10
4299
1421443
-13
6
-5
21
-25
4307
1422468
3
6
-3
26
1
4311
1423493
2
10
1
22
-5
4298
1424518
11
8
0
11
1
4319
1425543
16
-1
4
10
-11
4318
1426568
15
-10
10
9
-11
4269
1427593
11
-11
7
10
-5
4284
1428618
-6
-15
6
10
-17
4297
1429643
-5
-16
6
21
-35
4250
1430668
4
-8
-1
19
2
4239
1431693
-5
-4
-6
26
12
4255
1432718
-9
0
-10
33
-10
4262
1433743
7
6
-8
29
21
4260
1426560
0
8
-2
20
24
4262
1427585
-13
9
-2
12
-18
4272
1428610
-4
7
-5
4
-4
4306
1429635
2
-1
1
13
4
4306
1430660
-10
-6
7
11
-20
4297
1431685
-8
-11
9
-2
-20
4299
1432710
-19
-14
8
4
-10
4293
1433735
-42
-16
9
46
-33
4302
1434760
-96
10
3
138
20
4259
1435785
-182
31
24
86
64
4295
1436810
-324
45
16
-47
-492
4584
1437835
164
-68
-85
-374
-289
4657
1438860
196
-95
-7
58
672
4344
1439885
-496
-116
36
310
-204
3468
1440910
-213
95
0
99
-713
3536
1441935
325
214
-35
-230
285
4287
1434752
83
138
43
-131
399
4575
1435777
-292
13
55
-145
-154
4696
1436802
-265
-109
19
-42
-281
4661
1437827
-57
-176
39
124
-110
4309
1438852
137
-161
58
160
-22
4151
1439877
119
-88
41
142
84
4155
1440902
14
-31
34
116
-134
4265
1441927
79
2
14
64
-214
4336
1442952
175
10
4
48
-83
4292
1443977
171
7
2
7
-64
4290
1445002
135
4
2
-3
-47
4297
1446027
105
-5
1
15
-12
4301
1447052
41
-10
7
33
-24
4255
1448077
17
-12
9
26
-18
4258
1449102
18
-21
8
33
-3
4298
1450127
11
-29
12
50
-20
4293
1442944
19
-28
9
46
-48
4249
1443969
40
-18
3
55
-4
4229
1444994
32
-7
-3
68
-2
4258
1446019
22
1
1
63
-3
4259
1447044
26
7
6
53
9
4260
1448069
21
9
11
48
-4
4281
1449094
18
7
11
46
-19
4288
1450119
13
2
8
47
-4
4294
1451144
-5
-1
4
46
-23
4311
1452169
1
-3
1
50
-12
4300
1453194
-2
-9
2
56
0
4295
1454219
-11
-14
3
64
2
4277
1455244
-7
-18
4
61
1
4280
1456269
-9
-15
2
60
-20
4278
1457294
2
-6
-3
59
-19
4271
1458319
18
3
-5
46
22
4279
1451135
1
0
-4
36
0
4292
1452160
-3
-4
2
34
-12
4272
1453185
12
-3
-1
37
15
4287
1454210
-8
-5
-1
36
10
4292
1455235
-10
-8
6
40
2
4278
1456260
-3
-6
8
39
4
4271
1457285
-3
-3
7
31
28
4290
1458310
-15
-5
6
43
-25
4310
1459335
5
-2
6
55
-10
4292
1460360
12
1
9
62
23
4288
1461385
-3
0
10
68
-12
4293
1462410
4
-2
7
58
-30
4301
1463435
17
-7
6
51
-1
4285
1464460
6
-9
8
58
9
4258
1465485
-5
-8
4
56
-8
4267
1466510
-8
-5
-5
53
-4
4287
1459328
-12
-1
-12
53
2
4263
1460353
6
5
-19
61
17
4261
1461378
17
8
-19
53
25
4272
1462403
11
9
-13
33
26
4260
1463428
2
7
-6
29
22
4272
1464453
-11
4
-1
35
15
4282
1465478
-20
2
7
42
1
4262
1466503
-29
5
13
43
21
4246
1467528
-70
12
18
103
24
4226
1468553
-144
51
33
113
38
4223
1469578
-271
80
43
93
-182
4239
1470603
-178
110
30
-150
-137
4486
1471628
287
18
62
-237
-99
4241
1472653
-91
13
16
100
580
4128
1473678
-528
58
81
218
-410
3847
1474703
-88
165
91
-90
-171
4200
1467520
67
94
131
-258
182
4639
1468545
-293
-40
75
-178
-217
4881
1469570
-356
-139
4
26
-516
4563
1470595
113
-180
10
223
-233
4252
1471620
293
-131
43
215
296
4074
1472645
14
-55
58
69
-91
4117
1473670
11
-8
19
-14
-401
4238
1474695
226
4
-9
19
-112
4259
1475720
207
11
-10
12
-29
4254
1476745
97
10
-17
-22
-136
4267
1477770
74
-4
-30
-9
-95
4284
1478795
58
-15
-24
45
-61
4236
1479820
89
-9
-5
57
-49
4223
1480845
71
2
-6
25
-16
4285
1481870
5
3
-13
16
-41
4311
1482895
5
-1
-9
32
-66
4297
1475711
43
-1
0
18
-38
4295
1476736
40
-3
1
24
-31
4276
1477761
23
5
0
48
2
4241
1478786
-12
11
1
32
-21
4300
1479811
-43
13
-2
47
-19
4289
1480836
-26
19
-11
92
-1
4312
1481861
-17
25
-16
92
-15
4328
1482886
2
19
-16
67
-17
4307
1483911
34
9
-11
47
-28
4286
1484936
48
3
-12
21
2
4271
1485961
21
-1
-16
-8
-23
4297
1486986
4
-15
-19
-25
-45
4351
1488011
10
-33
-16
3
-34
4293
1489036
5
-33
-13
28
-27
4231
1490061
-6
-23
-16
21
8
4248
1491086
-14
-17
-12
19
-16
4287
1483905
-8
-14
-14
16
-56
4280
1484930
8
-8
-17
26
0
4260
1485955
-1
-2
-19
24
21
4281
1486980
-13
1
-13
18
-46
4296
1488005
20
8
-8
15
-18
4265
1489030
26
10
0
12
35
4253
1490055
-12
8
4
-3
-28
4262
1491080
-5
6
4
3
-49
4299
1492105
4
2
3
6
-40
4295
1493130
-8
-2
1
20
-47
4269
1494155
-7
-4
-1
12
-41
4265
1495180
-10
-3
-1
17
-25
4253
1496205
-15
2
-3
19
-24
4274
1497230
-12
9
-3
25
-31
4287
1498255
-1
9
0
24
-10
4288
1499280
-3
8
4
6
-3
4297
1492096
-11
6
3
12
-27
4317
1493121
2
3
1
23
-34
4343
1494146
18
-6
5
24
-13
4318
1495171
10
-12
11
27
-30
4312
1496196
7
-7
10
28
-22
4329
1497221
0
-15
9
9
-15
4313
1498246
-12
-20
5
-1
-18
4266
1499271
-19
-19
-6
2
-82
4274
1500296
4
-15
-15
4
30
4280
1501321
6
-18
2
14
67
4253
1502346
-27
-15
13
17
-32
4210
1503371
-20
-2
9
15
-50
4187
1504396
-3
12
11
8
-20
4221
1505421
-12
11
15
9
-3
4283
1506446
-23
-3
29
29
-19
4297
1507471
-35
-8
37
15
-75
4261
1500288
-21
-2
27
18
-72
4255
1501313
-13
3
17
19
-17
4260
1502338
-30
6
15
20
-43
4251
1503363
-22
15
13
21
-25
4239
1504388
-18
23
13
12
-22
4276
1505413
-39
26
10
24
-45
4309
1506438
-47
32
9
83
1
4308
1507463
-89
57
33
96
68
4302
1508488
-286
68
50
19
-169
4260
1509513
-205
59
-4
-141
-505
4577
1510538
294
-15
-62
-259
-145
4349
1511563
83
-16
-14
93
625
4374
1512588
-469
-53
34
149
-253
4144
1513613
-206
51
77
49
-479
4081
1514638
220
54
99
-149
140
4291
1515663
-20
-28
65
-176
-43
4652
1508480
-219
-118
-23
-72
-342
4594
1509505
51
-162
-5
167
-233
4201
1510530
224
-107
20
171
129
4035
1511555
89
-27
27
81
-5
4104
1512580
40
22
12
6
-214
4269
1513605
108
18
-3
5
-174
4303
1514630
122
6
-11
18
-72
4290
1515655
87
-9
-7
15
-92
4310
1516680
51
-16
3
34
-66
4273
1517705
14
-15
12
19
-40
4241
1518730
3
-14
10
13
-57
4279
1519755
-12
-7
-2
22
-67
4275
1520780
-6
1
-7
27
-73
4264
1521805
10
-5
-11
34
-36
4295
1522830
5
2
-8
59
17
4287
1523855
-12
18
5
39
-4
4279
1516672
-31
19
7
3
-64
4285
1517697
-34
14
1
8
-58
4256
1518722
-32
16
6
9
-40
4242
1519747
-44
9
12
-3
-104
4269
1520772
-43
5
2
17
-138
4273
1521797
-10
13
-11
34
-90
4292
1522822
4
11
-11
47
-72
4296
1523847
11
8
-11
15
-54
4309
1524872
13
3
-6
2
-29
4309
1525897
-6
-5
1
2
-50
4321
1526922
-6
-14
4
3
-62
4332
1527947
8
-24
9
18
-58
4312
1528972
10
-23
12
36
-60
4277
1529997
7
-13
6
35
-77
4288
1531022
5
-4
-3
32
-85
4286
1532047
14
0
-9
39
-80
4255
1524864
30
-1
-14
43
-55
4272
1525889
35
-6
-10
33
-38
4284
1526914
8
-6
-2
11
-45
4266
1527939
-7
-11
3
-7
-58
4293
1528964
-7
-21
6
-7
-77
4299
1529989
-4
-30
6
-15
-70
4293
1531014
-4
-34
4
-26
-64
4281
1532039
-12
-31
1
-15
-75
4289
1533064
-1
-27
6
4
-63
4282
1534089
5
-18
13
1
-45
4249
1535114
-2
-4
8
-6
-46
4251
1536139
1
9
8
16
-36
4260
1537164
-3
20
9
18
-27
4248
1538189
-3
25
12
22
-24
4252
1539214
-6
30
12
17
-25
4259
1540239
6
37
8
-8
-20
4274
1533057
27
38
2
10
-10
4288
1534082
27
39
1
22
-19
4302
1535107
28
36
11
34
-35
4299
1536132
23
32
21
57
-56
4299
1537157
-2
32
27
39
-63
4273
1538182
-36
39
18
51
-78
4285
1539207
-67
64
15
101
-89
4293
1540232
-148
65
30
46
33
4255
1541257
-348
51
34
-59
-261
4382
1542282
111
-46
-34
-347
-489
4376
1543307
257
1
-17
-49
338
4349
1544332
-374
-38
-24
143
24
4138
1545357
-376
72
58
124
-519
4061
1546382
114
134
130
-168
108
4211
1547407
-56
41
115
-306
151
4698
1548432
-491
-79
-21
-181
-520
4763
1541247
-86
-171
-42
201
-534
4207
1542272
514
-139
31
216
246
3917
1543297
298
-45
85
20
132
4055
1544322
-51
41
26
-15
-239
4154
1545347
31
75
-9
-36
-201
4229
1546372
138
67
-12
-71
-116
4305
1547397
126
49
-18
-45
-153
4339
1548422
129
34
-25
-25
-70
4346
1549447
78
19
2
8
56
4280
1550472
-9
28
32
3
-27
4262
1551497
-30
33
34
-38
-100
4338
1552522
-21
16
27
-35
-150
4368
1553547
20
3
21
3
-141
4306
1554572
52
10
13
8
-81
4284
1555597
33
15
2
-15
-60
4335
1556622
11
-3
7
-20
-78
4339
1549531
12
-19
19
-51
-68
4258
1550556
0
-20
7
-62
-62
4217
1551581
-19
-20
-8
-25
-39
4257
1552606
-34
-20
-4
8
-28
4247
1553631
-25
-15
5
6
-41
4251
1554656
-13
-5
9
-18
-48
4280
1555681
-13
6
10
-26
-68
4292
1556706
-10
13
8
-36
-61
4310
1557731
-15
10
7
-25
-95
4313
1558756
-7
8
3
-26
-129
4331
1559781
6
6
-1
-45
-123
4358
1560806
10
-2
1
-37
-119
4350
1561831
7
-13
2
-40
-99
4322
1562856
-18
-25
2
-41
-110
4308
1563881
-27
-37
0
-42
-148
4319
1564906
3
-45
2
-51
-95
4334
1557633
8
-52
8
-71
-75
4316
1558658
-12
-53
0
-51
-71
4266
1559683
2
-43
-8
-14
-32
4265
1560708
9
-28
-4
-23
-25
4269
1561733
19
-16
4
-14
-46
4266
1562758
37
-6
5
11
-38
4272
1563783
28
4
8
-17
-37
4267
1564808
17
8
15
-32
-69
4279
1565833
21
4
16
-29
-84
4298
1566858
22
-8
18
-32
-73
4294
1567883
1
-20
20
-38
-67
4281
1568908
-9
-29
17
-22
-85
4290
1569933
-9
-32
14
-16
-69
4286
1570958
-9
-30
12
-4
-63
4265
1571983
5
-24
11
1
-52
4250
1573008
-5
-14
11
7
-37
4227
1565824
-27
4
4
33
-68
4228
1566849
-32
33
-5
62
-43
4228
1567874
-97
72
5
121
74
4106
1568899
-186
68
20
23
-78
4274
1569924
-195
83
64
-59
-180
4549
1570949
111
-56
11
-408
-368
4949
1571974
-14
-99
24
91
104
4294
1572999
-236
-54
84
378
33
3245
1574024
-63
132
92
-5
-246
3747
1575049
75
143
30
-414
20
4627
1576074
-91
-28
53
-271
-103
4989
1577099
-247
-211
16
-112
-376
4899
1578124
-76
-284
17
269
-359
4146
1579149
155
-163
34
371
112
3691
1580174
118
-20
34
26
14
4074
1581199
16
28
13
-14
-194
4377
1574016
48
19
-4
38
-191
4332
1575041
107
10
-12
40
-224
4262
1576066
193
25
-21
34
-129
4204
1577091
195
39
-23
20
46
4231
1578116
48
36
-21
3
-47
4329
1579141
-21
18
-18
7
-97
4354
1580166
19
-7
3
47
-78
4348
1581191
42
-14
15
69
-82
4284
1582216
17
-4
8
41
-98
4272
1583241
3
-4
-1
-4
-141
4327
1584266
7
-13
-11
-16
-113
4351
1585291
17
-22
-9
-14
-66
4341
1586316
3
-30
-9
-7
-80
4298
1587341
8
-31
-10
0
-81
4278
1588366
29
-32
-3
-4
-57
4292
1589391
17
-30
1
-10
-50
4314
1582209
-2
-25
4
24
-73
4286
1583234
16
-11
10
43
-52
4222
1584259
30
5
10
37
-54
4253
1585284
19
16
3
29
-70
4269
1586309
27
27
5
19
-21
4266
1587334
6
28
12
21
-50
4280
1588359
-8
22
5
39
-90
4278
1589384
11
18
3
45
-62
4261
1590409
11
10
5
32
-40
4308
1591434
-7
-2
9
27
-50
4337
1592459
-2
-20
9
22
-76
4306
1593484
-3
-37
7
3
-39
4287
1594509
-30
-47
7
11
-67
4263
1595534
-10
-59
7
2
-61
4298
1596559
6
-74
18
13
-33
4291
1597584
-21
-70
21
26
-41
4255
1590400
-35
-58
18
27
-44
4254
1591425
-26
-41
14
41
-32
4251
1592450
-15
-25
9
34
-64
4284
1593475
9
-12
3
43
-58
4297
1594500
25
-2
6
46
-43
4296
1595525
6
5
5
27
-60
4279
1596550
-6
10
3
34
-61
4262
1597575
5
9
8
20
-32
4307
1598600
-12
-1
22
22
-73
4307
1599625
-21
-6
27
42
-95
4259
1600650
-15
-5
24
60
-72
4239
1601675
-19
1
27
59
-52
4206
1602700
-42
16
25
49
-84
4218
1603725
-43
29
11
65
-114
4281
1604750
-38
38
2
75
-137
4281
1605775
-21
52
5
100
-25
4208
1598592
-85
69
36
77
142
4163
1599617
-309
86
37
105
-208
4299
1600642
-268
119
-5
18
-140
4470
1601667
6
13
1
-256
-121
4500
1602692
117
-12
74
-9
-119
4254
1603717
-261
30
26
197
-279
3823
1604742
-227
186
9
14
-273
4128
1605767
-12
153
53
-239
68
4560
1606792
-161
-30
75
-213
-126
4919
1607817
-393
-161
-13
-40
-485
4694
1608842
-62
-217
-6
259
-482
4159
1609867
376
-161
21
229
145
3954
1610892
180
-67
32
91
102
4103
1611917
-27
-8
10
17
-299
4258
1612942
113
11
1
14
-285
4260
1613967
208
11
-3
39
-176
4168
1606784
176
23
-19
4
-169
4213
1607809
101
26
-39
-29
-118
4312
1608834
12
9
-31
7
-154
4332
1609859
4
-5
-16
45
-148
4274
1610884
11
0
-12
61
-92
4253
1611909
-38
19
-20
14
-176
4339
1612934
-28
20
-33
-12
-216
4394
1613959
31
13
-35
10
-155
4347
1614984
80
27
-19
-13
-25
4266
1616009
49
42
-12
-76
-22
4286
1617034
-1
38
-18
-102
-72
4351
1618059
19
11
-12
-90
-83
4373
1619084
33
-15
2
-29
-40
4297
1620109
15
-20
17
39
-35
4201
1621134
13
-5
28
56
-51
4213
1622159
-8
6
30
45
-150
4262
1614976
3
18
22
67
-171
4238
1616001
37
32
19
102
-130
4207
1617026
27
49
12
84
-118
4258
1618051
1
49
13
21
-159
4307
1619076
6
35
16
-12
-182
4313
1620101
12
15
6
-22
-145
4331
1621126
-1
-8
1
-18
-115
4338
1622151
-10
-25
6
1
-89
4295
1623176
-8
-23
7
14
-70
4287
1624201
-28
-17
3
17
-117
4314
1625226
-1
-12
-5
24
-104
4293
1626251
34
-1
-19
28
-44
4291
1627276
27
12
-34
56
-21
4315
1628301
23
24
-34
75
-58
4318
1629326
41
31
-33
32
-63
4327
1630351
60
26
-36
-19
-62
4344
1623323
62
6
-36
-66
-93
4349
1624348
52
-20
-30
-68
-67
4305
1625373
35
-45
-21
-73
-73
4266
1626398
9
-62
-20
-63
-99
4248
1627423
-5
-68
-28
-47
-94
4236
1628448
-3
-64
-33
-42
-96
4229
1629473
9
-52
-31
-39
-71
4220
1630498
6
-36
-27
-25
-29
4190
1631523
-21
-19
-21
-31
-56
4195
1632548
-14
-6
-11
-43
-49
4222
1633573
-11
1
5
-24
-36
4221
1634598
-42
10
18
-1
-19
4180
1635623
-81
39
37
17
14
4147
1636648
-194
76
60
-22
-162
4111
1637673
-319
93
12
-12
-453
4225
1638698
-71
100
-61
-175
14
4675
1631361
145
-8
34
-245
4
4486
1632386
-285
-46
73
49
193
4277
1633411
-568
-22
82
210
-805
3783
1634436
-64
192
34
1
-370
3919
1635461
223
218
83
-180
217
4347
1636486
-118
104
80
-184
-107
4713
1637511
-327
-33
-11
-154
-297
4936
1638536
-170
-177
15
60
-493
4601
1639561
203
-173
53
244
-160
4059
1640586
313
-85
27
92
108
4059
1641611
62
-22
9
-24
-193
4261
1642636
58
-12
-1
-4
-299
4302
1643661
216
-12
6
20
-127
4251
1644686
180
3
5
-28
-103
4265
1645711
73
10
-5
-66
-153
4304
1646736
40
-1
-19
-36
-205
4309
1639553
72
-13
-27
-9
-138
4318
1640578
93
-26
-13
15
-85
4272
1641603
96
-22
8
5
-17
4252
1642628
26
-11
16
5
-65
4271
1643653
-1
-9
11
1
-160
4288
1644678
25
-6
8
-6
-170
4263
1645703
49
1
3
-3
-81
4256
1646728
16
18
0
8
-59
4283
1647753
0
17
8
28
-89
4270
1648778
27
11
14
-7
-95
4290
1649803
27
9
12
-1
-88
4286
1650828
29
5
16
14
-33
4277
1651853
4
-2
22
12
-73
4277
1652878
11
-3
30
-19
-44
4267
1653903
-1
-8
35
-38
-77
4279
1654928
-3
-9
31
-19
-87
4278
1647744
17
-16
36
-22
-44
4281
1648769
2
-19
51
-18
-41
4247
1649794
-25
-5
59
7
-41
4203
1650819
-31
25
62
12
2
4227
1651844
-34
48
71
-5
-63
4289
1652869
-8
65
77
-33
-75
4286
1653894
31
77
78
-19
10
4265
1654919
9
88
82
4
-37
4264
1655944
-4
99
80
26
-79
4248
1656969
21
123
79
37
-56
4226
1657994
57
146
88
-10
-78
4320
1659019
82
159
80
-21
-101
4347
1660044
69
168
45
-10
-124
4293
1661069
79
174
15
-36
-49
4251
1662094
77
170
-11
-34
-83
4276
1663119
61
171
-74
-3
-220
4359
1655937
91
168
-134
-8
-197
4355
1656962
143
137
-167
-13
5
4335
1657987
110
92
-191
3
-14
4328
1659012
75
63
-222
9
-69
4338
1660037
103
33
-235
-13
-49
4344
1661062
95
-11
-216
-55
-49
4318
1662087
46
-41
-202
-69
-96
4245
1663112
23
-48
-216
-72
-61
4282
1664137
-17
-68
-208
-133
-32
4325
1665162
-51
-85
-170
-213
15
4218
1666187
-66
-78
-143
-318
-24
4214
1667212
-71
-58
-149
-398
-5
4268
1668237
-67
-58
-140
-424
39
4338
1669262
-87
-77
-126
-395
15
4361
1670287
-91
-90
-100
-354
-26
4327
1671312
-68
-89
-61
-344
21
4299
1664128
-54
-87
-15
-349
79
4271
1665153
-86
-91
37
-352
52
4281
1666178
-129
-94
78
-310
-31
4258
1667203
-118
-88
92
-275
-151
4292
1668228
-65
-69
77
-276
-162
4296
1669253
-24
-50
70
-277
-131
4271
1670278
-7
-33
64
-263
-118
4279
1671303
9
-24
66
-229
-84
4258
1672328
-5
-18
78
-211
-71
4266
1673353
-9
-16
97
-211
-135
4294
1674378
18
-9
103
-173
-102
4262
1675403
20
1
103
-127
-102
4266
1676428
-4
13
98
-116
-152
4262
1677453
41
-2
74
-162
-47
4168
1678478
192
-139
-123
-96
-123
4198
1679503
-70
-40
-164
102
4
4278
1672321
-85
-32
-159
17
-261
4300
1673346
130
-31
-110
49
-334
4276
1674371
253
99
88
152
59
4304
1675396
5
152
154
-233
54
4351
1676421
-149
86
15
-47
119
4326
1677446
-218
61
27
-148
-49
4361
1678471
-241
30
23
-294
-323
4364
1679496
-115
-10
6
-99
-18
4340
1680521
-181
-44
-3
-155
-59
4345
1681546
-201
-17
-65
-94
-177
4378
1682571
-80
6
-126
-110
-174
4372
1683596
-8
52
-91
-53
-161
4314
1684621
105
34
-61
-240
-55
4329
1685646
64
-24
-6
-244
-20
4338
1686671
-39
-75
72
-189
-93
4302
1687696
-46
-104
138
-84
-186
4281
1680511
40
-75
132
-45
-189
4269
1681536
128
-46
107
-66
-114
4263
1682561
80
-47
58
-104
-81
4258
1683586
31
-62
54
-56
-179
4245
1684611
100
-44
60
-168
-51
4229
1685636
255
-113
-27
-86
-140
4258
1686661
226
-111
-3
-176
75
4232
1687686
148
-129
101
62
-33
4239
1688711
98
-20
307
-19
-95
4278
1689736
103
18
371
-196
-209
4291
1690761
150
-53
128
-89
-35
4294
1691786
119
-58
20
136
236
4272
1692811
-118
44
-5
-70
-175
4371
1693836
-230
-9
-124
-75
-122
4272
1694861
60
-10
-83
117
-21
4263
1695886
