Device = VHR-0009
time_stamp = 1779957024855
sample_rate = 50
Data format = INT16
TYPE = 6-AXIS IMU RAW DATA
-7
16
-18
2914
-1018
2636
279721
-28
23
-20
2930
-1087
2719
280746
-13
24
-18
2897
-1099
2737
281771
7
20
-16
2888
-1059
2696
282796
4
20
-16
2932
-1026
2693
283821
-14
17
-15
2927
-1033
2699
284846
-20
10
-14
2930
-1059
2699
285871
-1
6
-11
2928
-1080
2690
286896
13
3
-8
2919
-1046
2670
287921
-1
3
-8
2909
-1022
2688
288946
-12
5
-8
2906
-1047
2716
289971
-7
9
-1
2910
-1042
2709
290996
1
6
0
2935
-1051
2694
292021
10
2
2
2927
-1045
2692
293046
5
-2
2
2912
-1013
2696
294071
-11
-1
3
2924
-1046
2695
295096
-5
3
3
2923
-1087
2701
287873
9
2
-2
2923
-1066
2698
288898
7
2
-6
2933
-1058
2687
289923
1
3
-7
2917
-1061
2675
290948
0
4
-8
2919
-1045
2678
291973
-1
4
-6
2916
-1067
2706
292998
7
6
-6
2904
-1072
2719
294023
21
6
-5
2901
-1027
2717
295048
7
6
0
2918
-1022
2705
296073
-13
4
3
2932
-1041
2692
297098
-14
0
1
2937
-1086
2697
298123
16
5
-2
2918
-1069
2692
299148
19
6
-2
2909
-1026
2686
300173
-9
7
-8
2926
-1060
2690
301198
-7
13
-10
2915
-1076
2693
302223
10
14
-14
2906
-1054
2706
303248
7
6
0
2918
-1022
2705
296073
-13
4
3
2932
-1041
2692
297098
-14
0
1
2937
-1086
2697
298123
16
5
-2
2918
-1069
2692
299148
19
6
-2
2909
-1026
2686
300173
-9
7
-8
2926
-1060
2690
301198
-7
13
-10
2915
-1076
2693
302223
10
14
-14
2906
-1054
2706
303248
13
13
-13
2913
-1040
2713
296065
5
11
-10
2901
-1019
2720
297090
-12
9
-10
2909
-1017
2725
298115
-14
8
-9
2916
-1045
2728
299140
-2
2
-4
2896
-1036
2708
300165
-2
-2
-1
2901
-1041
2700
301190
5
5
3
2917
-1035
2710
302215
1
9
0
2927
-1033
2718
303240
-1
8
-4
2920
-1038
2708
304265
4
7
-4
2903
-1038
2711
305290
8
2
-4
2914
-1030
2723
306315
5
2
-4
2927
-1029
2713
307340
3
1
-6
2915
-1038
2712
308365
9
1
-10
2892
-1038
2733
309390
15
-2
-5
2896
-1020
2744
310415
10
-2
5
2899
-1020
2734
311440
4
-3
10
2908
-1037
2733
304256
11
-5
8
2903
-1044
2730
305281
23
-8
12
2889
-1039
2735
306306
27
-15
10
2923
-1041
2736
307331
27
-16
10
2941
-1021
2691
308356
5
-21
0
2940
-1011
2684
309381
-15
-23
-12
2925
-1070
2697
310406
-4
-12
-13
2888
-1092
2693
311431
28
-4
-5
2869
-1043
2700
312456
31
2
-1
2906
-987
2726
313481
3
9
-2
2920
-1006
2706
314506
-12
9
-14
2923
-1034
2710
315531
-5
3
-21
2945
-1009
2723
316556
-9
-6
-22
2937
-1012
2712
317581
-22
-10
-28
2910
-1006
2724
318606
-17
-13
-28
2894
-1017
2748
319631
-1
-16
-17
2884
-990
2750
312447
-6
-18
-9
2894
-997
2744
313472
2
-18
-5
2914
-1016
2737
314497
15
-14
-2
2920
-983
2719
315522
2
-22
1
2935
-961
2722
316547
-22
-28
7
2927
-994
2704
317572
-27
-33
5
2947
-1026
2678
318597
-9
-31
0
2947
-1043
2676
319622
1
-22
-4
2915
-1015
2675
320647
-15
-15
-8
2921
-1024
2682
321672
-24
-9
-13
2940
-1053
2684
322697
-20
-6
-20
2922
-1049
2676
323722
-17
2
-24
2925
-1023
2678
324747
-25
7
-23
2932
-1010
2683
325772
-35
9
-26
2933
-1039
2691
326797
-23
11
-34
2949
-1032
2684
327822
-17
19
-30
2926
-973
2658
320640
-38
22
-23
2917
-978
2677
321665
-39
20
-20
2936
-1027
2725
322690
-3
21
-15
2931
-1018
2721
323715
22
38
-4
2920
-983
2689
324740
15
46
6
2913
-988
2705
325765
-5
23
-2
2921
-967
2788
326790
-24
4
-1
2909
-1008
2767
327815
4
5
8
2915
-1011
2684
328840
43
9
30
2913
-959
2672
329865
-3
-4
22
2926
-931
2718
330890
-51
11
38
2914
-997
2664
331915
-44
37
74
2920
-1069
2555
332940
7
29
72
2941
-1011
2637
333965
27
5
88
2931
-958
2690
334990
-19
27
132
2899
-1048
2613
336015
-130
61
110
2955
-1052
2619
328832
-304
52
91
2950
-967
2736
329857
-298
1
98
2904
-1046
2944
330882
-265
4
67
2870
-1025
2905
331907
-342
18
38
2807
-1221
2607
332932
-233
67
48
2879
-1265
2422
333957
-51
96
47
2942
-1143
2650
334982
-75
95
32
2887
-1220
2818
336007
-87
84
29
2853
-1181
2784
337032
-71
60
7
2836
-1218
2756
338057
7
40
3
2836
-1122
2798
339082
20
55
10
2847
-1059
2792
340107
-134
96
-18
2893
-1106
2623
341132
-218
121
-4
2869
-1320
2573
342157
-158
102
-25
2849
-1309
2798
343182
-55
45
-17
2825
-1247
2975
344207
-17
8
-15
2810
-1198
2878
337024
-60
8
-39
2830
-1138
2733
338049
-129
20
-48
2821
-1130
2690
339074
-181
32
-32
2873
-1225
2644
340099
-67
53
7
2845
-1316
2711
341124
19
41
-8
2839
-1200
2815
342149
14
21
-7
2828
-1158
2832
343174
-8
12
-3
2830
-1200
2755
344199
-1
12
-2
2849
-1161
2724
345224
-43
17
-10
2841
-1183
2722
346249
-69
25
-14
2860
-1240
2714
347274
-65
30
-29
2863
-1199
2706
348299
-145
72
-54
2934
-1092
2581
349324
-357
168
-52
2973
-825
2510
350349
-764
146
-47
2816
-1110
2618
351374
-681
-66
-170
2487
-1966
3402
352399
187
-124
-151
2948
-1931
3209
345216
212
73
103
2773
-1026
2517
346241
-34
93
145
2796
-1023
1853
347266
-134
133
187
2926
-966
2794
348291
-701
-41
32
2526
-1592
4080
349316
-604
-291
-131
2761
-1906
2912
350341
31
-263
-65
2854
-847
2082
351366
-150
-83
-9
2883
-687
2255
352391
-518
36
-14
2897
-1579
2673
353416
-300
31
-7
2811
-1723
2755
354441
-16
-3
-2
2851
-1483
2666
355466
70
-13
-5
2891
-1370
2612
356491
134
-28
12
2898
-1293
2535
357516
145
15
34
2843
-1382
2488
358541
95
22
-1
2854
-1386
2726
359566
-21
-8
-25
2845
-1358
2827
360591
-37
-40
-9
2795
-1421
2760
353516
70
-65
17
2822
-1367
2733
354541
70
-79
-8
2839
-1393
2706
355566
30
-67
-33
2860
-1397
2569
356591
59
-27
-26
2891
-1445
2489
357616
156
-8
-7
2876
-1399
2598
358641
230
-25
10
2870
-1377
2639
359666
262
-33
28
2876
-1387
2637
360691
254
-30
17
2844
-1293
2671
361716
215
-31
-9
2860
-1241
2714
362741
144
-39
-21
2884
-1189
2702
363766
36
-28
-15
2880
-1174
2613
364791
-50
-9
-8
2862
-1255
2599
365816
-61
-4
-5
2897
-1281
2640
366841
-30
-8
10
2882
-1280
2662
367866
-5
-13
23
2862
-1248
2663
368891
-15
-3
31
2861
-1279
2659
361600
-9
3
35
2870
-1268
2666
362625
-16
5
36
2876
-1272
2633
363650
-46
13
43
2876
-1298
2594
364675
-62
27
63
2849
-1311
2609
365700
-33
27
76
2848
-1402
2642
366725
27
30
72
2855
-1390
2701
367750
41
31
64
2856
-1344
2678
368775
5
25
51
2874
-1355
2693
369800
-1
19
35
2848
-1338
2745
370825
-1
11
22
2848
-1347
2706
371850
-25
-3
6
2841
-1374
2707
372875
-41
-21
-4
2839
-1403
2714
373900
-19
-30
-1
2832
-1359
2681
374925
1
-34
2
2830
-1368
2672
375950
6
-40
-7
2829
-1347
2737
376975
-13
-45
-17
2839
-1315
2736
369792
-18
-55
-15
2842
-1338
2685
370817
5
-64
-10
2861
-1321
2657
371842
-3
-58
-3
2884
-1286
2596
372867
-9
-35
7
2903
-1317
2517
373892
-8
-11
9
2913
-1351
2545
374917
1
-6
-1
2881
-1320
2626
375942
-3
-16
-2
2885
-1323
2645
376967
-28
-9
-7
2886
-1342
2556
377992
-66
25
-26
2900
-1306
2563
379017
-247
101
-54
2985
-936
2555
380042
-705
90
-85
2851
-1104
2851
381067
-817
-191
-139
2237
-1531
4332
382092
-105
-415
-109
2908
-2450
3224
383117
747
-179
73
3021
-2343
921
384142
1296
63
177
2910
-755
772
385167
706
226
182
3372
-306
1993
377983
-445
277
98
3051
-1368
3078
379008
-531
72
51
2603
-1623
3826
380033
-357
-173
-64
2787
-1616
3101
381058
-58
-139
-102
2973
-1221
2207
382083
19
16
-57
2770
-882
2327
383108
-209
99
-54
2828
-1303
2728
384133
-210
85
-32
2844
-1554
2848
385158
-36
25
0
2776
-1523
2729
386183
110
14
21
2921
-1428
2528
387208
251
17
61
2910
-1351
2502
388233
193
-4
22
2833
-1262
2741
389258
-9
-21
-8
2838
-1303
2870
390283
-88
-47
-4
2845
-1465
2762
391308
-24
-71
-1
2843
-1462
2620
392333
8
-67
-9
2898
-1248
2638
393358
7
-63
33
2896
-1168
2685
386177
20
-44
66
2877
-1394
2443
387202
69
-34
45
2888
-1412
2492
388227
12
-43
13
2908
-1334
2664
389252
-74
-37
32
2914
-1383
2617
390277
-18
-20
76
2888
-1416
2498
391302
45
-27
49
2864
-1416
2589
392327
-18
-19
14
2885
-1419
2593
393352
-25
-3
18
2894
-1524
2518
394377
61
-4
-4
2892
-1433
2624
395402
37
-20
-31
2900
-1220
2715
396427
-60
-36
-24
2865
-1317
2683
397452
-45
-27
-28
2870
-1432
2563
398477
12
-9
-40
2901
-1322
2565
399502
-3
12
-18
2913
-1338
2498
400527
-15
25
-11
2896
-1432
2512
401552
7
21
-18
2899
-1320
2625
394368
5
6
-9
2861
-1363
2681
395393
34
-2
-2
2859
-1367
2678
396418
33
2
-8
2891
-1318
2589
397443
0
6
-8
2898
-1346
2541
398468
-1
12
-2
2894
-1373
2576
399493
63
8
19
2865
-1348
2634
400518
141
-8
56
2852
-1290
2625
401543
67
-7
55
2880
-1341
2626
402568
-62
15
20
2882
-1376
2666
403593
-63
10
14
2871
-1341
2721
404618
18
-8
37
2880
-1324
2675
405643
24
-12
33
2891
-1282
2649
406668
-40
-14
28
2897
-1248
2641
407693
-73
-21
30
2887
-1370
2628
408718
-27
-16
40
2873
-1394
2608
409743
9
-4
58
2868
-1344
2602
402559
-14
-10
45
2873
-1417
2589
403584
-19
-12
27
2888
-1451
2578
404609
-3
-19
17
2877
-1467
2595
405634
7
-24
6
2895
-1397
2574
406659
-1
-4
-2
2893
-1387
2566
407684
2
2
-5
2871
-1380
2578
408709
-20
3
-10
2869
-1394
2556
409734
-41
14
-14
2882
-1427
2561
410759
-23
28
-19
2884
-1421
2558
411784
-3
36
-25
2892
-1334
2581
412809
-101
79
-50
2984
-1165
2485
413834
-388
149
-110
2985
-1228
2543
414859
-550
142
-99
2820
-1593
2767
415884
-165
-49
-85
2469
-1724
3139
416909
490
-25
-54
3091
-1977
2354
417934
405
126
90
2908
-1058
2433
410752
132
116
115
2887
-931
2427
411777
-129
-39
179
2712
-1370
3251
412802
-487
-209
-73
2776
-2096
3029
413827
-114
-225
-115
2855
-1015
2343
414852
-162
-109
-9
2835
-805
2288
415877
-356
-3
12
2944
-1379
2529
416902
-210
13
37
2833
-1477
2671
417927
-77
-4
66
2848
-1438
2517
418952
-11
16
77
2996
-1452
2239
419977
72
71
84
2982
-1493
2225
421002
186
101
63
2902
-1578
2506
422027
261
84
41
2910
-1567
2795
423052
222
41
39
2816
-1457
2882
424077
52
-3
-10
2756
-1497
2840
425102
-60
-27
-49
2838
-1463
2742
426127
-82
-16
-39
2835
-1440
2599
418944
-24
-18
-25
2844
-1436
2546
419969
-6
-31
-41
2863
-1452
2675
420994
19
-61
-43
2856
-1433
2716
422019
40
-80
-28
2872
-1355
2622
423044
23
-44
-7
2895
-1344
2492
424069
29
-21
12
2894
-1387
2427
425094
17
-14
11
2885
-1353
2550
426119
-20
-11
11
2874
-1411
2643
427144
-10
-18
15
2870
-1501
2627
428169
34
-23
11
2877
-1480
2556
429194
28
-13
-5
2895
-1425
2505
430219
-9
11
-15
2913
-1438
2535
431244
10
25
-11
2885
-1467
2550
432269
54
22
-18
2886
-1441
2535
433294
51
21
-31
2915
-1395
2546
434319
1
23
-34
2897
-1347
2610
427135
-31
17
-30
2845
-1386
2656
428160
-8
10
-24
2865
-1404
2606
429185
12
29
-6
2879
-1404
2521
430210
25
62
5
2868
-1388
2498
431235
65
65
14
2883
-1344
2604
432260
49
49
23
2879
-1306
2685
433285
-2
48
30
2872
-1390
2618
434310
11
66
39
2859
-1441
2573
435335
58
51
28
2846
-1383
2750
436360
25
17
16
2838
-1400
2803
437385
10
-17
10
2812
-1414
2757
438410
23
-31
4
2842
-1389
2665
439435
20
-21
1
2872
-1371
2619
440460
-3
-13
11
2841
-1327
2650
441485
-28
-21
28
2829
-1406
2616
442510
21
-28
38
2855
-1458
2620
435328
56
-35
40
2859
-1363
2652
436353
2
-36
37
2857
-1391
2630
437378
-11
-26
34
2877
-1436
2565
438403
7
-16
29
2868
-1426
2564
439428
13
-13
20
2878
-1451
2578
440453
8
-8
9
2895
-1417
2574
441478
-44
24
-14
2879
-1323
2504
442503
-158
56
-66
2937
-1324
2467
443528
-347
160
-93
3054
-1197
2249
444553
-530
205
-58
2883
-1509
2420
445578
-290
122
-62
2573
-2022
3202
446603
337
-137
-139
2654
-1786
3373
447628
401
-57
-61
2996
-1395
2697
448653
96
97
44
2801
-992
2307
449678
-99
162
145
2857
-1198
2139
450703
-99
28
169
2632
-1491
3153
443520
-114
-177
19
2830
-1710
3103
444545
84
-198
14
2879
-1178
2461
445570
10
-105
53
2831
-1034
2304
446595
-169
4
30
2898
-1550
2445
447620
-71
23
5
2851
-1669
2609
448645
79
13
30
2892
-1356
2558
449670
92
44
75
2948
-1434
2361
450695
92
75
42
2896
-1522
2434
451720
75
85
8
2845
-1445
2675
452745
3
61
-13
2800
-1487
2833
453770
-50
25
-41
2776
-1503
2855
454795
-39
6
-50
2783
-1447
2819
455820
10
4
-19
2779
-1363
2691
456845
51
-16
12
2796
-1309
2667
457870
-14
-29
2
2809
-1405
2741
458895
-64
-44
-11
2817
-1535
2769
451713
-8
-63
-2
2844
-1496
2660
452738
40
-52
11
2870
-1437
2521
453763
35
-39
5
2860
-1409
2529
454788
-1
-28
-3
2876
-1430
2561
455813
31
-30
6
2838
-1458
2648
456838
49
-37
5
2856
-1371
2654
457863
-10
-34
1
2859
-1429
2622
458888
-38
-14
-4
2877
-1487
2523
459913
24
11
8
2854
-1496
2524
460938
66
17
-6
2860
-1402
2610
461963
25
12
-12
2832
-1418
2693
462988
-15
-14
-17
2810
-1395
2747
464013
-59
-21
-16
2855
-1399
2670
465038
-25
-2
-2
2858
-1408
2574
466063
10
-1
-6
2857
-1400
2617
467088
-14
-9
-23
2863
-1424
2650
459905
-19
-19
-20
2829
-1400
2668
460930
-16
-24
-6
2843
-1405
2625
461955
-6
-13
3
2858
-1392
2598
462980
-9
-3
10
2851
-1342
2615
464005
-43
1
10
2863
-1421
2607
465030
-29
6
10
2883
-1469
2604
466055
3
3
19
2845
-1448
2622
467080
6
-8
11
2860
-1456
2592
468105
0
-7
-2
2892
-1470
2574
469130
14
1
-2
2854
-1446
2588
470155
27
3
-4
2839
-1411
2635
471180
10
0
-10
2849
-1444
2631
472205
7
10
-5
2847
-1443
2594
473230
21
8
-6
2846
-1392
2642
474255
3
1
-8
2851
-1387
2654
475280
-2
1
-6
2854
-1436
2654
468096
11
-2
1
2833
-1407
2659
469121
1
-5
1
2849
-1389
2613
470146
-18
9
0
2884
-1402
2578
471171
-16
9
5
2853
-1401
2617
472196
-21
3
-3
2848
-1454
2588
473221
-20
19
-11
2888
-1450
2521
474246
-4
40
-8
2867
-1414
2547
475271
-35
50
-25
2855
-1427
2595
476296
-57
52
-49
2866
-1451
2677
477321
-123
54
-44
2874
-1187
2870
478346
-470
66
-44
2786
-897
2924
479371
-506
-131
-114
2266
-1476
3734
480396
552
-232
-75
3001
-2494
2893
481421
1056
-85
163
3076
-2064
1215
482446
579
250
22
3008
-1320
491
483471
53
462
-33
3323
-736
1825
476288
-345
405
25
2942
-1010
3605
477313
-444
107
27
2422
-1992
3908
478338
-53
-97
-145
2746
-1807
2964
479363
187
-53
-175
2749
-790
2547
480388
-140
57
-157
2586
-925
2587
481413
-332
113
-157
2723
-1516
2665
482438
-72
102
-122
2808
-1557
2821
483463
157
103
-98
2838
-1639
2612
484488
309
148
-107
2929
-1739
2175
485513
789
217
-89
2916
-1565
2275
486538
923
305
-129
2849
-1328
2542
487563
584
319
-229
2856
-1256
2657
488588
331
281
-280
2810
-1465
2504
489613
674
361
-356
2799
-1879
2435
490638
1265
489
-441
2734
-1328
3027
491663
1185
483
-465
2647
-463
3286
484480
537
378
-504
2534
-612
3005
485505
599
351
-509
2666
-1174
2693
486530
1198
456
-434
2529
-633
3143
487555
1047
461
-411
2502
99
3465
488580
341
397
-406
2519
-159
3305
489605
106
372
-333
2490
-171
3380
490630
69
337
-243
2381
-25
3689
491655
-152
281
-214
2391
-297
3546
492680
-196
262
-177
2412
-393
3353
493705
-126
240
-143
2483
-400
3334
494730
45
209
-118
2451
-445
3488
495755
128
157
-120
2419
-401
3540
496780
64
138
-126
2456
-382
3386
497805
-38
143
-123
2487
-358
3303
498830
-126
107
-139
2488
-278
3528
499855
-166
37
-134
2400
-220
3665
492683
-229
-16
-107
2360
-225
3478
493708
-314
-9
-90
2390
-322
3275
494733
-290
-6
-68
2419
-406
3312
495758
-146
-51
-23
2426
-441
3422
496783
-27
-80
26
2406
-422
3392
497808
-15
-91
66
2404
-415
3317
498833
10
-81
99
2456
-489
3263
499858
81
-58
127
2437
-454
3311
500883
36
-70
121
2459
-331
3334
501908
-61
-89
134
2529
-436
3268
502933
-70
-96
132
2541
-553
3300
503958
-52
-112
99
2510
-532
3348
504983
-14
-125
103
2477
-513
3322
506008
-14
-130
117
2451
-531
3238
507033
-93
-117
101
2490
-568
3204
508058
-144
-90
89
2504
-665
3192
500864
-121
-94
89
2549
-810
3082
501889
-96
-68
54
2589
-799
2978
502914
-86
-30
-1
2584
-660
3118
503939
-51
-10
-19
2537
-653
3238
504964
-49
-8
-33
2571
-655
3180
505989
-132
18
-54
2562
-614
3078
507014
-246
59
-77
2543
-689
3081
508039
-317
138
-125
2693
-569
3010
509064
-442
315
-163
2741
-404
2949
510089
-788
258
-146
2153
-807
4031
511114
-947
-194
-352
2054
-1372
4936
512139
-436
-293
-177
2800
-923
3165
513164
345
-137
198
2216
-295
1550
514189
160
54
209
2594
1
2347
515214
-326
138
197
2929
-458
3493
516239
-531
-23
193
2349
-1002
4369
509057
-666
-325
32
2199
-1289
4022
510082
-358
-435
-55
2559
-1221
2752
511107
78
-318
-45
2468
-667
2638
512132
29
-194
-39
2653
-662
3029
513157
-94
-148
-12
2726
-817
3051
514182
-64
-114
38
2604
-815
2701
515207
74
-14
61
2663
-954
2663
516232
389
87
67
2766
-1078
2823
517257
623
116
76
2705
-772
3042
518282
387
110
42
2677
-577
3275
519307
51
94
-8
2588
-826
3399
520332
-17
68
-15
2497
-919
3301
521357
-3
49
-14
2486
-834
3145
522382
16
45
-33
2533
-853
3119
523407
98
52
-21
2551
-832
3134
524432
174
56
16
2532
-787
3154
517247
198
42
28
2547
-790
3200
518272
178
12
10
2552
-682
3334
519297
83
-17
12
2527
-645
3354
520322
5
-25
26
2511
-709
3214
521347
-13
-28
32
2531
-730
3155
522372
30
-47
43
2569
-661
3301
523397
51
-77
57
2523
-710
3326
524422
30
-97
61
2536
-737
3187
525447
13
-95
68
2561
-719
3113
526472
11
-90
68
2602
-723
3127
527497
31
-86
87
2588
-747
3148
528522
13
-80
76
2587
-811
3075
529547
-11
-62
46
2631
-813
3053
530572
-6
-46
37
2640
-807
3020
531597
52
-40
57
2632
-796
3048
532622
27
-33
43
2627
-779
3090
525440
-49
-21
18
2626
-812
3088
526465
-64
-12
4
2598
-841
3097
527490
-3
-12
3
2588
-858
3127
528515
38
-9
24
2568
-796
3074
529540
-26
8
10
2599
-794
3041
530565
-59
28
-4
2626
-802
3115
531590
-36
31
-13
2628
-844
3174
532615
29
14
-17
2604
-806
3181
533640
30
0
-20
2587
-763
3117
534665
-16
12
-22
2579
-764
3075
535690
-35
23
-3
2593
-769
3114
536715
-3
9
17
2579
-769
3251
537740
9
-16
13
2563
-793
3251
538765
-5
-26
2
2569
-770
3140
539790
-24
-11
5
2585
-772
3056
540815
-35
-3
-2
2625
-805
3099
533632
-36
-9
-7
2614
-799
3140
534657
-14
-15
-9
2582
-812
3171
535682
23
-17
-6
2587
-730
3164
536707
9
-23
3
2606
-672
3144
537732
-29
-22
14
2594
-702
3100
538757
-38
-12
24
2598
-823
3091
539782
15
-13
23
2592
-836
3174
540807
35
-27
17
2599
-786
3175
541832
5
-30
16
2595
-788
3101
542857
-31
-22
0
2612
-848
3060
543882
-28
-10
-15
2617
-878
3070
544907
14
-5
-11
2589
-819
3100
545932
-2
-1
-14
2625
-703
3131
546957
-203
66
-68
2799
-664
3011
547982
-398
195
-86
2691
-662
2949
549007
-292
120
-21
2328
-907
3405
541825
111
-68
-87
2392
-1313
3438
542850
329
25
16
2898
-392
3051
543875
-8
105
203
2514
-219
2578
544900
-308
169
196
2732
-1052
2726
545925
-462
79
165
2407
-586
4267
546950
-979
-236
-1
2333
-1465
3982
547975
-345
-351
-55
2505
-1386
2756
549000
241
-236
18
2463
-582
2608
550025
18
-121
-11
2649
-774
2901
551050
-81
-89
-14
2756
-1014
3037
552075
43
-49
36
2690
-995
2888
553100
156
34
58
2692
-1025
2658
554125
274
82
40
2743
-1009
2798
555150
337
86
27
2699
-890
3107
556175
260
69
1
2608
-849
3297
557200
153
50
-24
2546
-926
3308
550016
103
29
-27
2522
-863
3241
551041
27
14
-24
2561
-806
3143
552066
-27
16
-9
2552
-889
3120
553091
-3
-4
-18
2541
-883
3277
554116
28
-38
-6
2573
-836
3253
555141
55
-58
6
2582
-822
3141
556166
39
-64
1
2618
-788
3099
557191
-17
-57
1
2638
-781
3110
558216
-5
-45
22
2600
-883
3030
559241
76
-24
42
2623
-883
2919
560266
95
-14
34
2679
-804
3040
561291
19
-15
21
2665
-825
3153
562316
4
-29
20
2577
-915
3168
563341
44
-33
17
2577
-866
3079
564366
27
-25
16
2593
-796
3064
565391
-25
-23
13
2629
-849
3070
558208
-35
-17
9
2638
-925
3063
559233
14
-14
3
2639
-871
3066
560258
15
-13
-3
2644
-815
3051
561283
-28
-10
-9
2637
-854
3055
562308
-35
2
-12
2631
-861
3064
563333
3
5
2
2602
-874
3076
564358
9
2
-4
2611
-813
3119
565383
-41
-3
-8
2623
-823
3141
566408
-71
-8
-7
2604
-872
3120
567433
-50
-11
9
2588
-842
3118
568458
-56
-22
17
2611
-826
3132
569483
-71
-28
19
2625
-841
3094
570508
-75
-23
21
2626
-874
3033
571533
-27
-27
20
2631
-887
3084
572558
12
-35
17
2652
-845
3100
573583
-11
-37
12
2651
-874
3032
566737
-15
-23
11
2651
-884
3011
567762
7
-15
11
2619
-908
3056
568787
20
-19
2
2641
-886
3097
569812
14
-18
4
2637
-871
3045
570837
-9
-13
6
2636
-856
3030
571862
-19
-7
3
2642
-932
3057
572887
22
-3
2
2623
-923
3083
573912
30
-6
-2
2637
-841
3068
574937
-15
-3
-9
2656
-871
3054
575962
-21
-2
-14
2653
-916
3064
576987
9
-8
-9
2638
-862
3082
578012
6
-15
-3
2623
-826
3086
579037
-12
-14
-1
2634
-868
3063
580062
-1
-10
-2
2642
-864
3070
581087
7
-9
3
2630
-869
3057
582112
1
-11
3
2644
-858
3050
574592
-14
-6
4
2655
-890
3043
575617
-19
1
-2
2637
-904
3064
576642
-5
6
0
2639
-860
3071
577667
-4
14
10
2658
-864
3045
578692
-10
15
14
2655
-816
3042
579717
-84
50
-14
2710
-751
3006
580742
-236
144
-52
2743
-591
2978
581767
-539
135
-12
2615
-832
3211
582792
-569
55
-90
2344
-1544
3422
583817
166
-112
-112
2475
-1432
3193
584842
538
48
42
2893
-704
2701
585867
162
142
189
2590
-266
2363
586892
-192
134
175
2756
-771
3016
587917
-300
14
166
2495
-900
4019
588942
-493
-193
-4
2403
-1537
3736
589967
-208
-239
-83
2524
-1098
2932
582784
-31
-172
-36
2584
-722
2702
583809
-153
-72
-29
2700
-1020
2803
584834
-35
-11
-11
2692
-1119
2932
585859
130
2
11
2678
-976
2936
586884
146
20
10
2718
-967
2903
587909
169
50
5
2707
-993
2908
588934
228
46
3
2645
-965
3082
589959
228
31
-4
2585
-932
3205
590984
142
17
-6
2564
-886
3193
592009
26
13
-6
2593
-945
3107
593034
-24
8
-25
2618
-990
3080
594059
-15
-3
-32
2606
-949
3118
595084
13
-8
-7
2587
-942
3053
596109
36
-12
2
2611
-935
3058
597134
9
-20
-10
2685
-884
3073
598159
-8
-21
1
2657
-903
3094
590976
18
-35
-6
2589
-930
3114
592001
-17
-36
-25
2628
-886
3065
593026
-53
-28
-25
2641
-933
3003
594051
-34
-17
-29
2630
-975
3036
595076
2
-20
-39
2627
-951
3132
596101
22
-32
-29
2623
-864
3108
597126
1
-37
-20
2630
-861
3030
598151
-51
-32
-28
2662
-844
3007
599176
-97
-18
-30
2684
-898
2999
600201
-77
-14
-24
2662
-953
3033
601226
-42
-25
-16
2659
-909
3045
602251
-44
-30
-3
2646
-904
3011
603276
-29
-23
1
2649
-906
3014
604301
-11
-10
2
2635
-931
3038
605326
3
-15
-2
2668
-973
3057
606351
-1
-13
-3
2692
-934
2990
599168
-5
-9
0
2654
-933
3000
600193
7
-17
-6
2648
-893
3105
601218
8
-26
-1
2642
-921
3105
602243
4
-33
2
2648
-876
3051
603268
-51
-32
-5
2685
-889
2991
604293
-54
-28
-2
2669
-965
3005
605318
-5
-33
7
2643
-974
3043
606343
17
-37
8
2668
-957
3022
607368
17
-29
10
2691
-902
2964
608393
-2
-20
9
2683
-899
2980
609418
-3
-13
6
2671
-943
3024
610443
17
-10
10
2675
-950
3008
611468
30
-5
13
2686
-900
3001
612493
10
-5
5
2695
-889
3021
613518
-12
-2
0
2668
-937
3018
614543
-2
-7
3
2649
-941
3033
607359
5
-15
4
2670
-939
3054
608384
9
-16
4
2657
-943
3023
609409
17
-13
14
2652
-911
3016
610434
-16
-15
10
2676
-938
3038
611459
-45
-16
-5
2699
-988
3006
612484
-3
-3
-6
2708
-949
2952
613509
24
26
-15
2756
-783
2935
614534
-136
76
-4
2739
-763
2959
615559
-449
96
-10
2678
-959
3072
616584
-362
57
-57
2371
-1167
3534
617609
307
-51
-34
2662
-1468
3176
618634
388
-22
123
2779
-377
2652
619659
-114
58
165
2651
-694
2274
620684
-381
148
132
2877
-974
2805
621709
-273
49
158
2530
-1105
3707
622734
-246
-174
59
2433
-1390
3822
615552
-164
-252
-45
2620
-910
3070
616577
-250
-180
-17
2625
-758
2705
617602
-338
-72
4
2636
-1065
2734
618627
-175
-22
23
2710
-1190
2877
619652
46
-33
48
2721
-1178
2934
620677
131
-43
43
2752
-1079
2892
621702
131
-13
32
2773
-1084
2777
622727
173
8
29
2724
-1158
2817
623752
137
18
10
2705
-1058
3005
624777
-31
18
-24
2683
-1074
3072
625802
-64
-6
-45
2645
-1179
3075
626827
42
-29
-36
2640
-1028
3065
627852
46
-16
-32
2670
-1013
2936
628877
30
12
-28
2671
-1039
2884
629902
52
6
-22
2691
-938
3048
630927
44
-19
3
2684
-982
3064
623744
65
-38
27
2684
-978
2965
624769
78
-32
45
2680
-960
2949
625794
10
-20
23
2698
-1038
2963
626819
-10
-16
14
2699
-1058
2969
627844
25
-23
26
2687
-1078
2961
628869
38
-14
20
2692
-1079
2931
629894
30
-9
7
2717
-1033
2956
630919
2
-13
-2
2704
-1026
2994
631944
-2
-20
-8
2675
-1044
3001
632969
31
-21
-2
2665
-1006
2985
633994
46
-17
10
2694
-997
2933
635019
34
-13
12
2722
-944
2949
636044
0
-13
12
2699
-986
2955
637069
-3
-9
21
2671
-1071
2904
638094
36
-2
13
2694
-1038
2987
639119
33
-2
4
2711
-1014
3033
631935
18
-12
3
2700
-1047
2973
632960
-10
-10
2
2691
-1013
2909
633985
-26
-2
2
2709
-1040
2931
635010
11
6
13
2711
-1001
2983
636035
20
-1
16
2706
-968
3019
637060
-11
-4
10
2701
-985
2971
638085
-24
4
6
2693
-1039
2924
639110
7
2
1
2677
-1049
3008
640135
17
-5
7
2683
-1032
2990
641160
16
-7
10
2681
-1031
2973
642185
7
-13
1
2709
-973
2995
643210
-27
-19
-3
2692
-1014
2987
644235
-8
-20
-1
2676
-1032
2952
645260
11
-13
2
2693
-994
2932
646285
-4
-5
1
2716
-1021
2952
647310
-2
-2
0
2710
-1033
2978
640128
14
0
1
2687
-1027
2979
641153
20
1
2
2705
-995
2974
642178
6
7
4
2714
-1017
2947
643203
1
8
-1
2697
-1024
2962
644228
6
3
-4
2696
-1040
2985
645253
14
11
1
2705
-1027
2929
646278
27
13
5
2693
-972
2966
647303
-6
5
-6
2699
-973
3023
648328
-16
1
-7
2681
-1051
2985
649353
20
1
-4
2670
-1003
2972
650378
14
-2
-3
2707
-952
2981
651403
-15
2
1
2707
-996
2977
652428
-22
6
3
2676
-1020
2974
653453
-11
10
-4
2691
-1007
2993
654478
-32
51
-13
2747
-866
2925
655503
-179
89
-49
2752
-833
2972
648320
-397
71
-68
2686
-1207
3124
649345
-153
-81
-62
2295
-1411
3578
650370
422
-148
-81
2775
-1558
2920
651395
414
12
66
2821
-459
2476
652420
99
164
140
2818
-589
2022
653445
116
264
229
2899
-961
2239
654470
124
193
209
2631
-962
3788
655495
-322
-36
6
2510
-1142
4117
656520
-284
-165
-68
2510
-1332
3237
657545
-58
-143
-35
2487
-848
2822
658570
-184
-68
-30
2622
-871
2869
659595
-247
-11
-2
2672
-1210
2916
660620
-51
1
17
2705
-1231
2913
661645
117
8
24
2757
-972
2925
662670
66
4
19
2749
-939
2961
663695
2
-1
23
2657
-1028
2984
656511
17
-12
17
2620
-1055
3060
657536
-13
-20
-8
2659
-1087
3062
658561
-17
-22
-19
2672
-1095
2972
659586
16
-9
-11
2679
-1085
2885
660611
40
-1
-5
2675
-1034
2969
661636
14
-4
0
2670
-1007
3003
662661
-18
-11
-4
2664
-1057
3000
663686
-13
-11
-11
2691
-1062
2980
664711
36
-6
-3
2657
-1073
2959
665736
57
-7
-7
2674
-998
2969
666761
13
-4
-3
2704
-970
2965
667786
-21
0
2
2676
-1059
2957
668811
-4
1
-5
2679
-1070
2983
669836
24
4
-5
2661
-1061
3002
670861
30
-6
-5
2662
-979
3027
671886
-15
-13
4
2691
-962
2998
664704
-25
-13
10
2669
-1079
2979
665729
14
-17
6
2680
-1015
3003
666754
11
-19
11
2665
-1054
2997
667779
15
-21
10
2645
-1046
2990
668804
12
-23
12
2697
-1015
2983
669829
5
-28
5
2706
-1051
3039
670854
10
-32
1
2660
-1062
2985
671879
19
-25
2
2657
-986
2910
672904
-3
-26
7
2741
-950
2945
673929
-50
-22
1
2760
-983
2945
674954
-44
-15
5
2708
-1016
2903
675979
-7
-5
16
2676
-1035
2896
677004
14
16
22
2677
-1044
2909
678029
20
27
27
2683
-1030
2976
679054
-4
26
33
2670
-1022
2991
680079
-24
24
38
2665
-1097
2982
672896
6
18
30
2673
-1075
3016
673921
21
9
19
2674
-1050
3035
674946
21
3
15
2653
-1070
3021
675971
19
-5
17
2668
-1029
2990
676996
-12
-10
14
2688
-1021
2975
678021
-20
-15
14
2683
-1054
2989
679046
5
-21
14
2673
-1063
2981
680071
23
-22
16
2666
-1044
2963
681096
21
-12
22
2660
-1044
2954
682121
14
-8
21
2670
-1054
2987
683146
6
-5
18
2696
-1053
2961
684171
5
0
16
2666
-1061
2965
685196
7
-2
10
2655
-1061
2979
686221
19
-3
8
2686
-1078
3000
687246
24
-9
8
2690
-1012
2993
688271
-17
-13
4
2687
-1022
2957
681088
-28
-8
1
2691
-1087
2955
682113
16
-6
6
2664
-1052
2982
683138
21
-8
7
2690
-994
2970
684163
-21
5
2
2721
-1023
2947
685188
-28
21
2
2668
-1058
2944
686213
-14
17
0
2647
-1050
2975
687238
-8
24
-4
2703
-1020
3018
688263
-41
67
-5
2732
-958
2928
689288
-210
101
-10
2681
-872
2965
690313
-288
76
-39
2673
-1342
3023
691338
5
-26
-42
2348
-1344
3443
692363
236
-125
-111
2760
-1377
2987
693388
231
27
12
2901
-703
2526
694413
-63
197
124
2706
-727
2139
695438
-201
209
151
2748
-957
2937
696463
-361
83
73
2503
-1169
4022
689280
-517
-120
-74
2444
-1514
3563
690305
-166
-161
-77
2599
-1248
2712
691330
-5
-88
-15
2593
-761
2731
692355
-187
-24
5
2706
-1011
2950
693380
-156
8
22
2685
-1276
2982
694405
81
-10
41
2648
-1233
2925
695430
167
-22
21
2700
-1078
2934
696455
79
-13
1
2709
-1067
2961
697480
2
-10
2
2651
-1102
2940
698505
23
2
13
2660
-1151
2935
699530
44
7
5
2660
-1155
2983
700555
18
-1
-9
2668
-1125
2993
701580
9
-1
-11
2670
-1157
2962
702605
42
11
-6
2644
-1136
2940
703630
61
14
-8
2632
-1130
2967
704655
49
10
-15
2677
-1121
2982
697471
54
0
-11
2671
-1103
2997
698496
54
-9
-5
2660
-1028
3017
699521
41
-18
-2
2625
-1088
3024
700546
16
-11
-7
2646
-1130
2936
701571
27
4
-8
2676
-1127
2932
702596
43
-2
-12
2695
-1061
3005
703621
19
-9
-3
2676
-1055
2991
704646
21
-6
4
2623
-1110
2996
705671
53
-8
2
2624
-1083
3029
706696
35
-10
3
2659
-1080
2994
707721
18
-17
2
2677
-1058
3016
708746
-5
-30
1
2659
-1044
3023
709771
-8
-40
10
2640
-1102
2990
710796
17
-41
15
2653
-1103
2969
711821
21
-38
10
2686
-1063
2966
712846
4
-36
6
2694
-1052
2978
705903
-6
-35
10
2665
-1106
2961
706928
3
-37
10
2650
-1075
2970
707953
-3
-36
9
2678
-1082
2976
708978
-7
-33
7
2694
-1095
2949
710003
3
-26
11
2688
-1082
2913
711028
9
-18
13
2704
-1110
2921
712053
13
-12
12
2697
-1081
2955
713078
0
-11
10
2664
-1110
2959
714103
-4
-11
9
2686
-1108
2941
715128
20
-9
13
2673
-1136
2972
716153
18
-13
-1
2687
-1065
2992
717178
-18
-19
-5
2697
-1097
2967
718203
-10
-17
-4
2673
-1123
2929
719228
21
-15
-8
2672
-1065
2970
720253
19
-16
-8
2689
-1054
2982
721278
14
-16
0
2691
-1072
2939
713857
0
-17
-1
2693
-1061
2939
714882
0
-20
-4
2688
-1082
2981
715907
29
-20
2
2679
-1083
2961
716932
29
-18
4
2695
-1009
2970
717957
-13
-16
8
2715
-1022
2950
718982
-30
-11
6
2693
-1075
2940
720007
-7
-11
10
2681
-1074
2952
721032
6
-11
17
2697
-1077
2937
722057
-4
-3
22
2700
-1077
2915
723082
-25
0
17
2721
-1068
2925
724107
-30
4
15
2696
-1120
2925
725132
5
9
12
2677
-1128
2945
726157
21
9
6
2697
-1082
2959
727182
-9
12
0
2702
-1092
2949
728207
-15
16
-2
2681
-1115
2953
729232
15
23
-1
2674
-1115
2953
722049
25
24
-4
2665
-1071
2975
723074
-14
3
-8
2690
-1048
3031
724099
-37
-10
-3
2669
-1109
2992
725124
4
-23
1
2650
-1060
3002
726149
20
-31
5
2680
-1066
2978
727174
12
-26
10
2690
-1054
2937
728199
-9
-19
11
2700
-1040
3003
729224
-43
3
7
2722
-1099
2980
730249
-60
39
-23
2754
-896
2978
731274
-181
44
27
2641
-968
3047
732299
-178
-113
-30
2254
-1320
3566
733324
283
-199
-107
2911
-1603
3001
734349
331
-38
93
2850
-624
2312
735374
11
167
172
2810
-811
1768
736399
-49
252
217
2962
-1133
2367
737424
-134
176
167
2707
-1169
3708
730241
-465
-27
-22
2496
-1460
3814
731266
-139
-139
-76
2465
-1462
3112
732291
142
-112
-52
2507
-982
2800
733316
-3
-36
-58
2619
-1022
2735
734341
-69
9
-48
2687
-1214
2916
735366
10
12
-26
2722
-1199
3008
736391
77
10
-5
2722
-1027
2955
737416
81
12
25
2701
-966
2958
738441
41
2
17
2695
-1055
3022
739466
-3
3
-2
2691
-1150
2943
740491
0
-3
-10
2667
-1180
2943
741516
7
-19
-19
2677
-1101
3004
742541
-11
-36
-9
2670
-1058
3014
743566
-16
-39
1
2645
-1125
2982
744591
12
-35
0
2641
-1112
2961
745616
20
-21
1
2712
-1058
2910
738433
28
3
20
2725
-1094
2887
739458
8
-2
17
2688
-1135
2957
740483
-26
-20
-2
2704
-1179
2975
741508
15
-25
-9
2695
-1167
2938
742533
39
-17
-12
2663
-1078
2929
743558
0
-14
-18
2685
-1101
2959
744583
-20
-11
-25
2705
-1154
2958
745608
1
-14
-21
2682
-1115
2932
746633
10
-17
-23
2709
-1067
2939
747658
6
-16
-24
2697
-1079
2952
748683
-10
-17
-21
2693
-1072
2937
749708
-17
-10
-14
2709
-1092
2926
750733
-9
-2
-10
2700
-1069
2921
751758
-9
4
-6
2690
-1100
2904
752783
26
3
-5
2711
-1086
2951
753808
25
4
-4
2717
-1078
2947
746623
3
9
-4
2695
-1081
2932
747648
4
12
-2
2682
-1080
2960
748673
18
1
2
2691
-1052
2977
749698
9
-9
2
2705
-1056
2970
750723
-9
-15
-2
2692
-1072
2986
751748
-12
-21
-2
2690
-1091
2967
752773
13
-17
12
2694
-1068
2921
753798
18
-14
28
2675
-1042
2948
754823
-20
-14
25
2701
-1095
2970
755848
-23
-14
18
2701
-1146
2961
756873
10
-14
17
2678
-1121
2920
757898
6
-14
14
2706
-1097
2918
758923
-17
-10
12
2718
-1120
2927
759948
-16
-5
10
2701
-1139
2910
760973
26
-5
5
2697
-1088
2955
761998
32
-12
0
2714
-1043
2967
754816
0
-10
1
2698
-1068
2920
755841
-13
-4
2
2703
-1062
2934
756866
-6
-5
6
2696
-1099
2956
757891
18
-6
13
2681
-1092
2941
758916
12
-11
11
2695
-1056
2961
759941
-15
-16
8
2701
-1112
2965
760966
0
-17
6
2708
-1106
2925
761991
18
-19
11
2710
-1097
2918
763016
19
-13
10
2707
-1081
2924
764041
-2
-11
7
2708
-1097
2915
765066
-7
-5
7
2690
-1138
2917
766091
29
1
5
2702
-1098
2938
767116
19
-1
-1
2722
-1066
2944
768141
-20
7
-4
2710
-1078
2913
769166
-28
10
-5
2704
-1124
2914
770191
1
8
-4
2700
-1088
2956
763008
11
4
1
2692
-1075
2945
764033
1
3
1
2702
-1076
2928
765058
-13
10
0
2725
-1090
2919
766083
1
18
2
2687
-1112
2955
767108
18
7
-1
2679
-1062
2975
768133
-1
-1
-4
2705
-1076
2951
769158
-3
-2
-2
2713
-1063
2935
770183
-6
1
-1
2699
-1081
2944
771208
11
5
3
2687
-1104
2944
772233
21
-2
2
2686
-1048
2981
773258
-16
13
-4
2743
-1024
2937
774283
-56
69
11
2721
-962
2774
775308
-222
86
-21
2733
-919
3025
776333
-450
83
-46
2717
-1525
3002
777358
104
-56
-52
2307
-1544
3289
778383
653
-123
-33
2863
-1104
2977
771200
186
-60
10
2736
-378
2787
772225
-316
53
30
2798
-1024
2550
773250
-138
186
137
2788
-1381
2470
774275
194
159
166
2690
-1071
3025
775300
-50
28
50
2633
-940
3626
776325
-350
-66
-57
2557
-1354
3293
777350
-75
-81
-29
2536
-1281
2845
778375
127
-58
5
2627
-1014
2781
779400
37
-28
-8
2749
-1001
2893
780425
-26
-6
7
2700
-1116
2986
781450
40
-9
22
2694
-1150
3013
782475
94
-25
17
2690
-1041
3000
783500
30
-25
15
2676
-1009
2930
784525
-45
-3
17
2697
-1168
2860
785550
6
6
18
2699
-1185
2953
786575
48
-8
17
2670
-1111
3016
779392
0
-24
4
2670
-1137
2978
780417
-31
-19
-13
2707
-1189
2870
781442
11
-4
-17
2665
-1138
2908
782467
20
-5
-24
2694
-1076
2966
783492
-4
0
-14
2718
-1094
2956
784517
-5
1
-6
2676
-1060
2945
785542
-26
0
-12
2691
-1069
2971
786567
-19
6
-13
2691
-1143
2972
787592
33
14
-6
2675
-1107
2912
788617
35
9
-4
2698
-1023
2955
789642
-16
3
-3
2701
-1079
2998
790667
-9
-3
-1
2665
-1142
3003
791692
29
-7
1
2658
-1098
2967
792717
34
-14
-4
2684
-1067
2986
793742
6
-19
-5
2707
-1065
2975
794767
-9
-18
-2
2694
-1108
2943
787584
10
-20
-4
2683
-1109
2931
788609
14
-20
-5
2685
-1075
2977
789634
-4
-19
-3
2663
-1107
2970
790659
6
-16
4
2670
-1108
2922
791684
28
-5
10
2700
-1086
2906
792709
22
-6
8
2707
-1057
2968
793734
-12
-14
0
2715
-1080
2962
794759
-11
-14
0
2686
-1118
2938
795784
25
-13
3
2670
-1070
2972
796809
15
-9
6
2692
-1075
2972
797834
3
-10
0
2699
-1068
2957
798859
-28
-11
-4
2703
-1085
2928
799884
-14
-13
-3
2684
-1129
2949
800909
36
-16
1
2697
-1049
2961
801934
16
-14
4
2711
-1026
2943
802959
-28
-7
-2
2705
-1071
2930
795776
-19
-6
-2
2688
-1110
2917
796801
12
4
6
2703
-1106
2882
797826
31
13
13
2708
-1089
2961
798851
12
9
6
2697
-1068
3002
799876
-14
4
-2
2690
-1111
2950
800901
3
2
-3
2673
-1093
2964
801926
-5
-5
-10
2689
-1051
2979
802951
-14
-6
-4
2704
-1098
2927
803976
13
-2
0
2679
-1081
2955
805001
15
-7
1
2686
-1034
2993
806026
0
-11
2
2694
-1078
2964
807051
1
-11
9
2696
-1075
2937
808076
-9
-15
5
2694
-1086
2945
809101
8
-13
6
2701
-1126
2946
810126
35
-15
7
2680
-1064
2960
811151
-1
-17
2
2714
-1035
2957
803968
-33
-12
-1
2716
-1113
2902
804993
1
-3
-3
2695
-1092
2917
806018
26
-8
-1
2692
-1034
2979
807043
3
-10
1
2701
-1046
2980
808068
-19
-13
-2
2692
-1082
2949
809093
-17
-10
-1
2702
-1093
2915
810118
9
-1
9
2706
-1080
2908
811143
19
-1
13
2696
-1013
2969
812168
-19
-8
9
2708
-1060
2975
813193
-24
-10
5
2713
-1080
2926
814218
-12
-2
12
2694
-1075
2912
815243
3
3
17
2679
-1074
2962
816268
-4
1
21
2681
-1088
2966
817293
-17
1
21
2690
-1108
2945
818318
-12
8
18
2688
-1112
2935
819343
-8
8
11
2701
-1122
2941
812159
-15
7
1
2717
-1100
2949
813184
-6
-1
-6
2682
-1101
3016
814209
9
1
-17
2695
-1129
3015
815234
-10
4
-4
2700
-1079
3042
816259
-205
5
-47
2714
-1079
3092
817284
-232
65
-64
2665
-963
2747
818309
-143
-16
-45
2399
-908
3066
819334
-5
-88
-112
2943
-1620
2923
820359
36
-16
-2
2805
-807
2747
821384
-217
35
31
2728
-915
2601
822409
-321
111
46
2792
-1257
2652
823434
-110
134
77
2709
-1368
2937
824459
35
43
72
2622
-937
3405
825484
-211
-66
14
2555
-1105
3270
826509
-184
-78
-3
2600
-1487
2776
827534
148
-52
15
2656
-1201
2702
820352
191
-30
7
2798
-961
2925
821377
9
-2
16
2739
-1116
3030
822402
-16
-13
31
2639
-1257
3016
823427
67
-28
18
2665
-1209
2935
824452
53
-19
-1
2700
-1072
2879
825477
-34
0
3
2706
-1077
2890
826502
-25
-6
22
2706
-1214
2887
827527
58
-9
17
2705
-1251
2914
828552
96
-14
3
2707
-1079
2959
829577
20
-17
-2
2710
-1040
2987
830602
-59
-20
-13
2672
-1096
2981
831627
-87
-13
-22
2652
-1123
2928
832652
-55
-31
-21
2672
-1237
2945
833677
1
-24
-16
2733
-1199
2857
834702
39
27
14
2738
-1155
2681
835727
57
54
19
2725
-1156
2814
828544
10
38
-6
2692
-1142
3092
829569
-43
-8
-20
2641
-1138
3190
830594
-18
-47
-18
2654
-1165
3008
831619
35
-34
-4
2665
-1140
2842
832644
50
-16
-10
2701
-1076
2867
833669
18
-4
-3
2744
-1108
2882
834694
27
4
7
2717
-1140
2906
835719
43
1
9
2700
-1112
2933
836744
25
-5
4
2692
-1155
2958
837769
14
-6
-4
2698
-1169
2922
838794
22
1
-7
2692
-1170
2911
839819
46
-2
-9
2681
-1114
2965
840844
26
-10
-12
2710
-1067
2959
841869
-8
-14
-8
2697
-1117
2920
842894
7
-11
-5
2693
-1125
2942
843919
38
-8
-7
2709
-1077
2970
836735
20
-7
-7
2696
-1064
2947
837760
-1
-11
-1
2703
-1122
2900
838785
3
-3
1
2734
-1148
2861
839810
18
-1
1
2723
-1106
2890
840835
12
-1
0
2714
-1099
2938
841860
4
3
1
2707
-1135
2931
842885
7
8
-1
2706
-1125
2882
843910
13
12
-5
2706
-1108
2916
844935
11
9
-11
2704
-1077
2978
845960
-13
6
-5
2682
-1092
2950
846985
-11
8
1
2695
-1098
2920
848010
5
13
7
2693
-1098
2925
849035
15
14
12
2695
-1082
2951
850060
1
13
13
2708
-1096
2947
851085
-14
14
11
2709
-1142
2928
852110
11
13
7
2699
-1147
2932
844928
24
5
1
2690
-1101
2957
845953
6
-4
-4
2681
-1131
2961
846978
13
4
-4
2680
-1143
2964
848003
30
0
-1
2681
-1135
2959
849028
29
-7
-8
2709
-1056
2953
850053
10
-9
-3
2700
-1074
2960
851078
7
-7
-5
2669
-1120
2949
852103
47
-10
-3
2691
-1063
2949
853128
41
-12
0
2707
-1070
2948
854153
20
-11
1
2689
-1081
2947
855178
8
-8
6
2683
-1078
2946
856203
10
-4
7
2701
-1107
2943
857228
25
-6
8
2702
-1077
2949
858253
17
-10
6
2706
-1060
2964
859278
4
-11
3
2703
-1067
2948
860303
3
-2
3
2698
-1080
2901
853120
8
4
7
2689
-1092
2924
854145
12
2
11
2720
-1057
2950
855170
5
5
17
2710
-1091
2942
856195
14
11
13
2691
-1115
2943
857220
28
15
6
2680
-1107
2952
858245
29
13
2
2697
-1095
2954
859270
22
8
4
2694
-1078
2970
860295
4
0
2
2678
-1093
2971
861320
18
-3
2
2672
-1089
2981
862345
35
-7
3
2678
-1070
2982
863370
24
-7
7
2703
-1032
2960
864395
4
-11
9
2700
-1041
2966
865420
-7
-17
10
2666
-1075
2974
866445
4
-19
15
2656
-1099
2951
867470
27
-17
26
2711
-1048
2936
868495
17
-12
31
2738
-1059
2911
861314
0
-6
26
2707
-1105
2936
862339
12
-10
6
2681
-1134
3021
863364
46
-3
-17
2716
-1129
3036
864389
-107
-14
28
2666
-886
3139
865414
-419
-29
-37
2663
-1382
2964
866439
105
-24
-23
2563
-1308
2782
867464
592
-51
11
2682
-844
2780
868489
254
54
32
2994
-807
2828
869514
-215
95
74
2717
-887
3028
870539
-304
38
78
2642
-1226
3108
871564
-153
-26
97
2580
-1061
3046
872589
-161
-49
65
2551
-1318
2755
873614
62
-74
1
2718
-1240
2925
874639
84
-67
-19
2829
-915
3015
875664
-66
-29
21
2655
-1045
2971
876689
-59
4
24
2671
-1173
2862
869504
55
24
9
2711
-1131
2835
870529
73
30
3
2711
-1055
2932
871554
25
33
3
2727
-1095
2919
872579
44
22
2
2684
-1116
2984
873604
40
1
-2
2644
-1093
3047
874629
-25
3
6
2679
-1100
2990
875654
-23
0
18
2654
-1152
2966
876679
-10
-13
2
2675
-1129
2981
877704
4
-28
-2
2690
-1105
3002
878729
1
-38
-1
2693
-1096
2967
879754
-7
-27
0
2692
-1120
2870
880779
24
-15
4
2716
-1108
2877
881804
34
0
9
2708
-1062
2964
882829
17
-9
11
2667
-1063
3022
883854
-6
-19
7
2679
-1119
2964
884879
14
-25
8
2696
-1115
2925
877696
22
-29
5
2701
-1064
2947
878721
-9
-34
2
2680
-1062
3001
879746
-31
-41
3
2691
-1164
2964
880771
12
-36
4
2699
-1121
2892
881796
26
-29
6
2714
-1037
2915
882821
-11
-24
12
2720
-1093
2916
883846
7
-20
24
2688
-1127
2913
884871
41
-26
30
2696
-1036
2962
885896
3
-36
24
2721
-1105
2952
886921
-22
-39
21
2717
-1142
2912
887946
9
-33
20
2713
-1144
2904
888971
41
-25
16
2742
-1075
2932
889996
2
-25
7
2727
-1065
2926
891021
-45
-19
-3
2716
-1131
2888
892046
-19
-16
-12
2708
-1155
2927
893071
19
-14
-9
2734
-1111
2891
885888
23
-3
3
2730
-1069
2890
886913
6
2
-5
2737
-1076
2924
887938
-11
1
-9
2721
-1094
2935
888963
1
-5
-4
2692
-1109
2945
889988
21
-10
-1
2695
-1091
2931
891013
7
-13
-5
2708
-1105
2943
892038
-1
-10
-6
2716
-1113
2922
893063
7
0
1
2705
-1112
2896
894088
11
-3
1
2740
-1069
2926
895113
-9
-9
-6
2740
-1097
2939
896138
0
-14
-11
2714
-1106
2924
897163
3
-8
-7
2708
-1064
2888
898188
-1
-3
-2
2704
-1081
2908
899213
0
-5
2
2713
-1079
2927
900238
-2
0
10
2731
-1088
2903
901263
2
4
9
2746
-1071
2887
894080
-8
13
14
2735
-1076
2890
895105
6
15
12
2721
-1128
2947
896130
23
9
6
2708
-1079
2949
897155
2
5
7
2696
-1063
2907
898180
-21
9
8
2738
-1084
2904
899205
-8
14
12
2719
-1138
2949
900230
38
11
13
2690
-1097
2964
901255
20
3
10
2702
-1075
2952
902280
-14
2
5
2716
-1095
2910
903305
-23
4
3
2717
-1122
2916
904330
13
1
1
2700
-1086
2968
905355
26
0
6
2681
-1049
2940
906380
-1
5
9
2712
-1079
2906
907405
-8
10
13
2754
-1079
2879
908430
12
14
13
2722
-1064
2934
909455
21
8
8
2701
-1051
2996
902271
27
-1
20
2678
-1074
2969
903296
32
-5
26
2699
-1072
2923
904321
13
-1
32
2708
-1082
2933
905346
35
-6
44
2663
-1098
3045
906371
79
-31
57
2662
-1034
3113
907396
50
-61
58
2699
-1016
3041
908421
-1
-81
62
2692
-1061
2950
909446
-23
-90
64
2707
-1138
2930
910471
12
-96
68
2710
-1158
2951
911496
28
-96
62
2697
-1141
2877
912521
-9
-85
41
2754
-1129
2813
913546
-28
-64
19
2797
-1188
2839
914571
4
-52
11
2744
-1181
2831
915596
6
-39
3
2747
-1101
2804
916621
-32
-19
-6
2762
-1120
2820
917646
-41
-1
-8
2733
-1109
2855
910464
-11
13
4
2733
-1120
2851
911489
13
13
16
2728
-1059
2898
912514
-23
9
13
2743
-1068
2928
913539
-68
15
-4
2761
-1153
2932
914564
-76
38
-24
2763
-1128
2875
915589
-225
112
-18
2842
-688
2709
916614
-718
149
16
2745
-928
2833
917639
-1157
116
-74
2736
-1690
3056
918664
-840
43
-133
2411
-1482
3284
919689
-307
-89
-100
2702
-1273
2972
920714
-396
-26
-23
2825
-1170
2583
921739
-586
88
19
2747
-1144
2577
922764
-515
147
69
2750
-1323
2681
923789
-88
58
166
2589
-1546
3031
924814
100
-175
111
2529
-1359
3502
925839
-83
-254
16
2781
-1446
2980
918866
-157
-182
28
2687
-1355
2501
919891
-151
-109
49
2676
-1349
2499
920916
-113
-63
64
2814
-1438
2663
921941
49
-68
115
2746
-1399
2787
922966
120
-76
131
2742
-1401
2724
923991
110
-64
112
2783
-1436
2688
925016
74
-29
87
2800
-1454
2650
926041
53
-5
75
2761
-1474
2675
927066
19
-7
47
2775
-1477
2745
928091
-26
-10
20
2736
-1524
2780
929116
-12
3
2
2699
-1553
2688
930141
37
23
6
2677
-1541
2696
931166
53
37
-1
2712
-1511
2754
932191
35
46
-9
2740
-1486
2792
933216
34
34
-26
2751
-1386
2846
934241
78
5
-27
2736
-1433
2833
926848
132
-4
-22
2723
-1404
2762
927873
155
5
-15
2703
-1357
2728
928898
143
10
-16
2744
-1368
2783
929923
89
9
-29
2724
-1339
2863
930948
77
-3
-20
2709
-1366
2878
931973
108
-7
0
2703
-1360
2816
932998
89
-8
-5
2734
-1345
2773
934023
28
-1
-21
2755
-1342
2798
935048
33
-6
-13
2705
-1372
2852
936073
114
-17
19
2705
-1378
2819
937098
184
-27
31
2725
-1292
2842
938123
113
-37
20
2743
-1235
2875
939148
-3
-36
14
2748
-1348
2813
940173
-19
-29
16
2698
-1371
2814
941198
2
-36
19
2702
-1352
2827
942223
10
-41
7
2762
-1413
2790
935040
22
-34
-1
2780
-1360
2745
936065
-6
-25
-14
2742
-1346
2737
937090
-15
-13
-11
2739
-1381
2735
938115
19
-4
-7
2756
-1339
2784
939140
8
0
-13
2751
-1293
2799
940165
-14
0
-20
2725
-1317
2812
941190
-16
0
-15
2765
-1313
2807
942215
0
6
1
2739
-1344
2768
943240
6
8
-6
2742
-1320
2773
944265
-22
7
-13
2766
-1320
2822
945290
-20
1
-13
2739
-1367
2852
946315
-3
-6
-11
2706
-1332
2816
947340
-9
-3
-11
2739
-1316
2777
948365
-5
1
-8
2771
-1285
2823
949390
-15
-1
-1
2747
-1315
2816
950415
-5
-6
5
2746
-1305
2793
943232
-7
-7
6
2759
-1324
2799
944257
-14
-1
1
2752
-1369
2798
945282
16
1
4
2710
-1385
2831
946307
36
-7
3
2713
-1350
2857
947332
21
-15
-2
2746
-1327
2825
948357
-3
-15
-3
2760
-1328
2772
949382
-8
-16
-3
2734
-1327
2796
950407
7
-20
3
2735
-1316
2787
951432
8
-18
5
2768
-1314
2779
952457
-10
-8
2
2781
-1304
2748
953482
-4
2
8
2768
-1330
2769
954507
21
4
5
2756
-1341
2783
955532
36
2
3
2741
-1300
2789
956557
22
6
7
2734
-1306
2789
957582
-8
11
5
2754
-1329
2803
958607
-5
12
12
2726
-1355
2819
951424
17
13
16
2694
-1369
2804
952449
37
15
21
2732
-1281
2820
953474
15
14
25
2766
-1286
2857
954499
-11
12
14
2761
-1333
2844
955524
14
6
8
2747
-1370
2800
956549
50
-3
9
2731
-1328
2801
957574
33
-9
7
2729
-1313
2825
958599
1
-7
2
2713
-1350
2853
959624
16
-8
0
2717
-1381
2829
960649
37
-8
-8
2730
-1354
2818
961674
22
-10
-14
2735
-1339
2816
962699
-3
-11
-24
2749
-1335
2803
963724
-2
-8
-33
2748
-1325
2801
964749
17
-10
-35
2753
-1302
2805
965774
3
-7
-37
2753
-1286
2770
966799
-10
4
-36
2762
-1271
2784
959616
-12
13
-39
2755
-1298
2815
960641
1
14
-32
2736
-1281
2804
961666
2
14
-21
2740
-1250
2777
962691
-17
26
-15
2762
-1248
2789
963716
-34
49
-8
2807
-1230
2826
964741
-33
74
12
2734
-1179
2839
965766
-36
43
24
2677
-1256
2835
966791
-78
31
11
2742
-1330
2792
967816
-52
45
23
2775
-1279
2808
968841
-65
103
12
2822
-1039
2896
969866
-354
188
40
2801
-659
2709
970891
-799
149
68
2353
-1283
3157
971916
-341
-60
-43
2441
-2990
3381
972941
646
-12
45
2952
-1727
2768
973966
679
-51
190
2572
-549
2210
974991
-154
-6
39
2862
-1414
2169
967808
-122
79
45
2958
-1930
2518
968833
130
84
22
2608
-1535
3082
969858
83
-54
-68
2518
-1211
3605
970883
-125
-144
-141
2693
-1258
3207
971908
-104
-120
-102
2583
-1192
2726
972933
-105
-51
-69
2625
-1101
2684
973958
-123
-6
-45
2784
-1343
2811
974983
2
-4
-8
2759
-1434
2804
976008
78
-27
0
2760
-1228
2772
977033
30
-23
3
2805
-1210
2783
978058
-10
-4
11
2696
-1327
2835
979083
0
-5
4
2671
-1317
2850
980108
32
-3
17
2747
-1349
2763
981133
49
13
16
2769
-1364
2764
982158
28
11
9
2735
-1324
2820
983183
-3
6
6
2723
-1361
2823
976000
5
3
6
2696
-1424
2826
977025
12
3
-17
2697
-1401
2844
978050
6
-7
-32
2715
-1345
2885
979075
-15
-18
-32
2708
-1370
2889
980100
-6
-16
-33
2687
-1372
2834
981125
20
-17
-37
2707
-1338
2841
982150
9
-23
-39
2733
-1338
2846
983175
2
-33
-44
2727
-1327
2839
984200
2
-34
-39
2720
-1291
2806
985225
27
-39
-26
2692
-1318
2886
986250
44
-52
-20
2727
-1346
2874
987275
58
-45
-10
2783
-1212
2771
988300
41
-49
-7
2797
-1184
2796
989325
-22
-57
-21
2764
-1248
2822
990350
-9
-56
-10
2734
-1298
2765
991375
27
-46
9
2731
-1250
2777
984192
7
-35
13
2774
-1256
2744
985217
-9
-19
15
2806
-1292
2718
986242
-3
-3
22
2778
-1320
2736
987267
8
6
13
2753
-1340
2772
988292
13
13
2
2760
-1347
2796
989317
28
16
0
2758
-1323
2795
990342
18
17
-5
2753
-1305
2800
991367
-7
16
-17
2748
-1318
2821
992392
-10
8
-19
2720
-1325
2849
993417
19
5
-14
2724
-1330
2811
994442
36
7
-9
2759
-1262
2772
995467
5
16
-5
2768
-1238
2808
996492
-19
9
-4
2737
-1273
2872
997517
-7
-3
3
2729
-1314
2853
998542
20
-6
6
2732
-1280
2805
999567
-11
-3
-5
2797
-1268
2812
992384
-26
11
-13
2888
-1328
2844
993409
4
10
15
2535
-1313
2745
994434
-11
-6
-8
2687
-1233
2775
995459
-32
8
-16
2950
-1364
2916
996484
0
11
9
2665
-1306
2791
997509
-18
1
3
2627
-1250
2690
998534
-28
15
-15
2909
-1352
2845
999559
18
27
1
2758
-1318
2836
1000584
14
20
-7
2632
-1230
2786
1001609
-6
14
-16
2808
-1276
2855
1002634
-8
22
-9
2766
-1295
2868
1003659
-17
12
-13
2668
-1267
2829
1004684
-23
0
-22
2766
-1306
2836
1005709
-2
2
-10
2754
-1248
2859
1006734
-12
-1
6
2683
-1249
2828
1007759
-20
-4
-2
2776
-1298
2838
1000577
-7
-6
3
2769
-1248
2836
1001602
-38
-8
2
2709
-1279
2802
1002627
-24
-7
-2
2756
-1314
2829
1003652
21
-7
10
2731
-1278
2824
1004677
-3
-8
18
2719
-1271
2802
1005702
-41
-9
12
2800
-1344
2792
1006727
-12
-8
17
2753
-1365
2818
1007752
9
-15
7
2697
-1345
2850
1008777
-20
-12
-15
2740
-1317
2806
1009802
-24
-1
-17
2747
-1261
2830
1010827
-32
-1
-25
2735
-1279
2834
1011852
-6
1
-30
2742
-1290
2843
1012877
29
-3
-20
2738
-1235
2834
1013902
-2
-11
-12
2752
-1220
2832
1014927
-35
-13
-1
2743
-1282
2832
1015952
-23
-16
6
2730
-1308
2828
1008768
9
-18
10
2747
-1282
2808
1009793
7
-11
14
2761
-1269
2781
1010818
-19
-4
12
2759
-1300
2801
1011843
-21
-6
5
2771
-1328
2806
1012868
8
-5
9
2751
-1319
2783
1013893
16
-5
6
2757
-1298
2803
1014918
-7
-5
0
2753
-1300
2828
1015943
-15
-4
1
2724
-1312
2817
1016968
2
1
5
2737
-1326
2789
1017993
27
2
4
2755
-1290
2810
1019018
18
-3
0
2772
-1281
2822
1020043
5
7
-2
2769
-1301
2780
1021068
-7
26
-10
2745
-1255
2790
1022093
-49
30
-19
2749
-1285
2792
1023118
-35
20
-21
2757
-1403
2848
1024143
28
11
-22
2730
-1306
2866
1016961
32
4
-13
2736
-1212
2800
1017986
-7
8
-14
2772
-1254
2795
1019011
-10
29
-10
2760
-1246
2818
1020036
-63
80
-21
2813
-1131
2852
1021061
-342
121
-56
2854
-1551
2789
1022086
-205
73
-33
2199
-1370
3673
1023111
531
-193
-129
2632
-1954
3356
1024136
955
-159
27
2902
-1468
2199
1025161
852
-73
23
2728
-1017
2143
1026186
216
83
-37
3128
-824
2260
1027211
-130
211
58
2984
-1037
2323
1028236
-65
174
81
2648
-1041
3112
1029261
-189
17
-23
2527
-897
3780
1030286
-313
-102
-116
2681
-1421
3094
1031311
-86
-58
-63
2650
-999
2596
1032336
-95
39
-27
2688
-907
2723
1025153
-140
85
12
2805
-1260
2877
1026178
22
71
66
2746
-1217
2874
1027203
62
53
77
2750
-1081
2866
1028228
-25
55
64
2742
-1235
2901
1029253
-11
64
56
2678
-1341
2936
1030278
71
55
51
2655
-1279
2984
1031303
26
27
19
2712
-1282
2998
1032328
-43
5
1
2690
-1306
2959
1033353
-27
-12
6
2663
-1266
2914
1034378
3
-28
12
2676
-1206
2953
1035403
-10
-29
12
2685
-1156
2959
1036428
-37
-27
22
2682
-1196
2909
1037453
-28
-42
19
2727
-1219
2903
1038478
-29
-52
20
2736
-1178
2897
1039503
-41
-51
25
2706
-1207
2873
1040528
-47
-36
20
2733
-1276
2810
1033344
-42
-26
16
2737
-1303
2800
1034369
-19
-21
19
2715
-1241
2853
1035394
-9
-24
24
2716
-1237
2898
1036419
-33
-26
16
2720
-1234
2878
1037444
-69
-19
2
2716
-1265
2848
1038469
-66
-19
-2
2710
-1285
2865
1039494
-57
-15
1
2735
-1282
2819
1040519
-30
-8
4
2747
-1262
2807
1041544
-45
-8
-5
2758
-1270
2829
1042569
-53
-9
-11
2704
-1280
2875
1043594
-46
-9
-15
2720
-1314
2842
1044619
-24
4
-15
2716
-1293
2800
1045644
-2
9
-12
2740
-1224
2845
1046669
-14
5
-13
2754
-1235
2861
1047694
-27
5
-14
2709
-1291
2877
1048719
-5
4
-10
2673
-1273
2866
1041536
9
3
-4
2726
-1240
2851
1042561
-10
4
-2
2762
-1231
2841
1043586
-23
0
2
2728
-1284
2873
1044611
10
-8
2
2705
-1284
2897
1045636
30
-16
7
2715
-1214
2888
1046661
-3
-17
9
2716
-1251
2837
1047686
-13
-10
8
2722
-1271
2827
1048711
-4
-7
11
2730
-1299
2865
1049736
20
-11
10
2715
-1286
2872
1050761
20
-13
8
2727
-1255
2829
1051786
-6
-4
6
2737
-1264
2792
1052811
-15
3
2
2741
-1286
2826
1053836
-6
5
0
2731
-1305
2863
1054861
3
2
-9
2700
-1299
2875
1055886
15
4
-5
2734
-1231
2816
1056911
12
13
5
2727
-1246
2828
1049728
5
9
-1
2727
-1251
2890
1050753
-8
2
-5
2710
-1277
2896
1051778
1
-3
-4
2715
-1259
2837
1052803
1
4
-2
2743
-1231
2814
1053828
-1
6
0
2727
-1247
2874
1054853
12
2
9
2697
-1248
2903
1055878
15
-4
12
2688
-1286
2904
1056903
1
-10
1
2717
-1247
2895
1057928
-21
-18
-2
2742
-1275
2850
1058953
-17
-15
-4
2735
-1288
2814
1059978
3
-12
-4
2707
-1286
2844
1061003
15
-11
-3
2710
-1244
2866
1062028
9
-12
3
2737
-1214
2850
1063053
-18
-6
-1
2751
-1245
2826
1064078
-16
-2
-6
2735
-1272
2866
1065103
6
-4
-2
2714
-1283
2844
1058032
21
-3
2
2714
-1223
2851
1059057
2
-6
8
2737
-1245
2885
1060082
-9
-5
3
2714
-1282
2871
1061107
-3
-6
-1
2719
-1276
2856
1062132
5
-13
-4
2717
-1252
2876
1063157
-8
-17
-1
2737
-1245
2843
1064182
-22
-11
6
2722
-1282
2828
1065207
0
-5
0
2712
-1291
2843
1066232
20
-5
-2
2740
-1268
2848
1067257
13
-9
-5
2743
-1235
2863
1068282
-11
-10
-7
2724
-1238
2856
1069307
-17
-6
-7
2727
-1280
2845
1070332
10
-4
-7
2735
-1244
2857
1071357
12
-7
-6
2725
-1220
2853
1072382
-6
-9
-3
2723
-1258
2837
1073407
9
-10
8
2727
-1267
2870
1066111
28
-15
14
2722
-1232
2883
1067136
8
-16
10
2748
-1222
2830
1068161
-13
-11
5
2752
-1252
2826
1069186
1
-8
7
2729
-1215
2840
1070211
-2
-9
8
2712
-1263
2858
1071236
-11
3
-6
2765
-1280
2856
1072261
-54
85
-9
2851
-1017
2673
1073286
-360
130
10
2768
-925
2785
1074311
-494
65
-22
2462
-1943
3057
1075336
182
-129
-160
2598
-2165
3196
1076361
614
-68
-45
2907
-846
2859
1077386
157
22
41
2683
-549
2417
1078411
-366
109
46
2852
-971
2563
1079436
-404
190
87
2843
-1562
2603
1080461
-33
93
137
2529
-1569
3169
1081486
-74
-101
-33
2640
-1435
3474
1074304
-14
-138
-77
2750
-1375
2693
1075329
160
-78
-8
2604
-1000
2599
1076354
-38
-6
-9
2767
-1023
2886
1077379
-133
12
37
2747
-1309
2926
1078404
-72
-3
47
2671
-1475
2788
1079429
17
-13
7
2761
-1367
2837
1080454
13
-18
8
2777
-1206
2894
1081479
-37
-19
21
2674
-1246
2868
1082504
-46
-19
8
2685
-1292
2866
1083529
-28
-26
6
2718
-1304
2891
1084554
-35
-41
7
2717
-1287
2877
1085579
-99
-35
0
2739
-1355
2777
1086604
-81
-28
-5
2727
-1422
2747
1087629
-11
-21
-12
2737
-1344
2778
1088654
24
-12
-7
2752
-1322
2749
1089679
51
-2
5
2752
-1322
2734
1082497
60
-2
-3
2731
-1278
2869
1083522
13
-13
-9
2729
-1387
2891
1084547
7
-13
-21
2718
-1338
2822
1085572
41
-12
-8
2749
-1156
2830
1086597
-8
-14
0
2733
-1248
2844
1087622
-15
-14
8
2711
-1290
2844
1088647
6
-11
14
2724
-1318
2823
1089672
20
-11
13
2758
-1319
2784
1090697
29
-9
11
2766
-1313
2779
1091722
8
-11
4
2727
-1300
2834
1092747
-16
-15
1
2713
-1351
2823
1093772
21
-21
-2
2732
-1322
2808
1094797
51
-24
4
2759
-1254
2811
1095822
7
-13
-6
2766
-1317
2779
1096847
1
4
-9
2758
-1321
2805
1097872
21
4
-2
2711
-1268
2848
1090688
5
0
4
2735
-1287
2822
1091713
10
-1
10
2736
-1273
2848
1092738
-7
-5
7
2726
-1280
2841
1093763
-19
-2
3
2741
-1339
2811
1094788
17
-5
4
2734
-1294
2835
1095813
27
-17
13
2732
-1263
2833
1096838
13
-19
12
2728
-1308
2853
1097863
11
-19
5
2719
-1290
2846
1098888
6
-21
5
2723
-1301
2831
1099913
2
-22
7
2750
-1304
2814
1100938
-6
-16
10
2763
-1334
2756
1101963
-6
4
0
2762
-1353
2738
1102988
20
10
-6
2761
-1258
2848
1104013
6
7
-1
2727
-1258
2847
1105038
-22
5
-10
2722
-1327
2790
1106063
3
6
-13
2742
-1266
2825
1098881
17
-2
-1
2741
-1251
2825
1099906
16
-10
7
2745
-1263
2821
1100931
18
-14
7
2745
-1272
2843
1101956
5
-11
7
2738
-1285
2833
1102981
5
-6
11
2739
-1298
2833
1104006
17
-12
12
2738
-1267
2857
1105031
5
-19
15
2736
-1265
2843
1106056
-4
-20
18
2744
-1315
2823
1107081
1
-17
12
2738
-1319
2807
1108106
19
-19
10
2741
-1299
2806
1109131
20
-21
10
2756
-1279
2827
1110156
-7
-20
6
2758
-1295
2799
1111181
-19
-12
0
2750
-1338
2768
1112206
8
-8
-5
2743
-1311
2825
1113231
25
-11
1
2746
-1256
2824
1114256
-4
-9
-1
2754
-1248
2797
1107072
-24
-4
-5
2763
-1286
2794
1108097
-10
6
-4
2744
-1307
2785
1109122
20
9
3
2740
-1287
2832
1110147
24
0
9
2744
-1225
2876
1111172
-15
-12
7
2737
-1260
2840
1112197
-21
-13
5
2743
-1301
2809
1113222
0
-8
5
2738
-1319
2808
1114247
15
-6
8
2753
-1297
2807
1115272
1
-6
5
2765
-1289
2821
1116297
-26
-3
-1
2765
-1303
2774
1117322
-9
2
-3
2751
-1306
2788
1118347
21
2
-2
2741
-1288
2859
1119372
19
0
0
2728
-1268
2833
1120397
-7
0
-4
2769
-1287
2793
1121422
-19
3
-8
2768
-1269
2812
1122447
-13
9
2
2731
-1289
2836
1115264
9
5
5
2711
-1286
2859
1116289
-3
-9
-4
2753
-1242
2862
1117314
-17
-22
-2
2762
-1300
2813
1118339
16
-17
14
2739
-1210
2773
1119364
-16
0
25
2757
-1265
2763
1120389
-24
13
12
2764
-1343
2786
1121414
15
10
4
2765
-1293
2810
1122439
11
2
1
2738
-1301
2820
1123464
-4
2
-5
2743
-1301
2835
1124489
-19
-7
-16
2730
-1325
2888
1125514
-46
-6
-29
2799
-1324
2852
1126539
-193
164
-57
2911
-736
2511
1127564
-670
243
-30
2867
-1201
2277
1128589
-619
152
-37
2325
-2494
3236
1129614
699
-151
-191
2529
-2153
3664
1130639
1428
-141
21
2924
-734
3097
1123457
693
-54
91
2490
-505
2482
1124482
-269
47
-14
2918
-1048
1991
1125507
-376
149
50
2987
-1414
2396
1126532
-223
126
74
2845
-1224
3051
1127557
-295
44
33
2621
-1065
3385
1128582
-258
-60
-30
2518
-1230
3256
1129607
-42
-85
-7
2656
-1127
2759
1130632
23
-16
25
2680
-1102
2644
1131657
-21
35
34
2747
-1275
2829
1132682
-34
22
57
2761
-1344
2972
1133707
-69
-5
53
2724
-1406
2944
1134732
-89
-14
42
2707
-1353
2829
1135757
-111
2
11
2702
-1354
2767
1136782
-99
14
-8
2726
-1419
2750
1137807
-40
10
-13
2750
-1399
2821
1138832
30
2
-13
2742
-1376
2876
1131649
71
-24
-15
2692
-1298
2918
1132674
61
-41
-16
2672
-1276
2898
1133699
66
-44
-5
2703
-1223
2878
1134724
18
-41
-2
2714
-1282
2852
1135749
-17
-33
2
2736
-1290
2811
1136774
9
-33
18
2735
-1303
2797
1137799
54
-30
30
2736
-1289
2801
1138824
64
-27
32
2760
-1223
2828
1139849
21
-17
28
2756
-1266
2843
1140874
-4
-3
27
2725
-1350
2798
1141899
19
-1
28
2724
-1342
2818
1142924
10
-9
14
2728
-1311
2859
1143949
-4
-20
8
2722
-1322
2841
1144974
25
-23
8
2726
-1326
2825
1145999
60
-12
14
2734
-1259
2797
1147024
33
-5
7
2749
-1240
2832
1139840
-18
-6
0
2737
-1301
2851
1140865
-13
-8
5
2708
-1313
2832
1141890
6
-11
13
2731
-1251
2831
1142915
-17
-8
14
2735
-1314
2797
1143940
-25
2
8
2740
-1308
2781
1144965
-13
10
10
2738
-1342
2809
1145990
13
9
9
2729
-1312
2856
1147015
11
1
3
2723
-1297
2852
1148040
-13
3
-7
2731
-1299
2850
1149065
-20
8
-10
2720
-1334
2839
1150090
9
3
-7
2723
-1333
2832
1151115
28
-4
-4
2733
-1283
2855
1152140
10
-11
-2
2725
-1271
2868
1153165
-4
-13
0
2705
-1272
2856
1154190
3
-18
3
2712
-1296
2847
1155215
22
-18
8
2745
-1281
2826
1148033
16
-19
7
2746
-1263
2835
1149058
-7
-23
4
2745
-1295
2833
1150083
9
-25
6
2703
-1314
2853
1151108
30
-29
9
2715
-1285
2848
1152133
22
-30
10
2755
-1273
2813
1153158
-1
-28
4
2772
-1279
2814
1154183
-16
-28
0
2743
-1301
2828
1155208
5
-22
10
2732
-1296
2807
1156233
29
-17
20
2730
-1268
2822
1157258
8
-19
15
2748
-1255
2834
1158283
-15
-20
14
2740
-1291
2822
1159308
-4
-17
14
2741
-1301
2819
1160333
0
-19
9
2746
-1304
2809
1161358
-3
-16
6
2742
-1315
2790
1162383
1
-12
6
2754
-1303
2804
1163408
1
-10
8
2748
-1305
2814
1156223
8
-11
4
2750
-1296
2807
1157248
3
-9
-2
2758
-1304
2797
1158273
-11
-5
-4
2743
-1309
2791
1159298
-3
4
1
2731
-1287
2803
1160323
21
6
13
2752
-1257
2820
1161348
8
0
13
2768
-1251
2845
1162373
-19
-1
4
2750
-1298
2822
1163398
-10
3
0
2740
-1308
2813
1164423
8
6
2
2737
-1304
2801
1165448
4
6
5
2750
-1286
2814
1166473
-26
4
-3
2753
-1322
2826
1167498
-26
4
-11
2730
-1322
2814
1168523
14
6
-10
2724
-1310
2812
1169548
26
5
-6
2737
-1266
2834
1170573
1
5
-3
2761
-1241
2840
1171598
-31
6
3
2744
-1297
2804
1164416
-15
5
-3
2731
-1319
2822
1165441
30
-2
1
2723
-1284
2877
1166466
31
-12
3
2725
-1246
2855
1167491
-5
-10
5
2757
-1254
2801
1168516
-31
-3
5
2750
-1312
2814
1169541
-9
-4
2
2737
-1302
2842
1170566
20
-9
5
2740
-1275
2817
1171591
15
-8
5
2766
-1249
2807
1172616
-7
-3
5
2758
-1288
2802
1173641
-9
1
6
2722
-1328
2809
1174666
6
3
2
2729
-1307
2833
1175691
16
2
2
2739
-1285
2834
1176716
-2
2
-3
2744
-1268
2804
1177741
-19
5
-5
2759
-1283
2818
1178766
-6
11
0
2734
-1302
2822
1179791
17
5
0
2732
-1253
2858
1172609
2
-2
-1
2747
-1248
2861
1173634
-25
-2
-1
2736
-1271
2819
1174659
-35
3
0
2733
-1323
2786
1175684
-11
1
-2
2729
-1326
2852
1176709
-3
-9
-8
2749
-1284
2844
1177734
-5
-10
-7
2758
-1285
2788
1178759
-9
-2
-13
2746
-1264
2801
1179784
0
5
-18
2767
-1250
2844
1180809
-48
75
-6
2843
-1043
2817
1181834
-521
151
-27
2807
-1108
2757
1182859
-801
105
-69
2507
-1571
3239
1183884
-439
-133
-206
2499
-1652
3379
1184909
-163
-96
-124
2947
-1293
2329
1185934
-214
-17
-55
2608
-1554
2398
1186959
-231
37
-118
2921
-1538
2797
1187984
-52
131
23
2840
-1325
2509
1180800
122
87
85
2688
-1336
2551
1181825
87
8
45
2724
-1168
2976
1182850
-16
-66
45
2621
-1203
3191
1183875
19
-138
41
2602
-1342
2905
1184900
124
-116
60
2766
-1286
2535
1185925
97
-25
73
2822
-1306
2541
1186950
-10
25
59
2856
-1376
2717
1187975
-106
26
48
2810
-1459
2797
1189000
-150
24
26
2722
-1561
2803
1190025
-65
12
1
2688
-1570
2847
1191050
56
1
-2
2684
-1398
2892
1192075
83
-19
12
2707
-1300
2851
1193100
12
-18
2
2720
-1390
2777
1194125
16
-8
2
2765
-1438
2690
1195150
93
-9
16
2760
-1342
2788
1196175
70
-34
11
2732
-1339
2889
1188992
16
-46
3
2722
-1415
2825
1190017
76
-44
12
2726
-1378
2779
1191042
65
-44
6
2750
-1310
2757
1192067
11
-21
8
2788
-1414
2633
1193092
77
-3
22
2775
-1373
2698
1194117
95
-8
21
2752
-1335
2829
1195142
61
-17
12
2743
-1397
2820
1196167
60
-13
2
2740
-1373
2775
1197192
40
-3
-2
2755
-1302
2738
1198217
-33
17
-7
2765
-1318
2745
1199242
-61
23
-9
2743
-1427
2801
1200267
-18
1
-19
2739
-1461
2857
1201292
27
-12
-21
2750
-1390
2813
1202317
38
-14
-10
2724
-1306
2783
1203342
11
-11
-8
2738
-1363
2756
1204367
35
-6
-4
2763
-1329
2799
1197197
54
-14
5
2757
-1295
2820
1198222
32
-20
5
2754
-1296
2764
1199247
24
-18
10
2731
-1323
2774
1200272
29
-11
16
2757
-1362
2747
1201297
25
-7
12
2790
-1340
2793
1202322
-14
-4
7
2765
-1340
2807
1203347
-25
-5
2
2733
-1390
2767
1204372
0
-7
-3
2737
-1384
2791
1205397
20
-6
-5
2750
-1367
2780
1206422
25
-1
-4
2775
-1297
2761
1207447
-10
0
-7
2768
-1324
2775
1208472
-11
-5
-7
2740
-1344
2797
1209497
19
-9
4
2744
-1321
2801
1210522
17
-11
7
2760
-1303
2801
1211547
-11
-8
5
2752
-1317
2791
1212572
-18
-4
8
2747
-1351
2765
1205375
1
-6
10
2743
-1357
2801
1206400
15
-13
11
2758
-1332
2805
1207425
3
-15
9
2774
-1317
2797
1208450
-15
-14
3
2743
-1360
2800
1209475
-9
-16
1
2737
-1373
2788
1210500
8
-18
5
2758
-1325
2779
1211525
-1
-18
9
2772
-1300
2767
1212550
-9
-20
13
2766
-1335
2787
1213575
-1
-21
16
2757
-1367
2797
1214600
6
-24
11
2742
-1345
2764
1215625
-1
-23
11
2776
-1330
2758
1216650
-10
-20
10
2771
-1381
2763
1217675
2
-13
12
2749
-1374
2741
1218700
8
-14
7
2758
-1343
2775
1219725
-1
-16
6
2774
-1356
2766
1220750
1
-10
7
2775
-1319
2738
1213568
-8
-4
4
2767
-1318
2765
1214593
-8
-4
-4
2765
-1379
2788
1215618
22
-4
-4
2778
-1343
2759
1216643
16
-1
4
2770
-1323
2722
1217668
-15
3
2
2766
-1345
2765
1218693
-10
3
4
2752
-1347
2809
1219718
15
0
11
2756
-1344
2781
1220743
18
-4
11
2776
-1311
2752
1221768
-9
-1
10
2793
-1321
2757
1222793
-9
2
16
2754
-1352
2782
1223818
11
0
19
2743
-1340
2787
1224843
7
-3
10
2758
-1332
2808
1225868
-7
-6
3
2765
-1349
2808
1226893
-18
-10
2
2733
-1385
2780
1227918
1
-10
8
2731
-1383
2750
1228943
10
-12
10
2755
-1326
2778
1221760
-14
-15
10
2766
-1322
2788
1222785
-22
-19
14
2735
-1361
2765
1223810
8
-18
29
2755
-1368
2751
1224835
30
-7
42
2783
-1315
2757
1225860
-2
-6
36
2801
-1293
2780
1226885
-51
-13
22
2788
-1346
2796
1227910
-30
-17
20
2769
-1414
2747
1228935
16
-11
21
2765
-1355
2726
1229960
12
-4
15
2763
-1347
2750
1230985
-21
-1
9
2767
-1360
2783
1232010
-19
-2
17
2752
-1378
2775
1233035
-5
3
20
2761
-1366
2753
1234060
-8
14
24
2772
-1336
2768
1235085
-22
2
19
2760
-1358
2774
1236110
-35
0
9
2733
-1398
2724
1237135
-18
7
12
2744
-1410
2736
1229952
-24
14
8
2789
-1350
2741
1230977
-64
21
-3
2798
-1365
2755
1232002
-94
26
-13
2758
-1413
2767
1233027
-68
22
-17
2738
-1461
2723
1234052
-28
26
-23
2759
-1423
2741
1235077
-81
76
-42
2823
-1161
2745
1236102
-416
127
-60
2829
-840
2682
1237127
-1009
89
-67
2724
-1599
2765
1238152
-559
-35
-120
2318
-2282
3325
1239177
528
-111
-62
2921
-1807
2979
1240202
424
-67
37
2683
-807
2588
1241227
-240
43
31
2740
-1174
2406
1242252
-439
86
35
2953
-1741
2238
1243277
-113
99
55
2852
-1757
2388
1244302
182
53
87
2719
-1143
2949
1245327
-51
-41
-18
2680
-1444
3252
1238144
34
-89
-55
2683
-1572
2874
1239169
164
-56
11
2654
-1096
2570
1240194
-21
-3
51
2734
-1338
2665
1241219
-70
10
57
2771
-1623
2766
1242244
41
2
65
2771
-1509
2751
1243269
74
-2
68
2765
-1406
2765
1244294
-4
-18
37
2747
-1453
2741
1245319
-57
-11
13
2733
-1547
2664
1246344
12
1
8
2732
-1595
2695
1247369
60
-9
-5
2727
-1476
2859
1248394
-5
-27
-3
2687
-1371
2872
1249419
-44
-39
19
2695
-1417
2795
1250444
-38
-41
20
2735
-1462
2722
1251469
-16
-26
20
2778
-1535
2603
1252494
42
-1
20
2809
-1476
2572
1253519
36
16
14
2805
-1431
2643
1246335
-21
21
12
2770
-1469
2732
1247360
-12
18
14
2728
-1465
2783
1248385
11
19
17
2718
-1464
2754
1249410
11
25
12
2728
-1468
2720
1250435
-8
27
13
2734
-1430
2758
1251460
-32
20
16
2734
-1543
2752
1252485
-18
7
6
2741
-1510
2756
1253510
-34
-7
-7
2720
-1469
2807
1254535
-53
-20
-14
2694
-1508
2802
1255560
-30
-3
-4
2715
-1514
2701
1256585
-15
7
-5
2728
-1512
2731
1257610
-51
-3
-23
2764
-1481
2761
1258635
-75
-18
-22
2733
-1487
2759
1259660
-43
-21
-17
2719
-1498
2707
1260685
19
-11
-11
2760
-1448
2668
1261710
34
0
-8
2783
-1433
2675
1254528
18
11
-7
2749
-1466
2696
1255553
32
5
5
2722
-1430
2757
1256578
33
-4
24
2723
-1391
2788
1257603
2
-14
30
2736
-1456
2766
1258628
1
-19
28
2741
-1520
2729
1259653
13
-12
21
2706
-1540
2757
1260678
38
-14
26
2707
-1516
2753
1261703
43
-20
27
2743
-1505
2746
1262728
12
-17
17
2754
-1464
2737
1263753
-4
-14
9
2749
-1504
2728
1264778
8
-16
-3
2743
-1493
2736
1265803
12
-20
-7
2750
-1439
2715
1266828
-2
-20
-8
2770
-1448
2673
1267853
-11
0
-2
2770
-1457
2652
1268878
5
17
4
2732
-1521
2716
1269903
29
15
-2
2725
-1481
2760
1262720
11
10
-6
2739
-1452
2739
1263745
-19
15
-9
2746
-1482
2706
1264770
-4
26
-1
2733
-1511
2721
1265795
18
18
-5
2724
-1481
2767
1266820
5
12
-11
2738
-1436
2764
1267845
-12
12
-9
2741
-1467
2741
1268870
1
15
-8
2722
-1486
2750
1269895
24
8
-7
2730
-1456
2764
1270920
19
3
-1
2728
-1411
2753
1271945
-1
10
4
2752
-1448
2706
1272970
5
15
3
2743
-1471
2744
1273995
25
10
5
2708
-1486
2783
1275020
48
0
4
2714
-1484
2789
1276045
37
-5
-2
2719
-1439
2761
1277070
-1
-1
-2
2742
-1456
2729
1278095
-6
3
-1
2742
-1477
2743
1270992
14
-5
1
2693
-1471
2783
1272017
28
-15
-1
2714
-1449
2761
1273042
11
-12
-7
2750
-1445
2759
1274067
-8
-4
-7
2733
-1446
2735
1275092
-3
-4
-3
2738
-1456
2730
1276117
11
-4
-1
2755
-1458
2739
1277142
19
-3
-3
2728
-1448
2756
1278167
6
-1
-9
2731
-1436
2760
1279192
1
5
-7
2728
-1453
2751
1280217
22
1
1
2704
-1436
2802
1281242
21
-11
4
2728
-1415
2796
1282267
-5
-18
3
2753
-1424
2765
1283292
-15
-18
1
2743
-1447
2748
1284317
11
-19
3
2731
-1447
2753
1285342
15
-18
11
2727
-1424
2737
1286367
-11
-13
13
2744
-1451
2730
1279105
-15
-10
8
2762
-1464
2754
1280130
10
-8
9
2730
-1479
2737
1281155
30
-11
5
2734
-1450
2750
1282180
19
-17
1
2747
-1409
2762
1283205
-13
-15
3
2743
-1445
2731
1284230
-5
-3
5
2732
-1482
2705
1285255
14
2
0
2732
-1463
2768
1286280
17
-6
-4
2736
-1448
2794
1287305
11
-14
-4
2739
-1453
2739
1288330
0
-12
-4
2747
-1427
2718
1289355
-16
-7
-4
2747
-1421
2748
1290380
-20
-5
-7
2742
-1454
2755
1291405
6
-1
-10
2721
-1458
2746
1292430
28
2
-14
2732
-1450
2745
1293455
24
1
-15
2771
-1435
2740
1294480
7
-1
-17
2783
-1435
2711
1287297
-6
0
-23
2739
-1454
2727
1288322
7
-2
-27
2724
-1448
2762
1289347
36
2
-24
2720
-1435
2771
1290372
35
6
-24
2734
-1394
2760
1291397
-5
3
-19
2770
-1404
2761
1292422
-16
0
-13
2748
-1434
2756
1293447
4
-6
-10
2733
-1414
2772
1294472
12
-3
-11
2735
-1420
2769
1295497
24
-2
-5
2748
-1409
2739
1296522
16
-4
-3
2752
-1384
2748
1297547
-19
1
-13
2802
-1376
2821
1298572
-170
18
32
2767
-1120
3053
1299597
-727
94
-21
2855
-1099
2502
1300622
-711
225
-56
2593
-1559
2098
1301647
108
67
-45
2643
-2019
2987
1302672
352
-61
-47
2920
-1831
3339
1295491
-30
12
-42
2575
-1413
2868
1296516
-114
9
-19
2608
-1442
2477
1297541
125
-8
39
2813
-1467
2360
1298566
151
-64
65
2585
-1268
3164
1299591
-15
-171
-7
2714
-1478
3099
1300616
70
-163
11
2790
-1346
2579
1301641
82
-89
48
2729
-1185
2432
1302666
-33
-18
47
2871
-1463
2520
1303691
-1
29
57
2855
-1602
2650
1304716
71
15
45
2749
-1536
2771
1305741
58
-2
27
2746
-1375
2753
1306766
-10
-2
19
2713
-1463
2746
1307791
-28
-6
-3
2711
-1534
2754
1308816
26
-2
-2
2747
-1486
2710
1309841
84
11
19
2750
-1432
2715
1310866
70
4
19
2739
-1419
2774
1303681
21
-12
9
2761
-1417
2806
1304706
6
-20
8
2730
-1464
2754
1305731
61
-13
12
2733
-1492
2703
1306756
130
5
24
2766
-1426
2673
1307781
137
6
32
2761
-1408
2719
1308806
82
-1
25
2749
-1432
2769
1309831
49
-1
21
2745
-1460
2745
1310856
62
-3
18
2743
-1415
2767
1311881
54
-7
13
2749
-1424
2776
1312906
28
-6
7
2741
-1414
2759
1313931
1
0
6
2745
-1434
2733
1314956
10
2
5
2740
-1459
2748
1315981
33
-2
9
2737
-1439
2754
1317006
33
-6
8
2745
-1418
2786
1318031
19
-12
3
2739
-1399
2784
1319056
4
-16
0
2724
-1409
2789
1311872
1
-18
0
2743
-1431
2768
1312897
12
-14
5
2743
-1437
2728
1313922
28
-14
6
2724
-1401
2767
1314947
18
-25
7
2748
-1396
2808
1315972
5
-27
9
2745
-1431
2762
1316997
8
-28
3
2740
-1418
2742
1318022
4
-29
1
2778
-1405
2741
1319047
2
-25
3
2755
-1426
2734
1320072
21
-21
5
2736
-1407
2743
1321097
19
-24
7
2756
-1406
2739
1322122
4
-20
3
2775
-1406
2717
1323147
-9
-12
0
2776
-1423
2711
1324172
-3
-11
-7
2755
-1435
2753
1325197
17
-9
-5
2746
-1417
2753
1326222
21
-6
-4
2742
-1392
2759
1327247
6
-8
-1
2762
-1360
2750
1320064
-24
-8
4
2760
-1410
2747
1321089
-15
-11
1
2747
-1428
2771
1322114
13
-19
2
2732
-1401
2770
1323139
18
-23
4
2761
-1394
2742
1324164
4
-14
7
2785
-1374
2737
1325189
-17
-11
11
2754
-1416
2731
1326214
-13
-15
6
2757
-1446
2746
1327239
12
-17
4
2778
-1422
2735
1328264
21
-16
3
2768
-1385
2720
1329289
-3
-12
-4
2775
-1386
2739
1330314
-18
-9
-2
2762
-1417
2729
1331339
2
-9
5
2748
-1416
2744
1332364
11
-9
8
2767
-1389
2753
1333389
1
-9
9
2777
-1397
2742
1334414
-18
-10
5
2776
-1418
2736
1335439
-14
-11
2
2763
-1436
2750
1328256
8
-16
4
2748
-1429
2741
1329281
10
-14
4
2754
-1416
2725
1330306
-3
-8
0
2788
-1409
2714
1331331
-13
1
1
2772
-1410
2723
1332356
-3
4
4
2762
-1441
2734
1333381
18
-4
1
2769
-1410
2765
1334406
2
-11
-2
2768
-1387
2748
1335431
-15
-9
-1
2769
-1413
2720
1336456
3
-7
6
2763
-1393
2736
1337481
2
-6
9
2757
-1402
2758
1338506
-8
-11
2
2767
-1424
2749
1339531
-7
-16
0
2766
-1428
2710
1340556
8
-14
3
2778
-1424
2704
1341581
14
-6
5
2774
-1405
2734
1342606
-7
-3
0
2768
-1399
2736
1343631
-16
-1
-5
2770
-1424
2720
1336447
1
1
-6
2765
-1414
2714
1337472
19
1
-1
2761
-1404
2727
1338497
17
-2
5
2780
-1380
2748
1339522
-13
0
4
2779
-1417
2737
1340547
-14
-2
1
2767
-1423
2734
1341572
6
-5
-1
2769
-1408
2742
1342597
18
-6
2
2764
-1396
2747
1343622
14
-7
4
2765
-1385
2733
1344647
-7
1
-2
2786
-1414
2724
1345672
-6
9
6
2764
-1426
2731
1346697
18
-14
16
2716
-1417
2846
1347722
-46
-40
-6
2806
-1406
2878
1348747
-155
10
-21
2850
-1316
2644
1349772
-54
86
9
2698
-1294
2525
1350797
-26
-4
-76
2609
-1363
2756
1351822
-36
-26
-100
2982
-1702
2830
1344640
-111
12
-35
2757
-1392
2662
1345665
-170
115
0
2831
-1485
2416
1346690
49
195
91
2824
-1540
2452
1347715
245
75
96
2604
-1219
3292
1348740
-224
-76
-38
2603
-1380
3364
1349765
-247
-108
-71
2733
-1728
2663
1350790
50
-82
-8
2728
-1069
2501
1351815
-70
-35
38
2823
-1187
2522
1352840
-86
25
69
2884
-1588
2515
1353865
92
26
62
2787
-1468
2774
1354890
85
-17
42
2755
-1444
2866
1355915
36
-18
22
2739
-1517
2791
1356940
37
-25
2
2698
-1458
2823
1357965
-30
-40
-12
2708
-1456
2800
1358990
-47
-39
-11
2751
-1510
2733
1360015
1
-35
-4
2782
-1449
2677
1352832
25
-19
1
2806
-1417
2621
1353857
33
-2
0
2805
-1428
2685
1354882
25
-4
2
2775
-1406
2728
1355907
0
-5
0
2759
-1422
2719
1356932
-3
-2
-4
2760
-1446
2738
1357957
9
-6
0
2755
-1459
2730
1358982
43
-2
9
2775
-1452
2680
1360007
55
-3
2
2777
-1384
2765
1361032
5
-13
-3
2755
-1413
2775
1362057
-12
-18
-5
2761
-1456
2730
1363082
16
-9
2
2766
-1417
2698
1364107
19
-7
-1
2775
-1400
2732
1365132
-6
-9
-5
2795
-1416
2738
1366157
-1
-10
3
2776
-1421
2694
1367182
12
-8
3
2771
-1411
2702
1368207
14
1
4
2786
-1404
2732
1361023
5
3
1
2761
-1433
2740
1362048
1
1
-1
2755
-1446
2733
1363073
11
-2
-1
2779
-1437
2723
1364098
18
-3
1
2777
-1413
2730
1365123
10
-2
0
2774
-1406
2734
1366148
-1
-2
-4
2770
-1395
2747
1367173
4
-6
-1
2748
-1413
2760
1368198
23
-7
5
2759
-1452
2712
1369223
34
1
7
2783
-1429
2713
1370248
17
-7
-4
2797
-1394
2754
1371273
-6
-15
-6
2760
-1429
2752
1372298
18
-22
-4
2746
-1428
2753
1373323
31
-16
-6
2766
-1400
2743
1374348
29
-15
-8
2793
-1384
2713
1375373
9
-8
-5
2812
-1386
2651
1376398
4
1
-4
2773
-1403
2710
1369216
24
-9
1
2767
-1373
2779
1370241
22
-10
7
2769
-1401
2727
1371266
21
-5
6
2781
-1374
2714
1372291
0
-1
2
2796
-1387
2707
1373316
-2
5
2
2765
-1418
2731
1374341
13
3
6
2766
-1419
2752
1375366
23
1
3
2769
-1419
2749
1376391
23
-4
0
2767
-1379
2747
1377416
2
-11
-1
2787
-1388
2734
1378441
-2
-8
-1
2780
-1398
2725
1379466
12
-4
0
2771
-1380
2740
1380491
8
-3
1
2767
-1390
2738
1381516
-3
-3
3
2785
-1373
2717
1382541
-8
-2
5
2780
-1381
2729
1383566
3
-1
7
2776
-1396
2742
1384591
10
-3
10
2772
-1384
2724
1377408
-3
0
9
2795
-1381
2726
1378433
-9
5
8
2782
-1403
2731
1379458
-1
4
2
2765
-1406
2749
1380483
11
4
1
2777
-1420
2741
1381508
17
1
0
2768
-1405
2733
1382533
2
-6
-1
2777
-1383
2749
1383558
-7
-5
2
2770
-1416
2739
1384583
13
-5
6
2756
-1403
2741
1385608
16
-6
3
2777
-1374
2757
1386633
1
-7
0
2805
-1370
2745
1387658
-12
-4
0
2780
-1396
2721
1388683
-4
1
1
2776
-1406
2739
1389708
10
5
2
2787
-1395
2722
1390733
8
6
4
2773
-1364
2715
1391758
-17
7
-1
2779
-1390
2731
1392783
-13
7
-3
2778
-1419
2743
1385599
17
4
-2
2758
-1395
2756
1386624
12
11
-4
2783
-1370
2747
1387649
-15
11
-5
2775
-1362
2750
1388674
-28
5
-4
2759
-1388
2755
1389699
-8
1
2
2756
-1406
2756
1390724
15
-2
6
2760
-1385
2756
1391749
3
-4
3
2779
-1366
2753
1392774
-20
-2
0
2778
-1378
2756
1393799
-18
5
5
2754
-1405
2758
1394824
6
-6
12
2728
-1418
2838
1395849
6
-42
-4
2783
-1377
2949
1396874
-107
-18
35
2820
-1060
2922
1397899
-467
71
41
2765
-1265
2447
1398924
-352
-26
-68
2409
-1720
2835
1399949
237
-88
-99
3112
-1933
2779
1400974
211
-47
7
2792
-1154
2442
1393793
-242
89
-11
2860
-1377
2147
1394818
-265
203
46
2942
-1564
2160
1395843
47
198
85
2764
-1530
2714
1396868
-20
56
8
2539
-1231
3706
1397893
-212
-114
-85
2606
-1536
3364
1398918
-92
-123
-46
2653
-1298
2510
1399943
-78
-42
8
2691
-1198
2344
1400968
-129
37
21
2925
-1566
2502
1401993
35
60
55
2845
-1633
2710
1403018
157
-6
56
2719
-1367
2890
1404043
54
-56
25
2729
-1445
2881
1405068
2
-56
4
2743
-1523
2728
1406093
50
-37
6
2719
-1421
2709
1407118
15
-39
-1
2731
-1390
2831
1408143
-39
-50
8
2750
-1482
2776
1409168
14
-53
34
2772
-1473
2658
1401985
57
-47
43
2812
-1427
2612
1403010
34
-31
26
2795
-1477
2672
1404035
32
-29
11
2762
-1496
2771
1405060
67
-37
9
2759
-1503
2759
1406085
122
-35
10
2779
-1462
2665
1407110
120
-24
9
2803
-1409
2606
1408135
86
-5
5
2798
-1434
2641
1409160
96
11
7
2794
-1481
2676
1410185
109
4
5
2771
-1409
2786
1411210
61
-13
-1
2766
-1368
2791
1412235
4
-16
-8
2776
-1418
2728
1413260
6
0
-6
2798
-1439
2653
1414285
22
2
-5
2751
-1365
2763
1415310
-1
-14
-3
2775
-1375
2800
1416335
-4
-18
4
2782
-1439
2736
1417360
17
-23
5
2759
-1371
2729
1410176
-18
-22
2
2789
-1384
2692
1411201
-14
-10
9
2795
-1473
2670
1412226
24
-8
6
2775
-1399
2740
1413251
-1
-14
0
2786
-1405
2736
1414276
-14
-10
-3
2783
-1436
2694
1415301
7
-11
-3
2772
-1384
2726
1416326
5
-15
-2
2787
-1392
2726
1417351
0
-2
6
2808
-1421
2663
1418376
-1
3
7
2786
-1389
2710
1419401
-13
-3
5
2785
-1413
2750
1420426
-9
-3
3
2772
-1451
2714
1421451
15
1
5
2764
-1405
2714
1422476
13
-4
3
2799
-1377
2728
1423501
-10
-5
4
2793
-1416
2709
1424526
-11
-4
4
2765
-1419
2714
1425551
-3
-5
2
2785
-1403
2740
1418368
1
-6
2
2786
-1412
2731
1419393
-2
-4
3
2782
-1408
2704
1420418
5
3
6
2794
-1442
2680
1421443
11
5
-1
2786
-1409
2754
1422468
-5
-5
-7
2776
-1401
2776
1423493
-6
-13
-6
2780
-1402
2729
1424518
-4
-11
-4
2785
-1380
2682
1425543
0
-8
-1
2795
-1391
2708
1426568
7
-7
6
2797
-1399
2721
1427593
6
1
14
2771
-1399
2711
1428618
-6
-3
9
2788
-1394
2744
1429643
-20
-7
5
2795
-1433
2733
1430668
-10
-12
0
2774
-1419
2713
1431693
-4
-13
-4
2790
-1405
2707
1432718
-4
0
2
2787
-1434
2692
1433743
9
0
4
2766
-1395
2735
1426560
-2
-7
7
2780
-1394
2734
1427585
-3
-8
10
2793
-1424
2705
1428610
7
-8
6
2790
-1411
2730
1429635
2
-14
2
2765
-1421
2735
1430660
9
-17
3
2789
-1427
2705
1431685
11
-16
3
2796
-1416
2716
1432710
-3
-11
-2
2788
-1417
2705
1433735
-10
-8
-7
2786
-1441
2693
1434760
0
-11
-10
2785
-1420
2733
1435785
4
-15
-10
2790
-1418
2704
1436810
12
-11
-7
2806
-1399
2672
1437835
17
-9
-4
2799
-1346
2710
1438860
3
-8
-2
2795
-1370
2752
1439885
-5
-5
-4
2791
-1408
2725
1440910
12
-6
-4
2788
-1391
2697
1441935
11
-4
-2
2800
-1409
2684
1434752
12
-2
-2
2807
-1388
2730
1435777
6
-8
-1
2781
-1379
2728
1436802
0
-11
-4
2791
-1391
2715
1437827
0
-4
-5
2803
-1409
2707
1438852
6
-1
-2
2781
-1389
2713
1439877
-1
-1
-2
2812
-1388
2719
1440902
-8
3
0
2810
-1373
2741
1441927
-31
2
-11
2803
-1465
2773
1442952
-1
-1
9
2773
-1262
2868
1443977
-78
-31
84
2708
-1144
2978
1445002
-118
-37
27
2642
-1813
2767
1446027
288
-155
-66
2614
-1561
2858
1447052
509
-145
-26
3099
-1290
2632
1448077
9
-24
22
2858
-984
2175
1449102
-458
107
-2
2986
-1399
2053
1450127
-452
221
13
2961
-1619
2216
1442944
-71
184
36
2837
-1623
2684
1443969
-1
81
-12
2668
-1255
3277
1444994
-149
2
-74
2663
-1398
3106
1446019
-27
-13
-40
2672
-1434
2763
1447044
-1
12
-9
2732
-1309
2667
1448069
-35
40
24
2781
-1422
2719
1449094
4
1
32
2809
-1491
2852
1450119
28
-33
34
2769
-1475
2833
1451144
37
-74
17
2724
-1392
2814
1452169
17
-86
14
2778
-1376
2737
1453194
9
-63
25
2762
-1380
2683
1454219
6
-55
27
2788
-1398
2684
1455244
-7
-53
21
2825
-1407
2688
1456269
-14
-52
19
2818
-1447
2640
1457294
6
-41
19
2809
-1446
2585
1458319
15
-20
14
2807
-1439
2616
1451135
5
-2
7
2810
-1466
2658
1452160
10
4
2
2813
-1451
2670
1453185
1
7
-5
2806
-1448
2697
1454210
-3
9
-8
2794
-1426
2696
1455235
-4
14
-8
2782
-1402
2715
1456260
-2
12
-8
2798
-1398
2726
1457285
2
6
-5
2799
-1408
2727
1458310
1
-2
-4
2792
-1399
2718
1459335
-8
-11
-3
2794
-1406
2716
1460360
-6
-11
8
2790
-1460
2697
1461385
21
-13
11
2780
-1441
2700
1462410
14
-12
7
2807
-1412
2700
1463435
-4
-15
1
2829
-1401
2724
1464460
-18
-14
1
2793
-1402
2712
1465485
-19
-14
-2
2792
-1452
2657
1466510
13
-5
1
2815
-1446
2629
1459328
29
-7
-1
2804
-1391
2744
1460353
-11
-13
-6
2822
-1412
2702
1461378
-24
-5
-5
2792
-1446
2660
1462403
-7
-3
-12
2781
-1416
2693
1463428
-1
-1
-11
2811
-1428
2686
1464453
20
-1
-4
2801
-1406
2717
1465478
9
-8
0
2809
-1394
2678
1466503
-4
0
3
2838
-1457
2618
1467528
16
-6
0
2781
-1378
2769
1468553
-3
-25
-1
2781
-1397
2799
1469578
2
-29
1
2799
-1421
2709
1470603
12
-16
9
2810
-1396
2638
1471628
-8
-14
6
2821
-1408
2670
1472653
-14
-19
11
2833
-1429
2701
1473678
4
-8
19
2799
-1467
2658
1474703
21
-10
6
2795
-1414
2696
1467520
-4
-16
-6
2836
-1417
2714
1468545
-6
-14
-7
2809
-1442
2677
1469570
16
-6
-1
2777
-1423
2676
1470595
24
-12
-1
2802
-1401
2722
1471620
8
-19
-1
2826
-1393
2721
1472645
-9
-20
-1
2819
-1398
2666
1473670
-3
-20
-5
2817
-1403
2680
1474695
15
-18
1
2824
-1411
2647
1475720
32
-12
9
2828
-1380
2658
1476745
7
-9
9
2822
-1366
2693
1477770
-18
-5
10
2816
-1429
2660
1478795
-5
2
5
2811
-1442
2673
1479820
11
2
0
2819
-1434
2677
1480845
8
3
-5
2842
-1401
2658
1481870
-7
5
-5
2829
-1394
2680
1482895
-5
4
1
2781
-1407
2709
1475711
10
1
6
2796
-1390
2703
1476736
9
-2
8
2823
-1374
2705
1477761
-6
-7
9
2801
-1404
2713
1478786
2
-11
11
2817
-1451
2718
1479811
24
-18
11
2792
-1420
2727
1480836
10
-25
8
2798
-1384
2704
1481861
-15
-22
5
2833
-1427
2664
1482886
-5
-18
4
2821
-1421
2671
1483911
6
-19
3
2819
-1398
2657
1484936
4
-13
5
2836
-1412
2615
1485961
4
-3
6
2837
-1391
2636
1486986
-9
8
5
2818
-1391
2679
1488011
-11
13
5
2817
-1429
2658
1489036
1
21
2
2833
-1413
2633
1490061
-4
28
-3
2844
-1402
2661
1491086
-12
27
-5
2804
-1431
2704
1483905
1
24
-2
2796
-1424
2699
1484930
6
22
-4
2812
-1375
2709
1485955
-26
29
-7
2815
-1340
2733
1486980
-89
42
-1
2792
-1178
2827
1488005
-241
-10
26
2777
-1423
2899
1489030
-378
-5
9
2824
-1760
2819
1490055
-25
-3
55
2440
-1234
2835
1491080
346
-130
-24
2904
-1593
2607
1492105
83
-46
-11
3079
-1253
2240
1493130
-273
120
12
2902
-1539
1994
1494155
-282
270
31
3037
-1780
2024
1495180
85
275
68
2965
-1719
2400
1496205
-26
174
-25
2480
-1139
3773
1497230
-404
-53
-161
2506
-1457
3648
1498255
-128
-114
-96
2665
-1520
2578
1499280
96
-40
-4
2586
-1145
2381
1492096
25
7
28
2856
-1321
2586
1493121
33
39
83
2964
-1527
2587
1494146
115
43
122
2841
-1446
2620
1495171
49
30
81
2808
-1446
2721
1496196
-35
25
45
2785
-1513
2747
1497221
-27
32
30
2692
-1514
2745
1498246
-19
16
5
2706
-1460
2860
1499271
-47
-8
1
2736
-1519
2855
1500296
1
-23
19
2703
-1546
2767
1501321
44
-34
15
2736
-1456
2715
1502346
-2
-26
-1
2791
-1456
2666
1503371
-22
-21
-4
2775
-1488
2685
1504396
15
-21
12
2800
-1522
2652
1505421
69
-23
20
2774
-1447
2673
1506446
36
-16
15
2758
-1428
2701
1507471
1
-10
7
2768
-1481
2721
1500288
20
-2
7
2801
-1486
2656
1501313
30
7
10
2774
-1467
2676
1502338
-6
2
2
2770
-1458
2745
1503363
-25
-1
3
2761
-1524
2700
1504388
19
4
2
2754
-1488
2685
1505413
26
2
-6
2756
-1435
2758
1506438
-5
-5
-8
2778
-1489
2718
1507463
3
1
0
2782
-1521
2634
1508488
37
7
-1
2776
-1411
2698
1509513
10
6
-3
2788
-1460
2717
1510538
27
14
-2
2761
-1497
2696
1511563
60
1
-4
2747
-1406
2770
1512588
36
-12
-1
2766
-1425
2740
1513613
5
-7
2
2775
-1427
2715
1514638
-9
-1
4
2768
-1448
2705
1515663
4
8
8
2796
-1522
2632
1508480
45
10
8
2775
-1454
2730
1509505
17
-2
4
2765
-1382
2776
1510530
-24
-5
2
2747
-1457
2745
1511555
-9
-1
-1
2747
-1456
2711
1512580
6
5
1
2770
-1465
2677
1513605
10
10
3
2787
-1453
2700
1514630
-10
5
2
2765
-1448
2750
1515655
-8
-5
2
2750
-1469
2754
1516680
16
-11
3
2761
-1429
2731
1517705
4
-7
2
2762
-1431
2709
1518730
-9
-6
4
2772
-1448
2704
1519755
-5
-3
5
2768
-1453
2729
1520780
16
-2
9
2758
-1466
2739
1521805
15
-9
3
2763
-1433
2760
1522830
-7
-17
-2
2766
-1437
2723
1523855
-10
-18
1
2753
-1461
2710
1516672
2
-16
1
2767
-1470
2716
1517697
15
-13
2
2778
-1436
2721
1518722
11
-17
5
2762
-1401
2720
1519747
-9
-20
6
2766
-1445
2711
1520772
6
-20
12
2776
-1451
2741
1521797
17
-21
16
2755
-1439
2736
1522822
0
-21
9
2781
-1459
2694
1523847
-7
-21
-2
2785
-1480
2727
1524872
-3
-23
-1
2743
-1470
2720
1525897
7
-26
0
2753
-1460
2695
1526922
17
-26
1
2799
-1411
2703
1527947
-2
-23
5
2795
-1417
2675
1528972
-8
-12
7
2787
-1483
2682
1529997
27
-11
6
2778
-1469
2710
1531022
18
-16
0
2767
-1408
2721
1532047
-12
-18
-6
2789
-1462
2709
1524864
3
-17
-6
2770
-1470
2701
1525889
25
-20
-5
2761
-1445
2713
1526914
22
-19
-2
2795
-1435
2716
1527939
1
-15
0
2781
-1441
2681
1528964
-9
-14
-1
2797
-1452
2673
1529989
11
-18
-3
2784
-1446
2736
1531014
19
-24
-3
2771
-1431
2738
1532039
12
-27
-8
2788
-1416
2706
1533064
-1
-26
-8
2789
-1422
2702
1534089
-5
-26
-4
2790
-1435
2692
1535114
14
-23
2
2790
-1449
2708
1536139
28
-26
5
2777
-1420
2712
1537164
4
-27
3
2802
-1419
2704
1538189
-14
-21
1
2817
-1443
2676
1539214
0
-19
1
2787
-1444
2666
1540239
14
-16
-1
2820
-1433
2654
1533057
10
-8
1
2811
-1397
2667
1534082
-15
-7
2
2800
-1404
2648
1535107
-16
-1
4
2816
-1452
2651
1536132
12
7
6
2789
-1424
2703
1537157
10
4
7
2791
-1421
2685
1538182
-6
10
2
2820
-1434
2659
1539207
1
7
-10
2824
-1518
2751
1540232
31
24
2
2848
-1267
2894
1541257
-152
73
100
2794
-1120
2909
1542282
-384
107
33
2543
-1945
2558
1543307
379
-49
-95
2493
-1975
2764
1544332
1084
-106
21
3226
-1265
2615
1545357
561
-9
111
2831
-810
2241
1546382
-255
153
18
2849
-1316
2191
1547407
-267
213
44
2936
-1570
2369
1548432
-103
186
59
2832
-1381
2762
1541247
-341
106
-43
2566
-1200
3550
1542272
-418
-33
-96
2566
-1612
3389
1543297
-122
-76
-53
2642
-1494
2747
1544322
25
-51
-5
2642
-1173
2607
1545347
-58
-28
22
2766
-1415
2770
1546372
-21
-47
40
2820
-1566
2866
1547397
42
-65
43
2763
-1466
2750
1548422
41
-73
36
2797
-1351
2656
1549447
-10
-60
33
2846
-1456
2595
1550472
-23
-37
12
2803
-1524
2632
1551497
7
-33
-2
2772
-1464
2715
1552522
15
-27
2
2776
-1481
2746
1553547
21
-33
-1
2757
-1437
2744
1554572
-6
-34
-4
2772
-1438
2648
1555597
2
-8
-3
2807
-1498
2586
1556622
36
10
-6
2794
-1404
2689
1549441
6
2
-2
2781
-1384
2769
1550466
-12
-11
2
2799
-1422
2757
1551491
-10
-18
-3
2769
-1411
2713
1552516
-17
-12
-9
2802
-1443
2609
1553541
15
16
-5
2815
-1480
2623
1554566
26
16
-1
2755
-1386
2789
1555591
-33
-8
-1
2775
-1404
2802
1556616
-45
-22
-4
2776
-1464
2732
1557641
-11
-11
-1
2776
-1455
2638
1558666
11
3
-5
2798
-1435
2669
1559691
11
6
-3
2811
-1426
2726
1560716
-10
-2
0
2777
-1398
2739
1561741
-24
-13
-3
2783
-1432
2735
1562766
-12
-12
-4
2758
-1458
2731
1563791
17
-7
3
2750
-1447
2720
1564816
35
-9
18
2805
-1432
2702
1557632
19
-10
19
2793
-1401
2730
1558657
-18
-24
11
2767
-1406
2787
1559682
-28
-42
4
2775
-1464
2765
1560707
16
-41
7
2782
-1455
2666
1561732
21
-37
1
2801
-1416
2658
1562757
-7
-31
0
2837
-1437
2641
1563782
-6
-25
-1
2807
-1447
2653
1564807
11
-21
-2
2792
-1427
2671
1565832
9
-12
-4
2805
-1436
2650
1566857
-2
9
-1
2814
-1435
2629
1567882
-9
24
-3
2812
-1447
2642
1568907
0
35
-5
2796
-1470
2682
1569932
20
25
-4
2775
-1424
2760
1570957
9
9
-6
2781
-1436
2759
1571982
-3
11
-1
2781
-1429
2688
1573007
-5
18
-1
2788
-1408
2724
1565824
-16
9
-9
2802
-1429
2763
1566849
-1
2
-5
2779
-1432
2706
1567874
12
-12
-1
2769
-1394
2743
1568899
-17
-17
-2
2788
-1411
2729
1569924
-12
-9
4
2795
-1456
2657
1570949
18
-5
7
2789
-1409
2694
1571974
9
-12
5
2804
-1378
2727
1572999
-15
-14
7
2802
-1424
2687
1574024
-14
-6
5
2798
-1435
2670
1575049
6
3
7
2812
-1448
2659
1576074
9
8
4
2793
-1432
2700
1577099
-10
6
0
2784
-1425
2717
1578124
-12
5
0
2792
-1448
2700
1579149
0
11
1
2793
-1469
2679
1580174
15
12
-3
2789
-1431
2718
1581199
0
5
-5
2784
-1398
2749
1574016
-14
2
-4
2779
-1418
2718
1575041
0
4
1
2788
-1413
2707
1576066
7
3
6
2778
-1406
2721
1577091
-6
0
5
2795
-1399
2718
1578116
-20
3
6
2785
-1434
2710
1579141
-13
0
7
2780
-1430
2703
1580166
-5
-3
7
2799
-1444
2696
1581191
21
4
12
2788
-1431
2672
1582216
17
3
11
2784
-1382
2711
1583241
-18
10
10
2801
-1453
2706
1584266
1
25
12
2773
-1491
2668
1585291
27
16
9
2768
-1382
2751
1586316
-8
6
8
2795
-1436
2749
1587341
-12
7
5
2786
-1460
2699
1588366
1
10
5
2760
-1435
2738
1589391
39
-2
12
2732
-1441
2849
1582209
51
-54
59
2743
-1341
3002
1583234
-268
-11
36
2930
-1096
2628
1584259
-453
149
-18
2691
-1532
2148
1585284
174
-16
-78
2501
-2065
2990
1586309
590
-63
-66
3146
-1611
2892
1587334
243
19
-13
2708
-1190
2427
1588359
-237
74
-54
2823
-1192
2358
1589384
-310
146
-8
2972
-1430
2290
1590409
-108
193
61
2712
-1602
2702
1591434
1
52
-18
2511
-1364
3673
1592459
-100
-96
-92
2731
-1369
3309
1593484
-108
-105
-39
2652
-1365
2679
1594509
-280
-67
-31
2676
-1120
2552
1595534
-444
-26
16
2873
-1351
2542
1596559
-327
4
62
2879
-1635
2578
1597584
-72
-9
66
2777
-1574
2674
1590399
39
-40
53
2755
-1506
2750
1591424
43
-49
48
2716
-1567
2755
1592449
60
-54
32
2742
-1547
2726
1593474
22
-30
19
2797
-1513
2628
1594499
-35
-13
8
2800
-1542
2600
1595524
-48
-15
-6
2784
-1542
2657
1596549
-7
-26
-6
2771
-1523
2676
1597574
44
-22
2
2791
-1482
2617
1598599
36
6
5
2808
-1434
2596
1599624
-11
32
7
2814
-1503
2614
1600649
-5
36
7
2785
-1509
2723
1601674
5
18
7
2738
-1517
2769
1602699
10
7
0
2736
-1523
2712
1603724
25
8
1
2778
-1524
2645
1604749
58
39
11
2800
-1527
2558
1605774
99
39
4
2758
-1481
2771
1598592
82
9
1
2753
-1481
2844
1599617
90
-12
3
2725
-1477
2753
1600642
54
-17
-5
2755
-1403
2694
1601667
-10
-2
0
2803
-1478
2644
1602692
-9
5
5
2777
-1453
2704
1603717
-12
1
9
2786
-1478
2722
1604742
8
-2
10
2762
-1491
2716
1605767
2
-2
5
2754
-1450
2700
1606792
-16
3
4
2766
-1506
2696
1607817
3
8
7
2773
-1519
2694
1608842
11
6
6
2762
-1472
2726
1609867
-15
-4
-1
2769
-1480
2773
1610892
-17
-13
2
2740
-1487
2742
1611917
-11
-15
-2
2759
-1505
2675
1612942
10
0
-1
2792
-1458
2617
1613967
10
7
8
2785
-1443
2672
1606784
-20
5
4
2775
-1503
2726
1607809
4
1
4
2752
-1514
2705
1608834
28
-3
0
2737
-1457
2735
1609859
3
2
-3
2777
-1464
2727
1610884
-10
4
1
2770
-1491
2691
1611909
2
-1
6
2749
-1484
2728
1612934
18
-13
7
2769
-1463
2756
1613959
15
-18
7
2762
-1468
2718
1614984
-1
-14
6
2752
-1465
2700
1616009
-6
-12
7
2762
-1497
2706
1617034
5
-10
13
2774
-1497
2676
1618059
12
-4
11
2795
-1464
2657
1619084
9
-1
6
2787
-1466
2701
1620109
2
-6
2
2754
-1480
2741
1621134
3
-10
3
2748
-1501
2708
1622159
10
1
5
2760
-1489
2679
1614976
16
13
7
2780
-1486
2687
1616001
13
8
2
2772
-1467
2766
1617026
15
-5
1
2743
-1477
2751
1618051
44
-17
1
2743
-1498
2720
1619076
96
-22
5
2764
-1486
2707
1620101
122
-15
11
2778
-1469
2669
1621126
87
-8
3
2771
-1407
2710
1622151
7
-11
-6
2780
-1415
2751
1623176
-30
-9
-5
2758
-1478
2728
1624201
8
-2
6
2766
-1479
2686
1625226
31
3
4
2791
-1423
2697
1626251
9
6
2
2783
-1424
2700
1627276
-9
5
-2
2772
-1442
2726
1628301
-2
1
1
2756
-1451
2770
1629326
9
-8
1
2744
-1465
2759
1630351
10
-16
-1
2760
-1453
2721
1623374
7
-12
4
2784
-1448
2682
1624399
-3
-4
4
2774
-1431
2722
1625424
-8
-5
6
2766
-1460
2745
1626449
8
-8
6
2754
-1466
2714
1627474
3
-12
-1
2766
-1428
2706
1628499
-12
-9
-1
2786
-1472
2695
1629524
5
-4
-1
2763
-1475
2721
1630549
9
-11
-6
2762
-1448
2736
1631574
-6
-16
-8
2777
-1441
2716
1632599
-10
-13
-7
2779
-1432
2682
1633624
8
-7
2
2772
-1454
2691
1634649
15
-5
2
2767
-1435
2743
1635674
-2
-8
0
2769
-1436
2744
1636699
-10
-11
-1
2779
-1461
2698
1637724
-4
-9
-3
2765
-1452
2700
1638749
1
-7
-5
2777
-1451
2708
1631360
4
-4
-5
2791
-1452
2707
1632385
-5
-2
-10
2771
-1418
2710
1633410
-18
-6
-8
2774
-1432
2708
1634435
-11
-1
-6
2790
-1452
2729
1635460
-23
34
-10
2843
-1205
2730
1636485
-394
111
20
2819
-481
2596
1637510
-1054
99
-6
2846
-1871
2507
1638535
-534
39
-96
2287
-2875
3173
1639560
879
-167
-49
2773
-1807
3148
1640585
863
-162
66
2891
-826
2712
1641610
-18
20
23
2785
-1268
2205
1642635
-153
89
55
2943
-1615
1905
1643660
187
124
115
2934
-1620
2301
1644685
80
28
28
2602
-1326
3645
1645710
-195
-131
-86
2629
-1419
3478
1646735
28
-162
-2
2711
-1385
2523
1639552
1
-80
27
2641
-1125
2405
1640577
-324
-25
-12
2865
-1417
2664
1641602
-319
-15
31
2878
-1698
2708
1642627
-52
-33
72
2756
-1594
2609
1643652
56
-46
57
2795
-1447
2659
1644677
-23
-35
25
2800
-1552
2632
1645702
9
-15
19
2794
-1623
2512
1646727
63
2
3
2795
-1496
2626
1647752
-3
-3
-10
2805
-1528
2735
1648777
-17
-14
-8
2781
-1532
2674
1649802
9
-5
-13
2772
-1497
2627
1650827
11
10
-17
2775
-1460
2663
1651852
-5
14
-10
2786
-1511
2677
1652877
16
7
-3
2782
-1504
2677
1653902
33
1
2
2808
-1461
2680
1654927
13
1
-2
2794
-1500
2679
1647744
7
2
-6
2774
-1501
2682
1648769
11
-6
-7
2754
-1456
2756
1649794
0
-22
-2
2771
-1479
2742
1650819
-2
-26
5
2776
-1496
2667
1651844
-1
-21
2
2794
-1506
2637
1652869
7
-14
0
2814
-1524
2628
1653894
26
-12
2
2787
-1481
2681
1654919
6
-21
1
2780
-1453
2721
1655944
-24
-21
-6
2796
-1472
2670
1656969
-10
-13
-1
2791
-1488
2636
1657994
13
-5
5
2801
-1507
2601
1659019
21
6
5
2810
-1498
2647
1660044
3
2
3
2799
-1467
2704
1661069
-18
-5
-1
2783
-1494
2686
1662094
-20
-4
-8
2778
-1481
2692
1663119
-4
-2
-5
2789
-1497
2666
1655937
18
0
0
2788
-1479
2646
1656962
5
-1
2
2799
-1460
2668
1657987
-14
-3
8
2812
-1496
2657
1659012
4
1
15
2796
-1490
2672
1660037
12
-1
11
2775
-1485
2728
1661062
-10
-12
0
2783
-1508
2731
1662087
-5
-18
1
2776
-1509
2682
1663112
0
-17
7
2802
-1502
2622
1664137
8
-5
5
2817
-1517
2625
1665162
13
-10
-2
2791
-1445
2719
1666187
-9
-20
-3
2786
-1481
2716
1667212
4
-20
4
2772
-1485
2650
1668237
13
-16
10
2782
-1436
2648
1669262
-16
-10
10
2843
-1504
2630
1670287
-8
6
14
2817
-1514
2633
1671312
0
0
5
2772
-1473
2697
1664128
-16
-11
-2
2792
-1521
2672
1665153
2
-5
2
2805
-1493
2617
1666178
-1
9
-1
2796
-1468
2644
1667203
-26
15
-7
2803
-1501
2660
1668228
-10
17
0
2786
-1495
2656
1669253
-2
16
2
2792
-1462
2694
1670278
-3
8
4
2806
-1467
2694
1671303
-20
7
3
2789
-1477
2658
1672328
-19
7
4
2795
-1480
2646
1673353
-6
11
11
2779
-1483
2663
1674378
2
16
20
2784
-1478
2657
1675403
-3
19
21
2796
-1470
2683
1676428
-26
15
16
2782
-1514
2684
1677453
-24
12
10
2771
-1549
2670
1678478
6
13
9
2784
-1539
2674
1679503
13
15
4
2785
-1470
2677
1672320
-27
17
-3
2813
-1464
2660
1673345
-34
17
-2
2780
-1510
2665
1674370
1
15
5
2746
-1516
2667
1675395
30
19
10
2768
-1497
2690
1676420
23
16
9
2796
-1452
2721
1677445
-25
8
4
2781
-1489
2715
1678470
-22
0
1
2774
-1564
2693
1679495
34
-9
3
2729
-1556
2713
1680520
45
-18
4
2739
-1478
2728
1681545
10
-21
5
2782
-1495
2681
1682570
-2
-10
6
2797
-1513
2651
1683595
13
-9
2
2787
-1487
2709
1684620
17
-14
-2
2786
-1488
2689
1685645
19
-14
-3
2780
-1463
2641
1686670
6
-5
-2
2814
-1442
2652
1687695
-3
9
5
2793
-1500
2672
1680512
18
11
9
2761
-1497
2676
1681537
13
12
5
2761
-1498
2708
1682562
-9
7
-2
2766
-1507
2724
1683587
-7
-1
-2
2767
-1495
2700
1684612
3
-9
-4
2774
-1475
2703
1685637
10
-13
-2
2786
-1493
2690
1686662
18
-12
1
2788
-1477
2702
1687687
10
-15
2
2755
-1435
2736
1688712
-2
-25
7
2759
-1470
2729
1689737
9
-29
16
2777
-1475
2694
1690762
11
-28
21
2786
-1482
2663
1691787
6
-29
20
2783
-1482
2669
1692812
0
-34
19
2782
-1487
2695
1693837
-2
-35
19
2783
-1525
2662
1694862
5
-27
16
2805
-1513
2632
1695887
9
-16
10
2816
-1491
2651
1688704
5
-15
0
2791
-1471
2684
1689729
6
-17
1
2776
-1472
2684
1690754
15
-17
8
2785
-1485
2666
1691779
14
-21
11
2774
-1445
2728
1692804
11
-37
20
2744
-1463
2790
1693829
16
-62
35
2765
-1486
2743
1694854
15
-74
41
2782
-1476
2686
1695879
13
-78
41
2811
-1477
2659
1696904
17
-79
39
2818
-1520
2674
1697929
19
-84
32
2809
-1507
2649
1698954
-11
-77
23
2811
-1481
2589
1699979
-34
-51
9
2828
-1480
2585
1701004
-22
-35
4
2841
-1477
2610
1702029
-5
-37
7
2836
-1468
2591
1703054
-5
-34
11
2821
-1473
2590
1704079
-49
-17
11
2806
-1417
2605
1696896
-136
11
11
2814
-1479
2528
1697921
-128
17
30
2796
-1657
2616
1698946
-76
-4
20
2817
-1585
2731
1699971
-105
-21
-4
2823
-1434
2727
1700996
-147
-24
-8
2817
-1541
2605
1702021
-84
-24
2
2807
-1655
2583
1703046
-48
-28
-6
2858
-1461
2588
1704071
-133
-7
-8
2825
-1451
2608
1705096
-119
-8
11
2770
-1642
2688
1706121
-32
-29
24
2799
-1589
2706
1707146
-17
-39
26
2806
-1554
2682
1708171
-87
-54
8
2811
-1496
2639
1709196
-135
-72
4
2818
-1620
2598
1710221
-89
-94
11
2800
-1679
2600
1711246
-49
-113
10
2824
-1589
2618
1712271
-124
-123
-2
2830
-1508
2631
1705087
-187
-126
-2
2833
-1572
2584
1706112
-115
-129
27
2850
-1619
2503
1707137
-64
-121
39
2877
-1532
2437
1708162
-128
-86
41
2891
-1539
2387
1709187
-185
-58
31
2879
-1635
2397
1710212
-187
-46
26
2885
-1669
2421
1711237
-176
-27
21
2889
-1708
2407
1712262
-123
1
11
2884
-1735
2416
1713287
-21
11
6
2869
-1713
2418
1714312
39
12
-1
2866
-1656
2414
1715337
39
21
-7
2867
-1624
2408
1716362
26
31
-5
2866
-1611
2466
1717387
18
35
1
2853
-1606
2511
1718412
19
37
10
2862
-1594
2504
1719437
4
34
7
2869
-1612
2503
1720462
-18
33
3
2843
-1631
2526
1713281
-9
26
11
2830
-1627
2536
1714306
14
11
19
2840
-1662
2535
1715331
9
1
15
2845
-1644
2531
1716356
-7
-3
16
2843
-1635
2523
1717381
-6
-4
20
2830
-1642
2539
1718406
13
-16
25
2822
-1641
2586
1719431
43
-41
32
2835
-1629
2589
1720456
42
-58
39
2855
-1600
2518
1721481
2
-58
36
2839
-1621
2487
1722506
-9
-53
37
2836
-1693
2477
1723531
17
-51
42
2867
-1720
2453
1724556
20
-46
38
2880
-1665
2423
1725581
-5
-32
27
2867
-1654
2422
1726606
-9
-14
16
2891
-1700
2401
1727631
6
6
7
2865
-1663
2419
1728656
17
11
4
2862
-1634
2448
1721473
8
16
4
2870
-1639
2469
1722498
4
26
8
2839
-1649
2474
1723523
5
31
13
2835
-1649
2471
1724548
-8
33
11
2869
-1658
2487
1725573
-19
38
11
2842
-1667
2532
1726598
-14
31
6
2809
-1653
2562
1727623
10
17
8
2833
-1666
2541
1728648
21
5
13
2848
-1612
2506
1729673
-3
1
18
2854
-1579
2510
1730698
-26
-1
20
2848
-1626
2540
1731723
-6
-2
28
2834
-1707
2494
1732748
25
-5
32
2826
-1670
2478
1733773
11
-5
27
2858
-1659
2493
1734798
-18
1
17
2841
-1688
2497
1735823
-6
2
15
2830
-1719
2480
1736848
24
5
11
2849
-1695
2449
1729665
21
13
6
2864
-1629
2458
1730690
-8
23
4
2853
-1642
2486
1731715
-10
29
3
2834
-1697
2489
1732740
11
29
2
2820
-1679
2503
1733765
14
26
0
2834
-1664
2508
1734790
1
29
-4
2836
-1667
2531
1735815
5
28
-5
2808
-1660
2580
1736840
29
13
-1
2817
-1660
2568
1737865
33
5
2
2837
-1606
2515
1738890
18
3
8
2821
-1626
2508
1739915
8
2
9
2823
-1648
2539
1740940
28
3
17
2821
-1662
2524
1741965
48
3
21
2841
-1652
2491
1742990
32
5
14
2860
-1626
2512
1744015
-4
6
4
2824
-1660
2543
1745040
-15
5
-2
2805
-1699
2526
1737856
9
11
-2
2811
-1683
2511
1738881
17
16
-3
2838
-1635
2511
1739906
-8
18
-7
2839
-1626
2540
1740931
-14
16
-7
2809
-1656
2561
1741956
15
12
3
2796
-1660
2550
1742981
23
5
7
2818
-1613
2562
1744006
-12
5
4
2842
-1619
2577
1745031
-35
-4
-5
2805
-1676
2590
1746056
-16
-17
-8
2767
-1709
2603
1747081
23
-34
-1
2788
-1719
2577
1748106
34
-42
4
2839
-1620
2521
1749131
-11
-41
-1
2845
-1621
2515
1750156
-56
-41
-19
2831
-1696
2539
1751181
-10
-44
-20
2830
-1704
2505
1752206
53
-40
-16
2845
-1605
2475
1753231
44
-29
-18
2859
-1561
2484
1746048
10
-18
-15
2851
-1595
2499
1747073
-3
-9
-3
2843
-1606
2469
1748098
-4
1
5
2841
-1599
2475
1749123
-3
9
13
2854
-1623
2498
1750148
-7
15
13
2841
-1641
2497
1751173
-8
19
10
2825
-1676
2507
1752198
-4
22
3
2849
-1678
2506
1753223
-7
28
-2
2845
-1649
2503
1754248
-20
32
-8
2827
-1660
2519
1755273
-14
32
-12
2815
-1663
2556
1756298
11
26
-7
2824
-1632
2571
1757323
16
17
-3
2830
-1588
2567
1758348
-7
10
0
2835
-1598
2571
1759373
-26
3
1
2817
-1641
2587
1760398
-9
-7
8
2790
-1656
2576
1761423
9
-14
10
2824
-1653
2548
1754240
6
-15
9
2854
-1631
2530
1755265
-9
-13
5
2823
-1647
2529
1756290
-2
-15
5
2819
-1667
2530
1757315
15
-12
7
2842
-1640
2528
1758340
1
-8
2
2850
-1622
2518
1759365
-22
-6
-5
2836
-1646
2525
1760390
-12
-7
-2
2819
-1671
2530
1761415
14
-6
4
2824
-1651
2518
1762440
21
-4
8
2839
-1618
2539
1763465
-3
-3
7
2842
-1612
2540
1764490
-20
-4
5
2834
-1640
2549
1765515
-5
-9
4
2825
-1660
2547
1766540
13
-14
3
2826
-1652
2518
1767565
10
-15
5
2831
-1630
2514
1768590
-10
-7
3
2834
-1650
2533
1769615
-11
-1
2
2824
-1678
2542
1762538
6
-4
-1
2825
-1672
2522
1763563
10
-12
-6
2841
-1630
2512
1764588
-9
-11
-6
2859
-1599
2506
1765613
-18
-2
-3
2835
-1619
2499
1766638
-5
7
2
2827
-1629
2496
1767663
5
14
3
2853
-1628
2519
1768688
3
16
6
2832
-1635
2537
1769713
-3
17
9
2813
-1647
2537
1770738
1
16
10
2831
-1666
2560
1771763
4
10
8
2832
-1639
2556
1772788
-8
4
3
2827
-1627
2546
1773813
-12
0
-1
2819
-1646
2553
1774838
5
-4
5
2816
-1650
2540
1775863
14
-4
10
2833
-1630
2531
1776888
-4
0
9
2843
-1617
2523
1777913
-23
4
6
2827
-1655
2532
1770624
-7
6
4
2823
-1663
2530
1771649
17
4
7
2824
-1643
2513
1772674
9
6
6
2840
-1614
2525
1773699
-13
11
2
2827
-1627
2538
1774724
-14
13
1
2813
-1664
2558
1775749
9
8
1
2812
-1658
2568
1776774
18
1
2
2829
-1626
2563
1777799
1
-3
3
2822
-1611
2541
1778824
-16
-3
4
2821
-1641
2533
1779849
2
0
9
2823
-1661
2548
1780874
26
-4
13
2818
-1636
2544
1781899
10
-4
10
2830
-1627
2536
1782924
-11
2
4
2848
-1657
2524
1783949
-18
12
-2
2822
-1654
2519
1784974
-7
11
-5
2817
-1647
2560
1785999
17
7
-2
2825
-1630
2553
1778816
17
6
2
2817
-1603
2546
1779841
-11
8
2
2824
-1618
2545
1780866
-21
11
1
2810
-1641
2583
1781891
-6
7
4
2796
-1670
2580
1782916
17
1
7
2816
-1655
2555
1783941
20
-5
8
2826
-1626
2560
1784966
-7
-7
4
2812
-1612
2580
1785991
-18
-6
4
2825
-1641
2552
1787016
-3
-4
4
2828
-1658
2525
1788041
6
-4
2
2826
-1622
2533
1789066
-2
-2
0
2816
-1637
2559
1790091
-1
2
2
2799
-1648
2553
1791116
12
2
5
2819
-1653
2542
1792141
5
1
3
2829
-1626
2556
1793166
-11
0
-1
2822
-1636
2562
1794191
