Device = VHR-0009
time_stamp = 1779699736816
sample_rate = 50
Data format = INT16
TYPE = 6-AXIS IMU RAW DATA
1
-9
3
-1128
309
4138
107650
9
-12
8
-1144
294
4135
108675
6
-14
7
-1139
310
4138
109700
-12
-8
7
-1133
313
4154
110725
-10
-4
9
-1149
313
4158
111750
-4
-4
9
-1127
340
4151
112775
-12
2
12
-1116
343
4147
113800
-11
5
10
-1127
350
4150
114825
-8
7
5
-1132
340
4137
115850
3
2
0
-1133
331
4126
116875
10
-1
-4
-1135
321
4132
117900
9
-1
-7
-1140
311
4137
118925
0
0
-3
-1138
300
4137
119950
-2
3
2
-1141
294
4127
120975
5
-1
5
-1150
296
4132
122000
7
-3
9
-1144
313
4140
123025
1
-3
14
-1133
331
4130
115840
-6
-2
15
-1138
343
4129
116865
-2
-4
9
-1138
351
4127
117890
6
-8
2
-1128
350
4126
118915
10
-9
-6
-1132
331
4136
119940
13
-8
-10
-1143
318
4139
120965
9
-3
-8
-1143
297
4140
121990
6
0
-1
-1158
303
4144
123015
2
0
7
-1153
297
4120
124040
6
-3
11
-1146
317
4117
125065
-4
-8
11
-1138
325
4124
126090
-12
-7
11
-1128
320
4127
127115
-3
-10
13
-1138
335
4141
128140
3
-10
9
-1135
334
4146
129165
7
-6
9
-1129
332
4153
130190
5
-1
9
-1136
324
4147
131215
0
2
10
-1139
319
4147
124033
6
3
12
-1130
314
4137
125058
11
0
12
-1141
337
4128
126083
8
0
10
-1135
352
4142
127108
17
-1
8
-1137
367
4142
128133
10
1
2
-1131
378
4140
129158
-3
7
-4
-1125
358
4142
130183
-4
8
-3
-1123
347
4140
131208
-4
11
1
-1137
346
4134
132233
-7
13
5
-1142
335
4129
133258
-4
12
7
-1146
332
4118
134283
-6
8
6
-1146
327
4111
135308
-12
5
2
-1149
315
4105
136333
-12
0
5
-1162
306
4112
137358
-14
-4
12
-1162
304
4119
138383
-11
-8
15
-1155
306
4126
139408
-4
11
1
-1137
346
4134
132233
-7
13
5
-1142
335
4129
133258
-4
12
7
-1146
332
4118
134283
-6
8
6
-1146
327
4111
135308
-12
5
2
-1149
315
4105
136333
-12
0
5
-1162
306
4112
137358
-14
-4
12
-1162
304
4119
138383
-11
-8
15
-1155
306
4126
139408
-18
-6
18
-1145
319
4130
132225
-28
-2
21
-1137
315
4132
133250
-19
-6
23
-1143
325
4122
134275
-7
-13
18
-1136
344
4121
135300
-3
-14
10
-1140
344
4142
136325
0
-14
5
-1135
335
4152
137350
1
-10
2
-1137
314
4148
138375
4
-7
2
-1138
315
4151
139400
2
-4
3
-1153
322
4147
140425
3
-2
3
-1149
333
4127
141450
3
-3
2
-1142
331
4121
142475
-2
-6
1
-1144
322
4120
143500
-4
-8
1
-1148
322
4128
144525
1
-12
2
-1137
324
4131
145550
1
-12
7
-1120
314
4136
146575
1
-9
9
-1137
307
4147
147600
4
-9
6
-1132
313
4159
140624
4
-6
7
-1136
314
4142
141649
-8
1
10
-1150
327
4139
142674
-12
1
6
-1160
330
4139
143699
-6
-4
0
-1139
337
4119
144724
-10
-5
0
-1135
336
4125
145749
-15
-6
3
-1128
327
4126
146774
-17
-6
8
-1126
328
4119
147799
-11
-9
12
-1139
325
4129
148824
3
-14
11
-1132
331
4138
149849
5
-14
8
-1129
328
4137
150874
-2
-10
4
-1135
311
4161
151899
-2
-6
1
-1126
305
4156
152924
-1
-3
3
-1123
316
4144
153949
-2
0
2
-1136
322
4141
154974
-3
0
-2
-1141
312
4142
155999
1
-2
-1
-1143
299
4139
148608
8
-3
3
-1128
319
4139
149633
4
0
6
-1127
329
4132
150658
3
2
6
-1127
343
4129
151683
2
1
2
-1144
346
4131
152708
2
-1
-3
-1150
327
4136
153733
10
-3
-9
-1139
307
4143
154758
18
-4
-9
-1124
305
4151
155783
10
0
-4
-1131
311
4149
156808
2
8
1
-1140
332
4139
157833
-6
12
-1
-1151
332
4140
158858
-3
11
-3
-1150
316
4137
159883
-3
9
-1
-1142
328
4134
160908
-17
12
3
-1145
321
4132
161933
-23
13
5
-1142
311
4132
162958
-14
11
9
-1148
311
4134
163983
-1
7
9
-1158
321
4132
156800
0
6
10
-1150
302
4142
157825
-3
10
14
-1157
290
4145
158850
-7
15
14
-1171
293
4144
159875
-6
14
7
-1154
307
4139
160900
-4
15
9
-1152
329
4128
161925
-18
20
14
-1170
326
4120
162950
-21
20
17
-1170
334
4111
163975
-13
16
20
-1167
324
4123
165000
-2
13
21
-1152
323
4126
166025
6
9
18
-1145
329
4120
167050
3
9
17
-1152
312
4138
168075
11
9
15
-1164
314
4161
169100
15
11
6
-1158
303
4164
170125
16
17
1
-1171
304
4150
171150
11
25
2
-1170
315
4147
172175
9
30
6
-1169
329
4132
164992
10
32
11
-1178
333
4124
166017
16
30
11
-1187
334
4119
167042
19
27
6
-1170
336
4110
168067
17
25
7
-1189
344
4094
169092
10
21
11
-1207
337
4077
170117
9
12
14
-1210
326
4073
171142
19
-2
14
-1201
306
4092
172167
27
-11
18
-1188
285
4109
173192
29
-15
26
-1178
280
4137
174217
20
-10
36
-1171
311
4145
175242
-3
1
44
-1194
327
4146
176267
-6
6
43
-1199
351
4131
177292
4
3
37
-1187
385
4115
178317
4
4
30
-1175
396
4109
179342
5
3
22
-1174
383
4128
180367
22
-2
14
-1171
386
4122
173183
25
-3
8
-1168
390
4121
174208
9
4
2
-1183
367
4123
175233
0
9
-1
-1207
343
4114
176258
7
5
0
-1208
338
4105
177283
3
0
2
-1202
341
4092
178308
-4
-3
11
-1202
336
4098
179333
-12
-5
23
-1213
323
4102
180358
-6
-13
27
-1193
343
4117
181383
-10
-15
31
-1175
345
4107
182408
-5
-16
31
-1173
376
4119
183433
-2
-18
29
-1170
365
4130
184458
16
-20
21
-1169
365
4140
185483
22
-16
11
-1179
370
4151
186508
8
-7
3
-1174
372
4143
187533
-3
3
2
-1183
357
4130
188558
-9
7
10
-1199
348
4110
181376
-4
3
14
-1191
330
4117
182401
15
-6
16
-1182
357
4111
183426
8
-6
15
-1161
372
4110
184451
-7
-4
13
-1169
407
4102
185476
-28
0
7
-1179
380
4121
186501
-6
-4
6
-1197
344
4107
187526
20
-16
6
-1183
360
4109
188551
2
-10
9
-1184
339
4113
189576
-2
-9
13
-1195
333
4124
190601
3
-10
17
-1186
322
4125
191626
12
-11
18
-1172
326
4130
192651
19
-9
18
-1163
341
4145
193676
11
0
21
-1183
344
4173
194701
10
9
23
-1174
355
4186
195726
17
22
23
-1172
376
4162
196751
15
34
19
-1185
384
4151
189568
16
42
18
-1185
382
4118
190593
22
38
17
-1183
396
4105
191618
17
36
13
-1180
380
4089
192643
22
30
11
-1206
377
4092
193668
22
22
4
-1220
356
4102
194693
22
16
-1
-1210
349
4112
195718
16
18
7
-1215
363
4122
196743
2
25
19
-1211
351
4132
197768
6
31
29
-1203
375
4138
198793
8
34
32
-1201
402
4119
199818
9
35
26
-1202
425
4091
200843
13
32
20
-1207
430
4088
201868
23
23
11
-1217
415
4085
202893
24
19
4
-1216
411
4091
203918
12
19
2
-1223
414
4085
204943
-1
21
4
-1241
398
4078
197760
-9
18
7
-1249
361
4078
198785
-6
11
13
-1246
357
4085
199810
-5
7
25
-1234
362
4089
200835
-7
5
35
-1234
372
4106
201860
-5
2
35
-1224
394
4105
202885
-4
2
31
-1219
421
4095
203910
-9
3
25
-1227
424
4094
204935
-6
-1
15
-1229
424
4080
205960
-1
-7
3
-1237
416
4076
206985
2
-11
-1
-1245
385
4086
208010
6
-16
2
-1234
386
4106
209035
-14
-14
8
-1230
394
4107
210060
-40
-1
9
-1236
339
4129
211085
-11
-8
9
-1227
378
4115
212110
-14
-2
14
-1239
391
4094
213135
-10
-4
16
-1225
403
4105
205952
4
-12
13
-1217
426
4088
206977
1
-12
7
-1229
410
4075
208002
4
-18
5
-1239
393
4092
209027
17
-26
3
-1220
379
4106
210052
28
-27
-1
-1213
394
4126
211077
25
-22
-2
-1212
389
4129
212102
18
-14
-8
-1204
409
4135
213127
1
-2
-7
-1218
408
4125
214152
-2
5
-9
-1239
417
4112
215177
-7
6
-11
-1252
435
4083
216202
-18
12
-10
-1304
397
4083
217227
15
4
-4
-1296
356
4127
218252
37
0
12
-1224
342
4141
219277
22
11
32
-1188
368
4137
220302
-5
28
41
-1178
372
4120
221327
-15
31
44
-1158
354
4092
214145
-11
23
56
-1178
355
4071
215170
-3
9
59
-1205
375
4068
216195
10
-6
53
-1233
420
4082
217220
7
-9
45
-1252
444
4110
218245
-2
-2
38
-1258
451
4116
219270
-5
4
35
-1254
441
4118
220295
-3
10
34
-1235
425
4118
221320
3
15
30
-1221
439
4103
222345
-5
15
23
-1219
439
4069
223370
-18
12
14
-1232
424
4039
224395
-16
2
18
-1251
404
4050
225420
-4
-15
23
-1259
396
4060
226445
3
-30
23
-1236
394
4079
227470
0
-32
19
-1217
393
4107
228495
-6
-29
17
-1212
384
4137
229520
-5
-22
16
-1215
385
4150
222336
1
-13
15
-1227
386
4158
223361
2
-2
14
-1223
402
4145
224386
2
7
13
-1212
429
4130
225411
1
13
13
-1221
440
4111
226436
6
10
9
-1227
452
4085
227461
10
6
2
-1221
447
4077
228486
13
1
-3
-1239
440
4083
229511
9
-5
-13
-1232
430
4078
230536
4
-8
-23
-1229
417
4084
231561
-9
-8
-23
-1244
411
4069
232586
-34
-5
-16
-1254
394
4059
233611
-27
-12
-4
-1237
381
4084
234636
-6
-22
9
-1239
384
4084
235661
-2
-28
15
-1215
418
4099
236686
-13
-25
17
-1214
417
4102
237711
-9
-26
10
-1217
456
4108
230528
-17
-21
-1
-1221
414
4107
231553
-5
-25
-14
-1203
396
4126
232578
3
-22
-17
-1195
399
4126
233603
-10
-10
-13
-1209
398
4123
234628
-14
-5
-7
-1228
401
4113
235653
-10
-6
-4
-1234
398
4101
236678
2
-11
-2
-1223
388
4102
237703
1
-9
-2
-1219
394
4110
238728
-7
-6
-2
-1211
388
4107
239753
-7
-7
2
-1208
395
4108
240778
-9
-5
8
-1218
394
4101
241803
-4
-6
12
-1221
396
4112
242828
0
-7
14
-1213
405
4107
243853
-4
-5
15
-1206
418
4109
244878
-2
-3
10
-1199
417
4121
245903
5
-5
3
-1204
418
4121
238721
9
-4
-4
-1205
420
4130
239746
10
5
-9
-1216
410
4128
240771
6
12
-8
-1215
392
4132
241796
11
15
-7
-1221
383
4118
242821
23
15
-4
-1218
396
4108
243846
23
17
2
-1223
392
4101
244871
22
16
5
-1225
393
4095
245896
36
12
4
-1225
404
4096
246921
48
5
1
-1232
428
4077
247946
35
6
-7
-1232
411
4083
248971
27
8
-13
-1235
409
4098
249996
25
5
-11
-1240
417
4089
251021
23
7
-8
-1242
415
4092
252046
22
4
0
-1241
426
4095
253071
18
3
7
-1225
411
4107
254096
32
2
15
-1217
418
4125
246912
42
6
18
-1221
454
4125
247937
43
14
12
-1223
476
4128
248962
32
23
1
-1232
483
4120
249987
20
31
-6
-1237
488
4104
251012
14
35
-11
-1237
475
4086
252037
18
30
-19
-1241
469
4066
253062
19
24
-23
-1254
461
4041
254087
12
17
-22
-1253
468
4042
255112
-4
11
-19
-1257
440
4040
256137
-9
1
-19
-1269
418
4045
257162
-10
-10
-19
-1277
396
4046
258187
-15
-17
-11
-1280
377
4059
259212
-17
-22
5
-1266
379
4077
260237
-14
-24
21
-1258
393
4093
261262
-5
-24
32
-1239
406
4107
262287
3
-19
36
-1246
444
4119
255104
-5
-12
29
-1238
471
4104
256129
-20
-3
17
-1244
476
4106
257154
-28
-1
6
-1243
470
4086
258179
-31
-3
0
-1245
468
4052
259204
-32
-8
0
-1250
441
4040
260229
-13
-23
-3
-1245
433
4052
261254
-2
-34
-5
-1235
422
4070
262279
-4
-38
-4
-1228
408
4109
263304
2
-39
-4
-1219
397
4138
264329
11
-34
-3
-1222
417
4126
265354
1
-22
-3
-1251
445
4114
266379
-8
-18
-12
-1250
448
4096
267404
-12
-20
-18
-1235
451
4072
268429
-21
-20
-18
-1246
439
4070
269454
-23
-25
-14
-1234
424
4061
270479
-23
-31
-4
-1223
410
4067
263295
-25
-37
6
-1218
413
4076
264320
-27
-41
16
-1224
403
4079
265345
-21
-46
21
-1222
397
4109
266370
-12
-48
18
-1202
410
4134
267395
-17
-39
14
-1184
412
4149
268420
-18
-27
11
-1190
432
4157
269445
-15
-16
8
-1204
429
4137
270470
-10
-11
-2
-1211
434
4118
271495
-6
-7
-8
-1201
421
4117
272520
-5
-8
-9
-1204
405
4092
273545
-3
-10
-5
-1208
394
4090
274570
10
-16
3
-1202
398
4095
275595
8
-18
5
-1200
417
4078
276620
-10
-15
6
-1203
399
4109
277645
-5
-18
6
-1205
398
4119
278670
2
-21
6
-1191
416
4118
271488
-9
-13
9
-1194
414
4119
272513
-10
-9
12
-1202
412
4123
273538
-1
-7
14
-1198
421
4122
274563
-2
-6
13
-1186
425
4117
275588
-5
-3
8
-1185
425
4114
276613
-3
-2
3
-1191
419
4104
277638
5
-4
-1
-1195
408
4113
278663
20
-7
1
-1194
407
4124
279688
25
-5
4
-1197
406
4129
280713
19
2
5
-1209
404
4137
281738
15
7
1
-1183
405
4129
282763
15
12
-1
-1177
410
4118
283788
12
15
-1
-1208
431
4089
284813
-3
16
-2
-1232
435
4069
285838
-7
5
-2
-1228
424
4048
286863
-5
-8
5
-1226
416
4054
279785
-3
-18
14
-1197
422
4091
280810
-3
-21
22
-1179
424
4100
281835
-5
-20
26
-1177
432
4116
282860
-3
-19
25
-1176
425
4132
283885
5
-15
20
-1182
441
4144
284910
0
-7
14
-1197
442
4135
285935
-4
-1
3
-1210
422
4124
286960
0
2
-2
-1193
420
4126
287985
1
4
1
-1196
392
4112
289010
1
5
6
-1201
392
4110
290035
7
2
13
-1182
403
4098
291060
11
-1
18
-1180
425
4104
292085
20
-3
18
-1180
439
4111
293110
27
-5
13
-1194
449
4102
294135
15
-1
7
-1209
435
4120
295160
12
2
5
-1223
436
4114
287872
7
4
6
-1219
446
4090
288897
-4
7
8
-1212
449
4091
289922
-4
3
14
-1195
450
4077
290947
-6
-2
13
-1198
439
4086
291972
2
-9
10
-1189
429
4108
292997
10
-13
8
-1187
434
4112
294022
5
-8
4
-1195
430
4134
295047
4
-1
3
-1197
439
4143
296072
5
8
1
-1189
438
4140
297097
5
17
-1
-1191
437
4126
298122
10
20
-5
-1199
431
4096
299147
15
17
-5
-1200
433
4089
300172
11
15
-3
-1204
449
4086
301197
7
11
2
-1228
424
4075
302222
18
3
3
-1235
424
4079
303247
19
-3
3
-1226
418
4083
296064
12
-9
1
-1205
413
4089
297089
9
-10
8
-1203
411
4118
298114
7
-7
17
-1201
427
4137
299139
10
0
19
-1205
462
4137
300164
6
10
18
-1218
458
4121
301189
5
15
18
-1213
436
4102
302214
23
9
21
-1200
452
4096
303239
25
4
18
-1205
477
4084
304264
17
5
15
-1212
466
4100
305289
15
2
10
-1219
468
4098
306314
12
3
11
-1222
468
4085
307339
5
4
18
-1225
469
4100
308364
8
2
20
-1220
455
4103
309389
21
-3
18
-1199
456
4112
310414
17
2
15
-1183
473
4123
311439
4
13
13
-1199
469
4130
304256
15
17
6
-1215
476
4133
305281
29
20
-1
-1217
482
4129
306306
26
30
-3
-1218
475
4120
307331
22
42
1
-1230
469
4106
308356
24
44
3
-1226
476
4102
309381
27
41
3
-1217
489
4058
310406
20
35
3
-1242
516
4030
311431
3
28
-2
-1270
481
4022
312456
7
11
-5
-1276
454
4028
313481
11
-5
2
-1261
432
4048
314506
9
-13
16
-1252
435
4070
315531
-6
-12
28
-1238
446
4087
316556
-15
-9
37
-1224
449
4113
317581
-7
-9
40
-1215
491
4105
318606
-4
-3
39
-1227
510
4105
319631
-9
4
35
-1237
513
4096
312451
-11
6
29
-1244
492
4087
313476
-1
3
24
-1236
470
4089
314501
8
-5
16
-1234
474
4063
315526
-10
-8
8
-1237
472
4045
316551
-30
-6
12
-1257
445
4058
317576
-28
-16
20
-1256
437
4066
318601
-24
-23
34
-1250
456
4059
319626
-36
-22
53
-1253
464
4066
320651
-47
-23
64
-1246
455
4075
321676
-45
-28
68
-1231
458
4070
322701
-33
-38
66
-1225
475
4084
323726
-34
-42
64
-1214
460
4100
324751
-32
-44
58
-1199
463
4109
325776
-29
-40
54
-1194
476
4115
326801
-30
-36
47
-1201
494
4113
327826
-26
-34
37
-1200
491
4122
320640
-15
-32
28
-1186
493
4126
321665
-9
-29
17
-1173
513
4119
322690
-15
-23
6
-1172
508
4121
323715
-14
-18
-7
-1179
502
4132
324740
-8
-14
-19
-1176
480
4110
325765
0
-13
-27
-1202
489
4142
326790
0
-14
-28
-1203
442
4111
327815
12
-12
-30
-1213
476
4116
328840
-1
-2
-26
-1186
440
4139
329865
12
0
-19
-1170
427
4120
330890
13
1
-10
-1187
452
4115
331915
-1
5
-13
-1206
438
4086
332940
5
0
-14
-1204
471
4065
333965
3
-8
-8
-1217
477
4080
334990
11
-18
-5
-1214
489
4068
336015
-1
-20
-8
-1196
482
4093
328832
-8
-18
-8
-1195
463
4109
329857
-1
-18
-5
-1196
484
4110
330882
-7
-14
-3
-1196
496
4109
331907
-14
-9
-7
-1182
485
4107
332932
-8
-8
-12
-1190
469
4117
333957
4
-14
-21
-1182
467
4097
334982
-4
-16
-34
-1178
464
4107
336007
-15
-11
-39
-1193
414
4119
337032
-8
-11
-35
-1207
427
4125
338057
0
-9
-30
-1191
452
4135
339082
5
-5
-28
-1185
488
4125
340107
3
5
-35
-1180
494
4130
341132
9
9
-46
-1167
496
4115
342157
17
10
-58
-1182
497
4116
343182
41
0
-74
-1213
484
4042
344207
77
-30
-95
-1177
496
3983
337024
181
-11
-111
-1188
392
3926
338049
270
6
-148
-1180
444
4018
339074
263
74
-159
-1318
385
4021
340099
197
65
-151
-1262
337
3953
341124
118
79
-157
-1302
418
4203
342149
20
79
-170
-1276
851
4554
343174
-329
167
-146
-1202
787
4655
344199
-572
217
-80
-1292
430
4271
345224
-542
117
-59
-1269
404
4018
346249
-702
36
-100
-1227
281
4147
347274
-863
5
-96
-1189
156
4073
348299
-108
-114
-54
-941
75
3721
349324
606
-207
50
-1543
612
3842
350349
-250
-106
-54
-1283
147
3823
351374
-263
-116
-12
-1512
-371
3224
352399
572
-344
-56
-1498
21
3055
345216
854
-345
-81
-1102
583
4298
346241
125
-47
43
-980
552
5726
347266
-262
113
190
-1370
532
4900
348291
-93
45
122
-1131
512
3764
349316
5
39
68
-959
366
3890
350341
-25
36
60
-1050
425
4311
351366
-40
0
42
-1133
508
4294
352391
-8
-36
20
-1184
428
4015
353416
96
-68
-23
-1241
331
3816
354441
248
-91
-53
-1267
309
3911
355466
205
-92
-53
-1238
417
4129
356491
65
-52
-32
-1229
362
4221
357516
81
-35
-11
-1208
349
4178
358541
135
-36
0
-1174
437
4139
359566
95
-29
11
-1154
464
4082
360591
56
-35
16
-1150
447
4019
353577
70
-51
18
-1167
461
4054
354602
76
-60
17
-1180
453
4126
355627
80
-60
12
-1171
454
4187
356652
58
-51
13
-1145
478
4165
357677
34
-37
13
-1130
471
4130
358702
21
-27
12
-1126
470
4138
359727
14
-16
11
-1121
472
4163
360752
7
-4
13
-1123
506
4159
361777
-3
5
12
-1131
508
4121
362802
9
1
4
-1131
519
4086
363827
14
-4
-6
-1136
522
4093
364852
3
-4
-13
-1146
512
4105
365877
-7
-3
-19
-1155
486
4106
366902
-4
-10
-24
-1150
483
4110
367927
-6
-13
-25
-1142
469
4092
368952
-8
-19
-22
-1150
442
4079
361601
0
-24
-16
-1149
448
4132
362626
0
-16
-7
-1147
448
4169
363651
4
-7
0
-1149
454
4158
364676
16
-2
2
-1138
479
4129
365701
5
2
0
-1131
503
4105
366726
-4
1
-4
-1128
475
4091
367751
3
-3
-10
-1142
469
4124
368776
4
-1
-10
-1145
466
4134
369801
1
0
-6
-1152
463
4104
370826
-1
-5
-3
-1149
464
4072
371851
-3
-12
-1
-1145
454
4095
372876
1
-14
4
-1160
465
4143
373901
2
-13
4
-1148
470
4135
374926
-3
-10
4
-1133
488
4103
375951
-18
-2
5
-1138
515
4114
376976
-23
-1
9
-1140
514
4105
369793
-19
-5
10
-1136
510
4102
370818
-11
-2
11
-1143
462
4128
371843
3
-15
0
-1131
488
4107
372868
-3
-14
-8
-1128
482
4071
373893
1
-9
-12
-1124
506
4146
374918
-6
17
-18
-1141
452
4187
375943
-1
21
-24
-1160
471
4132
376968
-3
15
-32
-1140
505
4079
377993
-1
16
-37
-1131
485
4087
379018
-11
20
-34
-1145
454
4115
380043
-25
25
-28
-1173
417
4064
381068
6
22
-24
-1167
417
3994
382093
37
35
-20
-1183
433
3933
383118
57
48
-24
-1221
358
3903
384143
59
34
-30
-1231
392
4029
385168
-110
46
-12
-1190
437
4417
377983
-387
130
18
-1158
538
4635
379008
-593
204
31
-1195
643
4558
380033
-777
234
7
-1183
559
4591
381058
-1115
280
-56
-936
356
4834
382083
-853
240
18
-958
72
4485
383108
-619
144
50
-1405
940
4040
384133
-1172
207
-31
-1260
-216
2960
385158
-424
64
-73
-1590
-1031
2240
386183
819
-269
-157
-1517
-160
3034
387208
688
-184
-163
-1133
411
5135
388233
7
46
6
-1327
214
5555
389258
-47
44
95
-1439
175
4235
390283
58
39
63
-1229
-55
3661
391308
95
36
43
-1166
-62
4076
392333
81
11
32
-1175
132
4363
393358
93
-3
40
-1240
147
4129
386177
229
-35
31
-1290
163
3903
387202
296
-62
16
-1306
221
3914
388227
247
-66
8
-1289
191
4044
389252
245
-73
19
-1289
199
4141
390277
278
-79
31
-1273
273
4162
391302
230
-69
36
-1240
346
4150
392327
127
-51
34
-1233
296
4112
393352
116
-51
24
-1208
250
4117
394377
123
-49
21
-1211
283
4144
395402
98
-36
20
-1232
308
4146
396427
75
-27
20
-1231
313
4138
397452
61
-16
22
-1225
295
4154
398477
49
-8
25
-1239
302
4124
399502
45
-7
27
-1248
310
4085
400527
38
-8
30
-1237
330
4088
401552
39
-10
33
-1233
340
4095
394368
62
-16
34
-1214
361
4119
395393
69
-22
31
-1204
359
4094
396418
77
-24
25
-1204
345
4092
397443
85
-21
19
-1212
373
4149
398468
64
-10
15
-1231
401
4151
399493
16
4
12
-1232
393
4117
400518
-20
14
14
-1233
373
4086
401543
-30
9
18
-1240
359
4038
402568
-20
-9
17
-1234
338
4013
403593
-6
-19
24
-1240
304
4083
404618
-12
-23
32
-1234
324
4105
405643
-28
-22
40
-1224
353
4087
406668
-25
-21
44
-1229
328
4080
407693
17
-37
33
-1206
347
4086
408718
57
-44
17
-1184
339
4152
409743
81
-40
3
-1201
361
4225
402559
73
-30
-13
-1192
404
4218
403584
40
-10
-20
-1186
393
4145
404609
17
8
-22
-1215
380
4120
405634
27
12
-28
-1214
380
4142
406659
26
15
-26
-1212
415
4150
407684
-2
23
-22
-1206
388
4098
408709
3
18
-19
-1202
375
4052
409734
10
7
-21
-1202
381
4074
410759
1
4
-20
-1216
378
4120
411784
3
-2
-19
-1219
366
4121
412809
3
-10
-15
-1222
344
4072
413834
2
-21
-12
-1230
352
4034
414859
12
-25
-7
-1237
316
4023
415884
64
-30
-1
-1229
339
4142
416909
45
-26
9
-1214
381
4194
417934
8
-11
19
-1211
376
4154
410752
-9
-5
23
-1203
389
4101
411777
-29
-6
26
-1190
391
4088
412802
-22
-11
25
-1201
393
4110
413827
-4
-22
16
-1201
409
4010
414852
43
-29
6
-1215
359
3905
415877
85
-47
-1
-1237
378
3939
416902
30
-53
-4
-1243
384
4018
417927
39
-51
-12
-1219
275
4004
418952
98
-70
-6
-1205
434
4286
419977
-10
-39
2
-1160
501
4422
421002
-32
-16
8
-1187
550
4392
422027
-149
5
-13
-1161
558
4634
423052
-630
82
-50
-1002
569
4870
424077
-781
107
-61
-690
697
4832
425102
-345
87
33
-1278
454
3967
426127
-681
47
-21
-1424
-114
2792
418945
-119
-77
-194
-1541
-1010
1981
419970
1300
-518
-278
-1407
241
2892
420995
1286
-496
-260
-1001
1066
5035
422020
276
-152
-15
-979
577
5727
423045
-185
56
165
-1249
282
4736
424070
-163
102
129
-1156
204
3963
425095
-122
114
80
-1035
195
4095
426120
-139
83
68
-1004
407
4320
427145
-203
50
71
-1051
498
4213
428170
-92
1
51
-1131
391
3902
429195
78
-52
2
-1154
470
3942
430220
11
-33
-31
-1134
438
4169
431245
-36
-6
-25
-1193
297
4186
432270
28
-29
-20
-1167
335
4162
433295
10
-17
-16
-1127
359
4146
434320
-39
7
-11
-1112
316
4136
427136
-71
10
-9
-1121
302
4127
428161
-62
3
-5
-1132
290
4096
429186
-42
-13
-3
-1143
308
4077
430211
-37
-16
-3
-1163
281
4095
431236
-29
-14
-1
-1176
281
4149
432261
-5
-16
-4
-1150
315
4149
433286
0
-8
6
-1109
306
4157
434311
-7
9
25
-1126
297
4186
435336
-3
19
26
-1127
341
4195
436361
2
25
13
-1117
387
4175
437386
-15
32
-2
-1110
369
4136
438411
-4
29
-13
-1135
354
4115
439436
2
19
-20
-1150
335
4125
440461
-4
21
-22
-1158
305
4153
441486
8
15
-16
-1156
305
4141
442511
12
8
-7
-1153
293
4107
435328
7
9
-4
-1143
305
4120
436353
10
9
-1
-1154
306
4126
437378
6
8
5
-1161
303
4124
438403
-5
6
5
-1162
319
4112
439428
-14
3
6
-1178
326
4094
440453
-14
-6
4
-1159
320
4093
441478
-11
-11
4
-1150
316
4131
442503
-8
-11
10
-1143
315
4168
443528
-6
-8
14
-1146
310
4146
444553
0
-7
15
-1149
323
4134
445578
3
-2
10
-1152
333
4137
446603
1
-1
4
-1151
333
4141
447628
3
13
-1
-1158
309
4067
448653
61
17
-5
-1178
291
3977
449678
103
9
-19
-1173
343
4019
450703
56
17
-29
-1162
392
4180
443520
8
40
-32
-1163
326
4152
444545
53
39
-35
-1174
366
4108
445570
58
52
-47
-1187
316
4010
446595
53
53
-50
-1210
328
4057
447620
-12
53
-39
-1217
241
4075
448645
-44
31
-23
-1229
310
4162
449670
-234
37
-11
-1236
332
4268
450695
-437
32
0
-1312
549
4292
451720
-917
152
-36
-1106
170
4696
452745
-994
256
44
-1025
-129
4691
453770
-247
133
120
-929
224
4323
454795
108
58
74
-1395
538
4170
455820
-303
98
-65
-1236
68
3437
456845
-75
51
-107
-1374
-25
2926
457870
277
13
-156
-1231
67
3781
458895
221
8
-87
-1209
68
4757
451712
242
-60
10
-1394
116
4561
452737
201
-101
31
-1342
207
3980
453762
67
-79
27
-1224
54
3907
454787
37
-85
13
-1170
84
4218
455812
16
-88
17
-1177
114
4261
456837
168
-108
39
-1249
95
4038
457862
412
-123
38
-1229
138
4059
458887
456
-99
24
-1209
345
4317
459912
250
-42
11
-1190
370
4381
460937
114
-35
1
-1183
436
4210
461962
40
-72
1
-1148
473
3955
462987
3
-62
-6
-1150
200
3964
464012
65
-72
0
-1199
187
4139
465037
37
-69
11
-1234
274
4161
466062
-17
-48
18
-1219
249
4122
467087
-17
-39
27
-1199
263
4132
459904
-11
-30
34
-1159
260
4171
460929
-3
-23
40
-1130
314
4177
461954
-2
-15
41
-1125
350
4133
462979
2
-23
37
-1137
349
4071
464004
9
-21
21
-1163
326
4108
465029
-9
-17
12
-1171
342
4168
466054
-24
-8
8
-1178
281
4160
467079
-2
-12
13
-1169
291
4150
468104
-3
-9
17
-1154
255
4119
469129
10
-12
18
-1136
292
4139
470154
-8
-6
17
-1145
297
4119
471179
-6
-7
15
-1151
291
4134
472204
-7
-13
13
-1159
295
4119
473229
1
-12
10
-1164
268
4139
474254
-7
-12
13
-1155
318
4162
475279
-27
-6
21
-1163
266
4107
468096
17
-20
23
-1150
307
4122
469121
5
-23
24
-1141
311
4130
470146
-12
-15
21
-1138
307
4173
471171
1
-12
17
-1149
316
4179
472196
3
-13
9
-1145
312
4139
473221
-7
-10
4
-1135
300
4124
474246
-6
-5
3
-1147
305
4175
475271
-3
0
2
-1133
324
4177
476296
-2
3
5
-1136
325
4135
477321
2
4
4
-1135
328
4123
478346
1
4
0
-1137
326
4138
479371
-2
5
-3
-1139
311
4153
480396
4
2
-8
-1158
294
4122
481421
10
-6
-12
-1155
283
4106
482446
5
-8
-12
-1152
280
4121
483471
5
-5
-8
-1162
261
4115
476288
44
-8
-4
-1158
260
4100
477313
79
-6
-7
-1127
319
4102
478338
106
22
-11
-1129
292
4038
479363
245
36
-41
-1140
302
4016
480388
341
8
-87
-1152
452
4198
481413
106
36
-68
-1191
467
4414
482438
-198
94
-65
-1194
486
4443
483463
-352
106
-78
-1189
506
4160
484488
-270
49
-99
-1156
365
3823
485513
-82
-69
-69
-1060
372
3811
486538
-105
-104
-21
-1136
381
4187
487563
-438
-102
24
-1235
285
4388
488588
-960
45
72
-1255
-289
4467
489613
-786
144
198
-1464
-775
3939
490638
438
-71
183
-1167
-46
3898
491663
861
-63
125
-940
517
4281
484480
6
142
120
-1202
740
4509
485505
-612
265
48
-1076
117
4250
486530
-90
182
37
-1199
-23
3926
487555
433
71
-8
-1180
200
3919
488580
498
10
-18
-1179
355
4019
489605
355
-39
-6
-1287
513
4007
490630
98
-44
-24
-1239
399
3962
491655
49
-64
-22
-1249
288
4010
492680
95
-95
-18
-1231
288
4083
493705
97
-109
-13
-1196
290
4190
494730
68
-111
-4
-1177
280
4202
495755
95
-104
-3
-1139
308
4187
496780
87
-80
4
-1130
331
4234
497805
37
-68
12
-1171
349
4129
498830
30
-58
4
-1164
285
4080
499855
64
-47
1
-1166
325
4164
492737
27
-27
1
-1180
337
4168
493762
5
-17
7
-1171
294
4118
494787
19
-10
12
-1155
282
4151
495812
56
-13
14
-1134
388
4174
496837
35
-4
16
-1128
348
4141
497862
45
-4
14
-1153
369
4131
498887
32
0
7
-1168
364
4108
499912
26
-6
1
-1169
386
4095
500937
14
-14
4
-1142
353
4060
501962
12
-13
5
-1154
368
4148
502987
10
-17
5
-1149
399
4132
504012
16
-19
2
-1151
362
4092
505037
26
-22
-6
-1143
410
4136
506062
3
-20
-12
-1144
351
4117
507087
14
-14
-19
-1147
363
4184
508112
0
-1
-18
-1145
354
4194
500864
-2
6
-11
-1157
318
4148
501889
4
3
-3
-1147
325
4110
502914
5
-10
6
-1152
339
4059
503939
-1
-22
9
-1153
302
4045
504964
9
-28
14
-1147
355
4168
505989
-9
-19
23
-1172
354
4163
507014
2
-25
22
-1166
348
4098
508039
-4
-23
17
-1131
392
4140
509064
-29
-13
15
-1121
393
4160
510089
-20
-15
13
-1113
398
4139
511114
-4
-18
6
-1106
402
4137
512139
0
-13
-2
-1110
403
4171
513164
-1
-6
-10
-1117
381
4158
514189
3
-2
-16
-1127
359
4149
515214
-1
5
-19
-1147
350
4146
516239
-6
9
-20
-1166
336
4130
509056
-8
5
-13
-1154
329
4095
510081
-8
0
-3
-1141
308
4104
511106
-7
-4
5
-1138
337
4133
512131
-10
-5
14
-1143
332
4109
513156
0
-14
17
-1138
359
4109
514181
1
-20
16
-1130
380
4111
515206
0
-21
13
-1127
377
4149
516231
-6
-15
11
-1129
372
4179
517256
0
-8
7
-1139
372
4163
518281
2
-5
-1
-1125
373
4120
519306
1
-4
-10
-1122
365
4098
520331
8
1
-18
-1114
371
4082
521356
45
30
-24
-1137
285
3937
522381
203
20
-59
-1134
371
3999
523406
95
45
-83
-1199
495
4301
524431
-160
93
-87
-1193
364
4393
517247
-206
98
-102
-1129
452
4195
518272
-66
57
-121
-1095
537
4082
519297
-71
-4
-81
-1093
383
3972
520322
-139
-58
-31
-1131
443
3983
521347
-328
-65
-10
-1196
236
4421
522372
-594
-31
-5
-1234
85
4666
523397
-769
47
107
-1285
-226
4144
524422
193
-113
151
-1166
-105
3649
525447
1022
-221
70
-944
420
3915
526472
326
-39
30
-1288
798
4469
527497
-604
154
-41
-1065
67
4206
528522
-127
124
-16
-1206
104
3894
529547
428
40
-51
-1080
182
3953
530572
469
26
-17
-1047
385
4416
531597
190
31
44
-1259
560
4297
532622
-21
24
17
-1210
389
4022
525440
32
-16
11
-1144
319
3989
526465
111
-54
15
-1162
317
4044
527490
66
-59
17
-1169
346
4167
528515
-23
-44
30
-1171
363
4185
529540
-49
-33
41
-1179
320
4084
530565
-14
-32
46
-1160
295
4092
531590
8
-42
61
-1142
372
4109
532615
13
-44
68
-1122
343
4069
533640
56
-44
67
-1124
380
4158
534665
62
-38
57
-1123
452
4204
535690
24
-13
41
-1121
419
4220
536715
27
-1
23
-1110
457
4207
537740
17
9
9
-1105
414
4147
538765
29
16
-8
-1117
405
4150
539790
13
25
-19
-1133
427
4170
540815
1
28
-26
-1150
347
4118
533632
36
18
-34
-1147
365
4129
534657
26
19
-29
-1150
366
4120
535682
18
18
-18
-1163
322
4074
536707
35
12
-9
-1165
379
4103
537732
7
14
5
-1174
391
4097
538757
6
6
14
-1178
383
4072
539782
23
-10
16
-1153
427
4094
540807
6
-19
16
-1130
435
4105
541832
-3
-30
12
-1124
413
4065
542857
21
-38
4
-1137
403
4104
543882
10
-37
0
-1158
398
4144
544907
-10
-22
-8
-1165
389
4151
545932
-25
-7
-6
-1135
401
4197
546957
-26
4
3
-1121
398
4159
547982
-10
3
7
-1103
419
4119
549007
-14
7
9
-1124
401
4124
541824
-7
4
5
-1154
383
4128
542849
-7
-3
2
-1166
386
4096
543874
-11
-7
-2
-1162
370
4109
544899
-5
-15
-4
-1139
367
4126
545924
-5
-18
0
-1142
366
4110
546949
-13
-18
6
-1143
372
4109
547974
-19
-20
11
-1152
372
4120
548999
-10
-26
17
-1136
379
4120
550024
-1
-24
24
-1129
391
4146
551049
-8
-15
24
-1120
428
4158
552074
-17
-3
19
-1120
437
4136
553099
-13
-1
10
-1115
420
4155
554124
-1
0
1
-1124
418
4161
555149
2
-1
-10
-1114
406
4135
556174
5
-6
-20
-1121
374
4095
557199
-1
-6
-21
-1134
377
4132
550017
-17
0
-11
-1147
336
4142
551042
10
-9
-2
-1150
360
4124
552067
2
-7
5
-1140
373
4123
553092
-5
-4
7
-1138
384
4118
554117
1
-9
7
-1127
383
4116
555142
-2
-12
8
-1139
384
4123
556167
-4
-14
6
-1138
382
4131
557192
1
-13
5
-1128
378
4105
558217
13
-8
1
-1128
377
4058
559242
37
10
-7
-1134
375
3914
560267
99
41
-33
-1192
341
3614
561292
227
-8
-85
-1207
301
3819
562317
108
-65
-84
-1181
521
4480
563342
-304
3
-51
-1107
534
4742
564367
-451
31
-20
-1113
407
4208
565392
-258
-41
-14
-1110
442
3794
558208
-306
-108
4
-1098
616
3728
559233
-532
-34
19
-1144
52
4048
560258
-456
-10
40
-1291
1
4212
561283
-375
-22
-3
-1147
266
4253
562308
-288
-71
-29
-1014
414
3955
563333
-23
-152
-86
-732
240
4242
564358
325
-228
-88
-1030
203
4779
565383
131
-170
-103
-1121
13
4604
566408
140
-115
-56
-1089
140
4477
567433
244
-53
-50
-1091
-165
4232
568458
488
-56
-47
-1057
-141
4070
569483
438
24
-3
-897
128
4630
570508
218
106
129
-1122
465
4763
571533
-37
153
183
-1127
595
4255
572558
-120
187
189
-1097
236
3639
573583
82
133
183
-1116
124
3683
566399
189
60
167
-1091
372
4110
567424
119
46
151
-1121
587
4221
568449
58
45
126
-1111
616
4073
569474
29
48
103
-1121
554
3926
570499
-6
23
72
-1146
436
3787
571524
18
-20
16
-1097
444
3920
572549
42
-58
-18
-1054
573
4122
573574
-15
-59
-31
-1093
471
4114
574599
-7
-76
-50
-1117
421
4052
575624
-2
-84
-60
-1118
389
4092
576649
-24
-73
-59
-1107
296
4183
577674
0
-68
-50
-1067
311
4276
578699
9
-47
-34
-1064
327
4266
579724
-1
-27
-24
-1072
332
4204
580749
-7
-14
-21
-1064
336
4153
581774
6
-6
-19
-1073
346
4170
574592
9
1
-21
-1078
371
4187
575617
-1
5
-21
-1084
381
4140
576642
-8
4
-25
-1088
383
4103
577667
4
-3
-28
-1063
392
4143
578692
-1
-2
-22
-1076
409
4142
579717
-11
-1
-20
-1076
384
4128
580742
-4
-10
-18
-1069
380
4109
581767
-2
-17
-20
-1061
375
4114
582792
-6
-18
-20
-1073
369
4147
583817
-9
-12
-18
-1082
348
4183
584842
-10
-4
-11
-1087
343
4176
585867
-10
-2
-3
-1098
359
4126
586892
-12
0
-2
-1081
349
4101
587917
-5
0
-1
-1069
348
4133
588942
-4
-3
-1
-1067
359
4167
589967
3
-5
1
-1076
353
4119
582784
39
-8
0
-1086
398
4084
583809
34
-3
1
-1083
426
4076
584834
0
-2
-2
-1080
370
4148
585859
-3
-16
-7
-1077
382
4190
586884
-1
-25
-6
-1072
370
4181
587909
1
-29
-3
-1067
347
4142
588934
5
-32
-2
-1066
359
4133
589959
-6
-24
2
-1065
358
4163
590984
-13
-16
12
-1067
340
4167
592009
6
-13
11
-1063
347
4143
593034
26
-11
6
-1075
377
4130
594059
18
-7
0
-1060
387
4145
595084
6
-3
-5
-1058
380
4141
596109
8
-1
-5
-1069
362
4106
597134
42
-3
-2
-1073
360
4082
598159
91
-7
-1
-1097
349
4013
590976
164
-14
-10
-1082
380
3989
592001
153
-3
-20
-1068
501
4192
593026
-18
47
-29
-1088
461
4204
594051
-19
64
-46
-1094
410
4076
595076
-10
38
-59
-1062
450
4177
596101
-89
23
-50
-1114
457
4326
597126
-166
-2
-71
-1203
485
4509
598151
-578
39
-143
-868
311
4716
599176
-484
17
-4
-925
72
4290
600201
389
-183
44
-989
373
3936
601226
194
-156
-28
-1246
923
3669
602251
-319
24
-137
-1074
-124
3441
603276
-61
16
-103
-1089
170
4158
604301
-68
66
-49
-993
134
4923
605326
5
52
89
-1248
283
4590
606351
-1
17
94
-1155
390
3934
599168
-55
38
87
-1014
221
3842
600193
-36
26
81
-995
214
4179
601218
-1
-7
70
-1032
340
4252
602243
46
-27
65
-1106
374
4045
603268
104
-31
50
-1138
330
3909
604293
138
-35
20
-1126
419
4099
605318
29
-17
-1
-1073
432
4225
606343
3
-2
-7
-1050
320
4170
607368
74
-17
-10
-1044
365
4175
608393
46
-17
-11
-1054
371
4158
609418
8
-19
-14
-1070
312
4101
610443
42
-34
-18
-1073
312
4135
611468
49
-47
-12
-1083
361
4117
612493
26
-40
-10
-1082
278
4112
613518
38
-32
-4
-1073
333
4219
614543
24
-19
7
-1070
354
4204
607361
10
-7
12
-1061
315
4163
608386
37
-9
10
-1045
362
4137
609411
31
-8
7
-1045
382
4133
610436
22
-10
1
-1038
364
4148
611461
43
-19
-3
-1065
377
4135
612486
46
-22
-11
-1085
358
4127
613511
39
-30
-15
-1063
341
4106
614536
31
-24
-6
-1049
365
4204
615561
-3
-11
6
-1052
374
4201
616586
-7
-3
7
-1053
376
4169
617611
8
-4
5
-1040
402
4136
618636
0
1
0
-1035
395
4150
619661
8
-1
-3
-1031
414
4168
620686
7
1
-6
-1058
369
4146
621711
10
-4
-11
-1054
400
4141
622736
-11
-1
-12
-1058
353
4125
615552
6
-6
-13
-1055
368
4164
616577
-1
-9
-6
-1060
345
4125
617602
-4
-5
2
-1059
350
4165
618627
-14
1
12
-1055
349
4172
619652
-4
-2
15
-1059
352
4137
620677
2
-7
16
-1054
394
4134
621702
-8
-6
12
-1054
391
4133
622727
-4
-11
5
-1050
376
4148
623752
11
-16
2
-1060
368
4145
624777
16
-17
0
-1056
378
4150
625802
8
-12
2
-1054
401
4175
626827
-6
-10
4
-1055
404
4127
627852
2
-15
-3
-1032
377
4121
628877
9
-18
-9
-1030
398
4169
629902
-1
-14
-12
-1051
380
4167
630927
4
-15
-14
-1054
363
4155
623744
-2
-10
-12
-1049
367
4167
624769
-12
-3
-5
-1052
337
4165
625794
3
-4
5
-1055
359
4163
626819
6
-8
14
-1049
357
4135
627844
4
-8
16
-1039
378
4165
628869
5
-6
13
-1034
383
4155
629894
13
-8
8
-1047
410
4144
630919
3
-10
-2
-1053
386
4106
631944
16
-8
-15
-1033
363
4042
632969
55
-4
-19
-1052
377
4168
633994
9
12
-8
-1073
408
4306
635019
-57
38
-16
-1066
333
4124
636044
43
19
-33
-1028
403
4027
637069
60
0
-60
-1006
424
4353
638094
-102
-2
-64
-1123
511
4422
639119
-304
-59
-58
-1147
741
4049
631935
-647
-63
-87
-925
627
4115
632960
-950
114
22
-937
-587
4072
633985
-30
-27
164
-1076
-386
3951
635010
662
-144
114
-1211
670
4162
636035
-248
63
15
-1074
373
4309
637060
-345
134
18
-1145
-28
3668
638085
344
51
-53
-932
335
4157
639110
234
89
-2
-776
325
5032
640135
74
102
109
-1298
291
4470
641160
146
-16
31
-1144
567
3809
642185
68
-41
-3
-943
411
3708
643210
50
-56
23
-1006
246
4081
644235
38
-79
35
-1106
326
4290
645260
7
-81
22
-1115
271
4156
646285
93
-88
17
-1094
279
4071
647310
145
-76
25
-1069
243
4087
640128
205
-64
25
-1030
326
4191
641153
217
-47
30
-996
373
4201
642178
207
-17
31
-1003
357
4226
643203
216
-16
29
-1011
433
4225
644228
163
-13
27
-1019
448
4157
645253
107
-6
20
-1036
396
4141
646278
137
-26
11
-1029
464
4125
647303
132
-40
8
-1022
438
4068
648328
139
-43
10
-1033
397
4157
649353
135
-41
19
-1024
471
4197
650378
63
-21
30
-1034
451
4149
651403
30
-2
35
-1022
435
4173
652428
36
-1
44
-1022
544
4176
653453
3
10
45
-1015
514
4100
654478
20
5
40
-998
530
4120
655503
32
-3
32
-991
585
4134
648320
10
-4
17
-1005
536
4102
649345
33
-16
-4
-1004
531
4135
650370
39
-22
-13
-1002
561
4155
651395
-5
-9
-11
-1029
471
4135
652420
-3
-4
-11
-1017
467
4188
653445
4
3
-3
-1017
481
4184
654470
2
10
5
-1021
473
4131
655495
0
15
4
-1009
496
4140
656520
-3
11
2
-1007
515
4123
657545
3
5
-2
-1013
490
4103
658570
18
-10
-2
-1014
523
4119
659595
6
-14
-2
-1036
498
4095
660620
8
-21
-6
-1019
489
4108
661645
10
-25
-2
-1019
501
4141
662670
0
-18
1
-1015
501
4171
663695
0
-9
0
-1021
509
4170
656512
5
-8
-4
-1005
514
4156
657537
7
-5
-9
-994
512
4160
658562
5
-1
-11
-1003
513
4138
659587
9
-2
-14
-997
512
4137
660612
8
2
-15
-1006
532
4141
661637
2
5
-12
-1021
518
4146
662662
8
3
-13
-1014
513
4139
663687
14
1
-14
-1015
520
4119
664712
9
-2
-15
-1026
506
4112
665737
1
-8
-19
-1033
501
4102
666762
-10
-11
-17
-1026
481
4117
667787
-15
-12
-8
-1033
481
4132
668812
-11
-16
4
-1022
483
4117
669837
-1
-21
9
-1004
506
4133
670862
0
-18
12
-1013
520
4157
671887
1
-16
7
-1003
543
4163
664704
1
-11
-1
-1001
541
4149
665729
1
-10
-13
-1004
543
4133
666754
-5
-9
-23
-994
539
4137
667779
-5
-8
-25
-1008
513
4146
668804
3
-8
-25
-1016
482
4143
669829
2
-9
-22
-1013
477
4146
670854
-2
-5
-15
-1006
486
4145
671879
-8
-3
-6
-1019
484
4129
672904
-5
-6
-2
-1012
477
4133
673929
-3
-9
2
-1013
483
4126
674954
-5
-10
3
-1015
473
4138
675979
-4
-10
3
-1014
494
4155
677004
-12
-6
4
-1020
487
4136
678029
-12
-6
8
-1016
474
4119
679054
-5
-12
7
-1016
483
4117
680079
5
-13
2
-1007
479
4027
672896
40
30
-29
-1048
468
3879
673921
136
48
-102
-1026
733
4029
674946
-59
73
-98
-943
619
4390
675971
-323
138
-22
-1189
156
4396
676996
-146
32
-42
-1045
539
4100
678021
-90
15
-69
-965
598
3952
679046
-201
-2
-39
-1035
664
4027
680071
-565
-6
-16
-1056
764
3959
681096
-914
68
12
-999
214
4162
682121
-487
39
69
-1042
-514
4263
683146
510
-112
87
-1006
122
4358
684171
437
-59
13
-1159
806
4497
685196
-421
145
-48
-1026
214
4159
686221
-279
157
-29
-1074
71
3856
687246
173
116
-48
-900
278
4419
688271
232
104
14
-997
172
4717
681088
338
34
40
-1198
440
4256
682113
249
-7
14
-1089
602
3938
683138
119
-55
18
-1063
468
3747
684163
140
-122
18
-1056
313
3846
685188
189
-168
29
-1077
348
4119
686213
201
-194
36
-1096
436
4178
687238
216
-169
36
-1064
501
4230
688263
141
-127
60
-1057
590
4213
689288
8
-82
75
-1024
431
4078
690313
60
-75
77
-960
404
4116
691338
99
-66
77
-955
476
4213
692363
81
-51
72
-975
505
4168
693388
71
-43
55
-991
549
4123
694413
52
-20
31
-972
527
4152
695438
42
2
20
-985
560
4206
696463
16
24
9
-985
558
4176
689280
16
42
-3
-970
517
4207
690305
9
48
0
-995
516
4144
691330
-5
49
-3
-999
479
4081
692355
10
41
-2
-994
513
4135
693380
-6
35
11
-1032
513
4077
694405
-4
23
17
-1045
486
4042
695430
22
7
19
-1031
541
4128
696455
5
-4
23
-1025
543
4082
697480
1
-12
14
-998
513
4093
698505
12
-18
6
-996
570
4159
699530
-14
-12
-2
-1015
528
4148
700555
-4
-15
-16
-1004
508
4142
701580
6
-23
-16
-996
535
4117
702605
-16
-17
-13
-1000
477
4114
703630
-5
-11
-13
-1003
501
4215
704655
-5
-1
-3
-1019
491
4187
697471
3
3
3
-1005
488
4156
698496
-4
11
12
-1001
487
4144
699521
-5
10
18
-1012
489
4108
700546
1
-2
20
-1008
489
4092
701571
-12
2
22
-1013
526
4151
702596
-29
4
25
-1025
527
4112
703621
-15
-4
23
-1005
523
4122
704646
-15
-8
27
-994
523
4153
705671
-17
-4
25
-1002
507
4157
706696
-9
-5
20
-996
528
4144
707721
-14
0
16
-1004
534
4153
708746
-14
5
10
-1003
533
4166
709771
-8
6
9
-1018
513
4123
710796
-1
3
5
-1004
519
4115
711821
-4
3
1
-1003
523
4122
712846
-7
-4
0
-1010
494
4119
705948
-1
-9
2
-1011
484
4138
706973
-1
-11
8
-1019
490
4148
707998
-5
-11
11
-1017
483
4144
709023
-7
-7
14
-1004
510
4165
710048
-11
-6
16
-1001
498
4133
711073
-6
-2
14
-1005
521
4147
712098
-6
-2
12
-1001
542
4136
713123
-8
-5
8
-998
530
4120
714148
-7
-11
2
-991
521
4104
715173
1
-16
-2
-1015
510
4117
716198
2
-20
-8
-1005
522
4150
717223
-8
-18
-13
-1014
505
4145
718248
-10
-15
-16
-1005
498
4147
719273
-5
-12
-17
-1005
507
4163
720298
-9
-7
-16
-995
514
4155
721323
-12
-2
-13
-994
498
4157
713857
-1
-4
-12
-991
499
4145
714882
4
-7
-13
-990
491
4130
715907
5
-6
-14
-1001
491
4131
716932
7
-7
-15
-1009
511
4152
717957
0
-2
-12
-1007
512
4145
718982
-8
1
-10
-1012
521
4133
720007
-4
0
-9
-994
492
4135
721032
4
-6
-7
-1020
487
4105
722057
6
-8
-15
-1009
473
4115
723082
4
-7
-16
-1007
481
4133
724107
8
-8
-18
-1029
469
4051
725132
66
-6
-28
-1013
458
3912
726157
165
-12
-53
-1025
518
4013
727182
-4
-3
-62
-1004
641
4390
728207
-292
66
-45
-1049
505
4433
729232
-244
55
-48
-998
482
4094
722048
-2
14
-56
-962
493
3957
723073
35
1
-61
-998
512
4224
724098
-81
7
-54
-1036
568
4290
725123
-257
5
-37
-1066
561
4349
726148
-674
46
-36
-1020
543
4332
727173
-769
95
50
-967
-119
3781
728198
201
-2
155
-946
-456
3893
729223
847
-93
173
-1261
676
4359
730248
-51
96
63
-1009
678
4454
731273
-306
244
66
-1106
223
4017
732298
242
172
26
-1049
426
3818
733323
346
153
-3
-894
416
4294
734348
257
136
33
-1076
565
4519
735373
169
87
18
-1159
659
4242
736398
160
43
-20
-1109
587
3984
737423
151
-30
-23
-1095
615
3907
730241
64
-78
-18
-1090
519
3970
731266
59
-124
-15
-1103
521
4025
732291
112
-166
-14
-1103
484
3958
733316
155
-172
-12
-1093
445
4013
734341
134
-154
3
-1091
520
4101
735366
57
-113
14
-1058
518
4203
736391
29
-86
29
-1038
528
4232
737416
23
-63
28
-1015
534
4212
738441
38
-53
18
-987
606
4193
739466
25
-44
9
-990
587
4075
740491
54
-31
-7
-986
590
4133
741516
42
-11
-10
-1033
611
4201
742541
14
0
-20
-1041
549
4153
743566
24
1
-33
-1016
576
4153
744591
2
3
-32
-1006
589
4113
745616
-2
-7
-26
-1011
565
4042
738432
16
-20
-20
-1014
569
4061
739457
9
-29
-12
-1031
569
4100
740482
4
-34
-8
-1037
555
4101
741507
14
-41
-5
-1036
546
4097
742532
9
-49
-7
-1024
566
4068
743557
-13
-36
-10
-993
582
4187
744582
-26
-28
-6
-984
567
4196
745607
-3
-25
-5
-992
548
4169
746632
8
-27
-4
-983
569
4158
747657
5
-24
-6
-1004
531
4105
748682
18
-26
-9
-1005
528
4121
749707
3
-18
-7
-1010
542
4159
750732
-10
-12
1
-1008
547
4140
751757
0
-11
10
-1005
564
4113
752782
-2
-14
18
-990
583
4093
753807
-2
-18
18
-974
602
4121
746623
-6
-19
16
-973
594
4135
747648
-4
-16
10
-985
596
4152
748673
-2
-14
3
-986
592
4153
749698
1
-11
-3
-980
570
4137
750723
-1
-7
-7
-975
574
4153
751748
-15
4
-2
-999
560
4159
752773
-15
6
3
-997
532
4130
753798
2
-1
5
-977
548
4115
754823
5
-4
12
-986
561
4121
755848
-4
-5
14
-989
572
4123
756873
-3
-4
14
-991
585
4132
757898
-1
-4
13
-1001
592
4126
758923
-6
-6
10
-1002
569
4131
759948
-4
-9
6
-1001
537
4131
760973
3
-9
7
-980
552
4156
761998
-1
-3
12
-983
560
4153
754816
0
0
16
-995
561
4126
755841
10
-3
17
-991
590
4134
756866
0
-3
15
-986
589
4118
757891
-4
-2
10
-984
583
4133
758916
-3
-3
8
-991
572
4137
759941
5
-6
4
-979
572
4138
760966
1
-1
6
-987
566
4145
761991
-5
4
7
-994
569
4135
763016
-8
2
8
-986
563
4125
764041
2
-1
10
-996
562
4121
765066
7
-8
9
-992
573
4125
766091
-10
-7
5
-987
562
4109
767116
-16
-7
6
-988
562
4122
768141
-12
-8
11
-989
586
4129
769166
-12
-9
17
-993
599
4109
770191
-7
-15
19
-986
598
4107
763008
1
-20
17
-975
577
4135
764033
15
-20
11
-968
577
4161
765058
46
-18
4
-971
565
4163
766083
80
-17
-2
-979
559
4156
767108
81
-14
-4
-981
610
4151
768133
29
2
-1
-998
577
4125
769158
13
-2
1
-992
587
4106
770183
4
-7
4
-981
585
4116
771208
-7
-6
10
-976
585
4127
772233
-9
-6
13
-979
594
4127
773258
0
-9
13
-979
613
4125
774283
1
-9
7
-978
619
4127
775308
-5
-9
0
-976
606
4122
776333
-8
-11
-6
-966
592
4134
777358
-9
-8
-8
-965
577
4134
778383
-4
-9
-8
-989
569
4122
771200
2
-15
-6
-997
575
4126
772225
2
-18
-8
-990
567
4123
773250
6
-21
-9
-985
571
4132
774275
6
-19
-7
-973
575
4140
775300
-1
-10
-1
-975
586
4144
776325
8
-11
2
-973
592
4125
777350
14
-14
4
-962
609
4138
778375
10
-14
6
-956
615
4157
779400
1
-13
7
-970
591
4121
780425
13
-15
2
-980
571
4086
781450
-1
-14
-4
-978
600
4117
782475
-39
-12
-8
-991
591
4088
783500
-28
-19
-13
-971
577
4064
784525
-6
-33
-12
-969
602
3969
785550
-22
-35
-36
-953
689
4047
786575
-263
35
-26
-964
693
4453
779392
-597
113
9
-1014
577
4418
780417
-641
109
1
-940
447
4123
781442
-356
77
-11
-946
328
4013
782467
-108
15
-19
-981
513
4055
783492
-264
-12
-2
-1026
576
4118
784517
-591
23
3
-1040
413
4209
785542
-914
112
37
-995
34
4230
786567
-273
65
113
-948
-342
4036
787592
768
-80
111
-1055
372
4229
788617
129
24
28
-1016
689
4460
789642
-549
160
-5
-1009
229
3919
790667
-69
114
-42
-1012
122
3730
791692
308
73
-52
-851
234
4527
792717
287
80
15
-1058
413
4756
793742
196
67
13
-1138
461
4272
794767
138
55
-14
-1049
368
3960
787584
123
15
-12
-1033
405
3948
788609
78
-23
-10
-1042
372
4098
789634
85
-81
-6
-1065
367
4018
790659
184
-129
-2
-1068
369
3972
791684
193
-132
8
-1079
369
4012
792709
159
-122
13
-1052
360
4121
793734
166
-108
26
-1000
417
4294
794759
139
-85
43
-1000
479
4300
795784
91
-76
44
-992
459
4135
796809
91
-67
34
-968
452
4165
797834
52
-73
37
-991
498
4052
798859
58
-76
21
-974
340
4006
799884
189
-78
5
-938
546
4301
800909
119
-33
14
-984
599
4317
801934
5
7
7
-970
527
4194
802959
-6
23
0
-954
561
4171
795776
-2
28
-8
-953
523
4133
796801
16
20
-18
-942
533
4146
797826
22
14
-18
-965
565
4130
798851
9
7
-23
-991
529
4082
799876
10
-1
-30
-997
507
4130
800901
-6
-8
-25
-1001
492
4114
801926
-10
-12
-16
-996
444
4115
802951
4
-16
-8
-972
478
4167
803976
4
-9
2
-970
482
4195
805001
32
-10
5
-958
512
4202
806026
88
-3
-4
-947
537
4230
807051
110
13
-20
-942
567
4236
808076
47
38
-35
-956
576
4155
809101
26
51
-46
-996
510
4136
810126
35
47
-53
-1003
554
4145
811151
18
47
-47
-1028
500
4090
803968
24
35
-38
-1022
478
4071
804993
14
29
-26
-1035
493
4086
806018
-2
18
-8
-1035
471
4049
807043
1
3
7
-1023
484
4067
808068
-10
-5
21
-1029
516
4099
809093
-12
-15
30
-1029
507
4094
810118
2
-29
33
-1003
540
4106
811143
-3
-33
37
-990
551
4125
812168
-6
-28
33
-980
569
4188
813193
-4
-19
27
-973
569
4208
814218
6
-8
14
-985
563
4191
815243
7
-3
-2
-990
566
4184
816268
-6
9
-11
-991
539
4159
817293
-9
16
-16
-998
526
4128
818318
-5
21
-10
-1002
524
4149
819343
-11
21
0
-1008
513
4116
812159
-3
16
9
-1013
519
4098
813184
5
6
17
-1008
531
4096
814209
4
-2
21
-1009
550
4109
815234
3
-6
23
-1021
538
4112
816259
3
-10
19
-1019
542
4136
817284
-9
-8
18
-1004
528
4153
818309
-14
-3
22
-1013
508
4154
819334
-8
-6
24
-1008
516
4139
820359
-8
-4
25
-991
524
4137
821384
-11
1
26
-989
537
4158
822409
-8
4
26
-1002
558
4153
823434
-9
6
22
-1016
563
4126
824459
-8
5
13
-1003
559
4115
825484
-8
4
8
-1013
548
4128
826509
-2
0
4
-1008
534
4132
827534
-7
1
3
-1007
537
4143
820352
-7
4
5
-1017
514
4133
821377
4
-2
5
-1010
527
4125
822402
1
-1
6
-1004
529
4141
823427
1
0
6
-1009
522
4141
824452
-1
2
5
-1010
537
4124
825477
-7
4
5
-1009
543
4125
826502
0
-3
2
-1010
537
4105
827527
7
-8
3
-1005
540
4126
828552
0
-6
5
-1009
539
4143
829577
1
-7
5
-1000
529
4123
830602
16
-7
8
-1012
529
4134
831627
41
-13
6
-1024
533
4134
832652
24
-16
-1
-997
558
4117
833677
-19
-6
-2
-1010
529
4118
834702
-14
-7
3
-1014
525
4135
835727
4
-15
10
-1016
552
4114
828544
11
-20
11
-1004
572
4106
829569
14
-24
5
-1002
575
4103
830594
32
-28
-7
-1000
562
4127
831619
50
-27
-17
-993
529
4102
832644
133
-15
-39
-994
463
3983
833669
226
-24
-53
-982
661
4097
834694
11
30
-49
-1025
637
4165
835719
-102
63
-47
-1048
546
4083
836744
-9
45
-73
-1046
579
3900
837769
5
12
-120
-1021
686
3913
838794
-133
6
-165
-977
943
4127
839819
-415
24
-179
-960
801
4245
840844
-518
-24
-163
-982
788
4158
841869
-760
-34
-127
-1030
535
4285
842894
-1100
64
-101
-1039
61
4786
843919
-1224
186
-15
-1064
-600
4580
836735
-71
65
70
-815
-545
4085
837760
973
-90
134
-1294
453
4215
838785
-168
151
47
-1057
245
4245
839810
-513
234
74
-1193
45
3791
840835
100
117
24
-1043
143
3814
841860
419
69
38
-923
202
4365
842885
498
26
81
-1048
386
4566
843910
451
-44
91
-1198
589
4126
844935
245
-82
69
-1114
603
3810
845960
97
-98
50
-1055
512
3840
846985
52
-115
34
-1046
434
4057
848010
85
-135
23
-1076
352
4161
849035
161
-155
16
-1069
369
4082
850060
210
-140
8
-1053
372
4077
851085
225
-116
7
-997
438
4280
852110
169
-85
28
-1006
445
4296
845108
150
-54
32
-999
495
4267
846133
122
-30
32
-1004
540
4216
847158
83
-17
20
-999
492
4122
848183
90
-15
-6
-974
548
4141
849208
59
-12
-19
-981
555
4147
850233
20
-11
-26
-1001
506
4107
851258
20
-17
-29
-1005
518
4136
852283
14
-13
-18
-1016
480
4155
853308
12
-9
0
-1039
445
4130
854333
33
-17
8
-1015
490
4116
855358
34
-11
15
-986
518
4144
856383
8
-5
25
-1005
524
4118
857408
6
-11
20
-1010
540
4115
858433
13
-16
11
-994
562
4141
859458
-4
-12
9
-992
536
4138
860483
5
-9
3
-986
543
4176
853120
14
-9
1
-995
542
4158
854145
11
-6
-4
-996
526
4131
855170
19
-4
-12
-980
539
4149
856195
5
5
-13
-986
527
4167
857220
-2
11
-14
-998
511
4153
858245
3
10
-10
-1011
507
4123
859270
6
10
-8
-1010
508
4125
860295
2
6
-2
-1010
512
4087
861320
-9
7
6
-1012
485
4103
862345
-5
3
12
-1004
500
4160
863370
7
-5
16
-1012
529
4145
864395
26
-17
8
-1000
547
4109
865420
7
-20
0
-982
562
4135
866445
-13
-11
-3
-998
530
4184
867470
1
-7
-2
-1007
537
4193
868495
0
0
-1
-1007
537
4154
861313
-3
8
0
-995
534
4123
862338
-4
8
0
-994
535
4115
863363
-8
4
0
-1002
527
4106
864388
-8
-4
-4
-1014
518
4110
865413
-1
-16
-7
-1008
495
4108
866438
-1
-22
0
-1005
482
4121
867463
-6
-16
12
-1018
482
4164
868488
-9
-12
23
-1016
501
4159
869513
-3
-9
25
-997
522
4156
870538
-1
-4
23
-985
551
4160
871563
-6
-1
16
-972
560
4137
872588
-4
0
8
-991
560
4141
873613
-4
0
-1
-994
546
4154
874638
3
0
-7
-1004
533
4140
875663
10
-1
-11
-1002
533
4130
876688
5
-1
-8
-997
529
4119
869504
-7
-1
-5
-997
509
4121
870529
-2
-5
2
-1006
495
4146
871554
7
-7
8
-1011
498
4135
872579
9
-8
13
-1007
519
4132
873604
-2
-7
13
-997
524
4127
874629
-11
-8
14
-1000
530
4133
875654
-14
-8
15
-1001
522
4138
876679
-10
-9
17
-999
528
4146
877704
-4
-12
19
-985
523
4149
878729
8
-14
18
-998
528
4148
879754
7
-12
11
-1005
534
4159
880779
-12
-5
2
-986
533
4147
881804
-12
-4
-1
-982
516
4141
882829
4
-5
2
-999
526
4153
883854
10
-5
3
-991
541
4139
884879
8
-3
2
-996
549
4125
877697
2
-3
-1
-996
547
4136
878722
5
-8
-4
-989
540
4121
879747
2
-11
-6
-996
518
4128
880772
-8
-11
-5
-1003
516
4127
881797
-10
-12
0
-997
511
4129
882822
-5
-18
9
-995
512
4128
883847
-5
-20
14
-1000
518
4140
884872
-8
-22
12
-996
527
4145
885897
-9
-21
13
-993
535
4150
886922
-8
-16
13
-982
541
4141
887947
-11
-15
10
-970
537
4136
888972
-14
-10
0
-966
535
4064
889997
31
13
-7
-989
516
3997
891022
50
16
-16
-1010
540
4077
892047
-15
18
-28
-992
573
4257
893072
-135
54
-27
-1016
516
4387
885890
-157
55
-12
-1024
481
4263
886915
-173
27
10
-1080
703
4117
887940
-545
64
7
-957
791
4266
888965
-957
202
65
-838
-77
4277
889990
-42
94
177
-1010
-394
4003
891015
458
-47
161
-1243
881
4270
892040
-397
156
47
-1025
307
4151
893065
-233
161
45
-1108
226
3912
894090
344
67
-4
-1023
375
3864
895115
442
39
-49
-923
517
4230
896140
243
34
-46
-977
512
4418
897165
209
13
-19
-1113
526
4372
898190
178
-22
-22
-1146
596
4068
899215
123
-48
-19
-1077
518
3891
900240
106
-74
-1
-1053
425
3966
901265
107
-104
12
-1055
422
4129
894081
130
-115
14
-1063
459
4165
895106
151
-118
14
-1061
505
4140
896131
124
-113
12
-1049
510
4067
897156
125
-102
8
-1008
572
4111
898181
89
-75
11
-994
596
4194
899206
22
-51
12
-990
587
4176
900231
20
-29
9
-989
551
4217
901256
34
-17
8
-979
615
4243
902281
3
-6
6
-993
609
4121
903306
14
-24
-1
-997
520
3962
904331
64
-45
-6
-996
536
4005
905356
55
-40
-6
-1006
504
4142
906381
28
-14
-5
-1017
581
4297
907406
-5
13
4
-1017
550
4221
908431
10
20
5
-988
566
4115
909456
19
19
5
-976
613
4101
902271
-4
18
4
-983
585
4084
903296
13
4
-3
-981
616
4108
904321
13
-2
-5
-996
618
4109
905346
3
-9
-7
-1014
605
4091
906371
6
-13
-12
-1010
581
4130
907396
6
-14
-14
-1000
586
4165
908421
-2
-10
-12
-1003
551
4107
909446
5
-6
-12
-995
557
4154
910471
-3
3
-11
-1006
566
4185
911496
-8
4
-12
-1003
544
4100
912521
-4
-1
-11
-993
551
4104
913546
-13
0
-3
-1001
554
4129
914571
-5
-4
6
-1007
544
4112
915596
11
-8
15
-1012
591
4122
916621
-5
-8
19
-1018
584
4092
917646
0
-13
13
-1002
591
4125
910464
-1
-15
11
-995
595
4143
911489
-5
-14
4
-988
570
4131
912514
-6
-12
0
-980
582
4150
913539
-21
-4
2
-1000
553
4130
914564
-6
-7
0
-996
576
4135
915589
-7
-6
2
-999
575
4131
916614
-11
-5
2
-1001
577
4130
917639
-7
-5
1
-989
565
4139
918664
-5
-5
2
-994
574
4129
919689
-5
-6
1
-998
585
4110
920714
2
-10
2
-1000
577
4118
921739
1
-13
-1
-998
559
4140
922764
-1
-10
-4
-997
567
4141
923789
0
-7
-3
-992
560
4142
924814
3
-6
0
-982
562
4149
925839
0
-1
3
-990
572
4148
918657
1
1
3
-997
573
4128
919682
2
-1
-2
-994
583
4112
920707
-7
-2
-5
-981
585
4116
921732
-8
-5
-5
-993
578
4126
922757
4
-8
-3
-1005
566
4131
923782
7
-11
-2
-998
560
4121
924807
9
-11
-5
-990
552
4128
925832
4
-2
-6
-997
554
4155
926857
-13
9
-5
-1000
522
4120
927882
25
14
0
-1003
528
4052
928907
32
7
6
-1003
588
4106
929932
7
11
11
-1003
597
4160
930957
-4
6
16
-1006
648
4213
931982
-8
10
14
-991
587
4164
933007
27
-5
8
-981
618
4122
934032
4
-3
-2
-981
597
4128
926848
-5
1
-11
-995
570
4122
927873
10
3
-17
-1019
545
4053
928898
19
11
-16
-1035
537
3994
929923
16
26
-10
-1042
571
4057
930948
-53
47
-3
-1015
520
4227
931973
-69
40
19
-1031
579
4298
932998
-83
18
32
-1070
560
4204
934023
-204
3
-19
-993
763
4261
935048
-484
47
-6
-857
511
4208
936073
-189
-40
91
-922
362
3930
937098
352
-131
80
-1192
489
3748
938123
-19
-73
-33
-1072
680
3765
939148
-261
52
-48
-1064
296
3843
940173
20
41
-37
-944
355
4495
941198
21
50
3
-913
328
4959
942223
-12
46
71
-1134
602
4486
935040
16
30
37
-995
634
4022
936065
23
7
34
-911
546
3966
937090
24
-29
31
-961
523
4048
938115
65
-59
23
-1028
546
4042
939140
111
-86
19
-1070
611
3980
940165
87
-88
11
-1030
535
4020
941190
50
-68
16
-1014
518
4192
942215
7
-47
22
-1011
509
4235
943240
10
-37
20
-985
463
4146
944265
37
-34
21
-953
544
4183
945290
-1
-19
29
-956
565
4194
946315
-17
-15
33
-976
524
4087
947340
45
-26
32
-985
562
4093
948365
59
-38
35
-989
570
4067
949390
55
-39
25
-976
538
4113
950415
41
-29
22
-958
600
4233
943232
0
-2
22
-977
544
4181
944257
3
11
17
-965
540
4121
945282
30
16
18
-984
564
4078
946307
26
9
14
-963
591
4179
947332
-21
18
16
-974
579
4217
948357
-7
12
11
-980
561
4157
949382
14
1
7
-960
588
4128
950407
6
-2
7
-963
582
4114
951432
7
-9
4
-969
582
4104
952457
3
-5
2
-977
586
4132
953482
-4
-1
0
-987
581
4140
954507
0
-5
-2
-979
568
4111
955532
5
-13
0
-973
568
4099
956557
0
-16
2
-968
559
4120
957582
-1
-14
1
-974
560
4150
958607
8
-16
-2
-966
573
4153
951423
8
-11
-4
-963
583
4158
952448
-4
0
-2
-970
575
4159
953473
-4
5
0
-972
578
4124
954498
6
5
-3
-977
587
4134
955523
2
2
-6
-975
590
4130
956548
0
-4
-12
-970
558
4097
957573
6
-7
-14
-980
565
4153
958598
-2
-7
-15
-985
528
4141
959623
5
-9
-14
-972
550
4138
960648
-8
-4
-4
-983
539
4113
961673
-3
-5
1
-980
561
4140
962698
-4
-4
8
-975
599
4149
963723
-6
-5
8
-973
571
4110
964748
9
-8
3
-948
600
4153
965773
-1
-6
-1
-964
585
4137
966798
8
-8
-10
-970
581
4145
959616
-4
-2
-14
-974
565
4155
960641
-12
7
-14
-976
548
4168
961666
1
9
-8
-982
545
4135
962691
4
9
-3
-983
565
4110
963716
0
7
0
-985
569
4109
964741
5
-1
0
-973
581
4126
965766
5
-1
3
-978
569
4125
966791
5
-3
1
-974
575
4125
967816
-1
-1
0
-979
566
4139
968841
-1
-1
1
-990
567
4141
969866
2
-2
0
-990
576
4133
970891
0
-1
0
-986
581
4124
971916
1
-5
-1
-977
580
4118
972941
6
-12
-1
-974
568
4121
973966
12
-14
-3
-973
571
4132
974991
0
-11
-3
-983
567
4140
967808
-14
-7
-1
-982
561
4142
968833
-11
-4
-1
-982
568
4136
969858
5
-10
-4
-981
567
4088
970883
16
-12
-5
-984
574
4072
971908
16
2
-9
-981
550
4074
972933
29
4
-8
-979
595
4109
973958
13
23
-16
-987
619
4032
974983
72
34
-52
-980
661
3947
976008
-15
59
-89
-974
746
4154
977033
-214
115
-97
-1076
479
4144
978058
-58
64
-95
-1088
438
3998
979083
21
12
-79
-1026
596
4244
980108
-146
30
-49
-1023
631
4399
981133
-373
54
-44
-983
646
4478
982158
-788
140
-48
-859
390
4614
983183
-677
140
35
-875
194
4440
976000
165
-39
76
-1057
276
4074
977025
-50
-62
25
-1164
726
3897
978050
-642
40
-21
-1004
289
3542
979075
-306
15
-21
-1059
85
3649
980100
163
-12
-15
-1086
45
4121
981125
285
-34
57
-1062
152
4657
982150
219
-43
127
-1148
455
4564
983175
130
-41
119
-1084
512
4135
984200
51
-37
104
-943
468
3948
985225
27
-20
95
-936
393
4132
986250
28
-23
84
-1003
459
4306
987275
36
-29
61
-1036
510
4240
988300
67
-47
39
-1029
511
4012
989325
103
-56
21
-1017
369
3852
990350
163
-62
3
-999
471
4083
991375
75
-46
-5
-1002
518
4171
984268
29
-22
-8
-1013
378
4144
985293
86
-17
-2
-1012
415
4228
986318
70
-2
8
-1010
433
4202
987343
34
3
18
-1002
421
4112
988368
36
-6
28
-1001
422
4089
989393
79
-37
35
-1013
402
4004
990418
156
-53
35
-997
446
4153
991443
155
-40
40
-991
517
4269
992468
114
-27
39
-996
535
4179
993493
76
-16
29
-961
572
4151
994518
36
-7
23
-967
568
4123
995543
41
-9
11
-961
545
4120
996568
54
-3
5
-971
597
4204
997593
22
10
0
-996
563
4159
998618
19
10
-8
-975
558
4141
999643
4
15
-7
-983
526
4123
992384
14
10
-10
-982
515
4151
993409
22
9
-7
-987
546
4152
994434
18
11
-5
-998
538
4115
995459
4
10
-9
-998
558
4129
996484
-16
8
-10
-992
527
4093
997509
-13
0
-8
-990
521
4095
998534
-7
-7
-4
-992
540
4119
999559
-9
-14
1
-1005
515
4097
1000584
-9
-20
5
-1003
511
4115
1001609
-19
-16
10
-1011
495
4148
1002634
-11
-21
14
-1008
484
4138
1003659
0
-20
16
-987
508
4165
1004684
-11
-14
20
-984
531
4157
1005709
-2
-14
16
-975
530
4126
1006734
6
-15
9
-971
555
4158
1007759
-7
-12
4
-988
536
4133
1000576
-1
-9
-3
-976
530
4154
1001601
-5
-4
-1
-983
549
4155
1002626
-9
-3
1
-1000
532
4107
1003651
0
-11
1
-990
547
4109
1004676
-6
-19
3
-992
523
4087
1005701
-4
-26
0
-979
502
4137
1006726
-1
-26
4
-981
501
4175
1007751
2
-23
5
-983
496
4164
1008776
-11
-14
5
-973
522
4153
1009801
-25
-2
13
-986
520
4148
1010826
-4
-5
14
-975
571
4145
1011851
-9
-7
12
-968
584
4104
1012876
-14
-8
3
-971
576
4137
1013901
-6
-13
-6
-957
544
4145
1014926
10
-18
-10
-952
535
4149
1015951
0
-13
-11
-974
515
4156
1008768
-13
-6
-12
-987
502
4164
1009793
-15
-3
-10
-990
482
4133
1010818
-14
-3
0
-986
475
4128
1011843
-16
-8
13
-979
482
4106
1012868
-11
-18
23
-976
492
4098
1013893
-2
-27
29
-967
531
4131
1014918
-8
-27
27
-961
557
4149
1015943
-7
-26
21
-957
554
4156
1016968
-2
-24
12
-956
542
4187
1017993
-5
-16
5
-956
530
4196
1019018
1
-5
0
-954
536
4186
1020043
0
6
-5
-961
535
4174
1021068
-2
14
-9
-973
536
4155
1022093
10
10
-14
-972
522
4118
1023118
15
3
-20
-961
520
4114
1024143
6
4
-25
-971
508
4109
1016961
13
10
-30
-970
481
4085
1017986
49
33
-28
-1007
478
4109
1019011
28
24
-10
-1008
514
4197
1020036
-10
30
-11
-989
490
4147
1021061
57
10
-9
-962
547
4117
1022086
54
-2
-10
-966
558
4075
1023111
49
-7
-14
-996
523
4051
1024136
42
-16
-19
-1008
579
4207
1025161
-29
-1
-18
-994
617
4258
1026186
-193
35
7
-1074
674
4268
1027211
-531
117
-37
-940
543
4554
1028236
-606
193
13
-798
154
4436
1029261
138
29
105
-1000
227
3814
1030286
157
-49
52
-1149
834
3969
1031311
-463
67
-18
-937
311
3863
1032336
-182
12
19
-1092
148
3754
1025152
200
-72
18
-1048
256
4072
1026177
137
-12
16
-1039
390
4498
1027202
116
-4
44
-999
613
4575
1028227
61
12
71
-1037
626
4270
1029252
58
-3
25
-924
566
3965
1030277
57
-6
3
-919
464
3978
1031302
34
-20
-3
-976
480
4187
1032327
-3
-36
3
-1053
511
4197
1033352
43
-54
-3
-1065
428
4027
1034377
117
-58
-6
-1034
457
4079
1035402
60
-33
1
-1008
462
4141
1036427
24
-11
2
-976
440
4182
1037452
60
-12
9
-971
460
4165
1038477
90
-25
11
-976
456
4101
1039502
137
-32
4
-981
487
4145
1040527
138
-30
6
-1004
523
4157
1033344
80
-22
10
-1001
500
4124
1034369
56
-12
9
-989
535
4166
1035394
24
1
16
-995
554
4161
1036419
-3
9
22
-984
518
4119
1037444
19
5
21
-968
547
4147
1038469
29
-4
18
-969
581
4128
1039494
25
-11
9
-972
549
4080
1040519
39
-14
0
-982
578
4153
1041544
18
-7
-7
-1003
553
4169
1042569
-2
-5
-14
-994
520
4130
1043594
-5
-7
-10
-981
522
4124
1044619
-8
-5
1
-990
513
4125
1045644
8
-10
6
-989
537
4132
1046669
20
-10
7
-980
578
4157
1047694
9
-6
6
-974
566
4143
1048719
13
-7
2
-977
565
4138
1041535
21
-6
-6
-973
572
4163
1042560
12
-4
-11
-981
549
4136
1043585
7
1
-12
-983
525
4137
1044610
4
6
-3
-998
530
4129
1045635
-3
2
7
-1002
534
4097
1046660
-4
-5
13
-991
547
4100
1047685
-11
-7
19
-988
561
4127
1048710
-14
-11
24
-979
558
4128
1049735
2
-19
21
-973
563
4121
1050760
1
-24
15
-973
571
4124
1051785
-8
-17
9
-969
545
4173
1052810
-4
-9
5
-972
564
4199
1053835
-4
-2
3
-976
552
4153
1054860
6
2
-1
-967
570
4147
1055885
-3
6
-1
-978
549
4127
1056910
4
5
-5
-978
550
4134
1049728
4
4
-5
-981
564
4133
1050753
-7
4
-6
-992
538
4107
1051778
-8
0
-3
-998
529
4118
1052803
-2
-6
6
-1000
512
4109
1053828
3
-13
12
-981
524
4120
1054853
-7
-13
18
-983
529
4130
1055878
-12
-12
24
-989
533
4130
1056903
-5
-12
28
-983
544
4133
1057928
0
-12
29
-988
560
4138
1058953
-7
-15
21
-972
571
4132
1059978
-15
-16
17
-962
573
4130
1061003
-10
-16
15
-967
574
4163
1062028
-10
-11
16
-973
582
4153
1063053
-12
-7
15
-981
571
4130
1064078
-10
-9
10
-974
559
4129
1065103
-3
-11
6
-959
541
4145
1058061
-3
-11
6
-969
548
4160
1059086
-4
-11
5
-973
534
4131
1060111
-7
-11
2
-971
542
4145
1061136
-8
-5
4
-980
532
4158
1062161
2
-7
4
-972
559
4132
1063186
-2
-8
4
-972
562
4125
1064211
-5
-8
1
-960
574
4153
1065236
2
-7
-2
-956
573
4158
1066261
1
-4
-6
-955
564
4152
1067286
3
0
-15
-971
567
4148
1068311
10
0
-22
-968
556
4160
1069336
9
5
-23
-967
538
4156
1070361
4
10
-23
-981
536
4146
1071386
-3
13
-20
-982
522
4129
1072411
6
7
-18
-981
530
4117
1073436
6
-1
-14
-986
529
4109
1066111
9
-6
-12
-986
527
4117
1067136
8
-6
-9
-988
534
4115
1068161
6
-6
-6
-990
531
4110
1069186
12
-12
-4
-984
543
4162
1070211
11
-8
-4
-980
557
4189
1071236
18
-5
-3
-972
552
4140
1072261
45
-15
-4
-964
559
4102
1073286
37
-28
-8
-964
569
4085
1074311
45
-34
-7
-976
556
4132
1075336
38
-34
-4
-980
542
4178
1076361
-5
-15
-3
-989
550
4158
1077386
-16
-1
-4
-975
540
4103
1078411
10
22
-1
-975
551
3997
1079436
43
39
0
-971
557
4063
1080461
1
40
-4
-967
596
4288
1081486
-57
55
-2
-1006
597
4300
1074304
-56
44
-8
-982
677
4230
1075329
-169
41
-13
-1042
620
4189
1076354
-303
24
-78
-926
729
4129
1077379
-345
53
-22
-763
378
4083
1078404
17
5
105
-1236
306
3818
1079429
-11
-42
2
-1098
573
3789
1080454
-116
50
-48
-1033
305
3732
1081479
94
38
-80
-936
570
4313
1082504
-52
102
-71
-778
400
5151
1083529
7
127
37
-1161
424
4742
1084554
136
69
1
-1121
628
3934
1085579
45
25
-17
-934
612
3754
1086604
-56
-6
-7
-989
400
3930
1087629
12
-86
-4
-1074
443
4062
1088654
85
-128
-2
-1088
487
4053
1089679
133
-124
2
-1041
490
4065
1082497
92
-81
23
-1041
452
4116
1083522
32
-48
30
-1010
481
4185
1084547
42
-31
30
-969
516
4219
1085572
66
-23
30
-973
530
4161
1086597
87
-25
24
-975
566
4123
1087622
95
-38
21
-983
585
4082
1088647
100
-52
14
-962
587
4092
1089672
106
-50
11
-970
619
4164
1090697
76
-33
5
-983
642
4210
1091722
35
-18
-4
-992
623
4167
1092747
34
-21
-15
-979
576
4100
1093772
33
-14
-23
-953
590
4142
1094797
-4
0
-20
-981
552
4157
1095822
0
-4
-17
-973
544
4144
1096847
7
-5
-8
-989
550
4127
1097872
-1
-3
1
-992
545
4127
1090688
0
-7
6
-983
552
4116
1091713
9
-13
16
-978
552
4117
1092738
2
-16
22
-985
537
4121
1093763
-7
-16
24
-972
547
4118
1094788
-14
-16
33
-966
567
4131
1095813
-11
-16
40
-975
575
4123
1096838
-4
-20
43
-984
608
4126
1097863
0
-20
40
-972
634
4141
1098888
-1
-23
35
-954
645
4121
1099913
-2
-26
25
-940
628
4103
1100938
12
-24
10
-943
643
4151
1101963
3
-11
-1
-956
643
4189
1102988
-15
-3
-14
-959
626
4163
1104013
-17
0
-24
-955
605
4120
1105038
-14
-2
-28
-961
574
4118
1106063
-13
-5
-27
-967
543
4121
1098880
-6
-4
-21
-973
543
4111
1099905
-19
4
-9
-961
573
4120
1100930
-38
18
6
-981
481
4123
1101955
-25
10
19
-1003
469
4123
1102980
-9
1
23
-973
547
4187
1104005
-10
1
29
-960
586
4172
1105030
-7
-6
30
-962
582
4122
1106055
-2
-15
23
-958
599
4122
1107080
-5
-21
15
-945
591
4118
1108105
9
-26
8
-959
615
4134
1109130
7
-25
2
-963
603
4154
1110155
-16
-17
-2
-961
595
4155
1111180
-29
-9
-2
-966
562
4147
1112205
-15
-15
2
-960
555
4127
1113230
4
-22
3
-951
569
4129
1114255
-1
-18
3
-945
582
4162
1107072
-7
-13
2
-945
572
4161
1108097
-4
-18
0
-960
561
4118
1109122
-4
-27
-5
-962
527
4096
1110147
0
-31
-7
-949
527
4145
1111172
-14
-21
3
-972
543
4151
1112197
-24
-14
9
-958
552
4139
1113222
-14
-19
14
-930
560
4144
1114247
9
-26
15
-940
569
4131
1115272
22
-32
12
-938
575
4116
1116297
12
-26
3
-940
574
4122
1117322
10
-15
-12
-960
604
4074
1118347
28
-2
-28
-944
533
3972
1119372
107
-22
-57
-939
521
4042
1120397
44
-27
-66
-964
583
4390
1121422
-119
37
-65
-954
614
4568
1122447
-193
66
-60
-906
747
4291
1115264
-227
43
-29
-884
727
4033
1116289
-345
20
7
-928
721
4234
1117314
-703
62
-2
-868
681
4465
1118339
-1280
228
55
-1038
-258
3939
1119364
-580
89
70
-1075
-342
3422
1120389
571
-178
27
-1035
540
3561
1121414
130
-111
-58
-999
767
4059
1122439
-254
28
-68
-1043
227
3964
1123464
158
3
-83
-896
260
4283
1124489
191
41
-33
-782
204
5145
1125514
142
55
74
-1014
302
4900
1126539
241
57
52
-994
440
4389
1127564
182
63
29
-922
646
4161
1128589
6
59
21
-927
533
4042
1129614
-14
24
30
-959
415
4080
1130639
-1
-11
46
-1008
392
4123
1123456
22
-38
58
-1048
293
4081
1124481
85
-61
69
-1062
313
4062
1125506
119
-53
75
-1033
357
4068
1126531
106
-23
75
-980
378
4148
1127556
78
2
83
-954
459
4187
1128581
52
20
85
-976
445
4116
1129606
114
8
66
-966
494
4064
1130631
165
-4
48
-966
558
4090
1131656
159
-8
28
-962
607
4137
1132681
126
-23
10
-964
656
4102
1133706
90
-48
-8
-966
579
4005
1134731
129
-79
-24
-950
521
4034
1135756
150
-88
-26
-948
545
4170
1136781
92
-70
-15
-970
569
4268
1137806
28
-54
-4
-983
538
4216
1138831
30
-75
-2
-961
461
3976
1131649
92
-79
-4
-946
380
3973
1132674
172
-68
-4
-937
484
4181
1133699
139
-53
3
-934
605
4327
1134724
34
-22
13
-946
543
4239
1135749
27
-14
8
-939
542
4159
1136774
51
-16
-3
-896
652
4176
1137799
31
-8
-4
-882
639
4145
1138824
22
2
4
-909
574
4128
1139849
35
-2
5
-923
606
4142
1140874
28
5
2
-937
616
4178
1141899
15
5
1
-934
616
4158
1142924
11
1
-2
-928
623
4110
1143949
13
-1
-10
-924
642
4117
1144974
-6
6
-10
-905
608
4166
1145999
-19
19
-2
-924
575
4163
1147024
-9
19
1
-935
624
4135
1139840
-23
21
5
-950
639
4108
1140865
-33
17
6
-942
598
4100
1141890
-24
6
1
-936
601
4122
1142915
-39
2
-6
-923
559
4114
1143940
-13
-11
-14
-898
596
4146
1144965
1
-12
-17
-923
641
4174
1145990
-17
-1
-19
-948
628
4163
1147015
-21
5
-23
-967
589
4161
1148040
-14
9
-26
-960
570
4155
1149065
-16
11
-23
-944
539
4137
1150090
-15
6
-13
-938
531
4135
1151115
-6
9
-1
-946
546
4141
1152140
3
12
4
-962
581
4157
1153165
-3
11
7
-960
573
4116
1154190
-1
7
6
-943
586
4122
1155215
-4
6
7
-943
589
4130
1148033
6
1
6
-942
573
4120
1149058
11
-1
5
-950
607
4154
1150083
-4
3
-1
-950
597
4159
1151108
-1
-1
-3
-945
568
4119
1152133
9
2
-7
-943
560
4138
1153158
13
16
-6
-948
579
4165
1154183
3
26
3
-955
576
4163
1155208
-15
27
14
-968
539
4129
1156233
-3
19
9
-971
583
4126
1157258
-6
12
0
-958
603
4124
1158283
-56
10
-4
-959
646
4105
1159308
-187
13
-5
-960
659
4120
1160333
-351
39
-2
-966
573
4104
1161358
-415
71
0
-985
472
4109
1162383
-379
82
1
-984
479
4210
1163408
-516
95
7
-979
661
4356
1156223
-1056
162
23
-942
640
4385
1157248
-1606
271
40
-1027
224
4294
1158273
-1832
255
61
-1093
429
4191
1159298
-2412
309
61
-978
443
3949
1160323
-3094
561
86
-833
-912
4147
1161348
-2764
675
226
-1179
-1699
4563
1162373
-2209
495
216
-1530
-142
4358
1163398
-2598
569
23
-1174
-1071
3582
1164423
-2058
523
73
-1397
-1539
3243
1165448
-1297
365
16
-1348
-1417
3348
1166473
-955
328
-57
-1228
-1268
4211
1167498
-810
298
-74
-1260
-1396
4560
1168523
-124
151
-54
-1337
-1472
4243
1169548
378
43
-53
-1440
-1396
3902
1170573
552
-17
-90
-1403
-1358
3725
1171598
680
-70
-99
-1375
-1240
3714
1164417
752
-99
-101
-1375
-1312
3805
1165442
883
-147
-82
-1391
-1249
3929
1166467
959
-177
-58
-1350
-1153
4123
1167492
964
-215
-14
-1348
-1152
4000
1168517
1024
-244
4
-1356
-1171
3802
1169542
1173
-255
-2
-1309
-936
3921
1170567
1130
-254
16
-1268
-794
3998
1171592
1036
-228
30
-1276
-795
4095
1172617
1050
-230
41
-1261
-651
4193
1173642
1079
-250
50
-1232
-599
4074
1174667
1185
-268
40
-1184
-480
4036
1175692
1213
-274
40
-1152
-253
4103
1176717
1067
-251
48
-1141
-147
4159
1177742
906
-234
65
-1135
-69
4214
1178767
759
-227
75
-1118
-15
4128
1179792
669
-208
66
-1098
-15
4104
1172608
612
-194
54
-1078
66
4212
1173633
523
-167
34
-1037
118
4305
1174658
458
-147
17
-1034
157
4279
1175683
380
-125
1
-1035
140
4215
1176708
311
-98
-16
-1011
211
4280
1177733
201
-66
-12
-1007
258
4300
1178758
92
-28
-2
-1016
215
4240
1179783
74
-15
4
-1034
189
4145
1180808
121
-15
-7
-1024
242
4201
1181833
115
-18
-11
-999
299
4215
1182858
44
1
-13
-1018
255
4187
1183883
36
0
-20
-1012
260
4212
1184908
40
-1
-19
-1019
254
4169
1185933
54
1
-19
-1018
242
4187
1186958
37
6
-15
-1037
217
4147
1187983
27
7
-19
-1046
205
4168
1180800
31
9
-21
-1028
245
4212
1181825
11
16
-10
-1042
214
4157
1182850
16
19
-8
-1034
203
4155
1183875
36
9
-4
-1030
257
4153
1184900
16
5
1
-1040
232
4113
1185925
35
-5
-2
-1031
224
4147
1186950
63
-15
0
-1063
250
4161
1187975
67
-20
-9
-1061
229
4147
1189000
73
-22
-12
-1036
263
4176
1190025
67
-22
-11
-1049
255
4148
1191050
84
-30
-12
-1021
281
4145
1192075
84
-31
0
-1045
267
4118
1193100
102
-28
5
-1027
314
4199
1194125
58
-11
10
-1017
319
4245
1195150
32
-12
5
-1007
341
4181
1196175
27
-16
-1
-997
319
4136
1188992
18
-12
-4
-1017
305
4191
1190017
9
-6
-3
-1036
292
4229
1191042
11
0
-3
-1046
280
4185
1192067
18
-1
-2
-1032
303
4161
1193092
3
10
1
-1007
337
4191
1194117
-10
17
4
-1010
321
4160
1195142
8
17
1
-1028
345
4179
1196167
9
13
-6
-1031
331
4131
1197192
31
6
-23
-1032
342
4152
1198217
30
-3
-30
-1033
336
4122
1199242
17
3
-34
-1032
298
4156
1200267
30
1
-37
-1049
299
4117
1201292
118
-7
-42
-1021
285
4116
1202317
159
-3
-17
-1049
294
4243
1203342
65
6
-7
-1070
314
4231
1204367
15
2
-15
-1048
323
4137
1197221
31
-11
-16
-1025
337
4102
1198246
16
-22
-7
-1007
343
4113
1199271
-3
-24
8
-1044
309
4137
1200296
32
-38
17
-1057
334
4158
1201321
76
-50
19
-1039
323
4139
1202346
126
-57
19
-1015
379
4169
1203371
114
-46
16
-1009
405
4224
1204396
76
-27
8
-991
440
4219
1205421
56
-4
1
-999
440
4169
1206446
81
13
-13
-1000
454
4158
1207471
88
29
-25
-995
484
4243
1208496
46
48
-32
-1010
468
4271
1209521
17
54
-38
-1018
447
4178
1210546
9
54
-48
-1024
425
4105
1211571
4
43
-53
-1044
394
4105
1212596
-4
23
-50
-1053
357
4093
1205375
1
10
-37
-1060
339
4107
1206400
0
5
-17
-1080
309
4116
1207425
-1
-3
5
-1083
314
4115
1208450
6
-13
23
-1077
329
4097
1209475
26
-19
30
-1055
377
4130
1210500
18
-9
35
-1034
420
4174
1211525
-1
9
39
-1052
410
4134
1212550
19
11
36
-1039
427
4099
1213575
50
13
27
-1044
446
4126
1214600
59
6
19
-1045
439
4193
1215625
54
4
14
-1040
444
4210
1216650
63
11
8
-1040
427
4189
1217675
82
19
1
-1040
432
4115
1218700
104
25
-2
-1051
435
4080
1219725
45
33
-1
-1071
457
4141
1220750
-42
38
-1
-1099
465
4213
1213568
-74
30
-8
-1130
542
4336
1214593
-381
68
-58
-909
594
4651
1215618
-758
161
16
-899
198
4442
1216643
-165
34
79
-993
192
4316
1217668
319
-176
62
-1305
752
3821
1218693
-120
-126
-47
-1134
132
3079
1219718
-66
-173
-31
-1280
-89
2680
1220743
428
-311
-95
-1043
377
3616
1221768
532
-176
-41
-860
417
5136
1222793
275
-26
112
-1058
536
5420
1223818
-49
69
142
-1108
503
4482
1224843
-65
98
91
-974
392
3925
1225868
-22
67
56
-855
471
4043
1226893
-29
37
46
-921
534
4184
1227918
27
-10
30
-1045
557
4088
1228943
101
-55
-6
-1065
531
3948
1221761
98
-56
-32
-1052
509
4094
1222786
38
-43
-32
-1052
462
4212
1223811
-8
-30
-15
-1016
440
4230
1224836
-8
-21
7
-1000
417
4211
1225861
8
-25
19
-1007
423
4170
1226886
11
-36
24
-1009
419
4133
1227911
4
-36
26
-1003
410
4184
1228936
19
-37
27
-994
436
4193
1229961
61
-33
31
-1001
455
4145
1230986
78
-32
36
-998
494
4114
1232011
53
-32
36
-1000
489
4118
1233036
43
-36
31
-989
495
4156
1234061
41
-38
25
-974
501
4139
1235086
25
-20
19
-976
525
4191
1236111
13
-5
14
-968
524
4196
1237136
6
8
6
-967
520
4196
1229952
2
23
-3
-975
526
4195
1230977
20
16
-10
-979
519
4127
1232002
29
13
-14
-968
491
4120
1233027
34
16
-17
-979
498
4153
1234052
18
25
-20
-999
512
4170
1235077
0
31
-22
-1012
499
4146
1236102
-5
24
-17
-1014
511
4099
1237127
-12
20
-9
-1019
492
4084
1238152
-4
10
-2
-1023
493
4104
1239177
3
5
-4
-1004
507
4151
1240202
-15
1
1
-993
521
4116
1241227
-22
3
4
-986
517
4124
1242252
-15
-4
9
-1000
517
4103
1243277
-6
-16
5
-1019
490
4077
1244302
-2
-25
-8
-1003
486
4156
1245327
-14
-18
-8
-992
496
4199
1238145
-17
-8
-1
-1009
473
4174
1239170
-8
-5
7
-1014
507
4139
1240195
-4
-7
5
-1004
517
4119
1241220
3
-13
-4
-980
515
4135
1242245
-2
-11
-11
-990
510
4159
1243270
-17
-6
-14
-1014
481
4156
1244295
-15
-5
-14
-1012
460
4143
1245320
4
-15
-11
-994
458
4139
1246345
9
-14
-7
-1005
464
4167
1247370
-4
-5
-3
-1001
481
4169
1248395
-15
5
0
-1000
492
4145
1249420
-4
4
2
-993
490
4139
1250445
14
-3
2
-994
481
4136
1251470
20
-4
-1
-1007
484
4126
1252495
21
-4
-6
-1012
482
4149
1253520
22
1
-10
-1004
469
4157
1246335
43
-2
-11
-988
520
4159
1247360
49
4
-5
-988
496
4171
1248385
60
8
1
-999
496
4174
1249410
82
11
2
-1017
474
4183
1250435
141
7
5
-1013
411
4165
1251460
274
-4
12
-1003
413
4147
1252485
407
-10
31
-999
438
4191
1253510
525
-5
54
-998
548
4231
1254535
609
9
67
-1034
634
4173
1255560
605
19
76
-1016
723
4092
1256585
542
45
84
-985
711
4106
1257610
556
83
79
-972
715
4134
1258635
706
125
92
-1043
659
4166
1259660
1026
100
113
-1079
703
4112
1260685
1409
39
131
-1108
952
4030
1261710
1403
-20
176
-1186
1329
3935
1254528
1240
57
164
-876
995
4108
1255553
1592
14
300
-869
892
3933
1256578
1515
-103
310
-1193
2056
3662
1257603
608
116
175
-983
1765
3475
1258628
442
90
152
-981
1883
3312
1259653
469
4
95
-958
2099
3369
1260678
93
59
67
-882
1994
3795
1261703
-345
158
71
-1013
1929
4101
1262728
-619
201
7
-1104
1859
3802
1263753
-605
163
-53
-1023
1621
3572
1264778
-358
81
-77
-1011
1488
3643
1265803
-176
8
-93
-1036
1529
3747
1266828
-247
-5
-92
-1076
1562
3807
1267853
-434
31
-83
-1110
1392
3700
1268878
-383
31
-73
-1141
1254
3713
1269903
-205
-11
-51
-1126
1344
3808
1262720
-94
-19
-42
-1118
1289
3804
1263745
-28
-43
-31
-1094
1378
3800
1264770
-105
-43
-17
-1081
1405
3773
1265795
-197
-53
-14
-1080
1399
3743
1266820
-233
-84
-22
-1078
1403
3718
1267845
-235
-105
-31
-1057
1338
3811
1268870
-176
-126
-33
-1079
1337
3873
1269895
-131
-145
-39
-1054
1348
3887
1270920
-146
-150
-41
-1016
1363
3875
1271945
-214
-143
-41
-1009
1334
3871
1272970
-271
-133
-43
-983
1269
3955
1273995
-284
-113
-43
-997
1233
4001
1275020
-239
-105
-48
-1005
1189
3981
1276045
-176
-99
-55
-988
1156
3992
1277070
-108
-86
-56
-995
1161
4022
1278095
-89
-71
-39
-998
1121
3988
1271013
-103
-58
-11
-1009
1108
3967
1272038
-97
-61
4
-986
1123
3981
1273063
-69
-70
10
-961
1160
3973
1274088
-38
-73
12
-959
1180
3955
1275113
-19
-77
11
-956
1195
3963
1276138
-28
-72
2
-959
1176
3994
1277163
-15
-72
-8
-950
1174
4011
1278188
-10
-66
-10
-938
1158
4018
1279213
-20
-56
-9
-925
1156
4024
1280238
-16
-47
-11
-913
1197
4046
1281263
-7
-33
-16
-926
1175
4008
1282288
4
-31
-21
-910
1189
4018
1283313
-18
-13
-22
-928
1191
4032
1284338
-35
-1
-25
-937
1157
4013
1285363
-30
5
-30
-940
1117
4003
1286388
-5
11
-35
-939
1145
4055
1279104
-16
21
-31
-934
1172
4035
1280129
-57
33
-26
-938
1151
3980
1281154
-69
39
-28
-948
1128
3966
1282179
-44
30
-30
-958
1124
3967
1283204
-33
16
-37
-953
1118
3957
1284229
-37
9
-42
-950
1120
3972
1285254
-44
11
-37
-967
1104
3981
1286279
-27
6
-34
-967
1092
3961
1287304
-7
-2
-24
-953
1142
3967
1288329
-24
3
-17
-971
1094
3971
1289354
-20
-4
-16
-971
1090
3988
1290379
3
-9
-9
-970
1078
3998
1291404
18
-13
-5
-961
1082
4008
1292429
15
-10
-2
-962
1109
4004
1293454
-1
1
2
-972
1117
3998
1294479
-6
3
3
-968
1131
3993
1287297
-12
9
1
-961
1132
4003
1288322
-8
11
-3
-953
1126
4018
1289347
12
13
-6
-942
1138
4016
1290372
18
19
-9
-957
1140
4019
1291397
10
29
-16
-978
1144
4022
1292422
-12
40
-20
-980
1132
4007
1293447
-36
51
-20
-983
1110
4002
1294472
-63
61
-17
-997
1099
4012
1295497
-82
70
-11
-991
1067
3997
1296522
-60
70
-8
-986
1087
4012
1297547
-79
77
-5
-1008
1103
3990
1298572
-139
92
0
-1022
1092
3982
1299597
-204
100
5
-1028
1081
4000
1300622
-235
104
7
-1037
1014
3967
1301647
-183
93
8
-1052
1000
3919
1302672
-117
77
7
-1064
998
3892
1295489
-106
66
10
-1057
1060
3935
1296514
-168
77
17
-1070
1001
3922
1297539
-218
75
24
-1104
948
3866
1298564
-242
62
18
-1155
1054
3900
1299589
-467
59
37
-1172
1215
3871
1300614
-913
157
16
-1018
731
3906
1301639
-772
143
55
-859
426
4572
1302664
-343
4
141
-1251
1021
4277
1303689
-662
64
9
-1221
903
3447
1304714
-621
68
-58
-1085
500
3381
1305739
48
-85
-107
-1035
491
3759
1306764
731
-209
-117
-938
622
4419
1307789
1030
-218
-82
-983
770
4782
1308814
960
-195
-23
-1142
897
4565
1309839
534
-127
-7
-1176
1022
4009
1310864
88
-66
7
-1038
901
3834
1303681
-39
-73
27
-967
855
3977
1304706
66
-112
43
-990
944
4123
1305731
184
-125
36
-1022
979
4115
1306756
265
-127
12
-1020
997
4024
1307781
279
-113
-8
-988
1053
4009
1308806
195
-78
-17
-990
1092
4002
1309831
119
-43
-34
-969
1070
4035
1310856
61
-17
-41
-969
1075
4107
1311881
14
3
-45
-992
1033
4018
1312906
27
-4
-48
-1001
979
3945
1313931
60
-24
-44
-989
1002
4012
1314956
28
-27
-33
-1003
995
3996
1315981
7
-32
-22
-1006
958
3959
1317006
20
-40
-6
-1012
972
3985
1318031
30
-40
3
-1020
983
3964
1319056
39
-42
13
-977
1012
4034
1311874
17
-40
32
-979
1042
4052
1312899
11
-42
39
-979
1039
3992
1313924
48
-54
34
-951
1085
4031
1314949
62
-57
29
-960
1094
4021
1315974
69
-55
15
-948
1071
4020
1316999
63
-49
6
-945
1113
4076
1318024
22
-36
-2
-960
1083
3968
1319049
43
-24
-14
-942
1081
4010
1320074
31
-3
-5
-947
1130
4106
1321099
-17
15
-3
-956
1105
4020
1322124
-10
18
-16
-923
1095
4002
1323149
-4
13
-21
-939
1087
4006
1324174
6
7
-31
-947
1066
3999
1325199
6
6
-30
-963
1072
3999
1326224
-20
9
-16
-993
1015
3963
1327249
-29
5
-9
-1000
1015
3969
1320065
-37
-5
4
-983
1005
3971
1321090
-46
-12
19
-957
999
3976
1322115
-50
-19
34
-952
1068
3971
1323140
-62
-11
50
-958
1010
4014
1324165
-55
3
61
-992
989
4075
1325190
-43
9
51
-971
1055
4075
1326215
-30
15
39
-940
1073
4063
1327240
-12
16
27
-935
1097
4035
1328265
-8
14
11
-935
1104
3991
1329290
-15
12
-3
-953
1090
4001
1330315
-12
9
-14
-949
1056
4016
1331340
9
4
-19
-961
1045
4012
1332365
14
1
-20
-981
1041
3982
1333390
-1
0
-21
-968
1014
3995
1334415
-15
3
-11
-981
995
4023
1335440
-5
0
-1
-982
985
3996
1328256
5
-2
11
-971
1012
4007
1329281
-1
-6
20
-970
1021
3976
1330306
13
-11
20
-959
1040
4007
1331331
20
-11
20
-976
1060
4018
1332356
17
-13
8
-964
1076
4019
1333381
-9
-2
-1
-954
1070
4041
1334406
-17
1
-5
-969
1045
3994
1335431
-1
-2
-7
-957
1057
4013
1336456
-12
2
0
-961
1054
4024
1337481
-12
4
2
-969
1041
3991
1338506
3
-5
0
-960
1062
3991
1339531
-4
-7
-5
-965
1064
4003
1340556
-12
-9
-14
-961
1045
4010
1341581
-14
-9
-13
-960
1025
4025
1342606
-22
-3
-2
-991
992
4034
1343631
-15
-2
5
-990
994
4017
1336447
-6
-5
14
-980
994
4008
1337472
-5
0
23
-959
1009
4039
1338497
-11
27
32
-972
1019
3983
1339522
16
47
33
-992
1012
3891
1340547
40
45
25
-978
1038
3936
1341572
-8
57
23
-993
1062
4110
1342597
-42
72
17
-1009
1032
4064
1343622
29
50
-2
-991
1112
3951
1344647
24
48
-14
-993
1052
3849
1345672
8
52
-23
-1020
1042
3896
1346697
-78
56
-37
-1035
1151
4057
1347722
-216
65
-56
-969
1108
4259
1348747
-230
43
-52
-1003
1046
4192
1349772
-274
6
-38
-1059
1120
4166
1350797
-767
79
-39
-936
852
4536
1351822
-1273
201
27
-998
664
4352
1344640
-532
65
50
-886
291
3693
1345665
608
-202
85
-1295
1017
3493
1346690
-72
-100
7
-1002
753
3486
1347715
-170
-60
25
-1068
600
3799
1348740
118
-74
24
-977
777
4290
1349765
188
-2
49
-956
839
4782
1350790
84
41
106
-1124
1084
4443
1351815
-65
75
62
-979
967
3993
1352840
-73
67
33
-892
882
3965
1353865
-59
37
12
-920
911
4102
1354890
-85
15
-3
-996
885
4143
1355915
-62
-9
-15
-1072
770
3913
1356940
57
-44
-29
-1074
748
3825
1357965
80
-58
-15
-1067
765
3891
1358990
43
-40
7
-1058
741
4059
1360015
40
-35
24
-1054
762
4065
1352832
92
-37
30
-1025
781
4031
1353857
128
-35
35
-990
840
4118
1354882
116
-35
38
-979
862
4097
1355907
120
-37
30
-980
869
4030
1356932
145
-39
22
-989
905
4097
1357957
107
-36
21
-1015
929
4067
1358982
70
-40
21
-1006
840
3965
1360007
121
-49
22
-975
871
4074
1361032
109
-35
31
-995
931
4132
1362057
74
-27
31
-981
969
4045
1363082
78
-23
17
-972
965
4018
1364107
88
-29
1
-953
1013
4072
1365132
48
-25
-13
-966
963
4001
1366157
41
-20
-29
-958
954
4077
1367182
19
-5
-28
-976
950
4129
1368207
-7
7
-23
-994
899
4015
1361023
4
7
-21
-983
899
4012
1362048
-14
10
-6
-980
892
4054
1363073
-7
-2
3
-997
885
3970
1364098
32
-24
7
-1000
898
3984
1365123
26
-30
10
-978
939
4085
1366148
-5
-23
15
-987
944
4042
1367173
12
-26
16
-979
947
4011
1368198
34
-27
14
-957
997
4086
1369223
22
-20
14
-964
1001
4066
1370248
26
-18
4
-949
988
4049
1371273
29
-12
-5
-950
995
4074
1372298
16
-7
-11
-964
964
4053
1373323
8
-3
-15
-967
947
4048
1374348
-5
6
-11
-979
937
4073
1375373
-16
10
-3
-991
908
4015
1376398
-4
4
2
-975
908
3991
1369216
1
-3
13
-972
936
4033
1370241
-2
-11
21
-981
932
3982
1371266
10
-18
20
-970
946
4036
1372291
8
-16
21
-975
989
4087
1373316
4
-8
14
-974
971
4065
1374341
13
-7
5
-956
997
4056
1375366
0
-1
-3
-958
968
4024
1376391
0
2
-9
-958
965
4062
1377416
10
4
-7
-970
956
4063
1378441
25
0
-10
-971
950
4030
1379466
18
4
-12
-976
958
4065
1380491
-6
11
-10
-986
928
4026
1381516
3
10
-12
-975
926
4024
1382541
1
8
-3
-978
945
4038
1383566
-2
1
6
-986
941
3980
1384591
17
-6
10
-983
947
4012
1377409
5
-4
16
-984
971
4070
1378434
1
-2
14
-977
946
4042
1379459
23
-2
10
-972
959
4053
1380484
20
3
10
-972
982
4074
1381509
1
7
2
-969
968
4028
1382534
-6
14
1
-977
989
4038
1383559
-14
16
6
-1000
989
4028
1384584
-5
11
3
-976
991
4011
1385609
3
8
6
-974
991
4010
1386634
3
0
2
-975
972
4000
1387659
-3
-2
0
-974
970
4017
1388684
-3
-2
-1
-990
946
4003
1389709
11
-7
-3
-986
974
4030
1390734
-18
-5
2
-996
973
4032
1391759
-20
-5
5
-995
933
4040
1392784
3
-9
7
-981
958
4032
1385600
-3
-5
11
-973
963
4026
1386625
-19
0
15
-980
972
4037
1387650
-15
0
15
-983
955
4050
1388675
-1
-3
9
-973
972
4058
1389700
-1
-5
5
-986
960
4032
1390725
-3
-3
6
-994
953
4045
1391750
-10
-3
9
-994
943
4045
1392775
-4
-6
9
-980
955
4016
1393800
-6
-2
11
-980
958
3998
1394825
-19
-3
12
-994
959
3993
1395850
-23
1
10
-1000
947
3957
1396875
-15
12
9
-984
923
3950
1397900
17
37
9
-1009
914
3851
1398925
77
32
6
-1037
947
3787
1399950
11
36
10
-1031
969
4023
1400975
-44
39
2
-989
1019
4192
1393793
-55
16
-13
-955
1138
4138
1394818
-87
2
-40
-963
1123
3919
1395843
-136
-21
-57
-966
980
4048
1396868
-172
-57
-55
-1026
989
4343
1397893
-397
-44
-88
-983
1011
4549
1398918
-783
96
-41
-855
626
4663
1399943
-626
109
79
-1010
532
4122
1400968
52
-40
70
-969
520
3619
1401993
185
-100
58
-1193
967
3545
1403018
-195
-23
-5
-971
646
3553
1404043
32
-19
25
-991
680
3965
1405068
203
-5
34
-915
812
4569
1406093
152
31
72
-1089
942
4587
1407118
1
56
44
-1060
891
4110
1408143
-18
41
12
-917
905
3910
1409168
-12
23
-1
-893
861
4019
1401984
1
-2
1
-981
818
4104
1403009
37
-25
-6
-1039
864
4096
1404034
35
-33
-12
-1054
842
4013
1405059
46
-48
-11
-1027
758
3937
1406084
106
-64
-11
-990
820
4063
1407109
82
-62
-3
-999
829
4064
1408134
57
-44
-3
-992
792
4053
1409159
57
-26
7
-985
839
4135
1410184
18
-9
22
-992
867
4097
1411209
12
-17
25
-996
808
3927
1412234
76
-40
16
-969
844
3992
1413259
76
-43
21
-994
880
4035
1414284
64
-43
11
-974
848
4055
1415309
89
-36
10
-961
907
4147
1416334
61
-17
17
-980
900
4104
1417359
46
-7
9
-953
915
4046
1410176
44
3
1
-951
958
4078
1411201
32
1
-6
-955
945
4041
1412226
47
-6
-18
-955
917
4020
1413251
64
-9
-27
-966
934
4068
1414276
42
-9
-33
-986
901
4051
1415301
16
-8
-31
-990
874
4037
1416326
5
-4
-18
-989
844
4055
1417351
16
-10
-5
-977
866
4036
1418376
21
-10
4
-967
878
4024
1419401
21
-8
13
-974
902
4065
1420426
14
-12
15
-976
906
4022
1421451
25
-18
12
-964
909
4039
1422476
34
-20
13
-968
920
4071
1423501
34
-17
12
-974
915
4044
1424526
39
-13
9
-966
932
4078
1425551
24
-11
7
-964
931
4047
1418368
12
-8
4
-956
912
4023
1419393
16
-4
5
-952
946
4108
1420418
2
4
10
-969
943
4070
1421443
6
2
4
-961
947
4003
1422468
4
2
-3
-959
942
4036
1423493
-6
1
-6
-959
950
4077
1424518
-3
-4
-7
-970
922
3990
1425543
22
-12
-9
-957
936
4061
1426568
-4
-2
-5
-975
929
4087
1427593
-11
2
-2
-989
895
4022
1428618
9
-5
1
-978
901
4022
1429643
12
-10
6
-962
924
4039
1430668
7
-13
9
-966
933
4034
1431693
11
-13
6
-961
941
4059
1432718
6
-5
3
-972
961
4088
1433743
3
-4
0
-969
945
4024
1426560
13
-4
-2
-955
949
4052
1427585
3
-1
-3
-966
943
4073
1428610
4
-2
-6
-966
915
4026
1429635
20
-5
-6
-966
918
4049
1430660
9
-3
-5
-978
924
4071
1431685
-8
-4
-6
-975
912
4008
1432710
-7
-5
2
-971
914
4041
1433735
-1
-8
11
-964
944
4068
1434760
5
-9
14
-966
949
4021
1435785
13
-10
9
-955
980
4046
1436810
1
-6
4
-951
972
4056
1437835
7
-8
-5
-951
945
4049
1438860
19
-8
-9
-961
939
4083
1439885
23
-3
-9
-972
917
4059
1440910
24
0
-7
-971
913
4042
1441935
9
4
1
-978
920
4037
1434752
-10
6
9
-984
905
4040
1435777
-12
3
19
-985
916
4025
1436802
4
-4
25
-969
929
4021
1437827
17
-11
24
-952
981
4038
1438852
23
-12
16
-961
977
4032
1439877
42
-16
4
-965
987
4052
1440902
41
-15
-3
-962
975
4063
1441927
31
-9
-7
-971
956
4054
1442952
27
-6
-6
-964
944
4045
1443977
23
-4
-3
-972
939
4036
1445002
16
-3
-2
-971
945
4042
1446027
19
1
1
-968
951
4041
1447052
52
6
0
-966
965
4031
1448077
73
16
-4
-952
998
4029
1449102
69
20
-12
-962
997
3982
1450127
76
23
-14
-971
999
3959
1442944
41
31
-8
-994
996
4122
1443969
-8
44
-9
-1002
948
3987
1444994
103
25
-23
-980
948
3827
1446019
119
15
-11
-1002
1017
3952
1447044
-12
37
-7
-1024
1012
4005
1448069
-37
24
-20
-997
1008
3903
1449094
19
-2
-32
-1007
1021
3793
1450119
-6
-25
-33
-992
1099
3945
1451144
-137
-13
-30
-1026
1150
4185
1452169
-263
-17
-49
-1057
1014
4323
1453194
-495
35
-117
-846
798
4559
1454219
-582
70
-53
-819
959
4538
1455244
-56
-19
-30
-985
728
4085
1456269
-53
-68
-98
-1111
1203
3956
1457294
-673
11
-129
-948
590
3502
1458319
-506
0
-107
-1106
577
3374
1451135
-147
11
-112
-935
609
4138
1452160
-39
56
-18
-991
548
4955
1453185
39
43
37
-1257
798
4509
1454210
48
5
4
-1056
1001
3893
1455235
-136
19
21
-890
873
3761
1456260
-194
17
38
-897
727
4005
1457285
-94
-15
52
-1019
696
4130
1458310
17
-55
51
-1088
709
4047
1459335
77
-80
49
-1072
728
3956
1460360
85
-79
57
-1050
641
3850
1461385
179
-82
58
-1003
650
4040
1462410
247
-85
60
-972
829
4213
1463435
198
-56
60
-963
872
4156
1464460
177
-27
57
-971
784
4130
1465485
200
-34
52
-977
844
4125
1466510
157
-45
38
-972
826
3954
1459328
200
-54
22
-954
779
4022
1460353
237
-57
26
-965
924
4170
1461378
125
-25
26
-976
915
4120
1462403
77
2
23
-961
879
4102
1463428
64
5
24
-962
940
4074
1464453
14
12
15
-960
894
4000
1465478
20
5
6
-949
910
4047
1466503
13
1
9
-970
930
4058
1467528
13
-6
8
-976
915
4017
1468553
35
-15
5
-960
925
4056
1469578
44
-21
4
-957
961
4051
1470603
32
-21
-1
-952
940
4016
1471628
38
-22
-4
-947
939
4062
1472653
27
-16
-7
-950
907
4078
1473678
29
-15
-10
-957
894
4062
1474703
31
-9
-10
-957
909
4085
1467520
3
0
-4
-966
897
4066
1468545
-18
3
1
-969
889
4027
1469570
-12
4
5
-960
889
4050
1470595
3
-4
12
-957
909
4026
1471620
10
-11
16
-957
914
4016
1472645
16
-14
15
-955
937
4076
1473670
2
-11
12
-961
935
4053
1474695
-1
-12
5
-947
914
4038
1475720
9
-14
5
-945
930
4079
1476745
2
-7
10
-951
910
4088
1477770
9
-5
15
-960
923
4042
1478795
14
-3
15
-958
932
4054
1479820
5
-1
13
-950
951
4066
1480845
-3
-1
9
-955
944
4009
1481870
2
-6
-1
-944
941
4047
1482895
0
-6
-3
-953
947
4063
1475711
3
-6
0
-955
924
4039
1476736
5
-3
6
-951
936
4066
1477761
-4
2
9
-959
931
4062
1478786
4
-2
7
-949
916
4039
1479811
11
2
5
-952
935
4072
1480836
3
5
3
-957
925
4075
1481861
4
3
-1
-955
926
4048
1482886
-2
8
1
-960
936
4066
1483911
1
11
4
-969
913
4061
1484936
15
9
7
-955
947
4028
1485961
9
11
12
-951
924
4024
1486986
10
7
11
-949
960
4043
1488011
10
3
7
-959
954
4041
1489036
13
1
1
-962
966
4046
1490061
7
0
-7
-967
957
4049
1491086
0
-1
-10
-971
938
4032
1483905
-1
1
-6
-974
919
4057
1484930
0
-3
0
-966
917
4058
1485955
5
-2
4
-961
911
4054
1486980
15
0
10
-963
937
4044
1488005
11
2
12
-962
937
4032
1489030
4
0
9
-968
954
4032
1490055
3
2
4
-965
956
4050
1491080
8
6
0
-970
937
4034
1492105
17
6
-1
-969
944
4045
1493130
9
6
1
-970
946
4050
1494155
9
5
4
-969
937
4048
1495180
20
0
7
-968
945
4052
1496205
17
-1
6
-964
960
4054
1497230
3
2
4
-971
956
4052
1498255
-7
2
2
-966
931
4027
1499280
11
0
-1
-979
943
4002
1492096
19
3
3
-969
943
4010
1493121
5
18
11
-993
919
3976
1494146
38
20
12
-1012
922
3890
1495171
70
8
14
-995
952
3917
1496196
37
15
15
-998
944
4033
1497221
19
25
17
-1000
961
4104
1498246
22
34
6
-971
1027
4136
1499271
-91
47
16
-1020
1183
4155
1500296
-488
74
-2
-1036
1240
4292
1501321
-936
206
-41
-732
647
4463
1502346
-333
136
112
-921
412
4015
1503371
514
-112
100
-1226
1047
3827
1504396
-106
-22
-19
-1008
917
3613
1505421
-295
41
-17
-1012
585
3604
1506446
119
-30
-11
-987
617
4004
1507471
260
-7
0
-948
789
4598
1500288
192
63
45
-1043
1078
4830
1501313
15
98
70
-1149
1043
4157
1502338
-14
60
39
-994
951
3710
1503363
-2
24
28
-921
855
3793
1504388
8
-24
25
-949
909
4048
1505413
18
-63
22
-1032
944
4006
1506438
63
-89
9
-1072
927
3907
1507463
82
-97
4
-1079
854
3871
1508488
94
-94
5
-1017
846
3991
1509513
88
-76
14
-987
887
4160
1510538
52
-51
23
-979
895
4142
1511563
51
-29
23
-972
888
4095
1512588
67
-16
23
-962
939
4154
1513613
42
-7
21
-966
979
4095
1514638
38
-19
15
-980
930
3903
1515663
73
-33
7
-986
971
3979
1508480
44
-35
7
-999
961
3989
1509505
38
-31
6
-987
912
4021
1510530
50
-21
10
-967
983
4122
1511555
3
-1
14
-976
968
4060
1512580
7
-2
2
-949
969
4022
1513605
17
-6
-10
-953
972
4042
1514630
11
-17
-19
-963
962
4007
1515655
-7
-20
-21
-989
939
3994
1516680
0
-24
-19
-991
947
4048
1517705
-5
-20
-11
-973
935
4067
1518730
-3
-14
-3
-970
929
4057
1519755
-5
-11
3
-965
936
4042
1520780
-8
-7
4
-956
922
4047
1521805
2
-7
7
-960
937
4072
1522830
10
-14
6
-973
944
4023
1523855
13
-18
1
-971
947
4011
1516672
-2
-11
-1
-980
968
4065
1517697
-14
-6
-2
-981
952
4038
1518722
0
-9
-2
-964
955
4046
1519747
-7
-7
2
-961
968
4038
1520772
-8
-9
2
-954
973
4025
1521797
-2
-16
2
-959
978
4022
1522822
-1
-22
-3
-972
971
4005
1523847
-3
-26
-9
-969
951
4050
1524872
-3
-24
-11
-969
939
4071
1525897
-8
-15
-10
-961
914
4091
1526922
-16
-5
-3
-959
909
4065
1527947
-16
0
7
-971
903
4023
1528972
-8
-6
15
-970
917
4012
1529997
-10
-11
19
-960
941
4021
1531022
-8
-12
20
-959
950
4057
1532047
5
-14
18
-953
960
4057
1524864
12
-16
14
-937
977
4044
1525889
1
-8
12
-941
963
4057
1526914
-3
0
5
-954
970
4075
1527939
-8
9
0
-960
955
4079
1528964
-3
10
-4
-950
939
4040
1529989
14
3
-7
-960
947
4035
1531014
6
2
-10
-955
950
4056
1532039
-10
6
-8
-964
940
4052
1533064
-8
7
-4
-976
935
4040
1534089
0
2
-1
-966
961
4022
1535114
3
-1
3
-964
954
4023
1536139
10
-4
4
-956
952
4054
1537164
8
-2
4
-961
939
4047
1538189
4
-1
2
-961
931
4058
1539214
9
1
1
-968
929
4069
1540239
3
5
3
-967
936
4043
1533056
-3
8
8
-960
938
4038
1534081
-3
8
14
-965
935
4041
1535106
-1
6
17
-969
951
4021
1536131
3
1
15
-965
958
4018
1537156
2
2
12
-971
984
4055
1538181
-2
2
6
-963
972
4035
1539206
1
3
0
-960
964
4043
1540231
-12
12
-3
-976
935
4050
1541256
-15
12
-4
-979
911
4050
1542281
-18
13
3
-975
895
4043
1543306
-19
10
17
-974
902
4017
1544331
-14
3
30
-985
899
3974
1545356
15
-6
34
-966
955
4048
1546381
15
1
38
-964
974
4067
1547406
23
7
28
-966
1000
4052
1548431
10
14
13
-961
1013
4060
1541247
-5
17
0
-953
995
4056
1542272
15
10
-12
-949
1000
4043
1543297
29
15
-20
-954
996
4049
1544322
14
21
-29
-979
997
4036
1545347
7
26
-38
-978
955
3969
1546372
34
30
-39
-1003
945
3893
1547397
56
32
-37
-1026
915
3825
1548422
37
27
-37
-1037
912
3859
1549447
-56
16
-32
-1081
867
3934
1550472
-105
-9
-41
-1100
841
4037
1551497
-139
8
-43
-1037
933
4306
1552522
-200
72
-25
-985
955
4463
1553547
-224
100
-11
-971
1097
4394
1554572
-483
122
-53
-946
1071
4277
1555597
-1047
206
-53
-891
940
4235
1556622
-915
126
-10
-995
548
3659
1549440
132
-110
-32
-951
367
3555
1550465
412
-208
-12
-1216
994
3943
1551490
-238
-91
-40
-1036
647
3765
1552515
-16
-47
-24
-1126
524
3763
1553540
371
-59
-18
-996
670
4360
1554565
289
23
68
-993
670
4846
1555590
196
45
137
-1209
851
4333
1556615
131
20
86
-1035
898
3855
1557640
52
15
64
-881
807
3899
1558665
55
-10
58
-893
861
4079
1559690
73
-34
48
-988
924
4122
1560715
82
-48
32
-1044
929
4095
1561740
88
-68
22
-1075
852
3895
1562765
176
-88
1
-1032
799
3912
1563790
222
-82
2
-984
912
4126
1564815
115
-46
13
-993
905
4098
1557633
58
-18
15
-994
840
4051
1558658
50
-8
22
-996
870
4112
1559683
27
-15
31
-1008
850
3960
1560708
70
-31
33
-978
826
3965
1561733
98
-27
44
-982
921
4126
1562758
66
-17
48
-1003
937
4058
1563783
83
-11
34
-968
935
4072
1564808
101
-3
28
-957
987
4136
1565833
69
10
20
-978
1007
4045
1566858
52
20
1
-973
1004
4038
1567883
51
26
-6
-965
1027
4086
1568908
26
29
-12
-986
994
3987
1569933
34
20
-28
-972
984
3985
1570958
19
19
-34
-978
984
4048
1571983
-1
16
-38
-996
931
4012
1573008
9
-1
-44
-1008
905
3978
1565824
5
-13
-34
-1016
899
3983
1566849
-19
-17
-17
-1018
848
3982
1567874
-6
-21
-4
-1013
887
4062
1568899
-4
-18
14
-1013
883
4058
1569924
1
-14
28
-1003
910
4035
1570949
6
-13
35
-980
942
4029
1571974
7
-9
34
-982
980
4046
1572999
5
2
28
-976
1000
4063
1574024
-1
6
19
-985
1011
4022
1575049
-7
6
7
-979
1012
4043
1576074
-4
-1
-3
-974
996
4027
1577099
3
-9
-13
-973
979
4018
1578124
4
-4
-16
-990
965
4078
1579149
4
-1
-16
-998
958
4048
1580174
15
0
-19
-980
959
4040
1581199
4
3
-16
-1000
953
4038
1574016
1
2
-20
-1004
934
4037
1575041
1
-3
-18
-1001
923
4007
1576066
-2
-7
-12
-1001
921
4013
1577091
-4
-9
-2
-1017
920
4019
1578116
1
-13
5
-1007
932
4028
1579141
6
-14
10
-998
939
4024
1580166
3
-14
9
-1001
954
4026
1581191
-10
-14
4
-985
952
4029
1582216
-22
-14
5
-985
964
4004
1583241
-20
-15
8
-991
960
4023
1584266
-6
-21
9
-993
979
4023
1585291
-3
-20
10
-987
980
4029
1586316
-11
-14
10
-974
968
4056
1587341
-8
-13
5
-972
966
4043
1588366
-9
-11
-1
-973
958
4064
1589391
-21
-4
-4
-982
932
4067
1582208
-15
-1
-3
-993
907
4050
1583233
-5
1
5
-994
920
4043
1584258
-9
3
12
-997
919
4032
1585283
-14
4
17
-1003
929
4010
1586308
-19
3
21
-990
918
4013
1587333
-5
1
21
-997
937
3954
1588358
23
26
19
-985
927
3905
1589383
72
38
12
-1002
958
3936
1590408
56
37
-2
-1007
1038
4069
1591433
-16
64
-10
-1019
978
4184
1592458
6
59
-27
-964
993
4246
1593483
0
62
-33
-982
968
4060
1594508
18
51
-35
-997
958
3894
1595533
49
23
-40
-997
1028
3931
1596558
25
16
-49
-1047
1010
3860
1597583
-21
-6
-62
-1036
1020
3988
1590399
-122
-11
-65
-1029
1014
4183
1591424
-297
-25
-25
-1134
1127
4206
1592449
-885
3
-13
-1061
1313
4398
1593474
-1776
249
12
-882
307
4530
1594499
-1082
220
142
-1007
-173
3889
1595524
420
-57
162
-1094
483
3931
1596549
7
7
64
-1106
939
4217
1597574
-646
119
0
-1075
565
3830
1598599
-271
67
-21
-1020
602
3750
1599624
21
52
9
-942
536
4416
1600649
136
22
60
-1187
604
4430
1601674
191
-22
24
-1249
817
3901
1602699
115
-53
-8
-1013
791
3712
1603724
62
-48
12
-979
563
3971
1604749
113
-69
35
-1100
558
4147
1605774
144
-82
25
-1099
616
4151
1598592
159
-79
21
-1060
607
4063
1599617
226
-82
22
-1039
620
4045
1600642
310
-94
26
-1027
705
4129
1601667
310
-89
36
-1038
729
4059
1602692
319
-82
29
-1022
754
4060
1603717
347
-82
30
-1005
835
4140
1604742
285
-72
34
-995
888
4133
1605767
181
-57
31
-975
875
4058
1606792
138
-49
28
-988
843
4063
1607817
113
-65
28
-1013
844
3969
1608842
110
-77
25
-1009
763
3913
1609867
170
-80
27
-975
891
4167
1610892
126
-50
40
-985
925
4176
1611917
68
-22
36
-960
909
4096
1612942
59
3
21
-949
948
4112
1613967
29
9
14
-957
975
4084
1606785
-15
20
0
-954
926
4049
1607810
0
19
-7
-960
901
4085
1608835
5
22
-4
-992
902
4070
1609860
-2
21
-4
-1000
883
3992
1610885
-7
17
2
-1001
862
4001
1611910
-3
6
12
-1002
873
4040
1612935
-10
-3
24
-999
853
3990
1613960
-4
-9
28
-994
861
4023
1614985
-25
-12
35
-1004
853
4036
1616010
-65
-22
34
-992
807
3967
1617035
-84
-30
47
-1004
817
3981
1618060
-113
-32
76
-1007
790
3989
1619085
-107
-48
110
-999
788
3969
1620110
-63
-72
136
-983
844
4035
1621135
-16
-92
145
-943
888
4080
1622160
24
-93
132
-905
963
4159
1614976
59
-74
106
-879
995
4214
1616001
76
-52
66
-870
995
4173
1617026
72
-30
30
-850
1060
4175
1618051
8
7
5
-890
1009
4155
1619076
-25
33
-17
-905
941
4141
1620101
-12
42
-29
-917
906
4093
1621126
-1
48
-30
-938
868
4042
1622151
-7
48
-25
-949
841
4053
1623176
-19
41
-14
-964
804
4025
1624201
-10
28
2
-978
807
4013
1625226
4
11
22
-986
823
3987
1626251
12
-9
36
-976
840
3982
1627276
8
-21
46
-950
871
4032
1628301
3
-30
53
-938
885
4034
1629326
19
-35
49
-929
927
4077
1630351
16
-31
44
-932
951
4095
1623383
10
-29
30
-928
939
4054
1624408
10
-23
11
-926
951
4135
1625433
-7
-7
6
-942
915
4135
1626458
9
-2
1
-921
897
4090
1627483
32
7
-4
-906
923
4102
1628508
16
20
-6
-917
920
4085
1629533
12
22
-7
-923
917
4061
1630558
-3
25
-3
-945
906
4018
1631583
-5
18
-1
-961
879
3996
1632608
3
0
-1
-955
871
3996
1633633
0
-20
6
-958
862
3984
1634658
0
-33
14
-951
871
4036
1635683
5
-39
22
-936
891
4080
1636708
9
-37
25
-917
915
4078
1637733
8
-31
25
-912
955
4075
1638758
0
-26
17
-914
983
4080
1631360
-7
-21
11
-910
992
4091
1632385
-4
-18
-1
-909
981
4082
1633410
1
-22
-19
-904
958
4077
1634435
-7
-17
-33
-909
931
4084
1635460
-9
-11
-39
-917
912
4103
1636485
-6
-6
-40
-930
898
4091
1637510
-4
-2
-41
-929
888
4077
1638535
-7
3
-38
-914
877
4081
1639560
-8
10
-32
-927
880
4081
1640585
4
11
-29
-930
880
4080
1641610
18
11
-26
-942
914
4072
1642635
27
11
-31
-936
919
4074
1643660
26
14
-39
-942
950
4079
1644685
18
24
-50
-947
936
4071
1645710
21
28
-63
-940
912
4052
1646735
20
36
-68
-928
908
4051
1639552
29
63
-71
-933
880
3999
1640577
86
72
-70
-976
863
3887
1641602
77
60
-73
-1003
901
3942
1642627
-78
77
-57
-1030
971
4192
1643652
-233
136
-49
-1058
821
4245
1644677
-167
118
-35
-1024
857
4119
1645702
-91
87
-23
-990
885
4010
1646727
-109
59
-15
-985
840
3971
1647752
-181
42
-15
-991
866
4023
1648777
-395
45
-19
-1013
957
4237
1649802
-860
109
-4
-999
821
4288
1650827
-745
123
67
-976
466
3981
1651852
235
-20
52
-916
352
3971
1652877
216
-73
-10
-1087
1145
4460
1653902
-748
127
-81
-1105
748
3855
1654927
-597
139
-162
-1126
684
3553
1647744
-212
116
-113
-829
198
4636
1648769
150
91
60
-1118
362
4882
1649794
355
41
70
-1409
837
3879
1650819
181
12
-12
-1029
809
3648
1651844
-35
31
1
-963
624
4059
1652869
-16
-2
7
-1067
566
4196
1653894
58
-48
-13
-1087
621
4113
1654919
60
-46
-29
-1082
613
3942
1655944
100
-56
-28
-1089
591
3923
1656969
144
-74
-19
-1086
698
4041
1657994
151
-67
-25
-1099
767
3930
1659019
236
-58
-38
-1059
691
4012
1660044
400
-70
-18
-1067
721
4107
1661069
500
-77
-4
-1058
765
4048
1662094
515
-73
5
-1060
797
4039
1663119
470
-87
11
-1063
879
3987
1655936
343
-88
20
-1057
919
3947
1656961
186
-72
34
-1042
920
4043
1657986
89
-56
51
-1035
889
4126
1659011
76
-56
50
-1018
915
4118
1660036
86
-50
41
-1022
944
4025
1661061
99
-65
31
-1005
975
3959
1662086
58
-62
24
-967
1015
4036
1663111
-18
-42
24
-953
1006
4091
1664136
-63
-17
32
-978
938
4096
1665161
-57
-19
41
-1031
922
4010
1666186
-23
-51
34
-1028
868
3908
1667211
28
-75
24
-999
848
3995
1668236
24
-70
34
-998
930
4136
1669261
-39
-38
38
-997
891
4164
1670286
-47
-24
35
-986
928
4085
1671311
-41
-22
29
-968
970
4021
1664129
-31
-31
21
-963
942
3994
1665154
-15
-42
19
-952
937
4032
1666179
-23
-36
26
-949
928
4072
1667204
-21
-23
32
-949
900
4115
1668229
22
-28
23
-910
962
4144
1669254
28
-25
-1
-904
955
4081
1670279
2
-16
-23
-943
915
4056
1671304
-25
-3
-35
-967
910
4073
1672329
-44
7
-33
-992
880
4064
1673354
-37
6
-23
-997
863
4038
1674379
-22
-3
-5
-975
894
4048
1675404
-16
-4
7
-963
901
4046
1676429
-12
-12
12
-949
902
4022
1677454
-18
-15
18
-950
918
4032
1678479
-36
-17
27
-960
923
4039
1679504
-45
-22
38
-957
915
4036
1672320
-59
-26
49
-983
908
3991
1673345
-66
-44
49
-998
865
3934
1674370
-46
-72
50
-977
837
3954
1675395
-29
-94
63
-953
844
4047
1676420
-14
-102
70
-909
849
4125
1677445
2
-94
70
-868
891
4166
1678470
-9
-85
64
-854
932
4119
1679495
-28
-76
51
-878
891
4080
1680520
-25
-70
34
-882
885
4122
1681545
-34
-49
29
-896
876
4158
1682570
-42
-30
35
-898
874
4134
1683595
-49
-14
45
-892
872
4098
1684620
-54
-10
59
-880
868
4074
1685645
-43
-15
63
-884
845
4056
1686670
-27
-30
54
-875
859
4069
1687695
-53
-36
41
-872
867
4098
1680511
-88
-36
37
-869
870
4123
1681536
-110
-31
45
-870
867
4117
1682561
-121
-17
68
-884
841
4115
1683586
-125
-1
82
-875
793
4114
1684611
-100
0
84
-853
803
4144
1685636
-64
2
76
-820
805
4196
1686661
-28
10
72
-812
832
4210
1687686
-23
28
65
-834
838
4171
1688711
-32
44
53
-842
818
4133
1689736
-20
51
45
-851
836
4152
1690761
-11
60
38
-854
857
4170
1691786
-10
67
31
-868
882
4124
1692811
-16
67
17
-857
881
4088
1693836
-45
72
10
-868
856
4066
1694861
-64
73
8
-886
822
4046
1695886
-47
63
7
-914
816
4052
1688704
-33
57
7
-926
809
4052
1689729
-38
48
10
-918
816
4045
1690754
-46
41
17
-924
788
4032
1691779
-40
27
26
-918
772
4027
1692804
-29
15
30
-912
769
4034
1693829
-31
7
37
-922
775
4056
1694854
-32
3
46
-923
748
4082
1695879
-18
-5
52
-925
758
4100
1696904
-11
-7
56
-922
763
4116
1697929
-13
-5
59
-915
768
4110
1698954
-14
-1
60
-917
784
4099
1699979
-27
6
61
-915
795
4103
1701004
-38
13
65
-899
781
4115
1702029
-40
15
71
-910
780
4108
1703054
-27
9
69
-917
769
4100
1704079
-9
0
57
-916
775
4106
1696896
-11
-4
41
-897
783
4105
1697921
-19
0
28
-875
772
4116
1698946
-16
7
30
-882
781
4131
1699971
-9
13
32
-894
818
4145
1700996
-14
20
30
-899
831
4118
1702021
-13
25
24
-913
828
4110
1703046
-2
25
15
-907
824
4109
1704071
13
24
9
-901
815
4106
1705096
21
22
7
-910
808
4089
1706121
24
21
0
-913
792
4107
1707146
28
21
-4
-929
764
4100
1708171
22
23
-5
-948
746
4097
1709196
6
27
-2
-938
749
4107
1710221
-5
31
11
-939
754
4091
1711246
3
27
20
-939
776
4078
1712271
5
21
22
-939
788
4077
1705089
-2
19
19
-946
790
4079
1706114
0
12
13
-951
785
4072
1707139
0
7
-31
-933
810
4075
1708164
-7
12
-44
-900
795
4105
1709189
-1
21
-24
-938
798
4128
1710214
9
16
-14
-951
791
4120
1711239
12
16
-19
-958
808
4112
1712264
5
24
-38
-930
825
4087
1713289
27
35
-29
-812
721
4048
1714314
67
42
-4
-1029
802
4093
1715339
65
6
-16
-1030
811
4099
1716364
42
-4
-4
-959
789
4070
1717389
18
45
2
-984
833
4088
1718414
-16
91
-10
-966
797
4098
1719439
-19
75
36
-950
764
4086
1720464
