Device = VHR-0009
time_stamp = 1779946373447
sample_rate = 50
Data format = INT16
TYPE = 6-AXIS IMU RAW DATA
-1
-1
6
2145
-607
3544
230529
12
2
9
2143
-594
3541
231554
4
-2
6
2144
-603
3538
232579
-3
-5
1
2152
-609
3551
233604
0
-5
0
2144
-595
3540
234629
1
-3
1
2141
-588
3522
235654
2
-2
3
2141
-580
3537
236679
-4
-1
3
2147
-597
3536
237704
5
1
4
2154
-584
3538
238729
8
7
7
2136
-579
3542
239754
2
3
8
2140
-597
3548
240779
3
1
8
2146
-608
3546
241804
2
1
5
2141
-604
3534
242829
0
-1
1
2139
-589
3543
243854
-7
-2
-3
2148
-598
3547
244879
-3
-1
-1
2143
-594
3551
245904
2
-1
1
2137
-582
3546
238721
2
-2
4
2136
-579
3547
239746
0
-4
4
2141
-591
3540
240771
2
-3
3
2155
-590
3549
241796
0
1
6
2137
-589
3550
242821
-7
-4
6
2134
-606
3537
243846
5
-5
4
2150
-597
3554
244871
8
-1
4
2137
-588
3555
245896
-1
-4
3
2144
-579
3546
246921
-2
-5
4
2142
-594
3550
247946
3
-5
5
2140
-602
3548
248971
7
-4
6
2132
-593
3554
249996
4
-5
6
2131
-599
3550
251021
-3
-9
1
2151
-587
3536
252046
-10
-8
-3
2152
-597
3531
253071
-1
-1
0
2136
-593
3523
254096
9
0
0
2144
-576
3522
246912
4
2
-1
2154
-578
3545
247937
-1
7
3
2131
-584
3553
248962
3
2
4
2139
-590
3551
249987
9
-4
4
2147
-584
3569
251012
-2
-4
5
2135
-587
3551
252037
-10
-6
2
2127
-608
3534
253062
-7
-12
-3
2145
-609
3535
254087
11
-6
-6
2165
-591
3569
255112
10
4
0
2113
-557
3547
256137
-11
-11
0
2114
-588
3523
257162
3
-17
-10
2199
-609
3555
258187
23
9
3
2123
-543
3546
259212
-6
-5
6
2104
-563
3530
260237
-8
-18
1
2170
-607
3552
261262
15
-3
8
2134
-590
3552
262287
8
-4
5
2142
-566
3547
255104
-10
-8
3
2141
-588
3534
256129
-2
-12
5
2132
-597
3543
257154
10
-11
-1
2172
-583
3559
258179
7
-2
4
2121
-559
3549
259204
-15
-12
4
2120
-581
3529
260229
-1
-17
-2
2185
-609
3543
261254
14
1
7
2141
-550
3545
262279
-10
-6
6
2124
-572
3528
263304
-10
-12
-1
2172
-619
3538
264329
13
1
4
2148
-578
3546
265354
6
2
5
2113
-556
3543
266379
-12
-9
4
2146
-581
3547
267404
-1
-8
8
2172
-600
3548
268429
9
2
10
2136
-573
3534
269454
-10
-4
7
2120
-588
3518
270479
-13
-13
-2
2178
-623
3540
263295
13
4
0
2158
-582
3551
264320
5
8
5
2114
-560
3518
265345
-12
-8
0
2149
-600
3535
266370
6
-5
-3
2159
-589
3577
267395
10
2
-1
2137
-540
3552
268420
-16
-6
0
2139
-582
3524
269445
-9
-13
5
2149
-611
3523
270470
18
-8
5
2161
-570
3538
271495
8
0
4
2134
-564
3548
272520
-8
-7
6
2128
-581
3553
273545
0
-12
1
2160
-581
3558
274570
9
-5
3
2150
-570
3549
275595
-2
-10
6
2133
-564
3552
276620
-15
-15
4
2147
-578
3542
277645
-10
-9
3
2160
-589
3520
278670
-1
1
3
2146
-588
3518
271488
2
0
1
2156
-591
3527
272513
3
4
-1
2158
-590
3525
273538
1
10
-3
2147
-588
3543
274563
-2
12
-5
2129
-578
3556
275588
-7
3
-8
2142
-583
3559
276613
1
5
-6
2147
-571
3561
277638
6
2
-3
2123
-561
3577
278663
-3
-7
0
2131
-564
3563
279688
-7
-12
4
2147
-571
3546
280713
-2
-14
3
2146
-571
3550
281738
0
-14
3
2140
-578
3551
282763
1
-15
3
2147
-568
3531
283788
-2
-12
5
2149
-579
3517
284813
-1
-11
5
2148
-588
3533
285838
5
-7
4
2154
-584
3540
286863
4
-2
2
2151
-572
3529
279750
-4
-2
0
2151
-575
3524
280775
-4
-3
-1
2156
-583
3533
281800
4
2
2
2148
-566
3552
282825
0
1
5
2145
-565
3552
283850
-9
-1
7
2146
-560
3522
284875
-6
-1
9
2150
-558
3527
285900
5
2
12
2155
-538
3541
286925
-2
6
21
2148
-517
3516
287950
-17
7
27
2147
-546
3502
288975
-16
11
30
2169
-568
3489
290000
-1
22
37
2154
-574
3484
291025
7
29
46
2129
-556
3510
292050
0
27
50
2146
-555
3540
293075
-3
32
55
2134
-567
3565
294100
-2
37
60
2097
-591
3574
295125
0
28
64
2111
-597
3562
287872
-12
15
65
2143
-596
3553
288897
-28
16
60
2123
-648
3592
289922
-7
16
50
2093
-687
3601
290947
0
13
37
2106
-625
3551
291972
-39
2
19
2155
-656
3530
292997
-21
1
22
2130
-650
3584
294022
20
2
29
2096
-598
3586
295047
9
7
28
2085
-605
3565
296072
0
5
26
2095
-647
3570
297097
19
-2
19
2120
-680
3578
298122
23
-1
4
2146
-607
3566
299147
3
4
3
2109
-634
3540
300172
5
3
-9
2139
-667
3479
301197
23
14
-7
2136
-605
3504
302222
68
11
11
2117
-511
3607
303247
71
19
8
2097
-535
3661
296065
14
38
-11
2095
-616
3579
297090
-13
51
-18
2088
-652
3547
298115
7
42
-6
2117
-668
3546
299140
49
40
14
2109
-567
3582
300165
12
31
22
2092
-537
3554
301190
-44
21
21
2064
-593
3566
302215
-47
7
26
2082
-614
3637
303240
-4
0
51
2057
-552
3712
304265
21
-12
64
2035
-471
3719
305290
-33
-18
52
2044
-523
3609
306315
-68
-15
38
2089
-640
3492
307340
-43
-13
34
2142
-699
3430
308365
14
-9
41
2137
-673
3495
309390
34
-14
35
2095
-651
3613
310415
-7
-21
19
2060
-672
3664
311440
-30
-24
6
2055
-633
3651
304257
-33
-31
-3
2079
-620
3593
305282
-26
-36
-4
2097
-603
3536
306307
-19
-43
5
2104
-642
3541
307332
17
-51
13
2107
-602
3605
308357
0
-52
15
2099
-582
3608
309382
-31
-56
9
2096
-639
3547
310407
-20
-54
4
2126
-644
3529
311432
-3
-43
7
2134
-624
3493
312457
-8
-29
10
2145
-613
3453
313482
-17
-22
12
2147
-667
3493
314507
-3
-12
23
2172
-573
3483
315532
-112
37
9
2248
-624
3295
316557
-137
101
13
2299
-715
3201
317582
-128
176
4
2368
-726
3209
318607
-65
123
4
1837
-1024
4011
319632
345
72
-186
2102
-489
4547
312447
776
230
-181
2101
-317
3509
313472
969
271
-95
1761
-643
2890
314497
586
158
-78
2027
-393
3394
315522
98
104
-52
2132
-450
3655
316547
-144
57
-18
1972
-568
3388
317572
-387
-73
54
1839
-412
3650
318597
-626
-201
107
1853
-285
4142
319622
-611
-206
120
2000
-698
4353
320647
-232
-84
180
2034
-433
3726
321672
40
-10
234
1960
-183
3270
322697
12
-22
218
2088
-480
3436
323722
-89
-16
164
2247
-562
3497
324747
-206
-30
145
2174
-782
3616
325772
-286
-71
134
2027
-918
3694
326797
-277
-93
54
2070
-891
3624
327822
-252
-94
-19
2084
-916
3575
320640
-141
-98
-60
2070
-954
3570
321665
6
-97
-65
2111
-808
3590
322690
8
-65
-61
2114
-715
3585
323715
-47
-35
-65
2106
-640
3515
324740
-50
-19
-52
2122
-673
3465
325765
-3
2
-31
2114
-666
3459
326790
18
16
-13
2116
-664
3457
327815
24
25
1
2128
-678
3468
328840
17
33
4
2116
-706
3523
329865
10
39
5
2102
-716
3569
330890
15
41
3
2093
-722
3580
331915
20
41
-3
2077
-710
3581
332940
14
34
-8
2078
-707
3608
333965
8
31
-4
2062
-716
3595
334990
11
27
3
2056
-700
3601
336015
2
18
3
2065
-702
3608
328832
-5
6
-2
2076
-708
3584
329857
-2
-1
-2
2075
-707
3592
330882
0
-2
2
2066
-718
3591
331907
13
-6
7
2066
-673
3577
332932
-5
-15
4
2092
-684
3570
333957
-20
-17
3
2091
-728
3586
334982
1
-14
8
2074
-715
3563
336007
9
-14
6
2078
-692
3535
337032
-8
-15
-1
2099
-712
3555
338057
-11
-10
-1
2100
-715
3558
339082
5
-1
5
2088
-693
3548
340107
-5
0
1
2084
-704
3532
341132
-19
2
-2
2091
-734
3549
342157
3
9
0
2086
-705
3572
343182
13
17
0
2075
-684
3563
344207
-6
15
-4
2083
-705
3558
337024
-12
11
-4
2081
-724
3594
338049
8
10
1
2062
-702
3624
339074
9
5
3
2058
-688
3594
340099
-6
-2
4
2073
-685
3572
341124
-9
-2
7
2072
-693
3580
342149
0
-4
7
2075
-706
3577
343174
1
-6
6
2076
-710
3574
344199
-3
-5
4
2076
-726
3580
345224
5
-4
4
2074
-707
3568
346249
10
-2
4
2075
-693
3556
347274
0
0
3
2080
-694
3553
348299
-8
-1
2
2081
-724
3583
349324
2
1
5
2065
-726
3584
350349
11
-1
7
2069
-701
3573
351374
4
-2
3
2080
-704
3577
352399
-1
0
4
2069
-682
3571
345216
5
-1
6
2067
-700
3577
346241
2
-4
6
2076
-705
3578
347266
-6
-5
6
2085
-716
3568
348291
2
-4
5
2073
-722
3582
349316
14
-3
2
2073
-701
3582
350341
6
-3
-1
2081
-683
3569
351366
-8
-7
-2
2079
-690
3567
352391
1
-8
4
2059
-702
3583
353416
10
-9
8
2060
-681
3583
354441
-1
-10
7
2076
-691
3566
355466
-3
-10
6
2073
-704
3585
356491
-5
-11
7
2066
-713
3575
357516
-1
-11
4
2074
-689
3563
358541
-7
-13
1
2092
-710
3561
359566
-11
-7
2
2096
-717
3544
360591
10
-2
9
2063
-703
3560
353545
12
-2
6
2068
-682
3569
354570
-3
5
4
2077
-692
3555
355595
0
6
7
2085
-696
3546
356620
0
5
7
2088
-702
3570
357645
-5
10
5
2094
-683
3560
358670
-47
42
0
2148
-732
3441
359695
-54
110
-4
2227
-637
3368
360720
-134
78
23
2135
-766
3627
361745
111
52
9
1745
-1055
3875
362770
513
67
-133
2130
-454
4038
363795
378
126
-91
1916
-580
3401
364820
60
34
-58
1915
-611
3220
365845
-197
-101
0
2056
-602
3563
366870
-250
-179
50
2025
-695
3896
367895
-199
-196
33
1994
-727
3913
368920
-91
-156
11
2034
-619
3582
361600
24
-92
15
2050
-682
3499
362625
130
-10
0
2121
-626
3553
363650
77
0
2
2210
-574
3555
364675
-42
-6
29
2104
-701
3479
365700
-48
-7
29
2128
-653
3353
366725
-25
1
34
2138
-624
3423
367750
-36
-2
32
2103
-728
3532
368775
-38
-6
26
2088
-723
3600
369800
-57
-12
17
2066
-750
3642
370825
-50
-18
-4
2072
-713
3628
371850
-37
-16
-19
2071
-715
3602
372875
-16
-16
-21
2085
-695
3569
373900
-19
-22
-20
2084
-711
3573
374925
-3
-25
-18
2094
-681
3594
375950
-6
-23
-17
2088
-689
3589
376975
13
-16
-8
2086
-665
3556
369792
13
-16
-8
2103
-645
3544
370817
-12
-18
-8
2109
-684
3558
371842
0
-15
2
2090
-693
3562
372867
12
-15
5
2112
-671
3540
373892
3
-11
3
2111
-679
3539
374917
-1
-6
4
2097
-688
3537
375942
4
-1
5
2104
-691
3542
376967
17
4
5
2114
-682
3561
377992
12
3
5
2102
-675
3561
379017
-2
-2
4
2095
-702
3571
380042
4
-5
4
2092
-690
3577
381067
5
-10
2
2096
-694
3568
382092
1
-13
1
2095
-694
3560
383117
9
-14
1
2105
-687
3558
384142
1
-15
-2
2116
-692
3546
385167
-10
-11
-7
2110
-698
3541
377983
-1
-10
-10
2104
-709
3550
379008
16
-5
-8
2107
-674
3573
380033
10
-2
-3
2098
-650
3563
381058
-8
-9
-2
2107
-671
3560
382083
-3
-11
1
2104
-679
3578
383108
8
-12
4
2104
-674
3560
384133
5
-12
4
2109
-653
3554
385158
-10
-13
4
2113
-669
3541
386183
-5
-12
6
2108
-689
3541
387208
13
-10
9
2116
-674
3550
388233
8
-5
8
2112
-662
3542
389258
-9
-5
8
2095
-679
3531
390283
4
-9
7
2118
-706
3561
391308
13
-5
7
2119
-680
3576
392333
-10
-4
5
2096
-678
3546
393358
-19
-9
0
2107
-701
3542
386177
-3
-7
3
2115
-680
3542
387202
1
-4
2
2112
-666
3546
388227
-10
-2
2
2115
-671
3558
389252
-8
2
6
2104
-670
3542
390277
-3
1
4
2105
-672
3554
391302
-1
1
5
2110
-670
3552
392327
-2
1
8
2093
-683
3565
393352
-4
-3
7
2111
-691
3577
394377
-5
-2
6
2099
-687
3565
395402
-11
-9
1
2097
-701
3555
396427
-6
-16
-2
2114
-671
3584
397452
-4
-15
2
2101
-666
3567
398477
1
-16
9
2102
-662
3537
399502
-14
-17
5
2126
-671
3535
400527
-7
-14
6
2113
-690
3567
401552
0
-12
10
2105
-693
3553
394369
1
-11
12
2104
-670
3551
395394
-9
-16
7
2122
-673
3553
396419
-12
-19
7
2134
-692
3549
397444
-9
-17
9
2115
-696
3562
398469
-9
-15
9
2103
-714
3543
399494
11
-15
6
2137
-691
3546
400519
5
-11
4
2134
-675
3547
401544
-16
-15
4
2107
-699
3533
402569
-5
-20
0
2128
-699
3541
403594
15
-15
4
2128
-672
3546
404619
2
-10
4
2122
-671
3536
405644
-15
-10
3
2118
-687
3528
406669
-9
-10
4
2117
-701
3535
407694
-1
-8
3
2138
-687
3519
408719
-14
5
2
2153
-642
3463
409744
-107
59
-22
2301
-693
3322
402559
-211
164
-14
2429
-794
3132
403584
34
140
71
1883
-1229
3898
404609
839
174
-103
1907
-974
4400
405634
1146
332
-133
2103
-201
3616
406659
718
365
-185
1938
-586
2873
407684
115
237
-131
2110
-292
2641
408709
-459
30
25
2141
-81
2991
409734
-777
-231
96
2015
-501
4272
410759
-594
-287
100
1827
-580
4703
411784
-233
-177
42
1796
-679
4109
412809
42
-135
9
1832
-596
3701
413834
22
-183
17
2003
-507
3637
414859
-190
-219
46
2196
-651
3637
415884
-235
-182
55
2204
-735
3531
416909
-202
-149
42
2234
-706
3394
417934
-185
-133
67
2162
-754
3316
410752
-116
-105
76
2193
-709
3304
411777
-69
-61
67
2194
-704
3378
412802
-59
-23
43
2176
-824
3481
413827
-5
14
17
2166
-814
3533
414852
13
40
-4
2152
-797
3518
415877
6
57
-21
2154
-783
3447
416902
8
63
-37
2148
-751
3450
417927
12
60
-42
2111
-760
3544
418952
22
55
-44
2104
-744
3610
419977
21
53
-38
2095
-697
3610
421002
15
41
-32
2084
-655
3612
422027
4
23
-28
2105
-675
3632
423052
1
11
-15
2096
-683
3615
424077
-1
-6
-6
2089
-679
3577
425102
-1
-23
-6
2103
-690
3572
426127
-1
-30
-2
2118
-696
3571
418945
4
-33
4
2108
-704
3535
419970
1
-34
6
2123
-717
3517
420995
4
-25
6
2130
-719
3513
422020
13
-16
7
2130
-729
3505
423045
17
-6
7
2132
-711
3509
424070
11
0
1
2121
-720
3525
425095
6
-4
-5
2126
-720
3542
426120
10
-5
-4
2122
-686
3551
427145
8
-5
-4
2121
-670
3540
428170
-6
-6
-6
2124
-689
3545
429195
3
-7
-3
2119
-704
3553
430220
19
-9
1
2111
-671
3558
431245
7
-12
1
2125
-680
3549
432270
-5
-14
1
2121
-705
3553
433295
6
-18
5
2114
-704
3546
434320
13
-22
5
2140
-691
3545
427135
-1
-21
5
2132
-698
3524
428160
0
-24
5
2133
-703
3537
429185
14
-21
7
2124
-700
3549
430210
9
-18
10
2115
-689
3531
431235
11
-19
15
2108
-712
3566
432260
30
-20
22
2119
-683
3573
433285
18
-24
24
2136
-647
3527
434310
-15
-36
14
2165
-649
3494
435335
-5
-37
7
2163
-699
3524
436360
19
-34
-1
2176
-705
3513
437385
26
-25
-8
2175
-667
3504
438410
15
-13
-9
2146
-670
3502
439435
9
-4
-5
2141
-655
3481
440460
7
9
-2
2139
-689
3480
441485
14
19
-3
2147
-739
3495
442510
31
26
3
2132
-734
3517
435328
25
25
2
2122
-713
3530
436353
2
22
-6
2104
-731
3581
437378
-3
14
-17
2102
-747
3625
438403
17
2
-19
2126
-686
3617
439428
6
-18
-19
2124
-639
3601
440453
-16
-36
-15
2118
-629
3589
441478
-4
-47
-2
2101
-634
3611
442503
4
-57
12
2115
-612
3589
443528
-9
-66
20
2157
-625
3538
444553
-12
-66
22
2176
-641
3498
445578
-15
-66
19
2172
-674
3482
446603
-15
-63
10
2190
-707
3483
447628
5
-49
9
2186
-680
3452
448653
0
-34
4
2181
-667
3423
449678
-14
-22
-3
2179
-689
3441
450703
-6
-11
-4
2188
-693
3459
443520
4
3
-3
2181
-692
3484
444545
0
11
-3
2175
-692
3503
445570
-4
13
0
2164
-678
3492
446595
-26
10
-6
2185
-690
3490
447620
-88
38
-21
2280
-734
3369
448645
-159
75
7
2439
-787
3151
449670
-142
-33
158
2252
-892
3517
450695
407
-49
4
1878
-883
4682
451720
928
153
-228
2070
-467
4145
452745
873
311
-234
1919
-687
2800
453770
262
136
-166
2032
-218
2832
454795
-276
-34
-112
2372
-544
3180
455820
-261
-93
-27
2214
-524
3346
456845
-299
-197
6
2011
-310
3713
457870
-406
-271
-3
2029
-426
3963
458895
-292
-247
-29
2135
-588
3928
451712
-48
-174
-19
2084
-630
3707
452737
30
-142
9
2136
-532
3587
453762
-93
-135
52
2250
-504
3547
454787
-205
-119
77
2255
-565
3390
455812
-135
-97
62
2287
-640
3364
456837
-108
-90
66
2309
-683
3367
457862
-128
-79
97
2258
-731
3355
458887
-124
-53
94
2272
-744
3369
459912
-90
-19
71
2265
-748
3382
460937
-56
6
45
2245
-790
3428
461962
-6
23
13
2264
-802
3462
462987
11
41
-9
2239
-774
3435
464012
28
51
-23
2210
-730
3462
465037
8
42
-36
2237
-683
3473
466062
-9
32
-39
2222
-702
3496
467087
24
26
-34
2204
-651
3530
459906
33
22
-26
2206
-607
3535
460931
0
15
-18
2210
-629
3489
461956
-5
3
-9
2229
-640
3476
462981
-2
-5
0
2220
-674
3516
464006
10
-8
10
2201
-664
3508
465031
7
-14
11
2208
-668
3480
466056
5
-15
8
2220
-677
3482
467081
-4
-16
5
2223
-696
3475
468106
3
-15
6
2225
-695
3472
469131
3
-14
5
2219
-704
3454
470156
4
-9
6
2233
-691
3453
471181
17
-2
6
2231
-664
3460
472206
2
-1
4
2226
-662
3445
473231
-3
-3
1
2218
-680
3473
474256
8
-4
2
2238
-650
3494
475281
2
-1
6
2225
-666
3469
468096
2
3
9
2216
-653
3448
469121
-11
0
2
2228
-708
3486
470146
4
3
9
2212
-684
3479
471171
19
1
7
2216
-672
3468
472196
1
2
2
2230
-680
3481
473221
-7
2
5
2199
-696
3478
474246
4
-2
7
2206
-697
3466
475271
0
-2
4
2250
-691
3472
476296
6
5
8
2220
-660
3474
477321
2
1
6
2221
-661
3460
478346
-3
3
7
2218
-670
3462
479371
-4
5
8
2216
-673
3474
480396
-5
6
7
2221
-692
3474
481421
2
9
7
2222
-674
3457
482446
-4
9
7
2216
-673
3465
483471
0
12
4
2226
-690
3492
476289
9
13
8
2202
-671
3489
477314
-5
7
7
2208
-668
3488
478339
-15
4
0
2231
-672
3497
479364
-13
7
4
2208
-687
3487
480389
4
4
10
2198
-663
3459
481414
-7
1
6
2222
-642
3471
482439
-29
5
7
2213
-676
3489
483464
-4
11
14
2194
-702
3495
484489
21
13
17
2192
-673
3507
485514
-7
6
11
2205
-676
3502
486539
-30
-4
5
2223
-721
3492
487564
-4
-3
9
2195
-697
3502
488589
10
-6
4
2195
-685
3493
489614
1
-6
3
2199
-672
3491
490639
2
-8
8
2211
-664
3492
491664
7
-7
8
2217
-684
3514
484480
6
-10
8
2190
-671
3502
485505
-2
-21
8
2197
-667
3470
486530
-3
-23
6
2231
-677
3486
487555
1
-15
10
2202
-682
3480
488580
-2
-13
8
2212
-708
3459
489605
-1
-12
8
2219
-702
3449
490630
6
-7
9
2211
-688
3460
491655
8
-2
3
2230
-682
3482
492680
1
3
3
2204
-673
3470
493705
-6
0
1
2207
-685
3464
494730
4
-2
-1
2223
-678
3500
495755
9
2
1
2202
-671
3500
496780
2
-1
4
2189
-676
3482
497805
8
-5
5
2217
-670
3479
498830
11
-5
9
2211
-670
3492
499855
-6
-8
8
2207
-696
3484
492709
1
-8
10
2207
-673
3470
493734
-6
-6
7
2235
-680
3451
494759
-51
17
2
2326
-773
3361
495784
-73
45
61
2417
-736
3302
496809
-58
21
190
2218
-891
3441
497834
289
163
18
2013
-571
4670
498859
637
422
-241
2191
-257
4099
499884
845
535
-313
1963
-1403
2222
500909
474
272
-158
2073
-388
2528
501934
-202
-22
-60
2342
-416
3095
502959
-484
-234
-12
2201
-604
3603
503984
-561
-384
7
1925
-421
4391
505009
-435
-335
-61
1956
-545
4395
506034
2
-176
-72
2032
-510
3760
507059
193
-157
-22
2005
-388
3643
508084
-29
-169
39
2234
-421
3565
500864
-228
-139
122
2351
-448
3386
501889
-239
-105
159
2283
-522
3248
502914
-166
-63
126
2335
-745
3166
503939
-66
-39
137
2322
-788
3227
504964
-36
-25
128
2297
-797
3314
505989
-40
-7
93
2259
-799
3408
507014
-46
9
49
2243
-836
3490
508039
-38
26
5
2237
-860
3537
509064
-6
39
-29
2214
-815
3493
510089
16
41
-51
2210
-745
3456
511114
12
39
-62
2232
-686
3436
512139
0
36
-57
2208
-682
3468
513164
22
33
-43
2194
-640
3534
514189
10
26
-32
2210
-618
3549
515214
13
29
-12
2187
-612
3542
516239
9
20
-2
2187
-601
3502
509057
-16
-4
3
2208
-683
3509
510082
-2
-16
15
2212
-683
3511
511107
7
-22
18
2213
-662
3500
512132
-14
-19
15
2197
-719
3459
513157
-1
-11
14
2203
-715
3427
514182
7
-9
3
2231
-727
3441
515207
-5
-4
-7
2227
-720
3455
516232
-10
0
-10
2212
-725
3462
517257
14
5
-11
2217
-685
3463
518282
18
13
-8
2219
-636
3493
519307
-1
11
-5
2195
-656
3513
520332
-9
6
1
2194
-673
3506
521357
5
2
6
2203
-669
3505
522382
1
-3
6
2209
-679
3504
523407
2
-5
9
2195
-691
3500
524432
2
-10
8
2206
-699
3486
517247
-7
-12
3
2213
-711
3476
518272
0
-12
1
2212
-693
3459
519297
3
-8
0
2212
-666
3459
520322
0
-6
1
2209
-683
3479
521347
1
0
1
2218
-689
3479
522372
7
3
0
2207
-681
3472
523397
0
1
-2
2201
-675
3481
524422
-3
-1
0
2202
-685
3485
525447
8
0
3
2205
-663
3495
526472
3
0
2
2201
-669
3493
527497
-11
2
2
2206
-692
3485
528522
2
1
6
2196
-694
3513
529547
8
-5
4
2203
-668
3507
530572
3
-11
5
2199
-659
3484
531597
-8
-15
5
2214
-678
3488
532622
-7
-15
5
2205
-703
3493
525440
2
-13
2
2205
-710
3483
526465
12
-14
2
2206
-679
3474
527490
-1
-17
0
2222
-671
3479
528515
-8
-14
-1
2216
-682
3470
529540
6
-11
1
2217
-675
3480
530565
14
-8
7
2212
-653
3474
531590
1
-5
6
2211
-664
3462
532615
-12
-4
7
2216
-687
3465
533640
-3
-3
4
2216
-711
3483
534665
16
-3
3
2204
-688
3505
535690
9
-6
3
2198
-660
3496
536715
-9
-11
0
2215
-664
3487
537740
-6
-13
-1
2219
-665
3490
538765
-1
-14
2
2216
-671
3469
539790
-5
-14
5
2211
-676
3477
540815
-3
-11
5
2211
-693
3477
533632
2
-6
4
2213
-682
3475
534657
-5
-7
-1
2230
-686
3471
535682
-6
-7
-1
2220
-674
3456
536707
1
-8
0
2217
-665
3469
537732
5
-4
4
2218
-653
3488
538757
-11
-3
6
2226
-667
3471
539782
-25
-1
10
2246
-686
3423
540807
-59
14
5
2331
-726
3314
541832
-69
12
52
2375
-697
3263
542857
-89
-36
97
2123
-759
3611
543882
164
25
-75
2166
-746
4280
544907
446
168
-115
2191
-724
3656
545932
545
221
-96
1989
-868
2891
546957
180
75
-81
2158
-436
3050
547982
-218
-73
-19
2253
-504
3396
549007
-282
-167
-13
2212
-740
3634
541824
-174
-199
-27
2106
-588
3778
542849
-75
-183
-61
2125
-510
3796
543874
19
-133
-62
2179
-492
3637
544899
42
-88
-25
2227
-476
3530
545924
-10
-37
17
2307
-447
3435
546949
-115
-7
56
2359
-467
3272
547974
-169
-5
80
2295
-627
3239
548999
-102
-14
80
2275
-791
3287
550024
21
-6
83
2296
-760
3377
551049
22
9
76
2269
-696
3469
552074
-61
22
51
2230
-763
3504
553099
-73
32
25
2227
-776
3493
554124
-27
36
6
2223
-773
3472
555149
19
33
-12
2256
-723
3483
556174
10
26
-20
2249
-683
3505
557199
4
24
-12
2198
-645
3480
550016
4
10
-14
2209
-654
3484
551041
4
2
-9
2224
-656
3525
552066
14
1
5
2216
-635
3509
553091
6
-10
8
2227
-652
3485
554116
-10
-17
8
2224
-660
3473
555141
-12
-18
10
2246
-688
3465
556166
4
-14
9
2233
-686
3451
557191
11
-8
6
2233
-657
3430
558216
-17
-10
-1
2261
-702
3440
559241
-3
1
6
2235
-669
3449
560266
13
9
5
2220
-666
3418
561291
-2
13
-1
2234
-662
3432
562316
-7
19
0
2242
-663
3460
563341
0
20
1
2238
-697
3482
564366
11
21
3
2220
-683
3487
565391
2
20
2
2206
-679
3491
558208
-6
19
1
2213
-690
3482
559233
7
16
4
2223
-675
3481
560258
6
14
4
2222
-660
3471
561283
-1
13
3
2215
-675
3492
562308
10
13
5
2207
-676
3487
563333
15
13
6
2212
-655
3464
564358
-2
10
4
2218
-667
3468
565383
5
14
7
2205
-673
3489
566408
12
13
9
2213
-672
3476
567433
13
11
8
2204
-674
3494
568458
10
7
5
2206
-649
3520
569483
3
8
7
2209
-678
3500
570508
10
5
9
2208
-671
3477
571533
6
2
6
2200
-659
3480
572558
-4
2
2
2209
-659
3498
573583
-3
9
5
2211
-683
3484
566401
26
15
11
2198
-642
3480
567426
2
7
7
2217
-637
3483
568451
-26
6
9
2209
-682
3487
569476
0
11
12
2191
-692
3499
570501
25
17
11
2189
-659
3487
571526
-1
13
4
2204
-661
3491
572551
-22
7
0
2209
-695
3505
573576
4
6
2
2187
-684
3508
574601
12
7
1
2181
-651
3498
575626
-2
3
-3
2194
-657
3503
576651
-7
4
1
2196
-662
3505
577676
9
3
6
2188
-650
3509
578701
3
-3
3
2192
-660
3509
579726
-11
-5
2
2187
-679
3519
580751
9
-5
7
2182
-669
3505
581776
15
-10
6
2191
-648
3502
574592
-9
-15
0
2195
-661
3515
575617
-9
-18
0
2194
-670
3504
576642
17
-15
3
2191
-653
3493
577667
7
-15
0
2203
-622
3483
578692
-19
-17
-2
2201
-664
3480
579717
0
-13
0
2197
-667
3486
580742
15
-10
1
2204
-650
3492
581767
3
-8
4
2198
-647
3487
582792
-8
-8
5
2185
-665
3489
583817
-8
-11
4
2200
-671
3498
584842
-11
-12
0
2209
-668
3500
585867
-6
-12
0
2207
-656
3488
586892
-10
-7
2
2232
-620
3439
587917
-66
5
-7
2285
-661
3312
588942
-87
-24
25
2329
-833
3315
589967
-8
-106
120
2201
-633
3590
582784
-30
-107
74
2125
-660
3847
583809
90
-32
-40
2214
-525
3973
584834
210
68
-96
2104
-939
3348
585859
251
27
-98
2130
-844
3141
586884
38
-59
-59
2251
-544
3255
587909
-125
-134
-13
2218
-544
3454
588934
-141
-197
-9
2174
-616
3574
589959
-106
-202
-7
2273
-513
3237
590984
-53
-145
-8
2233
-674
3494
592009
64
-28
-29
2234
-655
3788
593034
57
49
-34
2337
-397
3512
594059
-82
51
17
2201
-593
3376
595084
-92
26
24
2308
-692
3314
596109
-46
32
43
2338
-641
3431
597134
-24
35
61
2285
-674
3450
598159
-13
37
58
2243
-697
3353
590976
-31
27
34
2285
-749
3396
592001
-23
26
23
2264
-731
3472
593026
-4
29
6
2214
-697
3474
594051
-6
23
-10
2232
-703
3495
595076
-6
20
-9
2231
-674
3502
596101
-8
15
-9
2223
-651
3485
597126
-13
8
-7
2237
-662
3469
598151
-6
10
-3
2222
-674
3449
599176
0
4
-2
2228
-672
3458
600201
0
-3
0
2255
-661
3482
601226
-16
-4
0
2234
-669
3491
602251
-15
-3
1
2222
-678
3463
603276
10
-2
-1
2241
-687
3460
604301
1
0
-2
2244
-681
3471
605326
0
2
-1
2233
-681
3451
606351
-4
4
-8
2251
-692
3441
599168
-4
6
-5
2227
-691
3466
600193
6
6
-5
2233
-659
3463
601218
-9
8
-8
2236
-674
3456
602243
1
11
-7
2222
-674
3462
603268
6
9
-9
2227
-651
3490
604293
-11
4
-8
2236
-681
3504
605318
11
3
0
2221
-633
3487
606343
9
-1
-1
2221
-640
3482
607368
-16
-7
-2
2226
-676
3480
608393
2
-5
5
2219
-674
3475
609418
16
-5
4
2226
-650
3486
610443
-1
-9
2
2222
-662
3474
611468
-13
-14
-1
2236
-668
3466
612493
-8
-10
4
2235
-696
3445
613518
13
-7
5
2232
-650
3441
614543
-8
-5
-2
2240
-671
3457
607359
-11
2
-3
2241
-692
3471
608384
15
8
2
2218
-654
3458
609409
17
5
1
2235
-613
3468
610434
-14
2
1
2244
-660
3474
611459
-7
3
8
2225
-667
3477
612484
2
-1
8
2226
-676
3478
613509
8
-1
8
2225
-671
3486
614534
8
-2
9
2228
-648
3486
615559
-6
-4
6
2240
-676
3473
616584
4
-4
6
2220
-661
3484
617609
4
-7
4
2213
-671
3476
618634
-1
-9
6
2224
-662
3451
619659
-3
-8
6
2220
-656
3450
620684
-8
-6
3
2231
-677
3469
621709
-3
-5
4
2234
-669
3482
622734
-5
-6
5
2226
-659
3464
615552
-14
-5
1
2237
-673
3451
616577
-6
1
2
2237
-662
3456
617602
5
6
4
2212
-659
3467
618627
-9
2
1
2244
-651
3478
619652
-16
4
5
2227
-653
3479
620677
-4
4
8
2209
-661
3462
621702
3
3
6
2226
-670
3483
622727
-1
2
6
2217
-667
3504
623752
-12
-4
5
2216
-678
3488
624777
-15
-9
3
2221
-678
3481
625802
-9
-8
3
2227
-677
3471
626827
-2
-8
4
2216
-672
3464
627852
-3
-10
4
2222
-667
3472
628877
-2
-8
6
2232
-678
3473
629902
7
-7
3
2219
-679
3475
630927
4
-6
-4
2225
-667
3477
623744
-19
-13
-7
2237
-689
3476
624769
0
-13
-4
2227
-688
3467
625794
21
-10
-2
2221
-654
3485
626819
-6
-12
-3
2224
-659
3477
627844
-15
-16
0
2237
-681
3478
628869
9
-13
2
2242
-635
3458
629894
1
-10
5
2239
-647
3445
630919
-17
-6
11
2257
-676
3425
631944
-33
7
13
2312
-753
3360
632969
44
28
60
2328
-639
3336
633994
0
20
89
2328
-548
3341
635019
-204
-79
124
2221
-768
3430
636044
-64
-106
93
2093
-835
3673
637069
211
-74
7
2242
-736
4315
638094
490
155
-78
2141
-799
3708
639119
691
238
-161
2110
-872
2887
631935
443
96
-121
2200
-518
2749
632960
-157
-131
9
2301
-181
3400
633985
-558
-214
49
2262
-566
3811
635010
-550
-165
47
2144
-579
3678
636035
-257
-91
33
2118
-760
3465
637060
111
-43
41
2209
-572
3509
638085
182
36
29
2190
-481
3622
639110
65
87
-10
2289
-503
3507
640135
-127
68
10
2307
-593
3327
641160
-189
52
50
2317
-686
3257
642185
-127
48
57
2298
-693
3334
643210
-81
36
47
2259
-772
3403
644235
-50
18
39
2210
-758
3455
645260
-57
-6
17
2209
-773
3532
646285
-58
-16
-6
2215
-756
3566
647310
-37
-8
-17
2213
-731
3538
640128
-12
-1
-21
2207
-729
3512
641153
3
3
-24
2222
-706
3489
642178
3
12
-23
2233
-660
3420
643203
1
21
-22
2226
-696
3408
644228
12
19
-21
2235
-717
3453
645253
25
20
-15
2237
-714
3490
646278
27
24
-8
2214
-687
3501
647303
12
26
-5
2205
-685
3482
648328
1
22
-7
2218
-697
3446
649353
4
18
-8
2221
-684
3452
650378
3
12
-9
2223
-700
3493
651403
6
14
-6
2210
-688
3506
652428
5
15
-2
2194
-703
3476
653453
11
13
-8
2204
-692
3490
654478
2
10
-11
2219
-673
3500
655503
5
7
-6
2193
-672
3493
648320
12
0
-3
2199
-665
3497
649345
2
-5
-2
2208
-642
3508
650370
-7
-7
-1
2197
-683
3508
651395
3
-7
3
2196
-668
3492
652420
6
-9
5
2205
-669
3489
653445
3
-7
7
2219
-662
3489
654470
-2
-7
11
2214
-683
3471
655495
-4
-8
11
2201
-699
3485
656520
1
-10
10
2211
-695
3469
657545
0
-6
6
2212
-696
3447
658570
-9
0
1
2214
-690
3455
659595
-2
9
-2
2210
-705
3455
660620
12
13
-3
2205
-692
3468
661645
2
15
-4
2204
-674
3482
662670
-2
16
-4
2207
-687
3493
663695
8
16
-4
2200
-672
3506
656511
3
14
-2
2190
-670
3511
657536
-4
9
-2
2190
-680
3507
658561
-2
6
-3
2195
-687
3514
659586
-2
1
-3
2209
-675
3494
660611
-8
-2
-5
2203
-673
3489
661636
-12
1
-5
2194
-669
3478
662661
5
5
-3
2183
-659
3476
663686
5
8
-3
2205
-662
3493
664711
4
12
2
2191
-668
3496
665736
7
10
2
2203
-675
3494
666761
1
9
3
2195
-675
3500
667786
-4
4
3
2182
-687
3516
668811
3
-1
2
2195
-673
3517
669836
2
-5
3
2187
-667
3512
670861
0
-9
5
2182
-665
3502
671886
1
-11
3
2196
-675
3511
664705
-2
-11
5
2195
-669
3491
665730
-5
-13
7
2202
-685
3482
666755
1
-12
5
2209
-688
3502
667780
1
-8
5
2198
-677
3479
668805
-2
-5
0
2205
-671
3462
669830
0
-2
-2
2197
-679
3483
670855
9
0
0
2188
-666
3501
671880
3
-2
0
2197
-657
3500
672905
-10
-3
0
2193
-681
3496
673930
-9
-5
1
2187
-678
3508
674955
-6
-9
-1
2196
-672
3499
675980
-7
-8
-1
2198
-659
3492
677005
-5
-6
4
2182
-660
3500
678030
6
-5
7
2190
-660
3511
679055
0
-8
7
2202
-664
3493
680080
-13
-13
6
2205
-676
3487
672897
-24
-13
5
2207
-706
3491
673922
-11
-7
2
2208
-710
3466
674947
-3
-3
1
2211
-649
3439
675972
-14
-2
-6
2209
-618
3408
676997
-38
-3
-20
2269
-713
3371
678022
-58
-15
-2
2263
-659
3416
679047
-132
-93
40
2248
-756
3433
680072
-55
-93
24
2160
-851
3622
681097
116
-87
-35
2217
-503
4163
682122
181
27
-111
2099
-747
3833
683147
355
108
-133
2106
-947
3094
684172
306
38
-84
2203
-623
2887
685197
-64
-127
4
2248
-344
3218
686222
-322
-253
34
2283
-640
3847
687247
-256
-171
17
2254
-745
3831
688272
0
-40
26
2141
-615
3370
681089
107
35
26
2110
-457
3286
682114
94
94
-9
2275
-541
3483
683139
55
107
-5
2340
-520
3512
684164
-23
85
32
2267
-628
3413
685189
-36
76
57
2257
-624
3292
686214
-52
62
55
2238
-620
3331
687239
-73
30
39
2225
-734
3470
688264
-42
7
33
2198
-744
3581
689289
-28
-16
21
2182
-722
3649
690314
-39
-35
4
2183
-698
3617
691339
-57
-44
-4
2191
-658
3516
692364
-50
-47
-7
2204
-663
3478
693389
-36
-51
-10
2235
-663
3451
694414
-31
-49
-5
2252
-704
3453
695439
10
-28
2
2234
-682
3433
696464
-1
-16
-4
2230
-669
3408
689281
-25
-10
-5
2247
-715
3430
690306
22
10
1
2237
-672
3438
691331
23
20
0
2222
-655
3429
692356
-16
16
-3
2233
-700
3432
693381
-3
21
-8
2230
-689
3472
694406
16
21
-10
2210
-673
3516
695431
3
15
-9
2201
-668
3518
696456
-1
7
-5
2217
-637
3511
697481
-4
-1
-1
2215
-651
3512
698506
-8
-4
4
2210
-652
3486
699531
-8
-6
9
2212
-672
3465
700556
-1
-9
7
2221
-672
3485
701581
-6
-13
5
2234
-687
3470
702606
3
-11
3
2224
-680
3472
703631
3
-7
1
2214
-672
3473
704656
2
-3
0
2224
-669
3458
697472
5
3
2
2221
-659
3445
698497
-5
4
4
2226
-664
3460
699522
-6
7
6
2231
-687
3469
700547
9
12
5
2213
-674
3495
701572
3
9
3
2204
-674
3500
702597
7
4
3
2212
-678
3495
703622
7
2
5
2214
-659
3490
704647
-12
-5
3
2221
-670
3487
705672
-7
-6
6
2210
-661
3475
706697
-12
-9
4
2217
-672
3467
707722
-2
-4
7
2208
-673
3470
708747
2
0
7
2214
-657
3467
709772
-10
1
8
2221
-676
3450
710797
-11
4
5
2223
-688
3474
711822
-3
9
4
2207
-690
3482
712847
1
9
2
2210
-687
3474
705926
-7
5
0
2212
-669
3482
706951
-13
2
-2
2211
-684
3495
707976
2
2
1
2205
-664
3510
709001
6
0
4
2204
-652
3502
710026
-4
-5
7
2202
-653
3482
711051
-6
-10
11
2222
-667
3498
712076
1
-9
14
2214
-682
3488
713101
1
-10
12
2201
-696
3495
714126
2
-15
6
2212
-694
3492
715151
-5
-16
1
2223
-679
3479
716176
-5
-15
3
2207
-676
3452
717201
5
-13
6
2219
-664
3466
718226
-1
-11
5
2224
-648
3467
719251
-11
-9
5
2213
-675
3480
720276
-7
-5
6
2206
-686
3471
721301
5
-2
9
2209
-666
3478
713857
-1
-6
8
2225
-668
3497
714882
-15
-12
6
2229
-686
3490
715907
-14
-13
5
2209
-698
3466
716932
1
-13
1
2203
-681
3470
717957
-5
-14
-5
2225
-689
3465
718982
-3
-13
1
2221
-676
3476
720007
0
-8
-1
2233
-671
3457
721032
-6
-4
-3
2233
-675
3449
722057
2
1
2
2230
-677
3453
723082
-8
6
6
2281
-725
3443
724107
-3
25
54
2346
-587
3349
725132
-55
29
94
2359
-638
3301
726157
-102
26
106
2076
-1009
3426
727182
375
32
-47
2231
-862
4095
728207
733
125
-160
2121
-841
3838
729232
874
174
-175
2043
-738
3241
722047
546
124
-184
2135
-548
3030
723072
18
15
-100
2265
-60
3075
724097
-428
-127
-13
2180
-169
3437
725122
-571
-205
7
2134
-361
3928
726147
-277
-126
3
2139
-565
3825
727172
171
-37
33
2101
-604
3736
728197
159
16
69
2172
-288
3525
729222
-109
63
82
2200
-449
3398
730247
-207
42
50
2333
-679
3383
731272
-170
8
60
2315
-718
3346
732297
-96
2
71
2228
-693
3336
733322
-86
-16
51
2229
-653
3429
734347
-115
-29
34
2204
-717
3557
735372
-117
-31
22
2167
-697
3636
736397
-99
-28
6
2172
-665
3597
737422
-64
-26
-10
2197
-658
3522
730240
-39
-26
-21
2210
-643
3486
731265
-57
-36
-26
2244
-681
3462
732290
-14
-27
-14
2226
-665
3458
733315
0
-20
-12
2214
-613
3446
734340
-36
-13
-13
2214
-671
3442
735365
0
5
-7
2203
-672
3465
736390
23
12
-4
2210
-630
3471
737415
-2
10
-5
2230
-637
3463
738440
-12
5
-5
2231
-646
3496
739465
-13
0
-6
2211
-665
3505
740490
-8
-1
-7
2193
-682
3505
741515
11
4
-7
2198
-643
3498
742540
10
8
-4
2209
-630
3481
743565
-8
8
-4
2223
-651
3494
744590
-8
6
-1
2217
-678
3505
745615
11
5
-2
2203
-658
3484
738432
7
4
-7
2204
-629
3476
739457
-10
2
-7
2195
-643
3491
740482
-2
-2
-3
2200
-642
3508
741507
-1
-3
1
2214
-627
3486
742532
-8
-6
2
2207
-639
3473
743557
-13
-7
2
2210
-644
3467
744582
-35
-3
-1
2221
-612
3492
745607
-65
1
0
2201
-665
3467
746632
-4
3
5
2204
-678
3460
747657
29
6
4
2215
-630
3483
748682
3
9
4
2198
-628
3485
749707
-17
5
1
2214
-667
3485
750732
-7
9
2
2205
-674
3489
751757
9
9
3
2202
-658
3487
752782
4
9
0
2204
-647
3482
753807
-4
9
-1
2205
-639
3487
746623
-5
6
-2
2196
-662
3492
747648
6
6
0
2194
-654
3507
748673
2
6
4
2198
-624
3496
749698
-11
6
4
2195
-633
3480
750723
-8
6
4
2200
-663
3489
751748
11
9
7
2199
-652
3502
752773
8
8
8
2189
-657
3508
753798
4
6
3
2191
-652
3523
754823
-16
0
-1
2196
-664
3501
755848
-1
-2
3
2185
-667
3508
756873
8
-4
4
2197
-615
3492
757898
-14
-3
3
2198
-630
3483
758923
-3
1
5
2192
-642
3492
759948
8
3
11
2192
-655
3502
760973
13
4
17
2191
-635
3513
761998
0
-1
13
2207
-649
3501
754817
-17
-6
7
2195
-667
3501
755842
-7
-8
5
2190
-680
3498
756867
11
-3
3
2196
-650
3492
757892
10
0
3
2194
-639
3485
758917
-1
0
4
2201
-646
3484
759942
-2
2
4
2202
-652
3497
760967
6
4
4
2192
-653
3504
761992
7
3
3
2185
-649
3506
763017
-4
0
2
2183
-653
3519
764042
-9
-2
2
2186
-666
3504
765067
0
-3
1
2190
-652
3498
766092
3
-2
0
2189
-640
3510
767117
0
-4
0
2186
-648
3508
768142
1
-7
2
2195
-624
3507
769167
-7
-8
6
2190
-621
3500
770192
-19
-9
6
2194
-642
3480
763008
-25
-6
3
2242
-650
3431
764033
-88
20
-9
2315
-702
3297
765058
-56
1
36
2324
-581
3309
766083
-12
-103
72
2087
-854
3723
767108
108
-63
-65
2129
-867
3952
768133
159
36
-105
2200
-381
3682
769158
95
71
-134
2095
-768
3323
770183
70
10
-125
2168
-718
3237
771208
-1
-62
-53
2227
-598
3291
772233
-88
-110
-11
2189
-518
3570
773258
-133
-141
20
2130
-467
3680
774283
-149
-129
45
2144
-502
3604
775308
-101
-90
49
2176
-544
3457
776333
-26
-50
31
2241
-605
3364
777358
-28
-6
16
2305
-675
3378
778383
-5
22
28
2273
-785
3491
771200
4
45
27
2319
-699
3459
772225
-47
53
49
2290
-572
3334
773250
-52
54
49
2202
-661
3338
774275
-2
33
32
2223
-732
3488
775300
21
29
21
2212
-684
3569
776325
2
21
14
2183
-682
3601
777350
-26
7
3
2199
-693
3572
778375
-22
-4
-2
2211
-683
3539
779400
4
-15
-2
2207
-677
3505
780425
11
-22
-4
2209
-645
3477
781450
0
-24
-3
2232
-630
3429
782475
-22
-20
0
2241
-667
3408
783500
-5
-10
8
2216
-691
3418
784525
21
3
8
2215
-624
3441
785550
3
11
5
2242
-635
3436
786575
14
21
15
2238
-618
3443
779393
9
27
22
2218
-618
3420
780418
-4
33
23
2194
-642
3451
781443
3
39
22
2211
-674
3510
782468
20
43
28
2213
-693
3521
783493
11
35
25
2216
-716
3530
784518
-15
27
15
2174
-754
3498
785543
-15
16
-4
2167
-755
3487
786568
8
15
-19
2189
-695
3520
787593
-2
18
-22
2215
-661
3496
788618
-27
20
-15
2219
-673
3440
789643
-26
30
-13
2203
-683
3408
790668
-9
44
-19
2189
-689
3427
791693
18
61
-25
2190
-701
3495
792718
26
69
-27
2189
-676
3546
793743
-4
62
-28
2169
-678
3563
794768
-8
49
-30
2141
-693
3601
787584
18
35
-28
2117
-653
3643
788609
30
13
-22
2126
-586
3634
789634
-21
-14
-16
2174
-595
3574
790659
-61
-35
-6
2187
-672
3538
791684
-7
-41
2
2153
-738
3558
792709
36
-44
-9
2163
-736
3532
793734
5
-46
-27
2187
-749
3469
794759
-35
-50
-53
2210
-783
3412
795784
8
-39
-72
2247
-747
3393
796809
54
-13
-81
2240
-667
3388
797834
36
13
-84
2192
-619
3378
798859
28
33
-78
2187
-603
3412
799884
46
54
-68
2180
-576
3460
800909
29
67
-59
2160
-542
3488
801934
8
72
-50
2158
-547
3523
802959
28
74
-40
2162
-503
3547
795776
27
69
-32
2169
-454
3546
796801
7
60
-19
2157
-474
3580
797826
22
54
14
2112
-543
3626
798851
43
42
44
2103
-539
3658
799876
19
19
53
2110
-600
3644
800901
-30
-11
33
2151
-662
3618
801926
-40
-33
5
2193
-697
3586
802951
-8
-43
-17
2162
-715
3564
803976
40
-48
-26
2137
-673
3543
805001
38
-53
-24
2139
-604
3541
806026
-4
-51
-20
2144
-619
3530
807051
-23
-48
-23
2171
-652
3530
808076
14
-48
-28
2174
-600
3566
809101
29
-57
-30
2172
-551
3560
810126
17
-65
-29
2189
-515
3539
811151
-8
-74
-28
2194
-498
3529
803969
-42
-80
-30
2199
-559
3503
804994
-73
-78
-26
2204
-577
3478
806019
-59
-70
-22
2202
-606
3440
807044
-12
-61
-22
2223
-602
3414
808069
1
-48
-23
2236
-579
3429
809094
-17
-36
-25
2226
-584
3452
810119
-22
-25
-22
2208
-640
3456
811144
8
-13
-16
2196
-632
3466
812169
31
-9
-13
2194
-579
3491
813194
14
-8
-11
2214
-545
3492
814219
-11
-5
-6
2213
-547
3466
815244
-18
-3
-1
2215
-581
3469
816269
-46
6
-1
2262
-596
3414
817294
-116
8
33
2395
-388
3379
818319
-472
-20
70
2273
-350
3388
819344
-566
21
-106
2134
-961
3974
812159
-186
85
-222
2305
-1013
4021
813184
228
212
-186
2072
-844
3135
814209
282
146
-231
2072
-870
2644
815234
66
-95
-186
2294
-445
3123
816259
-264
-223
-114
2328
-475
3686
817284
-338
-228
-39
2103
-457
3551
818309
-415
-286
-17
2057
-531
3604
819334
-389
-305
-42
2191
-747
3784
820359
-134
-260
-45
2227
-773
3786
821384
71
-219
-36
2260
-804
3761
822409
121
-157
15
2304
-717
3674
823434
26
-69
58
2334
-542
3415
824459
-83
5
48
2389
-454
3124
825484
-142
36
45
2431
-521
2991
826509
-128
45
52
2372
-721
3044
827534
34
49
45
2351
-805
3209
820352
139
65
35
2356
-702
3329
821377
100
92
16
2307
-704
3417
822402
41
112
-1
2298
-727
3430
823427
20
124
-12
2310
-704
3387
824452
28
116
-21
2293
-716
3383
825477
62
102
-26
2296
-700
3400
826502
87
97
-20
2278
-666
3465
827527
134
102
1
2208
-631
3517
828552
120
88
4
2201
-601
3527
829577
46
66
1
2201
-625
3562
830602
5
44
6
2211
-629
3592
831627
3
24
8
2227
-661
3580
832652
29
9
9
2212
-611
3553
833677
6
-11
6
2226
-616
3508
834702
-23
-20
9
2224
-634
3444
835727
-18
-25
14
2250
-634
3433
828544
0
-15
20
2255
-666
3444
829569
16
-4
23
2248
-645
3401
830594
0
-6
21
2240
-691
3388
831619
7
-4
23
2261
-682
3405
832644
11
10
16
2274
-696
3397
833669
2
28
6
2257
-707
3387
834694
-8
38
-8
2241
-711
3378
835719
8
45
-25
2255
-654
3420
836744
13
58
-38
2239
-628
3486
837769
17
71
-32
2176
-606
3506
838794
19
68
-18
2148
-587
3524
839819
8
51
-5
2180
-597
3573
840844
-2
35
11
2203
-607
3576
841869
-1
19
20
2220
-644
3527
842894
21
6
20
2239
-680
3488
843919
59
4
20
2204
-687
3499
836735
78
4
17
2180
-681
3517
837760
63
3
18
2157
-643
3554
838785
13
-5
19
2145
-596
3554
839810
-35
-16
18
2185
-542
3499
840835
-42
-22
17
2247
-522
3466
841860
-25
-17
21
2279
-521
3405
842885
-30
-5
23
2284
-524
3359
843910
-23
18
29
2244
-595
3368
844935
13
47
39
2211
-628
3379
845960
23
72
36
2193
-671
3440
846985
1
87
28
2177
-733
3486
848010
8
85
17
2158
-758
3524
849035
22
76
3
2153
-754
3566
850060
12
66
-5
2135
-733
3602
851085
7
54
-11
2134
-723
3604
852110
13
40
-17
2148
-698
3610
845090
14
22
-20
2128
-651
3632
846115
18
1
-24
2116
-640
3620
847140
26
-21
-21
2130
-573
3613
848165
12
-41
-17
2153
-562
3595
849190
15
-54
-6
2161
-553
3581
850215
22
-65
6
2169
-561
3558
851240
18
-70
18
2166
-565
3506
852265
13
-71
22
2178
-580
3480
853290
22
-63
23
2191
-594
3476
854315
12
-55
19
2206
-592
3423
855340
-9
-53
10
2222
-622
3429
856365
-8
-46
7
2220
-648
3416
857390
16
-29
9
2200
-636
3484
858415
-3
-22
2
2213
-632
3526
859440
-36
-18
-6
2209
-677
3481
860465
-10
-16
3
2204
-627
3450
853120
15
-20
6
2194
-608
3503
854145
-19
-26
2
2242
-638
3511
855170
-64
-23
28
2287
-525
3457
856195
-182
-85
63
2247
-480
3280
857220
-268
-192
39
2124
-1048
3298
858245
31
-230
-79
2288
-891
4147
859270
176
-116
-95
2267
-509
4290
860295
283
100
-139
2115
-725
3336
861320
447
129
-203
2087
-786
2988
862345
370
41
-157
2228
-553
2948
863370
-16
-107
-45
2300
-168
3218
864395
-374
-232
1
2221
-374
3528
865420
-354
-287
-27
2232
-817
3789
866445
-17
-179
-47
2269
-788
3637
867470
200
-87
-43
2188
-469
3502
868495
104
-63
-56
2267
-501
3514
861313
27
11
-62
2294
-581
3478
862338
71
88
-71
2385
-349
3352
863363
-34
86
-27
2384
-297
3167
864388
-113
76
17
2315
-432
3132
865413
-78
39
5
2324
-587
3321
866438
-24
4
4
2316
-628
3452
867463
-57
-16
12
2311
-589
3537
868488
-65
-19
27
2248
-563
3592
869513
-55
-19
20
2243
-576
3561
870538
-37
-13
8
2259
-613
3509
871563
10
-11
3
2271
-607
3473
872588
20
-16
-5
2295
-577
3435
873613
-2
-18
-7
2312
-617
3402
874638
11
1
3
2284
-560
3361
875663
13
9
-11
2286
-569
3379
876688
14
12
-23
2302
-607
3425
869505
36
23
-19
2289
-560
3444
870530
47
28
-20
2286
-516
3452
871555
11
28
-19
2300
-520
3433
872580
18
34
-6
2268
-550
3436
873605
47
33
3
2271
-492
3449
874630
19
28
9
2270
-509
3440
875655
12
32
12
2262
-512
3456
876680
20
34
14
2263
-510
3447
877705
8
31
12
2272
-580
3454
878730
11
30
11
2268
-550
3493
879755
21
26
11
2250
-546
3500
880780
10
23
11
2249
-547
3456
881805
11
18
15
2240
-536
3440
882830
15
8
12
2246
-527
3502
883855
8
3
16
2248
-540
3524
884880
3
2
19
2250
-548
3482
877696
1
0
18
2236
-551
3453
878721
-1
-5
11
2248
-566
3498
879746
2
-6
9
2263
-571
3491
880771
2
-8
9
2248
-563
3468
881796
-5
-10
1
2248
-559
3434
882821
-7
-6
-4
2263
-559
3450
883846
-1
2
-6
2248
-547
3460
884871
6
8
-8
2245
-536
3479
885896
-5
6
-7
2251
-518
3466
886921
-14
0
-4
2251
-527
3477
887946
-6
-4
0
2248
-519
3495
888971
1
-1
5
2244
-510
3494
889996
-4
-4
9
2235
-515
3482
891021
-10
-10
10
2247
-527
3477
892046
-11
-12
12
2257
-544
3470
893071
-12
-12
12
2258
-551
3458
885888
-3
-10
12
2243
-546
3458
886913
-9
-8
11
2249
-545
3442
887938
-16
-3
13
2264
-543
3439
888963
-15
2
14
2258
-554
3448
889988
-7
5
12
2256
-545
3463
891013
-3
8
8
2244
-536
3477
892038
-7
8
7
2231
-554
3493
893063
-10
8
13
2236
-565
3499
894088
-1
2
16
2244
-571
3502
895113
-5
-9
15
2243
-577
3510
896138
-18
-16
10
2249
-602
3502
897163
-6
-19
6
2242
-569
3484
898188
3
-22
3
2247
-555
3458
899213
-4
-22
3
2272
-532
3458
900238
-9
-18
6
2264
-537
3446
901263
-6
-11
8
2250
-542
3420
894080
0
-9
10
2265
-545
3434
895105
1
-8
14
2271
-545
3419
896130
-4
-1
15
2251
-552
3460
897155
-7
4
12
2255
-598
3491
898180
9
12
12
2242
-575
3484
899205
-2
14
6
2239
-574
3469
900230
-22
10
-1
2262
-583
3461
901255
-9
11
-2
2264
-565
3450
902280
-3
11
-1
2261
-531
3451
903305
-13
7
2
2258
-533
3448
904330
-57
5
13
2328
-443
3346
905355
-145
-53
51
2307
-460
3352
906380
-132
-151
82
2149
-856
3640
907405
122
-68
-35
2331
-680
3797
908430
179
21
-96
2216
-443
3730
909455
150
98
-186
2187
-594
3399
902271
152
99
-208
2226
-905
3045
903296
226
48
-130
2280
-615
3096
904321
131
-39
-80
2301
-343
3522
905346
-59
-64
-62
2283
-397
3589
906371
-113
-89
7
2096
-413
3468
907396
-192
-182
34
2091
-421
3573
908421
-268
-304
48
2250
-500
3617
909446
-207
-326
31
2333
-581
3809
910471
-22
-241
28
2327
-527
3739
911496
-2
-145
56
2322
-488
3461
912521
-180
-62
60
2296
-452
3202
913546
-290
-24
6
2428
-501
3202
914571
-248
-32
23
2460
-571
3269
915596
-184
-25
64
2386
-572
3262
916621
-171
-3
58
2360
-627
3260
917646
-127
32
33
2367
-692
3306
910464
-72
47
15
2362
-697
3305
911489
2
46
9
2347
-772
3309
912514
77
59
-18
2364
-712
3382
913539
58
71
-38
2340
-658
3396
914564
24
74
-47
2329
-703
3391
915589
62
82
-43
2317
-625
3407
916614
57
70
-38
2304
-598
3406
917639
56
62
-31
2293
-587
3445
918664
70
55
-21
2290
-533
3501
919689
55
49
-10
2277
-559
3502
920714
40
41
-3
2280
-566
3487
921739
37
36
3
2290
-595
3499
922764
9
37
2
2327
-597
3438
923789
1
49
13
2321
-619
3311
924814
44
51
9
2294
-600
3321
925839
22
37
-6
2306
-591
3380
918657
0
28
-12
2303
-635
3432
919682
16
28
-13
2283
-594
3470
920707
-5
21
-15
2277
-595
3446
921732
1
18
-11
2266
-601
3466
922757
26
14
-6
2266
-550
3494
923782
-3
7
-5
2269
-551
3475
924807
-14
-1
0
2268
-588
3460
925832
20
-7
7
2273
-562
3457
926857
15
-13
7
2285
-566
3456
927882
-14
-17
8
2287
-586
3440
928907
-3
-18
10
2278
-599
3430
929932
16
-15
5
2289
-589
3445
930957
11
-10
5
2276
-576
3427
931982
2
-8
2
2285
-576
3420
933007
-6
-3
2
2294
-585
3407
934032
10
5
7
2279
-566
3398
926848
11
6
2
2292
-570
3417
927873
-1
8
3
2288
-569
3454
928898
-1
10
7
2265
-593
3459
929923
11
10
5
2281
-575
3476
930948
5
6
7
2276
-577
3463
931973
0
-3
10
2267
-566
3452
932998
-4
-9
9
2273
-568
3462
934023
8
-9
13
2272
-569
3452
935048
6
-10
14
2281
-563
3444
936073
-11
-7
13
2289
-575
3436
937098
5
1
17
2267
-587
3426
938123
14
2
14
2272
-600
3420
939148
6
2
9
2297
-591
3439
940173
-1
6
5
2283
-608
3441
941198
10
11
4
2273
-589
3436
942223
9
15
0
2273
-580
3447
935040
1
14
-1
2265
-580
3455
936065
8
7
-2
2285
-560
3471
937090
9
6
0
2271
-553
3489
938115
-2
2
5
2259
-556
3477
939140
-1
-4
6
2262
-570
3470
940165
2
-8
8
2267
-566
3472
941190
-1
-14
8
2271
-597
3455
942215
10
-14
8
2270
-570
3460
943240
-1
-15
6
2270
-583
3450
944265
-5
-13
0
2279
-610
3451
945290
3
-14
-5
2274
-616
3452
946315
2
-16
-11
2268
-591
3443
947340
-1
-16
-15
2273
-571
3439
948365
7
-9
-10
2278
-551
3436
949390
7
-5
-6
2275
-540
3425
950415
5
-7
-4
2281
-540
3450
943232
1
-5
3
2280
-546
3459
944257
1
-3
6
2274
-563
3437
945282
9
-2
7
2269
-580
3443
946307
9
-6
7
2274
-560
3461
947332
2
-8
6
2286
-572
3464
948357
3
-6
6
2277
-568
3445
949382
4
-6
10
2265
-576
3429
950407
6
-7
11
2282
-556
3435
951432
-3
-4
7
2283
-558
3441
952457
-13
-1
6
2276
-577
3432
953482
-14
3
6
2291
-587
3435
954507
-10
18
9
2323
-649
3407
955532
36
40
36
2364
-544
3496
956557
-14
62
86
2307
-529
3454
957582
75
144
87
2116
-660
3233
958607
90
136
-39
2444
-288
3511
951423
86
125
-57
2199
-785
3754
952448
367
168
-63
2186
-619
3690
953473
435
216
-90
2157
-532
3554
954498
291
233
-121
2170
-597
3314
955523
147
203
-66
2136
-414
3024
956548
-53
93
-20
2176
-353
3054
957573
-191
-60
31
2179
-387
3461
958598
-370
-210
92
2062
-340
3871
959623
-528
-298
96
2075
-578
4230
960648
-297
-225
48
2170
-739
3902
961673
54
-151
26
2111
-739
3600
962698
129
-109
38
2193
-484
3511
963723
-72
-52
44
2276
-300
3270
964748
-145
-30
-3
2368
-497
3223
965773
-77
-42
9
2404
-558
3281
966798
-68
-25
67
2282
-563
3263
959616
-83
-17
72
2298
-514
3267
960641
-94
-21
54
2255
-605
3440
961666
-64
-27
31
2263
-698
3559
962691
-7
-11
19
2255
-716
3574
963716
52
1
2
2238
-669
3562
964741
29
-8
-25
2257
-658
3525
965766
9
-11
-33
2250
-664
3473
966791
29
-11
-33
2238
-592
3434
967816
10
-21
-43
2251
-593
3463
968841
6
-24
-43
2253
-632
3499
969866
38
-21
-34
2245
-558
3484
970891
33
-23
-32
2264
-527
3452
971916
17
-19
-25
2270
-525
3440
972941
1
-19
-17
2273
-531
3441
973966
-9
-16
-10
2285
-572
3417
974991
21
-7
2
2274
-525
3434
967808
-6
-1
4
2271
-558
3428
968833
-14
6
7
2272
-592
3439
969858
2
6
5
2272
-588
3446
970883
6
5
2
2262
-600
3462
971908
-1
5
-2
2264
-601
3488
972933
2
3
-2
2266
-588
3485
973958
5
-3
-3
2265
-548
3492
974983
-12
-9
-3
2268
-573
3471
976008
1
-12
3
2240
-561
3469
977033
10
-16
2
2256
-546
3473
978058
-4
-17
1
2281
-565
3452
979083
-1
-16
5
2274
-566
3447
980108
-2
-14
4
2282
-575
3433
981133
0
-9
3
2286
-575
3422
982158
4
-4
3
2274
-575
3427
983183
12
2
3
2273
-544
3448
976000
2
7
4
2267
-558
3452
977025
-2
10
6
2265
-571
3441
978050
2
13
8
2263
-569
3455
979075
3
12
7
2266
-567
3465
980100
3
9
8
2255
-566
3472
981125
1
2
5
2262
-559
3486
982150
-4
-3
6
2254
-560
3480
983175
-3
-10
5
2266
-557
3478
984200
-8
-8
6
2266
-569
3464
985225
-1
-9
9
2245
-542
3449
986250
-14
-12
6
2271
-562
3441
987275
-5
-6
12
2269
-561
3440
988300
-3
-3
12
2265
-577
3424
989325
-1
0
12
2271
-597
3457
990350
-3
0
11
2263
-593
3467
991375
-9
-2
9
2252
-602
3452
984255
1
-5
4
2263
-588
3467
985280
-1
-4
5
2260
-553
3465
986305
-12
-3
6
2257
-561
3427
987330
1
-1
9
2268
-542
3441
988355
6
2
15
2259
-551
3447
989380
0
4
18
2269
-568
3450
990405
2
7
18
2270
-586
3470
991430
5
7
16
2253
-592
3457
992455
-3
4
9
2261
-588
3444
993480
-4
4
3
2266
-591
3468
994505
-1
8
5
2251
-582
3449
995530
3
8
4
2265
-563
3450
996555
-6
7
4
2260
-561
3468
997580
-11
10
13
2250
-568
3465
998605
-8
19
19
2281
-586
3438
999630
2
23
35
2319
-558
3416
992385
11
19
66
2336
-418
3376
993410
-2
-17
83
2197
-470
3479
994435
-89
-84
44
2172
-693
3394
995460
-4
-60
-32
2314
-797
3410
996485
52
-84
-29
2301
-636
3687
997510
50
-40
-106
2224
-834
3798
998535
248
1
-147
2238
-692
3551
999560
394
69
-185
2193
-622
3449
1000585
414
105
-191
2232
-512
3096
1001610
260
40
-140
2305
-391
3138
1002635
-76
-44
-57
2279
-164
3355
1003660
-330
-142
2
2183
-344
3597
1004685
-316
-201
18
2206
-571
3840
1005710
-63
-132
21
2255
-667
3760
1006735
191
-29
41
2199
-376
3577
1007760
89
31
66
2268
-355
3426
1000576
-139
92
79
2277
-252
3174
1001601
-124
109
38
2360
-560
3221
1002626
68
93
34
2409
-550
3326
1003651
76
72
77
2273
-475
3367
1004676
-37
42
70
2289
-477
3398
1005701
-152
17
59
2298
-508
3486
1006726
-143
8
59
2205
-651
3583
1007751
-20
-7
31
2213
-641
3633
1008776
11
-16
1
2244
-583
3587
1009801
10
-21
-15
2242
-580
3518
1010826
8
-29
-26
2276
-553
3475
1011851
-1
-28
-27
2280
-546
3442
1012876
-6
-19
-20
2279
-586
3418
1013901
27
5
-16
2261
-498
3391
1014926
0
6
-28
2274
-509
3367
1015951
2
-2
-32
2274
-545
3465
1008768
31
0
-22
2269
-500
3531
1009793
15
-1
-10
2254
-487
3485
1010818
8
-6
-5
2250
-492
3462
1011843
-2
-10
-7
2264
-493
3472
1012868
-7
-12
-1
2249
-516
3479
1013893
21
-11
8
2250
-517
3480
1014918
11
-14
7
2283
-511
3479
1015943
-14
-12
12
2277
-554
3447
1016968
11
-12
9
2261
-547
3454
1017993
7
-17
-2
2270
-552
3464
1019018
-7
-19
-10
2276
-543
3460
1020043
7
-14
-8
2278
-512
3443
1021068
15
-11
-7
2275
-475
3440
1022093
-5
-7
-6
2280
-495
3432
1023118
3
0
1
2274
-506
3443
1024143
9
5
6
2271
-509
3424
1016961
4
10
4
2271
-522
3433
1017986
3
13
0
2267
-542
3472
1019011
4
14
-1
2270
-545
3478
1020036
21
14
2
2249
-511
3482
1021061
6
6
-3
2261
-499
3488
1022086
-12
-1
-3
2264
-502
3498
1023111
-2
-3
-1
2261
-512
3485
1024136
20
-4
3
2247
-466
3476
1025161
3
-10
3
2260
-494
3471
1026186
2
-12
8
2269
-497
3480
1027211
0
-10
10
2269
-524
3467
1028236
8
-9
10
2267
-527
3456
1029261
-2
-11
5
2271
-533
3447
1030286
-6
-10
3
2265
-526
3433
1031311
-6
-8
-1
2278
-529
3435
1032336
-1
-1
1
2270
-515
3443
1025152
4
7
2
2257
-504
3441
1026177
4
10
1
2261
-508
3452
1027202
-6
11
-1
2269
-507
3479
1028227
-2
10
-1
2256
-505
3487
1029252
13
5
0
2251
-499
3501
1030277
8
-3
2
2252
-465
3502
1031302
-7
-12
6
2259
-494
3491
1032327
-3
-13
17
2253
-497
3488
1033352
0
-16
17
2259
-520
3479
1034377
-9
-20
8
2268
-528
3481
1035402
-6
-21
5
2265
-550
3450
1036427
8
-21
4
2268
-514
3446
1037452
7
-17
4
2277
-494
3453
1038477
-5
-12
5
2275
-514
3435
1039502
-9
-7
7
2262
-524
3430
1040527
1
-4
5
2269
-524
3447
1033344
7
-3
3
2281
-515
3465
1034369
3
1
4
2276
-501
3460
1035394
-4
1
3
2270
-518
3450
1036419
-3
3
3
2271
-516
3455
1037444
-7
4
2
2276
-502
3442
1038469
-16
8
0
2287
-527
3441
1039494
-1
14
10
2286
-499
3456
1040519
21
19
23
2263
-436
3451
1041544
-10
16
24
2283
-392
3389
1042569
-154
-7
4
2305
-487
3243
1043594
-124
-35
-12
2211
-938
3354
1044619
157
-124
-18
2373
-576
3789
1045644
111
-145
-6
2246
-362
3843
1046669
11
-110
-9
2220
-316
3618
1047694
41
-47
-45
2238
-431
3521
1048719
205
27
-64
2261
-559
3334
1041535
300
57
-67
2285
-634
3272
1042560
255
65
-55
2336
-587
3270
1043585
94
43
-12
2313
-434
3290
1044610
-62
24
-5
2288
-439
3255
1045635
-117
-28
13
2217
-378
3292
1046660
-254
-122
45
2206
-308
3544
1047685
-385
-202
68
2225
-427
3810
1048710
-261
-177
67
2262
-586
3836
1049735
33
-97
78
2217
-547
3716
1050760
63
-29
94
2276
-304
3404
1051785
-227
-4
91
2342
-246
3125
1052810
-314
-28
61
2364
-783
3183
1053835
-22
-13
20
2447
-701
3358
1054860
65
2
33
2416
-525
3374
1055885
-33
10
41
2316
-583
3323
1056910
-97
16
3
2323
-612
3339
1049728
-92
17
-34
2325
-727
3428
1050753
9
26
-56
2314
-721
3456
1051778
58
29
-72
2328
-596
3439
1052803
45
29
-73
2322
-565
3437
1053828
46
24
-62
2316
-511
3443
1054853
37
21
-45
2303
-515
3452
1055878
40
24
-25
2288
-502
3464
1056903
39
21
-8
2286
-472
3446
1057928
20
17
-1
2307
-470
3438
1058953
14
14
4
2314
-509
3432
1059978
11
10
11
2307
-518
3412
1061003
8
4
12
2307
-544
3421
1062028
11
7
14
2312
-554
3428
1063053
12
12
16
2297
-553
3419
1064078
5
17
10
2299
-556
3402
1065103
-3
19
8
2303
-553
3400
1058050
14
23
10
2291
-546
3420
1059075
32
24
9
2299
-502
3468
1060100
12
25
9
2293
-504
3468
1061125
10
28
19
2282
-497
3452
1062150
28
32
31
2275
-518
3464
1063175
40
37
39
2276
-515
3459
1064200
56
46
49
2279
-534
3490
1065225
74
56
61
2276
-522
3488
1066250
72
66
79
2276
-505
3423
1067275
63
78
91
2274
-513
3385
1068300
95
93
96
2246
-485
3471
1069325
62
103
84
2260
-542
3433
1070350
40
110
84
2250
-605
3428
1071375
55
103
87
2230
-534
3504
1072400
32
86
78
2222
-473
3526
1073425
-4
72
64
2198
-505
3512
1066112
-8
53
46
2190
-531
3523
1067137
8
32
38
2185
-517
3574
1068162
10
16
38
2197
-523
3567
1069187
-8
12
37
2196
-502
3518
1070212
-36
-1
33
2196
-553
3488
1071237
-16
-7
35
2202
-552
3490
1072262
1
-6
35
2217
-510
3474
1073287
-2
1
32
2210
-502
3469
1074312
-8
12
38
2199
-544
3446
1075337
-1
23
44
2191
-517
3449
1076362
-5
26
46
2223
-515
3477
1077387
-3
27
51
2215
-515
3492
1078412
9
30
55
2184
-555
3513
1079437
14
32
55
2171
-575
3546
1080462
4
34
57
2172
-553
3534
1081487
-23
34
47
2183
-583
3528
1074304
-35
22
35
2182
-660
3545
1075329
-8
12
19
2171
-640
3561
1076354
-2
6
6
2170
-611
3530
1077379
-2
0
-1
2178
-574
3528
1078404
-12
-6
-6
2178
-562
3527
1079429
-12
-7
-3
2176
-550
3515
1080454
-9
-2
0
2172
-540
3519
1081479
-5
-2
5
2170
-549
3508
1082504
-5
-3
7
2190
-547
3508
1083529
-10
3
14
2183
-558
3488
1084554
-18
11
13
2189
-559
3458
1085579
-76
26
-4
2250
-589
3376
1086604
-97
39
1
2254
-656
3352
1087629
-33
14
28
2315
-486
3450
1088654
-124
-74
71
2124
-523
3660
1089679
-4
-98
-56
1975
-1005
3999
1082496
338
-41
-178
2242
-777
4194
1083521
530
115
-128
2087
-664
3275
1084546
465
159
-120
2126
-417
2935
1085571
240
135
-112
2257
-360
3117
1086596
144
89
-62
2243
-351
3400
1087621
41
71
-47
2146
-310
3575
1088646
-78
48
-14
2074
-332
3594
1089671
-111
-2
31
2017
-346
3721
1090696
-170
-71
63
2030
-366
3840
1091721
-184
-119
59
2069
-445
3892
1092746
-48
-114
46
2114
-527
3850
1093771
54
-85
53
2150
-446
3662
1094796
1
-49
60
2148
-401
3488
1095821
-107
-15
35
2223
-473
3247
1096846
-138
-38
19
2254
-562
3276
1097871
-104
-82
17
2255
-667
3402
1090688
-49
-79
22
2227
-570
3479
1091713
-39
-62
19
2174
-524
3546
1092738
-72
-47
6
2175
-507
3594
1093763
-115
-28
0
2216
-520
3571
1094788
-72
-2
9
2176
-565
3491
1095813
-9
6
4
2198
-540
3428
1096838
-6
11
-4
2218
-560
3498
1097863
26
22
4
2192
-535
3540
1098888
16
21
1
2186
-516
3498
1099913
-23
12
-12
2185
-579
3514
1100938
-10
3
-16
2183
-575
3574
1101963
21
-6
-13
2170
-527
3576
1102988
-3
-16
-20
2183
-487
3552
1104013
-39
-22
-17
2173
-556
3504
1105038
10
-25
-12
2171
-534
3516
1106063
22
-30
-11
2190
-493
3537
1098881
-23
-31
-11
2200
-543
3510
1099906
-13
-27
-6
2186
-527
3483
1100931
-2
-26
-10
2207
-511
3482
1101956
-11
-22
-9
2206
-566
3493
1102981
8
-18
-5
2201
-514
3509
1104006
-12
-14
-10
2217
-531
3484
1105031
-13
-6
-6
2195
-542
3475
1106056
8
-2
-7
2202
-504
3502
1107081
-4
0
-8
2188
-531
3498
1108106
-7
-2
-9
2198
-535
3503
1109131
-10
-3
-8
2211
-554
3516
1110156
19
3
-1
2188
-517
3520
1111181
11
0
-4
2195
-501
3522
1112206
-21
-4
-6
2207
-537
3515
1113231
0
-6
-2
2193
-526
3514
1114256
12
-11
-4
2194
-511
3527
1107073
6
-14
-4
2198
-505
3530
1108098
-3
-17
-3
2198
-503
3521
1109123
-1
-16
0
2210
-511
3488
1110148
6
-10
4
2213
-516
3479
1111173
5
-7
9
2201
-515
3472
1112198
-2
-7
7
2213
-526
3479
1113223
1
-2
2
2220
-529
3513
1114248
4
4
2
2189
-524
3511
1115273
-1
3
3
2195
-522
3508
1116298
5
1
9
2206
-500
3520
1117323
13
1
17
2200
-494
3518
1118348
2
0
21
2183
-505
3504
1119373
-6
-6
17
2190
-529
3520
1120398
5
-11
12
2204
-560
3545
1121423
10
-13
11
2204
-527
3524
1122448
-13
-20
5
2202
-534
3501
1115265
-13
-23
1
2203
-538
3484
1116290
2
-16
3
2218
-519
3471
1117315
12
-5
7
2210
-492
3480
1118340
1
2
10
2208
-498
3474
1119365
-6
7
13
2205
-522
3479
1120390
2
6
13
2206
-551
3515
1121415
2
4
11
2203
-545
3532
1122440
-7
3
9
2201
-540
3508
1123465
-4
3
3
2201
-537
3511
1124490
-2
2
-2
2212
-520
3521
1125515
-6
-4
-4
2198
-515
3521
1126540
-13
-7
-2
2204
-507
3510
1127565
-2
-7
6
2194
-491
3513
1128590
-4
-8
7
2199
-517
3507
1129615
-12
-7
9
2208
-516
3497
1130640
-9
-4
8
2202
-560
3494
1123456
-5
-3
-1
2237
-556
3468
1124481
-26
6
2
2246
-467
3407
1125506
-102
13
-14
2343
-430
3264
1126531
-244
-67
40
2406
-536
3203
1127556
-59
-205
91
1968
-1130
3900
1128581
359
-197
-43
2296
-529
4221
1129606
331
14
-41
2150
-143
3642
1130631
240
160
-81
2109
-599
2902
1131656
518
203
-124
2221
-713
3161
1132681
790
226
-43
2297
-370
3218
1133706
653
174
37
2213
-21
3241
1134731
-101
36
100
2115
56
3469
1135756
-778
-122
158
2099
-220
4015
1136781
-915
-134
136
2062
-667
4247
1137806
-445
-57
104
1986
-919
3923
1138831
136
-33
89
2073
-571
3576
1131649
144
4
68
2196
-117
3303
1132674
-77
9
23
2274
-479
3392
1133699
-172
-38
5
2396
-668
3444
1134724
-157
-38
52
2277
-613
3376
1135749
-125
-22
55
2201
-609
3329
1136774
-114
-9
18
2194
-622
3344
1137799
-115
-5
-30
2218
-692
3440
1138824
-53
-4
-58
2208
-717
3526
1139849
39
0
-74
2209
-623
3577
1140874
37
2
-84
2192
-531
3576
1141899
-8
-3
-85
2194
-531
3546
1142924
-9
-5
-75
2179
-511
3509
1143949
-10
-9
-67
2196
-503
3493
1144974
-29
-13
-55
2229
-567
3530
1145999
27
1
-27
2191
-483
3531
1147024
14
-4
-20
2200
-467
3474
1139841
-28
-12
-16
2219
-520
3479
1140866
-5
-9
-5
2204
-508
3507
1141891
3
-5
-4
2219
-518
3497
1142916
-2
5
-2
2210
-527
3469
1143941
0
13
-1
2200
-533
3455
1144966
-17
18
-10
2215
-581
3487
1145991
-3
27
-10
2203
-567
3505
1147016
1
29
-16
2203
-557
3489
1148041
-27
29
-26
2220
-561
3469
1149066
-9
38
-20
2192
-545
3491
1150091
17
40
-18
2178
-502
3529
1151116
11
41
-12
2166
-515
3566
1152141
4
35
-6
2166
-493
3581
1153166
-16
22
-5
2197
-525
3565
1154191
-2
18
2
2172
-526
3558
1155216
8
3
1
2161
-518
3555
1148033
-9
-14
-4
2178
-524
3550
1149058
-11
-22
-3
2184
-550
3542
1150083
-1
-24
-1
2184
-548
3529
1151108
6
-22
-3
2179
-537
3522
1152133
1
-21
-8
2177
-529
3511
1153158
-5
-25
-7
2195
-556
3485
1154183
3
-23
-5
2194
-504
3491
1155208
-9
-19
-9
2206
-507
3463
1156233
-7
-5
-8
2204
-512
3465
1157258
2
10
-2
2196
-492
3480
1158283
-5
17
2
2188
-506
3486
1159308
0
19
4
2198
-504
3505
1160333
2
20
11
2194
-494
3526
1161358
-7
17
15
2176
-538
3522
1162383
-6
13
14
2172
-556
3542
1163408
0
12
14
2165
-547
3553
1156225
-1
6
10
2170
-558
3549
1157250
4
1
7
2179
-545
3543
1158275
9
-4
5
2167
-535
3555
1159300
3
-10
4
2178
-526
3536
1160325
-1
-14
7
2183
-514
3518
1161350
-9
-14
11
2180
-510
3509
1162375
0
-10
16
2173
-525
3506
1163400
19
-4
20
2187
-520
3511
1164425
2
-3
19
2179
-548
3508
1165450
-1
-3
15
2177
-552
3514
1166475
9
-3
8
2189
-550
3534
1167500
2
-6
3
2182
-549
3522
1168525
3
-7
1
2176
-510
3521
1169550
0
-9
0
2178
-497
3519
1170575
-8
-12
4
2176
-491
3521
1171600
-14
-15
5
2188
-510
3532
1164417
-6
-11
14
2186
-509
3499
1165442
1
-7
18
2181
-498
3491
1166467
-18
-5
18
2187
-506
3508
1167492
-16
1
23
2182
-530
3529
1168517
0
5
30
2181
-525
3518
1169542
-4
8
30
2178
-543
3526
1170567
-17
3
28
2184
-569
3536
1171592
-6
-2
26
2181
-587
3527
1172617
-15
5
18
2239
-556
3471
1173642
-74
25
18
2314
-582
3300
1174667
-46
-14
69
2293
-655
3313
1175692
-104
-168
118
2173
-597
3690
1176717
51
-169
-65
1983
-1021
4475
1177742
650
40
-162
2275
-516
4282
1178767
793
282
-156
2046
-454
2930
1179792
373
206
-141
2045
-327
2353
1172608
-148
-25
-36
2313
-140
3153
1173633
-233
-98
8
2346
-494
3607
1174658
-141
-79
34
2054
-312
3620
1175683
-331
-114
45
2010
-336
3771
1176708
-376
-114
59
2156
-484
3884
1177733
-148
-65
61
2114
-576
3849
1178758
28
-36
50
2125
-545
3746
1179783
-22
-5
72
2162
-246
3434
1180808
-158
-14
43
2251
-425
3341
1181833
-136
-32
28
2349
-616
3363
1182858
-43
-27
71
2244
-555
3382
1183883
-21
-28
68
2232
-565
3394
1184908
-57
-30
45
2230
-640
3402
1185933
-59
-20
12
2215
-665
3498
1186958
-40
-12
-18
2217
-682
3539
1187983
-20
-1
-37
2232
-664
3528
1180800
19
21
-38
2193
-570
3481
1181825
8
22
-52
2204
-513
3455
1182850
-14
19
-58
2207
-580
3484
1183875
25
25
-42
2198
-531
3528
1184900
24
22
-33
2186
-499
3518
1185925
-4
12
-27
2180
-521
3532
1186950
3
5
-18
2196
-504
3556
1187975
12
-1
-8
2191
-495
3557
1189000
-7
-11
-4
2187
-530
3521
1190025
-15
-18
-6
2198
-534
3520
1191050
-28
-26
-9
2205
-576
3509
1192075
1
-26
-3
2190
-556
3510
1193100
-2
-24
-6
2212
-556
3507
1194125
-10
-13
-2
2207
-549
3471
1195150
2
-8
0
2214
-556
3453
1196175
8
-1
-1
2208
-546
3477
1188992
-6
6
-5
2218
-543
3474
1190017
-15
8
-9
2220
-585
3496
1191042
20
12
-4
2198
-525
3524
1192067
8
8
-7
2183
-525
3523
1193092
-2
5
-9
2196
-525
3530
1194117
8
2
-5
2194
-510
3527
1195142
7
-2
-1
2200
-523
3519
1196167
6
-5
5
2202
-538
3504
1197192
6
-6
5
2191
-530
3524
1198217
-9
-9
1
2200
-560
3512
1199242
4
-6
4
2190
-554
3496
1200267
3
-9
1
2208
-543
3498
1201292
-10
-8
-2
2231
-551
3486
1202317
1
-4
1
2213
-515
3484
1203342
-10
0
0
2193
-536
3461
1204367
1
6
2
2207
-520
3478
1197215
1
11
3
2206
-523
3499
1198240
-1
13
6
2197
-529
3519
1199265
-2
8
3
2215
-546
3519
1200290
0
7
5
2191
-533
3520
1201315
3
2
4
2196
-546
3519
1202340
10
0
6
2189
-513
3530
1203365
-4
-4
8
2186
-526
3521
1204390
-9
-6
9
2194
-549
3509
1205415
0
-6
9
2195
-558
3502
1206440
7
-6
10
2190
-535
3503
1207465
0
-8
6
2205
-537
3509
1208490
-3
-4
8
2197
-530
3497
1209515
-6
-3
7
2196
-554
3498
1210540
0
-1
3
2203
-545
3509
1211565
7
-1
1
2195
-538
3517
1212590
-3
-1
0
2194
-532
3491
1205375
-14
0
0
2206
-534
3488
1206400
5
4
3
2189
-528
3506
1207425
15
6
5
2195
-519
3524
1208450
-3
6
7
2186
-538
3534
1209475
-8
2
8
2184
-548
3529
1210500
4
-1
7
2193
-550
3523
1211525
7
-4
5
2191
-524
3523
1212550
-10
-7
2
2194
-533
3514
1213575
-7
-8
0
2199
-541
3519
1214600
-1
-6
2
2196
-534
3509
1215625
4
-8
5
2190
-536
3505
1216650
0
-8
4
2192
-547
3524
1217675
-1
-7
3
2184
-553
3519
1218700
1
-9
-2
2196
-555
3510
1219725
-2
-9
-4
2197
-537
3503
1220750
-1
-8
0
2184
-535
3503
1213568
2
-9
-1
2191
-519
3515
1214593
2
-5
-2
2200
-511
3522
1215618
1
-1
3
2177
-531
3516
1216643
9
-3
6
2189
-524
3524
1217668
-5
-8
5
2206
-530
3522
1218693
-22
-11
5
2239
-578
3503
1219718
-17
7
16
2269
-597
3443
1220743
9
22
58
2306
-513
3356
1221768
-88
-22
107
2229
-510
3297
1222793
-169
-72
58
2096
-510
3598
1223818
-42
-129
-81
2236
-725
4173
1224843
202
-55
-107
2121
-738
3688
1225868
302
-15
-111
2086
-488
3395
1226893
307
40
-142
2212
-645
3332
1227918
291
49
-95
2297
-390
3236
1228943
54
49
-47
2252
-313
3401
1221760
21
97
1
2213
-347
3242
1222785
19
91
58
2178
-260
3233
1223810
-151
21
114
2179
-318
3541
1224835
-304
-53
187
2116
-289
3662
1225860
-461
-136
213
2111
-471
3910
1226885
-413
-146
186
2105
-686
3973
1227910
-166
-103
151
2131
-751
3677
1228935
-14
-66
113
2193
-609
3421
1229960
-67
-44
79
2218
-521
3253
1230985
-161
-38
9
2236
-720
3296
1232010
-73
-45
-64
2366
-868
3416
1233035
23
-35
-64
2319
-769
3429
1234060
23
-16
-69
2243
-702
3389
1235085
18
7
-86
2249
-668
3400
1236110
21
32
-92
2245
-617
3420
1237135
18
43
-90
2255
-607
3457
1229952
66
55
-77
2222
-553
3488
1230977
72
49
-63
2234
-494
3496
1232002
39
44
-38
2217
-514
3530
1233027
44
43
-3
2184
-473
3553
1234052
7
29
10
2181
-516
3561
1235077
-7
10
14
2188
-615
3577
1236102
22
-5
14
2181
-580
3564
1237127
2
-26
3
2208
-583
3508
1238152
-27
-44
-2
2233
-624
3479
1239177
-10
-42
3
2221
-600
3475
1240202
-12
-33
-6
2237
-591
3468
1241227
-20
-18
-10
2227
-604
3426
1242252
7
-4
-5
2211
-570
3430
1243277
16
7
-5
2235
-531
3453
1244302
-5
14
-1
2246
-544
3473
1245327
-10
18
7
2219
-582
3473
1238145
12
17
8
2203
-589
3501
1239170
9
14
-1
2207
-590
3533
1240195
-11
5
-5
2209
-596
3536
1241220
1
-5
-5
2213
-571
3519
1242245
4
-11
-3
2212
-537
3516
1243270
-20
-13
0
2213
-553
3491
1244295
-6
-10
8
2208
-560
3465
1245320
18
-8
10
2210
-541
3496
1246345
-8
-9
8
2222
-566
3500
1247370
-22
-11
9
2225
-615
3498
1248395
8
-7
10
2214
-589
3479
1249420
10
-6
5
2218
-578
3471
1250445
-7
-4
2
2227
-568
3478
1251470
0
0
5
2229
-562
3485
1252495
-1
0
5
2216
-565
3480
1253520
-5
-4
5
2214
-567
3515
1246335
4
-1
10
2211
-565
3510
1247360
1
-2
13
2203
-554
3492
1248385
-13
-7
11
2209
-589
3505
1249410
-7
-8
14
2217
-593
3489
1250435
-3
-10
13
2218
-603
3477
1251460
-4
-8
11
2211
-601
3492
1252485
-8
-5
6
2222
-606
3485
1253510
-7
-3
2
2222
-602
3478
1254535
-6
-5
1
2217
-571
3496
1255560
-3
-1
2
2217
-556
3481
1256585
0
4
5
2219
-550
3467
1257610
0
9
8
2216
-570
3480
1258635
4
13
12
2221
-588
3496
1259660
10
12
11
2219
-587
3506
1260685
-3
8
4
2209
-602
3499
1261710
0
3
0
2202
-606
3504
1254529
21
0
3
2200
-566
3510
1255554
15
-6
6
2193
-536
3519
1256579
-2
-14
8
2211
-566
3536
1257604
12
-17
18
2204
-567
3520
1258629
20
-22
28
2193
-564
3492
1259654
16
-28
29
2234
-583
3495
1260679
29
-15
34
2237
-554
3502
1261704
10
-1
37
2222
-567
3449
1262729
3
14
34
2223
-538
3394
1263754
-3
12
20
2214
-624
3459
1264779
8
5
3
2223
-661
3538
1265804
8
3
-5
2208
-609
3541
1266829
-13
-2
-15
2196
-582
3527
1267854
-14
-6
-17
2204
-567
3507
1268879
-17
-4
-11
2230
-538
3479
1269904
-39
6
0
2254
-564
3438
1262721
4
10
25
2230
-568
3481
1263746
32
5
39
2268
-487
3489
1264771
-137
-18
44
2319
-438
3454
1265796
-288
-77
84
2166
-691
3418
1266821
-35
-44
-2
2196
-784
3699
1267846
69
-54
-69
2275
-865
3667
1268871
230
-33
-47
2143
-711
3718
1269896
334
95
-81
2194
-523
3656
1270921
222
161
-99
2166
-544
3280
1271946
11
132
-62
2173
-402
3062
1272971
-215
50
2
2136
-329
2935
1273996
-518
-110
38
2169
-412
3474
1275021
-703
-208
56
2178
-574
3876
1276046
-484
-182
28
2155
-871
3808
1277071
0
-126
-1
2114
-827
3729
1278096
178
-90
12
2191
-596
3623
1270913
-54
-46
34
2252
-476
3383
1271938
-185
-29
8
2310
-653
3232
1272963
-60
-38
-18
2386
-695
3303
1273988
6
-43
1
2328
-739
3312
1275013
11
-36
5
2281
-757
3331
1276038
13
-26
-9
2267
-776
3421
1277063
28
-10
-23
2269
-781
3490
1278088
47
9
-34
2243
-718
3490
1279113
33
7
-50
2261
-703
3459
1280138
71
11
-50
2242
-681
3469
1281163
118
-2
-41
2264
-597
3479
1282188
104
-12
-26
2266
-624
3470
1283213
123
-13
-10
2243
-569
3504
1284238
50
-19
-7
2242
-551
3509
1285263
-32
-17
-2
2255
-615
3478
1286288
-11
-8
7
2248
-613
3430
1279104
8
-8
3
2265
-618
3423
1280129
5
-4
2
2284
-647
3450
1281154
10
2
4
2279
-631
3437
1282179
-14
6
-1
2273
-675
3404
1283204
8
15
0
2249
-645
3409
1284229
20
20
-9
2255
-629
3450
1285254
16
25
-9
2246
-611
3469
1286279
13
24
-6
2250
-610
3461
1287304
8
20
-2
2255
-609
3460
1288329
-2
13
1
2254
-603
3469
1289354
-12
3
-2
2253
-636
3483
1290379
-9
-2
-2
2248
-625
3476
1291404
2
-5
-3
2244
-618
3479
1292429
3
-8
-1
2257
-616
3469
1293454
-1
-10
2
2251
-609
3466
1294479
-5
-10
2
2255
-621
3463
1287296
3
-8
8
2250
-630
3462
1288321
1
-12
9
2245
-637
3436
1289346
4
-19
11
2251
-612
3482
1290371
-8
-26
10
2255
-618
3471
1291396
0
-29
11
2250
-610
3443
1292421
5
-30
9
2257
-592
3465
1293446
-7
-28
11
2262
-599
3445
1294471
-7
-24
15
2264
-612
3427
1295496
-9
-20
13
2264
-626
3445
1296521
-17
-16
10
2272
-664
3440
1297546
8
-9
9
2265
-642
3448
1298571
6
-6
2
2262
-625
3434
1299596
-6
-4
-1
2267
-622
3434
1300621
-1
-1
5
2271
-614
3454
1301646
7
1
9
2261
-605
3459
1302671
2
0
6
2264
-608
3458
1295489
-2
0
9
2251
-623
3455
1296514
0
-4
8
2257
-616
3462
1297539
0
-9
6
2270
-603
3464
1298564
2
-12
7
2268
-621
3467
1299589
-3
-14
12
2252
-635
3449
1300614
0
-12
13
2255
-632
3434
1301639
-4
-12
10
2271
-637
3442
1302664
-15
-12
7
2277
-652
3434
1303689
-7
-10
3
2272
-637
3425
1304714
-1
-12
0
2268
-601
3439
1305739
-2
-13
5
2271
-603
3445
1306764
8
-12
13
2270
-594
3472
1307789
7
-8
20
2253
-597
3471
1308814
-10
-9
20
2266
-621
3438
1309839
-16
-15
22
2270
-658
3438
1310864
-4
-18
18
2260
-649
3472
1303680
1
-24
12
2269
-649
3468
1304705
-2
-23
6
2275
-632
3449
1305730
-34
-21
1
2276
-620
3429
1306755
-33
-22
-2
2288
-634
3433
1307780
-35
-18
-6
2323
-594
3413
1308805
-126
-12
-8
2357
-519
3297
1309830
-195
-73
28
2352
-579
3343
1310855
-183
-181
69
2258
-776
3422
1311880
-55
-184
11
2226
-1181
3718
1312905
156
-74
-60
2407
-510
3945
1313930
32
64
-99
2291
-679
3419
1314955
32
98
-104
2208
-801
3081
1315980
117
107
-98
2278
-596
3168
1317005
117
76
-35
2307
-470
3131
1318030
-29
33
8
2309
-440
3228
1319055
-143
-6
42
2220
-538
3430
1311872
-160
-47
64
2220
-598
3576
1312897
-163
-74
63
2223
-763
3652
1313922
-22
-76
57
2216
-778
3591
1314947
89
-65
53
2256
-623
3530
1315972
-35
-40
38
2352
-490
3350
1316997
-201
-25
13
2337
-728
3276
1318022
-54
-18
-21
2375
-858
3393
1319047
84
-13
-12
2370
-630
3399
1320072
26
-12
-5
2298
-682
3326
1321097
-26
-9
-20
2332
-761
3337
1322122
9
5
-19
2332
-721
3405
1323147
53
14
-18
2319
-666
3423
1324172
33
10
-24
2337
-664
3404
1325197
52
19
-18
2305
-667
3404
1326222
75
28
-14
2277
-594
3429
1327247
31
26
-12
2311
-634
3424
1320064
23
27
1
2295
-665
3422
1321089
32
21
3
2289
-621
3392
1322114
19
9
-4
2306
-664
3406
1323139
31
1
-3
2297
-642
3476
1324164
25
-3
0
2296
-617
3450
1325189
11
-3
-1
2278
-658
3422
1326214
18
-2
-2
2283
-629
3422
1327239
5
-7
-6
2309
-650
3433
1328264
-12
-13
-6
2311
-671
3436
1329289
0
-10
1
2300
-638
3399
1330314
15
-5
1
2315
-617
3400
1331339
-1
-1
6
2301
-637
3400
1332364
12
4
9
2285
-625
3402
1333389
8
4
6
2301
-635
3409
1334414
4
8
6
2302
-629
3432
1335439
-7
11
5
2316
-636
3402
1328256
-1
20
2
2292
-612
3393
1329281
-7
12
-8
2298
-636
3416
1330306
-7
9
-6
2301
-633
3436
1331331
0
12
5
2271
-631
3429
1332356
2
13
17
2259
-642
3432
1333381
12
11
23
2280
-620
3462
1334406
-5
8
17
2300
-642
3463
1335431
-11
-5
9
2280
-683
3473
1336456
7
-16
7
2276
-667
3468
1337481
9
-23
9
2280
-643
3452
1338506
14
-23
12
2293
-632
3445
1339531
6
-24
11
2297
-627
3426
1340556
-10
-26
10
2297
-639
3384
1341581
-5
-24
7
2302
-641
3374
1342606
9
-13
7
2319
-619
3370
1343631
3
3
7
2315
-625
3362
1336447
-8
19
8
2305
-660
3365
1337472
7
35
8
2291
-670
3389
1338497
10
40
3
2281
-657
3426
1339522
-3
33
-2
2294
-643
3445
1340547
0
24
-1
2288
-615
3473
1341572
-6
17
1
2270
-609
3477
1342597
-9
11
6
2259
-617
3464
1343622
-1
6
13
2271
-610
3467
1344647
3
1
20
2277
-630
3455
1345672
6
-5
23
2284
-647
3457
1346697
-4
-7
24
2291
-652
3463
1347722
3
-4
35
2272
-640
3426
1348747
14
-2
45
2281
-617
3371
1349772
6
10
41
2296
-631
3364
1350797
-2
19
30
2296
-665
3399
1351822
5
18
21
2283
-715
3438
1344641
25
15
15
2254
-677
3471
1345666
19
7
4
2264
-652
3464
1346691
-1
3
1
2268
-617
3448
1347716
-6
3
4
2266
-597
3431
1348741
-4
4
4
2277
-617
3431
1349766
3
4
13
2265
-610
3458
1350791
-10
9
19
2275
-620
3415
1351816
-31
15
22
2288
-649
3384
1352841
-29
25
24
2328
-633
3350
1353866
-114
19
27
2429
-398
3402
1354891
-319
-76
78
2274
-795
3468
1355916
252
69
-42
2060
-1417
3841
1356941
871
266
-194
2474
-675
3641
1357966
778
313
-149
2073
-674
2887
1358991
501
172
-170
2195
-638
3289
1360016
181
123
-65
2263
-215
3447
1352832
-75
108
-11
2125
-327
3481
1353857
-47
77
15
2061
-381
3611
1354882
64
62
61
2140
-395
3739
1355907
95
82
134
2132
-222
3752
1356932
-52
103
159
2095
-115
3544
1357957
-219
60
120
2121
-421
3482
1358982
-149
3
73
2177
-680
3520
1360007
-25
-20
58
2206
-597
3538
1361032
-110
-59
72
2202
-541
3531
1362057
-244
-83
66
2203
-639
3483
1363082
-262
-86
60
2181
-680
3453
1364107
-185
-71
41
2185
-722
3479
1365132
-85
-43
21
2201
-648
3547
1366157
-52
-9
-2
2213
-646
3514
1367182
4
31
-16
2183
-623
3489
1368207
25
50
-28
2167
-595
3492
1361024
-8
55
-31
2186
-610
3474
1362049
18
61
-20
2168
-575
3548
1363074
34
55
-13
2141
-539
3621
1364099
8
36
-10
2151
-572
3642
1365124
8
23
1
2118
-553
3662
1366149
20
-2
11
2111
-521
3667
1367174
-1
-33
15
2141
-537
3601
1368199
-22
-60
24
2170
-548
3573
1369224
-33
-73
31
2173
-581
3540
1370249
-45
-77
30
2183
-629
3494
1371274
-29
-63
34
2189
-634
3446
1372299
-3
-43
27
2202
-626
3423
1373324
-30
-22
12
2209
-661
3411
1374349
-37
3
4
2199
-689
3437
1375374
-17
20
-8
2183
-686
3488
1376399
-64
20
-24
2191
-641
3554
1369217
-127
11
-34
2164
-664
3564
1370242
-113
-8
-35
2157
-692
3554
1371267
-29
-21
-30
2139
-629
3585
1372292
27
-38
-25
2161
-580
3572
1373317
26
-49
-12
2179
-552
3574
1374342
-3
-62
-2
2191
-573
3559
1375367
-14
-74
7
2197
-635
3520
1376392
14
-78
11
2193
-635
3480
1377417
13
-82
7
2207
-646
3446
1378442
8
-76
7
2219
-646
3437
1379467
8
-65
3
2245
-660
3418
1380492
16
-47
-2
2235
-647
3412
1381517
15
-35
-11
2227
-653
3424
1382542
12
-27
-16
2227
-624
3421
1383567
7
-21
-17
2244
-607
3448
1384592
2
-16
-13
2244
-603
3475
1377409
3
-15
-4
2216
-595
3486
1378434
4
-17
-2
2222
-597
3487
1379459
8
-19
-3
2224
-599
3506
1380484
8
-26
-3
2227
-587
3511
1381509
2
-36
-3
2233
-620
3514
1382534
3
-45
-1
2220
-614
3507
1383559
-4
-52
0
2229
-598
3461
1384584
-13
-59
-2
2249
-613
3445
1385609
-7
-61
-2
2258
-619
3473
1386634
-6
-58
3
2258
-603
3462
1387659
-2
-51
5
2248
-586
3429
1388684
-7
-48
5
2250
-582
3408
1389709
-20
-50
4
2271
-597
3431
1390734
-24
-51
7
2283
-609
3451
1391759
-6
-49
15
2260
-597
3457
1392784
-7
-49
13
2273
-611
3455
1385599
-20
-47
11
2275
-611
3459
1386624
-20
-51
14
2275
-633
3442
1387649
-12
-60
13
2285
-641
3467
1388674
-5
-66
13
2275
-628
3501
1389699
-4
-65
14
2263
-624
3474
1390724
-8
-62
12
2287
-618
3425
1391749
-16
-60
10
2299
-635
3406
1392774
-17
-60
11
2309
-644
3387
1393799
-2
-55
12
2318
-644
3387
1394824
-1
-49
9
2310
-622
3388
1395849
-17
-42
13
2335
-607
3353
1396874
9
-20
20
2330
-649
3310
1397899
42
-3
23
2314
-613
3373
1398924
18
8
23
2325
-617
3369
1399949
3
21
20
2321
-650
3378
1400974
21
28
23
2314
-637
3392
1393792
18
37
23
2304
-607
3395
1394817
-3
36
20
2316
-654
3414
1395842
3
33
25
2317
-621
3441
1396867
22
32
38
2281
-592
3460
1397892
16
30
44
2298
-580
3444
1398917
-17
19
64
2317
-483
3411
1399942
-79
-14
67
2318
-473
3436
1400967
-225
-109
71
2335
-528
3385
1401992
-347
-160
44
2179
-994
3393
1403017
-147
-97
-97
2421
-1047
3903
1404042
45
5
-120
2329
-838
3831
1405067
234
110
-152
2177
-790
3136
1406092
314
132
-144
2246
-693
2891
1407117
78
39
-32
2335
-266
2991
1408142
-277
-62
44
2361
-379
3276
1409167
-381
-128
97
2250
-495
3589
1401984
-409
-112
99
2236
-725
3722
1403009
-268
-30
83
2194
-795
3564
1404034
-126
-7
42
2226
-794
3444
1405059
-137
6
-17
2321
-791
3523
1406084
-166
49
-60
2401
-885
3531
1407109
-224
52
-42
2404
-696
3341
1408134
-316
38
-10
2339
-739
3201
1409159
-251
42
-12
2340
-749
3205
1410184
-166
32
-25
2351
-842
3266
1411209
-43
17
-14
2322
-902
3358
1412234
62
17
-4
2287
-763
3469
1413259
17
13
-15
2280
-786
3465
1414284
-33
9
-19
2292
-814
3403
1415309
-10
6
-9
2289
-789
3417
1416334
9
-2
-2
2303
-807
3430
1417359
7
-4
8
2314
-826
3422
1410430
23
1
16
2288
-806
3438
1411455
20
2
12
2285
-821
3419
1412480
21
7
4
2288
-834
3400
1413505
30
9
-6
2297
-811
3389
1414530
23
4
-18
2301
-767
3384
1415555
-4
-1
-19
2312
-808
3361
1416580
35
5
-4
2290
-778
3368
1417605
24
-1
-5
2312
-772
3376
1418630
-11
-4
-3
2306
-794
3394
1419655
0
-2
5
2279
-827
3377
1420680
22
2
2
2291
-798
3376
1421705
9
2
-6
2324
-755
3372
1422730
-17
-3
-9
2325
-813
3358
1423755
-2
1
-4
2300
-785
3384
1424780
5
10
1
2274
-792
3381
1425805
2
16
0
2287
-784
3383
1418368
5
17
-1
2306
-817
3414
1419393
12
15
-1
2295
-790
3421
1420418
4
8
-6
2280
-803
3416
1421443
1
1
-7
2282
-793
3407
1422468
13
-2
-3
2282
-758
3415
1423493
4
-5
-1
2292
-768
3414
1424518
-5
-2
5
2277
-777
3394
1425543
-7
-3
6
2282
-788
3372
1426568
6
-2
5
2311
-786
3384
1427593
11
1
6
2307
-768
3379
1428618
-2
8
5
2281
-768
3367
1429643
5
15
4
2291
-769
3379
1430668
15
24
8
2294
-766
3369
1431693
11
33
12
2287
-737
3373
1432718
-15
30
13
2297
-789
3377
1433743
-9
29
17
2283
-788
3406
1426560
6
29
16
2268
-778
3418
1427585
-3
34
12
2266
-782
3419
1428610
-13
37
14
2271
-783
3413
1429635
-13
38
14
2271
-795
3393
1430660
3
38
15
2267
-783
3414
1431685
8
38
15
2253
-767
3432
1432710
-3
38
15
2260
-784
3455
1433735
-8
37
17
2252
-793
3456
1434760
-1
34
16
2241
-791
3425
1435785
-3
29
12
2246
-782
3431
1436810
-5
26
15
2243
-794
3452
1437835
-3
25
18
2255
-796
3453
1438860
0
29
20
2238
-773
3448
1439885
-11
34
21
2223
-794
3436
1440910
-5
34
21
2228
-804
3431
1441935
11
32
21
2231
-787
3471
1434752
8
26
17
2232
-794
3486
1435777
-2
18
15
2232
-783
3481
1436802
0
12
15
2204
-796
3476
1437827
4
4
16
2208
-792
3478
1438852
5
-2
15
2230
-801
3492
1439877
4
-5
16
2206
-796
3474
1440902
-5
-9
15
2219
-807
3440
1441927
-8
-11
14
2240
-807
3443
1442952
-6
-2
15
2226
-802
3403
1443977
-8
11
10
2238
-814
3360
1445002
-7
22
6
2239
-821
3395
1446027
-7
29
5
2222
-833
3432
1447052
1
36
3
2230
-817
3435
1448077
3
40
2
2217
-796
3442
1449102
-9
39
4
2211
-789
3458
1450127
-11
39
5
2224
-801
3461
1442945
-1
40
18
2214
-773
3468
1443970
-11
26
22
2220
-754
3474
1444995
-50
-2
38
2248
-684
3462
1446020
-226
-82
57
2195
-543
3326
1447045
-136
-122
-16
2068
-1221
3429
1448070
137
-171
-133
2386
-989
3868
1449095
155
-129
-93
2229
-854
3832
1450120
181
-39
-124
2192
-826
3449
1451145
133
-21
-145
2211
-748
3203
1452170
-4
-24
-111
2261
-733
3437
1453195
-21
16
-37
2253
-638
3481
1454220
50
59
18
2227
-727
3266
1455245
45
54
68
2178
-576
3168
1456270
-56
-16
86
2164
-679
3298
1457295
-128
-104
107
2188
-817
3525
1458320
-166
-142
107
2236
-848
3626
1451135
-90
-103
98
2258
-828
3609
1452160
-60
-49
96
2289
-754
3464
1453185
-102
1
101
2261
-819
3299
1454210
-60
57
46
2232
-848
3328
1455235
21
62
-21
2321
-861
3450
1456260
15
41
-26
2295
-919
3439
1457285
24
41
-23
2251
-907
3401
1458310
42
37
-31
2250
-871
3394
1459335
30
41
-36
2241
-835
3432
1460360
21
31
-40
2233
-827
3502
1461385
20
16
-31
2241
-835
3492
1462410
74
18
-17
2221
-748
3455
1463435
67
10
-18
2220
-713
3433
1464460
12
-6
-12
2247
-756
3415
1465485
20
-3
5
2233
-777
3450
1466510
33
-1
9
2229
-762
3451
1459328
4
-7
0
2245
-805
3433
1460353
9
-11
0
2231
-810
3445
1461378
28
-8
-4
2225
-782
3442
1462403
16
-5
-8
2242
-781
3428
1463428
2
0
-5
2243
-781
3426
1464453
5
-2
-3
2241
-771
3454
1465478
6
-4
-3
2243
-774
3455
1466503
11
-3
-1
2227
-755
3450
1467528
4
-1
-4
2231
-757
3444
1468553
-9
-2
-3
2255
-789
3421
1469578
18
-2
7
2225
-751
3457
1470603
5
-4
4
2240
-759
3444
1471628
-13
-1
3
2238
-793
3427
1472653
10
3
4
2215
-803
3440
1473678
14
2
0
2246
-790
3452
1474703
3
0
3
2245
-800
3469
1467520
12
-1
5
2223
-771
3458
1468545
2
-5
2
2236
-770
3435
1469570
-3
-6
1
2233
-781
3451
1470595
5
-7
0
2230
-767
3446
1471620
-16
-9
-4
2255
-777
3422
1472645
-21
-3
4
2245
-758
3369
1473670
-10
9
11
2257
-750
3343
1474695
-11
27
14
2262
-770
3366
1475720
-19
46
17
2241
-791
3384
1476745
-6
62
14
2230
-805
3413
1477770
7
69
15
2221
-806
3433
1478795
17
70
11
2202
-761
3503
1479820
4
63
-1
2193
-763
3554
1480845
-7
52
-2
2175
-754
3582
1481870
11
35
8
2160
-717
3602
1482895
5
8
15
2181
-741
3601
1475711
-6
-18
28
2169
-764
3589
1476736
-3
-42
35
2169
-789
3570
1477761
-3
-67
29
2191
-822
3557
1478786
2
-84
23
2205
-824
3512
1479811
-3
-94
14
2216
-807
3460
1480836
-14
-95
5
2226
-802
3401
1481861
-10
-85
-1
2251
-797
3367
1482886
-5
-68
-1
2264
-775
3353
1483911
-15
-53
-5
2260
-788
3350
1484936
-23
-38
-6
2253
-792
3368
1485961
-15
-22
-7
2251
-824
3382
1486986
-8
-10
-8
2250
-832
3417
1488011
-9
-4
-11
2239
-820
3433
1489036
-27
-11
-21
2256
-846
3447
1490061
-17
-18
-27
2236
-829
3495
1491086
-1
-27
-29
2226
-800
3485
1483905
-1
-37
-27
2228
-769
3480
1484930
-7
-45
-21
2245
-750
3478
1485955
-11
-55
-13
2256
-768
3456
1486980
4
-68
-7
2250
-779
3446
1488005
8
-80
-7
2264
-773
3444
1489030
-10
-87
-6
2281
-790
3368
1490055
2
-89
-1
2281
-779
3340
1491080
12
-93
-1
2310
-785
3390
1492105
-4
-89
4
2323
-767
3409
1493130
-13
-75
14
2320
-787
3372
1494155
-1
-62
26
2335
-787
3347
1495180
42
-58
53
2307
-730
3409
1496205
37
-50
60
2302
-631
3394
1497230
-62
-50
47
2311
-662
3335
1498255
-106
-82
42
2317
-691
3370
1499280
-163
-138
65
2394
-725
3292
1492096
-108
-86
83
2322
-1195
3295
1493121
340
54
-8
2473
-871
3626
1494146
666
199
-84
2291
-993
3311
1495171
862
257
-151
2207
-1144
3101
1496196
788
237
-171
2298
-694
3328
1497221
398
161
-127
2287
-396
3277
1498246
-85
59
-96
2222
-367
3293
1499271
-268
-22
-63
2130
-410
3400
1500296
-291
-119
-21
2134
-342
3593
1501321
-387
-220
9
2216
-466
3845
1502346
-316
-237
31
2263
-595
3796
1503371
-129
-200
45
2234
-622
3695
1504396
-89
-169
56
2304
-688
3555
1505421
-167
-130
81
2357
-802
3348
1506446
-196
-64
84
2412
-648
3157
1507471
-228
-38
59
2448
-639
3083
1500287
-222
-44
52
2386
-880
3133
1501312
-117
-35
32
2411
-957
3170
1502337
-6
2
6
2364
-924
3257
1503362
74
31
-27
2339
-820
3393
1504387
44
52
-56
2335
-757
3393
1505412
-3
54
-62
2337
-745
3384
1506437
5
53
-59
2322
-747
3416
1507462
22
50
-53
2345
-676
3427
1508487
0
35
-34
2334
-721
3395
1509512
47
25
-8
2285
-665
3447
1510537
28
8
-1
2301
-653
3484
1511562
-12
0
10
2306
-711
3456
1512587
-8
-5
18
2317
-742
3408
1513612
0
-16
14
2331
-772
3406
1514637
1
-23
10
2336
-787
3379
1515662
11
-23
7
2335
-739
3351
1508481
-5
-24
-2
2336
-758
3339
1509506
0
-15
-5
2334
-739
3335
1510531
8
-4
-7
2346
-735
3333
1511556
12
8
-2
2338
-726
3342
1512581
10
15
-3
2336
-710
3345
1513606
5
17
-4
2333
-747
3378
1514631
22
19
-1
2325
-726
3410
1515656
16
17
-4
2327
-722
3409
1516681
13
16
1
2309
-738
3419
1517706
25
13
5
2310
-704
3408
1518731
8
7
2
2327
-710
3388
1519756
4
5
5
2322
-730
3397
1520781
10
2
6
2306
-721
3380
1521806
-1
-7
0
2333
-739
3389
1522831
4
-11
1
2328
-726
3403
1523856
4
-12
2
2319
-703
3366
1516672
-11
-13
4
2321
-718
3361
1517697
9
-8
10
2324
-699
3381
1518722
17
0
8
2325
-702
3373
1519747
4
2
7
2328
-719
3388
1520772
6
-1
6
2318
-736
3413
1521797
9
-7
3
2320
-736
3422
1522822
5
-12
1
2317
-738
3423
1523847
3
-18
-3
2316
-731
3413
1524872
-1
-22
-1
2327
-711
3397
1525897
5
-23
1
2328
-701
3383
1526922
5
-23
6
2319
-686
3373
1527947
-4
-24
9
2324
-716
3371
1528972
-3
-23
10
2347
-712
3382
1529997
2
-19
12
2330
-723
3362
1531022
0
-19
10
2333
-717
3339
1532047
-3
-21
8
2347
-719
3345
1524864
1
-21
12
2333
-717
3366
1525889
0
-18
10
2334
-726
3390
1526914
4
-16
9
2334
-734
3387
1527939
13
-17
12
2329
-725
3360
1528964
11
-23
14
2343
-716
3362
1529989
12
-31
18
2338
-712
3436
1531014
9
-31
23
2333
-691
3449
1532039
9
-24
25
2323
-711
3403
1533064
17
-17
24
2342
-718
3343
1534089
3
-10
22
2359
-689
3339
1535114
-15
-9
30
2355
-698
3344
1536139
1
-7
30
2347
-745
3360
1537164
13
1
17
2348
-760
3376
1538189
-1
4
14
2349
-751
3370
1539214
-7
4
10
2341
-744
3364
1540239
-6
4
7
2341
-713
3369
1533056
-16
2
2
2352
-724
3381
1534081
-29
4
11
2377
-684
3358
1535106
-65
6
36
2389
-691
3342
1536131
-115
-10
83
2409
-598
3412
1537156
-369
-62
128
2408
-422
3405
1538181
-561
-28
78
2221
-958
3359
1539206
-300
45
-60
2436
-851
3651
1540231
-108
79
-77
2283
-1252
3147
1541256
243
110
-121
2293
-1231
3358
1542281
309
171
-115
2361
-699
3245
1543306
45
125
-82
2331
-648
3300
1544331
-83
105
-32
2228
-552
3188
1545356
-47
74
7
2162
-603
3135
1546381
-120
-24
61
2214
-631
3377
1547406
-456
-168
155
2210
-554
3556
1548431
-835
-301
193
2320
-836
3831
1541247
-697
-260
180
2327
-1090
3851
1542272
-197
-157
149
2223
-1174
3560
1543297
6
-82
127
2290
-932
3264
1544322
-162
-36
92
2348
-830
3018
1545347
-167
-19
9
2421
-1140
3053
1546372
16
-8
-46
2517
-1117
3133
1547397
29
4
-39
2433
-1139
3067
1548422
23
18
-51
2407
-1151
3043
1549447
80
20
-60
2399
-1076
3167
1550472
152
20
-65
2368
-1063
3302
1551497
266
36
-61
2323
-1003
3364
1552522
369
50
-60
2334
-898
3364
1553547
372
45
-55
2356
-823
3386
1554572
327
35
-37
2325
-780
3439
1555597
240
26
-30
2321
-738
3442
1556622
54
9
-26
2345
-767
3442
1549593
-47
-3
-2
2322
-847
3436
1550618
-19
-11
8
2329
-849
3407
1551643
3
-20
6
2331
-853
3345
1552668
7
-31
1
2349
-873
3342
1553693
19
-33
-1
2346
-844
3345
1554718
10
-32
-5
2360
-846
3290
1555743
1
-28
-5
2368
-870
3286
1556768
15
-15
-2
2352
-840
3301
1557793
17
-4
-8
2356
-859
3301
1558818
23
7
-6
2347
-841
3316
1559843
16
9
-8
2366
-822
3318
1560868
7
11
-6
2357
-831
3333
1561893
17
14
-3
2339
-819
3349
1562918
17
11
-2
2335
-822
3356
1563943
14
9
-3
2348
-824
3392
1564968
3
7
0
2338
-825
3387
1557632
6
2
6
2322
-834
3369
1558657
16
-4
4
2351
-824
3371
1559682
16
-7
7
2347
-815
3369
1560707
3
-12
9
2342
-817
3331
1561732
5
-11
15
2345
-819
3324
1562757
4
-10
15
2350
-802
3324
1563782
-6
-5
14
2356
-859
3301
1564807
9
3
11
2351
-862
3336
1565832
-4
6
1
2350
-868
3335
1566857
-11
4
-2
2353
-863
3329
1567882
10
2
-4
2343
-816
3343
1568907
9
1
-6
2339
-812
3353
1569932
5
2
1
2341
-805
3366
1570957
1
5
10
2333
-799
3364
1571982
1
4
14
2332
-828
3355
1573007
-4
-3
12
2349
-859
3356
1565824
-4
-11
12
2354
-848
3371
1566849
-6
-16
6
2345
-840
3360
1567874
-6
-13
2
2338
-839
3337
1568899
-1
-9
4
2340
-823
3314
1569924
-3
-5
6
2353
-820
3322
1570949
-6
2
10
2354
-820
3330
1571974
-11
8
11
2337
-842
3326
1572999
-12
11
9
2350
-853
3336
1574024
-8
14
9
2343
-849
3329
1575049
-4
13
6
2333
-831
3349
1576074
-2
15
6
2347
-828
3357
1577099
0
15
10
2338
-825
3367
1578124
-6
9
9
2327
-820
3375
1579149
-7
4
11
2333
-832
3385
1580174
0
1
17
2332
-829
3367
1581199
-2
-5
20
2325
-840
3355
1574016
-10
-12
14
2346
-852
3370
1575041
-10
-12
14
2340
-854
3351
1576066
0
-13
11
2331
-850
3338
1577091
-4
-13
4
2344
-853
3338
1578116
-6
-9
3
2344
-845
3318
1579141
3
-7
2
2345
-828
3339
1580166
5
0
2
2335
-825
3363
1581191
5
3
7
2325
-830
3348
1582216
0
0
9
2339
-827
3342
1583241
-7
-7
10
2344
-838
3371
1584266
-7
-13
9
2337
-859
3406
1585291
-6
-11
7
2322
-857
3374
1586316
1
-11
4
2321
-840
3348
1587341
4
-14
2
2346
-838
3369
1588366
-1
-12
5
2349
-828
3360
1589391
-9
-12
6
2341
-827
3327
1582209
-12
-10
4
2353
-842
3317
1583234
-20
2
9
2381
-832
3299
1584259
-51
14
15
2394
-804
3282
1585284
-171
-29
12
2429
-596
3304
1586309
-435
-180
22
2362
-906
3316
1587334
-271
-276
-11
2237
-1674
3823
1588359
379
8
-169
2617
-1092
4117
1589384
603
291
-130
2200
-808
2886
1590409
384
243
-121
2196
-663
2559
1591434
16
126
-79
2396
-635
2820
1592459
-112
13
-11
2465
-631
3281
1593484
-157
-2
23
2274
-628
3443
1594509
-265
-27
53
2140
-597
3470
1595534
-452
-108
72
2223
-703
3638
1596559
-468
-174
83
2276
-877
3698
1597584
-257
-185
64
2290
-1010
3633
1590399
-8
-155
44
2358
-1043
3559
1591424
24
-89
41
2358
-935
3352
1592449
-87
-18
2
2436
-899
3081
1593474
-112
-37
-12
2448
-975
3092
1594499
-35
-62
-29
2436
-1106
3087
1595524
89
-40
-43
2429
-1012
3106
1596549
131
-6
-50
2405
-895
3190
1597574
50
12
-61
2432
-876
3232
1598599
12
33
-52
2409
-960
3272
1599624
114
58
-39
2374
-890
3295
1600649
154
61
-43
2370
-825
3292
1601674
138
46
-38
2379
-834
3320
1602699
157
38
-20
2346
-790
3394
1603724
111
21
-14
2368
-778
3440
1604749
32
5
-2
2352
-809
3444
1605774
-1
-12
9
2351
-814
3391
1598592
-10
-28
15
2361
-860
3363
1599617
11
-41
22
2357
-841
3354
1600642
6
-47
16
2385
-838
3325
1601667
-14
-48
10
2394
-866
3298
1602692
-10
-40
9
2382
-870
3264
1603717
2
-29
1
2393
-865
3251
1604742
2
-17
-4
2393
-870
3243
1605767
1
-4
-6
2404
-860
3245
1606792
16
10
-5
2392
-844
3294
1607817
18
18
-6
2377
-831
3307
1608842
6
18
-4
2378
-833
3312
1609867
10
16
1
2379
-820
3343
1610892
8
12
4
2364
-810
3353
1611917
0
3
3
2368
-832
3357
1612942
6
-6
5
2373
-821
3366
1613967
5
-12
8
2373
-832
3350
1606784
-2
-17
8
2384
-840
3326
1607809
-5
-19
8
2378
-843
3302
1608834
0
-20
7
2375
-853
3296
1609859
2
-15
5
2386
-844
3297
1610884
2
-7
2
2381
-842
3291
1611909
6
-2
-1
2378
-843
3306
1612934
3
-4
-1
2383
-829
3326
1613959
-5
-9
-1
2385
-834
3330
1614984
4
-8
3
2383
-818
3317
1616009
7
-8
7
2382
-816
3309
1617034
-3
-10
10
2380
-813
3310
1618059
-11
-11
9
2391
-849
3310
1619084
-5
-13
6
2389
-860
3322
1620109
-4
-17
2
2384
-847
3318
1621134
-10
-17
-4
2381
-842
3297
1622159
-13
-19
-4
2390
-829
3284
1614976
-14
-22
0
2399
-822
3297
1616001
-2
-21
7
2393
-818
3317
1617026
2
-20
12
2372
-831
3325
1618051
0
-18
13
2386
-809
3324
1619076
-1
-19
20
2394
-805
3288
1620101
-17
-32
27
2403
-826
3190
1621126
-1
-38
19
2393
-847
3251
1622151
19
-40
5
2394
-842
3415
1623176
35
-42
1
2383
-961
3410
1624201
130
-46
14
2386
-879
3300
1625226
91
-50
10
2410
-793
3264
1626251
48
-66
9
2425
-836
3254
1627276
53
-62
14
2441
-840
3307
1628301
72
-34
21
2402
-804
3379
1629326
72
-17
35
2421
-737
3272
1630351
42
11
38
2432
-778
3143
1623169
32
30
45
2412
-777
3230
1624194
17
32
44
2433
-836
3315
1625219
41
40
41
2419
-838
3349
1626244
44
45
37
2368
-787
3353
1627269
-9
46
28
2393
-789
3270
1628294
-31
52
26
2392
-797
3278
1629319
-19
48
27
2394
-815
3321
1630344
-8
46
31
2416
-806
3309
1631369
-30
49
41
2411
-778
3238
1632394
-130
-16
64
2429
-616
3237
1633419
-302
-176
113
2385
-723
3265
1634444
-348
-395
129
2290
-1173
3460
1635469
126
-219
-22
2559
-1321
3985
1636494
444
178
-64
2517
-906
3582
1637519
470
345
5
2263
-777
2590
1638544
232
275
-5
2295
-540
2487
1631360
-124
69
29
2477
-851
3035
1632385
-138
-16
98
2426
-938
3689
1633410
-47
105
135
2270
-746
3787
1634435
9
201
118
2255
-851
3526
1635460
109
180
108
2240
-851
3287
1636485
285
269
67
2245
-954
3518
1637510
388
296
42
2383
-344
3410
1638535
67
226
80
2323
-473
3193
1639560
-171
177
63
2305
-960
3219
1640585
-77
122
42
2320
-1107
3361
1641610
37
94
30
2231
-876
3427
1642635
-7
56
-8
2167
-925
3464
1643660
-2
37
-46
2258
-902
3491
1644685
56
61
-33
2275
-771
3450
1645710
42
96
-12
2261
-729
3333
1646735
-29
144
3
2297
-734
3193
1639552
-57
203
22
2265
-799
3130
1640577
-18
233
40
2210
-852
3200
1641602
31
250
36
2209
-867
3402
1642627
60
275
25
2167
-803
3601
1643652
71
282
6
2095
-809
3666
1644677
56
270
-16
2085
-883
3581
1645702
86
254
-30
2070
-844
3569
1646727
147
211
-24
2052
-785
3674
1647752
245
182
-8
2034
-774
3721
1648777
264
172
7
1986
-684
3681
1649802
189
151
1
1971
-735
3640
1650827
110
129
-6
2014
-729
3671
1651852
75
108
3
2015
-707
3716
1652877
50
75
11
1991
-737
3712
1653902
5
52
7
1977
-758
3722
1654927
-10
39
12
1938
-762
3712
1647744
-7
15
7
1970
-720
3650
1648769
-32
-5
-10
2039
-666
3576
1649794
-65
-17
-20
2060
-657
3519
1650819
-68
-17
-18
2070
-698
3510
1651844
-18
12
6
2027
-716
3506
1652869
14
45
26
1987
-694
3482
1653894
-3
68
33
1994
-699
3503
1654919
-27
89
32
2006
-770
3564
1655944
-12
108
30
1983
-801
3665
1656969
13
118
32
1958
-759
3683
1657994
-10
121
24
1947
-756
3620
1659019
-50
111
12
1947
-798
3588
1660044
-39
103
9
1943
-759
3650
1661069
-26
96
5
1929
-855
3696
1662094
-2
92
-13
1914
-874
3705
1663119
2
93
-22
1905
-804
3686
1655936
3
85
-22
1897
-737
3674
1656961
19
74
-14
1914
-692
3655
1657986
25
93
-2
1931
-624
3634
1659011
35
114
29
1864
-543
3638
1660036
69
85
71
1855
-545
3688
1661061
70
73
100
1863
-616
3703
1662086
75
66
115
1911
-624
3659
1663111
64
70
119
1902
-703
3673
1664136
37
75
111
1847
-827
3737
1665161
15
68
94
1842
-903
3762
1666186
0
63
66
1850
-938
3762
1667211
-5
59
34
1833
-856
3715
1668236
-13
52
-3
1811
-943
3708
1669261
10
53
-33
1805
-902
3720
1670286
-4
48
-51
1815
-799
3725
1671311
-18
40
-69
1820
-794
3767
1664129
-7
31
-75
1814
-715
3789
1665154
-13
22
-70
1811
-659
3716
1666179
-33
13
-59
1801
-643
3705
1667204
-39
2
-40
1820
-589
3743
1668229
-45
4
-21
1849
-646
3735
1669254
-24
16
-4
1822
-670
3751
1670279
-22
15
10
1803
-631
3693
1671304
-65
14
23
1832
-667
3604
1672329
-68
25
32
1872
-744
3642
1673354
-9
54
47
1841
-759
3718
1674379
34
74
58
1796
-726
3722
1675404
17
65
60
1802
-718
3721
1676429
-1
54
66
1795
-779
3743
1677454
11
49
75
1782
-757
3775
1678479
15
49
81
1764
-728
3777
1679504
10
43
76
1765
-793
3746
1672320
4
23
67
1782
-778
3764
1673345
-3
11
62
1778
-790
3763
1674370
14
7
61
1769
-771
3744
1675395
54
4
58
1787
-805
3674
1676420
101
11
62
1798
-809
3672
1677445
131
25
64
1783
-846
3641
1678470
128
42
51
1812
-790
3623
1679495
67
67
34
1785
-755
3639
1680520
15
89
19
1786
-785
3668
1681545
3
116
13
1771
-790
3677
1682570
4
133
9
1741
-756
3716
1683595
16
137
3
1732
-757
3789
1684620
36
134
5
1691
-729
3878
1685645
55
116
13
1662
-703
3831
1686670
49
102
21
1685
-663
3834
1687695
59
92
30
1670
-708
3861
1680511
47
80
39
1650
-659
3905
1681536
0
61
34
1666
-719
3891
1682561
-8
45
33
1686
-720
3842
1683586
3
31
36
1650
-739
3827
1684611
-1
14
16
1722
-753
3774
1685636
30
-72
-1
1540
-784
3769
1686661
49
-154
25
1770
-719
3708
1687686
50
67
22
1692
-712
3869
1688711
0
48
66
1692
-776
3756
1689736
7
57
76
1655
-751
3799
1690761
35
68
51
1617
-712
3912
1691786
25
-24
25
1651
-745
3847
1692811
33
-95
85
1651
-743
3808
1693836
72
-134
135
1629
-773
3856
1694861
90
-179
123
1672
-757
3853
1695886
82
-196
163
1768
-661
3776
1688756
56
-108
154
1729
-650
3843
1689781
19
-73
89
1710
-747
3859
1690806
49
-168
95
1686
-828
3810
1691831
116
-265
137
1641
-740
3823
1692856
90
-280
74
1723
-712
3837
1693881
-22
-259
-90
1866
-598
3809
1694906
-196
-224
-112
1890
-675
3703
1695931
