Device = VHR-0009
time_stamp = 1779865943506
sample_rate = 50
Data format = INT16
TYPE = 6-AXIS IMU RAW DATA
5
5
-9
697
-1470
3978
3818732
15
6
-3
679
-1431
3961
3819757
-1
4
-1
668
-1430
3965
3820782
-13
2
-2
663
-1443
3981
3821807
-8
5
0
680
-1465
3980
3822832
-4
5
-2
697
-1451
3982
3823857
-19
2
-6
691
-1435
3956
3824882
-40
3
-10
671
-1439
3935
3825907
-32
7
-12
663
-1478
3976
3826932
-4
12
-8
667
-1457
3986
3827957
3
11
0
687
-1416
3966
3828982
-16
6
5
696
-1436
3946
3830007
-29
5
5
688
-1482
3976
3831032
-20
6
2
677
-1492
3990
3832057
-15
7
-3
682
-1476
3981
3833082
-29
-2
-9
696
-1469
3983
3834107
-38
-7
-7
691
-1475
3956
3826817
-23
-7
-4
660
-1501
3975
3827842
11
-4
-1
650
-1453
3987
3828867
6
-1
0
665
-1405
3966
3829892
-22
-3
-2
682
-1433
3953
3830917
-19
-1
1
674
-1487
3940
3831942
13
4
7
682
-1490
3981
3832967
18
2
16
701
-1455
3980
3833992
7
-3
16
700
-1467
3966
3835017
-7
-5
10
682
-1476
3958
3836042
-14
-5
2
662
-1487
3963
3837067
-4
0
0
667
-1489
3966
3838092
13
0
3
670
-1468
3974
3839117
16
-1
9
673
-1436
3965
3840142
-4
-2
9
680
-1458
3957
3841167
-8
-1
5
686
-1478
3976
3842192
9
0
5
675
-1474
3973
3835008
8
0
12
659
-1434
3962
3836033
-8
-2
16
681
-1423
3950
3837058
-10
-1
19
693
-1473
3949
3838083
4
-1
20
690
-1520
3972
3839108
21
-3
16
693
-1519
3985
3840133
1
-5
4
674
-1499
4000
3841158
-18
-5
-4
652
-1490
3987
3842183
-11
-5
-6
655
-1473
3972
3843208
-3
-6
-1
683
-1432
3961
3844233
-11
-5
7
681
-1433
3949
3845258
-24
0
4
673
-1460
3953
3846283
-15
4
2
686
-1503
3951
3847308
7
6
8
670
-1477
3948
3848333
-3
7
11
641
-1467
3962
3849358
-19
8
5
645
-1517
3970
3850383
-14
9
0
670
-1520
3961
3843201
-13
7
-3
687
-1485
3939
3844226
-20
6
-12
690
-1496
3966
3845251
-18
8
-18
662
-1512
3992
3846276
-11
7
-16
660
-1501
3980
3847301
-3
3
-13
690
-1453
3980
3848326
-14
-1
-8
683
-1446
3977
3849351
-21
-3
-8
653
-1484
3961
3850376
-6
-3
-10
643
-1474
3994
3851401
0
-1
-7
665
-1437
3976
3852426
-5
-4
0
672
-1445
3950
3853451
0
-6
5
667
-1480
3954
3854476
10
-2
12
668
-1485
3956
3855501
5
0
13
673
-1489
3967
3856526
1
-4
6
687
-1520
3982
3857551
5
-5
-3
681
-1512
3968
3858576
-1
-2
-9
655
-1489
3940
3851391
-2
-3
-7
659
-1483
3960
3852416
-2
-1
-5
681
-1455
3955
3853441
-6
1
-5
683
-1458
3944
3854466
0
6
-3
662
-1448
3950
3855491
0
6
1
649
-1456
3964
3856516
-1
9
9
669
-1456
3966
3857541
-6
10
15
683
-1456
3958
3858566
-9
11
23
676
-1446
3957
3859591
-7
8
31
652
-1452
3994
3860616
-47
11
33
664
-1559
3928
3861641
-65
24
46
687
-1466
3914
3862666
-11
33
89
656
-1276
4018
3863691
-44
-2
105
651
-1369
4075
3864716
-116
13
116
670
-1529
3855
3865741
-146
46
128
618
-1536
3827
3866766
-178
2
130
579
-1429
4108
3859584
-243
-47
119
651
-1524
4249
3860609
-349
-49
102
582
-1633
4123
3861634
-432
-82
68
601
-1727
3878
3862659
-465
-92
62
707
-1749
3729
3863684
-418
-60
64
667
-1761
3776
3864709
-367
-52
27
651
-1810
3903
3865734
-315
-32
-6
663
-1848
3883
3866759
-205
-5
-24
652
-1765
3718
3867784
-130
-11
-18
682
-1754
3722
3868809
-174
16
-18
704
-1584
3759
3869834
-495
80
-21
694
-1282
3575
3870859
-583
25
-54
667
-2141
3845
3871884
-595
-40
-142
447
-2477
4668
3872909
-561
-80
-269
582
-2135
4299
3873934
-207
-84
-67
993
-1400
3405
3874959
-213
4
84
569
-1785
2809
3867776
-238
136
151
672
-2097
2938
3868801
285
219
234
679
-2345
3508
3869826
537
179
163
553
-2138
4555
3870851
43
-13
-32
531
-2082
4937
3871876
-203
-120
-129
820
-1856
3675
3872901
-186
-130
-58
656
-1777
3203
3873926
-214
-97
-26
550
-1968
3565
3874951
-83
-40
-14
648
-1926
3789
3875976
29
-14
17
618
-1895
3885
3877001
-16
-20
18
697
-1937
3776
3878026
-66
-22
13
722
-1939
3667
3879051
-58
-18
9
682
-1960
3670
3880076
0
-22
9
651
-2014
3714
3881101
48
-15
18
639
-1968
3825
3882126
11
-5
18
634
-2014
3807
3883151
-27
2
0
655
-2017
3693
3875968
-11
-11
-5
664
-2022
3680
3876993
30
-9
6
678
-2014
3748
3878018
2
5
1
720
-2035
3693
3879043
49
41
-4
699
-2039
3625
3880068
87
47
-11
665
-1901
3709
3881093
8
42
-23
651
-1964
3791
3882118
-1
50
-24
631
-2021
3828
3883143
107
42
-4
620
-1929
3817
3884168
145
11
12
654
-1842
3829
3885193
60
-3
18
658
-1940
3798
3886218
33
-4
29
639
-1964
3795
3887243
65
-17
40
623
-1935
3824
3888268
55
-34
35
636
-1957
3808
3889293
11
-44
21
640
-1986
3791
3890318
2
-44
11
650
-1977
3795
3891343
27
-31
3
640
-1963
3768
3884160
59
-30
3
664
-1912
3745
3885185
33
-38
9
699
-1871
3751
3886210
-23
-38
8
688
-1936
3719
3887235
8
-22
7
647
-1953
3718
3888260
63
3
8
643
-1919
3695
3889285
96
20
15
669
-1907
3698
3890310
50
26
14
711
-1871
3690
3891335
-43
39
11
690
-1886
3689
3892360
-50
53
14
636
-1928
3780
3893385
-18
59
17
615
-1922
3812
3894410
-20
53
17
622
-1895
3837
3895435
-44
52
24
620
-1877
3781
3896460
-67
55
41
621
-1874
3762
3897485
-19
57
57
610
-1873
3899
3898510
50
57
74
579
-1855
3975
3899535
45
0
103
591
-1812
3943
3892353
-11
-63
130
595
-1836
3911
3893378
-54
-85
124
580
-2027
3814
3894403
-42
-94
109
595
-2133
3788
3895428
2
-97
83
639
-2128
3735
3896453
14
-89
54
672
-2046
3671
3897478
-10
-67
31
643
-2052
3679
3898503
-42
-44
8
640
-2024
3645
3899528
-58
-24
-9
642
-1971
3642
3900553
-56
0
-20
639
-1999
3702
3901578
-16
23
-28
643
-2013
3742
3902603
30
31
-24
637
-1942
3751
3903628
30
28
-17
651
-1875
3755
3904653
-11
37
-13
628
-1918
3749
3905678
-34
29
-10
596
-1966
3822
3906703
-22
12
-6
596
-1980
3840
3907728
-19
11
-11
649
-1957
3769
3900545
-22
24
-12
644
-1963
3701
3901570
-25
28
-13
631
-1961
3742
3902595
-46
28
-12
610
-1979
3752
3903620
-72
34
-17
627
-1995
3683
3904645
-82
62
-17
667
-2009
3625
3905670
-127
104
-16
659
-1905
3686
3906695
-263
125
-39
628
-1873
3756
3907720
-452
53
-73
594
-1802
3808
3908745
-781
-48
-121
213
-2215
4372
3909770
-503
-52
-175
651
-2548
4150
3910795
119
-37
14
799
-2017
3328
3911820
346
10
97
436
-2131
2582
3912845
470
203
140
847
-1843
2920
3913870
38
189
168
598
-2106
4369
3914895
-296
-24
-1
378
-2636
5171
3915920
111
-154
-126
712
-2146
3901
3908736
239
-142
-59
608
-1435
3151
3909761
-113
-120
-6
454
-1731
3472
3910786
-317
-98
26
558
-2113
3868
3911811
-279
-93
37
614
-2052
3892
3912836
-244
-81
47
704
-2132
3487
3913861
-129
14
42
756
-2288
3191
3914886
31
96
52
694
-2249
3337
3915911
129
81
40
672
-2155
3832
3916936
161
41
35
546
-1996
4183
3917961
71
-20
34
468
-2087
4097
3918986
-18
-54
27
543
-2147
3683
3920011
-43
-67
33
587
-2147
3498
3921036
-9
-64
35
619
-2137
3645
3922061
15
-47
23
667
-2155
3737
3923086
15
-19
15
691
-2214
3556
3924111
22
4
18
657
-2167
3504
3916927
29
4
12
593
-1988
3625
3917952
-6
-2
15
567
-2023
3820
3918977
-43
13
10
586
-2234
3803
3920002
-5
12
14
615
-2108
3624
3921027
8
0
21
608
-2020
3619
3922052
9
-8
23
605
-2008
3725
3923077
-20
-8
24
622
-2127
3784
3924102
-18
-11
26
607
-2221
3690
3925127
19
-12
28
586
-2142
3665
3926152
-2
8
14
609
-2031
3651
3927177
-110
54
-12
639
-2098
3519
3928202
-136
41
-4
635
-2275
3545
3929227
-81
32
1
608
-2156
3721
3930252
-92
24
-9
564
-2094
3906
3931277
-108
5
-14
565
-2156
3870
3932302
-75
-26
0
596
-2098
3673
3925120
-76
-48
15
572
-2106
3618
3926145
-98
-53
20
560
-2208
3691
3927170
-35
-45
29
564
-2235
3708
3928195
56
-50
34
617
-2130
3644
3929220
74
-69
42
639
-2070
3638
3930245
-7
-64
40
629
-2134
3634
3931270
-40
-46
42
583
-2240
3635
3932295
46
-56
49
599
-2210
3650
3933320
69
-63
39
659
-2178
3618
3934345
-32
-43
21
697
-2187
3547
3935370
-90
-14
22
631
-2224
3580
3936395
-17
1
14
600
-2254
3622
3937420
47
15
-4
630
-2169
3625
3938445
3
14
-13
648
-2136
3646
3939470
-40
16
-12
616
-2198
3638
3940495
-4
26
-9
605
-2240
3615
3933312
46
24
1
622
-2126
3654
3934337
16
14
1
628
-2108
3671
3935362
-18
13
-7
605
-2168
3672
3936387
12
13
-12
576
-2215
3731
3937412
40
-2
-10
609
-2149
3737
3938437
5
-16
-4
640
-2087
3676
3939462
-56
-18
-8
631
-2142
3603
3940487
-58
-17
-16
612
-2204
3623
3941512
-7
-24
-12
611
-2190
3673
3942537
-2
-28
-4
619
-2119
3657
3943562
-42
-18
-3
634
-2146
3550
3944587
-61
5
-7
640
-2176
3509
3945612
-39
21
-9
659
-2223
3596
3946637
-77
67
-20
721
-2075
3429
3947662
-310
143
-30
772
-1957
3317
3948687
-604
57
-58
275
-2550
4613
3941503
-715
-101
-260
317
-2735
5005
3942528
-404
-82
-107
890
-1775
3208
3943553
-472
-95
-89
659
-2400
2164
3944578
-267
68
-73
848
-2373
2777
3945603
-14
276
88
687
-2323
3273
3946628
288
238
115
528
-2600
3790
3947653
439
109
83
550
-2134
4185
3948678
168
-35
38
448
-2066
4033
3949703
-100
-92
6
642
-2371
3526
3950728
-73
-75
19
627
-2370
3471
3951753
-99
-41
26
584
-2407
3446
3952778
-71
-14
19
617
-2342
3421
3953803
-39
-18
24
635
-2265
3534
3954828
-46
-1
36
628
-2319
3600
3955853
-4
52
56
552
-2367
3596
3956878
70
25
54
575
-2370
3577
3949696
70
4
41
583
-2326
3560
3950721
59
48
49
565
-2413
3431
3951746
152
32
55
586
-2387
3573
3952771
108
6
36
633
-2230
3698
3953796
-77
9
23
550
-2363
3665
3954821
-139
-19
11
526
-2411
3709
3955846
-250
-57
-13
591
-2385
3686
3956871
-323
-43
-19
586
-2369
3450
3957896
-282
-15
-23
559
-2375
3365
3958921
-204
-17
-43
574
-2445
3533
3959946
-85
-19
-31
595
-2448
3543
3960971
46
-23
-23
622
-2333
3490
3961996
60
-25
-18
590
-2310
3472
3963021
44
-36
-5
576
-2334
3525
3964046
48
-42
13
566
-2396
3534
3965071
91
-30
28
616
-2343
3459
3957892
73
9
30
615
-2401
3381
3958917
46
26
10
629
-2499
3482
3959942
45
18
-8
600
-2428
3671
3960967
36
1
-23
606
-2473
3655
3961992
53
-9
-36
589
-2421
3527
3963017
70
-23
-40
579
-2375
3515
3964042
95
-29
-28
596
-2323
3579
3965067
50
-28
-25
591
-2280
3603
3966092
-30
-38
-30
621
-2318
3561
3967117
-61
-36
-31
640
-2346
3519
3968142
-90
-16
-28
638
-2373
3437
3969167
-85
-1
-17
631
-2377
3478
3970192
-33
-9
-25
641
-2363
3578
3971217
12
-19
-26
592
-2376
3557
3972242
58
-18
-6
599
-2331
3499
3973267
51
-13
-3
630
-2280
3524
3966080
-16
-5
-6
656
-2308
3510
3967105
-16
16
3
632
-2378
3499
3968130
65
7
18
618
-2367
3592
3969155
88
-14
17
626
-2304
3657
3970180
19
-18
15
662
-2331
3531
3971205
-9
20
30
616
-2386
3333
3972230
47
11
46
587
-2293
3507
3973255
52
-23
46
612
-2234
3744
3974280
-8
-35
54
631
-2326
3678
3975305
-28
-42
46
651
-2401
3549
3976330
-35
-46
35
592
-2420
3490
3977355
66
-48
35
596
-2433
3482
3978380
177
-48
40
651
-2361
3531
3979405
104
-43
30
669
-2233
3576
3980430
-72
-31
22
626
-2239
3568
3981455
-173
-8
16
628
-2393
3425
3974272
-103
6
13
636
-2431
3445
3975297
-62
21
-1
650
-2349
3508
3976322
-111
46
-6
680
-2340
3489
3977347
-270
98
-16
760
-2087
3632
3978372
-528
108
-19
544
-2389
3602
3979397
-593
0
-87
99
-2976
3939
3980422
301
-58
-110
668
-2861
3662
3981447
583
12
53
967
-1627
3239
3982472
-115
75
42
564
-2479
2588
3983497
-150
212
35
785
-2629
2721
3984522
180
267
64
591
-2602
3480
3985547
227
132
39
351
-2314
4671
3986572
-28
-82
-42
454
-2360
4497
3987597
-67
-171
-45
677
-2265
3521
3988622
-89
-167
21
523
-2079
3134
3989647
-228
-128
36
537
-2475
3199
3982464
-79
-84
40
616
-2571
3489
3983489
68
-62
50
607
-2323
3645
3984514
52
-52
44
668
-2403
3439
3985539
14
-29
36
667
-2434
3289
3986564
0
19
26
612
-2550
3297
3987589
73
42
16
609
-2467
3474
3988614
101
34
11
599
-2424
3666
3989639
97
11
8
582
-2418
3652
3990664
110
6
-2
615
-2453
3443
3991689
96
-3
-3
581
-2331
3522
3992714
34
-17
-4
566
-2313
3665
3993739
-37
-28
-1
599
-2373
3584
3994764
-58
-19
4
655
-2434
3405
3995789
19
-1
17
595
-2270
3425
3996814
27
12
27
512
-2306
3564
3997839
26
13
31
542
-2348
3622
3990656
40
-15
31
645
-2369
3593
3991681
17
-34
32
667
-2412
3514
3992706
-3
-32
38
636
-2424
3487
3993731
-6
-28
29
592
-2429
3494
3994756
-20
-18
11
578
-2434
3464
3995781
-48
2
-11
599
-2440
3424
3996806
-33
17
-24
608
-2423
3484
3997831
-5
24
-28
603
-2400
3529
3998856
0
25
-24
608
-2318
3520
3999881
-35
28
-20
622
-2350
3480
4000906
-19
36
-19
586
-2388
3508
4001931
33
34
-18
548
-2410
3621
4002956
78
24
-11
550
-2384
3621
4003981
111
12
2
589
-2323
3553
4005006
116
0
11
631
-2341
3534
4006031
96
-3
15
606
-2352
3596
3998848
44
-14
15
569
-2333
3647
3999873
-23
-25
10
578
-2358
3547
4000898
-33
-21
3
601
-2393
3459
4001923
-12
-10
-4
610
-2381
3515
4002948
-4
-5
-6
582
-2383
3573
4003973
9
-6
-7
587
-2372
3549
4004998
12
-9
-10
593
-2342
3536
4006023
-14
-7
-12
605
-2345
3546
4007048
-28
-5
-13
602
-2391
3547
4008073
-12
-6
-13
599
-2377
3544
4009098
2
-10
-15
598
-2345
3560
4010123
-3
-3
-19
596
-2337
3523
4011148
11
-1
-11
586
-2335
3553
4012173
17
-13
-3
596
-2308
3622
4013198
2
-22
4
600
-2292
3606
4014223
-11
-30
13
594
-2351
3553
4007039
19
-36
20
613
-2355
3520
4008064
15
-37
22
649
-2332
3544
4009089
-31
-27
18
653
-2356
3492
4010114
-58
-11
9
620
-2391
3437
4011139
-50
12
-2
597
-2395
3483
4012164
-58
46
-13
623
-2413
3480
4013189
-109
75
-27
657
-2375
3525
4014214
-294
59
-2
637
-2090
3651
4015239
-403
69
-41
536
-2428
3340
4016264
-268
26
-98
298
-2650
3539
4017289
183
41
-66
818
-2617
3578
4018314
-155
-4
52
623
-1910
3843
4019339
-485
30
32
569
-2995
3397
4020364
77
193
83
597
-2569
2894
4021389
406
49
94
376
-2465
3759
4022414
171
-106
-15
805
-2380
3929
4015232
-28
-107
17
596
-1906
3478
4016257
-254
-92
58
438
-2288
3328
4017282
-294
-64
49
585
-2660
3310
4018307
-65
0
44
625
-2665
3238
4019332
123
32
39
619
-2449
3372
4020357
74
31
29
634
-2362
3493
4021382
-21
18
26
581
-2504
3653
4022407
-10
-4
19
525
-2456
3682
4023432
-25
-19
16
534
-2463
3494
4024457
-14
-21
9
559
-2539
3422
4025482
26
-19
8
588
-2467
3461
4026507
17
-17
10
602
-2453
3469
4027532
-5
-14
0
587
-2504
3481
4028557
7
-7
-9
558
-2504
3490
4029582
33
1
-13
575
-2479
3443
4030607
50
-3
-12
611
-2409
3467
4023425
16
0
-7
582
-2409
3477
4024450
4
6
0
544
-2467
3513
4025475
40
3
2
561
-2478
3517
4026500
82
-5
7
586
-2408
3491
4027525
90
-13
11
587
-2383
3509
4028550
64
-9
8
544
-2422
3529
4029575
74
-7
6
527
-2438
3543
4030600
139
-15
20
583
-2413
3498
4031625
177
-25
40
645
-2342
3467
4032650
100
-16
51
631
-2354
3460
4033675
15
-2
47
586
-2436
3491
4034700
10
1
32
569
-2451
3546
4035725
22
-1
17
577
-2445
3534
4036750
27
-3
10
564
-2443
3476
4037775
11
-2
13
560
-2409
3489
4038800
-23
3
4
559
-2385
3541
4031684
-27
4
-4
567
-2425
3605
4032709
16
0
-8
584
-2430
3550
4033734
42
-9
-5
601
-2333
3504
4034759
0
-14
4
592
-2334
3507
4035784
-46
1
6
554
-2431
3441
4036809
2
19
10
543
-2412
3486
4037834
27
12
9
570
-2369
3586
4038859
1
5
7
600
-2392
3527
4039884
23
5
10
566
-2408
3497
4040909
31
2
2
525
-2387
3613
4041934
-4
-1
-5
548
-2438
3613
4042959
26
-8
2
569
-2381
3561
4043984
40
-25
8
577
-2324
3561
4045009
-27
-25
6
585
-2392
3480
4046034
-40
-15
10
571
-2426
3463
4047059
8
-13
13
574
-2356
3566
4039808
-16
-14
1
584
-2382
3547
4040833
-38
1
-3
571
-2427
3469
4041858
-24
6
-4
551
-2448
3485
4042883
-21
6
-16
594
-2438
3471
4043908
-11
24
-23
602
-2434
3454
4044933
-2
32
-29
574
-2378
3529
4045958
-16
29
-32
566
-2357
3576
4046983
-32
26
-27
562
-2388
3525
4048008
-12
20
-21
564
-2390
3530
4049033
5
25
-18
573
-2358
3521
4050058
1
36
-4
573
-2359
3499
4051083
-11
39
4
567
-2357
3520
4052108
-38
44
0
579
-2394
3513
4053133
-51
72
-9
616
-2311
3577
4054158
-104
85
-15
500
-2297
3719
4055183
-254
-26
-53
471
-2644
3628
4048000
-80
-70
-93
368
-2710
3576
4049025
276
-97
-130
582
-2439
3624
4050050
222
-49
-3
909
-1959
3532
4051075
-212
59
84
496
-2335
2866
4052100
-128
204
117
567
-2734
2756
4053125
125
156
110
436
-2395
4054
4054150
-45
-45
29
500
-2409
4459
4055175
-78
-125
3
563
-2340
3651
4056200
-44
-145
16
526
-2291
3222
4057225
-91
-108
19
575
-2450
3188
4058250
-43
-51
33
572
-2423
3379
4059275
-34
-6
34
582
-2408
3473
4060300
-82
-2
20
577
-2412
3482
4061325
-117
-13
10
565
-2457
3554
4062350
-118
7
6
554
-2533
3504
4063375
-50
17
5
553
-2483
3456
4056191
-16
-10
8
543
-2449
3572
4057216
-37
-32
6
542
-2549
3649
4058241
15
-45
3
562
-2510
3525
4059266
43
-52
6
571
-2401
3417
4060291
3
-33
1
582
-2414
3318
4061316
-24
-11
4
599
-2476
3371
4062341
-29
1
-3
581
-2496
3506
4063366
-15
0
-12
589
-2544
3491
4064391
18
-6
-9
567
-2445
3459
4065416
9
0
-10
569
-2434
3401
4066441
-20
46
-15
569
-2509
3310
4067466
36
51
-11
552
-2441
3540
4068491
29
23
-9
556
-2381
3698
4069516
-31
-9
-10
592
-2447
3644
4070541
-41
-32
-11
542
-2463
3563
4071566
-19
-38
-12
520
-2466
3459
4064384
11
-36
-5
550
-2438
3407
4065409
15
-46
7
604
-2402
3479
4066434
-44
-38
4
626
-2523
3451
4067459
-48
-16
-2
613
-2525
3412
4068484
-6
-19
-9
576
-2497
3527
4069509
14
-35
-9
558
-2441
3545
4070534
10
-44
-2
562
-2425
3480
4071559
-12
-23
-2
559
-2429
3407
4072584
10
8
3
567
-2456
3345
4073609
31
-8
11
612
-2369
3513
4074634
-48
-19
17
608
-2456
3541
4075659
-38
-33
13
596
-2496
3581
4076684
12
-38
15
584
-2536
3461
4077709
56
-9
25
601
-2496
3246
4078734
57
-5
26
590
-2387
3443
4079759
-46
-13
12
589
-2493
3609
4072577
-56
-30
-2
593
-2532
3586
4073602
-2
-43
-6
622
-2485
3473
4074627
39
-36
-12
643
-2454
3370
4075652
41
-22
-7
607
-2437
3405
4076677
16
-7
1
561
-2469
3471
4077702
16
-8
5
564
-2444
3517
4078727
4
-23
11
620
-2422
3525
4079752
-23
-29
11
651
-2489
3473
4080777
0
-23
11
618
-2490
3426
4081802
28
-20
10
575
-2452
3464
4082827
17
-22
6
587
-2447
3489
4083852
-3
-20
6
609
-2479
3482
4084877
3
-19
3
616
-2522
3488
4085902
30
-21
-1
613
-2465
3486
4086927
18
-20
-8
623
-2447
3449
4087952
6
-12
-7
635
-2435
3435
4080769
11
-15
-2
621
-2426
3466
4081794
-7
-15
3
641
-2416
3439
4082819
-47
-5
6
646
-2436
3403
4083844
-51
7
6
608
-2465
3429
4084869
-2
10
5
612
-2485
3486
4085894
20
15
3
619
-2514
3463
4086919
37
17
5
591
-2433
3483
4087944
6
13
3
593
-2419
3506
4088969
-29
15
-1
612
-2504
3480
4089994
-9
19
-3
627
-2488
3451
4091019
-17
26
-7
665
-2407
3456
4092044
-172
66
-32
650
-2223
3496
4093069
-568
17
-77
580
-2268
3683
4094094
-544
-37
-79
471
-3134
3502
4095119
101
-66
-86
368
-2743
3570
4096144
492
-39
-36
916
-2388
3311
4088961
12
-13
61
695
-1859
3145
4089986
-417
90
56
646
-2720
2824
4091011
-194
195
72
623
-2711
3182
4092036
-55
76
68
399
-2601
4272
4093061
-169
-102
-17
577
-2725
4217
4094086
-88
-154
-21
681
-2513
3454
4095111
-37
-166
13
588
-2270
2983
4096136
-170
-143
30
630
-2470
3013
4097161
-219
-63
34
648
-2724
3166
4098186
-107
9
32
645
-2765
3294
4099211
55
13
18
637
-2631
3460
4100236
66
-3
0
663
-2557
3436
4101261
9
-11
-6
656
-2594
3375
4102286
-11
-4
-9
610
-2602
3319
4103311
-11
4
-10
580
-2621
3356
4104336
6
7
-1
624
-2633
3359
4097151
33
-3
4
674
-2586
3399
4098176
-9
-19
1
660
-2525
3466
4099201
-48
-28
-5
605
-2628
3408
4100226
3
-30
-15
579
-2625
3342
4101251
31
-18
-15
661
-2603
3282
4102276
35
-6
-10
747
-2565
3261
4103301
1
4
4
684
-2531
3298
4104326
-35
19
3
591
-2625
3397
4105351
-3
29
-10
574
-2660
3416
4106376
53
18
-10
590
-2613
3435
4107401
54
-2
-12
604
-2538
3418
4108426
0
-5
-11
596
-2561
3393
4109451
-4
-14
-9
580
-2626
3470
4110476
32
-38
-9
640
-2619
3469
4111501
52
-56
-11
692
-2531
3417
4112526
16
-48
-12
697
-2535
3319
4105344
-7
-31
-18
641
-2537
3309
4106369
-8
-25
-22
649
-2553
3370
4107394
11
-17
-11
661
-2548
3327
4108419
19
-8
4
660
-2488
3299
4109444
-27
0
8
640
-2542
3312
4110469
-21
16
13
637
-2608
3353
4111494
33
28
18
649
-2621
3349
4112519
56
27
22
682
-2554
3370
4113544
6
13
15
690
-2569
3452
4114569
-39
3
3
651
-2646
3447
4115594
-2
-7
-1
613
-2625
3472
4116619
45
-22
-9
626
-2600
3509
4117644
61
-36
-14
644
-2551
3455
4118669
33
-56
-3
653
-2486
3441
4119694
-5
-77
6
636
-2545
3449
4120719
21
-90
15
613
-2556
3460
4113536
49
-94
18
656
-2573
3408
4114561
41
-92
15
705
-2520
3314
4115586
-12
-81
16
722
-2498
3278
4116611
-61
-63
17
702
-2515
3316
4117636
-76
-49
13
700
-2607
3330
4118661
-59
-33
6
750
-2618
3246
4119686
-31
-4
2
726
-2578
3188
4120711
-37
30
-3
688
-2552
3246
4121736
-76
51
-8
659
-2563
3348
4122761
-106
56
-8
667
-2578
3378
4123786
-71
54
-7
674
-2604
3329
4124811
-22
63
-10
651
-2599
3359
4125836
19
61
-5
612
-2566
3495
4126861
27
37
-3
621
-2561
3519
4127886
25
12
4
666
-2546
3435
4128911
12
-7
16
677
-2535
3402
4121729
-17
-23
24
675
-2593
3423
4122754
-7
-36
32
677
-2627
3437
4123779
18
-48
29
680
-2587
3401
4124804
4
-44
18
697
-2584
3302
4125829
-19
-22
12
674
-2588
3262
4126854
-9
-11
12
648
-2584
3295
4127879
11
-1
10
655
-2599
3297
4128904
21
11
9
675
-2594
3290
4129929
16
28
8
673
-2592
3292
4130954
-1
49
4
683
-2575
3320
4131979
-3
62
-11
730
-2614
3390
4133004
48
71
-4
729
-2406
3555
4134029
-108
6
71
545
-2461
3512
4135054
-96
-41
-35
308
-3221
3298
4136079
710
-29
-159
700
-3077
3371
4137104
635
21
-51
951
-1901
3569
4129920
-179
30
-58
715
-2710
3219
4130945
-152
140
-51
783
-2490
3050
4131970
21
117
-12
531
-2313
3473
4132995
-29
-48
-20
459
-2280
4111
4134020
-24
-118
-3
722
-2255
3727
4135045
-155
-101
75
690
-2217
3164
4136070
-309
-101
105
641
-2447
3103
4137095
-330
-72
105
697
-2602
3197
4138120
-240
-6
108
673
-2773
3230
4139145
-83
35
79
656
-2861
3338
4140170
24
36
40
674
-2733
3393
4141195
27
41
17
693
-2669
3329
4142220
18
49
2
657
-2649
3328
4143245
-22
19
-19
656
-2576
3476
4144270
-83
-1
-14
627
-2621
3557
4145295
-12
-20
-5
611
-2678
3449
4138113
42
-37
-11
632
-2520
3353
4139138
-11
-44
-12
650
-2552
3303
4140163
-18
-26
-8
669
-2634
3268
4141188
29
-17
9
652
-2586
3401
4142213
57
-34
21
652
-2544
3473
4143238
32
-52
18
693
-2558
3444
4144263
-20
-60
6
677
-2602
3363
4145288
-34
-58
0
644
-2618
3330
4146313
-31
-66
2
632
-2594
3367
4147338
-43
-68
2
676
-2608
3363
4148363
-91
-64
-12
694
-2670
3302
4149388
-111
-45
-24
704
-2678
3224
4150413
-54
5
-29
713
-2715
3124
4151438
73
28
-25
680
-2593
3268
4152463
65
24
-19
686
-2507
3405
4153488
-8
24
-18
692
-2570
3360
4146303
-21
16
-12
677
-2577
3374
4147328
-18
10
-13
670
-2604
3391
4148353
36
10
-10
679
-2639
3348
4149378
89
-1
-4
695
-2563
3411
4150403
21
-17
-7
695
-2537
3434
4151428
-55
-19
-13
671
-2633
3317
4152453
-13
-5
-7
686
-2634
3247
4153478
41
-3
-15
689
-2573
3302
4154503
-8
-7
-29
688
-2619
3350
4155528
-19
-3
-33
691
-2676
3395
4156553
49
-8
-33
677
-2655
3448
4157578
130
-12
-30
716
-2658
3347
4158603
207
-10
-22
739
-2514
3297
4159628
192
-9
-9
708
-2414
3352
4160653
62
-18
-5
705
-2448
3451
4161678
-35
-27
0
695
-2551
3476
4154497
-34
-34
6
713
-2557
3384
4155522
-11
-34
7
724
-2530
3302
4156547
-30
-27
2
706
-2546
3339
4157572
-60
-17
-2
677
-2594
3450
4158597
-33
-16
-1
695
-2643
3393
4159622
8
-21
-3
766
-2546
3296
4160647
-24
-18
-3
764
-2535
3248
4161672
-37
-1
2
698
-2571
3289
4162697
3
9
1
678
-2559
3404
4163722
-1
13
-3
708
-2564
3383
4164747
5
16
2
731
-2526
3324
4165772
-2
20
9
740
-2542
3290
4166797
-15
31
16
727
-2582
3326
4167822
-19
30
20
713
-2568
3432
4168847
-29
20
17
705
-2576
3422
4169872
-41
16
9
710
-2571
3377
4162688
-45
29
-9
756
-2620
3376
4163713
-130
36
-14
717
-2322
3549
4164738
-405
-32
17
614
-2618
3482
4165763
-239
-77
-58
494
-3171
3416
4166788
399
-61
-121
681
-2938
3168
4167813
674
73
22
1037
-1987
3070
4168838
69
135
86
580
-2317
2908
4169863
-149
136
57
788
-2675
3235
4170888
-39
149
46
682
-2689
3480
4171913
2
23
40
443
-2420
4156
4172938
-113
-118
-6
663
-2535
3869
4173963
-170
-139
17
780
-2356
3195
4174988
-296
-109
52
665
-2485
3057
4176013
-356
-69
41
684
-2703
3111
4177038
-245
-20
45
686
-2728
3249
4178063
-70
5
50
685
-2735
3376
4170880
28
-16
45
733
-2609
3378
4171905
-23
-22
37
732
-2631
3321
4172930
-67
-7
32
677
-2730
3279
4173955
-50
-14
26
646
-2717
3330
4174980
-32
0
19
662
-2748
3261
4176005
-7
-2
14
692
-2672
3230
4177030
-41
-15
1
728
-2630
3273
4178055
-76
-8
-2
691
-2679
3334
4179080
-38
-17
-8
644
-2725
3388
4180105
6
-35
-18
672
-2733
3317
4181130
47
-16
-10
714
-2695
3110
4182155
47
17
-5
721
-2623
3089
4183180
-11
31
-3
711
-2604
3225
4184205
-25
37
-7
692
-2744
3343
4185230
46
40
-12
668
-2733
3393
4186255
103
32
-14
667
-2618
3380
4179072
76
13
-11
674
-2566
3371
4180097
6
-4
-11
670
-2590
3395
4181122
-15
-20
0
650
-2646
3408
4182147
23
-30
8
655
-2643
3353
4183172
51
-34
14
679
-2639
3317
4184197
32
-43
6
698
-2627
3328
4185222
-4
-39
4
727
-2671
3268
4186247
19
-35
9
697
-2647
3272
4187272
40
-36
12
713
-2627
3303
4188297
32
-32
7
726
-2668
3295
4189322
36
-4
6
731
-2672
3180
4190347
51
8
5
702
-2596
3240
4191372
21
8
0
703
-2606
3345
4192397
7
8
-3
704
-2703
3379
4193422
59
7
-4
688
-2674
3355
4194447
114
9
0
689
-2660
3247
4187264
151
13
3
674
-2591
3291
4188289
134
15
4
699
-2518
3386
4189314
61
19
4
706
-2595
3376
4190339
63
6
6
664
-2623
3413
4191364
45
-9
2
673
-2606
3396
4192389
0
-10
-5
712
-2588
3376
4193414
-18
-11
-12
709
-2569
3375
4194439
-13
-15
-16
685
-2568
3403
4195464
-13
-17
-17
687
-2588
3344
4196489
6
-13
-6
692
-2558
3296
4197514
21
-5
6
682
-2521
3301
4198539
8
0
9
687
-2550
3365
4199564
-13
-1
6
715
-2617
3401
4200589
-4
-5
0
727
-2628
3368
4201614
8
-5
-5
710
-2607
3334
4202639
9
-5
-5
680
-2578
3351
4195457
3
-8
-2
676
-2565
3397
4196482
-9
-10
4
706
-2549
3390
4197507
-23
-13
9
736
-2539
3334
4198532
-25
-11
12
712
-2575
3289
4199557
0
-8
14
674
-2605
3363
4200582
10
-6
13
676
-2594
3391
4201607
-11
-2
10
707
-2577
3335
4202632
-18
13
8
706
-2615
3262
4203657
21
24
10
678
-2604
3330
4204682
19
14
7
693
-2573
3445
4205707
-16
1
3
722
-2585
3421
4206732
-15
-7
2
711
-2586
3337
4207757
9
-4
2
685
-2560
3297
4208782
-2
7
7
690
-2526
3315
4209807
-12
25
11
754
-2533
3350
4210832
-7
58
22
721
-2429
3427
4203648
-301
-31
45
637
-2531
3608
4204673
-171
-73
9
429
-3089
3533
4205698
477
-71
-42
630
-2784
3223
4206723
580
-3
30
1086
-2087
3101
4207748
-17
61
81
639
-2324
2770
4208773
-268
174
58
843
-2831
2703
4209798
-75
305
85
727
-2740
3074
4210823
-44
204
65
424
-2392
4156
4211848
-368
-1
-17
490
-2707
4416
4212873
-242
-54
-39
629
-2823
3655
4213898
-57
-83
-8
621
-2411
3225
4214923
-233
-99
4
634
-2468
3039
4215948
-324
-43
25
665
-2753
2992
4216973
-130
-27
50
694
-2808
3331
4217998
-24
-46
44
611
-2585
3599
4219023
-46
-60
29
606
-2685
3491
4211840
36
-84
22
675
-2681
3323
4212865
52
-86
18
702
-2623
3170
4213890
-13
-54
19
673
-2691
3068
4214915
-18
-41
25
638
-2692
3246
4215940
-30
-36
19
657
-2717
3329
4216965
-16
-26
7
693
-2691
3254
4217990
9
-17
-1
691
-2679
3231
4219015
26
-2
-7
660
-2694
3213
4220040
40
29
-8
682
-2718
3169
4221065
46
50
-2
673
-2640
3253
4222090
2
28
2
673
-2555
3431
4223115
-55
6
1
657
-2703
3422
4224140
5
-3
2
639
-2738
3343
4225165
59
-12
-1
637
-2661
3320
4226190
29
-29
-5
650
-2580
3355
4227215
-20
-34
1
665
-2649
3348
4220032
-3
-35
7
665
-2700
3321
4221057
28
-29
12
683
-2677
3243
4222082
33
-18
5
694
-2661
3231
4223107
18
-12
2
669
-2640
3310
4224132
-9
-14
-4
653
-2682
3344
4225157
-18
-16
-8
675
-2685
3295
4226182
-1
-4
-7
728
-2641
3189
4227207
15
6
-2
729
-2606
3238
4228232
-1
3
4
682
-2646
3344
4229257
-7
0
4
654
-2660
3363
4230282
1
0
1
654
-2661
3323
4231307
15
5
0
674
-2667
3247
4232332
26
8
0
664
-2641
3289
4233357
-8
-5
1
650
-2654
3382
4234382
-23
-16
-1
652
-2710
3384
4235407
9
-19
-8
692
-2712
3298
4228224
39
-22
-8
695
-2624
3293
4229249
24
-31
-4
682
-2564
3346
4230274
-21
-30
-1
666
-2645
3328
4231299
-3
-20
5
650
-2676
3314
4232324
28
-27
3
687
-2664
3308
4233349
30
-30
0
721
-2621
3301
4234374
6
-25
5
703
-2595
3281
4235399
-7
-14
5
658
-2671
3269
4236424
6
-10
4
668
-2667
3298
4237449
18
-9
2
707
-2637
3310
4238474
21
-3
3
707
-2628
3282
4239499
14
-1
9
677
-2646
3281
4240524
2
-1
10
673
-2680
3319
4241549
0
-1
2
691
-2648
3318
4242574
-10
5
-5
719
-2658
3271
4243599
5
16
-6
694
-2652
3286
4236415
17
10
-4
675
-2629
3366
4237440
4
-1
-4
679
-2617
3363
4238465
-3
-7
-1
680
-2623
3322
4239490
-1
-8
0
672
-2648
3319
4240515
30
-8
4
674
-2641
3341
4241540
31
-13
8
694
-2619
3341
4242565
0
-19
6
700
-2634
3326
4243590
-16
-21
2
698
-2659
3301
4244615
0
-15
0
705
-2660
3284
4245640
13
-10
-3
714
-2635
3282
4246665
-5
-3
-4
712
-2608
3272
4247690
-19
7
-4
689
-2616
3279
4248715
-12
18
-1
659
-2640
3305
4249740
9
26
3
693
-2641
3290
4250765
4
24
5
726
-2617
3302
4251790
-27
35
4
733
-2619
3288
4244611
-31
43
2
677
-2617
3331
4245636
-58
32
-11
699
-2725
3357
4246661
55
66
-18
777
-2638
3362
4247686
1
65
46
575
-2150
3429
4248711
-435
-12
-32
594
-3042
3154
4249736
-20
-4
-55
577
-2919
3217
4250761
305
-1
-60
707
-2612
3391
4251786
60
27
-4
926
-2247
3400
4252811
-333
12
42
623
-2521
3227
4253836
-274
26
48
663
-2881
3120
4254861
-7
113
70
561
-2828
3091
4255886
109
93
108
586
-2534
3544
4256911
-26
3
61
657
-2724
3699
4257936
-148
-30
14
733
-2820
3358
4258961
-144
-68
-2
684
-2726
3216
4259986
-169
-77
-10
609
-2614
3167
4252801
-216
-55
-7
618
-2683
3228
4253826
-143
-31
8
624
-2843
3231
4254851
45
-17
10
658
-2803
3160
4255876
113
-17
7
688
-2629
3203
4256901
41
-10
8
702
-2650
3272
4257926
-5
2
10
696
-2721
3248
4258951
17
6
16
663
-2721
3247
4259976
13
10
12
646
-2752
3224
4261001
16
15
9
646
-2766
3262
4262026
43
8
10
641
-2733
3359
4263051
60
-9
11
650
-2690
3358
4264076
36
-21
8
689
-2696
3269
4265101
16
0
6
687
-2741
3121
4266126
55
12
15
641
-2683
3225
4267151
35
6
18
638
-2630
3335
4268176
-10
0
19
651
-2686
3303
4260991
-4
2
16
650
-2748
3253
4262016
11
3
8
648
-2723
3268
4263041
13
6
8
657
-2743
3276
4264066
22
-3
9
649
-2693
3331
4265091
-6
-15
8
649
-2670
3333
4266116
-25
-17
3
643
-2735
3297
4267141
-7
-18
2
639
-2714
3261
4268166
-1
-21
5
643
-2712
3232
4269191
5
-20
7
658
-2704
3266
4270216
-7
-14
7
678
-2692
3265
4271241
-8
-14
8
655
-2716
3319
4272266
3
-24
3
655
-2731
3323
4273291
6
-30
-3
670
-2706
3265
4274316
1
-32
-4
650
-2651
3270
4275341
-27
-29
-3
633
-2701
3263
4276366
-2
-24
2
657
-2716
3264
4269184
18
-25
5
695
-2682
3245
4270209
0
-20
7
708
-2677
3210
4271234
-25
-15
6
686
-2696
3248
4272259
-32
-8
4
669
-2727
3258
4273284
-2
-1
1
657
-2736
3220
4274309
14
5
-2
655
-2687
3227
4275334
-15
10
-4
683
-2694
3248
4276359
-34
18
-4
691
-2708
3243
4277384
-15
24
0
661
-2725
3275
4278409
16
17
-1
652
-2724
3300
4279434
12
12
-8
674
-2701
3268
4280459
-4
10
-5
670
-2690
3280
4281484
-27
4
-5
648
-2737
3307
4282509
-6
-5
-6
638
-2752
3318
4283534
26
-12
-10
657
-2739
3282
4284559
26
-18
-15
694
-2686
3256
4277376
-6
-19
-15
682
-2649
3272
4278401
-29
-13
-14
669
-2704
3245
4279426
-3
-5
-7
654
-2704
3236
4280451
25
-2
-2
666
-2666
3244
4281476
11
7
1
689
-2660
3226
4282501
-24
13
5
679
-2672
3259
4283526
-30
12
5
649
-2743
3325
4284551
10
6
3
664
-2722
3314
4285576
24
-1
2
681
-2674
3280
4286601
-6
-2
5
671
-2657
3275
4287626
-40
-2
8
659
-2723
3262
4288651
-24
-10
10
644
-2767
3303
4289676
11
-24
4
664
-2738
3302
4290701
22
-31
-2
680
-2679
3264
4291726
2
-27
0
691
-2668
3213
4292751
-8
-15
5
674
-2672
3205
4285568
5
0
5
676
-2704
3220
4286593
13
9
0
685
-2728
3293
4287618
69
17
-8
739
-2639
3465
4288643
-140
-16
34
609
-2464
3481
4289668
-391
-43
-34
609
-2968
3073
4290693
-11
-59
-89
510
-2986
3141
4291718
441
14
-99
961
-2913
3025
4292743
205
116
33
860
-2075
2986
4293768
-294
166
67
629
-2706
2770
4294793
-194
222
103
703
-2810
3104
4295818
-111
152
86
408
-2722
3812
4296843
-145
6
9
578
-2921
3872
4297868
-37
-52
-10
735
-2790
3417
4298893
27
-57
15
656
-2690
3128
4299918
-29
-48
27
597
-2654
3030
4300943
-34
-36
35
594
-2750
3190
4293760
-26
-32
32
613
-2802
3371
4294785
-12
-19
23
651
-2806
3317
4295810
29
-10
8
688
-2766
3170
4296835
4
-32
1
679
-2657
3252
4297860
-82
-36
0
614
-2753
3276
4298885
-35
-46
-1
595
-2817
3292
4299910
44
-50
3
613
-2746
3241
4300935
34
-30
4
682
-2706
3084
4301960
3
-3
2
701
-2726
3087
4302985
0
7
4
671
-2766
3235
4304010
10
10
8
665
-2729
3260
4305035
-3
13
9
637
-2755
3254
4306060
-21
11
-7
632
-2791
3227
4307085
-18
11
-13
631
-2757
3231
4308110
3
8
-6
646
-2713
3271
4309135
12
5
7
664
-2685
3252
4301952
-9
0
5
649
-2736
3254
4302977
-30
-7
4
639
-2742
3265
4304002
-14
-5
9
638
-2810
3232
4305027
40
7
5
652
-2801
3212
4306052
35
8
-1
661
-2705
3247
4307077
-31
-11
-5
645
-2730
3330
4308102
-42
-24
-5
613
-2809
3315
4309127
34
-33
0
611
-2776
3280
4310152
69
-44
7
673
-2705
3242
4311177
32
-43
6
680
-2689
3218
4312202
-17
-39
7
637
-2704
3283
4313227
-5
-49
14
597
-2754
3338
4314252
61
-65
26
653
-2747
3250
4315277
78
-69
33
695
-2647
3195
4316302
15
-62
27
702
-2692
3233
4317327
-24
-53
25
682
-2753
3212
4310144
-6
-40
30
686
-2757
3156
4311169
17
-31
31
682
-2714
3213
4312194
11
-23
23
656
-2731
3283
4313219
3
-16
18
658
-2778
3225
4314244
1
-24
20
676
-2720
3234
4315269
-19
-33
19
694
-2739
3230
4316294
-15
-30
14
691
-2786
3265
4317319
13
-25
12
659
-2795
3255
4318344
37
-29
9
655
-2708
3244
4319369
-6
-40
5
680
-2677
3279
4320394
-55
-43
6
707
-2779
3193
4321419
-23
-35
9
691
-2800
3177
4322444
32
-30
13
667
-2731
3253
4323469
21
-25
7
704
-2680
3204
4324494
-16
-9
7
721
-2711
3143
4325519
-34
8
2
694
-2784
3152
4318336
-18
6
-3
663
-2743
3242
4319361
2
2
-1
677
-2768
3270
4320386
12
5
-6
696
-2729
3220
4321411
-6
11
-11
712
-2698
3197
4322436
-16
14
-8
691
-2748
3203
4323461
-7
15
-4
668
-2752
3230
4324486
-14
12
-5
667
-2745
3254
4325511
-18
19
-8
696
-2757
3216
4326536
-3
34
-12
702
-2752
3134
4327561
19
48
-11
712
-2722
3141
4328586
-3
79
-16
749
-2690
3129
4329611
-21
118
-33
663
-2738
3311
4330636
-180
40
-32
601
-2527
3659
4331661
-178
-3
-35
481
-3050
3227
4332686
236
-57
-125
451
-3116
3273
4333711
499
37
-95
1100
-2726
3138
4326528
106
63
19
683
-2101
2927
4327553
-317
95
32
712
-2853
2928
4328578
-50
223
53
744
-2871
2928
4329603
146
148
93
414
-2653
3872
4330628
-90
-77
8
533
-2809
4331
4331653
-139
-169
-5
767
-2610
3528
4332678
0
-187
36
609
-2565
2941
4333703
-30
-185
30
650
-2622
2917
4334728
-172
-125
8
651
-2807
3099
4335753
-159
-61
24
668
-2795
3188
4336778
-113
-50
40
736
-2686
3092
4337803
-118
-61
42
767
-2688
3143
4338828
-150
-42
35
760
-2832
3175
4339853
-70
9
33
693
-2916
3059
4340878
50
17
23
665
-2823
3140
4341903
25
7
17
652
-2766
3243
4334721
-42
3
10
678
-2835
3184
4335746
-14
12
7
686
-2834
3170
4336771
34
15
0
684
-2807
3202
4337796
53
11
-5
691
-2762
3217
4338821
24
12
-9
686
-2766
3213
4339846
-9
18
-10
662
-2796
3186
4340871
22
11
-2
643
-2787
3239
4341896
45
-3
4
668
-2774
3286
4342921
21
-18
0
685
-2755
3281
4343946
7
-23
0
709
-2764
3156
4344971
21
-11
2
697
-2797
3128
4345996
34
-8
3
663
-2793
3242
4347021
34
-15
5
666
-2757
3282
4348046
14
-25
4
679
-2716
3252
4349071
-21
-28
-1
699
-2770
3196
4350096
3
-15
-2
685
-2806
3134
4342912
42
-9
3
678
-2776
3208
4343937
20
-18
3
678
-2737
3268
4344962
-23
-25
-4
687
-2776
3223
4345987
-18
-20
-5
693
-2791
3175
4347012
24
-5
-8
684
-2789
3171
4348037
47
4
-9
704
-2734
3206
4349062
10
-9
-4
696
-2682
3301
4350087
-36
-26
1
681
-2754
3266
4351112
-20
-34
7
689
-2768
3188
4352137
22
-28
11
694
-2782
3188
4353162
44
-20
3
715
-2800
3221
4354187
27
-22
-2
725
-2717
3234
4355212
-16
-29
-2
697
-2705
3240
4356237
-16
-33
1
666
-2736
3205
4357262
17
-28
8
682
-2751
3176
4358287
22
-19
10
726
-2772
3167
4351103
4
-9
7
749
-2719
3155
4352128
-15
2
5
737
-2760
3161
4353153
9
5
7
696
-2753
3236
4354178
18
-2
8
690
-2753
3245
4355203
3
-5
8
695
-2737
3225
4356228
-20
-3
6
699
-2765
3200
4357253
-14
3
5
696
-2781
3184
4358278
19
2
10
696
-2753
3253
4359303
22
-8
11
711
-2715
3259
4360328
-22
-8
7
719
-2739
3193
4361353
-28
-1
7
688
-2780
3183
4362378
11
-3
10
672
-2772
3248
4363403
33
-13
10
699
-2759
3232
4364428
-1
-13
9
732
-2730
3195
4365453
-30
-3
5
717
-2791
3158
4366478
16
3
4
674
-2783
3260
4359296
32
-10
1
675
-2740
3330
4360321
-1
-25
-4
717
-2699
3267
4361346
-29
-33
-2
722
-2719
3203
4362371
-3
-26
8
700
-2784
3165
4363396
34
-21
17
682
-2740
3202
4364421
-1
-23
13
707
-2744
3225
4365446
-24
-18
4
744
-2779
3152
4366471
8
7
0
752
-2788
3099
4367496
36
37
-1
728
-2749
3103
4368521
10
51
-3
707
-2690
3167
4369546
-30
55
-1
689
-2733
3201
4370571
-16
47
2
693
-2836
3231
4371596
35
45
-2
722
-2742
3242
4372621
9
42
-7
721
-2697
3221
4373646
-43
45
-9
694
-2685
3179
4374671
-75
53
-12
674
-2697
3242
4367488
-96
78
-17
724
-2756
3272
4368513
-110
33
11
666
-2540
3492
4369538
-294
8
-55
619
-2971
3242
4370563
-302
-8
-180
227
-2664
3392
4371588
56
-38
-163
967
-3174
3308
4372613
29
40
7
1033
-2783
2682
4373638
73
238
94
760
-3038
2225
4374663
295
270
115
727
-2832
2874
4375688
170
132
74
353
-2715
4190
4376713
117
-70
-8
431
-2758
4255
4377738
148
-170
-15
825
-2404
3180
4378763
-94
-151
0
700
-2373
2735
4379788
-354
-73
-10
662
-2816
2924
4380813
-282
-11
25
685
-2982
3161
4381838
-70
21
29
677
-2858
3179
4382863
-24
2
13
669
-2693
3268
4375680
-57
-25
20
674
-2763
3366
4376705
-38
-33
29
670
-2833
3263
4377730
-1
-42
36
688
-2812
3183
4378755
-11
-51
26
670
-2858
3156
4379780
-31
-56
19
675
-2823
3168
4380805
-80
-50
16
671
-2789
3133
4381830
-121
-42
4
686
-2837
3118
4382855
-116
-19
-8
686
-2900
3079
4383880
-32
-6
-12
685
-2883
3095
4384905
31
4
-14
701
-2810
3162
4385930
37
5
-9
683
-2773
3176
4386955
-38
2
-6
662
-2790
3139
4387980
-73
9
-5
684
-2905
3136
4389005
-1
6
-5
703
-2859
3179
4390030
28
7
-9
728
-2832
3160
4391055
4
-5
-10
694
-2755
3214
4384052
-51
-20
-7
651
-2790
3249
4385077
-44
-26
-7
634
-2867
3171
4386102
11
-31
0
680
-2799
3139
4387127
13
-32
10
714
-2783
3129
4388152
-18
-17
11
725
-2826
3098
4389177
-30
-15
15
715
-2821
3131
4390202
-14
-24
17
685
-2857
3155
4391227
6
-22
15
681
-2854
3139
4392252
-4
-16
11
698
-2848
3127
4393277
-17
-12
4
707
-2869
3098
4394302
1
-12
0
723
-2862
3121
4395327
22
-11
-1
707
-2823
3147
4396352
13
-2
0
697
-2807
3086
4397377
-10
10
2
686
-2831
3128
4398402
-6
3
3
693
-2870
3205
4399427
8
-7
-1
704
-2872
3177
4392064
12
-16
-7
695
-2800
3145
4393089
-6
-16
-5
697
-2804
3130
4394114
-15
-12
-4
704
-2830
3150
4395139
14
-12
-1
718
-2841
3166
4396164
20
-17
-2
718
-2816
3154
4397189
-4
-16
-2
701
-2802
3131
4398214
-25
-8
3
690
-2838
3094
4399239
-19
-1
8
690
-2862
3136
4400264
14
-5
7
710
-2810
3188
4401289
5
-13
4
704
-2831
3186
4402314
-12
-13
2
702
-2847
3132
4403339
-9
-10
5
698
-2855
3117
4404364
22
-11
6
710
-2877
3143
4405389
40
-18
4
733
-2799
3173
4406414
-3
-19
-2
735
-2804
3150
4407439
-28
-10
-6
707
-2832
3091
4400255
2
-5
1
686
-2820
3115
4401280
18
-7
6
701
-2828
3162
4402305
5
-5
6
721
-2801
3141
4403330
-20
2
6
726
-2823
3115
4404355
-18
5
3
714
-2874
3149
4405380
12
-1
1
701
-2873
3202
4406405
32
-14
1
702
-2793
3195
4407430
-10
-18
-2
713
-2777
3122
4408455
-31
-10
3
703
-2833
3109
4409480
-8
-12
5
704
-2853
3170
4410505
13
-15
3
729
-2835
3140
4411530
5
-15
-2
730
-2798
3113
4412555
-21
-8
-4
719
-2833
3119
4413580
-15
0
-2
713
-2855
3127
4414605
7
4
2
715
-2821
3137
4415630
-7
8
3
730
-2790
3153
4408448
-32
14
4
730
-2807
3143
4409473
-38
15
8
711
-2846
3103
4410498
-29
-6
-4
703
-2772
3212
4411523
-217
-51
-26
724
-2820
3324
4412548
-217
-45
-43
711
-3195
3051
4413573
216
-58
-46
498
-2957
3075
4414598
484
-2
-50
1040
-2768
3058
4415623
51
31
29
748
-2275
2927
4416648
-268
109
28
744
-3017
2723
4417673
-48
280
70
770
-2935
2655
4418698
162
267
114
534
-2640
3436
4419723
-235
55
57
533
-2921
4081
4420748
-252
-55
-5
785
-3056
3531
4421773
-50
-57
-14
674
-2743
2999
4422798
-77
-63
-15
619
-2801
2986
4423823
-115
-52
3
657
-2871
3052
4416641
-86
-37
26
662
-2936
3093
4417666
-13
-43
21
685
-2872
3140
4418691
-22
-50
9
699
-2801
3152
4419716
-45
-54
13
716
-2887
3138
4420741
-24
-44
8
736
-2925
2987
4421766
-5
-18
2
696
-2904
2943
4422791
-21
-13
-3
664
-2888
3087
4423816
-9
-14
2
673
-2930
3172
4424841
25
-15
1
722
-2896
3107
4425866
12
-20
-5
730
-2834
3070
4426891
-31
-15
-12
710
-2860
3037
4427916
-20
4
-8
683
-2897
3067
4428941
20
4
1
671
-2877
3127
4429966
7
11
5
703
-2861
3061
4430991
-12
8
7
707
-2848
3117
4432016
-37
2
3
714
-2932
3149
4424832
-9
-1
-4
704
-2944
3128
4425857
39
-12
-1
674
-2868
3194
4426882
34
-33
2
672
-2852
3204
4427907
18
-51
4
707
-2860
3135
4428932
-5
-55
7
710
-2884
3087
4429957
-6
-60
8
691
-2881
3127
4430982
14
-55
6
717
-2914
3054
4432007
28
-48
5
735
-2854
3042
4433032
1
-47
7
724
-2854
3064
4434057
-9
-42
4
722
-2940
3061
4435082
26
-29
4
745
-2905
3035
4436107
28
-15
-2
775
-2847
3009
4437132
-8
4
-8
766
-2824
2995
4438157
-37
16
-8
717
-2878
3076
4439182
-9
17
-4
671
-2931
3124
4440207
27
13
-2
721
-2873
3097
4433024
2
14
-2
745
-2838
3071
4434049
-23
16
-3
734
-2856
3094
4435074
-16
22
-6
722
-2913
3112
4436099
2
20
-9
718
-2864
3142
4437124
-13
6
-7
697
-2835
3148
4438149
-34
-1
-3
701
-2863
3091
4439174
-15
0
5
718
-2884
3095
4440199
17
0
7
721
-2893
3108
4441224
22
-9
6
723
-2845
3152
4442249
-12
-15
3
724
-2860
3126
4443274
-30
-11
2
715
-2891
3065
4444299
-3
-11
3
705
-2924
3086
4445324
28
-13
1
727
-2900
3096
4446349
9
-11
-1
739
-2838
3064
4447374
-46
-4
-5
742
-2865
3020
4448399
-49
4
-3
726
-2913
3032
4441215
10
12
0
726
-2914
3055
4442240
25
19
-5
738
-2835
3087
4443265
-13
20
-6
714
-2848
3125
4444290
-3
17
-1
707
-2895
3116
4445315
42
12
5
714
-2868
3123
4446340
38
2
6
720
-2808
3172
4447365
-20
-5
5
716
-2849
3141
4448390
-19
-10
12
694
-2917
3117
4449415
24
-22
14
712
-2925
3127
4450440
22
-29
5
744
-2884
3093
4451465
-16
-21
-5
756
-2878
3056
4452490
-31
-15
-14
725
-2868
3087
4453515
-1
-13
-13
697
-2886
3076
4454540
33
-10
-5
704
-2847
3055
4455565
7
-1
-1
728
-2807
3050
4456590
-26
8
3
743
-2832
3068
4449408
-13
20
12
731
-2890
3118
4450433
22
29
15
736
-2885
3127
4451458
14
31
16
714
-2809
3126
4452483
-38
13
15
693
-2853
3151
4453508
-59
-3
10
701
-2944
3130
4454533
-11
-15
-6
769
-2963
3255
4455558
49
-15
9
687
-2648
3419
4456583
-254
-76
-25
598
-2738
3257
4457608
-521
-106
-115
537
-3006
3052
4458633
-263
-122
-133
777
-3232
2836
4459658
52
-7
-8
1208
-2756
2732
4460683
-293
58
75
698
-2700
2420
4461708
-246
120
75
777
-3329
2582
4462733
162
148
73
703
-3040
3065
4463758
181
84
59
532
-2758
3575
4464783
65
-45
18
676
-2875
3615
4457600
-5
-88
9
798
-2932
3068
4458625
-24
-62
43
704
-2831
2745
4459650
-32
-47
39
682
-3032
2883
4460675
41
-38
22
735
-3032
3081
4461700
84
-17
20
739
-2926
3114
4462725
63
-11
13
720
-2917
3040
4463750
28
-17
4
711
-2914
3021
4464775
16
-6
4
729
-3005
3002
4465800
86
18
8
736
-2990
2947
4466825
154
-4
14
728
-2832
3120
4467850
38
-26
6
726
-2825
3209
4468875
-49
-17
3
716
-2964
3051
4469900
26
-8
7
686
-2943
3001
4470925
39
-16
5
698
-2845
3063
4471950
-30
-16
3
739
-2917
3036
4472975
-16
-10
9
744
-2960
3014
4465791
25
-6
11
738
-2900
3027
4466816
11
14
3
733
-2949
2957
4467841
6
22
0
716
-2906
3055
4468866
-10
13
1
712
-2890
3146
4469891
-16
0
0
716
-2936
3139
4470916
-7
-6
-6
716
-2955
3059
4471941
13
-13
-3
721
-2892
3061
4472966
5
-18
-1
712
-2878
3077
4473991
-15
-7
0
723
-2927
3021
4475016
5
-11
5
701
-2897
3114
4476041
-5
-24
0
730
-2924
3124
4477066
-11
-23
-4
755
-2925
3004
4478091
10
-14
2
728
-2860
2993
4479116
-1
-12
5
724
-2880
3047
4480141
-5
-14
8
741
-2943
3045
4481166
12
-10
10
756
-2888
3037
4473984
0
-1
11
739
-2887
3002
4475009
-8
13
11
715
-2909
3009
4476034
-2
17
14
701
-2936
3071
4477059
15
10
9
721
-2940
3093
4478084
19
4
4
736
-2918
3079
4479109
-1
5
0
730
-2934
3024
4480134
7
6
-3
703
-2920
3078
4481159
11
1
-4
709
-2929
3146
4482184
16
-10
-4
710
-2880
3147
4483209
-2
-26
-4
717
-2887
3074
4484234
-4
-31
-1
721
-2908
3039
4485259
20
-31
1
737
-2922
3070
4486284
23
-25
-3
764
-2902
3031
4487309
0
-17
-4
739
-2843
3026
4488334
-30
-10
-3
707
-2870
3020
4489359
-12
1
0
704
-2927
3042
4482176
49
6
6
735
-2918
3039
4483201
57
2
8
753
-2849
3086
4484226
-5
-6
9
760
-2868
3096
4485251
-40
-4
8
743
-2961
3045
4486276
-1
-6
3
710
-2957
3083
4487301
28
-12
-3
720
-2897
3116
4488326
9
-17
-4
743
-2866
3066
4489351
-23
-12
-1
754
-2894
2997
4490376
-23
-7
0
728
-2907
3049
4491401
1
-5
3
740
-2909
3085
4492426
20
-4
3
744
-2870
3048
4493451
-8
0
0
738
-2874
3008
4494476
-25
14
1
732
-2913
3021
4495501
-13
22
2
725
-2927
3084
4496526
7
15
4
739
-2916
3106
4497551
2
2
3
744
-2877
3081
4490367
-20
1
4
738
-2897
3048
4491392
-25
7
2
732
-2922
3026
4492417
-9
8
0
729
-2927
3093
4493442
0
3
-1
734
-2906
3106
4494467
-8
-5
-2
732
-2898
3058
4495492
-21
-3
-5
725
-2891
3040
4496517
-29
6
-7
728
-2923
3103
4497542
-1
-6
-10
730
-2872
3199
4498567
-94
-58
-3
692
-2738
3307
4499592
-162
-88
0
703
-3131
2964
4500617
106
-58
-23
691
-3060
2825
4501642
272
-19
-57
766
-2935
2847
4502667
189
43
-34
1016
-2560
2979
4503692
-265
43
4
699
-2736
2974
4504717
-340
70
-6
750
-3205
2956
4505742
-41
135
25
701
-3015
3016
4498560
105
174
59
688
-2857
3076
4499585
66
97
65
643
-2675
3335
4500610
-188
2
23
771
-3007
3310
4501635
-167
-10
-16
745
-3209
3078
4502660
14
-36
-10
664
-2850
3077
4503685
-3
-50
5
649
-2793
3010
4504710
-15
-40
23
673
-2899
2965
4505735
-6
-29
23
701
-2962
3032
4506760
-9
-45
22
732
-2950
3153
4507785
-35
-59
18
773
-2957
3118
4508810
-34
-52
10
759
-2976
2952
4509835
-5
-37
3
716
-2934
2903
4510860
-17
-13
-5
707
-2965
2904
4511885
15
0
0
731
-2963
2976
4512910
18
2
-1
760
-2936
3054
4513935
-15
1
-5
751
-2923
3050
4506752
-21
8
-5
720
-2914
2978
4507777
10
17
3
699
-2943
2976
4508802
41
28
7
715
-2921
3016
4509827
25
25
13
713
-2920
3083
4510852
-31
9
8
722
-2962
3119
4511877
-37
-6
0
730
-3002
3082
4512902
15
-17
-4
713
-2979
3059
4513927
38
-25
-9
730
-2919
3023
4514952
15
-14
-8
743
-2931
2966
4515977
0
-10
2
733
-2880
3014
4517002
-31
-9
2
724
-2956
3045
4518027
-3
2
1
722
-2973
3010
4519052
40
-1
3
721
-2929
3068
4520077
26
-9
0
742
-2902
3042
4521102
-4
-8
4
740
-2923
3009
4522127
-18
-11
4
705
-2945
3058
4514944
0
-16
2
714
-2946
3051
4515969
21
-14
0
742
-2928
3005
4516994
15
-11
3
747
-2885
3018
4518019
-21
-9
3
745
-2913
3016
4519044
-15
-7
6
723
-2965
3043
4520069
18
-4
5
722
-2975
3023
4521094
30
-7
4
737
-2918
3032
4522119
-3
-11
3
736
-2895
3057
4523144
-26
-3
2
746
-2946
3013
4524169
-5
-6
3
713
-2962
3053
4525194
13
-16
0
727
-2934
3068
4526219
6
-18
1
766
-2910
3009
4527244
-8
-12
7
764
-2905
3002
4528269
-30
-8
5
721
-2938
3034
4529294
-21
-7
1
715
-2979
3039
4530319
17
-5
-3
735
-2940
3015
4523211
18
-3
0
734
-2882
3020
4524236
-15
-3
3
709
-2937
3029
4525261
-7
-3
0
726
-2988
3033
4526286
27
0
-4
763
-2947
3033
4527311
16
-2
-7
764
-2883
3044
4528336
-22
-4
-4
742
-2898
3016
4529361
-12
-1
1
724
-2931
3013
4530386
14
1
6
719
-2940
3051
4531411
1
2
5
736
-2914
3038
4532436
-25
1
2
774
-2920
3003
4533461
-13
4
6
745
-2937
3018
4534486
19
1
9
719
-2927
3071
4535511
4
-3
6
736
-2908
3071
4536536
-17
-1
7
723
-2924
3018
4537561
-21
-2
4
718
-2958
3041
4538586
-7
-6
2
738
-2982
3049
4531328
14
-5
2
760
-2915
3014
4532353
-8
-4
-1
745
-2907
3020
4533378
-18
-5
-2
722
-2943
3049
4534403
9
-5
0
731
-2945
3027
4535428
20
-3
3
740
-2899
3010
4536453
-10
2
7
751
-2887
3001
4537478
-42
7
8
746
-2947
3024
4538503
-12
14
-2
757
-3025
3136
4539528
42
9
10
728
-2709
3361
4540553
-165
-78
58
597
-3032
3245
4541578
-120
-80
-79
736
-3329
2689
4542603
164
-46
-92
693
-2486
2830
4543628
58
5
-52
984
-2921
2790
4544653
-224
73
32
891
-2771
2759
4545678
-315
97
51
638
-3210
2846
4546703
-17
87
31
681
-3188
3150
4539521
108
74
18
686
-2969
3252
4540546
111
57
28
678
-2837
3270
4541571
-13
2
13
708
-2874
3146
4542596
-97
-31
20
767
-3026
2963
4543621
-40
-53
14
758
-2970
2993
4544646
-15
-46
3
681
-2972
2990
4545671
-15
-37
1
690
-2955
3007
4546696
-23
-41
13
744
-2939
3073
4547721
-9
-46
27
724
-2929
3088
4548746
26
-54
23
730
-2973
3015
4549771
15
-57
13
756
-2951
2947
4550796
-8
-48
10
728
-2977
2963
4551821
3
-40
7
738
-3014
2941
4552846
28
-22
8
765
-2985
2915
4553871
22
-13
5
766
-2922
2930
4554896
-16
2
2
761
-2966
2940
4547712
0
22
2
737
-3006
2974
4548737
29
13
4
734
-2941
3091
4549762
19
-4
0
742
-2972
3074
4550787
21
-6
-3
740
-2958
2994
4551812
13
-5
2
726
-2919
3015
4552837
-11
-13
5
743
-2938
3045
4553862
-6
-12
7
765
-3000
2993
4554887
15
-12
6
752
-2947
2987
4555912
-9
-11
2
725
-2948
3011
4556937
-3
-5
3
723
-2994
2994
4557962
10
-4
3
736
-2975
2990
4558987
5
-5
-4
768
-2968
2982
4560012
0
-4
-6
765
-2932
2988
4561037
-19
2
-2
747
-2937
2992
4562062
-15
8
0
733
-2954
3016
4563087
14
1
2
736
-2961
3061
4555903
24
-6
4
754
-2943
3047
4556928
12
-17
8
741
-2928
3038
4557953
-15
-27
7
728
-2959
3037
4558978
-3
-32
5
724
-2987
3049
4560003
28
-38
5
743
-2959
3035
4561028
22
-44
-1
770
-2933
3005
4562053
-5
-37
-1
781
-2940
2937
4563078
-9
-29
6
763
-2935
2954
4564103
2
-22
5
745
-2994
3017
4565128
31
-21
2
753
-2980
3026
4566153
35
-19
-3
787
-2936
2965
4567178
-4
-11
-6
782
-2904
2952
4568203
-35
1
-5
757
-2940
2982
4569228
-10
4
0
749
-2958
3013
4570253
19
0
2
764
-2958
2993
4571278
19
1
6
780
-2920
2961
4564096
-17
7
11
773
-2924
2981
4565121
-33
11
7
759
-2993
3026
4566146
-5
13
-1
760
-3008
3030
4567171
11
10
-6
752
-2933
3021
4568196
-15
9
-9
740
-2934
3015
4569221
-16
6
-6
732
-2979
3025
4570246
20
-1
2
761
-2939
3051
4571271
14
-15
0
782
-2905
3057
4572296
-18
-22
4
778
-2918
3001
4573321
-11
-16
12
747
-2937
2964
4574346
9
-13
12
746
-2970
3004
4575371
12
-11
9
758
-2952
3012
4576396
-3
-7
5
778
-2947
2991
4577421
-9
1
5
781
-2956
2954
4578446
3
4
4
758
-2969
2997
4579471
13
9
5
762
-2959
3017
4572288
15
12
4
768
-2936
2999
4573313
-7
12
0
764
-2921
3013
4574338
-18
9
1
747
-2941
3049
4575363
3
5
6
752
-2969
3035
4576388
28
0
6
761
-2931
3010
4577413
8
-5
7
763
-2924
3021
4578438
-22
-3
12
754
-2966
3006
4579463
-21
3
10
763
-2967
3008
4580488
-16
-2
2
766
-2957
3005
4581513
-3
4
-6
791
-2940
3023
4582538
13
6
11
754
-2775
3229
4583563
-176
-29
12
694
-2977
3149
4584588
-107
-29
-48
691
-3220
2833
4585613
302
-82
-77
530
-2849
3123
4586638
515
-28
-65
1143
-3124
2949
4587663
141
64
31
865
-2613
2501
4580479
-155
143
53
758
-3030
2455
4581504
-35
254
47
831
-3117
2598
4582529
124
257
60
637
-2861
3311
4583554
-168
62
17
513
-2680
4189
4584579
-242
-61
-20
656
-3109
3639
4585604
36
-103
0
722
-2840
3014
4586629
25
-124
7
684
-2802
2832
4587654
-82
-113
0
754
-2914
2871
4588679
-128
-73
25
753
-2990
2981
4589704
-89
-51
29
764
-3039
2991
4590729
-48
-45
4
785
-2993
2987
4591754
-16
-22
-11
774
-3007
2932
4592779
53
-5
-10
763
-2913
2916
4593804
32
15
-6
749
-2871
2942
4594829
-14
20
7
727
-2911
3025
4595854
-18
11
18
741
-2926
3086
4588672
-18
-4
18
743
-2975
3069
4589697
13
-12
12
744
-2983
3022
4590722
34
-8
6
747
-2989
2983
4591747
35
2
2
751
-2975
2979
4592772
15
2
1
735
-2911
3040
4593797
-22
-7
1
739
-2932
3075
4594822
-23
-15
-2
739
-2982
3047
4595847
29
-16
-1
749
-2971
3016
4596872
60
-11
1
774
-2938
2979
4597897
33
1
2
772
-2895
2982
4598922
-24
1
4
738
-2897
3050
4599947
-41
-7
6
710
-2966
3076
4600972
13
-12
9
731
-2984
3032
4601997
63
-11
8
749
-2947
2990
4603022
28
-14
3
760
-2887
3028
4604047
-41
-13
0
762
-2934
3038
4597004
-30
-10
1
757
-2979
3006
4598029
21
-6
2
743
-2961
2992
4599054
41
2
6
740
-2921
2984
4600079
4
5
5
760
-2892
3024
4601104
-37
10
3
760
-2964
3033
4602129
-5
4
0
761
-2975
3058
4603154
28
-6
-1
737
-2950
3044
4604179
33
-14
-3
734
-2914
3034
4605204
11
-16
0
752
-2909
3017
4606229
-13
-17
4
757
-2935
3029
4607254
-2
-20
5
754
-2973
3039
4608279
30
-17
3
750
-2942
3018
4609304
27
-16
0
751
-2890
3018
4610329
-8
-12
-2
764
-2958
3002
4611354
3
-8
1
753
-2951
3010
4612379
3
-7
-1
753
-2922
3026
4605055
-6
-3
-7
752
-2927
3012
4606080
4
-1
-8
746
-2921
3019
4607105
15
2
-1
732
-2947
3027
4608130
12
0
-3
764
-2935
3052
4609155
-3
-7
-5
782
-2921
3080
4610180
-10
-13
-5
778
-2914
3057
4611205
-12
-14
-2
740
-2914
3024
4612230
7
-11
0
726
-2930
3018
4613255
18
-14
4
759
-2910
3046
4614280
8
-14
6
785
-2899
3025
4615305
5
-8
10
783
-2913
2994
4616330
11
-6
14
758
-2947
3021
4617355
26
-7
12
756
-2975
3035
4618380
29
-5
6
769
-2935
3022
4619405
6
-2
0
776
-2910
3008
4620430
-21
-1
-5
750
-2949
3048
4613248
6
-2
-5
756
-2971
3026
4614273
46
-1
-5
772
-2898
3034
4615298
22
-3
-6
782
-2855
3037
4616323
-22
-2
-3
769
-2895
3021
4617348
-14
8
5
738
-2934
3036
4618373
16
12
7
744
-2921
3059
4619398
9
5
4
757
-2892
3083
4620423
-16
-1
2
770
-2918
3045
4621448
-15
-5
4
758
-2950
3041
4622473
5
-12
3
751
-2945
3065
4623498
16
-7
1
774
-2921
3023
4624523
16
16
4
763
-2907
2970
4625548
1
9
7
771
-2856
3049
4626573
-26
6
12
759
-2950
3064
4627598
0
7
9
753
-2964
3054
4628623
13
0
3
754
-2888
3065
4621440
-18
-8
0
758
-2920
3058
4622465
-18
-10
-2
760
-2950
3070
4623490
-14
-4
-1
782
-2903
3099
4624515
3
-46
3
709
-2917
3279
4625540
-34
-130
-6
694
-3058
3263
4626565
151
-133
-24
663
-2973
3041
4627590
228
-135
-66
712
-2823
3009
4628615
224
-70
-53
1103
-2741
2830
4629640
-162
-12
-8
797
-2636
2556
4630665
-315
74
-13
841
-3256
2616
4631690
11
164
-4
791
-3044
2969
4632715
119
176
27
723
-2681
3249
4633740
-57
109
43
697
-2705
3403
4634765
-148
23
37
713
-2986
3349
4635790
-60
-26
14
820
-3071
3126
4636815
-19
-54
-1
817
-2908
3032
4629632
-58
-53
6
718
-2889
3000
4630657
-60
-50
10
715
-2955
3027
4631682
-44
-39
13
757
-2974
3004
4632707
-7
-30
16
792
-2889
3003
4633732
-6
-40
19
823
-2842
3015
4634757
-39
-25
15
830
-2968
2947
4635782
9
17
13
792
-3005
2881
4636807
33
20
7
759
-2913
2971
4637832
-43
14
5
767
-2869
3084
4638857
-96
17
7
747
-2965
3081
4639882
-24
16
6
750
-3001
3007
4640907
48
4
4
761
-2898
3042
4641932
19
-8
5
767
-2901
3065
4642957
-15
-5
4
774
-2984
2988
4643982
-5
2
5
758
-2933
3001
4645007
-5
-3
5
747
-2956
3049
4637824
0
-7
-4
778
-2979
3033
4638849
16
3
-5
788
-2943
2974
4639874
20
2
-4
765
-2878
3035
4640899
-12
-7
-2
744
-2913
3089
4641924
-6
-16
4
760
-2948
3046
4642949
24
-14
8
782
-2922
2993
4643974
18
-4
5
786
-2914
2945
4644999
-11
3
8
761
-2931
3017
4646024
-11
-4
11
754
-2953
3096
4647049
-4
-13
6
776
-2959
3046
4648074
9
-12
-5
786
-2963
2979
4649099
11
4
-11
782
-2958
2938
4650124
16
4
-6
769
-2911
3058
4651149
2
-3
-3
761
-2933
3099
4652174
6
-11
-5
762
-2948
3045
4653199
9
-21
-6
775
-2909
3057
4646015
10
-28
-3
775
-2903
3047
4647040
13
-25
0
784
-2906
3000
4648065
12
-18
4
781
-2898
2995
4649090
4
-16
7
766
-2922
3013
4650115
3
-15
11
778
-2931
3023
4651140
9
-15
12
798
-2955
3011
4652165
24
-11
7
798
-2966
2995
4653190
33
-8
0
791
-2936
3021
4654215
18
-9
-4
785
-2892
3062
4655240
-6
-9
-5
765
-2912
3053
4656265
3
-10
-2
756
-2907
3015
4657290
19
-10
3
786
-2896
2996
4658315
17
4
5
812
-2903
2983
4659340
2
13
9
798
-2899
3034
4660365
-2
6
11
787
-2960
3082
4661390
24
-6
4
772
-2976
3071
4654208
31
-14
-4
773
-2908
3063
4655233
4
-13
-7
779
-2892
3030
4656258
-1
-10
-3
766
-2922
3036
4657283
28
-14
6
780
-2912
3055
4658308
29
-20
6
799
-2860
3068
4659333
-12
-21
4
803
-2876
3023
4660358
-29
-11
3
797
-2926
2959
4661383
6
2
8
770
-2957
2991
4662408
33
2
7
772
-2907
3059
4663433
-2
1
2
791
-2907
3046
4664458
-26
5
-3
804
-2917
3006
4665483
-11
11
-2
801
-2918
2991
4666508
19
16
3
770
-2911
3062
4667533
11
13
3
770
-2925
3077
4668558
-9
7
-1
792
-2907
3078
4669583
-26
-4
-5
806
-2916
3058
4662400
-8
-8
-3
781
-2922
3021
4663425
14
-4
2
765
-2903
3037
4664450
7
-2
3
778
-2907
3046
4665475
-8
-4
2
794
-2888
3031
4666500
-21
-2
3
796
-2905
3009
4667525
3
5
8
782
-2915
3018
4668550
18
9
9
778
-2899
3045
4669575
2
12
6
781
-2889
3033
4670600
-20
14
4
794
-2884
3035
4671625
-35
14
5
776
-2930
3043
4672650
-13
8
9
785
-2942
3038
4673675
15
4
8
789
-2932
3047
4674700
7
6
4
791
-2887
3033
4675725
-28
11
1
775
-2923
3021
4676750
-26
20
3
763
-2924
3046
4677775
1
26
4
763
-2908
3121
4670593
10
27
5
762
-2907
3142
4671618
-32
-23
11
741
-2931
3164
4672643
-9
-47
4
787
-2997
3066
4673668
170
-20
14
742
-2698
2899
4674693
127
-20
-3
664
-2898
2925
4675718
139
38
-53
1007
-3307
2874
4676743
-20
52
-11
791
-2520
3123
4677768
-306
14
-32
707
-3014
3140
4678793
-98
31
-16
722
-3080
3001
4679818
71
59
35
739
-2720
3041
4680843
2
37
58
714
-2716
3147
4681868
-119
22
60
718
-2891
3068
4682893
-84
-23
46
765
-3059
3189
4683918
-20
-73
12
841
-2986
3164
4684943
-28
-69
22
771
-2821
2929
4685968
-22
-40
32
706
-2955
2780
4678785
28
-9
21
765
-3035
2898
4679810
35
6
4
797
-2968
3062
4680835
15
9
-2
797
-2930
3103
4681860
10
2
-11
770
-2938
3077
4682885
8
-1
-18
754
-2917
3030
4683910
10
3
-14
746
-2906
3028
4684935
23
6
-9
748
-2880
3063
4685960
12
-1
-3
752
-2883
3086
4686985
-1
-10
4
759
-2910
3066
4688010
0
-11
5
783
-2938
3028
4689035
5
-13
1
787
-2923
3036
4690060
15
-20
8
748
-2930
3075
4691085
4
-31
6
744
-2914
3095
4692110
-17
-33
1
756
-2936
3056
4693135
-8
-19
-2
790
-2937
2965
4694160
21
-12
1
788
-2884
2979
4686977
3
-12
5
788
-2881
3016
4688002
-11
-2
11
787
-2920
3005
4689027
14
5
15
763
-2912
3030
4690052
7
3
8
765
-2928
3046
4691077
-16
10
0
768
-2984
3015
4692102
-5
13
-4
776
-2916
3041
4693127
-5
9
-4
761
-2897
3071
4694152
-1
5
1
756
-2908
3078
4695177
7
-7
8
756
-2878
3093
4696202
-8
-19
10
777
-2896
3070
4697227
-6
-25
12
772
-2934
3038
4698252
20
-19
18
771
-2925
3006
4699277
19
-15
17
768
-2927
3020
4700302
-9
-11
11
769
-2923
3045
4701327
-29
-10
6
783
-2941
3033
4702352
-5
-7
3
783
-2969
3021
4695167
29
-6
0
777
-2918
3003
4696192
19
2
-1
759
-2871
2997
4697217
-13
12
5
756
-2899
3008
4698242
-21
14
5
760
-2951
3064
4699267
-4
8
-3
784
-2982
3083
4700292
21
-3
-9
775
-2938
3110
4701317
21
-13
-9
769
-2897
3069
4702342
2
-13
-7
756
-2891
3025
4703367
2
-18
0
751
-2888
3086
4704392
1
-27
3
777
-2900
3075
4705417
16
-29
6
780
-2894
3006
4706442
21
-19
9
781
-2880
2977
4707467
0
-5
10
771
-2925
3002
4708492
7
-4
9
769
-2975
3085
4709517
22
-11
2
788
-2956
3088
4710542
12
-17
-10
784
-2906
3036
4703361
-7
-15
-12
778
-2888
3006
4704386
4
-6
-4
761
-2912
3014
4705411
23
-6
0
776
-2872
3071
4706436
-2
-7
-1
789
-2852
3076
4707461
-24
-7
0
785
-2895
3028
4708486
-9
-4
5
773
-2930
3004
4709511
19
-2
9
792
-2918
3029
4710536
12
-2
11
807
-2892
3077
4711561
-22
-3
5
792
-2905
3055
4712586
-28
-3
-1
775
-2920
3014
4713611
-6
5
0
766
-2928
3018
4714636
19
13
2
775
-2926
3030
4715661
14
15
4
777
-2866
3065
4716686
-24
7
4
786
-2885
3094
4717711
-36
2
3
786
-2936
3052
4718736
-4
0
4
775
-2943
3044
4711552
13
-2
3
786
-2891
3051
4712577
-18
2
4
789
-2876
3061
4713602
-29
9
-2
801
-2956
3064
4714627
19
2
4
742
-2808
3133
4715652
-115
-38
-12
769
-2790
3204
4716677
-37
-44
28
644
-3127
3010
4717702
190
-82
-46
684
-3237
2974
4718727
422
3
-41
1149
-2856
2951
4719752
44
27
9
723
-2509
2776
4720777
-217
51
-13
828
-3077
2714
4721802
29
131
-2
804
-2954
2901
4722827
145
160
30
696
-2732
3163
4723852
-23
93
45
684
-2679
3477
4724877
-237
2
25
684
-2893
3545
4725902
-179
-68
9
796
-3090
3342
4726927
-49
-86
8
794
-2911
3010
4719744
-59
-75
10
731
-2876
2845
4720769
-41
-44
16
750
-2990
2868
4721794
-3
-26
13
793
-2948
3024
4722819
-59
-23
3
801
-2883
3094
4723844
-55
-16
1
776
-2943
3021
4724869
37
-11
3
785
-2923
2995
4725894
36
0
0
780
-2891
2976
4726919
-2
3
-2
776
-2892
2998
4727944
-21
0
4
770
-2896
3061
4728969
-11
-11
13
768
-2886
3104
4729994
-5
-6
9
768
-2990
3024
4731019
47
8
11
773
-2916
2944
4732044
45
19
13
778
-2879
2958
4733069
-3
19
8
796
-2955
3093
4734094
-23
9
-1
775
-2947
3154
4735119
-12
-2
-6
748
-2920
3107
4727936
-1
-10
-10
751
-2883
3045
4728961
15
-12
-2
744
-2883
3032
4729986
21
-16
11
760
-2884
3061
4731011
-2
-14
18
801
-2925
3027
4732036
1
-13
20
789
-2903
3014
4733061
-11
-16
12
781
-2927
3041
4734086
-12
-10
7
775
-2970
3018
4735111
17
-1
7
760
-2931
3017
4736136
6
-2
2
756
-2905
3048
4737161
-25
-4
-1
775
-2915
3051
4738186
-18
3
2
793
-2941
3010
4739211
13
8
4
782
-2877
3025
4740236
-7
3
2
758
-2891
3080
4741261
-20
3
3
747
-2933
3073
4742286
2
0
8
745
-2917
3053
4743311
13
-8
9
759
-2919
3060
4736162
-3
-15
5
782
-2942
3074
4737187
-16
-17
3
782
-2927
3054
4738212
-8
-17
-2
778
-2945
3036
4739237
15
-21
-4
758
-2910
3069
4740262
9
-26
-3
780
-2875
3048
4741287
-18
-25
3
790
-2878
3021
4742312
-12
-22
11
774
-2928
3004
4743337
23
-13
13
765
-2921
2992
4744362
11
-8
6
788
-2920
3023
4745387
-22
-1
2
805
-2917
3003
4746412
-30
8
0
785
-2949
3003
4747437
0
9
-1
774
-2958
3038
4748462
16
4
-5
785
-2918
3011
4749487
5
10
-5
776
-2879
3018
4750512
-12
14
-2
761
-2878
3069
4751537
-14
11
3
757
-2928
3076
4744321
2
-1
9
777
-2922
3077
4745346
-1
-12
10
803
-2914
3057
4746371
-15
-15
6
790
-2933
3025
4747396
-12
-13
2
756
-2950
3059
4748421
0
-17
-1
754
-2928
3067
4749446
4
-18
-1
774
-2879
3015
4750471
-8
-11
4
786
-2880
2970
4751496
-12
-2
11
799
-2917
2975
4752521
1
7
14
782
-2955
3040
4753546
10
8
9
778
-2957
3054
4754571
0
9
2
788
-2931
3010
4755596
-19
12
-5
779
-2912
3026
4756621
-23
8
-6
757
-2940
3098
4757646
5
-2
-6
767
-2936
3085
4758671
23
-9
0
763
-2878
3070
4759696
-2
-18
6
783
-2877
3043
4752512
-22
-15
10
788
-2938
2995
4753537
3
-11
9
766
-2954
3060
4754562
20
-12
1
766
-2936
3047
4755587
9
-12
-4
787
-2905
2990
4756612
-6
-6
-2
799
-2913
2978
4757637
3
2
3
789
-2915
3006
4758662
13
5
6
776
-2931
3037
4759687
9
6
4
779
-2905
3042
4760712
-13
6
1
780
-2897
3041
4761737
-20
9
-1
772
-2929
3050
4762762
-10
7
-3
770
-2927
3046
4763787
-9
3
-2
781
-2872
3041
4764812
-41
12
1
806
-2854
3008
4765837
-117
48
-20
781
-2822
3039
4766862
-112
3
-13
694
-2991
3258
4767887
-46
-106
0
652
-3142
3392
4760704
-70
-98
-57
774
-3034
2967
4761729
87
-61
-111
733
-2896
2626
4762754
397
37
-100
1141
-3078
2658
4763779
-5
85
-39
869
-2590
2759
4764804
-234
137
-6
836
-3061
2897
4765829
12
186
43
708
-3036
3012
4766854
143
160
83
682
-2781
3118
4767879
9
74
114
669
-2487
3588
4768904
-219
-60
61
713
-3063
3660
4769929
-123
-112
22
851
-3204
3146
4770954
0
-101
33
761
-2813
2831
4771979
-46
-94
17
683
-2890
2814
4773004
-58
-76
9
730
-2952
2969
4774029
-72
-45
22
773
-2977
3033
4775054
-36
-29
18
818
-2999
2963
4776079
27
-15
4
855
-2942
2896
4768896
20
-6
-2
816
-2894
2938
4769921
-19
0
0
758
-2939
2999
4770946
-13
3
4
720
-2998
3029
4771971
9
10
3
770
-2967
2994
4772996
15
12
6
808
-2913
2995
4774021
-17
8
4
792
-2904
3034
4775046
-30
4
6
746
-2990
3064
4776071
16
1
4
741
-2991
3033
4777096
40
3
3
770
-2938
2993
4778121
9
-4
2
784
-2896
3032
4779146
-28
-7
5
785
-2954
3032
4780171
-3
-1
7
761
-2984
3014
4781196
31
-4
6
755
-2935
3049
4782221
15
-17
3
782
-2919
3057
4783246
-6
-24
4
784
-2931
3022
4784271
-11
-19
8
777
-2949
2964
4777088
8
-13
8
758
-2966
2986
4778113
28
-4
7
775
-2947
2994
4779138
22
-4
7
772
-2917
3027
4780163
-11
-7
5
776
-2936
3034
4781188
-8
-7
4
774
-2971
3026
4782213
21
-11
3
781
-2946
3009
4783238
23
-7
1
789
-2948
2978
4784263
10
0
5
775
-2899
3017
4785288
-6
-4
8
764
-2939
3053
4786313
3
-9
6
767
-2940
3037
4787338
7
-10
3
781
-2919
3013
4788363
3
-3
2
785
-2931
2990
4789388
-1
-1
5
763
-2967
3031
4790413
-3
-7
4
772
-2977
3058
4791438
3
-13
-1
790
-2938
3047
4792463
3
-16
-4
801
-2921
3003
4785279
-7
-9
-3
772
-2916
2969
4786304
-13
-4
-1
754
-2940
3015
4787329
-1
-6
-2
776
-2951
3049
4788354
11
-5
-1
797
-2928
2999
4789379
8
-2
1
793
-2905
2984
4790404
-12
3
2
792
-2913
3003
4791429
-7
4
9
766
-2961
3057
4792454
23
-8
9
767
-2955
3087
4793479
16
-19
4
791
-2914
3038
4794504
-10
-19
2
796
-2927
2998
4795529
-15
-15
5
768
-2942
2986
4796554
1
-14
5
771
-2960
3031
4797579
24
-15
5
795
-2929
3027
4798604
15
-12
5
798
-2900
2976
4799629
-14
1
5
780
-2906
2953
4800654
-21
10
6
761
-2965
3022
4793474
6
11
3
781
-2978
3065
4794499
24
5
1
804
-2907
3047
4795524
-4
-1
1
806
-2897
3005
4796549
-26
4
7
771
-2932
3001
4797574
-15
6
9
758
-2969
3050
4798599
7
-1
6
776
-2949
3061
4799624
4
-6
0
791
-2906
3027
4800649
-23
-2
2
778
-2929
3010
4801674
-20
-2
1
790
-2949
3046
4802699
28
-5
7
755
-2891
3123
4803724
-39
-74
16
757
-2799
3277
4804749
-182
-83
-14
817
-3102
2986
4805774
24
-54
-51
637
-3063
2949
4806799
288
-63
-107
717
-3278
2931
4807824
399
-5
-59
1173
-2621
2950
4808849
-118
55
7
815
-2578
2586
4801664
-207
172
31
841
-3194
2473
4802689
120
248
63
726
-2923
2924
4803714
44
136
67
585
-2528
3828
4804739
-282
-43
38
616
-2959
3926
4805764
-110
-97
3
843
-3184
3101
4806789
50
-100
11
843
-2818
2715
4807814
-63
-96
16
788
-2856
2724
4808839
-82
-53
18
753
-2976
2902
4809864
-44
-17
20
748
-3007
3050
4810889
-37
-8
9
778
-2969
3058
4811914
-24
-2
-2
817
-2990
2973
4812939
19
7
-9
818
-2917
2946
4813964
-6
7
-8
793
-2901
3012
4814989
-28
2
1
746
-2940
3048
4816014
-2
-1
12
755
-2947
3013
4817039
13
-8
15
788
-2923
3019
4809855
3
2
15
806
-2949
2948
4810880
6
29
11
776
-2996
2941
4811905
14
18
9
754
-2931
3099
4812930
-34
-7
5
776
-2926
3142
4813955
-42
-26
4
768
-2951
3059
4814980
-3
-27
5
755
-2989
2961
4816005
38
-12
5
770
-2964
2905
4817030
32
2
6
785
-2920
2967
4818055
-9
2
4
797
-2946
3050
4819080
-26
3
3
807
-2948
3009
4820105
-14
0
1
777
-2947
3007
4821130
5
-2
-2
762
-2946
3009
4822155
29
4
3
760
-2926
2993
4823180
13
3
7
775
-2908
3036
4824205
-34
0
5
803
-2950
3012
4825230
-25
7
8
768
-2978
3003
4818048
16
3
6
756
-2956
3060
4819073
23
-6
2
771
-2948
3033
4820098
7
-13
0
777
-2937
3009
4821123
-15
-11
-1
783
-2951
2983
4822148
-3
-8
1
770
-2965
3012
4823173
22
-11
2
769
-2942
3046
4824198
25
-18
0
779
-2936
3021
4825223
11
-18
1
787
-2905
2993
4826248
-2
-11
3
782
-2922
2973
4827273
3
-4
3
767
-2951
3006
4828298
11
-6
9
769
-2947
3036
4829323
-2
-9
10
802
-2928
3001
4830348
-16
-10
8
808
-2938
3008
4831373
-10
-5
3
792
-2955
3018
4832398
10
-1
2
765
-2938
3010
4833423
17
-2
4
748
-2893
3018
4826241
-4
-4
10
763
-2920
3013
4827266
-22
-3
15
771
-2956
3028
4828291
-7
-6
13
789
-2992
3023
4829316
15
-9
1
797
-2985
3004
4830341
13
-9
-3
797
-2911
3007
4831366
-27
-7
-3
788
-2927
3020
4832391
-29
-6
0
762
-2949
3025
4833416
5
-7
-1
754
-2948
3004
4834441
29
-3
2
778
-2899
2985
4835466
2
-1
8
807
-2902
2989
4836491
-36
1
11
801
-2957
3028
4837516
-23
-2
4
771
-3000
3042
4838541
12
-4
-5
763
-2965
3003
4839566
17
-1
-6
778
-2910
2987
4840591
-14
5
1
787
-2917
2992
4841616
-21
3
7
764
-2967
3045
4834432
-1
-9
3
771
-2975
3078
4835457
18
-18
-1
791
-2918
3035
4836482
6
-18
0
795
-2902
2975
4837507
-16
-16
6
774
-2922
2992
4838532
-17
-18
7
779
-2967
3036
4839557
1
-17
5
797
-2969
3012
4840582
20
-13
3
795
-2933
2949
4841607
8
-8
0
780
-2935
2961
4842632
2
2
3
772
-2973
3026
4843657
14
1
0
809
-2943
3027
4844682
12
-5
-4
812
-2915
3033
4845707
7
-10
-3
775
-2903
3012
4846732
0
-7
1
769
-2930
2990
4847757
10
0
2
795
-2935
3021
4848782
13
-5
3
799
-2927
3033
4849807
-3
-6
6
799
-2945
2984
4842624
-9
-1
8
790
-2940
2986
4843649
-20
11
3
805
-2953
2966
4844674
-15
27
1
790
-2929
2989
4845699
-33
31
-8
800
-2908
3016
4846724
-32
49
-4
789
-2951
2987
4847749
-21
27
9
713
-2772
3095
4848774
-173
-30
-22
745
-2928
3307
4849799
-153
-34
-66
765
-3279
3028
4850824
244
-66
-95
554
-2943
3128
4851849
530
-18
-119
1141
-3143
2924
4852874
156
37
-37
911
-2601
2547
4853899
-91
103
-2
821
-3045
2469
4854924
41
196
15
830
-2947
2701
4855949
164
239
62
703
-2832
3084
4856974
39
129
83
616
-2469
3857
4857999
-255
-15
45
593
-2890
3847
4850816
-83
-92
13
819
-3153
3322
4851841
23
-129
14
784
-2772
2999
4852866
-113
-141
29
725
-2772
2836
4853891
-242
-117
25
749
-2996
2885
4854916
-249
-86
24
812
-3093
2978
4855941
-133
-50
19
817
-3037
2931
4856966
-13
-35
9
821
-2970
2909
4857991
34
-20
-2
827
-2941
2903
4859016
29
2
-4
811
-2914
2932
4860041
14
19
4
759
-2958
2972
4861066
-1
7
5
770
-2895
3033
4862091
-48
2
8
789
-2949
3033
4863116
-28
17
5
790
-2998
2976
4864141
31
10
6
765
-2932
3046
4865166
17
-8
5
783
-2962
3042
4866191
4
-8
8
792
-2977
2996
4859008
4
-16
7
758
-2940
3035
4860033
-7
-21
4
763
-2974
3031
4861058
23
-20
5
785
-2969
2992
4862083
50
-23
5
806
-2893
3003
4863108
11
-18
0
808
-2958
2948
4864133
-4
-10
8
781
-2950
2969
4865158
-10
-13
11
775
-2948
3041
4866183
-1
-17
6
806
-2956
3027
4867208
9
-12
2
806
-2939
2954
4868233
29
3
5
788
-2927
2928
4869258
1
10
5
761
-2909
3009
4870283
-31
11
7
784
-2980
3042
4871308
4
7
7
788
-2969
3039
4872333
21
1
4
791
-2944
3023
4873358
10
-4
2
804
-2938
3006
4874383
3
-1
5
779
-2947
3020
4867200
11
-8
6
764
-2946
3049
4868225
9
-17
3
788
-2943
3044
4869250
3
-20
3
790
-2932
3010
4870275
0
-22
6
795
-2913
2971
4871300
-9
-12
10
789
-2940
2961
4872325
7
-4
17
786
-2960
2993
4873350
16
-3
12
792
-2949
3004
4874375
-10
7
0
802
-2962
2977
4875400
-26
10
-4
790
-2969
3014
4876425
0
11
-2
768
-2990
3009
4877450
28
6
-3
784
-2930
3026
4878475
-6
-5
-4
799
-2899
3065
4879500
-34
-11
-2
784
-2929
3025
4880525
-8
-13
2
768
-2962
3014
4881550
23
-11
7
782
-2945
2980
4882575
14
-11
6
796
-2904
2998
4875391
-23
-9
5
803
-2953
3016
4876416
-9
-3
6
785
-2978
2997
4877441
16
-5
1
788
-2958
3011
4878466
13
-7
-4
793
-2933
3003
4879491
-2
-5
-1
800
-2926
2978
4880516
-17
-2
1
790
-2924
2997
4881541
-13
-1
2
782
-2976
3021
4882566
13
-6
0
798
-2952
3012
4883591
22
-5
0
794
-2903
3001
4884616
-10
0
2
773
-2894
3009
4885641
-24
-1
4
773
-2964
3027
4886666
7
-3
4
793
-2977
3009
4887691
29
-6
6
809
-2930
2999
4888716
12
-5
5
800
-2935
2999
4889741
-8
-5
1
785
-2974
3054
4890766
-8
-15
-3
784
-2957
3076
4883584
9
-23
-6
802
-2915
3009
4884609
14
-22
-2
790
-2895
2962
4885634
2
-12
8
770
-2922
2966
4886659
-7
-5
13
789
-2939
3016
4887684
-8
-7
9
821
-2965
3017
4888709
0
-8
3
829
-2956
2984
4889734
1
1
0
809
-2941
2952
4890759
1
8
-1
773
-2947
3011
4891784
-13
5
-2
764
-2933
3056
4892809
-13
0
-1
801
-2917
3007
4893834
-6
-1
4
809
-2905
2997
4894859
-18
4
5
798
-2946
3005
4895884
-9
23
9
799
-2964
2989
4896909
1
18
13
778
-2901
3038
4897934
-15
7
13
777
-2922
3039
4898959
-51
12
6
791
-2914
3007
4891777
-97
34
-24
827
-2925
2984
4892802
-103
-5
-28
759
-2907
3141
4893827
-264
-53
-29
819
-3051
3066
4894852
-119
-54
-34
499
-3214
3210
4895877
610
-29
-56
928
-3344
3168
4896902
491
-39
11
979
-2351
2839
4897927
-118
-35
-40
852
-3145
2368
4898952
-36
82
-36
925
-3107
2434
4899977
162
157
39
746
-2639
2884
4901002
21
148
74
698
-2541
3253
4902027
-213
133
80
718
-2839
3354
4903052
-183
72
81
695
-2986
3465
4904077
-53
-27
57
733
-3050
3381
4905102
-2
-74
30
785
-3015
3105
4906127
-89
-108
10
763
-2912
3005
4907152
-207
-100
6
722
-2961
2959
4899967
-223
-87
-4
747
-3026
2965
4900992
-175
-73
-9
814
-3020
2931
4902017
-73
-62
-2
823
-2965
2881
4903042
-14
-37
4
829
-2924
2827
4904067
-15
-15
10
821
-2960
2885
4905092
-35
-15
8
799
-2982
3008
4906117
-53
-10
4
769
-3023
2986
4907142
-27
2
4
775
-3000
2909
4908167
17
8
7
783
-2984
2916
4909192
22
12
8
784
-3004
2938
4910217
31
21
14
796
-2991
2954
4911242
5
13
9
803
-2974
3010
4912267
-37
5
3
792
-3031
2993
4913292
-4
9
0
778
-3043
2961
4914317
34
0
-1
770
-2947
3002
4915342
13
-9
1
769
-2965
2982
4908160
4
-7
2
786
-2985
2951
4909185
11
-8
7
790
-2956
3001
4910210
7
-17
7
780
-2978
2995
4911235
12
-17
7
780
-2989
2965
4912260
35
-7
9
779
-2990
2933
4913285
44
-3
10
785
-2982
2953
4914310
19
-6
8
787
-2984
3005
4915335
8
-10
4
786
-2985
2994
4916360
38
-13
5
787
-2973
2967
4917385
70
-11
7
791
-2988
2951
4918410
76
-5
10
788
-2963
2985
4919435
57
-5
7
793
-2955
3004
4920460
14
-11
2
783
-2963
3018
4921485
1
-19
0
779
-2953
3023
4922510
18
-23
1
783
-2957
3020
4923535
43
-23
4
778
-2952
2971
4916352
32
-25
5
786
-2912
2986
4917377
-11
-28
6
769
-2963
3043
4918402
-4
-31
5
799
-2980
3026
4919427
19
-39
3
817
-2956
2989
4920452
27
-39
4
815
-2925
2952
4921477
24
-24
10
795
-2916
2917
4922502
0
-10
14
785
-2939
2968
4923527
-15
-8
10
795
-2985
3019
4924552
5
-15
7
817
-2980
3017
4925577
14
-15
5
826
-2945
2966
4926602
10
-16
7
814
-2936
2982
4927627
-8
-17
8
788
-2969
3009
4928652
-5
-20
6
791
-2957
3006
4929677
-8
-21
0
810
-2936
2978
4930702
-6
-13
1
806
-2932
2966
4931727
20
-10
7
794
-2964
3012
4924544
35
-17
12
789
-2963
3041
4925569
6
-27
5
812
-2956
3024
4926594
-19
-29
2
810
-2948
2994
4927619
-10
-26
1
803
-2945
2987
4928644
16
-19
3
821
-2962
2960
4929669
24
-15
6
817
-2898
2971
4930694
-10
-13
12
818
-2907
2959
4931719
-21
-6
16
810
-2956
2974
4932744
4
-4
19
826
-2983
3012
4933769
29
-5
17
823
-2957
3012
4934794
9
-5
11
807
-2931
2980
4935819
-32
-3
8
805
-2946
2966
4936844
-39
-1
8
800
-2977
2988
4937869
-11
-2
7
804
-3001
3003
4938894
15
2
6
821
-2942
2952
4939919
-2
11
6
823
-2913
2930
4932737
-43
18
8
806
-2963
2950
4933762
-46
22
4
792
-3003
3016
4934787
-14
19
-2
795
-2995
3017
4935812
2
16
-7
810
-2937
2968
4936837
-23
15
-8
800
-2941
2964
4937862
-48
19
-8
795
-2987
2960
4938887
-28
25
-5
802
-2991
2954
4939912
-14
24
-6
798
-2935
3001
4940937
-22
23
-6
802
-2962
2996
4941962
-7
28
-6
803
-2959
2989
4942987
-15
23
-7
785
-2921
3008
4944012
-50
7
-19
798
-2786
3053
4945037
-314
11
-59
764
-2551
3064
4946062
-886
-20
-66
806
-2897
2882
4947087
-823
-60
-46
712
-3565
2944
4948112
-204
-36
-82
902
-3749
2692
4940928
146
22
-27
1024
-2783
2938
4941953
-168
-11
-9
613
-3070
2907
4942978
-104
24
-3
859
-3284
2689
4944003
142
111
50
781
-2966
2646
4945028
77
81
71
686
-2807
2987
4946053
-110
-36
41
787
-3182
3242
4947078
-66
-60
28
901
-3247
3024
4948103
60
-72
41
781
-2939
2754
4949128
22
-73
32
766
-2992
2666
4950153
-26
-43
27
776
-3177
2754
4951178
41
-27
31
807
-3201
2878
4952203
40
-24
13
844
-3178
2875
4953228
13
-17
-11
848
-3096
2792
4954253
0
-7
-17
843
-3028
2773
4955278
14
9
-6
795
-3063
2801
4956303
57
22
7
788
-3060
2822
4949370
47
13
14
779
-3044
2931
4950395
-9
-2
12
806
-3090
2966
4951420
-20
-5
9
833
-3143
2877
4952445
40
6
10
836
-3088
2789
4953470
67
5
12
800
-3044
2823
4954495
64
-4
14
779
-3074
2928
4955520
36
-16
15
797
-3074
2958
4956545
4
-17
16
809
-3074
2881
4957570
12
-21
11
803
-3072
2847
4958595
19
-20
5
805
-3082
2839
4959620
36
-16
3
807
-3077
2869
4960645
29
-11
-2
813
-3065
2857
4961670
7
-4
-1
804
-3062
2871
4962695
19
-5
1
802
-3065
2878
4963720
47
5
4
806
-3034
2836
4964745
72
9
8
810
-3036
2857
4957312
66
10
8
807
-3076
2926
4958337
64
6
9
798
-3084
2954
4959362
55
-9
4
800
-3035
2942
4960387
33
-16
-1
821
-3051
2902
4961412
36
-11
-1
823
-3024
2881
4962437
25
-13
2
783
-3014
2928
4963462
5
-15
2
795
-3051
2908
4964487
14
-12
6
806
-3018
2881
4965512
14
-7
11
809
-3004
2879
4966537
4
0
12
820
-3030
2880
4967562
23
8
16
818
-3070
2888
4968587
56
10
15
809
-3072
2902
4969612
62
3
9
810
-3048
2946
4970637
26
-1
2
803
-3033
2946
4971662
-8
-1
-1
782
-3038
2941
4972687
-2
-5
-4
788
-3046
2923
4965504
21
-7
-4
815
-3008
2910
4966529
20
-6
0
809
-2987
2919
4967554
0
0
5
792
-3007
2914
4968579
6
1
10
784
-3035
2931
4969604
15
-6
9
807
-3032
2966
4970629
7
-12
4
825
-3040
2944
4971654
-3
-14
4
809
-3031
2910
4972679
5
-17
7
781
-3057
2929
4973704
14
-23
5
801
-3033
2929
4974729
-5
-23
1
818
-2995
2930
4975754
-20
-19
-1
828
-3005
2874
4976779
-3
-8
4
804
-3019
2865
4977804
19
0
10
791
-3022
2909
4978829
7
1
10
806
-3008
2937
4979854
-22
3
6
823
-3023
2906
4980879
-21
8
4
818
-3054
2892
4973695
11
14
2
805
-3067
2931
4974720
33
7
2
800
-3018
2975
4975745
6
-4
1
805
-2993
2967
4976770
-19
-7
0
811
-2998
2921
4977795
-14
-7
4
788
-3028
2935
4978820
11
-14
8
785
-3059
2941
4979845
29
-17
9
831
-3020
2930
4980870
4
-20
5
841
-3010
2940
4981895
-23
-15
0
817
-3034
2909
4982920
-12
-7
0
788
-3050
2889
4983945
12
-7
-3
787
-3022
2922
4984970
15
-7
-4
815
-2979
2928
4985995
-7
-3
1
818
-2994
2901
4987020
-9
5
6
808
-3035
2883
4988045
8
5
6
811
-3051
2934
4989070
14
-1
3
815
-3025
2976
4981888
-4
-6
0
819
-3005
2941
4982913
-17
-4
-2
805
-3020
2893
4983938
-18
-2
-2
792
-3048
2907
4984963
-6
-2
-1
812
-3027
2926
4985988
-8
3
3
845
-2982
2925
4987013
-34
24
1
862
-2982
2943
4988038
-47
8
15
718
-2941
3096
4989063
-188
-76
-12
728
-3022
3214
4990088
-353
-94
-52
838
-3012
2817
4991113
-197
-91
-28
694
-3012
2788
4992138
64
-56
-42
1047
-3342
2736
4993163
-39
-2
-11
929
-2848
2623
4994188
-329
28
-33
799
-3179
2579
4995213
-229
55
-47
859
-3266
2740
4996238
-30
88
-19
821
-3130
2879
4997263
13
132
25
807
-3067
2827
4990079
76
126
70
740
-2933
2990
4991104
-97
16
45
749
-2981
3312
4992129
-178
-64
-5
861
-3377
3091
4993154
23
-53
1
852
-3099
2780
4994179
35
-67
26
737
-2943
2730
4995204
-107
-94
23
803
-3020
2773
4996229
-198
-74
32
824
-3110
2784
4997254
-160
-46
24
847
-3229
2744
4998279
-15
-25
12
841
-3269
2729
4999304
151
-15
15
843
-3140
2768
5000329
116
-19
5
861
-3041
2817
5001354
-37
-16
-2
845
-3071
2800
5002379
-73
-9
1
817
-3135
2780
5003404
11
1
6
804
-3169
2775
5004429
78
18
11
827
-3096
2740
5005454
53
25
11
841
-3049
2794
4998272
-21
25
10
826
-3097
2838
4999297
-32
25
11
802
-3165
2847
5000322
36
22
16
806
-3165
2821
5001347
95
12
14
820
-3144
2826
5002372
82
6
6
828
-3086
2867
5003397
36
11
2
829
-3127
2835
5004422
52
7
2
805
-3109
2828
5005447
61
-3
1
803
-3098
2864
5006472
81
3
4
810
-3082
2831
5007497
74
9
10
808
-3012
2858
5008522
17
5
12
806
-3067
2874
5009547
15
5
11
804
-3121
2821
5010572
63
10
12
799
-3107
2842
5011597
63
10
8
811
-3080
2891
5012622
30
9
5
812
-3083
2901
5013647
30
6
5
808
-3105
2868
5006464
54
-1
0
802
-3104
2874
5007489
61
-2
-4
810
-3049
2883
5008514
48
4
3
804
-3044
2895
5009539
31
-3
5
799
-3045
2922
5010564
11
-14
3
811
-3067
2912
5011589
12
-18
3
806
-3061
2878
5012614
13
-18
3
801
-3035
2862
5013639
-3
-10
5
800
-3076
2858
5014664
25
-7
10
819
-3078
2880
5015689
20
-9
2
819
-3070
2900
5016714
-4
-4
-4
819
-3056
2879
5017739
-17
0
-6
794
-3042
2868
5018764
-8
-1
-1
798
-3079
2896
5019789
32
-6
4
814
-3058
2909
5020814
43
-14
5
835
-3040
2910
5021839
20
-19
6
826
-3032
2911
5014656
-19
-9
2
816
-3045
2840
5015681
-25
-4
2
782
-3044
2883
5016706
0
-7
4
792
-3058
2906
5017731
22
-6
7
824
-3045
2877
5018756
9
-5
8
831
-3016
2880
5019781
-28
-4
8
816
-3040
2870
5020806
-15
-5
11
809
-3092
2891
5021831
21
-3
12
808
-3087
2891
5022856
9
-8
8
815
-3019
2909
5023881
-49
-9
0
811
-3067
2898
5024906
-57
-6
-3
816
-3067
2869
5025931
-22
-6
1
808
-3070
2861
5026956
-1
-3
1
808
-3058
2863
5027981
-13
3
1
812
-3035
2860
5029006
-31
14
1
817
-3049
2814
5030031
-23
22
3
803
-3061
2871
5022849
5
19
5
795
-3086
2927
5023874
28
13
5
808
-3054
2909
5024899
17
9
6
808
-3046
2902
5025924
-17
6
7
811
-3054
2902
5026949
-26
-2
8
800
-3093
2925
5027974
-8
-11
4
803
-3093
2911
5028999
11
-15
0
808
-3049
2864
5030024
4
-9
2
811
-3042
2832
5031049
-13
-5
8
803
-3060
2875
5032074
-10
-4
7
814
-3095
2890
5033099
21
-6
2
819
-3079
2872
5034124
18
3
-2
813
-3074
2852
5035149
0
18
-2
797
-3024
2864
5036174
-29
15
-3
802
-3058
2911
5037199
-22
4
-4
812
-3085
2898
5038224
20
-5
1
809
-3054
2843
5031040
19
-4
4
819
-3029
2842
5032065
-8
0
7
826
-3047
2897
5033090
-22
0
5
816
-3076
2912
5034115
-5
3
1
798
-3055
2876
5035140
-11
7
-1
787
-3032
2855
5036165
-26
14
3
795
-3045
2874
5037190
-23
19
9
804
-3067
2984
5038215
-48
-13
12
775
-2969
3111
5039240
-122
-67
-7
759
-3082
2890
5040265
3
-70
-54
844
-3363
2607
5041290
211
-38
-61
808
-2991
2798
5042315
181
-29
-57
795
-2953
2860
5043340
97
17
-21
1015
-2913
2937
5044365
-148
21
29
735
-3082
2848
5045390
1
30
45
813
-3251
2784
5046415
156
135
49
873
-3051
2707
5039231
137
186
80
730
-3004
2861
5040256
13
25
67
693
-2843
3436
5041281
-222
-66
12
822
-3120
3288
5042306
-121
-72
11
782
-3174
2896
5043331
-27
-53
-2
780
-3043
2660
5044356
28
-55
-8
776
-3065
2773
5045381
27
-61
-5
826
-2963
2961
5046406
-61
-49
12
811
-3045
2945
5047431
-57
-29
18
817
-3043
2807
5048456
-8
-17
6
812
-3105
2765
5049481
15
3
-7
837
-3086
2765
5050506
32
18
1
805
-3025
2861
5051531
-12
11
4
792
-3021
2934
5052556
-51
-6
3
774
-3090
2978
5053581
11
-19
4
800
-3135
2901
5054606
87
5
-1
838
-3084
2764
5047424
64
23
-4
816
-2939
2847
5048449
-62
4
-3
797
-3019
3007
5049474
-77
-12
2
787
-3142
2975
5050499
24
-25
4
807
-3089
2874
5051524
73
-23
2
826
-3049
2809
5052549
37
-13
0
838
-2989
2863
5053574
-39
-5
3
810
-3042
2931
5054599
-32
-8
5
794
-3069
2907
5055624
10
-7
0
799
-3071
2867
5056649
33
-10
-1
813
-3019
2889
5057674
4
-6
6
825
-3021
2875
5058699
-15
-3
14
809
-3055
2897
5059724
-9
-6
13
817
-3113
2904
5060749
14
-8
6
815
-3079
2883
5061774
15
-5
0
818
-3011
2876
5062799
-2
3
0
813
-3036
2857
5055617
9
6
5
797
-3038
2906
5056642
16
-2
9
821
-3067
2915
5057667
37
-3
10
835
-3043
2876
5058692
64
2
14
800
-3041
2884
5059717
55
10
13
789
-3047
2903
5060742
21
10
7
804
-3042
2944
5061767
1
1
-1
817
-3071
2939
5062792
10
-7
-3
796
-3050
2923
5063817
27
-15
1
783
-3039
2936
5064842
27
-16
-1
817
-3045
2894
5065867
15
-8
-6
837
-3023
2873
5066892
5
-8
-3
811
-2993
2927
5067917
1
-14
0
792
-3036
2947
5068942
11
-16
0
802
-3046
2910
5069967
11
-17
0
809
-3011
2892
5070992
0
-15
-3
818
-3016
2879
5063808
12
-3
3
820
-3052
2880
5064833
30
0
7
810
-3039
2923
5065858
12
-8
3
816
-3031
2947
5066883
3
-10
-2
823
-3035
2907
5067908
15
-4
0
817
-3011
2893
5068933
11
-3
0
803
-3025
2935
5069958
4
-10
1
802
-3027
2953
5070983
-4
-16
3
826
-3021
2912
5072008
1
-10
4
837
-3014
2871
5073033
6
-6
7
813
-2981
2928
5074058
-1
-10
11
794
-3028
2953
5075083
-5
-14
6
817
-3038
2920
5076108
-10
-10
2
834
-3024
2885
5077133
-4
-1
3
825
-3043
2873
5078158
10
2
5
796
-3024
2938
5079183
7
-4
7
800
-3038
2964
5072000
-7
-12
2
834
-3034
2940
5073025
-14
-14
-3
851
-3045
2875
5074050
-3
-4
0
822
-3015
2880
5075075
1
-5
1
800
-2997
2937
5076100
-11
-8
3
801
-3037
2925
5077125
-5
-8
4
833
-3013
2887
5078150
-8
1
3
842
-3024
2866
5079175
1
12
6
824
-3029
2897
5080200
12
11
7
805
-3020
2951
5081225
1
2
4
807
-3025
2957
5082250
-18
-6
1
828
-3020
2921
5083275
-24
-3
1
821
-3057
2878
5084300
6
3
2
810
-3055
2908
5085325
9
-1
0
821
-3010
2953
5086350
-17
-7
-2
841
-3004
2930
5087375
-32
-2
0
826
-3009
2871
5080191
-20
9
5
804
-3018
2888
5081216
-13
12
6
811
-3046
2930
5082241
27
10
3
847
-3045
2962
5083266
7
-10
12
781
-2896
3074
5084291
-73
-60
29
765
-3137
3051
5085316
104
-82
8
805
-3117
2971
5086341
131
-82
-7
761
-2777
3049
5087366
-134
-90
-60
732
-3036
2810
5088391
57
11
-53
1172
-3197
2553
5089416
-220
47
-29
829
-2880
2495
5090441
-430
72
-42
877
-3230
2625
5091466
-199
143
-22
831
-3206
2785
5092491
65
168
23
736
-3000
3002
5093516
95
134
57
754
-2907
3094
5094541
-27
31
62
734
-2915
3354
5095566
-131
-60
16
835
-3246
3194
5088529
-40
-95
-7
837
-3079
2945
5089554
-74
-101
8
747
-3004
2759
5090579
-64
-73
20
774
-3114
2596
5091604
13
-52
26
838
-3043
2719
5092629
-31
-42
26
861
-3034
2913
5093654
-73
-38
21
835
-3164
2974
5094679
18
-26
17
854
-3178
2796
5095704
88
-14
5
840
-3032
2717
5096729
8
-10
0
812
-3007
2784
5097754
-54
2
7
785
-3103
2865
5098779
-16
4
10
804
-3121
2913
5099804
27
5
8
852
-3062
2856
5100829
31
6
6
854
-3032
2812
5101854
9
18
7
823
-3088
2801
5102879
27
20
13
777
-3094
2891
5103904
35
11
13
796
-3110
2956
5096576
50
2
4
827
-3135
2904
5097601
79
-5
-1
825
-3082
2864
5098626
47
-11
-5
817
-3018
2881
5099651
-1
-7
-2
811
-3081
2884
5100676
8
-6
-3
811
-3085
2884
5101701
5
-9
-7
812
-3060
2887
5102726
-5
-10
-10
816
-3049
2876
5103751
2
-10
-6
823
-3045
2870
5104776
16
-4
-2
831
-3069
2858
5105801
34
1
2
828
-3037
2847
5106826
21
1
4
810
-3041
2883
5107851
4
4
4
806
-3067
2871
5108876
14
5
7
811
-3046
2904
5109901
33
0
8
826
-3101
2921
5110926
71
-4
5
824
-3074
2889
5111951
80
-3
4
814
-3020
2902
5104767
18
-3
2
826
-2986
2933
5105792
-24
-10
7
811
-3068
2930
5106817
2
-19
11
806
-3089
2882
5107842
27
-20
8
840
-3045
2860
5108867
8
-6
3
854
-3037
2850
5109892
-14
6
3
821
-3036
2896
5110917
-8
1
1
798
-3060
2926
5111942
17
-4
1
805
-3036
2908
5112967
21
-1
7
822
-3020
2863
5113992
7
3
11
821
-3030
2886
5115017
-1
-2
13
817
-3072
2939
5116042
1
-9
8
833
-3080
2931
5117067
3
-16
1
835
-3043
2902
5118092
-4
-15
-2
817
-3044
2857
5119117
-5
-6
1
801
-3036
2879
5120142
5
1
3
818
-3056
2904
5112960
28
0
3
830
-3029
2915
5113985
13
-9
3
827
-3032
2926
5115010
-4
-13
2
832
-3036
2898
5116035
-8
-9
2
816
-3043
2890
5117060
1
-8
1
814
-3062
2921
5118085
22
-9
1
819
-3041
2908
5119110
20
-9
3
820
-3029
2888
5120135
4
-4
5
820
-3034
2873
5121160
-1
-2
5
815
-3074
2922
5122185
3
-9
-2
829
-3073
2955
5123210
14
-16
-10
833
-3051
2928
5124235
8
-17
-13
821
-3025
2878
5125260
-6
-13
-10
816
-3020
2888
5126285
0
-11
-4
831
-3015
2906
5127310
7
-11
-2
842
-3020
2893
5128335
11
-10
-2
828
-3000
2897
5121152
-5
-8
2
819
-3022
2890
5122177
-3
-2
6
823
-3060
2885
5123202
18
4
4
844
-3057
2892
5124227
23
-2
2
855
-3019
2941
5125252
1
-8
-1
836
-3014
2938
5126277
-13
-8
-2
812
-3026
2905
5127302
-11
-5
-1
806
-3035
2919
5128327
5
-5
3
831
-3038
2892
5129352
12
-6
10
853
-2980
2898
5130377
-16
-9
12
848
-3027
2907
5131402
-17
-7
10
832
-3074
2904
5132427
10
-1
4
830
-3061
2900
5133452
18
-2
-1
824
-3002
2908
5134477
-4
-2
1
826
-3001
2895
5135502
-16
0
7
822
-3039
2910
5136527
2
-3
9
827
-3051
2935
5129343
15
-9
5
836
-3021
2927
5130368
1
-12
4
855
-3013
2901
5131393
-12
-7
7
843
-3030
2864
5132418
-13
-2
8
810
-3032
2896
5133443
-11
-2
7
819
-3044
2956
5134468
-5
-3
2
833
-3027
2905
5135493
0
-3
2
848
-3029
2872
5136518
3
0
4
829
-3036
2886
5137543
-1
0
7
822
-3037
2927
5138568
-10
-3
4
814
-3028
2939
5139593
-11
-3
1
827
-3018
2900
5140618
8
0
4
827
-3039
2885
5141643
20
2
7
823
-3062
2899
5142668
14
-4
5
829
-3047
2957
5143693
1
-13
-1
835
-3060
2954
5144718
5
-22
-6
833
-3020
2926
5137536
5
-25
-6
827
-3013
2914
5138561
12
-19
-4
829
-3030
2870
5139586
14
-13
-2
841
-3023
2903
5140611
2
-15
-2
844
-2997
2928
5141636
-9
-11
1
832
-3014
2894
5142661
-1
-6
3
828
-3024
2892
5143686
12
-2
3
849
-3004
2894
5144711
0
1
5
852
-3008
2900
5145736
-13
3
7
823
-3038
2901
5146761
-16
3
6
827
-3048
2931
5147786
1
1
3
850
-3057
2942
5148811
19
-4
-2
848
-3018
2935
5149836
14
-12
1
825
-2988
2919
5150861
-6
-15
8
816
-3010
2906
5151886
-14
-12
12
841
-3041
2907
5152911
-3
-10
9
872
-3056
2878
5145728
1
-4
4
851
-3035
2856
5146753
-8
5
2
837
-3014
2879
5147778
4
15
6
830
-3053
2879
5148803
25
17
10
827
-3056
2895
5149828
-5
11
4
849
-3000
2947
5150853
-53
12
-10
859
-3021
2948
5151878
-40
19
-15
821
-3041
2912
5152903
10
16
-10
800
-3001
2937
5153928
1
4
-1
822
-2961
2949
5154953
-35
-1
9
817
-3026
2927
5155978
-33
-5
15
824
-3046
2922
5157003
-21
-10
18
835
-2985
2934
5158028
-5
-19
18
845
-3072
2925
5159053
14
-24
13
844
-3040
2893
5160078
-4
-20
12
829
-3016
2865
5161103
-26
-9
12
820
-3056
2884
5153920
-10
-6
9
830
-3057
2917
5154945
13
-10
8
841
-3043
2900
5155970
10
-10
9
852
-3004
2860
5156995
-20
-4
11
847
-2992
2876
5158020
-26
1
17
823
-3043
2915
5159045
-2
0
19
816
-3054
2897
5160070
9
0
16
834
-3026
2881
5161095
-8
6
13
839
-3029
2863
5162120
-26
13
13
824
-3047
2901
5163145
-19
13
13
820
-3083
2915
5164170
0
13
9
822
-3051
2880
5165195
-8
12
6
835
-3028
2904
5166220
-19
14
5
815
-3061
2930
5167245
0
5
6
802
-3063
2936
5168270
7
-4
5
810
-3032
2925
5169295
-3
-10
5
820
-3012
2909
5162322
-20
-11
7
824
-3041
2903
5163347
-12
-8
7
807
-3068
2948
5164372
14
-13
4
810
-3086
2931
5165397
28
-21
0
821
-3018
2923
5166422
9
-30
1
821
-2997
2917
5167447
-12
-32
7
811
-3030
2893
5168472
0
-28
8
825
-3061
2883
5169497
12
-25
5
842
-3061
2870
5170522
4
-15
1
846
-3038
2834
5171547
-20
0
-2
846
-3038
2835
5172572
-19
17
-5
845
-3060
2830
5173597
-1
28
-5
833
-3044
2846
5174622
-4
31
-3
826
-3018
2893
5175647
-16
33
0
840
-3032
2921
5176672
-18
31
0
833
-3054
2951
5177697
-10
22
-3
811
-3041
2956
5170304
-5
10
-2
791
-3010
2936
5171329
-7
2
3
794
-3024
2922
5172354
-2
-4
9
802
-3046
2941
5173379
12
-14
12
816
-3071
2963
5174404
19
-25
8
829
-3076
2929
5175429
19
-32
1
828
-3065
2930
5176454
15
-41
-3
824
-3046
2917
5177479
19
-44
-2
815
-3051
2895
5178504
21
-40
-3
828
-3019
2869
5179529
4
-29
-6
837
-3047
2854
5180554
-2
-17
-10
855
-3017
2851
5181579
1
-8
-10
848
-3030
2842
5182604
12
0
-4
840
-3004
2874
5183629
9
7
1
848
-2991
2865
5184654
-8
15
1
859
-2994
2870
5185679
-22
23
3
843
-3002
2889
5178496
-16
27
11
817
-3036
2902
5179521
4
26
18
814
-3052
2921
5180546
1
18
15
830
-3064
2938
5181571
-17
10
4
834
-3061
2946
5182596
-23
7
-5
812
-3077
2926
5183621
5
1
-7
796
-3075
2951
5184646
33
-12
-5
816
-3030
2963
5185671
28
-24
-6
837
-2986
2936
5186696
1
-28
-3
844
-2975
2906
5187721
-10
-23
3
840
-3022
2887
5188746
12
-22
12
818
-3027
2900
5189771
20
-23
13
838
-3027
2892
5190796
5
-19
13
855
-3026
2859
5191821
-3
-9
10
859
-3059
2841
5192846
-3
3
6
848
-3027
2868
5193871
-9
11
4
828
-3052
2887
5186688
2
14
1
822
-3055
2902
5187713
16
14
0
831
-3018
2908
5188738
7
15
0
827
-2995
2913
5189763
-11
16
1
822
-3023
2947
5190788
-7
9
4
819
-3054
2958
5191813
7
-3
6
821
-3042
2950
5192838
7
-13
1
836
-3011
2942
5193863
-8
-16
-3
827
-3037
2914
5194888
-4
-16
-1
811
-3048
2910
5195913
10
-21
2
834
-3007
2924
5196938
5
-24
3
867
-3015
2909
5197963
-8
-20
2
864
-3012
2875
5198988
-15
-13
2
826
-3017
2887
5200013
-6
-4
6
820
-3020
2893
5201038
6
2
11
838
-3022
2901
5202063
0
-2
11
835
-3009
2913
5194879
-10
-3
10
843
-3020
2890
5195904
-8
2
9
839
-3036
2896
5196929
5
2
11
829
-3025
2925
5197954
7
-5
12
824
-3060
2947
5198979
9
-15
9
823
-3056
2950
5200004
0
-21
2
834
-3050
2924
5201029
-2
-18
0
821
-3027
2889
5202054
-1
-19
1
825
-2996
2920
5203079
-13
-22
4
854
-3016
2911
5204104
-14
-21
6
865
-2997
2871
5205129
-17
-11
7
857
-2985
2830
5206154
-25
6
11
837
-2998
2812
5207179
-28
24
19
828
-3047
2859
5208204
-16
35
19
831
-3081
2899
5209229
-4
37
13
827
-3068
2908
5210254
-12
35
8
832
-3051
2890
5203072
-24
36
6
828
-3048
2892
5204097
-18
29
5
810
-3047
2995
5205122
-11
13
3
801
-3068
3004
5206147
2
-7
1
814
-3013
2942
5207172
2
-19
3
809
-2992
2904
5208197
-14
-22
8
815
-2998
2896
5209222
-22
-19
16
821
-3024
2894
5210247
-1
-13
21
846
-3064
2827
5211272
26
1
21
832
-3058
2823
5212297
21
12
19
807
-3033
2905
5213322
0
10
17
811
-3040
2951
5214347
8
8
18
816
-3034
2936
5215372
30
-4
21
814
-3011
2953
5216397
24
-14
25
799
-3070
2928
5217422
33
-16
26
795
-3062
2947
5218447
20
-27
17
777
-3086
3010
5211264
4
-42
3
798
-3117
2973
5212289
37
-49
-10
833
-3060
2922
5213314
27
-53
-18
856
-2995
2889
5214339
-8
-54
-20
848
-3024
2860
5215364
-1
-46
-15
817
-3072
2840
5216389
21
-37
-14
831
-3050
2862
5217414
25
-23
-19
862
-3047
2861
5218439
15
-9
-24
867
-3015
2885
5219464
4
-4
-28
832
-3021
2910
5220489
3
0
-30
807
-3022
2909
5221514
11
1
-25
839
-3008
2940
5222539
11
-4
-23
866
-2986
2936
5223564
2
-8
-22
849
-2988
2929
5224589
9
-8
-16
831
-3041
2954
5225614
46
-17
-11
832
-3074
2985
5226639
56
-37
-16
849
-3055
3010
5219455
18
-53
-23
867
-2987
2963
5220480
2
-62
-26
862
-3022
2896
5221505
47
-64
-30
846
-3028
2912
5222530
60
-63
-26
878
-2946
2899
5223555
15
-55
-25
895
-2940
2873
5224580
-4
-42
-22
888
-2965
2855
5225605
11
-29
-16
897
-2991
2900
5226630
27
-20
-8
911
-2966
2896
5227655
18
-5
0
919
-2890
2852
5228680
-5
3
12
874
-2942
2900
5229705
-2
0
17
846
-3006
2984
5230730
34
-9
24
907
-2970
2950
5231755
27
-9
24
896
-2962
2934
5232780
15
-9
20
864
-2993
2946
5233805
16
-8
19
871
-3037
2940
5234830
47
-10
18
870
-3020
2964
5227657
24
-19
8
892
-2988
2952
5228682
2
-23
2
865
-3020
2958
5229707
52
-24
2
879
-3073
2954
5230732
94
-26
-3
918
-2989
2915
5231757
83
-27
-8
929
-2923
2940
5232782
13
-28
-12
889
-2939
2963
5233807
-6
-29
-4
835
-2993
2982
5234832
59
-33
5
855
-2988
2967
5235857
133
-43
11
931
-2978
2925
5236882
143
-49
16
961
-2904
2898
5237907
64
-37
18
921
-2862
2933
5238932
-15
-20
14
891
-2935
2916
5239957
-28
-2
7
891
-2990
2876
5240982
28
11
8
882
-2983
2895
5242007
109
22
14
899
-3012
2944
5243032
164
29
11
916
-2967
2969
5235840
156
30
0
923
-2893
3018
5236865
82
28
-12
884
-2900
3055
5237890
-3
21
-14
860
-2914
3008
5238915
-29
19
-9
885
-2908
2994
5239940
-29
21
-8
880
-2900
3001
5240965
-46
17
-8
874
-2898
3029
5241990
-43
11
-7
877
-2960
3040
5243015
-13
3
-7
902
-2932
2997
5244040
-8
6
-4
904
-2880
2966
5245065
-38
11
-1
869
-2869
3015
5246090
-64
4
4
855
-2910
3048
5247115
-38
-4
9
882
-2965
2984
5248140
1
-3
12
907
-2927
2937
5249165
-21
-3
13
921
-2919
2985
5250190
-56
-4
11
894
-2985
3061
5251215
-14
-17
6
877
-3038
3060
5244031
47
-36
-2
856
-2950
3035
5245056
43
-50
-3
861
-2906
3014
5246081
4
-51
1
878
-2940
2993
5247106
-6
-52
1
917
-2941
2981
5248131
-6
-57
-2
948
-2915
2959
5249156
-8
-53
-4
922
-2920
2891
5250181
4
-33
-3
887
-2927
2868
5251206
11
-8
2
899
-2922
2878
5252231
-2
12
2
951
-2916
2907
5253256
-18
26
1
956
-2915
2917
5254281
-10
38
0
909
-2941
2952
5255306
4
44
2
885
-2925
2988
5256331
-8
44
4
885
-2917
3016
5257356
-26
36
6
901
-2926
3035
5258381
-23
23
7
906
-2934
3017
5259406
-9
10
12
888
-2916
3017
5252225
-4
-3
19
858
-2907
3025
5253250
-13
-11
21
869
-2916
3013
5254275
-23
-15
21
909
-2958
2986
5255300
-12
-15
20
909
-2980
2952
5256325
2
-11
17
881
-2959
2936
5257350
-7
-5
13
893
-2937
2949
5258375
-11
2
10
892
-2975
2952
5259400
9
7
8
879
-2951
2978
5260425
17
7
5
871
-2969
2977
5261450
2
7
1
903
-2907
2973
5262475
-20
9
1
900
-2929
2981
5263500
-15
8
2
877
-2939
2994
5264525
7
5
6
870
-2954
3002
5265550
19
-2
7
894
-2939
2992
5266575
1
-6
5
896
-2912
2985
5267600
-25
-4
4
878
-2944
2966
5260417
-25
-2
6
859
-2959
2975
5261442
-3
0
5
875
-2956
2963
5262467
12
-1
4
894
-2936
2972
5263492
5
0
4
902
-2910
2977
5264517
-15
4
4
889
-2938
2961
5265542
-12
8
6
869
-2983
2978
5266567
6
5
5
889
-2959
3003
5267592
3
-1
1
900
-2920
2982
5268617
-5
-3
-1
877
-2937
2965
5269642
-6
0
-1
846
-2936
2987
5270667
3
0
3
860
-2941
3002
5271692
12
-2
5
913
-2925
2968
5272717
2
-4
6
909
-2918
2957
5273742
-14
-4
6
890
-2958
2975
5274767
-13
1
5
863
-2964
2971
5275792
1
4
4
861
-2960
2972
5268609
5
3
1
905
-2930
2987
5269634
-6
3
-1
909
-2924
2969
5270659
-9
3
3
875
-2913
2965
5271684
-5
3
7
858
-2927
2967
5272709
4
6
12
847
-2936
2992
5273734
4
4
15
894
-2934
3001
5274759
2
0
15
905
-2943
2981
5275784
2
-3
14
860
-2945
2965
5276809
5
-1
14
844
-2936
2991
5277834
5
0
11
859
-2951
3001
5278859
-1
-1
10
879
-2941
2976
5279884
-5
-5
9
891
-2959
2971
5280909
2
-6
9
888
-2952
2978
5281934
9
-3
7
856
-2962
3006
5282959
11
-6
3
852
-2924
3013
5283984
-11
-13
2
874
-2914
2994
5276800
-26
-14
4
879
-2925
2984
5277825
-10
-14
6
856
-2944
2979
5278850
12
-13
9
858
-2967
2973
5279875
10
-12
6
901
-2953
2959
5280900
-6
-11
1
895
-2964
2960
5281925
-8
-7
-6
867
-2980
2979
5282950
4
-6
-9
864
-2961
2980
5283975
6
-7
-11
887
-2915
2974
5285000
-12
-8
-11
894
-2903
2972
5286025
-22
-6
-7
870
-2943
2974
5287050
2
-3
-2
864
-2949
2970
5288075
24
-3
0
883
-2940
2988
5289100
11
-7
-2
896
-2923
3005
5290125
-6
-9
-4
881
-2938
2999
5291150
1
-8
-2
872
-2936
2966
5292175
14
-11
1
867
-2941
2979
5284991
19
-12
3
891
-2944
2995
5286016
11
-11
0
895
-2948
2983
5287041
0
-12
-5
877
-2934
2981
5288066
-5
-12
-7
882
-2933
2985
5289091
8
-11
-5
887
-2925
2997
5290116
15
-13
0
891
-2903
2976
5291141
1
-13
1
894
-2906
2964
5292166
-17
-8
2
903
-2931
2951
5293191
-11
0
2
874
-2974
2964
5294216
13
5
-3
874
-2963
2972
5295241
9
6
-7
913
-2927
2986
5296266
-14
2
-11
921
-2920
2991
5297291
-17
-1
-11
886
-2929
2991
5298316
5
-4
-9
847
-2943
3006
5299341
20
-10
-2
862
-2890
3006
5300366
0
-14
2
912
-2857
2998
5293184
-27
-11
6
930
-2905
2983
5294209
-13
-9
10
887
-2948
2983
5295234
25
-12
15
858
-2968
2963
5296259
31
-13
14
890
-2935
2972
5297284
5
-12
7
925
-2949
3004
5298309
-13
-13
-3
914
-2957
3009
5299334
3
-15
-8
875
-2958
2974
5300359
22
-17
-7
867
-2932
2979
5301384
12
-18
-6
899
-2885
2998
5302409
-9
-16
-6
922
-2917
2979
5303434
-8
-16
-3
910
-2906
2963
5304459
7
-15
2
890
-2907
2985
5305484
13
-12
9
903
-2919
3004
5306509
5
-15
10
913
-2933
2950
5307534
-15
-16
6
906
-2922
2957
5308559
