Device = VHR-0009
time_stamp = 1779871643288
sample_rate = 50
Data format = INT16
TYPE = 6-AXIS IMU RAW DATA
5
-3
5
-815
-434
4206
1877120
7
-4
6
-796
-442
4202
1878145
5
-4
5
-802
-421
4202
1879170
0
-6
7
-808
-440
4212
1880195
2
-7
6
-808
-429
4215
1881220
4
-7
7
-802
-438
4213
1882245
3
-6
9
-801
-425
4208
1883270
-1
-4
10
-807
-433
4213
1884295
-4
-3
7
-802
-433
4222
1885320
1
-3
6
-807
-442
4218
1886345
9
-3
5
-800
-421
4216
1887370
3
-1
7
-807
-413
4222
1888395
-7
1
7
-807
-437
4203
1889420
-4
0
8
-804
-438
4207
1890445
3
-5
9
-797
-430
4202
1891470
6
-7
8
-795
-422
4198
1892495
2
-8
9
-806
-438
4208
1885313
-1
-7
5
-811
-431
4225
1886338
0
-8
2
-813
-431
4222
1887363
1
-6
3
-818
-431
4208
1888388
5
-4
4
-808
-436
4218
1889413
4
-1
4
-808
-444
4210
1890438
5
0
8
-792
-429
4210
1891463
4
0
8
-787
-426
4208
1892488
6
0
7
-787
-429
4208
1893513
9
1
8
-804
-422
4204
1894538
8
2
5
-818
-412
4201
1895563
4
0
3
-817
-428
4215
1896588
9
1
6
-816
-422
4222
1897613
4
1
8
-816
-418
4191
1898638
-2
0
6
-809
-424
4198
1899663
-1
-3
5
-806
-433
4219
1900688
6
0
7
-787
-429
4208
1893513
9
1
8
-804
-422
4204
1894538
8
2
5
-818
-412
4201
1895563
4
0
3
-817
-428
4215
1896588
9
1
6
-816
-422
4222
1897613
4
1
8
-816
-418
4191
1898638
-2
0
6
-809
-424
4198
1899663
-1
-3
5
-806
-433
4219
1900688
3
-3
7
-807
-435
4214
1893506
5
-4
7
-805
-417
4202
1894531
3
-3
2
-805
-403
4214
1895556
2
-1
2
-802
-430
4225
1896581
6
0
2
-814
-419
4212
1897606
4
0
3
-822
-418
4200
1898631
1
-1
3
-814
-432
4209
1899656
6
-3
5
-805
-436
4206
1900681
4
-3
7
-805
-424
4205
1901706
-5
-4
6
-807
-414
4198
1902731
-8
-5
8
-809
-419
4212
1903756
0
-7
5
-813
-418
4214
1904781
5
-7
2
-815
-401
4204
1905806
-1
-4
0
-807
-415
4218
1906831
0
-2
0
-805
-425
4219
1907856
0
-2
4
-799
-433
4206
1908881
-1
-1
5
-808
-428
4208
1901696
-2
-1
6
-812
-419
4214
1902721
-3
-2
7
-822
-421
4199
1903746
1
-2
6
-820
-414
4216
1904771
2
-2
3
-814
-415
4227
1905796
5
-3
3
-809
-420
4217
1906821
7
-3
2
-806
-416
4199
1907846
4
-3
2
-810
-416
4207
1908871
-1
-2
6
-814
-426
4210
1909896
-1
-2
8
-810
-423
4202
1910921
4
-3
8
-810
-409
4195
1911946
5
-4
8
-806
-401
4208
1912971
-2
-5
7
-808
-407
4220
1913996
-4
-5
1
-818
-406
4218
1915021
-1
-6
0
-820
-425
4201
1916046
2
-5
1
-819
-413
4218
1917071
-5
-2
2
-813
-433
4214
1909887
-3
-3
4
-799
-434
4209
1910912
0
-3
6
-796
-410
4196
1911937
-1
-4
10
-792
-419
4214
1912962
-1
-5
10
-799
-410
4217
1913987
-2
-4
9
-815
-404
4210
1915012
-4
-5
6
-821
-401
4210
1916037
1
-5
3
-821
-400
4222
1917062
7
-4
4
-814
-413
4211
1918087
0
-1
4
-811
-418
4212
1919112
-13
-2
5
-808
-425
4215
1920137
-13
-1
7
-807
-435
4212
1921162
-4
-2
10
-808
-421
4206
1922187
-3
-3
7
-812
-407
4207
1923212
-5
-1
4
-812
-419
4206
1924237
1
-1
3
-806
-404
4200
1925262
1
-2
3
-806
-405
4203
1918080
-3
-2
1
-816
-417
4194
1919105
0
-1
-2
-807
-430
4193
1920130
4
1
-1
-803
-425
4210
1921155
2
2
4
-809
-410
4206
1922180
-3
-8
3
-803
-434
4201
1923205
8
-7
-6
-802
-363
4238
1924230
-14
8
-7
-817
-404
4264
1925255
-27
22
-15
-814
-447
4222
1926280
-8
31
-19
-826
-435
4200
1927305
15
33
-26
-815
-404
4223
1928330
36
33
-26
-794
-394
4263
1929355
22
46
-20
-813
-407
4252
1930380
4
49
-21
-839
-463
4199
1931405
8
42
-18
-843
-446
4192
1932430
18
36
-16
-851
-418
4221
1933455
34
31
-14
-842
-419
4221
1926272
64
30
-16
-818
-387
4228
1927297
64
32
-20
-815
-357
4195
1928322
32
35
-20
-847
-392
4169
1929347
27
33
-22
-863
-404
4151
1930372
22
26
-20
-875
-410
4119
1931397
13
20
-17
-886
-389
4155
1932422
-24
15
-6
-891
-365
4193
1933447
-62
9
0
-906
-443
4172
1934472
-31
0
-7
-898
-375
4190
1935497
-51
2
-8
-880
-347
4191
1936522
-66
2
-6
-866
-386
4205
1937547
-61
0
-6
-852
-388
4214
1938572
-53
-5
-11
-854
-457
4174
1939597
-11
-14
-16
-848
-443
4160
1940622
-19
-23
-9
-857
-438
4200
1941647
-54
-29
3
-877
-482
4224
1934464
-87
-37
9
-894
-485
4203
1935489
-56
-53
23
-863
-468
4157
1936514
-80
-72
54
-891
-422
4112
1937539
-153
-80
68
-960
-575
4205
1938564
-223
-55
43
-888
-457
4219
1939589
-137
-43
105
-838
-639
3983
1940614
310
-87
123
-510
-372
4765
1941639
45
-68
95
-735
-55
5166
1942664
-370
-28
58
-802
-667
3810
1943689
46
-44
76
-876
-813
3367
1944714
114
-111
64
-753
-478
3506
1945739
-29
-171
60
-877
-223
4190
1946764
-208
-159
-27
-659
-169
4898
1947789
-464
12
17
-589
-691
5357
1948814
-313
123
58
-907
-1118
4202
1949839
242
80
-14
-937
-424
3482
1942657
228
3
-41
-656
-92
3869
1943682
31
-20
21
-723
-603
4256
1944707
124
-20
5
-817
-627
4319
1945732
180
-19
-8
-893
-477
4176
1946757
167
-24
6
-893
-448
4066
1947782
116
-22
21
-841
-492
4201
1948807
80
4
35
-810
-471
4411
1949832
55
32
33
-743
-447
4410
1950857
47
51
21
-721
-358
4270
1951882
23
52
8
-738
-339
4131
1952907
10
40
-9
-755
-446
4134
1953932
36
27
-23
-791
-460
4182
1954957
65
22
-27
-850
-414
4194
1955982
61
13
-17
-865
-437
4183
1957007
57
10
1
-874
-445
4182
1958032
39
7
13
-861
-456
4194
1950848
15
3
12
-844
-456
4225
1951873
11
-1
4
-837
-451
4228
1952898
43
-12
6
-926
-482
4242
1953923
79
-28
-2
-956
-604
4253
1954948
131
-42
-12
-840
-509
4218
1955973
155
-46
19
-781
-385
4211
1956998
170
-44
52
-863
-379
4274
1958023
198
-53
52
-920
-481
4304
1959048
246
-64
36
-876
-406
4288
1960073
276
-70
50
-873
-354
4305
1961098
335
-86
78
-817
-395
4347
1962123
386
-93
105
-760
-258
4341
1963148
349
-86
125
-760
-188
4289
1964173
303
-92
114
-725
-182
4316
1965198
310
-100
94
-645
-107
4423
1966223
314
-82
89
-663
-1
4428
1959040
278
-67
79
-731
-31
4330
1960065
265
-73
64
-756
-11
4279
1961090
261
-81
66
-755
31
4345
1962115
255
-84
76
-748
13
4378
1963140
278
-96
88
-747
33
4341
1964165
290
-109
98
-745
106
4309
1965190
273
-119
111
-732
110
4267
1966215
275
-133
128
-712
100
4262
1967240
299
-141
133
-680
143
4237
1968265
306
-136
132
-651
185
4159
1969290
295
-121
118
-636
240
4079
1970315
240
-101
98
-637
275
4081
1971340
160
-81
80
-624
237
4101
1972365
109
-61
64
-611
184
4055
1973390
103
-47
55
-609
154
4009
1974415
109
-38
45
-619
136
4018
1967233
110
-35
37
-619
194
4056
1968258
80
-34
38
-608
178
4095
1969283
52
-32
40
-608
142
4088
1970308
51
-36
35
-605
164
4095
1971333
45
-46
34
-577
200
4133
1972358
34
-54
41
-566
207
4170
1973383
20
-55
43
-555
227
4160
1974408
18
-55
41
-540
242
4184
1975433
14
-55
33
-544
251
4180
1976458
12
-55
23
-534
246
4182
1977483
16
-51
15
-532
293
4224
1978508
4
-40
2
-542
285
4226
1979533
0
-30
-17
-543
280
4211
1980558
-11
-24
-26
-551
265
4218
1981583
-9
-21
-29
-558
245
4235
1982608
-2
-21
-25
-562
220
4232
1975454
-5
-24
-21
-566
237
4213
1976479
-14
-30
-10
-561
233
4235
1977504
-15
-36
4
-553
217
4238
1978529
12
-43
14
-553
240
4234
1979554
19
-45
13
-536
314
4219
1980579
-35
-36
13
-549
280
4204
1981604
-73
-33
7
-571
268
4172
1982629
-93
-43
6
-654
290
4091
1983654
-139
-59
8
-618
246
4033
1984679
-158
-19
11
-538
168
4098
1985704
-27
51
16
-339
384
4717
1986729
113
15
96
-412
243
4508
1987754
-189
75
-4
-581
320
4486
1988779
-406
66
31
-439
-343
3935
1989804
-106
53
71
-560
42
4040
1990829
-22
28
34
-517
284
4520
1983616
-103
23
-70
-661
464
4295
1984641
-139
-18
-151
-572
69
4134
1985666
-29
-30
-106
-405
42
4522
1986691
185
-14
-34
-558
-33
4501
1987716
337
-12
-52
-694
91
4288
1988741
284
-36
-49
-695
320
3994
1989766
191
-66
-38
-637
393
3856
1990791
76
-78
-2
-559
304
3964
1991816
-40
-63
35
-594
72
4170
1992841
-20
-56
25
-612
119
4293
1993866
50
-59
18
-544
286
4271
1994891
75
-48
36
-500
282
4235
1995916
95
-31
48
-489
225
4255
1996941
131
-17
35
-507
302
4293
1997966
81
0
0
-502
373
4300
1998991
6
27
-28
-513
359
4303
1991808
-32
41
-28
-543
283
4275
1992833
-18
41
-25
-565
246
4243
1993858
4
46
-32
-580
272
4210
1994883
-20
51
-46
-599
250
4155
1995908
-39
48
-49
-582
194
4161
1996933
-33
46
-36
-576
214
4230
1997958
-12
42
-9
-581
218
4272
1998983
7
36
0
-566
227
4248
2000008
14
28
-1
-557
266
4223
2001033
17
16
0
-562
260
4209
2002058
49
1
2
-565
277
4245
2003083
68
-6
8
-581
309
4266
2004108
37
-3
6
-606
288
4241
2005133
-5
-3
0
-605
265
4243
2006158
-6
-4
2
-568
172
4289
2007183
47
4
9
-517
209
4316
2000000
59
26
17
-494
293
4270
2001025
17
48
21
-519
296
4189
2002050
-25
50
14
-574
274
4165
2003075
-40
34
-6
-614
263
4183
2004100
-22
5
-20
-648
257
4171
2005125
4
-26
-19
-676
276
4171
2006150
11
-48
-18
-676
331
4229
2007175
-11
-55
-20
-644
295
4270
2008200
-2
-47
-21
-634
221
4273
2009225
16
-42
-25
-600
251
4274
2010250
-4
-32
-20
-567
294
4280
2011275
-51
-19
-11
-591
199
4248
2012300
-39
-22
-15
-585
141
4158
2013325
30
-45
2
-575
224
4166
2014350
23
-61
28
-572
215
4180
2015375
5
-72
41
-585
229
4186
2008192
-11
-84
54
-564
269
4257
2009217
-18
-93
71
-561
269
4274
2010242
6
-102
79
-546
306
4270
2011267
17
-108
79
-517
342
4264
2012292
12
-107
78
-495
348
4271
2013317
21
-97
73
-488
344
4290
2014342
24
-81
66
-481
330
4267
2015367
25
-64
48
-481
316
4220
2016392
21
-45
22
-465
307
4224
2017417
8
-23
9
-455
256
4242
2018442
6
-13
1
-455
249
4237
2019467
38
0
-5
-460
261
4212
2020492
61
14
-10
-461
328
4203
2021517
23
24
-7
-464
327
4219
2022542
-8
28
0
-477
284
4207
2023567
16
26
1
-471
263
4181
2016384
35
28
-3
-461
277
4224
2017409
8
39
-13
-474
314
4248
2018434
-12
43
-17
-497
296
4225
2019459
-5
33
-9
-497
285
4210
2020484
-1
26
2
-496
249
4222
2021509
10
23
2
-497
267
4223
2022534
9
21
2
-498
281
4192
2023559
3
16
3
-491
250
4192
2024584
5
14
-1
-493
260
4219
2025609
17
13
-5
-481
310
4227
2026634
7
11
4
-496
318
4225
2027659
1
6
6
-514
304
4219
2028684
-7
4
-1
-513
285
4200
2029709
-10
2
-7
-509
272
4220
2030734
-25
2
-1
-503
287
4234
2031759
-37
4
2
-519
302
4221
2024576
-47
1
9
-524
287
4200
2025601
-71
-3
21
-572
325
4134
2026626
-122
-10
40
-668
313
4048
2027651
-182
-9
31
-600
227
4102
2028676
-95
48
45
-355
115
4665
2029701
303
47
125
-238
57
4705
2030726
135
128
28
-702
823
4691
2031751
-343
119
25
-542
42
3882
2032776
-150
57
10
-588
214
3620
2033801
17
-51
25
-547
293
3879
2034826
51
-108
-55
-554
518
4061
2035851
-86
-76
-105
-376
428
4569
2036876
-399
56
-47
-404
127
4917
2037901
-302
125
-21
-637
-306
4448
2038926
219
82
-74
-710
173
4076
2039951
222
44
-73
-630
476
4061
2032768
10
37
-25
-622
248
4157
2033793
23
20
-9
-606
189
4275
2034818
68
16
-6
-604
218
4263
2035843
89
13
-4
-589
192
4182
2036868
132
8
1
-579
257
4174
2037893
96
8
12
-587
270
4161
2038918
32
3
11
-597
257
4181
2039943
4
-6
2
-588
272
4217
2040968
1
-10
1
-604
256
4203
2041993
34
-20
0
-582
249
4195
2043018
67
-30
0
-565
273
4208
2044043
65
-32
-3
-537
287
4239
2045068
51
-22
-1
-542
330
4278
2046093
11
-9
2
-569
275
4229
2047118
8
-9
-4
-578
274
4213
2048143
11
-16
-1
-561
290
4209
2040960
21
-19
11
-567
264
4239
2041985
22
-15
16
-572
253
4247
2043010
12
-11
9
-588
296
4232
2044035
18
-11
4
-573
279
4235
2045060
32
-8
3
-554
325
4250
2046085
31
-3
12
-555
314
4254
2047110
22
6
20
-560
257
4258
2048135
17
12
17
-567
312
4253
2049160
15
13
16
-561
298
4228
2050185
15
13
18
-562
292
4213
2051210
4
9
15
-572
292
4186
2052235
25
1
14
-567
313
4196
2053260
23
-4
19
-569
325
4218
2054285
0
-8
18
-559
317
4217
2055310
-2
-11
14
-537
345
4233
2056335
-10
-11
13
-558
327
4208
2049152
-19
-13
4
-570
353
4191
2050177
-26
-13
-1
-577
323
4210
2051202
-13
-17
2
-572
262
4225
2052227
7
-18
0
-571
279
4207
2053252
8
-16
2
-555
293
4227
2054277
7
-10
11
-539
288
4265
2055302
-12
0
16
-550
263
4250
2056327
-18
8
7
-555
311
4220
2057352
-18
12
0
-575
306
4228
2058377
-12
8
-2
-571
323
4217
2059402
-2
2
5
-568
280
4242
2060427
10
-1
7
-576
304
4260
2061452
10
-2
6
-584
272
4250
2062477
25
-7
1
-560
276
4237
2063502
29
-5
0
-555
291
4243
2064527
18
0
1
-554
295
4224
2057344
13
5
5
-566
284
4214
2058369
8
5
9
-565
279
4202
2059394
-5
8
5
-577
303
4181
2060419
-17
7
-3
-574
316
4174
2061444
-21
-1
-8
-592
325
4188
2062469
-24
-14
-9
-588
293
4214
2063494
-7
-27
-12
-576
320
4238
2064519
-3
-34
-14
-573
339
4225
2065544
-11
-39
-12
-558
329
4240
2066569
-7
-45
-6
-549
317
4270
2067594
8
-46
-1
-533
321
4268
2068619
12
-39
-4
-537
341
4253
2069644
1
-32
-9
-531
338
4225
2070669
-13
-26
-13
-536
317
4207
2071694
-12
-24
-16
-562
305
4205
2072719
-13
-23
-16
-574
277
4221
2065536
-12
-27
-7
-567
275
4221
2066561
-19
-29
3
-592
287
4191
2067586
-19
-36
10
-602
298
4187
2068611
-6
-46
22
-595
283
4266
2069636
9
-43
41
-605
292
4317
2070661
21
-35
56
-592
288
4282
2071686
26
-29
65
-574
285
4255
2072711
31
-21
65
-540
300
4249
2073736
30
-5
65
-510
284
4250
2074761
18
17
65
-501
305
4248
2075786
-3
32
62
-505
304
4222
2076811
-9
40
59
-507
276
4203
2077836
6
39
54
-492
282
4209
2078861
11
36
53
-481
322
4196
2079886
-16
36
54
-499
342
4177
2080911
-45
30
51
-522
343
4152
2073729
-72
11
51
-538
359
4166
2074754
-99
-10
54
-531
312
4215
2075779
-119
-23
55
-559
308
4179
2076804
-108
-43
47
-574
326
4084
2077829
-111
-60
47
-552
223
4105
2078854
-81
-54
31
-561
194
4211
2079879
-83
-42
14
-553
471
4142
2080904
-124
-15
51
-454
370
3978
2081929
57
40
117
-187
44
4706
2082954
103
73
91
-498
117
4971
2083979
-269
92
48
-578
85
4215
2085004
-111
46
10
-530
225
3718
2086029
-27
-1
21
-475
368
3943
2087054
-48
-45
-41
-493
435
4356
2088079
-288
10
-91
-440
429
4738
2089104
-558
89
-70
-443
-175
4623
2081920
-201
97
-70
-659
-194
4070
2082945
249
16
-55
-669
131
3862
2083970
210
-29
-19
-605
307
4041
2084995
66
-39
6
-571
185
4231
2086020
40
-42
12
-552
131
4259
2087045
50
-39
26
-543
136
4229
2088070
80
-40
27
-553
136
4170
2089095
134
-41
18
-538
169
4225
2090120
120
-31
13
-527
262
4322
2091145
48
-12
6
-535
296
4312
2092170
26
2
6
-542
280
4273
2093195
18
12
6
-551
236
4255
2094220
17
15
-5
-564
260
4250
2095245
19
13
-10
-556
240
4237
2096270
12
15
-10
-552
224
4258
2097295
15
13
-6
-549
239
4261
2090111
27
13
9
-544
188
4261
2091136
21
18
10
-547
228
4225
2092161
7
16
11
-554
230
4212
2093186
8
14
13
-561
204
4231
2094211
17
8
10
-568
264
4213
2095236
19
-6
14
-552
213
4221
2096261
41
-14
12
-524
236
4255
2097286
42
-10
9
-534
242
4221
2098311
52
-11
1
-520
259
4213
2099336
49
-6
-3
-528
303
4224
2100361
22
1
-5
-540
300
4211
2101386
-12
4
-3
-570
248
4175
2102411
-18
-3
-2
-592
228
4196
2103436
1
-15
-4
-566
209
4234
2104461
23
-23
-4
-560
241
4242
2105486
31
-29
4
-528
247
4263
2098304
38
-27
11
-524
240
4268
2099329
38
-21
12
-526
268
4253
2100354
19
-15
10
-524
293
4253
2101379
7
-9
11
-518
271
4269
2102404
17
-5
5
-513
291
4284
2103429
23
2
5
-518
291
4266
2104454
24
3
1
-524
299
4241
2105479
29
1
-8
-504
285
4230
2106504
38
4
-24
-517
323
4210
2107529
23
8
-40
-541
297
4190
2108554
9
8
-50
-563
302
4201
2109579
-18
6
-53
-593
247
4189
2110604
-15
-7
-49
-590
218
4198
2111629
4
-24
-33
-573
236
4215
2112654
13
-33
-17
-556
256
4234
2113679
6
-35
-8
-544
259
4244
2106496
3
-32
-4
-538
267
4236
2107521
15
-31
-2
-519
280
4256
2108546
15
-27
0
-509
297
4269
2109571
9
-17
-6
-508
306
4235
2110596
1
-13
-11
-507
302
4220
2111621
-10
-14
-12
-517
293
4246
2112646
-7
-16
-15
-522
288
4254
2113671
8
-16
-15
-526
286
4212
2114696
9
-15
-14
-534
300
4204
2115721
-1
-15
-10
-534
283
4232
2116746
11
-13
-5
-540
264
4235
2117771
25
-9
-5
-539
306
4222
2118796
5
-2
-3
-543
302
4215
2119821
-11
2
-1
-548
285
4224
2120846
-2
1
0
-552
283
4220
2121871
4
2
0
-545
273
4231
2114687
4
5
4
-543
291
4246
2115712
5
6
12
-536
265
4260
2116737
8
6
13
-522
298
4242
2117762
-3
10
12
-529
301
4221
2118787
-12
11
11
-531
307
4237
2119812
-8
8
14
-525
272
4241
2120837
16
4
16
-515
276
4205
2121862
9
6
16
-530
321
4191
2122887
-23
8
10
-536
275
4198
2123912
-18
5
2
-538
260
4220
2124937
-13
8
-1
-549
255
4273
2125962
-44
14
-10
-589
165
4261
2126987
-33
2
-33
-549
116
4205
2128012
44
-24
-16
-591
266
4159
2129037
53
-55
6
-619
424
4164
2130062
-71
-69
-11
-644
509
3899
2122880
-48
-67
38
-330
374
4222
2123905
127
-34
161
-172
-116
4836
2124930
11
69
12
-628
481
4769
2125955
-209
50
9
-555
140
3820
2126980
-109
-17
-38
-565
443
3393
2128005
-21
-142
-60
-447
452
3598
2129030
-55
-147
-100
-346
595
4569
2130055
-523
7
-98
-284
424
5404
2131080
-696
168
-48
-557
-357
4761
2132105
28
134
-121
-775
-102
3902
2133130
303
34
-107
-583
410
3765
2134155
65
5
-50
-614
212
4034
2135180
13
-18
-44
-605
50
4297
2136205
52
-29
-48
-546
179
4331
2137230
46
-26
-19
-524
149
4246
2138255
86
-28
11
-522
142
4253
2131073
94
-20
23
-535
192
4286
2132098
73
-4
12
-551
198
4261
2133123
56
3
-3
-550
262
4249
2134148
25
6
0
-542
284
4230
2135173
23
0
4
-541
245
4233
2136198
34
-3
2
-531
221
4237
2137223
22
4
-8
-533
229
4230
2138248
19
4
-11
-524
215
4235
2139273
15
0
-5
-540
228
4241
2140298
16
-7
0
-529
224
4244
2141323
23
-9
-1
-539
261
4226
2142348
23
-10
3
-527
242
4241
2143373
11
-10
8
-526
243
4246
2144398
-1
-11
8
-538
231
4234
2145423
15
-12
8
-529
246
4264
2146448
17
-10
11
-531
251
4260
2139264
4
-8
12
-544
225
4234
2140289
7
-11
8
-535
237
4235
2141314
15
-13
8
-525
250
4261
2142339
6
-11
10
-523
243
4230
2143364
6
-11
13
-525
240
4213
2144389
10
-8
17
-520
274
4221
2145414
-3
-2
20
-528
255
4216
2146439
-13
0
20
-557
240
4208
2147464
-10
-3
13
-567
239
4221
2148489
6
-10
7
-556
259
4213
2149514
9
-18
7
-545
251
4212
2150539
4
-16
11
-540
251
4235
2151564
-7
-13
16
-544
259
4258
2152589
-21
-12
18
-522
226
4235
2153614
4
-5
18
-521
233
4191
2154639
10
-1
25
-530
271
4200
2147456
-15
1
33
-540
239
4244
2148481
-16
2
30
-534
219
4258
2149506
-7
5
32
-519
213
4244
2150531
-5
8
37
-529
248
4240
2151556
-16
9
41
-533
251
4246
2152581
-11
4
38
-530
239
4248
2153606
7
1
32
-515
243
4270
2154631
13
1
27
-508
260
4276
2155656
2
3
21
-511
226
4259
2156681
24
4
13
-496
253
4237
2157706
46
8
12
-490
278
4233
2158731
43
11
12
-513
276
4237
2159756
25
9
4
-520
276
4218
2160781
18
6
-5
-516
254
4214
2161806
17
3
-7
-520
249
4225
2162831
10
0
-6
-521
249
4220
2155649
0
0
-4
-529
230
4210
2156674
4
-5
-1
-520
242
4216
2157699
-6
-7
4
-529
243
4233
2158724
-19
-8
8
-530
238
4228
2159749
-3
-9
8
-521
267
4233
2160774
8
-12
13
-532
283
4259
2161799
-1
-12
11
-532
292
4236
2162824
3
-11
4
-522
301
4235
2163849
11
-6
-1
-520
290
4250
2164874
0
1
-6
-543
272
4240
2165899
1
0
-8
-533
276
4257
2166924
1
3
-2
-538
237
4253
2167949
13
3
-7
-547
263
4232
2168974
16
5
-8
-543
299
4248
2169999
8
6
0
-539
251
4259
2171024
19
5
6
-541
250
4233
2163839
21
4
11
-550
258
4219
2164864
19
3
15
-541
259
4238
2165889
11
2
17
-542
287
4231
2166914
-8
2
21
-553
270
4204
2167939
-6
-5
23
-605
263
4168
2168964
-45
-12
1
-604
207
4206
2169989
-119
-11
2
-610
88
4037
2171014
93
-19
-12
-518
193
4102
2172039
395
5
-35
-142
514
4798
2173064
125
58
-21
-649
575
4696
2174089
-378
52
-82
-608
262
3800
2175114
-101
-86
-71
-500
113
3206
2176139
188
-210
-50
-413
332
3604
2177164
164
-195
-86
-346
528
4484
2178189
-312
-22
-70
-229
487
5436
2179214
-553
179
-22
-576
-121
4812
2172033
-150
178
-77
-730
62
4005
2173058
48
98
-66
-610
281
3804
2174083
46
56
-30
-630
185
4090
2175108
18
44
-37
-614
177
4378
2176133
-11
47
-39
-581
214
4362
2177158
19
39
-11
-600
192
4273
2178183
72
22
6
-594
229
4226
2179208
68
17
7
-582
244
4191
2180233
61
12
7
-566
245
4178
2181258
38
10
18
-567
265
4222
2182283
7
10
19
-584
217
4196
2183308
27
2
11
-582
217
4208
2184333
31
3
6
-566
265
4241
2185358
9
12
3
-569
230
4229
2186383
7
7
3
-567
247
4200
2187408
4
-1
8
-578
257
4213
2180223
3
-6
15
-574
223
4255
2181248
14
-10
3
-579
245
4230
2182273
29
-10
-2
-568
285
4237
2183298
7
-3
1
-566
272
4242
2184323
-1
-2
1
-579
252
4249
2185348
1
-2
2
-580
271
4266
2186373
-3
3
2
-587
265
4246
2187398
6
8
1
-584
281
4251
2188423
2
13
6
-586
262
4265
2189448
-9
22
4
-594
250
4233
2190473
-11
30
0
-588
248
4220
2191498
-9
32
0
-589
250
4217
2192523
-15
30
1
-592
246
4199
2193548
-17
24
1
-602
272
4175
2194573
-20
17
6
-607
260
4175
2195598
-27
12
8
-609
256
4159
2188662
-30
4
18
-606
216
4180
2189687
-19
-4
26
-616
225
4208
2190712
-22
-13
29
-620
232
4201
2191737
-31
-19
30
-604
223
4202
2192762
-27
-24
29
-589
236
4221
2193787
-37
-22
38
-568
186
4283
2194812
-27
-16
45
-564
206
4302
2195837
-21
-7
54
-559
207
4269
2196862
-34
4
64
-562
134
4227
2197887
-21
6
59
-571
174
4235
2198912
2
0
59
-567
209
4237
2199937
10
-3
56
-570
281
4246
2200962
-8
3
40
-565
315
4226
2201987
-15
8
31
-559
301
4216
2203012
-31
9
29
-572
240
4248
2204037
-27
9
20
-596
236
4244
2196608
-6
5
12
-593
242
4242
2197633
-5
2
6
-589
232
4244
2198658
-11
1
10
-577
248
4221
2199683
-31
1
21
-584
221
4202
2200708
-20
0
22
-576
183
4235
2201733
0
2
21
-583
231
4293
2202758
-1
15
19
-588
252
4303
2203783
-25
24
19
-609
238
4285
2204808
-46
23
21
-652
195
4216
2205833
-22
12
9
-634
211
4168
2206858
4
-4
13
-616
202
4173
2207883
18
-14
13
-616
245
4221
2208908
14
-16
13
-596
250
4246
2209933
0
-14
11
-600
212
4213
2210958
13
-15
1
-587
234
4213
2211983
11
-11
3
-579
215
4243
2204800
7
-3
-2
-585
197
4251
2205825
9
1
-5
-585
213
4243
2206850
-4
7
-3
-597
212
4233
2207875
-13
8
-5
-598
205
4219
2208900
-11
10
-6
-590
176
4216
2209925
-5
14
-8
-592
188
4195
2210950
-4
15
-6
-604
251
4226
2211975
-18
8
-1
-614
212
4241
2213000
-16
-1
-3
-622
183
4202
2214025
-10
-11
-9
-617
214
4193
2215050
-48
-20
-4
-613
215
4221
2216075
-99
-32
15
-633
116
4156
2217100
-6
-42
9
-639
115
4231
2218125
29
-24
-17
-628
280
4368
2219150
-69
-2
-29
-580
424
4295
2220175
-66
-12
-12
-550
237
4203
2212992
170
-50
16
-452
292
4357
2214017
120
-69
-9
-701
445
4353
2215042
-170
-88
-42
-486
-58
4101
2216067
7
-127
-5
-542
-19
3906
2217092
138
-176
-2
-500
269
3862
2218117
22
-188
-14
-469
321
3909
2219142
-116
-166
-49
-401
258
4275
2220167
-252
-60
-20
-326
318
5126
2221192
-406
92
18
-468
-129
4914
2222217
-49
136
-20
-806
-129
4078
2223242
260
34
-82
-651
360
3775
2224267
156
-7
-22
-532
314
4067
2225292
-15
23
10
-597
141
4465
2226317
-44
36
-3
-596
129
4501
2227342
-24
43
-7
-595
128
4280
2228367
106
22
2
-583
155
4153
2221185
125
6
28
-552
269
4181
2222210
39
13
36
-568
221
4229
2223235
6
21
22
-571
246
4271
2224260
41
24
13
-567
195
4222
2225285
112
5
13
-554
225
4146
2226310
93
-5
17
-543
251
4172
2227335
36
5
13
-542
183
4233
2228360
36
8
8
-545
198
4229
2229385
45
4
12
-548
223
4231
2230410
30
6
14
-544
209
4222
2231435
16
0
12
-562
209
4202
2232460
23
-9
3
-554
263
4188
2233485
18
-9
3
-553
243
4248
2234510
7
-8
5
-561
211
4262
2235535
19
-12
4
-557
243
4216
2236560
25
-13
9
-559
264
4226
2229375
11
-11
10
-571
235
4240
2230400
22
-13
6
-559
250
4258
2231425
27
-11
2
-549
277
4252
2232450
10
-4
2
-559
279
4237
2233475
1
2
5
-570
255
4249
2234500
25
3
5
-567
266
4266
2235525
25
2
4
-577
263
4248
2236550
18
1
3
-570
267
4229
2237575
20
-1
9
-572
259
4188
2238600
33
-6
15
-561
247
4204
2239625
25
-5
19
-556
280
4258
2240650
7
-2
20
-564
234
4221
2241675
24
-1
13
-558
281
4215
2242700
20
-2
11
-556
272
4234
2243725
17
-1
5
-553
287
4214
2244750
5
-2
5
-548
264
4209
2237568
6
0
3
-552
258
4240
2238593
9
2
5
-558
273
4250
2239618
12
5
8
-547
260
4220
2240643
15
14
5
-554
282
4171
2241668
0
15
-1
-560
281
4187
2242693
-8
13
-4
-541
293
4239
2243718
-14
12
-1
-564
276
4262
2244743
-22
10
-5
-579
244
4228
2245768
18
0
-5
-569
266
4183
2246793
20
-8
2
-571
314
4212
2247818
-21
-10
3
-576
268
4230
2248843
-18
-11
0
-577
248
4231
2249868
5
-15
1
-563
293
4228
2250893
8
-11
6
-563
290
4241
2251918
-5
-5
6
-573
282
4249
2252943
-10
-2
5
-575
264
4237
2245760
5
-1
5
-576
286
4241
2246785
10
1
3
-576
302
4243
2247810
-3
2
3
-578
276
4235
2248835
-4
2
0
-572
251
4233
2249860
9
4
-2
-576
270
4240
2250885
8
3
-1
-573
282
4204
2251910
-2
2
0
-572
274
4217
2252935
-4
-2
4
-567
268
4224
2253960
3
-5
10
-564
268
4215
2254985
4
-6
11
-562
292
4233
2256010
-10
-7
9
-565
273
4233
2257035
-2
-9
5
-563
279
4213
2258060
5
-8
2
-562
296
4217
2259085
-13
-2
-1
-573
273
4218
2260110
-17
-1
-5
-581
260
4218
2261135
-6
-7
-7
-583
249
4213
2253952
-5
-9
-11
-583
277
4206
2254977
-23
-9
-15
-590
290
4174
2256002
-36
-19
-20
-578
318
4206
2257027
-83
-20
-14
-587
280
4205
2258052
-84
-26
-12
-633
179
4097
2259077
-55
-57
-18
-663
249
4084
2260102
-111
-84
-32
-609
191
4115
2261127
-132
-55
-22
-557
330
4281
2262152
-95
11
6
-481
183
4423
2263177
174
37
6
-228
251
4549
2264202
138
32
7
-649
547
4506
2265227
-374
50
-51
-521
154
4178
2266252
-217
32
-58
-532
7
3949
2267277
95
-25
-42
-525
219
3994
2268302
108
-63
-49
-458
533
4350
2269327
-266
-1
-40
-434
254
4670
2262144
-373
59
-28
-505
-340
4499
2263169
64
43
-80
-693
68
4169
2264194
228
2
-108
-648
476
3992
2265219
99
-30
-63
-581
306
4043
2266244
-3
-30
-46
-551
92
4223
2267269
-16
-8
-33
-559
51
4319
2268294
35
7
-23
-575
174
4335
2269319
20
17
3
-579
149
4258
2270344
16
22
19
-603
160
4208
2271369
27
11
36
-606
153
4206
2272394
44
5
38
-599
191
4254
2273419
38
2
44
-601
219
4233
2274444
6
-1
43
-603
201
4193
2275469
34
-13
34
-591
204
4192
2276494
66
-21
27
-555
233
4221
2277519
51
-11
24
-560
271
4236
2270336
15
-9
25
-572
216
4238
2271361
9
-12
18
-568
192
4214
2272386
17
-11
9
-552
251
4216
2273411
22
-7
15
-546
228
4232
2274436
26
-1
22
-559
214
4264
2275461
9
-3
26
-564
208
4261
2276486
-16
-1
22
-576
229
4229
2277511
-11
-5
23
-576
192
4221
2278536
20
-13
17
-575
224
4247
2279561
15
-15
8
-568
288
4280
2280586
-17
-15
-1
-563
247
4215
2281611
-1
-15
-19
-581
316
4172
2282636
-1
-25
-19
-582
315
4212
2283661
-19
-28
-13
-556
213
4251
2284686
3
-21
-7
-564
149
4258
2285711
27
-15
-2
-586
174
4239
2278531
26
-11
-2
-556
194
4223
2279556
21
-6
8
-531
250
4220
2280581
-1
0
26
-547
202
4210
2281606
-6
4
25
-567
228
4232
2282631
1
4
14
-568
239
4240
2283656
7
-1
8
-555
225
4230
2284681
3
-5
12
-544
219
4230
2285706
0
-6
20
-551
214
4251
2286731
7
-5
17
-551
253
4258
2287756
7
-3
13
-542
237
4244
2288781
12
-3
15
-539
215
4231
2289806
13
1
10
-555
268
4193
2290831
-9
2
5
-557
293
4141
2291856
-34
-2
6
-553
247
4160
2292881
-26
-2
6
-526
231
4293
2293906
-8
9
5
-537
250
4298
2286720
-6
10
6
-584
224
4222
2287745
-13
0
3
-578
223
4195
2288770
-25
-5
6
-573
246
4199
2289795
-6
-7
14
-551
241
4260
2290820
4
-4
24
-546
203
4311
2291845
6
7
17
-574
219
4283
2292870
9
9
6
-574
226
4236
2293895
15
6
0
-570
263
4228
2294920
6
7
4
-560
227
4242
2295945
7
8
7
-575
205
4246
2296970
21
6
0
-576
235
4223
2297995
26
2
-2
-564
245
4231
2299020
14
1
0
-547
247
4229
2300045
8
2
10
-548
218
4224
2301070
14
1
13
-564
231
4213
2302095
16
-1
10
-553
247
4231
2294913
2
0
8
-547
246
4237
2295938
-2
1
9
-565
262
4225
2296963
-5
-1
6
-560
260
4216
2297988
7
-2
5
-568
254
4235
2299013
-7
-3
1
-577
252
4224
2300038
-21
-4
-4
-579
248
4206
2301063
-15
-6
-6
-579
251
4219
2302088
-16
-7
-11
-581
252
4212
2303113
-50
-7
-17
-602
233
4217
2304138
-120
-19
-19
-655
192
4206
2305163
-199
-44
-11
-663
172
4133
2306188
-208
-45
-26
-613
27
3946
2307213
106
-61
-26
-570
214
4105
2308238
291
-62
-31
-332
643
4708
2309263
161
-41
23
-356
266
4659
2310288
-119
15
-136
-663
365
4379
2303104
-256
-43
-116
-505
-170
3690
2304129
99
-95
-56
-502
108
3805
2305154
182
-89
-35
-444
214
4242
2306179
77
-59
-56
-465
311
4390
2307204
-73
-15
-98
-460
479
4544
2308229
-234
55
-99
-392
283
4653
2309254
-182
102
-47
-586
-118
4286
2310279
29
74
-69
-704
187
3994
2311304
49
35
-72
-621
356
4001
2312329
6
30
-57
-571
249
4353
2313354
-51
53
-38
-578
128
4466
2314379
-31
62
-35
-628
163
4307
2315404
12
47
-28
-603
179
4147
2316429
50
29
-4
-596
176
4097
2317454
47
12
18
-583
207
4217
2318479
-10
13
35
-584
141
4303
2311296
10
10
36
-613
140
4254
2312321
66
-3
25
-599
249
4147
2313346
48
-19
33
-582
196
4093
2314371
19
-34
35
-558
199
4153
2315396
18
-36
30
-541
228
4257
2316421
-3
-25
34
-553
181
4297
2317446
-13
-17
28
-565
198
4247
2318471
2
-21
14
-575
237
4157
2319496
27
-32
6
-549
249
4201
2320521
2
-24
11
-528
248
4290
2321546
-30
-10
13
-562
178
4287
2322571
-9
-10
12
-568
193
4257
2323596
11
-13
14
-576
229
4252
2324621
2
-11
13
-550
240
4269
2325646
-4
-2
12
-564
232
4269
2326671
-4
3
12
-581
217
4231
2319487
4
-2
10
-580
197
4165
2320512
-8
-11
12
-543
228
4179
2321537
-32
2
27
-544
206
4276
2322562
-49
20
34
-560
158
4330
2323587
-42
31
34
-588
173
4285
2324612
-21
26
34
-590
185
4220
2325637
-6
14
34
-580
209
4177
2326662
-2
6
39
-576
211
4182
2327687
-2
2
42
-581
203
4227
2328712
-4
-1
37
-581
213
4255
2329737
-4
-8
33
-579
212
4245
2330762
7
-18
33
-559
222
4235
2331787
23
-27
35
-542
233
4259
2332812
30
-26
38
-527
220
4283
2333837
28
-18
34
-515
259
4266
2334862
10
-7
35
-524
199
4263
2327820
17
2
26
-528
231
4244
2328845
20
9
11
-542
238
4222
2329870
27
9
-2
-557
292
4226
2330895
12
8
-5
-553
225
4217
2331920
10
5
-4
-569
197
4220
2332945
24
-4
-3
-576
178
4236
2333970
39
-18
-3
-567
202
4251
2334995
37
-26
-2
-548
228
4242
2336020
33
-25
4
-541
223
4253
2337045
27
-23
1
-537
246
4260
2338070
23
-20
-2
-539
258
4229
2339095
19
-16
1
-552
239
4232
2340120
22
-15
0
-556
260
4222
2341145
22
-13
-4
-561
296
4207
2342170
14
-12
-5
-575
254
4200
2343195
16
-9
-10
-565
257
4209
2335872
4
-4
-9
-582
242
4192
2336897
-4
-1
-8
-598
249
4192
2337922
-8
-1
-1
-600
223
4190
2338947
-3
-3
7
-612
205
4199
2339972
-3
-8
12
-596
234
4215
2340997
-10
-7
23
-591
215
4231
2342022
-5
-4
31
-573
217
4254
2343047
3
4
37
-562
249
4259
2344072
-9
17
38
-558
232
4243
2345097
-16
26
29
-550
231
4260
2346122
-14
29
20
-544
273
4263
2347147
-16
32
20
-541
259
4244
2348172
-11
28
21
-554
265
4224
2349197
0
14
19
-550
268
4230
2350222
3
3
12
-537
231
4235
2351247
11
-3
1
-530
272
4216
2344063
7
-5
-4
-530
284
4210
2345088
-12
-7
-3
-544
241
4205
2346113
-17
-12
-8
-568
225
4169
2347138
-10
-18
-12
-565
243
4177
2348163
-21
-22
-11
-567
222
4201
2349188
-42
-22
-14
-563
226
4200
2350213
-68
-22
-11
-568
178
4183
2351238
-57
-27
-10
-591
96
4197
2352263
-53
-49
-13
-649
146
4177
2353288
-43
-75
-27
-629
250
4164
2354313
-81
-32
-29
-569
237
4238
2355338
-66
45
10
-532
53
4410
2356363
179
70
35
-199
238
4928
2357388
324
77
2
-639
422
4793
2358413
-197
63
-49
-699
185
3669
2359438
-102
-54
-43
-527
289
3048
2352257
-33
-135
5
-433
399
3709
2353282
-86
-113
5
-369
388
4724
2354307
-328
14
-21
-418
343
5126
2355332
-394
88
-13
-565
-157
4546
2356357
46
63
-45
-676
59
3869
2357382
154
29
-34
-599
289
3935
2358407
-45
39
3
-615
179
4320
2359432
-86
42
14
-634
3
4430
2360457
21
41
-13
-623
134
4314
2361482
53
38
-17
-599
272
4218
2362507
9
32
25
-574
81
4209
2363532
16
32
30
-606
128
4247
2364557
55
30
8
-579
189
4248
2365582
55
28
18
-569
264
4294
2366607
-5
25
27
-609
149
4250
2367632
-16
10
13
-620
139
4171
2360448
30
-17
6
-601
140
4147
2361473
75
-35
3
-574
177
4205
2362498
77
-34
-5
-553
272
4215
2363523
31
-34
2
-556
203
4181
2364548
19
-39
8
-544
205
4271
2365573
10
-28
2
-559
176
4272
2366598
43
-18
-13
-567
224
4248
2367623
26
-17
-10
-580
234
4249
2368648
-3
-19
-11
-594
224
4235
2369673
4
-18
-10
-586
177
4248
2370698
24
-10
-15
-602
226
4234
2371723
16
-5
-11
-610
186
4251
2372748
9
-5
-5
-599
196
4239
2373773
9
-5
5
-607
161
4226
2374798
20
-3
12
-584
196
4233
2375823
17
6
13
-607
220
4193
2368640
11
4
14
-587
213
4201
2369665
0
8
19
-595
237
4235
2370690
-14
10
14
-608
197
4201
2371715
6
7
7
-569
228
4240
2372740
-3
13
12
-581
210
4245
2373765
-1
8
11
-590
223
4217
2374790
1
0
13
-566
197
4233
2375815
1
-4
16
-573
208
4220
2376840
5
-2
11
-556
226
4263
2377865
-3
2
10
-550
227
4250
2378890
-3
5
10
-565
218
4241
2379915
-1
4
5
-566
218
4238
2380940
3
6
3
-585
244
4229
2381965
-3
4
4
-583
208
4239
2382990
-5
0
4
-586
198
4233
2384015
7
-7
5
-585
227
4237
2376832
6
-9
4
-587
201
4236
2377857
7
-11
3
-575
226
4237
2378882
3
-8
6
-577
224
4234
2379907
4
-8
7
-579
215
4247
2380932
5
-5
9
-589
213
4246
2381957
4
-4
8
-600
209
4216
2382982
9
-6
4
-595
226
4217
2384007
7
-6
2
-584
236
4233
2385032
-3
-3
2
-589
221
4224
2386057
-5
3
2
-586
199
4225
2387082
-3
3
4
-593
216
4225
2388107
-6
1
8
-592
190
4211
2389132
0
0
10
-590
224
4231
2390157
-2
1
10
-581
236
4229
2391182
-8
2
9
-585
227
4218
2392207
-12
1
6
-584
200
4220
2385024
-14
-3
9
-564
208
4244
2386049
-25
-1
16
-567
208
4232
2387074
-18
0
21
-576
193
4232
2388099
-5
-7
26
-582
205
4238
2389124
-2
-11
22
-586
214
4239
2390149
-1
-13
12
-580
232
4235
2391174
1
-11
4
-565
241
4231
2392199
-1
-6
3
-571
241
4235
2393224
-4
-3
3
-586
211
4235
2394249
-10
-2
-6
-594
229
4211
2395274
-15
-4
-13
-578
272
4173
2396299
-40
-14
-4
-580
367
4071
2397324
-108
-36
44
-625
248
3989
2398349
-173
-54
73
-661
98
4219
2399374
-245
-29
40
-624
188
4364
2400399
-198
9
25
-575
42
4070
2393216
43
34
47
-598
-140
4127
2394241
296
58
6
-366
449
5022
2395266
157
62
-20
-537
413
4708
2396291
-274
92
-141
-690
397
4287
2397316
-282
68
-126
-515
-343
3823
2398341
156
0
-80
-643
93
3840
2399366
139
-55
-72
-514
288
4136
2400391
-54
-33
-76
-517
242
4400
2401416
-248
18
-77
-519
94
4581
2402441
-199
35
-34
-518
-316
4444
2403466
167
6
-37
-760
124
4027
2404491
172
-35
-39
-728
487
3920
2405516
-57
-38
1
-601
180
4119
2406541
-24
-35
11
-596
-107
4257
2407566
140
-40
-1
-611
125
4315
2408591
91
-29
-10
-623
280
4300
2401612
-52
-21
-3
-621
190
4234
2402637
-27
-28
2
-591
152
4206
2403662
57
-32
6
-586
140
4182
2404687
89
-33
6
-577
183
4247
2405712
63
-26
4
-550
259
4301
2406737
14
-9
10
-568
155
4311
2407762
2
0
10
-583
126
4300
2408787
19
1
-1
-588
159
4259
2409812
51
-2
-2
-570
200
4229
2410837
40
-1
2
-582
206
4244
2411862
6
-2
8
-567
170
4259
2412887
19
0
14
-576
215
4258
2413912
24
-5
26
-588
168
4231
2414937
17
-11
26
-603
164
4184
2415962
20
-21
19
-596
193
4185
2416987
27
-24
18
-575
244
4224
2409601
10
-18
24
-584
202
4241
2410626
-6
-19
25
-590
143
4235
2411651
2
-20
19
-585
205
4210
2412676
-20
-18
17
-567
206
4206
2413701
-14
-11
16
-558
214
4266
2414726
-1
6
15
-560
222
4317
2415751
-23
28
17
-584
196
4293
2416776
-19
30
13
-598
169
4263
2417801
9
21
10
-588
176
4244
2418826
31
12
11
-572
193
4234
2419851
23
10
18
-574
208
4216
2420876
10
8
23
-576
191
4226
2421901
10
2
27
-569
169
4218
2422926
28
-3
27
-571
178
4200
2423951
45
-7
21
-557
227
4191
2424976
22
-2
18
-571
258
4198
2417792
-11
0
12
-579
179
4221
2418817
-6
-8
1
-575
214
4216
2419842
5
-13
3
-567
196
4224
2420867
15
-16
4
-580
216
4255
2421892
10
-20
3
-578
231
4236
2422917
10
-18
4
-566
213
4236
2423942
22
-12
5
-562
233
4261
2424967
15
-4
7
-564
203
4269
2425992
3
2
4
-583
225
4235
2427017
1
7
1
-586
216
4250
2428042
-2
9
3
-589
204
4245
2429067
3
8
4
-599
211
4223
2430092
9
1
7
-592
212
4219
2431117
17
-3
8
-576
255
4228
2432142
4
1
14
-581
220
4236
2433167
2
3
13
-579
203
4218
2425984
10
5
8
-585
230
4216
2427009
3
7
2
-582
245
4224
2428034
-11
9
3
-566
202
4227
2429059
-5
11
7
-579
205
4227
2430084
-2
10
6
-590
209
4218
2431109
-3
6
1
-593
202
4218
2432134
-4
3
-1
-589
225
4192
2433159
-10
2
-3
-582
213
4224
2434184
-11
3
-1
-583
223
4259
2435209
-22
5
6
-595
181
4227
2436234
-24
4
5
-597
201
4203
2437259
-18
-2
8
-592
207
4210
2438284
-15
-6
8
-592
234
4222
2439309
-27
-6
9
-592
222
4238
2440334
-24
-7
8
-590
218
4219
2441359
-17
-8
6
-592
215
4214
2434175
-35
-9
4
-596
230
4231
2435200
-74
-15
11
-643
200
4211
2436225
-28
-42
6
-663
182
4279
2437250
-32
-38
-10
-504
192
4327
2438275
-58
-5
45
-585
51
4138
2439300
79
-32
78
-688
343
3966
2440325
-35
-11
102
-629
244
4079
2441350
-72
37
143
-299
-192
4576
2442375
277
45
116
-600
310
4839
2443400
-88
57
20
-624
365
4255
2444425
-95
33
-25
-589
246
3748
2445450
-27
-19
-37
-588
393
3881
2446475
-40
-50
-101
-500
414
4080
2447500
-175
-19
-113
-442
295
4616
2448525
-415
70
-70
-464
-5
4916
2449550
-276
105
-56
-676
-372
4284
2442368
223
48
-93
-735
99
3897
2443393
238
-15
-47
-645
382
3999
2444418
5
-16
0
-632
165
4196
2445443
-51
-9
-7
-622
40
4223
2446468
65
-20
-16
-595
167
4219
2447493
76
-12
-2
-582
188
4211
2448518
27
-5
9
-614
156
4189
2449543
15
-6
10
-636
205
4178
2450568
20
-5
10
-628
150
4239
2451593
24
-7
9
-627
141
4227
2452618
38
-17
9
-610
174
4280
2453643
19
-16
23
-588
147
4298
2454668
11
-7
14
-608
172
4229
2455693
37
-8
15
-574
197
4296
2456718
9
1
21
-593
186
4279
2457743
-4
0
9
-609
201
4196
2450560
37
-4
3
-563
274
4280
2451585
-3
6
11
-589
183
4285
2452610
-7
3
-3
-598
176
4189
2453635
10
-6
-1
-589
192
4231
2454660
4
-5
6
-602
139
4260
2455685
14
-6
-4
-600
201
4215
2456710
15
-5
5
-596
204
4249
2457735
-13
-5
12
-619
156
4224
2458760
-4
-10
6
-600
144
4213
2459785
13
-13
10
-582
201
4205
2460810
-2
-9
18
-582
209
4220
2461835
-31
1
29
-588
158
4238
2462860
-21
8
25
-616
191
4225
2463885
2
6
28
-588
180
4251
2464910
-1
11
39
-604
118
4275
2465935
-3
10
21
-613
202
4231
2458752
-2
8
17
-596
228
4247
2459777
-2
13
18
-611
208
4265
2460802
4
10
11
-611
197
4219
2461827
10
8
7
-586
204
4218
2462852
7
9
8
-590
179
4242
2463877
2
16
5
-595
198
4232
2464902
-14
19
5
-609
175
4215
2465927
-9
11
2
-610
178
4204
2466952
3
1
-2
-603
188
4200
2467977
5
-6
1
-600
192
4224
2469002
-5
-12
4
-602
182
4238
2470027
8
-14
1
-601
175
4252
2471052
17
-15
-3
-598
189
4238
2472077
7
-9
-9
-602
201
4232
2473102
-2
-4
-15
-602
205
4239
2474127
3
-4
-13
-606
194
4239
2466945
5
-3
-13
-615
171
4228
2467970
-1
-2
-14
-614
182
4221
2468995
-5
-3
-6
-607
156
4237
2470020
0
-4
2
-621
144
4227
2471045
2
-5
4
-633
184
4221
2472070
-4
-6
5
-626
207
4234
2473095
-9
-4
7
-621
194
4248
2474120
-2
-1
9
-610
195
4258
2475145
0
4
6
-628
218
4241
2476170
-2
6
3
-626
186
4220
2477195
-1
6
0
-621
191
4229
2478220
-11
9
2
-620
183
4230
2479245
-15
8
8
-629
159
4221
2480270
-1
5
10
-607
167
4232
2481295
-4
5
16
-615
179
4227
2482320
-20
9
18
-623
173
4219
2475137
-29
10
19
-631
176
4214
2476162
-21
3
20
-634
148
4227
2477187
2
-3
18
-623
174
4240
2478212
0
0
18
-616
208
4240
2479237
-13
8
16
-614
197
4224
2480262
-12
15
12
-608
197
4247
2481287
-11
21
13
-613
190
4254
2482312
-8
21
11
-613
195
4231
2483337
-13
17
9
-622
206
4190
2484362
-40
6
8
-628
245
4206
2485387
-126
-13
22
-665
279
4115
2486412
-82
-36
28
-653
188
4088
2487437
40
-31
50
-681
24
4240
2488462
49
8
97
-548
-83
4242
2489487
131
48
196
-546
247
4326
2490512
317
22
221
-382
198
4401
2483328
89
62
91
-771
530
4685
2484353
-384
52
32
-520
-203
4015
2485378
6
16
50
-682
85
3830
2486403
195
-39
15
-590
419
4129
2487428
4
-50
-50
-617
433
4282
2488453
-221
-39
-135
-585
375
4254
2489478
-289
-12
-127
-565
214
4432
2490503
-190
27
-100
-550
-81
4562
2491528
82
31
-109
-755
-51
4272
2492553
197
-4
-143
-787
283
4024
2493578
72
-42
-108
-688
263
3907
2494603
-18
-73
-51
-654
92
4057
2495628
-14
-68
-17
-613
82
4253
2496653
25
-50
-7
-617
93
4354
2497678
3
-32
6
-634
107
4323
2498703
4
-20
8
-612
198
4263
2491520
11
-7
17
-637
236
4258
2492545
-14
0
14
-648
215
4278
2493570
-6
1
0
-623
216
4282
2494595
20
-5
-1
-623
149
4218
2495620
63
-20
-2
-604
186
4203
2496645
61
-22
3
-592
236
4224
2497670
7
-13
21
-602
123
4259
2498695
1
-10
15
-608
112
4243
2499720
37
-13
9
-601
222
4238
2500745
22
-10
17
-601
197
4208
2501770
1
-3
16
-605
177
4207
2502795
0
-4
14
-594
174
4254
2503820
-7
-2
11
-621
177
4244
2504845
3
-6
8
-610
203
4216
2505870
-1
-6
14
-605
196
4207
2506895
1
-13
23
-619
179
4185
2499713
8
-20
26
-595
191
4248
2500738
-1
-14
27
-599
161
4278
2501763
5
-8
19
-602
202
4246
2502788
5
-6
18
-599
228
4219
2503813
8
-9
20
-604
214
4226
2504838
12
-11
13
-595
222
4233
2505863
13
-8
7
-588
188
4239
2506888
15
-3
3
-588
184
4238
2507913
7
0
3
-588
175
4236
2508938
-4
4
6
-591
179
4210
2509963
-2
3
6
-600
194
4192
2510988
3
-4
8
-601
172
4213
2512013
10
-8
5
-590
225
4196
2513038
1
-6
7
-596
181
4201
2514063
-6
-3
0
-602
205
4210
2515088
-19
1
-10
-610
189
4216
2507904
-18
-1
-16
-602
174
4225
2508929
-14
-6
-15
-613
186
4220
2509954
-6
-11
-8
-592
173
4260
2510979
-4
-9
-2
-604
180
4262
2512004
0
-9
-1
-593
185
4236
2513029
7
-2
-2
-586
216
4254
2514054
-10
9
-1
-601
207
4231
2515079
-23
17
-5
-606
189
4207
2516104
-21
19
-5
-616
178
4214
2517129
-15
13
-4
-625
194
4234
2518154
-15
4
4
-615
197
4230
2519179
-13
-2
12
-614
195
4230
2520204
-6
-8
16
-621
201
4252
2521229
1
-14
16
-619
198
4261
2522254
4
-15
14
-616
195
4257
2523279
12
-13
9
-599
208
4254
2516096
16
-7
10
-590
186
4286
2517121
11
3
4
-587
183
4288
2518146
2
13
-2
-583
184
4259
2519171
-1
20
0
-590
173
4224
2520196
-1
18
0
-609
183
4207
2521221
-10
12
-1
-607
170
4198
2522246
-6
3
-1
-605
160
4192
2523271
8
-8
5
-610
184
4195
2524296
-1
-15
10
-614
203
4180
2525321
-17
-18
10
-615
206
4198
2526346
-17
-24
8
-629
196
4216
2527371
-10
-29
7
-633
204
4205
2528396
-8
-31
3
-638
184
4215
2529421
-4
-29
-3
-643
190
4257
2530446
-22
-28
-9
-636
152
4267
2531471
-38
-30
-11
-618
110
4253
2524287
-11
-25
-13
-641
167
4277
2525312
-40
-13
-5
-667
215
4304
2526337
-93
10
-4
-689
75
4193
2527362
20
0
-16
-623
221
3975
2528387
168
-20
37
-422
422
4224
2529412
144
-9
134
-323
205
4717
2530437
-151
61
53
-685
114
4640
2531462
-204
23
14
-617
-175
3872
2532487
120
-48
1
-610
334
3552
2533512
89
-109
-16
-537
493
3672
2534537
-64
-147
-76
-468
437
4087
2535562
-277
-87
-115
-380
342
4798
2536587
-545
53
-52
-323
-253
5221
2537612
-244
144
-102
-777
-170
4437
2538637
204
72
-152
-760
265
3826
2539662
248
-21
-83
-623
125
3810
2532480
174
-63
-24
-620
-37
4160
2533505
101
-74
-22
-571
78
4381
2534530
12
-56
-8
-556
161
4341
2535555
0
-42
8
-567
134
4248
2536580
37
-40
18
-569
142
4226
2537605
45
-36
18
-553
176
4240
2538630
35
-26
15
-567
201
4274
2539655
22
-11
6
-558
210
4306
2540680
4
4
-5
-582
184
4287
2541705
12
8
-13
-592
173
4235
2542730
19
2
-19
-593
150
4183
2543755
35
-5
-22
-557
209
4253
2544780
10
4
-8
-553
158
4278
2545805
6
5
4
-588
154
4247
2546830
14
-4
10
-596
165
4212
2547855
13
-9
9
-601
155
4179
2540770
21
-15
1
-580
180
4225
2541795
13
-12
0
-564
219
4263
2542820
-1
-5
7
-565
160
4231
2543845
0
-6
9
-583
142
4193
2544870
5
-14
6
-571
165
4215
2545895
-14
-10
10
-562
177
4272
2546920
-22
-5
13
-571
126
4261
2547945
1
-6
12
-578
194
4221
2548970
3
-9
16
-571
210
4231
2549995
-9
-10
11
-573
196
4221
2551020
-2
-9
4
-566
195
4237
2552045
-2
-7
3
-572
186
4254
2553070
-9
-9
1
-570
168
4258
2554095
-3
-7
1
-564
168
4237
2555120
-2
-3
6
-565
150
4235
2556145
-12
-6
14
-568
141
4258
2548864
-7
-11
17
-567
141
4256
2549889
5
-15
19
-558
164
4228
2550914
1
-17
21
-565
206
4242
2551939
-19
-20
19
-561
178
4218
2552964
-5
-25
16
-562
157
4205
2553989
16
-28
13
-547
182
4240
2555014
0
-22
13
-547
155
4258
2556039
-5
-17
7
-529
139
4259
2557064
-7
-5
6
-522
145
4274
2558089
-9
9
5
-531
154
4279
2559114
-13
15
9
-540
158
4253
2560139
-5
14
14
-556
183
4234
2561164
0
4
19
-568
188
4229
2562189
3
-5
20
-561
162
4236
2563214
17
-9
17
-547
160
4242
2564239
26
-11
13
-562
185
4221
2557057
7
-13
12
-556
174
4237
2558082
-2
-13
10
-541
179
4249
2559107
-1
-14
16
-542
153
4240
2560132
9
-15
19
-550
162
4237
2561157
12
-18
16
-554
205
4242
2562182
-2
-18
10
-539
192
4242
2563207
4
-19
8
-533
194
4245
2564232
18
-22
8
-529
180
4248
2565257
17
-17
4
-533
187
4240
2566282
0
-8
-3
-550
159
4236
2567307
2
-5
-7
-551
160
4230
2568332
17
-5
1
-545
157
4234
2569357
15
-3
10
-544
185
4241
2570382
-5
4
17
-541
182
4234
2571407
-13
7
24
-546
149
4218
2572432
-15
6
25
-559
119
4222
2565248
-1
1
16
-548
175
4219
2566273
-4
1
11
-542
207
4218
2567298
-9
3
4
-528
225
4253
2568323
-17
4
5
-532
205
4228
2569348
-12
5
2
-540
198
4229
2570373
-2
1
-2
-546
209
4238
2571398
-12
-3
-3
-555
162
4225
2572423
-5
-6
-5
-540
168
4235
2573448
-7
-7
-1
-542
172
4241
2574473
-15
-7
-2
-555
182
4232
2575498
-28
-7
-3
-543
199
4201
2576523
-49
-9
3
-548
262
4177
2577548
-130
-18
23
-597
228
4160
2578573
-171
-35
40
-591
-11
4244
2579598
-56
9
28
-511
-7
4400
2580623
-8
27
69
-613
76
4142
2573439
151
-4
52
-566
499
4020
2574464
131
11
85
-206
255
4642
2575489
-117
84
38
-581
90
4764
2576514
-367
64
37
-596
-261
3974
2577539
51
-36
42
-597
-49
3610
2578564
122
-121
23
-536
437
4074
2579589
-159
-117
-55
-510
373
4332
2580614
-340
-29
-111
-436
124
4621
2581639
-271
26
-100
-434
-175
4636
2582664
174
21
-69
-576
-154
4256
2583689
331
-7
-85
-691
453
3993
2584714
46
-39
-52
-608
329
3932
2585739
-39
-66
-17
-547
-92
4124
2586764
53
-73
5
-526
-36
4360
2587789
-2
-45
10
-538
30
4345
2588814
6
-26
-4
-538
84
4206
2581632
61
-17
-8
-508
218
4212
2582657
2
-5
16
-507
119
4310
2583682
-12
3
24
-532
92
4384
2584707
20
9
8
-533
141
4346
2585732
43
21
-12
-526
189
4270
2586757
46
22
-10
-513
170
4226
2587782
29
15
4
-515
160
4248
2588807
2
15
11
-530
116
4287
2589832
11
11
1
-538
125
4253
2590857
41
2
-1
-519
175
4231
2591882
37
-3
8
-519
173
4235
2592907
16
-4
13
-524
152
4242
2593932
4
-6
13
-531
120
4241
2594957
18
-6
10
-525
137
4224
2595982
26
-8
12
-529
163
4243
2597007
-1
-5
16
-530
138
4259
2589824
-8
1
11
-543
127
4243
2590849
12
2
9
-533
134
4257
2591874
14
2
9
-552
163
4224
2592899
15
1
14
-536
177
4249
2593924
-2
5
18
-554
144
4225
2594949
-4
2
13
-561
138
4227
2595974
5
-8
9
-537
136
4239
2596999
15
-12
14
-506
112
4272
2598024
10
-8
18
-511
138
4272
2599049
18
-6
18
-496
186
4265
2600074
34
-2
16
-493
212
4250
2601099
29
5
6
-518
246
4197
2602124
-5
15
-9
-537
226
4175
2603149
-39
20
-16
-593
168
4176
2604174
-46
4
-15
-594
119
4217
2605199
-24
-19
-4
-581
98
4235
2598016
11
-37
12
-552
130
4253
2599041
27
-40
24
-509
169
4272
2600066
13
-27
34
-504
150
4283
2601091
-2
-8
32
-503
150
4272
2602116
-4
9
27
-517
167
4256
2603141
0
20
19
-512
189
4249
2604166
-7
28
16
-518
184
4267
2605191
-15
30
15
-512
143
4268
2606216
-1
22
15
-509
157
4259
2607241
12
13
16
-512
154
4241
2608266
12
8
12
-514
174
4225
2609291
7
2
6
-517
190
4227
2610316
1
-1
-1
-517
125
4221
2611341
10
0
-8
-523
158
4228
2612366
-1
2
-8
-522
126
4227
2613391
-9
2
-6
-519
113
4234
2606208
-8
0
1
-527
123
4249
2607233
2
-7
6
-535
176
4230
2608258
-1
-8
8
-522
194
4238
2609283
-8
-7
1
-540
186
4239
2610308
0
-12
-9
-546
204
4229
2611333
-3
-13
-15
-542
208
4240
2612358
-13
-9
-19
-542
186
4253
2613383
-11
-7
-18
-545
169
4253
2614408
-6
-12
-6
-548
137
4235
2615433
2
-13
1
-541
163
4245
2616458
-2
-6
5
-544
178
4259
2617483
-4
4
4
-548
168
4235
2618508
0
9
2
-556
163
4222
2619533
-1
9
-1
-556
159
4241
2620558
-5
13
-7
-559
150
4246
2621583
-10
18
-12
-562
133
4240
2614401
-10
15
-12
-565
133
4236
2615426
-1
7
-7
-539
136
4254
2616451
-14
3
-2
-541
151
4265
2617476
-78
2
1
-548
94
4257
2618501
-40
-6
-6
-628
46
4204
2619526
-45
-45
-57
-675
149
4316
2620551
-387
-59
-41
-496
84
4230
2621576
-701
27
-17
-455
431
4070
2622601
-722
128
25
-244
287
4741
2623626
-327
151
131
-241
-633
5117
2624651
-189
226
-58
-857
34
4680
2625676
-275
91
-21
-608
-235
3299
2626701
-37
-49
5
-609
8
3012
2627726
48
-161
-21
-536
-52
3653
2628751
162
-183
-80
-428
-1
4128
2629776
199
-119
-97
-384
208
4655
2622593
21
-13
-64
-403
154
4963
2623618
-213
102
-53
-548
-207
4675
2624643
-100
118
-79
-739
-419
4058
2625668
146
63
-125
-710
-4
4043
2626693
75
35
-61
-630
2
4233
2627718
8
49
-9
-664
-109
4391
2628743
30
57
13
-658
-197
4432
2629768
97
64
19
-660
-150
4404
2630793
157
61
17
-649
-24
4295
2631818
155
48
26
-634
98
4177
2632843
123
32
40
-622
42
4104
2633868
131
16
46
-627
32
4199
2634893
122
6
47
-609
17
4300
2635918
109
2
31
-613
32
4229
2636943
92
-10
20
-593
25
4137
2637968
79
-17
17
-577
53
4071
2630784
85
-28
26
-568
-16
4184
2631809
73
-27
30
-547
26
4316
2632834
49
-22
28
-576
33
4325
2633859
25
-24
17
-560
69
4249
2634884
15
-22
14
-560
96
4215
2635909
8
-18
13
-549
84
4281
2636934
-20
-3
11
-567
79
4342
2637959
-82
15
5
-595
59
4334
2638984
-126
26
-3
-611
38
4284
2640009
-105
32
-5
-617
67
4238
2641034
-47
36
-1
-619
80
4227
2642059
6
33
6
-623
24
4211
2643084
39
30
5
-630
66
4203
2644109
29
27
-1
-639
104
4191
2645134
1
19
0
-638
39
4174
2646159
9
11
2
-634
20
4197
2638976
3
8
12
-626
26
4212
2640001
-19
10
21
-623
6
4209
2641026
-25
9
26
-612
22
4204
2642051
-29
11
24
-605
33
4218
2643076
-41
12
16
-596
27
4246
2644101
-39
5
10
-589
-5
4251
2645126
-22
-9
6
-578
41
4224
2646151
-24
-12
11
-585
32
4230
2647176
-36
-13
10
-606
2
4264
2648201
-32
-18
4
-613
15
4269
2649226
-5
-28
-1
-617
21
4261
2650251
20
-34
1
-609
42
4296
2651276
21
-30
3
-603
19
4314
2652301
18
-14
-5
-605
37
4307
2653326
8
4
-15
-610
27
4289
2654351
5
17
-25
-620
43
4263
2647168
-2
22
-27
-615
32
4253
2648193
-6
27
-22
-624
-1
4240
2649218
-3
23
-18
-657
-30
4215
2650243
6
13
-16
-652
16
4188
2651268
12
3
-10
-656
-3
4208
2652293
19
-5
-4
-645
-3
4232
2653318
-2
-5
-1
-651
5
4211
2654343
-12
-4
2
-644
12
4219
2655368
-4
-8
10
-634
8
4260
2656393
6
-10
13
-636
46
4254
2657418
-3
-7
13
-631
64
4227
2658443
-20
-2
9
-637
50
4230
2659468
-14
-1
5
-636
33
4257
2660493
-1
-2
1
-630
46
4255
2661518
-2
-1
0
-639
66
4230
2662543
-16
2
2
-636
44
4219
2655360
-22
2
5
-643
4
4243
2656385
1
-1
5
-649
0
4246
2657410
7
-7
3
-652
17
4221
2658435
-17
-15
1
-643
22
4218
2659460
-28
-23
5
-625
-19
4262
2660485
-30
-28
12
-606
17
4278
2661510
-50
-33
28
-611
-73
4252
2662535
-22
-27
18
-603
-88
4286
2663560
6
-7
-8
-599
73
4256
2664585
-20
3
-22
-590
147
4171
2665610
-96
-12
5
-592
89
4112
2666635
-171
-27
20
-653
64
4065
2667660
-262
5
-9
-611
-80
4160
2668685
-198
66
8
-502
-374
4445
2669710
65
84
34
-337
-59
4686
2670735
116
69
60
-764
231
4357
2663551
-239
48
64
-628
-148
4093
2664576
-184
31
101
-575
-416
3966
2665601
-13
43
88
-573
3
4065
2666626
-39
38
57
-565
439
4361
2667651
-397
94
31
-527
174
5147
2668676
-822
181
62
-601
-808
4983
2669701
-201
158
-46
-1061
-550
3801
2670726
418
24
-132
-881
366
3518
2671751
269
-49
-43
-585
276
3733
2672776
73
-45
58
-720
-487
4024
2673801
176
-62
44
-712
-446
4262
2674826
166
-44
14
-636
-77
4389
2675851
34
-2
24
-657
-57
4401
2676876
52
24
27
-686
-58
4301
2677901
119
10
14
-730
-39
4133
2678926
79
-9
20
-690
-39
4158
2671744
10
0
16
-672
-155
4286
2672769
42
9
-8
-670
-44
4339
2673794
54
10
-12
-669
-18
4248
2674819
59
2
0
-676
-61
4175
2675844
52
-10
12
-668
-78
4236
2676869
33
-11
15
-658
-71
4255
2677894
42
-14
20
-666
-81
4257
2678919
54
-19
24
-660
-86
4273
2679944
69
-22
18
-657
-41
4254
2680969
77
-16
12
-635
26
4278
2681994
41
-3
22
-653
42
4292
2683019
-10
-3
26
-672
-22
4251
2684044
2
-14
19
-666
-23
4227
2685069
36
-22
17
-660
-18
4237
2686094
46
-18
11
-666
-11
4220
2687119
33
-16
9
-674
-10
4224
2679936
19
-21
8
-671
-38
4214
2680961
39
-25
5
-655
10
4246
2681986
38
-23
12
-669
2
4236
2683011
25
-26
13
-660
6
4213
2684036
15
-26
12
-666
0
4212
2685061
25
-29
6
-663
-14
4206
2686086
42
-29
4
-664
2
4230
2687111
29
-26
4
-672
-8
4241
2688136
10
-26
2
-668
-48
4232
2689161
19
-27
3
-666
-40
4250
2690186
30
-27
9
-665
-28
4256
2691211
34
-32
18
-648
-3
4239
2692236
34
-30
27
-635
9
4230
2693261
41
-23
30
-624
61
4271
2694286
33
-18
25
-628
77
4280
2695311
35
-15
16
-626
70
4254
2688127
35
-10
8
-624
48
4258
2689152
23
-6
-3
-631
56
4259
2690177
7
-6
-4
-625
43
4252
2691202
2
-7
3
-626
16
4228
2692227
13
-10
7
-621
14
4234
2693252
2
-8
11
-626
21
4219
2694277
-20
-8
14
-620
9
4203
2695302
-25
-7
13
-619
-6
4201
2696327
-16
-3
3
-627
-10
4199
2697352
-15
1
-5
-635
18
4217
2698377
-34
5
-9
-638
10
4224
2699402
-51
1
-13
-638
23
4158
2700427
-25
-6
-14
-625
65
4180
2701452
-4
-10
-6
-610
91
4288
2702477
-18
-7
5
-625
-26
4294
2703502
5
-11
1
-640
32
4265
2696320
-27
-12
6
-636
4
4257
2697345
-11
-9
5
-632
-3
4295
2698370
7
-6
3
-631
64
4309
2699395
-28
0
8
-645
31
4260
2700420
-25
1
12
-645
4
4237
2701445
-7
-3
18
-642
0
4255
2702470
6
-7
19
-637
3
4259
2703495
16
-8
15
-623
20
4245
2704520
11
-6
15
-626
22
4247
2705545
-5
-3
13
-636
-2
4210
2706570
-12
-4
4
-633
29
4207
2707595
-29
-4
2
-617
4
4248
2708620
-18
-6
5
-628
-79
4236
2709645
4
-13
-7
-652
-63
4214
2710670
3
-28
-33
-658
-10
4250
2711695
-28
-41
-32
-659
10
4398
2704512
-85
-16
-57
-650
-7
4342
2705537
-37
11
-87
-693
100
4187
2706562
22
-25
-94
-658
257
3940
2707587
179
-135
-5
-309
210
4058
2708612
46
-130
26
-585
63
4325
2709637
-264
-129
-14
-477
-342
4182
2710662
-94
-130
7
-552
-301
3975
2711687
71
-138
-13
-558
29
4063
2712712
-20
-135
-64
-470
129
4100
2713737
-130
-52
-72
-433
197
4385
2714762
-278
40
-55
-433
161
5013
2715787
-416
132
-2
-565
-430
4817
2716812
-119
162
-51
-793
-250
4252
2717837
114
101
-79
-740
120
3977
2718862
105
38
-35
-631
-3
4062
2719887
29
24
28
-634
-231
4305
2712704
18
30
27
-652
-221
4316
2713729
84
21
24
-635
-50
4240
2714754
75
22
39
-612
-46
4177
2715779
66
21
46
-621
-94
4161
2716804
53
17
43
-605
-25
4259
2717829
12
27
36
-622
13
4261
2718854
15
26
17
-626
-6
4181
2719879
22
10
18
-595
-35
4210
2720904
8
3
20
-597
-54
4254
2721929
22
-2
10
-603
-22
4284
2722954
29
-6
3
-585
10
4243
2723979
27
-13
6
-596
-27
4171
2725004
38
-27
13
-575
-8
4243
2726029
12
-19
22
-601
-18
4311
2727054
12
-14
15
-613
-38
4268
2728079
31
-15
11
-596
-25
4262
2720896
23
-7
11
-624
9
4257
2721921
12
-6
6
-621
-27
4263
2722946
22
-5
2
-588
-4
4245
2723971
20
4
10
-619
-8
4276
2724996
14
9
14
-627
-33
4273
2726021
18
11
17
-629
-38
4237
2727046
8
8
20
-639
-28
4211
2728071
4
1
17
-635
-25
4148
2729096
25
-10
16
-616
-18
4167
2730121
22
-11
17
-596
5
4282
2731146
-4
-2
22
-596
-17
4326
2732171
3
5
20
-613
-47
4271
2733196
36
8
15
-604
15
4221
2734221
29
11
12
-597
26
4244
2735246
15
15
8
-578
50
4290
2736271
-5
22
10
-591
-5
4259
2729087
10
25
7
-611
19
4252
2730112
10
19
1
-623
19
4219
2731137
14
7
-3
-623
69
4174
2732162
-4
-8
0
-634
60
4135
2733187
-16
-29
-2
-649
-22
4123
2734212
-3
-56
-12
-617
14
4189
2735237
-12
-68
-15
-588
-15
4241
2736262
2
-71
-8
-586
-49
4250
2737287
13
-68
1
-575
-11
4298
2738312
8
-52
7
-581
16
4341
2739337
-6
-36
7
-598
-16
4316
2740362
11
-28
4
-599
3
4286
2741387
24
-18
6
-609
3
4288
2742412
25
-11
-1
-605
15
4286
2743437
32
-8
-1
-608
19
4274
2744462
35
-2
7
-613
-21
4253
2737280
38
6
3
-604
28
4246
2738305
31
14
2
-604
-17
4229
2739330
43
16
3
-615
12
4215
2740355
40
13
9
-602
53
4204
2741380
16
13
20
-619
6
4202
2742405
8
8
19
-626
10
4219
2743430
3
2
20
-616
33
4231
2744455
0
-4
22
-596
18
4247
2745480
8
-7
21
-569
29
4262
2746505
16
-3
21
-556
46
4292
2747530
7
6
20
-558
36
4304
2748555
-2
15
15
-565
40
4277
2749580
-7
16
14
-571
46
4248
2750605
-12
15
10
-579
47
4240
2751630
-12
11
7
-596
33
4241
2752655
-36
0
9
-616
50
4210
2745473
-58
-21
12
-623
-77
4118
2746498
104
-52
-11
-572
-32
4171
2747523
63
-38
11
-585
104
4259
2748548
-116
12
-9
-682
55
4264
2749573
-240
81
-47
-605
20
4283
2750598
-213
143
15
-571
-97
4174
2751623
358
69
137
-310
-34
4527
2752648
350
97
90
-738
164
4814
2753673
-286
102
22
-629
-68
4044
2754698
-195
66
47
-681
28
3761
2755723
21
12
38
-609
94
4053
2756748
63
-13
-21
-607
271
4248
2757773
-167
7
-63
-624
248
4334
2758798
-338
51
-75
-578
55
4521
2759823
-249
65
-47
-617
-451
4437
2760848
129
30
-73
-791
-186
4129
2753718
207
-14
-62
-750
198
4114
2754743
-22
-9
6
-700
-143
4126
2755768
-24
-3
29
-715
-234
4234
2756793
23
0
34
-666
-77
4305
2757818
-4
20
53
-697
-93
4230
2758843
43
9
52
-695
6
4153
2759868
65
1
48
-668
94
4135
2760893
49
0
47
-672
13
4148
2761918
73
-12
30
-663
73
4205
2762943
43
-15
15
-645
37
4212
2763968
11
-17
0
-645
21
4222
2764993
7
-17
-7
-617
24
4270
2766018
19
-16
-8
-631
17
4250
2767043
16
-20
-8
-635
-10
4256
2768068
11
-17
-2
-632
6
4275
2769093
-1
-18
5
-649
-38
4285
2761856
16
-23
4
-621
6
4268
2762881
21
-20
13
-640
21
4267
2763906
16
-18
20
-644
-6
4319
2764931
13
-15
11
-651
59
4279
2765956
16
-13
10
-652
41
4240
2766981
32
-14
9
-654
33
4208
2768006
22
-13
2
-654
20
4223
2769031
2
-7
2
-643
6
4269
2770056
-1
-3
4
-670
-31
4239
2771081
18
-9
4
-664
45
4206
2772106
19
-18
29
-675
13
4242
2773131
34
-28
47
-682
-3
4254
2774156
42
-35
50
-673
18
4221
2775181
43
-29
47
-642
35
4248
2776206
25
-14
46
-631
62
4273
2777231
7
-3
42
-621
47
4240
2770048
16
11
32
-619
60
4246
2771073
10
24
21
-626
86
4214
2772098
-4
30
16
-622
41
4221
2773123
-13
25
11
-634
67
4218
2774148
-8
14
7
-644
41
4200
2775173
18
1
7
-626
49
4230
2776198
9
-5
13
-628
42
4227
2777223
-1
-14
14
-625
45
4236
2778248
17
-21
12
-625
64
4246
2779273
24
-25
10
-619
49
4253
2780298
11
-25
9
-626
43
4238
2781323
3
-22
4
-629
38
4243
2782348
8
-21
2
-623
26
4260
2783373
8
-17
0
-634
48
4257
2784398
8
-11
-5
-630
50
4258
2785423
11
-10
-11
-630
90
4232
2778239
0
-9
-11
-633
46
4231
2779264
2
-7
-11
-638
57
4237
2780289
5
-8
-7
-634
61
4241
2781314
-2
-6
1
-634
42
4244
2782339
-5
-3
3
-651
35
4241
2783364
5
-5
4
-641
59
4250
2784389
7
-5
6
-639
60
4243
2785414
-1
-2
5
-642
56
4232
2786439
2
-1
2
-629
53
4244
2787464
3
-1
3
-632
66
4234
2788489
-4
-1
5
-633
53
4218
2789514
-4
-2
7
-638
60
4215
2790539
-2
-3
10
-629
42
4240
2791564
-6
-3
12
-634
40
4244
2792589
1
-5
9
-635
46
4230
2793614
-2
-3
4
-619
65
4246
2786432
-21
4
-1
-621
43
4259
2787457
-14
4
-3
-615
48
4255
2788482
5
2
0
-620
57
4257
2789507
13
-2
-1
-623
80
4247
2790532
-3
-1
-2
-618
63
4225
2791557
-9
2
-3
-639
76
4238
2792582
-3
2
0
-642
73
4248
2793607
11
-3
0
-651
73
4230
2794632
2
-7
-4
-642
52
4217
2795657
-7
-5
-5
-648
54
4217
2796682
-7
-4
-1
-648
49
4220
2797707
-8
-5
4
-644
47
4226
2798732
-22
-4
8
-656
40
4234
2799757
-33
-4
9
-653
33
4241
2800782
-41
-10
16
-674
34
4191
2801807
-54
-22
20
-683
10
4096
2794624
-97
-35
32
-703
-78
4020
2795649
-36
-18
6
-624
-167
4264
2796674
92
62
6
-624
127
4567
2797699
20
158
15
-450
370
4665
2798724
131
159
77
-577
-14
4419
2799749
-98
158
20
-726
45
4366
2800774
-178
115
13
-663
-170
3892
2801799
57
79
21
-701
183
3972
2802824
38
44
-6
-636
239
4277
2803849
-112
20
-58
-645
253
4406
2804874
-266
27
-87
-612
95
4367
2805899
-176
20
-75
-656
-194
4289
2806924
153
-37
-90
-801
-96
4018
2807949
212
-80
-84
-752
151
3954
2808974
48
-84
-40
-721
6
4061
2809999
26
-87
-30
-680
-84
4255
2802817
38
-77
-14
-663
-53
4312
2803842
33
-60
-7
-694
-13
4224
2804867
54
-60
0
-694
23
4192
2805892
42
-62
1
-681
44
4172
2806917
30
-52
-8
-654
67
4262
2807942
-6
-28
-3
-645
73
4334
2808967
-33
-6
-5
-668
4
4321
2809992
-16
-3
-11
-664
12
4282
2811017
-5
-3
-13
-660
36
4252
2812042
-5
-1
-9
-662
50
4255
2813067
-5
-5
4
-658
52
4262
2814092
7
-7
22
-658
-3
4282
2815117
20
-4
21
-664
19
4277
2816142
26
-3
16
-647
59
4240
2817167
23
0
14
-650
80
4227
2818192
9
0
16
-651
31
4231
2811008
3
-2
12
-655
47
4198
2812033
10
-7
9
-645
61
4219
2813058
0
-15
11
-652
54
4201
2814083
4
-25
12
-653
41
4224
2815108
20
-29
14
-637
81
4243
2816133
8
-25
18
-644
49
4230
2817158
15
-20
15
-637
54
4267
2818183
11
-13
10
-657
79
4238
2819208
-2
-10
5
-660
22
4238
2820233
14
-5
4
-647
38
4260
2821258
0
4
11
-663
7
4239
2822283
3
4
15
-655
-19
4247
2823308
17
2
16
-654
36
4235
2824333
6
1
13
-656
71
4208
2825358
4
-2
11
-639
97
4208
2826383
-6
1
14
-638
50
4224
2819199
4
2
10
-637
56
4231
2820224
10
2
11
-635
74
4234
2821249
-2
3
8
-644
63
4246
2822274
-3
2
8
-647
78
4239
2823299
-3
-1
13
-642
69
4254
2824324
-1
-1
15
-642
32
4249
2825349
11
-3
11
-643
69
4225
2826374
10
-5
10
-622
62
4254
2827399
1
-3
13
-627
87
4252
2828424
-1
-1
16
-624
114
4227
2829449
-1
2
21
-638
99
4196
2830474
0
3
15
-672
91
4166
2831499
-14
-2
-3
-680
85
4185
2832524
-28
-9
-14
-687
34
4224
2833549
-25
-19
-19
-682
-8
4253
2834574
-6
-31
-18
-656
3
4295
2827395
5
-31
-11
-635
20
4308
2828420
27
-23
-2
-612
42
4306
2829445
33
-6
3
-594
74
4294
2830470
9
16
3
-610
81
4267
2831495
-3
26
-3
-627
77
4226
2832520
1
26
-9
-652
69
4193
2833545
-4
17
-13
-664
77
4191
2834570
-12
5
-10
-663
61
4204
2835595
1
-9
-4
-662
-1
4202
2836620
16
-19
-3
-656
36
4208
2837645
6
-23
-1
-633
43
4240
2838670
2
-22
4
-628
62
4234
2839695
-2
-17
12
-621
68
4246
2840720
5
-8
10
-633
93
4267
2841745
-2
2
0
-640
112
4236
2842770
-17
9
-8
-647
92
4230
2835585
-21
12
-12
-655
80
4233
2836610
-15
8
-13
-669
34
4222
2837635
-11
2
-14
-666
39
4253
2838660
-14
3
-7
-663
31
4250
2839685
-4
1
-3
-666
15
4215
2840710
11
-2
4
-665
19
4222
2841735
-1
0
9
-664
55
4247
2842760
-16
5
8
-659
47
4248
2843785
-7
4
4
-655
52
4230
2844810
8
-5
4
-640
84
4242
2845835
-3
-5
4
-637
85
4270
2846860
-29
1
4
-641
43
4273
2847885
-23
-2
6
-654
5
4251
2848910
21
-17
14
-663
101
4221
2849935
-22
-26
28
-720
68
4166
2850960
-74
-16
6
-729
-67
4243
2843776
-99
13
14
-649
17
4159
2844801
-2
30
82
-643
-10
3879
2845826
313
29
106
-368
135
4508
2846851
201
58
57
-744
251
4800
2847876
-336
62
-27
-736
-159
4250
2848901
-94
15
-54
-694
-80
3770
2849926
194
-43
-26
-661
235
3848
2850951
90
-75
-25
-590
384
4177
2851976
-203
-53
-43
-585
247
4504
2853001
-344
-3
-55
-518
-111
4616
2854026
-128
35
-45
-660
-322
4374
2855051
166
3
-48
-760
-11
4100
2856076
130
-12
-13
-722
179
4061
2857101
-2
-10
5
-694
-33
4163
2858126
4
-18
23
-651
-121
4277
2859151
43
-15
24
-667
40
4255
2851968
54
-14
22
-662
75
4238
2852993
44
-25
21
-650
106
4264
2854018
23
-23
16
-645
142
4225
2855043
26
-16
17
-643
88
4218
2856068
9
-9
20
-652
49
4231
2857093
3
-9
8
-658
43
4254
2858118
9
-10
3
-654
66
4262
2859143
3
-10
10
-666
53
4232
2860168
11
-14
19
-661
25
4257
2861193
-1
-9
27
-667
22
4295
2862218
15
-5
24
-658
25
4296
2863243
50
-1
19
-625
67
4283
2864268
40
11
14
-609
87
4229
2865293
11
22
7
-593
89
4235
2866318
-6
33
1
-601
62
4214
2867343
-17
35
-4
-653
68
4168
2860160
-25
17
-5
-668
79
4164
2861185
-4
-13
4
-669
64
4180
2862210
38
-41
13
-632
85
4241
2863235
32
-45
13
-617
118
4252
2864260
17
-38
6
-630
121
4220
2865285
-4
-29
0
-654
95
4212
2866310
-9
-26
-8
-662
68
4257
2867335
3
-25
-10
-649
23
4248
2868360
11
-20
-9
-647
32
4229
2869385
0
-11
-7
-650
37
4232
2870410
-12
-5
-3
-648
58
4251
2871435
-19
-5
2
-662
62
4239
2872460
-7
-15
12
-660
39
4260
2873485
14
-22
22
-648
74
4300
2874510
25
-18
26
-650
68
4262
2875535
30
-7
17
-645
97
4229
2868351
13
8
10
-631
101
4258
2869376
-8
23
9
-635
40
4277
2870401
3
28
4
-642
55
4247
2871426
11
24
3
-633
79
4206
2872451
-2
23
8
-629
96
4207
2873476
-10
20
18
-648
62
4201
2874501
1
7
20
-661
69
4182
2875526
4
-5
19
-649
119
4196
2876551
-12
-10
18
-641
118
4213
2877576
-6
-16
18
-632
68
4222
2878601
14
-18
7
-642
109
4245
2879626
5
-15
-5
-645
143
4243
2880651
-19
-10
-6
-655
85
4242
2881676
-10
-11
-8
-655
48
4254
2882701
6
-12
-7
-655
65
4252
2883726
8
-11
-2
-652
74
4266
2876544
-6
-6
5
-655
57
4245
2877569
-2
-6
10
-648
41
4242
2878594
9
-3
9
-642
79
4244
2879619
1
1
10
-637
85
4229
2880644
-10
3
12
-634
83
4213
2881669
-20
1
12
-646
80
4211
2882694
-19
-7
13
-649
57
4224
2883719
-11
-16
10
-650
47
4218
2884744
22
-27
-1
-642
17
4167
2885769
78
-32
-21
-629
145
4197
2886794
26
-32
-20
-613
173
4240
2887819
-49
-30
-12
-629
68
4213
2888844
-56
-35
-4
-657
42
4145
2889869
-69
-44
-10
-775
182
4165
2890894
-200
-27
-7
-592
44
4290
2891919
-167
83
14
-440
-174
4362
2884736
346
57
126
-390
-68
4390
2885761
202
50
46
-838
698
4674
2886786
-437
61
-32
-610
-318
4068
2887811
-111
34
-66
-683
-40
3835
2888836
197
-31
-39
-576
294
4009
2889861
83
-53
-33
-559
337
4168
2890886
-220
-34
-56
-565
84
4533
2891911
-368
10
-54
-530
-172
4714
2892936
-132
17
-70
-745
-325
4245
2893961
196
-38
-85
-777
231
3977
2894986
100
-63
-16
-659
116
4022
2896011
17
-50
17
-650
-173
4212
2897036
69
-37
-3
-630
-35
4327
2898061
58
-20
-8
-629
84
4296
2899086
3
-9
-3
-642
101
4253
2900111
1
-4
5
-638
62
4197
2892928
35
0
12
-649
40
4207
2893953
40
-3
12
-649
10
4236
2894978
8
-9
6
-630
77
4295
2896003
-20
-2
8
-615
51
4306
2897028
0
8
6
-632
53
4291
2898053
16
8
10
-638
28
4243
2899078
21
1
8
-638
60
4244
2900103
15
-6
4
-620
79
4247
2901128
22
-10
2
-606
75
4257
2902153
17
-4
6
-610
60
4268
2903178
2
5
8
-628
32
4243
2904203
4
2
3
-635
44
4216
2905228
4
-2
3
-642
40
4195
2906253
11
-11
2
-644
38
4187
2907278
13
-16
2
-640
86
4188
2908303
0
-18
7
-640
36
4225
2901121
-8
-19
5
-641
47
4219
2902146
2
-18
2
-626
29
4242
2903171
11
-12
2
-624
75
4267
2904196
-20
-3
5
-635
54
4237
2905221
-10
0
5
-629
51
4246
2906246
6
3
12
-634
55
4256
2907271
8
4
11
-629
67
4263
2908296
-2
7
13
-631
75
4244
2909321
-6
7
11
-619
78
4239
2910346
1
7
11
-610
72
4241
2911371
5
8
14
-614
56
4241
2912396
14
5
12
-611
79
4256
2913421
7
8
12
-627
63
4207
2914446
4
6
3
-622
58
4212
2915471
-2
8
-6
-609
76
4269
2916496
-14
10
-6
-610
40
4265
2909312
-6
7
-2
-620
33
4248
2910337
5
5
3
-619
44
4244
2911362
5
5
7
-636
59
4239
2912387
4
6
4
-621
61
4260
2913412
1
9
5
-625
74
4242
2914437
1
9
6
-642
56
4219
2915462
6
0
1
-636
82
4224
2916487
-2
-6
-1
-639
57
4216
2917512
-9
-10
4
-637
48
4223
2918537
-10
-12
8
-636
70
4235
2919562
-2
-13
8
-648
66
4224
2920587
4
-18
5
-650
82
4231
2921612
-8
-20
3
-650
79
4243
2922637
-3
-17
1
-637
59
4252
2923662
3
-14
2
-647
57
4265
2924687
1
-13
1
-636
60
4258
2917504
-5
-10
2
-635
45
4263
2918529
-3
-7
8
-639
45
4263
2919554
0
-7
12
-649
42
4259
2920579
4
-10
10
-651
68
4248
2921604
6
-14
10
-642
72
4243
2922629
7
-13
9
-632
47
4233
2923654
7
-11
8
-628
61
4252
2924679
2
-7
6
-625
64
4245
2925704
1
-3
7
-635
73
4225
2926729
-7
-4
10
-634
42
4217
2927754
0
-8
11
-637
49
4215
2928779
3
-11
14
-636
77
4215
2929804
-6
-13
17
-629
50
4223
2930829
-9
-13
20
-636
60
4230
2931854
-24
-17
22
-643
80
4217
2932879
-54
-29
17
-662
80
4202
2925696
3
-38
13
-663
-90
4245
2926721
37
-29
-10
-680
144
4299
2927746
-103
8
-20
-603
107
4182
2928771
-3
14
33
-639
31
3990
2929796
193
0
47
-366
331
4504
2930821
79
8
110
-583
-28
4740
2931846
-150
11
16
-633
-242
4168
2932871
28
-41
10
-643
-4
3621
2933896
121
-86
23
-554
277
3895
2934921
-14
-89
-1
-511
188
4215
2935946
-187
-69
-52
-503
205
4399
2936971
-332
-13
-52
-477
173
4596
2937996
-314
51
-38
-521
-236
4645
2939021
13
65
-57
-681
-331
4298
2940046
288
15
-104
-756
277
4051
2941071
87
-20
-67
-656
171
3991
2933889
-27
-30
-23
-633
-164
4150
2934914
77
-43
-16
-589
-50
4289
2935939
91
-32
2
-588
60
4303
2936964
-10
-11
24
-619
-5
4242
2937989
7
-9
22
-613
-20
4206
2939014
64
-15
13
-624
176
4245
2940039
22
-9
6
-610
143
4261
2941064
7
-2
-3
-610
124
4233
2942089
17
-5
2
-567
54
4300
2943114
0
6
0
-589
37
4281
2944139
-3
15
-4
-597
22
4287
2945164
1
21
3
-603
18
4283
2946189
8
18
6
-631
36
4229
2947214
25
3
7
-605
82
4217
2948239
10
1
16
-596
65
4241
2949264
-4
5
12
-594
29
4243
2942080
8
6
9
-591
59
4256
2943105
2
7
12
-603
93
4229
2944130
-7
7
16
-613
70
4203
2945155
-5
8
16
-620
42
4218
2946180
-11
6
8
-623
40
4239
2947205
-13
0
2
-616
56
4230
2948230
-2
-5
6
-612
56
4227
2949255
6
-10
16
-605
59
4253
2950280
-4
-8
17
-611
68
4257
2951305
-8
-3
12
-619
65
4254
2952330
-1
-3
7
-604
76
4265
2953355
-2
-1
7
-607
78
4266
2954380
-7
3
8
-607
58
4267
2955405
2
4
7
-605
59
4253
2956430
7
7
5
-608
67
4220
2957455
4
9
4
-608
66
4220
2950272
-6
10
1
-610
51
4226
2951297
-12
7
-6
-614
47
4231
2952322
-12
-1
-4
-612
40
4223
2953347
1
-9
6
-604
37
4255
2954372
4
-12
9
-608
65
4275
2955397
4
-11
11
-605
62
4254
2956422
8
-6
3
-599
84
4241
2957447
4
1
1
-587
82
4268
2958472
-8
10
4
-608
61
4260
2959497
-8
12
0
-627
50
4230
2960522
1
7
-3
-621
66
4220
2961547
3
1
3
-619
52
4222
2962572
2
0
11
-620
71
4243
2963597
-16
0
14
-630
63
4245
2964622
-8
0
13
-626
56
4235
2965647
7
-2
13
-618
64
4244
2958463
0
-1
14
-622
82
4247
2959488
2
0
13
-622
62
4247
2960513
10
0
7
-622
73
4228
2961538
-2
4
1
-615
68
4240
2962563
-7
6
0
-617
54
4240
2963588
-2
3
4
-610
39
4238
2964613
1
2
5
-624
43
4229
2965638
-4
2
4
-619
50
4227
2966663
-6
1
7
-616
60
4238
2967688
-5
-4
7
-613
62
4255
2968713
3
-9
5
-605
81
4250
2969738
5
-11
4
-614
84
4237
2970763
1
-10
5
-611
86
4243
2971788
-2
-9
3
-608
72
4251
2972813
0
-10
-2
-614
66
4254
2973838
-1
-9
-2
-622
50
4231
2966657
-1
-8
0
-629
47
4241
2967682
3
-8
1
-626
51
4250
2968707
1
-4
4
-624
54
4257
2969732
-4
2
4
-627
64
4230
2970757
-8
0
7
-632
56
4214
2971782
-1
-3
8
-627
77
4231
2972807
2
-1
9
-623
69
4219
2973832
-2
2
8
-620
69
4218
2974857
-15
7
7
-624
58
4219
2975882
-21
9
1
-627
41
4245
2976907
-22
6
-3
-626
47
4233
2977932
-13
0
5
-622
51
4251
2978957
-8
-6
12
-618
60
4258
2979982
-2
-8
12
-619
52
4259
2981007
-4
-9
9
-616
104
4264
2982032
-43
-12
24
-654
58
4212
2974848
-44
-6
7
-670
-9
4249
2975873
-41
25
1
-659
-42
4195
2976898
33
47
28
-593
46
4026
2977923
236
68
63
-311
170
4479
2978948
157
81
95
-697
172
4728
2979973
-306
79
-8
-738
-129
4213
2980998
-69
26
-41
-677
-52
3787
2982023
209
-38
-7
-645
286
3906
2983048
131
-76
-7
-589
359
4145
2984073
-116
-70
-28
-549
214
4340
2985098
-279
-19
-39
-551
33
4545
2986123
-191
25
-53
-606
-239
4439
2987148
100
13
-64
-746
-43
4201
2988173
106
-16
-50
-730
196
4107
2989198
-50
-22
-10
-692
15
4107
2990223
-29
-21
6
-669
-28
4152
2983039
27
-32
23
-607
140
4159
2984064
-35
-22
91
-564
-100
4228
2985089
-87
14
129
-642
-271
4320
2986114
-26
33
88
-677
14
4380
2987139
15
33
53
-657
174
4304
2988164
7
28
39
-639
150
4275
2989189
-2
27
24
-635
108
4283
2990214
24
17
0
-656
60
4239
2991239
51
3
-28
-635
101
4215
2992264
18
1
-29
-623
81
4174
2993289
8
-7
-10
-622
-5
4220
2994314
10
-12
3
-634
20
4214
2995339
17
-17
10
-636
-5
4231
2996364
3
-20
16
-632
15
4244
2997389
-9
-18
15
-647
33
4240
2998414
10
-15
11
-633
76
4244
2991232
19
-6
8
-649
92
4232
2992257
3
0
4
-641
66
4236
2993282
-14
5
-4
-663
61
4213
2994307
3
-1
-10
-631
33
4259
2995332
10
-2
-4
-632
19
4291
2996357
5
3
1
-637
37
4274
2997382
5
4
12
-644
26
4263
2998407
14
9
13
-644
51
4270
2999432
15
8
12
-646
87
4233
3000457
9
5
13
-635
79
4213
3001482
18
6
14
-644
79
4224
3002507
13
5
12
-641
56
4224
3003532
8
2
4
-637
77
4226
3004557
0
0
7
-636
51
4241
3005582
2
-1
11
-650
36
4217
3006607
9
-9
9
-657
60
4214
2999425
8
-18
7
-644
71
4233
3000450
3
-22
8
-637
64
4255
3001475
15
-22
14
-628
45
4248
3002500
7
-17
14
-638
61
4226
3003525
-7
-13
8
-630
62
4256
3004550
-9
-8
8
-634
75
4263
3005575
-1
-6
8
-637
44
4234
3006600
6
-6
3
-636
75
4221
3007625
-12
-3
2
-644
57
4215
3008650
-7
-3
3
-632
51
4232
3009675
1
-4
5
-639
74
4243
3010700
0
-10
7
-638
69
4250
3011725
9
-15
2
-621
98
4265
3012750
9
-12
-2
-619
94
4266
3013775
10
-8
-4
-618
78
4264
3014800
14
-4
-8
-620
112
4281
3007616
0
-1
-13
-623
71
4255
3008641
4
-5
-12
-635
47
4249
3009666
18
-10
-8
-635
56
4230
3010691
20
-9
-1
-644
36
4225
3011716
20
-10
1
-636
54
4225
3012741
11
-11
4
-633
65
4212
3013766
11
-13
8
-627
53
4246
3014791
9
-10
9
-639
70
4213
3015816
10
-11
3
-634
77
4181
3016841
11
-13
3
-630
91
4203
3017866
2
-11
0
-638
90
4218
3018891
-6
-9
-3
-642
75
4211
3019916
-2
-8
-7
-636
80
4248
3020941
-8
-7
-7
-629
75
4257
3021966
-10
-8
0
-634
49
4265
3022991
4
-6
6
-640
77
4286
3015808
6
-1
9
-642
99
4287
3016833
2
4
10
-626
92
4264
3017858
5
10
8
-632
75
4245
3018883
11
14
4
-642
105
4238
3019908
1
13
1
-641
76
4213
3020933
6
10
-2
-628
70
4199
3021958
6
6
5
-629
61
4219
3022983
-2
-1
12
-637
56
4205
3024008
-12
-8
12
-638
89
4207
3025033
-14
-13
12
-640
76
4216
3026058
2
-21
16
-624
95
4222
3027083
-1
-21
17
-620
99
4239
3028108
-9
-15
8
-621
103
4272
3029133
-31
-8
-2
-637
97
4273
3030158
-58
-3
-2
-656
36
4249
3031183
-28
-13
-1
-698
-36
4170
3024000
17
-37
-8
-764
173
4080
3025025
-182
-11
8
-648
126
3910
3026050
-130
66
97
-521
-242
4084
3027075
134
100
128
-450
228
4791
3028100
44
105
79
-665
379
4882
3029125
-372
129
-71
-704
-51
4312
3030150
-181
81
-136
-671
-82
3819
3031175
128
16
-107
-642
173
3816
3032200
86
-34
-95
-623
236
4019
3033225
-134
-31
-98
-546
102
4432
3034250
-356
6
-50
-521
-287
4834
3035275
-199
29
-40
-707
-498
4461
3036300
247
-27
-110
-844
136
3959
3037325
202
-83
-79
-733
278
3864
3038350
-17
-92
7
-639
-175
4134
3039375
40
-77
15
-633
-234
4375
3032192
175
-62
-7
-636
33
4360
3033217
120
-37
-9
-670
88
4199
3034242
2
-32
-3
-651
113
4125
3035267
-28
-29
8
-628
-8
4173
3036292
54
-22
5
-636
2
4235
3037317
72
-14
1
-633
72
4305
3038342
17
-4
5
-627
56
4319
3039367
10
6
1
-634
64
4291
3040392
15
10
11
-640
-7
4245
3041417
34
8
7
-656
46
4236
3042442
39
5
3
-624
109
4266
3043467
19
10
8
-632
60
4263
3044492
14
12
13
-636
60
4227
3045517
16
10
23
-642
71
4215
3046542
8
6
30
-650
44
4179
3047567
18
-2
28
-641
24
4188
3040384
24
-11
25
-642
76
4243
3041409
5
-13
15
-650
108
4248
3042434
3
-8
11
-627
102
4255
3043459
3
-2
13
-629
47
4257
3044484
2
2
7
-643
78
4242
3045509
0
3
6
-641
64
4235
3046534
-11
2
9
-647
64
4227
3047559
-11
-2
13
-656
30
4218
3048584
8
-9
14
-644
41
4234
3049609
5
-8
14
-635
42
4249
3050634
-3
-3
14
-635
64
4250
3051659
-5
0
14
-627
69
4228
3052684
-5
1
13
-632
71
4233
3053709
-4
3
9
-637
80
4256
3054734
0
4
7
-637
74
4242
3055759
-2
5
4
-627
82
4236
3048576
-13
2
3
-640
63
4224
3049601
-7
-7
3
-641
49
4206
3050626
9
-15
5
-639
64
4228
3051651
6
-21
9
-638
73
4216
3052676
11
-21
7
-624
58
4242
3053701
10
-12
7
-616
82
4280
3054726
-6
-9
9
-641
40
4274
3055751
9
-12
-1
-630
98
4252
3056776
10
-4
-3
-622
105
4228
3057801
-10
9
-1
-641
53
4225
3058826
-16
10
0
-653
24
4234
3059851
-6
7
-8
-648
26
4245
3060876
-6
4
-11
-641
57
4215
3061901
-13
2
-2
-643
67
4230
3062926
-5
-1
10
-637
56
4261
3063951
6
-2
10
-646
64
4251
3056768
9
-1
2
-633
84
4237
3057793
1
3
-2
-633
103
4244
3058818
-9
7
-2
-631
78
4237
3059843
-6
11
2
-641
53
4239
3060868
-3
10
0
-645
66
4243
3061893
-15
7
0
-664
69
4217
3062918
-12
0
2
-648
41
4220
3063943
5
-8
8
-646
50
4233
3064968
-6
-9
12
-654
65
4241
3065993
-15
-7
11
-644
49
4243
3067018
-8
-8
8
-653
65
4243
3068043
-1
-10
6
-639
87
4257
3069068
-2
-5
5
-637
78
4263
3070093
-16
3
3
-654
61
4232
3071118
-23
5
2
-663
69
4234
3072143
-63
-1
15
-675
65
4211
3064961
-61
-7
24
-726
16
4178
3065986
-58
-6
18
-719
-43
4279
3067011
-99
39
48
-615
-255
4239
3068036
107
82
97
-636
12
4166
3069061
420
63
138
-417
323
4674
3070086
58
77
40
-823
334
4714
3071111
-370
26
-25
-692
-343
3716
3072136
77
-62
-17
-663
175
3470
3073161
217
-113
24
-555
358
3945
3074186
29
-110
-5
-572
276
4345
3075211
-277
-81
-38
-540
188
4577
3076236
-404
-10
-40
-531
-3
4693
3077261
-245
58
-57
-632
-351
4475
3078286
144
37
-84
-795
-131
4124
3079311
237
-28
-74
-783
185
4053
3080336
12
-50
-51
-723
107
4083
3073152
-29
-57
-50
-632
-1
4204
3074177
50
-64
-16
-566
-4
4278
3075202
59
-46
18
-598
-37
4279
3076227
53
-26
30
-634
-27
4256
3077252
26
-18
16
-641
37
4214
3078277
16
-13
2
-627
87
4247
3079302
17
-7
1
-614
114
4266
3080327
11
-1
9
-621
79
4272
3081352
-3
8
-1
-618
46
4251
3082377
4
14
-9
-621
22
4234
3083402
16
9
-6
-630
49
4210
3084427
4
1
0
-633
46
4245
3085452
-4
-7
1
-618
88
4237
3086477
12
-10
5
-616
69
4241
3087502
16
-10
18
-601
51
4277
3088527
-12
-6
18
-636
63
4237
3081344
9
-6
8
-637
85
4252
3082369
14
-7
2
-645
92
4220
3083394
3
-13
-4
-647
64
4188
3084419
10
-19
-5
-614
101
4250
3085444
2
-13
3
-629
19
4239
3086469
15
-10
1
-615
41
4263
3087494
-3
-1
10
-629
46
4270
3088519
-12
2
17
-646
31
4247
3089544
8
-3
23
-640
45
4241
3090569
21
-3
24
-640
55
4244
3091594
18
-3
19
-630
60
4259
3092619
10
4
20
-603
68
4283
3093644
3
14
32
-605
12
4256
3094669
3
19
35
-640
50
4217
3095694
17
15
34
-639
36
4243
3096719
40
9
29
-643
107
4219
3089536
30
3
26
-629
135
4209
3090561
18
0
28
-637
118
4215
3091586
6
-3
24
-630
88
4201
3092611
5
-7
16
-624
83
4213
3093636
2
-8
14
-614
89
4247
3094661
-4
-5
11
-627
90
4242
3095686
1
-8
7
-621
96
4212
3096711
1
-12
6
-622
87
4234
3097736
-2
-11
9
-618
89
4264
3098761
-6
-12
13
-616
34
4231
3099786
11
-10
12
-619
73
4232
3100811
2
-4
6
-629
99
4220
3101836
-7
-2
1
-625
71
4220
3102861
-12
-3
-3
-617
78
4242
3103886
-13
-5
-4
-625
81
4240
3104911
-7
-7
-4
-632
76
4247
3097728
6
-8
-1
-620
70
4252
3098753
9
-6
3
-623
73
4244
3099778
4
-2
-1
-619
110
4253
3100803
-3
4
-2
-616
94
4239
3101828
1
4
-4
-628
79
4231
3102853
-2
6
-5
-634
58
4246
3103878
-7
11
-4
-633
57
4236
3104903
-2
10
-1
-635
41
4216
3105928
4
7
2
-645
90
4217
3106953
-9
0
4
-653
100
4212
3107978
0
-8
4
-644
84
4225
3109003
13
-14
3
-636
103
4228
3110028
-2
-9
4
-630
116
4246
3111053
-20
-2
5
-629
65
4266
3112078
-7
3
1
-637
73
4239
3113103
3
6
-1
-636
87
4251
3106082
-8
6
0
-636
84
4243
3107107
-7
6
-1
-635
73
4236
3108132
-3
6
0
-634
71
4232
3109157
-5
1
0
-631
69
4238
3110182
-9
0
3
-635
78
4222
3111207
-9
-2
0
-636
92
4202
3112232
-8
-9
0
-638
106
4208
3113257
-15
-18
7
-634
78
4242
3114282
-1
-25
14
-632
53
4254
3115307
10
-27
14
-639
68
4250
3116332
-4
-21
12
-633
86
4247
3117357
-13
-15
11
-637
63
4262
3118382
-10
-12
14
-618
58
4279
3119407
-7
-6
14
-624
82
4262
3120432
-23
-3
15
-627
88
4244
3121457
-44
-5
24
-639
75
4203
3114112
-51
-9
41
-687
50
4270
3115137
-134
-3
52
-723
-105
4341
3116162
-71
34
-3
-662
-31
3986
3117187
248
47
13
-397
402
4132
3118212
316
30
176
-467
127
4765
3119237
-343
95
0
-707
23
4648
3120262
-367
51
-13
-671
-419
3762
3121287
201
-38
0
-695
60
3596
3122312
299
-104
5
-557
437
4025
3123337
-18
-108
-32
-568
235
4256
3124362
-188
-84
-88
-497
257
4478
3125387
-256
-21
-96
-509
143
4579
3126412
-215
45
-77
-601
-256
4547
3127437
67
49
-90
-763
-314
4185
3128462
204
3
-116
-761
279
3987
3129487
-15
-23
-61
-670
149
4018
3122304
-52
-38
-7
-645
-190
4204
3123329
80
-50
0
-639
-42
4344
3124354
70
-34
-3
-628
89
4341
3125379
7
-12
-3
-625
103
4285
3126404
2
-3
6
-620
29
4238
3127429
30
3
-5
-643
136
4180
3128454
34
1
-4
-611
70
4251
3129479
5
14
3
-612
65
4286
3130504
-8
17
4
-634
-4
4277
3131529
-6
13
4
-631
6
4250
3132554
-5
9
2
-647
8
4224
3133579
15
-5
-2
-625
40
4235
3134604
24
-15
-10
-632
93
4168
3135629
35
-24
-14
-585
162
4238
3136654
-21
-15
6
-582
37
4293
3137679
-14
-8
5
-622
-6
4252
3130497
29
-9
-7
-607
108
4242
3131522
5
-1
5
-636
44
4253
3132547
-19
-2
5
-640
35
4233
3133572
-1
-6
6
-630
31
4250
3134597
14
-3
8
-641
57
4274
3135622
5
-4
2
-635
50
4240
3136647
21
-7
-1
-620
52
4216
3137672
38
-7
-5
-639
159
4210
3138697
1
-12
-2
-621
107
4221
3139722
-2
-13
8
-608
9
4235
3140747
14
-12
11
-611
14
4229
3141772
5
-8
10
-615
54
4228
3142797
-15
-1
9
-618
61
4249
3143822
-20
3
8
-627
58
4238
3144847
-9
-3
6
-616
58
4234
3145872
0
-5
7
-605
82
4267
3138688
-7
-1
6
-613
71
4264
3139713
-3
2
2
-607
74
4258
3140738
0
1
0
-604
70
4253
3141763
8
2
-2
-600
88
4264
3142788
0
5
0
-613
91
4250
3143813
-8
6
2
-622
28
4229
3144838
4
-1
-3
-622
62
4212
3145863
6
-6
1
-619
54
4235
3146888
-1
-3
2
-624
80
4235
3147913
-5
-3
5
-626
77
4229
3148938
-8
-7
10
-630
41
4235
3149963
-1
-10
6
-621
64
4247
3150988
-1
-9
8
-616
49
4240
3152013
-2
-2
6
-622
81
4255
3153038
-12
5
7
-621
88
4262
3154063
-12
7
11
-635
39
4251
3146880
0
4
8
-633
59
4230
3147905
-3
3
3
-631
74
4227
3148930
-12
2
3
-630
66
4243
3149955
-8
2
4
-619
55
4250
3150980
-1
-1
9
-621
47
4249
3152005
-2
-5
10
-621
62
4243
3153030
-11
-5
12
-620
63
4239
3154055
-9
-7
11
-620
53
4245
3155080
-6
-5
10
-619
77
4250
3156105
-8
-3
9
-619
93
4247
3157130
-9
-3
7
-623
61
4242
3158155
-13
-4
6
-621
43
4261
3159180
-21
-4
12
-638
15
4265
3160205
21
-11
13
-644
-24
4208
3161230
123
-21
-3
-631
106
4231
3162255
54
-16
-7
-622
198
4255
3155072
-44
-7
-12
-615
98
4227
3156097
-24
-6
-11
-626
3
4231
3157122
31
-10
-17
-615
59
4269
3158147
8
-5
-11
-622
84
4254
3159172
-38
-1
-11
-642
-6
4171
3160197
19
-7
-24
-641
60
4175
3161222
-12
-20
-9
-653
151
4158
3162247
-77
-25
7
-684
20
4241
3163272
-99
-8
24
-599
19
4376
3164297
-109
17
64
-621
47
4000
3165322
205
34
86
-279
134
4593
3166347
229
65
156
-655
184
4946
3167372
-353
127
44
-704
-63
4403
3168397
-179
73
31
-689
-332
3604
3169422
248
-16
24
-668
232
3693
3170447
192
-52
-14
-598
412
4034
3163264
-56
-55
-65
-535
151
4123
3164289
-183
-37
-87
-495
227
4371
3165314
-289
26
-61
-510
47
4638
3166339
-242
85
-51
-631
-307
4521
3167364
131
75
-86
-796
-156
4198
3168389
234
29
-94
-763
254
4060
3169414
9
-6
-33
-727
34
4059
3170439
-43
-27
-8
-708
-141
4203
3171464
59
-33
-14
-669
-37
4329
3172489
80
-24
0
-658
44
4302
3173514
42
-16
17
-658
73
4236
3174539
22
-14
28
-659
34
4208
3175564
4
-8
21
-672
72
4171
3176589
27
-8
8
-651
78
4227
3177614
30
-5
11
-631
64
4308
3178639
5
-4
9
-634
36
4277
3171456
-3
-6
2
-644
61
4213
3172481
10
-7
0
-629
122
4200
3173506
17
-13
9
-612
50
4231
3174531
11
-14
19
-620
40
4280
3175556
-11
-7
17
-641
68
4270
3176581
-3
-8
16
-641
30
4265
3177606
15
-10
12
-632
88
4254
3178631
15
-5
11
-628
92
4266
3179656
4
0
11
-644
64
4239
3180681
-1
0
11
-653
53
4224
3181706
3
-1
9
-637
55
4228
3182731
14
-2
15
-649
50
4219
3183756
15
-1
16
-636
72
4193
3184781
0
2
16
-637
42
4192
3185806
-16
6
14
-642
27
4215
3186831
-18
3
10
-637
48
4239
3179648
-9
-5
11
-632
81
4241
3180673
2
-13
17
-619
83
4259
3181698
6
-9
18
-622
76
4268
3182723
7
-3
10
-625
103
4261
3183748
-3
2
1
-624
84
4252
3184773
-3
9
-7
-626
81
4237
3185798
0
11
-10
-633
85
4233
3186823
-2
7
-8
-641
57
4232
3187848
-7
3
0
-654
35
4219
3188873
0
-6
4
-648
51
4224
3189898
1
-13
6
-642
83
4228
3190923
-6
-13
7
-640
79
4244
3191948
-4
-9
9
-646
63
4245
3192973
6
-6
7
-642
76
4247
3193998
2
-3
3
-641
86
4245
3195023
-4
2
-4
-638
83
4233
3187839
-4
8
-7
-648
66
4243
3188864
-1
8
-7
-655
58
4240
3189889
-3
3
-3
-651
46
4212
3190914
-5
3
1
-651
46
4201
3191939
1
0
5
-647
52
4239
3192964
-2
-1
8
-653
55
4260
3193989
-4
-2
8
-647
67
4233
3195014
-2
-3
5
-645
80
4224
3196039
-1
-3
5
-631
69
4254
3197064
1
-2
8
-640
79
4264
3198089
-4
2
8
-646
71
4250
3199114
-1
3
4
-645
68
4228
3200139
-1
1
1
-639
59
4230
3201164
-4
-2
3
-638
59
4229
3202189
-2
-2
6
-645
58
4240
3203214
-4
-2
7
-651
68
4228
3196032
-3
-5
4
-643
59
4219
3197057
0
-10
8
-641
64
4225
3198082
-5
-10
6
-639
62
4227
3199107
-11
-9
5
-633
57
4211
3200132
-11
-8
5
-637
57
4209
3201157
-7
-7
-1
-650
66
4202
3202182
-11
-7
-8
-647
60
4231
3203207
-21
-8
-10
-640
61
4270
3204232
-16
-10
-5
-644
38
4270
3205257
3
-14
2
-645
56
4263
3206282
11
-12
4
-644
80
4296
3207307
4
-2
0
-636
83
4297
3208332
-4
13
-4
-649
66
4253
3209357
5
18
-5
-652
81
4247
3210382
2
19
-3
-662
67
4220
3211407
-1
15
-5
-650
60
4211
3204224
-2
10
-1
-650
53
4218
3205249
-4
7
4
-667
57
4191
3206274
-5
0
6
-661
70
4191
3207299
-13
-7
9
-649
51
4207
3208324
-4
-11
8
-651
61
4220
3209349
-5
-10
7
-645
78
4219
3210374
-15
-5
5
-644
69
4243
3211399
-20
-2
6
-651
46
4266
3212424
-14
-1
3
-653
46
4259
3213449
-7
2
5
-654
27
4246
3214474
-17
5
6
-654
22
4264
3215499
-19
4
4
-649
39
4251
3216524
-11
2
6
-654
46
4232
3217549
-29
-2
10
-663
95
4216
3218574
-91
-12
33
-693
57
4139
3219599
-67
-21
36
-741
-140
4213
3212415
-34
6
2
-608
-150
4289
3213440
12
34
13
-648
228
4051
3214465
46
27
72
-592
419
4125
3215490
17
54
174
-459
-119
4749
3216515
-162
126
59
-733
-213
4766
3217540
-129
83
20
-714
-209
3962
3218565
99
34
7
-701
330
3796
3219590
35
-11
0
-663
238
4013
3220615
-80
-22
-89
-628
373
4266
3221640
-290
1
-94
-503
36
4771
3222665
-243
35
-63
-633
-553
4623
3223690
232
-4
-122
-881
48
3880
3224715
306
-67
-80
-717
209
3804
3225740
70
-68
-10
-669
-96
4107
3226765
8
-53
-14
-696
-150
4302
3227790
30
-50
-27
-675
-2
4269
3220608
25
-45
-21
-654
33
4217
3221633
27
-44
1
-644
18
4204
3222658
33
-37
11
-659
52
4227
3223683
32
-15
15
-653
124
4302
3224708
2
4
13
-688
127
4273
3225733
-32
13
5
-685
37
4229
3226758
-22
17
-4
-662
32
4286
3227783
-2
19
-3
-667
-23
4281
3228808
13
27
-7
-666
23
4283
3229833
-1
26
5
-671
-15
4238
3230858
4
13
12
-683
1
4199
3231883
22
-2
11
-660
58
4216
3232908
23
-9
16
-645
56
4248
3233933
9
-12
15
-645
32
4224
3234958
15
-16
13
-620
57
4241
3235983
17
-16
11
-637
57
4244
3228801
20
-12
0
-647
91
4227
3229826
0
-9
-3
-649
70
4213
3230851
-4
-10
-2
-662
25
4248
3231876
1
-12
-3
-667
24
4251
3232901
1
-14
-1
-668
-5
4240
3233926
14
-17
1
-665
29
4235
3234951
10
-17
5
-655
50
4239
3235976
2
-10
7
-660
69
4233
3237001
-1
-6
9
-663
43
4242
3238026
4
-3
8
-652
57
4270
3239051
4
-1
5
-663
75
4225
3240076
3
-1
3
-659
62
4226
3241101
3
0
3
-662
65
4238
3242126
0
-1
4
-669
37
4236
3243151
8
-4
1
-678
57
4219
3244176
7
-9
3
-663
47
4230
3236992
5
-7
6
-646
31
4256
3238017
5
-4
9
-657
55
4232
3239042
-2
-7
10
-660
67
4201
3240067
-1
-13
7
-652
57
4210
3241092
7
-17
-1
-638
56
4241
3242117
7
-15
-4
-616
48
4241
3243142
-5
-4
-2
-634
41
4218
3244167
-16
3
-4
-653
31
4226
3245192
-15
1
-6
-656
40
4255
3246217
-7
-1
-6
-657
26
4246
3247242
0
-5
-4
-655
28
4247
3248267
-2
-1
2
-652
50
4272
3249292
-3
3
2
-661
76
4275
3250317
-6
4
-1
-651
76
4243
3251342
0
4
-3
-653
70
4237
3252367
5
2
-6
-657
87
4234
3245239
-2
-4
-7
-658
61
4232
3246264
-4
-10
-7
-656
36
4219
3247289
14
-12
-5
-651
46
4235
3248314
13
-13
3
-646
41
4240
3249339
-2
-12
10
-662
28
4247
3250364
-2
-10
11
-661
39
4226
3251389
4
-9
14
-666
59
4235
3252414
5
-9
12
-662
78
4260
3253439
6
-6
9
-661
74
4256
3254464
12
-4
7
-657
82
4240
3255489
8
-4
7
-658
67
4248
3256514
7
-2
5
-659
45
4242
3257539
11
-3
5
-661
49
4237
3258564
11
-4
7
-664
38
4224
3259589
15
-6
4
-654
55
4230
3260614
13
-7
9
-650
62
4244
3253376
4
-3
13
-648
48
4226
3254401
7
-1
9
-653
70
4223
3255426
3
-2
8
-648
56
4225
3256451
1
-3
9
-653
59
4212
3257476
4
-9
8
-653
73
4210
3258501
10
-14
7
-654
93
4227
3259526
4
-17
3
-658
90
4216
3260551
-8
-18
3
-648
56
4201
3261576
-6
-22
2
-649
28
4216
3262601
1
-23
6
-637
42
4247
3263626
-9
-16
17
-647
27
4239
3264651
-16
-9
21
-657
55
4246
3265676
-19
-7
22
-662
59
4240
3266701
0
-9
18
-643
82
4235
3267726
-2
-7
18
-631
87
4214
3268751
-12
1
16
-637
78
4223
3261571
-14
6
8
-643
79
4246
3262596
-27
5
2
-647
76
4241
3263621
-85
-3
7
-666
145
4173
3264646
-174
-19
36
-707
210
4010
3265671
-109
-25
94
-660
-206
4115
3266696
-36
43
130
-653
-385
4500
3267721
-48
129
143
-753
-124
4355
3268746
129
124
124
-482
470
4424
3269771
195
88
184
-542
352
4746
3270796
-422
138
79
-692
-150
4521
3271821
-137
71
-2
-727
-338
3706
3272846
276
-9
7
-707
189
3763
3273871
120
-63
-31
-638
381
4102
3274896
-120
-77
-118
-672
229
4080
3275921
-205
-99
-161
-572
46
4264
3276946
-212
-76
-97
-474
-273
4641
3269760
53
-53
-84
-707
-351
4325
3270785
314
-87
-125
-853
135
3982
3271810
133
-121
-94
-713
213
3988
3272835
-56
-109
-68
-664
36
4094
3273860
-3
-102
-42
-601
-125
4241
3274885
114
-82
-10
-582
-1
4413
3275910
40
-28
19
-632
-33
4423
3276935
-34
7
16
-674
-15
4335
3277960
-12
18
-4
-675
95
4271
3278985
29
16
-4
-660
126
4265
3280010
30
15
10
-639
93
4284
3281035
18
13
10
-627
49
4285
3282060
16
12
-2
-635
60
4217
3283085
6
6
-7
-629
12
4203
3284110
5
1
0
-594
81
4248
3285135
1
4
19
-625
22
4233
3277951
22
-4
24
-630
-4
4199
3278976
20
-7
17
-628
56
4206
3280001
-1
-10
14
-610
63
4220
3281026
8
-14
14
-611
79
4233
3282051
11
-15
14
-615
94
4236
3283076
-20
-10
15
-624
38
4265
3284101
-10
-7
9
-634
30
4275
3285126
11
-5
8
-625
46
4252
3286151
1
1
9
-630
42
4226
3287176
-3
7
7
-632
47
4240
3288201
-1
6
7
-624
33
4254
3289226
-4
4
6
-627
59
4255
3290251
-6
3
7
-637
48
4247
3291276
16
-7
7
-626
60
4260
3292301
20
-5
12
-618
50
4251
3293326
5
3
10
-632
53
4217
3286144
-1
4
4
-624
44
4207
3287169
14
5
-3
-620
98
4237
3288194
-6
9
1
-632
52
4227
3289219
-7
7
2
-629
72
4215
3290244
-3
4
7
-630
66
4233
3291269
-6
3
10
-645
32
4235
3292294
-3
-2
8
-650
61
4239
3293319
-3
-9
8
-647
52
4260
3294344
1
-13
8
-646
85
4250
3295369
9
-10
10
-631
62
4281
3296394
13
-3
10
-641
57
4270
3297419
11
2
5
-631
66
4253
3298444
5
10
6
-624
45
4255
3299469
-2
16
7
-644
59
4240
3300494
-3
20
6
-645
61
4213
3301519
7
16
11
-647
35
4217
3294336
6
8
11
-652
49
4214
3295361
2
2
10
-650
48
4207
3296386
5
-2
7
-644
58
4220
3297411
0
-3
1
-633
75
4238
3298436
1
-2
6
-624
52
4239
3299461
14
-1
11
-635
67
4234
3300486
4
2
6
-640
106
4241
3301511
-16
4
4
-639
58
4242
3302536
-11
-1
2
-646
62
4226
3303561
-1
-6
2
-633
68
4233
3304586
-2
-6
5
-638
67
4256
3305611
-8
-6
6
-643
56
4240
3306636
-3
-8
3
-636
50
4244
3307661
0
-6
4
-642
70
4255
3308686
-6
-3
6
-638
50
4247
3309711
-2
4
8
-637
58
4247
3302527
-7
10
9
-647
56
4232
3303552
-12
11
5
-655
67
4215
3304577
-18
10
0
-655
54
4202
3305602
-13
6
-6
-644
57
4202
3306627
-24
6
-8
-636
52
4203
3307652
-32
7
-7
-647
15
4207
3308677
-21
0
-7
-652
27
4227
3309702
-14
-5
-6
-641
43
4234
3310727
-21
-6
-1
-646
67
4250
3311752
-23
-9
3
-642
45
4269
3312777
-7
-10
2
-653
71
4282
3313802
3
-6
-4
-640
71
4280
3314827
-6
0
-9
-632
67
4276
3315852
-16
8
-9
-643
41
4271
3316877
-9
10
-9
-659
28
4254
3317902
1
8
-6
-659
54
4249
3310720
-3
7
-5
-653
54
4247
3311745
-9
5
0
-653
20
4225
3312770
5
1
2
-655
40
4213
3313795
9
-2
3
-652
43
4217
3314820
-3
-2
1
-653
53
4216
3315845
-16
-2
2
-656
23
4209
3316870
1
-3
1
-657
40
4238
3317895
0
-3
0
-655
69
4228
3318920
-31
4
4
-651
31
4221
3319945
-68
8
10
-659
61
4190
3320970
-110
6
29
-685
98
4021
3321995
-107
8
90
-732
-88
3969
3323020
-103
83
155
-671
-398
4326
3324045
-101
211
174
-672
-82
4588
3325070
129
252
198
-381
37
4966
3326095
341
199
178
-894
373
4682
3319031
-337
181
-30
-773
304
4138
3320056
-166
77
-45
-804
-391
3487
3321081
328
-67
-42
-778
266
3788
3322106
195
-152
-66
-576
537
4197
3323131
-160
-133
-87
-629
2
4223
3324156
-236
-104
-111
-644
-143
4252
3325181
-102
-77
-96
-588
-125
4382
3326206
62
-52
-53
-690
-200
4315
3327231
164
-65
-64
-793
15
4348
3328256
-2
-55
-77
-777
65
4264
3329281
-88
-50
-96
-805
-13
4029
3330306
73
-97
-91
-717
71
4059
3331331
124
-114
-50
-637
60
4188
3332356
75
-101
-22
-625
-46
4265
3333381
57
-82
-6
-629
-66
4327
3334406
10
-47
-5
-652
68
4389
3327105
-56
-17
-11
-677
26
4325
3328130
3
-13
-15
-655
77
4301
3329155
28
-6
-9
-647
104
4269
3330180
25
0
-10
-657
51
4198
3331205
36
-3
-8
-640
73
4208
3332230
6
0
6
-645
4
4241
3333255
2
-6
17
-655
-34
4239
3334280
16
-15
24
-654
19
4229
3335305
8
-23
33
-667
65
4183
3336330
5
-38
35
-654
73
4185
3337355
6
-47
40
-626
89
4226
3338380
-3
-46
39
-626
-4
4251
3339405
16
-39
26
-618
54
4293
3340430
1
-23
13
-635
94
4290
3341455
-8
-7
7
-619
79
4289
3342480
-7
7
13
-621
18
4299
3335296
5
9
16
-637
2
4255
3336321
17
8
15
-631
37
4233
3337346
8
8
20
-626
36
4234
3338371
-3
10
24
-634
18
4235
3339396
7
7
23
-641
48
4213
3340421
12
3
19
-643
56
4191
3341446
11
-2
10
-622
98
4193
3342471
-15
-3
12
-612
56
4208
3343496
-14
0
13
-623
22
4252
3344521
-1
2
5
-633
79
4258
3345546
-9
1
3
-640
59
4204
3346571
-6
-4
2
-641
49
4200
3347596
10
-10
6
-622
41
4268
3348621
9
-9
11
-628
23
4285
3349646
11
-8
7
-625
49
4265
3350671
4
-9
4
-619
75
4262
3343488
2
-3
8
-615
54
4285
3344513
8
1
12
-626
46
4253
3345538
0
1
13
-632
46
4220
3346563
-2
4
8
-631
44
4220
3347588
10
4
6
-640
66
4209
3348613
-2
1
3
-637
21
4215
3349638
-4
2
-2
-637
28
4227
3350663
-2
1
-7
-642
53
4213
3351688
-1
-5
-3
-648
78
4231
3352713
0
-11
3
-639
79
4248
3353738
-1
-14
7
-641
50
4231
3354763
5
-16
3
-643
62
4229
3355788
9
-15
-2
-632
85
4260
3356813
-2
-10
-1
-630
61
4252
3357838
-2
-5
1
-634
50
4256
3358863
-8
1
-1
-641
61
4254
3351681
-15
5
0
-647
60
4235
3352706
-6
1
3
-653
57
4237
3353731
-4
-3
7
-648
55
4238
3354756
-5
-4
8
-647
50
4248
3355781
4
-3
5
-638
53
4242
3356806
-10
3
8
-644
62
4213
3357831
-26
5
9
-655
31
4205
3358856
-30
2
17
-666
76
4159
3359881
-26
-6
41
-703
6
4254
3360906
-62
7
38
-665
-38
4422
3361931
-180
33
51
-692
-55
4121
3362956
-38
-7
69
-735
40
3840
3363981
53
-38
113
-702
46
3880
3365006
-21
34
126
-339
38
4847
3366031
20
93
188
-464
-120
5150
3367056
-149
138
98
-752
-13
4525
3359872
43
61
60
-735
-125
3548
3360897
217
-66
41
-635
422
3414
3361922
13
-149
29
-524
263
3918
3362947
-170
-156
-72
-483
93
4382
3363972
-312
-45
-119
-402
124
4934
3364997
-369
78
-88
-563
-289
4729
3366022
112
54
-101
-728
-287
4074
3367047
324
-17
-95
-720
285
3993
3368072
-68
-18
-57
-744
32
4022
3369097
-91
-33
-48
-662
-157
4263
3370122
51
-45
-27
-619
-66
4355
3371147
77
-38
4
-641
-38
4275
3372172
20
-31
30
-647
-17
4269
3373197
-6
-21
29
-669
-28
4217
3374222
42
-24
2
-666
47
4197
3375247
57
-39
-8
-639
110
4152
3368063
44
-50
2
-603
70
4271
3369088
15
-37
6
-592
42
4310
3370113
41
-24
0
-614
38
4298
3371138
24
-15
4
-604
5
4292
3372163
-10
-2
5
-627
-22
4244
3373188
2
-2
3
-620
-15
4243
3374213
7
-2
1
-630
36
4214
3375238
1
-7
-2
-606
59
4211
3376263
-9
-6
8
-590
36
4234
3377288
-7
-7
13
-614
7
4229
3378313
2
-13
7
-607
64
4243
3379338
-22
-7
3
-626
19
4222
3380363
-9
-7
-5
-621
24
4217
3381388
-3
-6
-2
-605
16
4234
3382413
-8
-1
5
-614
2
4269
3383438
-16
4
7
-615
1
4277
3376256
-15
10
9
-612
-3
4269
3377281
-6
14
11
-610
22
4256
3378306
-1
16
12
-619
14
4268
3379331
4
15
11
-597
35
4280
3380356
-1
19
9
-599
19
4260
3381381
2
22
6
-608
15
4251
3382406
3
19
5
-605
51
4263
3383431
8
14
6
-601
41
4264
3384456
18
8
4
-612
52
4239
3385481
17
0
1
-603
44
4238
3386506
12
-4
-3
-614
48
4234
3387531
18
-7
-8
-618
29
4219
3388556
23
-8
-14
-617
41
4222
3389581
15
-6
-16
-617
26
4228
3390606
18
-7
-19
-626
38
4241
3391631
23
-9
-16
-625
64
4266
3384448
19
-5
-14
-622
44
4264
3385473
21
3
-17
-632
50
4249
3386498
25
10
-24
-632
53
4255
3387523
26
21
-33
-630
104
4303
3388548
27
32
-40
-636
114
4302
3389573
36
34
-49
-637
105
4313
3390598
36
37
-53
-641
96
4300
3391623
40
39
-54
-644
64
4283
3392648
49
44
-50
-652
29
4266
3393673
43
52
-51
-678
58
4211
3394698
19
49
-53
-679
31
4125
3395723
23
32
-45
-680
-31
4146
3396748
35
19
-40
-682
20
4204
3397773
26
11
-37
-676
73
4217
3398798
18
4
-30
-668
63
4227
3399823
38
-4
-33
-670
113
4250
3392640
42
-4
-46
-681
173
4257
3393665
41
-1
-63
-670
188
4335
3394690
71
12
-88
-659
170
4425
3395715
105
37
-120
-655
183
4405
3396740
110
71
-158
-637
279
4417
3397765
113
129
-203
-649
285
4457
3398790
150
189
-248
-688
179
4415
3399815
180
240
-292
-705
236
4346
3400840
133
291
-308
-718
205
4316
3401865
110
337
-302
-755
135
4290
3402890
151
366
-293
-818
149
4200
3403915
177
368
-288
-878
143
4076
3404940
182
348
-284
-873
147
4083
3405965
165
331
-267
-874
211
4126
3406990
130
317
-246
-907
170
4095
3408015
118
294
-234
-967
215
4041
3400832
107
252
-222
-1016
257
4042
3401857
112
203
-211
-1025
221
4086
3402882
131
167
-203
-1035
212
4099
3403907
136
149
-193
-1083
226
4125
3404932
136
143
-190
-1097
190
4161
3405957
143
144
-185
-1100
182
4126
3406982
130
152
-175
-1136
168
4066
3408007
104
163
-180
-1137
259
4073
3409032
59
183
-182
-1133
264
4078
3410057
37
202
-186
-1132
196
4056
3411082
46
223
-206
-1167
302
4020
3412107
31
243
-241
-1167
358
3943
3413132
1
267
-280
-1154
211
3947
3414157
27
312
-355
-1117
181
4002
3415182
65
397
-480
-1115
129
3958
3416207
68
496
-637
-1139
-6
3733
3409024
36
566
-756
-1167
84
3725
3410049
-97
617
-803
-1277
68
3630
3411074
-102
307
-573
-1967
-523
3969
3412099
382
-312
-216
-1352
459
5753
3413124
280
-168
-157
-847
1418
5100
3414149
-156
109
65
-1835
-297
3656
3415174
196
26
-289
-1528
-824
3150
3416199
359
31
-432
-1466
674
3842
3417224
-142
86
-251
-1597
401
4326
3418249
-198
107
-145
-1513
89
4445
3419274
-139
131
-122
-1429
105
4175
3420299
-34
145
-98
-1570
78
3813
3421324
105
115
-112
-1572
208
3782
3422349
90
89
-127
-1508
196
3882
3423374
26
72
-116
-1507
110
3955
3424399
5
52
-102
-1483
95
4020
3417215
1
35
-89
-1463
-30
3998
3418240
44
15
-85
-1507
-27
3951
3419265
55
1
-79
-1543
55
3972
3420290
41
0
-61
-1539
109
4018
3421315
13
11
-35
-1555
174
4046
3422340
-17
21
-15
-1573
190
4021
3423365
-23
24
-8
-1597
193
3998
3424390
-25
20
-15
-1624
186
3965
3425415
-23
13
-33
-1619
145
3974
3426440
16
2
-53
-1604
151
4044
3427465
36
-1
-73
-1578
174
4049
3428490
36
4
-92
-1532
179
4055
3429515
50
14
-107
-1507
137
4131
3430540
90
29
-135
-1496
157
4228
3431565
91
57
-172
-1506
241
4221
3432590
76
89
-190
-1481
150
4148
3425409
96
117
-199
-1477
144
4102
3426434
95
144
-207
-1513
201
4048
3427459
78
159
-208
-1571
182
3977
3428484
88
156
-204
-1613
120
3969
3429509
110
142
-206
-1641
162
3925
3430534
105
131
-207
-1681
161
3886
3431559
87
117
-200
-1735
166
3855
3432584
54
105
-190
-1778
165
3844
3433609
39
94
-180
-1782
108
3898
3434634
63
84
-169
-1757
90
3896
3435659
72
80
-152
-1746
117
3857
3436684
52
82
-128
-1780
119
3891
3437709
44
78
-118
-1755
149
3902
3438734
35
69
-111
-1748
159
3846
3439759
22
52
-103
-1784
151
3818
3440784
-17
32
-104
-1735
139
3833
3433600
-48
23
-87
-1752
53
3878
3434625
-13
11
-77
-1768
87
3920
3435650
7
9
-66
-1759
154
3931
3436675
-8
13
-60
-1749
135
3935
3437700
-9
20
-54
-1752
72
3955
3438725
7
27
-41
-1753
64
3975
3439750
25
33
-20
-1767
65
3980
3440775
25
38
-11
-1797
80
3945
3441800
2
44
-9
-1810
86
3903
3442825
-4
50
-3
-1801
107
3941
3443850
-8
53
3
-1804
118
3915
3444875
-14
47
6
-1810
125
3816
3445900
-34
32
8
-1809
151
3763
3446925
-54
10
8
-1809
107
3768
3447950
-44
-23
9
-1785
73
3786
3448975
-18
-54
21
-1773
56
3859
3441792
-2
-71
34
-1747
99
3923
3442817
-11
-63
41
-1743
109
3985
3443842
-13
-45
42
-1742
109
4031
3444867
-9
-21
41
-1731
156
4037
3445892
-13
2
37
-1744
182
4006
3446917
-26
21
26
-1759
149
3979
3447942
-30
27
10
-1776
145
3938
3448967
-15
24
-3
-1789
145
3958
3449992
-4
18
-12
-1757
104
3923
3451017
10
18
-18
-1724
104
3916
3452042
21
24
-17
-1702
123
3980
3453067
20
29
-18
-1715
108
3950
3454092
24
28
-25
-1723
136
3914
3455117
16
29
-27
-1766
132
3918
3456142
17
31
-33
-1821
126
3919
3457167
25
30
-37
-1844
144
3921
3449985
36
32
-32
-1822
134
3955
3451010
43
37
-35
-1780
128
3950
3452035
37
45
-34
-1755
92
3929
3453060
35
51
-31
-1740
62
3935
3454085
39
56
-33
-1757
86
3922
3455110
31
62
-29
-1782
151
3929
3456135
4
69
-19
-1813
136
3899
3457160
12
66
-18
-1838
134
3871
3458185
32
59
-22
-1840
162
3865
3459210
20
56
-26
-1836
151
3853
3460235
5
53
-34
-1841
152
3848
3461260
1
47
-39
-1865
116
3853
3462285
25
35
-45
-1866
106
3865
3463310
43
23
-49
-1852
103
3861
3464335
41
25
-42
-1833
111
3885
3465360
24
34
-27
-1848
105
3905
3458188
13
38
-15
-1860
99
3892
3459213
17
36
-10
-1861
128
3871
3460238
19
34
-7
-1860
150
3847
3461263
5
31
-13
-1866
153
3844
3462288
7
28
-18
-1859
167
3854
3463313
17
23
-17
-1868
153
3843
3464338
22
17
-18
-1875
140
3850
3465363
17
13
-19
-1876
156
3860
3466388
-3
11
-16
-1889
117
3842
3467413
-18
3
-10
-1892
101
3820
3468438
-34
-3
4
-1906
94
3815
3469463
-35
-9
14
-1912
63
3841
3470488
-28
-18
20
-1894
90
3831
3471513
-39
-24
32
-1877
73
3809
3472538
-35
-31
38
-1870
62
3832
3473563
-11
-38
41
-1849
99
3871
3466368
-5
-47
46
-1852
137
3870
3467393
-28
-48
45
-1861
168
3880
3468418
-42
-47
36
-1859
151
3894
3469443
-31
-48
26
-1850
137
3893
3470468
-14
-46
21
-1843
146
3888
3471493
-8
-40
16
-1830
136
3920
3472518
-5
-30
13
-1829
123
3940
3473543
0
-22
13
-1821
120
3931
3474568
3
-14
14
-1821
133
3906
3475593
-7
-10
14
-1829
113
3899
3476618
-10
-7
12
-1833
120
3910
3477643
-3
-5
13
-1831
118
3881
3478668
0
-3
12
-1843
143
3868
3479693
-4
-6
7
-1840
146
3876
3480718
-6
-8
5
-1823
139
3877
3481743
-1
-9
7
-1833
129
3875
3474560
3
-11
8
-1834
124
3859
3475585
5
-12
11
-1827
141
3864
3476610
-4
-12
19
-1838
133
3880
3477635
-7
-13
18
-1842
133
3887
3478660
2
-16
18
-1844
143
3895
3479685
-2
-18
15
-1846
137
3891
3480710
-4
-20
6
-1833
99
3906
3481735
8
-20
-5
-1823
115
3920
3482760
15
-16
-6
-1827
102
3950
3483785
14
-9
-4
-1821
90
3947
3484810
6
1
0
-1821
110
3912
3485835
-7
11
7
-1836
101
3903
3486860
-7
13
5
-1837
94
3885
3487885
9
8
7
-1821
113
3884
3488910
12
4
15
-1823
131
3883
3489935
-4
0
16
-1825
127
3848
3482752
-10
-4
16
-1840
119
3841
3483777
1
-10
18
-1840
121
3872
3484802
15
-15
19
-1833
149
3881
3485827
15
-17
22
-1823
131
3894
3486852
15
-14
23
-1820
151
3922
3487877
1
-6
22
-1829
173
3921
3488902
-13
1
17
-1836
173
3909
3489927
-18
3
9
-1849
155
3900
3490952
-17
3
1
-1849
140
3887
3491977
-6
4
-1
-1830
129
3888
3493002
2
4
-1
-1829
122
3872
3494027
2
1
2
-1818
113
3866
3495052
-2
-2
6
-1821
104
3867
3496077
-2
-5
6
-1831
131
3868
3497102
-2
-11
6
-1844
123
3865
3498127
0
-17
5
-1845
153
3852
3490944
-1
-23
2
-1848
160
3847
3491969
3
-31
-5
-1839
180
3857
3492994
0
-41
-20
-1838
220
3837
3494019
-22
-52
-34
-1825
230
3793
3495044
-42
-66
-56
-1829
231
3770
3496069
-39
-87
-82
-1825
265
3755
3497094
-51
-116
-111
-1839
303
3685
3498119
-75
-156
-149
-1831
206
3644
3499144
-68
-207
-217
-1855
314
3584
3500169
-60
-274
-292
-1833
364
3603
3501194
-36
-348
-354
-1712
-14
3744
3502219
67
-399
-405
-1703
-35
3874
3503244
81
-429
-483
-1713
282
3866
3504269
-6
-446
-557
-1645
596
3759
3505294
-141
-460
-579
-1560
563
3761
3506319
-189
-494
-532
-1434
-85
3989
3499137
-117
-511
-491
-1335
-298
4096
3500162
-86
-466
-483
-1425
-4
4063
3501187
-186
-421
-466
-1465
7
3993
3502212
-258
-392
-443
-1468
-136
4062
3503237
-250
-378
-414
-1455
-188
4173
3504262
-184
-371
-394
-1408
-166
4218
3505287
-130
-366
-382
-1337
-130
4117
3506312
-172
-372
-375
-1323
4
3990
3507337
-278
-364
-368
-1270
-237
4120
3508362
-265
-339
-388
-1229
-569
4288
3509387
-57
-312
-418
-1234
-419
4293
3510412
54
-298
-420
-1198
-234
4201
3511437
29
-270
-410
-1248
-231
4207
3512462
-14
-242
-412
-1295
-191
4278
3513487
-109
-218
-436
-1198
-243
4265
3514512
