Device = VHR-0009
time_stamp = 1780037553316
sample_rate = 50
Data format = INT16
TYPE = 6-AXIS IMU RAW DATA
-115
-15
53
-1089
-995
4200
7393920
-214
14
54
-1114
-902
4029
7394945
-62
-4
39
-832
-936
4150
7395970
155
-52
60
-1028
-1049
4381
7396995
-44
15
117
-1083
-1173
4027
7398020
42
21
96
-1154
-1015
3767
7399045
37
1
9
-1161
-893
3715
7400070
-6
-74
-82
-1161
-727
3762
7401095
-20
-57
-148
-973
-616
4488
7402120
-216
87
-87
-822
-906
4909
7403145
-179
134
-29
-1048
-1266
4034
7404170
217
71
-82
-1251
-842
3491
7405195
230
49
-97
-1131
-834
3895
7406220
29
43
-109
-1122
-1021
4194
7407245
-30
36
-94
-1098
-1080
4109
7408270
13
72
-39
-1089
-1093
4076
7409295
66
74
1
-1091
-1081
4037
7402113
111
55
3
-1117
-1007
4015
7403138
126
54
18
-1119
-952
4063
7404163
106
55
31
-1137
-902
4096
7405188
114
61
27
-1141
-869
4069
7406213
118
57
23
-1150
-866
4013
7407238
111
45
12
-1167
-841
4011
7408263
76
39
-2
-1154
-812
4043
7409288
23
27
-14
-1160
-844
4003
7410313
27
11
-22
-1158
-874
4012
7411338
25
2
-16
-1172
-918
4011
7412363
60
1
-16
-1168
-914
4052
7413388
57
6
-6
-1156
-915
4063
7414413
20
9
5
-1156
-912
4049
7415438
12
14
11
-1146
-888
4070
7416463
31
15
12
-1154
-858
4054
7417488
23
27
-14
-1160
-844
4003
7410313
27
11
-22
-1158
-874
4012
7411338
25
2
-16
-1172
-918
4011
7412363
60
1
-16
-1168
-914
4052
7413388
57
6
-6
-1156
-915
4063
7414413
20
9
5
-1156
-912
4049
7415438
12
14
11
-1146
-888
4070
7416463
31
15
12
-1154
-858
4054
7417488
37
11
15
-1157
-845
4043
7410304
18
3
15
-1158
-844
4044
7411329
7
3
8
-1165
-827
4056
7412354
2
5
6
-1164
-846
4063
7413379
7
5
7
-1160
-868
4057
7414404
13
4
4
-1164
-852
4050
7415429
-3
1
2
-1167
-867
4034
7416454
4
3
5
-1156
-880
4066
7417479
10
5
7
-1153
-868
4071
7418504
7
7
8
-1166
-847
4044
7419529
2
0
8
-1175
-855
4017
7420554
2
-7
8
-1176
-853
4034
7421579
0
-4
8
-1156
-860
4069
7422604
0
-4
8
-1172
-860
4041
7423629
-4
-9
9
-1171
-854
4018
7424654
-3
-13
9
-1170
-854
4048
7425679
-4
-14
3
-1176
-839
4055
7418496
-12
-16
3
-1168
-857
4040
7419521
-8
-21
4
-1163
-860
4038
7420546
-11
-28
7
-1163
-851
4027
7421571
-13
-28
11
-1149
-876
4068
7422596
0
-25
11
-1143
-880
4081
7423621
7
-20
10
-1157
-847
4078
7424646
-12
-15
12
-1160
-859
4058
7425671
-15
-15
14
-1158
-854
4042
7426696
-6
-8
15
-1145
-852
4089
7427721
-2
-4
11
-1143
-848
4077
7428746
-2
-3
5
-1149
-837
4053
7429771
-15
-2
2
-1162
-876
4041
7430796
3
-3
3
-1147
-860
4065
7431821
5
-2
3
-1153
-837
4042
7432846
-11
-13
-2
-1196
-773
3952
7433871
-49
-27
-2
-1173
-830
3994
7426688
-113
-21
62
-1137
-1066
4160
7427713
-114
42
111
-1151
-1131
4350
7428738
-140
156
155
-1147
-1057
4105
7429763
33
203
181
-1072
-814
4118
7430788
348
133
176
-912
-878
4267
7431813
50
116
151
-1268
-622
4145
7432838
-148
114
157
-1261
-865
3661
7433863
57
42
41
-1418
-850
3552
7434888
200
-58
-19
-1415
-634
3671
7435913
123
-114
-66
-1333
-430
3993
7436938
-126
-109
-98
-1149
-637
4269
7437963
-233
-47
-101
-1005
-933
4435
7438988
-93
-11
-81
-1090
-1132
4148
7440013
106
-20
-71
-1279
-876
3896
7441038
83
7
-67
-1220
-825
4065
7442063
-41
32
-49
-1186
-1022
4126
7434879
-24
43
-29
-1192
-1001
4061
7435904
30
55
-10
-1231
-839
4018
7436929
3
34
-2
-1237
-780
3923
7437954
33
-5
6
-1255
-793
3905
7438979
51
-35
12
-1236
-843
4000
7440004
23
-32
12
-1204
-841
4111
7441029
-14
-12
6
-1195
-848
4106
7442054
3
-3
4
-1200
-830
4073
7443079
21
0
6
-1211
-809
4045
7444104
21
-4
-1
-1213
-858
4009
7445129
36
-11
-8
-1208
-857
4023
7446154
46
-11
-8
-1210
-807
4066
7447179
24
-6
-4
-1203
-820
4058
7448204
7
-1
-3
-1200
-841
4059
7449229
0
1
-2
-1203
-844
4066
7450254
13
-3
-3
-1207
-840
4022
7443071
23
-12
-8
-1214
-828
4015
7444096
7
-10
2
-1214
-845
4067
7445121
-1
-6
8
-1209
-857
4052
7446146
19
3
9
-1182
-835
4088
7447171
15
5
13
-1206
-848
4054
7448196
17
3
12
-1213
-815
4034
7449221
15
2
11
-1209
-809
4053
7450246
4
2
9
-1220
-799
4059
7451271
2
4
4
-1210
-817
4068
7452296
4
4
0
-1217
-812
4034
7453321
-2
0
-3
-1211
-814
4025
7454346
-1
-4
-4
-1210
-825
4050
7455371
1
-9
-6
-1214
-831
4044
7456396
1
-4
-4
-1209
-826
4043
7457421
-7
-4
1
-1214
-845
4044
7458446
6
-6
5
-1206
-833
4046
7451302
5
-7
7
-1207
-835
4040
7452327
0
-4
9
-1213
-834
4047
7453352
0
-5
8
-1214
-824
4046
7454377
-2
-2
9
-1214
-822
4049
7455402
-6
-2
8
-1222
-808
4036
7456427
-6
-6
5
-1203
-815
4052
7457452
-3
-12
5
-1207
-811
4038
7458477
-2
-17
5
-1208
-814
4034
7459502
-10
-16
4
-1210
-823
4051
7460527
-6
-13
2
-1205
-827
4051
7461552
-6
-9
4
-1205
-833
4054
7462577
-5
-4
6
-1202
-830
4057
7463602
-9
-5
7
-1213
-837
4030
7464627
-10
-3
5
-1201
-818
4061
7465652
-12
0
4
-1191
-824
4091
7466677
4
-3
1
-1195
-831
4057
7459455
12
-4
1
-1201
-833
4043
7460480
0
-3
-5
-1221
-813
4035
7461505
-15
-4
-6
-1227
-813
4020
7462530
-11
-2
6
-1211
-842
4043
7463555
1
-2
8
-1196
-840
4050
7464580
0
-2
5
-1206
-832
4031
7465605
-2
-10
5
-1217
-829
4027
7466630
-4
-16
7
-1211
-822
4039
7467655
-8
-12
12
-1196
-854
4056
7468680
3
-9
10
-1203
-833
4054
7469705
12
-6
6
-1207
-825
4058
7470730
12
-2
7
-1210
-818
4064
7471755
-4
0
6
-1218
-813
4028
7472780
-9
0
4
-1203
-820
4037
7473805
-5
-4
3
-1210
-834
4037
7474830
-6
-11
2
-1209
-826
4042
7467648
-15
-13
5
-1211
-836
4034
7468673
-52
-17
16
-1224
-838
4049
7469698
-131
-25
29
-1249
-841
4048
7470723
-188
2
67
-1206
-936
4139
7471748
-252
47
133
-1323
-795
3921
7472773
-47
123
130
-993
-881
4350
7473798
393
74
105
-1052
-956
4363
7474823
49
53
80
-1462
-397
3721
7475848
-257
19
82
-1372
-1022
3489
7476873
-121
-58
36
-1224
-1141
3838
7477898
56
-91
-27
-1208
-595
4138
7478923
-103
-87
-70
-1145
-685
4144
7479948
-200
-73
-99
-1147
-896
4073
7480973
-145
-45
-97
-1127
-939
4266
7481998
-84
12
-44
-1123
-1176
4292
7483023
57
36
-25
-1277
-958
3974
7475840
74
51
-32
-1248
-794
3948
7476865
-20
53
-6
-1187
-969
4018
7477890
-9
27
-2
-1209
-1029
4022
7478915
27
26
8
-1219
-890
4078
7479940
-18
46
31
-1224
-945
4062
7480965
34
46
39
-1255
-894
3989
7481990
65
27
36
-1258
-859
3915
7483015
48
1
26
-1279
-864
3921
7484040
21
-10
23
-1271
-795
4030
7485065
-1
-14
17
-1247
-795
4027
7486090
17
-27
10
-1226
-837
3978
7487115
50
-36
-1
-1214
-893
4003
7488140
94
-46
-16
-1213
-879
4049
7489165
83
-46
-25
-1230
-854
4065
7490190
29
-33
-17
-1248
-846
4037
7491215
6
-21
-2
-1215
-886
4071
7484032
20
-8
10
-1187
-907
4118
7485057
29
10
13
-1187
-886
4085
7486082
27
28
11
-1218
-861
4050
7487107
43
36
13
-1232
-865
4031
7488132
68
39
17
-1231
-850
4059
7489157
73
45
17
-1232
-815
4045
7490182
53
49
16
-1222
-819
4038
7491207
29
49
16
-1237
-833
4024
7492232
22
42
7
-1258
-809
4014
7493257
15
29
6
-1250
-798
3998
7494282
9
20
11
-1265
-822
3998
7495307
16
7
8
-1275
-834
4003
7496332
17
-4
4
-1273
-806
3996
7497357
3
-12
4
-1257
-813
4020
7498382
8
-14
8
-1251
-834
4054
7499407
19
-12
10
-1253
-829
4042
7492224
20
-8
14
-1240
-819
4035
7493249
12
-7
14
-1242
-819
4049
7494274
7
-6
9
-1249
-819
4048
7495299
5
-1
5
-1253
-814
4045
7496324
5
2
5
-1255
-809
4028
7497349
2
2
7
-1251
-800
4030
7498374
-1
2
2
-1252
-813
4025
7499399
2
2
-2
-1249
-805
4029
7500424
-1
3
0
-1245
-806
4060
7501449
-1
3
0
-1255
-811
4059
7502474
2
8
-3
-1263
-815
4035
7503499
-6
14
2
-1257
-834
4027
7504524
-3
15
3
-1258
-815
4027
7505549
0
16
4
-1262
-806
4031
7506574
4
14
5
-1252
-821
4033
7507599
8
10
6
-1255
-820
4025
7500416
11
11
8
-1257
-811
4038
7501441
0
15
3
-1259
-779
4068
7502466
-20
25
6
-1261
-819
4047
7503491
0
23
9
-1275
-855
3991
7504516
24
18
6
-1283
-810
3996
7505541
36
11
3
-1280
-806
4001
7506566
57
0
-3
-1279
-806
3999
7507591
56
-12
-4
-1288
-783
4016
7508616
11
-23
-1
-1272
-780
4028
7509641
0
-24
9
-1269
-831
4050
7510666
1
-30
30
-1281
-847
4050
7511691
-51
-39
57
-1305
-849
3986
7512716
-99
-35
60
-1352
-719
3954
7513741
-197
-26
113
-1361
-580
3900
7514766
-266
35
158
-1143
-774
4308
7515791
42
25
144
-1065
-1229
4130
7508608
71
-9
29
-1364
-494
4166
7509633
-353
66
34
-1266
-906
3826
7510658
-77
24
-8
-1329
-948
3871
7511683
156
-17
-60
-1253
-687
3990
7512708
58
-45
-107
-1268
-673
3955
7513733
-90
-76
-152
-1268
-865
3945
7514758
-96
-75
-154
-1221
-882
4152
7515783
-61
-37
-141
-1157
-934
4270
7516808
-20
-8
-88
-1202
-1143
4083
7517833
66
6
-61
-1282
-1003
3983
7518858
78
17
-45
-1279
-898
3959
7519883
24
7
-6
-1300
-897
3936
7520908
31
-16
24
-1255
-868
4003
7521933
73
-17
32
-1221
-865
4079
7522958
86
-5
31
-1241
-865
4065
7523983
71
0
17
-1253
-787
4028
7516800
45
0
14
-1276
-733
4000
7517825
1
-4
25
-1271
-789
4024
7518850
-21
-1
21
-1250
-847
4086
7519875
4
19
7
-1231
-851
4099
7520900
60
26
-1
-1239
-823
4052
7521925
75
26
0
-1260
-810
3987
7522950
73
23
-6
-1260
-803
4025
7523975
21
24
0
-1265
-867
4033
7525000
21
24
0
-1283
-821
4027
7526025
26
23
-5
-1265
-820
4013
7527050
25
21
3
-1275
-840
4006
7528075
23
14
8
-1282
-807
3998
7529100
2
5
6
-1278
-813
4011
7530125
13
2
5
-1268
-802
4035
7531150
26
-6
2
-1279
-778
4010
7532175
6
-9
1
-1274
-795
4017
7525090
-4
-13
0
-1278
-816
4037
7526115
9
-10
0
-1261
-829
4046
7527140
21
-11
4
-1269
-814
4012
7528165
5
-10
5
-1265
-809
4046
7529190
-18
1
10
-1267
-839
4061
7530215
-10
4
12
-1274
-834
4007
7531240
13
4
12
-1269
-803
4018
7532265
11
-1
11
-1281
-777
4006
7533290
-7
-17
9
-1281
-795
4000
7534315
-8
-18
11
-1262
-817
4062
7535340
-1
-15
10
-1269
-808
4036
7536365
2
-15
9
-1267
-810
4019
7537390
9
-15
10
-1262
-818
4031
7538415
22
-16
7
-1269
-822
4029
7539440
37
-12
8
-1267
-779
4050
7540465
15
-11
12
-1256
-798
4045
7533185
-3
-10
15
-1257
-815
4048
7534210
11
-7
12
-1257
-800
4041
7535235
34
-1
10
-1262
-798
4045
7536260
34
-3
5
-1275
-761
4030
7537285
-1
-8
0
-1277
-748
4011
7538310
-21
-7
3
-1258
-792
4055
7539335
-18
-1
4
-1260
-808
4067
7540360
-4
2
1
-1254
-788
4032
7541385
-1
3
1
-1263
-800
4027
7542410
3
-3
3
-1280
-810
4023
7543435
2
-10
1
-1275
-804
4025
7544460
-6
-7
5
-1267
-807
4041
7545485
-5
-4
6
-1269
-797
4039
7546510
3
-6
7
-1270
-796
4015
7547535
5
-11
6
-1272
-788
4033
7548560
-5
-13
4
-1262
-793
4047
7541376
-9
-12
5
-1266
-795
4037
7542401
-10
-15
8
-1264
-803
4010
7543426
-12
-22
11
-1257
-809
4034
7544451
-10
-29
10
-1264
-803
4031
7545476
-3
-28
12
-1271
-791
4035
7546501
-4
-22
18
-1261
-811
4059
7547526
-5
-15
23
-1245
-809
4066
7548551
8
-6
20
-1240
-800
4059
7549576
15
0
20
-1247
-790
4046
7550601
-7
4
25
-1263
-791
4054
7551626
-41
6
35
-1288
-822
3999
7552651
-57
2
43
-1311
-774
3967
7553676
-77
8
55
-1332
-651
4094
7554701
-176
67
102
-1231
-907
4106
7555726
26
112
125
-1015
-1011
4299
7556751
399
9
53
-1259
-776
4019
7549567
-73
20
16
-1413
-463
3934
7550592
-371
51
69
-1373
-1007
3815
7551617
-34
12
50
-1320
-877
3902
7552642
112
-11
5
-1248
-673
3980
7553667
7
-33
-42
-1249
-658
4019
7554692
-108
-34
-96
-1217
-728
4183
7555717
-109
12
-96
-1213
-790
4294
7556742
-16
48
-66
-1267
-989
4119
7557767
98
48
-67
-1347
-849
3887
7558792
83
35
-70
-1353
-718
3842
7559817
13
10
-48
-1313
-821
3969
7560842
-7
0
-38
-1268
-875
4095
7561867
-9
6
-33
-1265
-885
4080
7562892
28
11
-25
-1280
-906
4012
7563917
83
-1
-28
-1329
-800
3917
7564942
80
-23
-27
-1335
-663
3926
7557760
8
-41
-14
-1312
-712
3998
7558785
-11
-53
-14
-1274
-834
4047
7559810
26
-49
-17
-1267
-856
4051
7560835
52
-41
-18
-1273
-824
4041
7561860
49
-35
-17
-1261
-803
4072
7562885
24
-22
-9
-1254
-818
4075
7563910
4
-9
1
-1256
-830
4062
7564935
3
4
8
-1243
-848
4075
7565960
27
16
11
-1271
-796
4056
7566985
19
25
11
-1279
-776
4037
7568010
2
31
12
-1289
-794
4012
7569035
16
23
6
-1289
-758
4003
7570060
10
10
0
-1282
-756
4026
7571085
-4
-1
-6
-1288
-778
4032
7572110
-6
-7
-14
-1287
-788
4005
7573135
13
-7
-9
-1282
-807
4029
7565952
9
-2
-3
-1276
-805
4045
7566977
-3
-8
-2
-1288
-791
4008
7568002
-3
-9
3
-1275
-811
4032
7569027
4
-12
10
-1280
-815
4021
7570052
-2
-15
10
-1283
-799
4011
7571077
-8
-15
9
-1275
-800
4025
7572102
-5
-12
9
-1274
-801
4053
7573127
4
-9
9
-1270
-781
4050
7574152
-3
-4
6
-1272
-786
4014
7575177
2
-3
4
-1274
-785
4034
7576202
12
-4
0
-1277
-779
4060
7577227
8
-3
-3
-1273
-778
4044
7578252
-1
0
-12
-1272
-795
4043
7579277
1
-2
-10
-1283
-793
4020
7580302
-3
-2
-7
-1292
-784
4010
7581327
-7
-3
-2
-1275
-799
4027
7574144
-9
-4
2
-1267
-809
4033
7575169
-1
-9
6
-1275
-809
4032
7576194
1
-10
9
-1271
-815
4030
7577219
0
-12
14
-1274
-808
4031
7578244
-7
-7
14
-1277
-795
4051
7579269
-7
-4
15
-1276
-787
4040
7580294
3
1
14
-1273
-782
4040
7581319
7
4
10
-1275
-760
4048
7582344
-6
2
1
-1282
-764
4027
7583369
-10
-4
-2
-1281
-782
4017
7584394
-4
-7
-3
-1271
-792
4038
7585419
-3
-10
-4
-1278
-803
4016
7586444
-5
-11
-3
-1278
-816
4024
7587469
-5
-8
3
-1277
-817
4037
7588494
-5
-7
8
-1275
-814
4026
7589519
2
-7
14
-1265
-804
4037
7582336
-3
-5
19
-1272
-799
4035
7583361
-7
-8
18
-1281
-779
4008
7584386
0
-8
15
-1273
-760
4031
7585411
-1
-10
13
-1274
-767
4049
7586436
-4
-14
9
-1277
-772
4028
7587461
-8
-14
5
-1280
-778
4018
7588486
-11
-16
2
-1273
-800
4027
7589511
-17
-18
4
-1271
-806
4052
7590536
-29
-17
10
-1265
-818
4027
7591561
-25
-11
18
-1261
-848
4043
7592586
-21
-8
29
-1277
-841
4022
7593611
-35
-11
36
-1313
-778
4020
7594636
-108
-2
58
-1282
-825
4101
7595661
-160
49
82
-1250
-864
4156
7596686
-69
85
82
-1308
-863
4017
7597711
159
131
63
-1044
-723
4355
7590528
292
88
85
-1252
-821
4056
7591553
16
63
50
-1499
-519
3778
7592578
-192
65
25
-1378
-825
3749
7593603
-37
15
-5
-1327
-777
3910
7594628
39
-20
-28
-1302
-695
4002
7595653
-62
-48
-61
-1279
-747
4045
7596678
-197
-49
-80
-1248
-899
4083
7597703
-152
-18
-80
-1251
-860
4188
7598728
-50
18
-45
-1291
-982
4056
7599753
110
11
-25
-1398
-856
3850
7600778
74
-13
-1
-1339
-788
3888
7601803
-11
-27
1
-1299
-853
4005
7602828
-3
-33
-12
-1279
-842
4054
7603853
30
-21
-16
-1283
-788
4054
7604878
58
-21
-26
-1317
-697
4041
7605903
12
-32
-26
-1306
-762
3957
7598721
-4
-51
-22
-1313
-855
3920
7599746
39
-48
-19
-1268
-892
4069
7600771
29
-32
-12
-1273
-863
4117
7601796
16
-7
-4
-1260
-825
4099
7602821
2
4
11
-1276
-822
4008
7603846
16
-7
10
-1279
-805
3989
7604871
8
-1
10
-1265
-840
4092
7605896
-1
4
11
-1296
-831
4044
7606921
5
7
9
-1293
-792
4007
7607946
4
3
9
-1295
-795
3993
7608971
3
-8
6
-1295
-781
4012
7609996
-8
-12
5
-1277
-809
4042
7611021
-14
-12
5
-1276
-826
4022
7612046
3
-13
4
-1288
-801
4014
7613071
-1
-13
7
-1282
-830
4026
7614096
1
-7
10
-1279
-833
4054
7606912
2
-1
11
-1282
-825
4030
7607937
8
4
12
-1276
-808
4041
7608962
2
7
18
-1300
-785
4021
7609987
-12
5
27
-1280
-837
4028
7611012
4
8
35
-1275
-891
4036
7612037
40
18
29
-1274
-826
4059
7613062
37
25
22
-1287
-759
4053
7614087
14
26
16
-1300
-739
4021
7615112
-2
22
11
-1304
-753
3999
7616137
-3
17
3
-1305
-757
4000
7617162
0
12
-2
-1294
-790
4028
7618187
-2
5
-6
-1296
-819
4016
7619212
5
-1
-12
-1301
-806
3999
7620237
9
-3
-5
-1299
-833
4025
7621262
12
-6
3
-1303
-837
4008
7622287
19
-2
8
-1304
-819
4017
7615104
19
0
14
-1302
-810
4030
7616129
28
3
20
-1294
-796
4037
7617154
58
5
23
-1291
-794
4036
7618179
89
7
19
-1305
-766
4017
7619204
65
0
15
-1311
-735
4006
7620229
-1
-8
14
-1317
-768
4011
7621254
-18
-7
12
-1303
-768
4036
7622279
-4
-5
10
-1291
-739
4047
7623304
-9
-3
8
-1291
-767
4049
7624329
-12
1
5
-1295
-781
4062
7625354
-7
10
4
-1297
-795
4058
7626379
0
16
5
-1307
-793
4027
7627404
9
16
4
-1313
-761
4001
7628429
-3
12
5
-1310
-782
4003
7629454
-5
2
6
-1325
-785
3998
7630479
-1
-5
3
-1310
-768
4010
7623296
2
-9
5
-1312
-774
4010
7624321
4
-15
5
-1309
-769
4009
7625346
0
-17
5
-1299
-774
4032
7626371
-5
-15
5
-1304
-778
4045
7627396
-6
-10
4
-1300
-771
4035
7628421
0
-6
2
-1302
-784
4029
7629446
12
-1
-1
-1298
-767
4048
7630471
3
3
-1
-1301
-746
4036
7631496
-11
4
3
-1318
-769
4020
7632521
-5
6
5
-1306
-780
4028
7633546
-4
2
2
-1313
-788
4000
7634571
2
-2
2
-1305
-786
4021
7635596
2
0
5
-1309
-781
4030
7636621
-7
-1
7
-1321
-776
4014
7637646
-45
-12
16
-1357
-747
3954
7638671
-107
-26
32
-1414
-653
4043
7631489
-268
31
66
-1276
-753
4274
7632514
-289
113
118
-1173
-1174
4117
7633539
227
113
120
-1059
-1047
4087
7634564
341
30
56
-1533
-393
4063
7635589
-304
93
73
-1433
-654
3838
7636614
-252
74
53
-1397
-948
3809
7637639
17
32
27
-1298
-813
3889
7638664
98
20
-10
-1336
-688
4033
7639689
-15
-6
-73
-1335
-732
4009
7640714
-97
-31
-106
-1369
-764
3924
7641739
-88
-38
-102
-1351
-834
4010
7642764
-35
3
-83
-1253
-968
4256
7643789
27
32
-42
-1317
-970
4102
7644814
87
20
-50
-1456
-767
3821
7645839
74
-15
-37
-1437
-665
3778
7646864
17
-41
-9
-1346
-868
3992
7639679
26
-49
-5
-1302
-914
4097
7640704
50
-35
-10
-1314
-856
4067
7641729
57
-24
-5
-1344
-853
3984
7642754
82
-28
1
-1367
-778
3975
7643779
33
-33
5
-1367
-705
3981
7644804
-19
-35
8
-1320
-780
4018
7645829
9
-30
4
-1294
-814
4069
7646854
33
-29
-6
-1310
-800
4037
7647879
25
-29
-13
-1335
-775
3998
7648904
6
-26
-13
-1334
-784
3999
7649929
6
-23
-9
-1316
-827
4023
7650954
15
-22
-6
-1320
-827
4037
7651979
19
-17
-5
-1314
-805
4038
7653004
16
-6
0
-1300
-788
4037
7654029
13
-1
3
-1306
-802
4035
7655054
17
-6
-2
-1313
-773
4022
7647872
9
-9
-4
-1313
-762
4002
7648897
-3
-6
0
-1316
-794
4015
7649922
11
-6
-5
-1324
-781
4028
7650947
14
-3
-9
-1316
-772
4012
7651972
8
-5
-8
-1312
-776
4027
7652997
0
-8
-7
-1301
-810
4033
7654022
-1
-11
-11
-1317
-799
4003
7655047
-5
-12
-8
-1326
-790
3989
7656072
4
-16
-4
-1322
-796
4016
7657097
5
-24
-1
-1310
-797
4017
7658122
-7
-26
4
-1314
-800
4017
7659147
-11
-32
11
-1298
-833
3997
7660172
4
-37
22
-1306
-845
3982
7661197
18
-38
32
-1308
-821
4009
7662222
11
-38
31
-1303
-787
4030
7663247
14
-32
28
-1288
-751
4069
7656065
4
-22
25
-1290
-753
4053
7657090
-8
-12
13
-1290
-737
4042
7658115
-14
-8
-3
-1296
-739
4060
7659140
-3
-6
-13
-1285
-745
4042
7660165
-5
-2
-18
-1285
-749
4033
7661190
-17
2
-18
-1280
-802
4045
7662215
-8
1
-20
-1289
-821
4063
7663240
-3
3
-17
-1297
-823
4037
7664265
-9
12
-1
-1294
-825
4026
7665290
-4
18
11
-1295
-826
4017
7666315
8
12
11
-1307
-795
4026
7667340
0
7
12
-1303
-785
4011
7668365
-5
7
15
-1312
-777
3990
7669390
-1
2
11
-1307
-761
4002
7670415
0
-6
4
-1307
-754
4009
7671440
-5
-10
4
-1307
-747
4010
7664256
-19
-14
4
-1297
-790
4030
7665281
-11
-20
1
-1298
-805
4043
7666306
-2
-19
-1
-1298
-798
4034
7667331
-9
-14
2
-1293
-800
4037
7668356
-10
-11
2
-1296
-798
4031
7669381
-4
-12
1
-1290
-808
4021
7670406
-1
-9
2
-1292
-778
4039
7671431
-15
-6
3
-1296
-777
4028
7672456
-17
-7
3
-1292
-786
4010
7673481
-9
-8
2
-1295
-780
4019
7674506
-13
-13
0
-1290
-799
4015
7675531
-10
-18
-1
-1290
-800
4005
7676556
0
-21
-1
-1289
-814
4027
7677581
-4
-25
1
-1291
-810
4020
7678606
-31
-23
5
-1289
-818
4028
7679631
-43
-24
14
-1325
-752
4021
7672448
-108
-18
31
-1311
-840
4017
7673473
-187
23
77
-1300
-945
4054
7674498
-171
90
132
-1269
-857
4210
7675523
148
101
175
-970
-1133
4242
7676548
335
34
104
-1412
-606
4153
7677573
-191
96
111
-1403
-651
3818
7678598
-191
68
79
-1420
-892
3695
7679623
65
-2
13
-1343
-680
3769
7680648
114
-43
-45
-1324
-496
3979
7681673
-80
-81
-113
-1291
-683
4036
7682698
-114
-79
-152
-1282
-787
4075
7683723
-56
-45
-144
-1262
-810
4253
7684748
-55
2
-87
-1282
-1010
4189
7685773
25
13
-61
-1339
-955
3936
7686798
76
22
-50
-1280
-884
3963
7687823
49
27
-34
-1289
-909
4018
7680640
58
13
-24
-1324
-832
4020
7681665
36
12
-2
-1308
-847
4021
7682690
46
14
9
-1307
-845
4015
7683715
46
3
6
-1327
-802
3962
7684740
34
-9
-1
-1348
-736
3947
7685765
15
-21
-5
-1332
-737
3961
7686790
-3
-31
-5
-1313
-782
4005
7687815
-2
-37
-9
-1289
-806
4052
7688840
3
-32
-14
-1289
-803
4041
7689865
-2
-25
-13
-1293
-830
4051
7690890
1
-15
-7
-1286
-852
4063
7691915
2
-1
-3
-1290
-833
4045
7692940
-3
10
3
-1295
-831
4031
7693965
0
13
5
-1305
-817
4030
7694990
15
13
2
-1292
-790
4041
7696015
4
16
7
-1292
-805
4011
7688831
-1
10
8
-1310
-806
3982
7689856
9
-1
3
-1305
-800
3999
7690881
4
-8
1
-1318
-802
4016
7691906
1
-10
2
-1300
-813
4027
7692931
3
-9
0
-1292
-825
4022
7693956
9
-5
-1
-1292
-797
4034
7694981
-4
-3
-3
-1303
-795
4037
7696006
-11
4
2
-1300
-821
4035
7697031
3
8
5
-1303
-814
4013
7698056
6
7
5
-1301
-807
4016
7699081
0
3
4
-1303
-807
4017
7700106
-2
-2
3
-1307
-812
4003
7701131
-2
-1
4
-1303
-810
4016
7702156
-3
2
4
-1305
-816
4028
7703181
9
3
0
-1307
-797
4020
7704206
3
6
3
-1301
-804
4021
7697025
2
4
3
-1314
-807
4013
7698050
9
2
-1
-1319
-788
4022
7699075
-1
0
-1
-1304
-802
4016
7700100
-3
-2
-2
-1308
-804
4018
7701125
-2
-7
-3
-1305
-814
4022
7702150
2
-7
-3
-1306
-811
4012
7703175
4
-6
-3
-1309
-813
4005
7704200
0
-6
2
-1302
-825
4027
7705225
-1
-5
4
-1305
-816
4030
7706250
-1
-2
5
-1302
-811
4029
7707275
-5
1
10
-1304
-809
4026
7708300
-12
1
10
-1306
-805
4002
7709325
-11
3
9
-1306
-812
4033
7710350
-1
1
5
-1308
-802
4023
7711375
-5
-3
4
-1321
-804
3981
7712400
-13
-7
7
-1320
-809
3990
7705216
-17
-16
10
-1314
-824
4008
7706241
-16
-24
10
-1304
-832
4010
7707266
-11
-22
14
-1297
-826
4047
7708291
-12
-16
19
-1305
-820
4039
7709316
-8
-10
21
-1303
-803
4020
7710341
-12
-9
22
-1300
-820
4022
7711366
-1
-15
17
-1299
-809
4018
7712391
-2
-13
11
-1301
-781
4038
7713416
-15
-9
13
-1300
-798
4033
7714441
-16
-7
11
-1301
-797
4022
7715466
-18
-4
10
-1312
-811
4035
7716491
-24
2
5
-1325
-822
4053
7717516
-74
-1
0
-1324
-816
3960
7718541
-73
-4
34
-1341
-882
3994
7719566
-53
23
63
-1327
-886
4094
7720591
-129
84
105
-1204
-876
4243
7713408
127
69
172
-1044
-1137
4228
7714433
282
19
109
-1465
-714
3930
7715458
-19
18
134
-1489
-772
3485
7716483
-50
-16
91
-1468
-760
3698
7717508
-18
-72
47
-1302
-676
4029
7718533
-63
-91
-9
-1230
-526
4167
7719558
-159
-64
-62
-1201
-635
4277
7720583
-115
-23
-84
-1203
-822
4263
7721608
17
-7
-72
-1330
-885
3989
7722633
83
-1
-77
-1390
-774
3912
7723658
10
19
-73
-1299
-901
4018
7724683
13
23
-68
-1297
-919
4056
7725708
46
24
-49
-1297
-868
4024
7726733
35
24
-24
-1311
-882
3994
7727758
58
18
-13
-1315
-894
3999
7728783
52
5
2
-1349
-844
3959
7721600
44
0
12
-1327
-815
4013
7722625
15
-4
22
-1332
-799
3981
7723650
5
-23
22
-1306
-790
3981
7724675
27
-24
20
-1294
-776
4059
7725700
13
-24
11
-1316
-775
4033
7726725
-1
-18
7
-1304
-793
4030
7727750
-1
-22
1
-1320
-803
3990
7728775
20
-27
-4
-1300
-778
4029
7729800
6
-22
-4
-1297
-789
4053
7730825
-8
-18
-1
-1290
-819
4030
7731850
-4
-17
0
-1295
-826
4012
7732875
15
-12
0
-1294
-812
4055
7733900
11
-6
3
-1293
-815
4048
7734925
9
-3
5
-1307
-791
4011
7735950
2
-2
5
-1303
-800
4010
7736975
5
-6
4
-1296
-804
4028
7729791
8
-9
3
-1306
-777
4017
7730816
4
-11
2
-1302
-792
4009
7731841
11
-13
3
-1293
-793
4030
7732866
21
-10
2
-1291
-791
4041
7733891
31
-9
2
-1291
-821
4036
7734916
26
-9
-1
-1299
-796
4033
7735941
4
-4
0
-1300
-780
4033
7736966
-4
0
4
-1298
-794
4024
7737991
8
0
4
-1293
-781
4020
7739016
15
-1
0
-1288
-782
4037
7740041
13
-1
-1
-1298
-803
4028
7741066
20
3
3
-1295
-805
4037
7742091
29
5
1
-1304
-796
4027
7743116
26
6
1
-1305
-772
4021
7744141
17
8
2
-1303
-770
4023
7745166
15
7
3
-1302
-778
4026
7737984
18
7
1
-1303
-766
4018
7739009
15
6
-1
-1302
-754
4007
7740034
10
2
-3
-1305
-766
4027
7741059
15
-3
-4
-1313
-780
4028
7742084
18
-6
-3
-1306
-773
4017
7743109
14
-2
-1
-1297
-781
4041
7744134
7
3
2
-1298
-793
4051
7745159
11
7
4
-1304
-785
4036
7746184
13
10
8
-1310
-776
4019
7747209
16
7
8
-1307
-765
4023
7748234
12
5
5
-1309
-756
4031
7749259
9
5
3
-1317
-756
4023
7750284
6
3
1
-1318
-755
4016
7751309
3
3
-2
-1312
-756
4030
7752334
6
0
-4
-1303
-752
4018
7753359
8
-4
-4
-1309
-759
4021
7746176
2
-5
-2
-1306
-779
4032
7747201
-3
-5
-7
-1311
-776
4033
7748226
-5
1
0
-1308
-772
4047
7749251
-3
6
4
-1306
-770
4043
7750276
-5
4
5
-1312
-778
4003
7751301
-3
1
4
-1314
-773
4006
7752326
-9
-6
4
-1318
-762
4024
7753351
-9
-4
8
-1305
-757
4046
7754376
-17
2
7
-1296
-758
4046
7755401
-11
7
7
-1300
-770
4030
7756426
9
11
4
-1304
-756
4037
7757451
4
11
-7
-1316
-730
4017
7758476
-11
9
-7
-1326
-767
3996
7759501
-9
2
-6
-1327
-756
3997
7760526
-18
-4
-1
-1320
-752
4009
7761551
-93
-11
6
-1377
-704
4040
7754367
-249
2
-25
-1403
-620
3994
7755392
-290
61
57
-1185
-1157
4126
7756417
7
99
166
-1104
-1200
4216
7757442
456
35
116
-1362
-817
3991
7758467
71
59
57
-1544
-362
3895
7759492
-304
98
102
-1420
-836
3861
7760517
-49
52
47
-1325
-728
3952
7761542
130
15
-25
-1287
-567
3950
7762567
70
-25
-85
-1324
-592
3992
7763592
-77
-36
-128
-1311
-730
4154
7764617
-96
-21
-117
-1359
-839
4093
7765642
8
-24
-92
-1432
-834
3875
7766667
46
-22
-65
-1362
-850
3954
7767692
0
-17
-39
-1333
-944
4043
7768717
1
-28
-30
-1319
-922
4001
7769742
35
-28
-5
-1318
-880
3989
7762560
54
-33
14
-1353
-818
4001
7763585
36
-35
27
-1353
-755
4002
7764610
-4
-34
32
-1336
-770
4018
7765635
9
-29
30
-1323
-760
4026
7766660
24
-30
18
-1327
-728
4022
7767685
17
-27
6
-1333
-728
4046
7768710
4
-22
-4
-1307
-744
4055
7769735
-9
-11
-9
-1310
-760
4050
7770760
-3
-6
-17
-1307
-799
4036
7771785
11
-4
-22
-1318
-794
4025
7772810
2
0
-16
-1322
-804
4026
7773835
-8
5
-6
-1319
-831
4020
7774860
2
6
-1
-1320
-803
4015
7775885
11
3
4
-1317
-784
4016
7776910
-6
-1
15
-1327
-811
3997
7777935
-7
-3
13
-1322
-787
4006
7770752
-3
1
12
-1314
-785
4047
7771777
3
2
15
-1330
-793
4022
7772802
3
-2
9
-1334
-781
4006
7773827
-9
-4
3
-1326
-764
4014
7774852
-21
-6
-6
-1332
-711
4010
7775877
-19
-2
-11
-1320
-739
4039
7776902
-8
2
-10
-1317
-781
4036
7777927
-2
1
-14
-1322
-814
3991
7778952
-6
0
-12
-1330
-846
3990
7779977
2
1
-5
-1344
-821
4016
7781002
9
0
4
-1326
-799
4009
7782027
1
-3
10
-1319
-810
3996
7783052
2
-5
10
-1324
-782
4008
7784077
1
-8
8
-1331
-774
4021
7785102
0
-11
7
-1326
-760
4025
7786127
-7
-12
2
-1326
-764
4005
7778943
-4
-11
-1
-1318
-774
4017
7779968
-1
-14
-1
-1311
-786
4027
7780993
0
-18
-1
-1319
-790
4022
7782018
-8
-16
1
-1322
-806
4021
7783043
-5
-12
2
-1317
-810
4028
7784068
0
-10
5
-1319
-809
4021
7785093
0
-4
11
-1311
-801
4040
7786118
0
-4
12
-1314
-794
4020
7787143
2
-3
13
-1319
-780
4018
7788168
1
-4
11
-1320
-775
4012
7789193
-1
-5
6
-1328
-757
4016
7790218
-3
-8
1
-1325
-773
4008
7791243
-4
-10
0
-1319
-788
4019
7792268
-4
-15
-2
-1316
-789
4020
7793293
-9
-15
-1
-1315
-801
4024
7794318
-6
-10
3
-1308
-815
4044
7787136
-8
-5
7
-1318
-820
4035
7788161
-9
-2
8
-1319
-793
4012
7789186
-4
0
10
-1320
-791
4025
7790211
5
-2
7
-1314
-778
4020
7791236
-2
-5
7
-1321
-772
4007
7792261
-11
-6
7
-1322
-791
4005
7793286
-3
-11
2
-1330
-795
4015
7794311
3
-12
-1
-1311
-780
4029
7795336
-4
-11
0
-1310
-795
4012
7796361
-4
-12
3
-1317
-817
4030
7797386
-10
-9
9
-1319
-836
4026
7798411
9
-7
17
-1339
-784
4005
7799436
-19
-10
33
-1370
-729
3973
7800461
-90
-3
11
-1331
-698
3993
7801486
-186
43
40
-1221
-1006
4167
7802511
-51
68
79
-1246
-888
4139
7795328
171
49
71
-1243
-820
4027
7796353
89
36
49
-1455
-627
4112
7797378
-204
76
75
-1360
-809
3926
7798403
-132
49
33
-1381
-758
3797
7799428
-58
23
-26
-1333
-723
3863
7800453
-26
1
-82
-1345
-669
3994
7801478
-100
-4
-122
-1295
-736
4155
7802503
-158
8
-118
-1279
-884
4157
7803528
-97
19
-91
-1351
-1032
4037
7804553
17
19
-65
-1415
-950
3889
7805578
26
16
-34
-1371
-857
3946
7806603
-19
12
-26
-1328
-887
3980
7807628
8
-1
-21
-1315
-930
3981
7808653
41
-9
-15
-1347
-853
4010
7809678
18
-8
-4
-1363
-845
4020
7810703
2
-10
11
-1351
-880
3985
7803520
27
-19
17
-1364
-864
3922
7804545
29
-31
16
-1355
-856
3953
7805570
20
-33
10
-1345
-822
4014
7806595
-18
-38
11
-1353
-822
4015
7807620
-7
-32
13
-1316
-836
4040
7808645
18
-25
5
-1314
-841
4030
7809670
-3
-23
-1
-1324
-847
4001
7810695
5
-15
-5
-1332
-834
4033
7811720
-1
-9
0
-1336
-840
4006
7812745
-22
-9
3
-1340
-825
3994
7813770
-45
0
9
-1312
-883
4053
7814795
-27
15
-1
-1309
-852
4067
7815820
-60
27
-18
-1326
-780
4053
7816845
-162
35
-27
-1339
-801
4002
7817870
-176
33
-33
-1333
-886
3974
7818895
-65
33
-35
-1327
-950
3986
7811712
36
27
-40
-1341
-925
3984
7812737
29
20
-39
-1356
-891
3974
7813762
-22
10
-20
-1360
-946
3963
7814787
-9
3
-8
-1354
-934
3961
7815812
12
-2
0
-1342
-930
3969
7816837
11
-8
7
-1343
-936
3978
7817862
9
-6
13
-1344
-897
4003
7818887
-2
-4
18
-1331
-901
4004
7819912
1
0
19
-1344
-887
3994
7820937
5
4
15
-1344
-873
4003
7821962
15
11
10
-1338
-845
4002
7822987
13
10
5
-1350
-848
3987
7824012
3
2
-4
-1363
-860
3968
7825037
-8
-2
-12
-1350
-888
3978
7826062
1
-1
-14
-1350
-898
3987
7827087
9
-2
-9
-1339
-904
3996
7819905
6
0
-4
-1340
-922
4003
7820930
4
0
2
-1352
-917
3991
7821955
14
-1
7
-1352
-892
3996
7822980
9
3
18
-1347
-896
3995
7824005
12
5
22
-1350
-869
3993
7825030
7
1
22
-1356
-867
3970
7826055
-2
-6
14
-1359
-855
3958
7827080
-3
-12
7
-1364
-864
3972
7828105
-13
-19
7
-1358
-890
3981
7829130
-17
-18
1
-1350
-874
3999
7830155
-13
-16
1
-1341
-909
3995
7831180
2
-14
6
-1329
-902
4005
7832205
-10
-7
10
-1345
-895
4015
7833230
-13
-2
11
-1350
-883
4005
7834255
5
2
13
-1343
-876
3996
7835280
3
2
9
-1349
-869
3988
7828097
-5
1
3
-1349
-866
3994
7829122
1
-5
3
-1350
-890
3987
7830147
11
-8
7
-1349
-891
3998
7831172
10
-6
6
-1348
-894
3993
7832197
16
-7
3
-1340
-888
3996
7833222
23
-6
-2
-1343
-830
4009
7834247
-1
-3
-12
-1345
-850
4007
7835272
-12
-1
-8
-1344
-903
4004
7836297
-14
3
-2
-1346
-899
3984
7837322
-6
5
0
-1351
-887
3975
7838347
-3
1
5
-1349
-897
3979
7839372
-1
-3
6
-1362
-874
3981
7840397
-3
-6
11
-1341
-904
3984
7841422
12
-8
11
-1342
-884
3992
7842447
6
-9
9
-1352
-861
3988
7843472
8
-9
7
-1352
-870
3999
7836288
1
-5
10
-1357
-875
4008
7837313
-39
-9
18
-1403
-786
3967
7838338
-193
-38
33
-1511
-579
3907
7839363
-416
4
95
-1269
-1053
4009
7840388
-134
96
157
-1024
-1666
4317
7841413
605
58
138
-1286
-1049
4173
7842438
194
134
117
-1542
-499
3971
7843463
-362
170
141
-1483
-926
3772
7844488
-180
123
98
-1417
-865
3854
7845513
87
67
2
-1361
-677
3844
7846538
139
19
-59
-1423
-558
3890
7847563
-34
-53
-90
-1434
-827
3876
7848588
-45
-106
-118
-1440
-921
3844
7849613
11
-116
-131
-1323
-929
4089
7850638
12
-73
-97
-1340
-1041
4199
7851663
6
-29
-63
-1421
-976
4011
7844479
7
-10
-46
-1393
-856
3911
7845504
-4
-11
-24
-1327
-978
3951
7846529
37
-24
-22
-1356
-980
3989
7847554
29
-23
-16
-1377
-904
4014
7848579
-11
-5
6
-1379
-951
4035
7849604
20
8
17
-1367
-863
4019
7850629
30
6
8
-1372
-834
3957
7851654
21
-3
1
-1389
-875
3931
7852679
30
-14
-9
-1387
-873
3973
7853704
24
-19
-16
-1374
-853
3985
7854729
17
-22
-22
-1360
-859
3992
7855754
18
-15
-19
-1351
-924
4009
7856779
22
-13
-20
-1357
-914
4005
7857804
6
-7
-19
-1369
-881
4002
7858829
-17
1
-8
-1366
-900
4007
7859854
3
9
4
-1359
-901
4001
7852673
11
8
8
-1361
-900
3974
7853698
13
7
8
-1354
-903
3989
7854723
7
3
8
-1370
-884
3969
7855748
-1
1
12
-1377
-878
3975
7856773
8
-1
17
-1379
-894
3959
7857798
12
-5
14
-1370
-862
3970
7858823
1
-7
3
-1368
-850
3977
7859848
-2
-8
-1
-1368
-858
3977
7860873
5
-13
-3
-1355
-860
3997
7861898
-10
-14
-6
-1360
-877
4002
7862923
-10
-14
-7
-1366
-901
3983
7863948
1
-12
-5
-1350
-899
4010
7864973
1
-7
0
-1349
-900
4001
7865998
1
-5
4
-1363
-908
3974
7867023
8
-8
13
-1368
-908
3971
7868048
19
-7
20
-1357
-902
3981
7860864
55
-8
21
-1355
-908
3976
7861889
99
-13
23
-1369
-859
3982
7862914
67
-16
23
-1374
-831
3985
7863939
19
-17
19
-1377
-828
3990
7864964
-6
-18
14
-1369
-841
3972
7865989
-3
-24
8
-1363
-843
3975
7867014
7
-24
4
-1347
-845
4008
7868039
2
-23
3
-1347
-872
4005
7869064
4
-16
1
-1353
-855
4012
7870089
-2
-14
3
-1349
-862
4008
7871114
-2
-13
6
-1341
-866
4001
7872139
-5
-8
8
-1342
-872
3997
7873164
-4
-1
4
-1350
-862
4011
7874189
2
3
6
-1352
-850
4010
7875214
0
4
9
-1355
-847
3995
7876239
-2
4
6
-1352
-853
3988
7869055
2
0
1
-1346
-849
3986
7870080
6
-3
-2
-1353
-845
3981
7871105
4
-6
-6
-1357
-852
4001
7872130
-10
-5
-5
-1365
-862
4005
7873155
-12
-3
-5
-1364
-858
3996
7874180
-7
-2
3
-1352
-860
3987
7875205
0
-5
7
-1351
-860
3988
7876230
-10
-11
7
-1361
-869
3986
7877255
-17
-12
8
-1356
-874
4002
7878280
-5
-9
9
-1348
-878
4001
7879305
5
-7
10
-1346
-862
3998
7880330
1
-5
6
-1349
-849
4014
7881355
-6
-1
5
-1353
-850
4000
7882380
-3
5
6
-1347
-862
4011
7883405
4
5
2
-1354
-845
4001
7884430
-7
4
0
-1358
-852
3974
7877442
-8
2
-2
-1354
-851
3999
7878467
-7
-2
-3
-1351
-869
3992
7879492
3
-3
0
-1349
-869
3994
7880517
6
0
4
-1352
-881
3994
7881542
8
1
7
-1360
-871
3976
7882567
15
-1
12
-1352
-864
3988
7883592
8
-2
19
-1356
-867
4028
7884617
-15
-3
21
-1364
-848
4030
7885642
-81
19
13
-1353
-846
4049
7886667
-115
67
8
-1367
-976
4017
7887692
-35
76
27
-1393
-901
3963
7888717
77
56
23
-1260
-780
4075
7889742
132
-2
34
-1401
-883
4033
7890767
2
6
50
-1444
-796
3902
7891792
-63
19
60
-1430
-965
3722
7892817
52
-23
27
-1404
-827
3771
7885440
38
-42
4
-1372
-752
4002
7886465
-51
-60
-19
-1346
-739
4044
7887490
-142
-43
-47
-1303
-830
4163
7888515
-164
4
-57
-1288
-981
4206
7889540
-5
32
-47
-1369
-979
4042
7890565
150
44
-40
-1435
-799
3933
7891590
70
34
-19
-1401
-803
3864
7892615
-16
3
-31
-1380
-912
3895
7893640
17
-14
-34
-1370
-940
3979
7894665
55
-19
-21
-1382
-873
4009
7895690
52
-23
-9
-1402
-841
3968
7896715
22
-25
-1
-1375
-864
3963
7897740
25
-26
3
-1371
-857
3977
7898765
14
-31
5
-1363
-863
3978
7899790
13
-26
5
-1350
-863
4039
7900815
0
-23
7
-1356
-859
4013
7893631
7
-14
4
-1348
-828
4041
7894656
8
-1
2
-1341
-858
4033
7895681
5
9
0
-1352
-856
4018
7896706
3
19
0
-1360
-841
4010
7897731
3
19
1
-1379
-861
3964
7898756
14
16
-2
-1379
-840
3979
7899781
4
7
-1
-1367
-840
3976
7900806
-1
-2
-3
-1362
-852
3971
7901831
-1
-5
-2
-1367
-859
3989
7902856
2
-9
0
-1373
-869
3992
7903881
-2
-14
4
-1377
-876
3991
7904906
1
-12
10
-1366
-867
4009
7905931
6
-9
15
-1349
-862
4016
7906956
4
-5
17
-1357
-854
4015
7907981
5
-8
13
-1377
-853
3948
7909006
18
-20
6
-1380
-826
3940
7901824
6
-25
6
-1367
-825
3996
7902849
-11
-23
7
-1358
-851
4031
7903874
-10
-16
6
-1353
-853
4029
7904899
-3
-8
4
-1348
-850
4011
7905924
0
-3
3
-1355
-854
4003
7906949
0
-3
3
-1367
-838
3987
7907974
-2
-5
1
-1364
-845
3991
7908999
7
0
4
-1355
-859
3996
7910024
9
-4
5
-1369
-856
3968
7911049
16
-2
6
-1360
-841
3999
7912074
44
-7
7
-1359
-861
3986
7913099
57
-9
6
-1360
-815
4009
7914124
21
-9
4
-1361
-819
3998
7915149
-3
-9
3
-1361
-844
3987
7916174
0
-5
2
-1350
-831
4011
7917199
1
-1
1
-1360
-819
4005
7910016
-9
1
2
-1360
-827
3995
7911041
-7
1
1
-1351
-844
4007
7912066
-1
0
-1
-1352
-845
3997
7913091
-7
-2
1
-1358
-856
3993
7914116
-4
-1
5
-1361
-862
3997
7915141
5
1
11
-1357
-856
4001
7916166
3
0
14
-1364
-857
3971
7917191
7
-3
15
-1362
-823
3982
7918216
4
-5
19
-1359
-831
4002
7919241
7
-9
19
-1371
-818
3988
7920266
4
-11
14
-1367
-812
3992
7921291
-2
-14
10
-1358
-822
4003
7922316
-2
-15
6
-1345
-822
4017
7923341
-9
-9
6
-1347
-842
4017
7924366
-1
-7
2
-1356
-843
3993
7925391
8
-2
0
-1352
-841
4001
7918209
0
4
4
-1358
-843
4003
7919234
-6
6
7
-1353
-851
4003
7920259
3
3
9
-1358
-850
3994
7921284
9
0
7
-1364
-826
3987
7922309
-5
-1
8
-1365
-824
3998
7923334
-14
-1
9
-1365
-836
3991
7924359
0
-2
5
-1367
-827
3974
7925384
8
-8
0
-1369
-812
3991
7926409
-3
-8
1
-1358
-827
3999
7927434
-6
-9
3
-1356
-833
4009
7928459
-8
-10
5
-1363
-828
3984
7929484
-11
-12
7
-1359
-835
3981
7930509
-27
-19
9
-1374
-805
3974
7931534
-83
-20
24
-1375
-812
4017
7932559
-93
14
40
-1333
-963
4172
7933584
-81
78
45
-1373
-894
4106
7926400
-69
104
51
-1403
-840
3834
7927425
131
57
85
-1224
-870
3946
7928450
198
-5
55
-1441
-888
4157
7929475
-84
29
122
-1399
-860
4036
7930500
-82
23
117
-1450
-933
3690
7931525
98
-30
58
-1449
-735
3637
7932550
101
-61
19
-1411
-603
3950
7933575
-39
-85
-14
-1373
-604
4071
7934600
-140
-91
-55
-1297
-741
4137
7935625
-151
-58
-87
-1268
-929
4179
7936650
-52
-12
-111
-1284
-935
4198
7937675
51
32
-82
-1393
-930
4040
7938700
59
53
-42
-1435
-866
3908
7939725
36
47
-29
-1361
-865
3935
7940750
57
22
-30
-1368
-852
3944
7941775
52
3
-21
-1367
-852
3983
7934591
12
13
-11
-1377
-846
4031
7935616
26
6
-10
-1388
-858
3935
7936641
46
-18
4
-1408
-829
3887
7937666
12
-35
13
-1406
-827
3906
7938691
-6
-46
7
-1375
-814
4007
7939716
-5
-43
10
-1336
-844
4064
7940741
16
-34
11
-1344
-827
4032
7941766
17
-28
4
-1357
-805
3997
7942791
6
-17
5
-1355
-833
4003
7943816
4
-10
4
-1357
-832
4021
7944841
6
0
0
-1344
-816
4050
7945866
-8
9
2
-1350
-848
4005
7946891
1
3
3
-1370
-839
3950
7947916
21
-6
1
-1364
-824
3985
7948941
-1
-11
1
-1361
-815
4030
7949966
-43
-8
-1
-1359
-824
4001
7942784
-18
-5
3
-1357
-842
3994
7943809
12
-10
7
-1355
-843
3982
7944834
-2
-16
4
-1363
-825
3978
7945859
-21
-18
3
-1355
-839
3996
7946884
-11
-19
5
-1357
-837
4009
7947909
-2
-17
7
-1348
-835
4004
7948934
-5
-15
10
-1346
-840
4000
7949959
-11
-15
11
-1358
-825
4006
7950984
-7
-14
12
-1333
-842
4027
7952009
1
-11
12
-1336
-836
4009
7953034
2
-5
7
-1355
-821
3993
7954059
-2
-5
1
-1362
-814
3995
7955084
-13
-10
3
-1353
-820
4011
7956109
-14
-11
7
-1344
-837
4007
7957134
-9
-13
5
-1347
-838
3988
7958159
-5
-14
1
-1339
-846
4009
7950977
-3
-16
4
-1352
-854
3980
7952002
-3
-14
6
-1346
-857
4012
7953027
6
-2
11
-1332
-845
4051
7954052
-2
2
11
-1355
-822
4004
7955077
-1
4
12
-1335
-822
4015
7956102
9
6
10
-1349
-834
3992
7957127
13
3
3
-1357
-809
3994
7958152
-1
-2
-2
-1352
-817
3985
7959177
-1
-7
-1
-1347
-829
4001
7960202
5
-7
-2
-1340
-836
4016
7961227
3
-4
-4
-1349
-840
4015
7962252
6
4
-2
-1342
-842
4017
7963277
7
9
4
-1348
-853
4009
7964302
11
11
8
-1348
-840
4003
7965327
5
11
10
-1358
-838
3999
7966352
11
8
12
-1360
-840
3990
7959168
10
4
8
-1353
-812
3993
7960193
2
0
1
-1363
-797
3990
7961218
3
-3
4
-1363
-830
3989
7962243
3
-10
6
-1362
-816
3976
7963268
-6
-13
4
-1349
-828
4001
7964293
-5
-14
4
-1352
-842
4007
7965318
1
-15
5
-1351
-828
4010
7966343
-5
-11
9
-1347
-837
4012
7967368
-1
-10
8
-1346
-831
4012
7968393
6
-6
5
-1347
-821
4013
7969418
0
-2
6
-1351
-826
4017
7970443
-1
1
6
-1347
-817
4004
7971468
2
3
4
-1344
-831
4001
7972493
4
3
4
-1350
-833
4001
7973518
4
4
4
-1354
-831
4006
7974543
-3
3
0
-1354
-823
4003
7967360
-12
3
-4
-1357
-810
3996
7968385
-11
2
-6
-1360
-800
4000
7969410
0
0
-2
-1350
-832
4004
7970435
2
-3
-1
-1358
-828
3991
7971460
-4
-5
-2
-1349
-836
3997
7972485
0
-5
1
-1349
-849
3998
7973510
11
-4
4
-1351
-837
4006
7974535
3
1
6
-1360
-836
4003
7975560
-4
2
8
-1358
-832
4002
7976585
6
3
11
-1352
-819
4006
7977610
14
2
12
-1351
-825
4006
7978635
8
2
9
-1357
-800
4004
7979660
-3
2
2
-1367
-810
3987
7980685
-4
-2
0
-1367
-817
3986
7981710
-13
-4
-4
-1367
-805
4000
7982735
-6
-8
-3
-1361
-826
4012
7975552
-45
-8
10
-1375
-813
4042
7976577
-160
9
21
-1395
-809
4106
7977602
-242
75
61
-1292
-1081
4074
7978627
-14
75
95
-1400
-971
3847
7979652
244
29
86
-1263
-707
4116
7980677
16
43
126
-1433
-765
4300
7981702
-251
56
156
-1439
-912
3713
7982727
-50
35
116
-1449
-919
3617
7983752
63
11
64
-1384
-825
3878
7984777
30
-10
3
-1414
-628
4044
7985802
-88
-37
-43
-1381
-720
3995
7986827
-88
-46
-81
-1362
-769
3988
7987852
-18
-39
-109
-1356
-777
4061
7988877
0
-21
-111
-1321
-982
4144
7989902
19
4
-95
-1353
-999
4075
7990927
6
21
-75
-1452
-901
3913
7983743
1
20
-33
-1402
-921
3924
7984768
44
1
-27
-1391
-887
3903
7985793
75
-31
-29
-1412
-814
3894
7986818
50
-52
-6
-1379
-848
3995
7987843
-13
-52
5
-1377
-890
4013
7988868
10
-54
-5
-1373
-857
3971
7989893
51
-49
0
-1363
-842
3999
7990918
44
-43
3
-1368
-783
4022
7991943
-21
-39
1
-1341
-810
4054
7992968
-24
-22
3
-1327
-884
4049
7993993
18
-11
-6
-1337
-843
4022
7995018
12
-7
-8
-1351
-836
3995
7996043
-19
-2
2
-1351
-891
4012
7997068
-14
10
4
-1341
-904
4049
7998093
14
21
4
-1345
-863
4007
7999118
24
22
8
-1364
-849
3965
7991936
10
14
10
-1378
-845
3959
7992961
0
6
9
-1375
-832
3969
7993986
11
-2
9
-1363
-837
3967
7995011
17
-12
7
-1369
-822
3973
7996036
2
-18
0
-1369
-821
4004
7997061
-3
-21
1
-1359
-854
3994
7998086
18
-22
3
-1352
-850
4000
7999111
13
-16
1
-1339
-849
4014
8000136
5
-9
2
-1353
-850
4023
8001161
6
-6
4
-1355
-828
3991
8002186
9
-6
6
-1357
-830
3989
8003211
9
-4
9
-1347
-857
4014
8004236
8
0
7
-1362
-834
4004
8005261
-1
0
8
-1364
-852
3968
8006286
11
-5
8
-1360
-833
3987
8007311
8
-3
7
-1359
-817
3992
8000128
-1
-6
5
-1371
-829
3975
8001153
-4
-12
5
-1361
-827
3988
8002178
-1
-16
4
-1345
-839
4003
8003203
-5
-19
5
-1358
-844
3993
8004228
-8
-16
4
-1346
-839
4014
8005253
-16
-13
6
-1346
-845
4006
8006278
-14
-13
11
-1346
-838
3990
8007303
-28
-17
17
-1356
-826
3980
8008328
-44
-15
23
-1335
-875
4020
8009353
-15
-6
23
-1329
-886
4050
8010378
2
4
22
-1346
-848
4023
8011403
-6
8
19
-1348
-831
3982
8012428
1
5
12
-1349
-817
3995
8013453
3
5
9
-1352
-817
4000
8014478
0
2
7
-1353
-832
3983
8015503
1
-5
-3
-1356
-821
3971
8008321
-2
-10
-7
-1361
-833
3985
8009346
-1
-13
-4
-1362
-849
3990
8010371
1
-16
-2
-1348
-849
3992
8011396
-7
-18
1
-1349
-864
3993
8012421
-7
-19
5
-1344
-876
3984
8013446
1
-20
8
-1342
-861
4014
8014471
4
-15
12
-1338
-837
4029
8015496
-5
-6
13
-1341
-841
4024
8016521
2
-2
10
-1342
-831
4006
8017546
4
1
7
-1347
-813
4002
8018571
0
1
4
-1346
-839
3990
8019596
-3
-3
1
-1347
-840
3981
8020621
-9
-7
-2
-1354
-834
3989
8021646
-15
-9
0
-1350
-844
3997
8022671
-10
-12
3
-1345
-841
4022
8023696
-59
-12
18
-1364
-828
4013
8016596
-109
-2
7
-1397
-843
4052
8017621
-162
54
13
-1271
-1110
4218
8018646
-137
120
77
-1285
-1058
4017
8019671
279
74
104
-1197
-1053
3942
8020696
398
41
48
-1576
-416
4060
8021721
-173
19
112
-1515
-649
3670
8022746
-175
-42
66
-1462
-848
3519
8023771
38
-108
-18
-1318
-780
3884
8024796
40
-117
-57
-1293
-731
4198
8025821
-136
-88
-89
-1272
-800
4196
8026846
-148
-24
-96
-1272
-908
4255
8027871
-11
29
-60
-1300
-1060
4133
8028896
137
31
-51
-1450
-839
3854
8029921
91
17
-41
-1401
-758
3855
8030946
-17
8
-34
-1315
-944
4004
8031971
18
-9
-46
-1346
-842
4039
8024704
42
-13
-40
-1329
-853
4008
8025729
43
-12
-16
-1346
-963
3985
8026754
35
-17
-1
-1377
-877
3989
8027779
6
-7
10
-1348
-832
4022
8028804
8
3
17
-1323
-856
4059
8029829
23
7
22
-1329
-828
4026
8030854
23
2
14
-1349
-817
3956
8031879
17
-13
0
-1354
-807
3953
8032904
-5
-19
-7
-1367
-819
4000
8033929
-16
-14
-2
-1348
-853
4027
8034954
2
-8
-1
-1333
-849
4021
8035979
15
-6
2
-1325
-867
4020
8037004
16
-4
1
-1328
-847
4025
8038029
7
0
0
-1349
-846
4002
8039054
9
0
5
-1343
-858
4013
8040079
10
5
10
-1340
-839
4013
8032896
2
10
11
-1351
-832
3992
8033921
12
12
12
-1350
-813
3997
8034946
10
8
10
-1352
-806
3992
8035971
2
0
4
-1361
-810
3972
8036996
3
-3
-3
-1352
-826
3988
8038021
10
-7
-3
-1353
-833
4004
8039046
7
-8
-5
-1340
-831
4010
8040071
1
-8
-5
-1344
-833
3995
8041096
1
-5
-3
-1343
-856
4019
8042121
8
-1
1
-1350
-854
4020
8043146
7
3
7
-1344
-836
4006
8044171
6
4
12
-1340
-827
3991
8045196
10
6
8
-1347
-811
4009
8046221
5
5
5
-1358
-814
4013
8047246
4
3
3
-1362
-825
3982
8048271
10
0
0
-1350
-806
3991
8041088
1
-4
-5
-1352
-817
3994
8042113
1
-9
-7
-1355
-835
3998
8043138
6
-8
-8
-1350
-825
3989
8044163
6
-11
-9
-1356
-824
3990
8045188
1
-14
-7
-1340
-839
4009
8046213
-13
-10
-4
-1335
-855
4018
8047238
-4
-8
-2
-1337
-850
4022
8048263
3
-4
1
-1344
-833
4009
8049288
3
-3
3
-1347
-839
4009
8050313
3
-1
5
-1341
-828
4011
8051338
-2
1
8
-1346
-819
3995
8052363
-2
1
6
-1346
-820
3986
8053388
-5
-4
4
-1346
-834
4005
8054413
-2
-4
5
-1345
-833
4016
8055438
2
-4
4
-1348
-827
4017
8056463
-3
-2
2
-1344
-821
4013
8049280
-16
2
4
-1346
-828
3997
8050305
-10
6
7
-1346
-832
3999
8051330
4
7
8
-1343
-831
3998
8052355
-4
2
5
-1345
-828
3999
8053380
-9
0
6
-1354
-821
3994
8054405
-7
0
6
-1353
-832
4003
8055430
3
-1
6
-1353
-834
4005
8056455
-1
-1
9
-1350
-832
4000
8057480
-11
1
8
-1356
-833
3995
8058505
-6
5
7
-1353
-827
4016
8059530
-1
13
6
-1360
-805
4083
8060555
-62
41
-8
-1344
-853
4161
8061580
-179
97
-17
-1320
-905
4081
8062605
-149
86
18
-1413
-908
3787
8063630
84
-12
19
-1493
-738
3620
8064655
131
-47
5
-1381
-665
4081
8057472
-33
-30
29
-1287
-928
4279
8058497
-100
-30
31
-1393
-897
3945
8059522
-28
-35
37
-1387
-968
3627
8060547
96
-61
7
-1421
-859
3791
8061572
24
-84
-30
-1364
-675
4049
8062597
-126
-51
-33
-1239
-804
4296
8063622
-144
25
-24
-1180
-867
4400
8064647
-78
75
-25
-1281
-1017
4079
8065672
63
69
-30
-1485
-906
3754
8066697
73
48
-31
-1444
-767
3819
8067722
14
19
-30
-1388
-811
3954
8068747
26
-7
-21
-1357
-899
3992
8069772
36
-24
-8
-1357
-915
3961
8070797
33
-31
-6
-1368
-886
3975
8071822
-3
-31
-3
-1368
-882
4017
8072847
-9
-25
13
-1358
-871
4031
8065664
-15
-26
33
-1382
-841
3926
8066689
-57
-41
41
-1349
-902
3925
8067714
-35
-44
39
-1323
-933
4037
8068739
6
-35
38
-1332
-836
4084
8069764
-12
-20
33
-1334
-841
4052
8070789
-1
-9
29
-1338
-848
4002
8071814
14
-3
20
-1340
-845
4017
8072839
3
5
13
-1343
-843
4014
8073864
-4
9
-1
-1354
-844
3993
8074889
-3
9
-9
-1368
-848
3965
8075914
12
5
-7
-1362
-857
3994
8076939
7
-5
-4
-1358
-867
3944
8077964
-9
-9
-3
-1348
-889
3977
8078989
3
-10
1
-1344
-880
4005
8080014
0
-16
10
-1353
-881
3978
8081039
9
-24
13
-1355
-866
3968
8073855
5
-26
14
-1341
-881
4007
8074880
3
-27
14
-1354
-856
3988
8075905
-6
-24
13
-1338
-835
4012
8076930
-3
-16
16
-1333
-851
4026
8077955
0
-13
10
-1341
-843
3995
8078980
-1
-14
-1
-1343
-832
3997
8080005
-7
-13
-3
-1325
-856
4030
8081030
-4
-11
-1
-1343
-860
4013
8082055
-4
-5
-1
-1340
-871
3989
8083080
5
-6
3
-1339
-877
4002
8084105
0
-7
12
-1338
-892
4002
8085130
-4
-8
14
-1342
-862
3980
8086155
-8
-8
16
-1326
-874
3999
8087180
4
-12
16
-1338
-847
3988
8088205
0
-16
16
-1337
-843
4003
8089230
-5
-15
17
-1332
-855
4004
8082049
1
-16
13
-1338
-840
4005
8083074
-1
-14
11
-1328
-840
4006
8084099
-4
-15
7
-1327
-855
4001
8085124
-2
-15
3
-1334
-842
3995
8086149
-9
-16
-1
-1338
-862
3988
8087174
-7
-19
-1
-1332
-859
3993
8088199
-9
-20
-2
-1325
-864
4014
8089224
-8
-15
-1
-1328
-860
4008
8090249
-4
-15
-1
-1341
-851
3968
8091274
-3
-22
-3
-1335
-856
3976
8092299
-1
-26
-5
-1329
-848
4009
8093324
-11
-29
-4
-1324
-846
3987
8094349
-13
-34
-6
-1326
-857
3998
8095374
-5
-34
-6
-1307
-857
4025
8096399
-6
-31
-3
-1303
-881
4024
8097424
-6
-26
-5
-1299
-895
4031
8090384
-1
-13
-7
-1296
-867
4069
8091409
-7
-2
-5
-1303
-868
4029
8092434
-8
1
-1
-1319
-869
4002
8093459
-8
5
-2
-1308
-855
4017
8094484
-10
5
-6
-1312
-850
3999
8095509
-2
0
-10
-1311
-868
3989
8096534
3
-11
-9
-1314
-882
3989
8097559
-6
-18
-2
-1311
-896
4002
8098584
-34
-23
11
-1317
-912
4003
8099609
-77
-35
35
-1347
-876
3949
8100634
-78
-24
59
-1317
-872
4113
8101659
-129
53
75
-1281
-918
4181
8102684
-81
105
95
-1296
-850
4075
8103709
186
82
97
-1109
-906
4110
8104734
249
26
15
-1557
-674
3765
8105759
-151
0
77
-1403
-992
3763
8098431
-103
-1
52
-1308
-975
3903
8099456
29
-13
-12
-1288
-733
4099
8100481
-3
-10
-48
-1233
-715
4197
8101506
-124
16
-51
-1270
-932
4162
8102531
-82
49
-41
-1317
-970
4071
8103556
8
59
-20
-1392
-908
3881
8104581
34
52
-20
-1421
-921
3864
8105606
47
42
-22
-1340
-954
3946
8106631
63
16
-18
-1360
-883
3937
8107656
60
-9
-8
-1364
-851
3921
8108681
31
-28
-3
-1368
-864
3944
8109706
25
-40
-3
-1361
-850
3980
8110731
24
-43
1
-1338
-893
4010
8111756
41
-37
6
-1330
-890
4018
8112781
28
-32
5
-1329
-856
4015
8113806
16
-28
7
-1327
-878
4007
8106624
16
-26
7
-1336
-843
4028
8107649
8
-17
8
-1318
-861
4040
8108674
3
-8
10
-1317
-866
4024
8109699
9
1
13
-1315
-859
4034
8110724
9
6
12
-1324
-872
4001
8111749
34
-2
6
-1331
-829
3999
8112774
25
-5
3
-1338
-799
4009
8113799
-6
-5
5
-1346
-860
3982
8114824
3
-3
12
-1336
-914
3996
8115849
26
9
22
-1326
-938
4018
8116874
64
26
25
-1329
-828
4041
8117899
34
35
25
-1328
-796
4044
8118924
-9
30
22
-1345
-801
3979
8119949
-20
21
12
-1356
-814
3964
8120974
-1
9
3
-1342
-838
4003
8121999
8
4
-1
-1344
-827
3991
8114816
1
1
-3
-1359
-836
3981
8115841
-7
-5
-3
-1356
-862
3970
8116866
-2
-6
1
-1344
-845
3994
8117891
-7
-6
10
-1340
-875
4011
8118916
-7
-7
14
-1346
-871
4013
8119941
-3
-3
15
-1345
-838
3999
8120966
-1
3
16
-1347
-838
3997
8121991
5
4
13
-1348
-824
3996
8123016
4
1
9
-1344
-815
4001
8124041
1
-4
7
-1351
-827
3989
8125066
-5
-7
1
-1351
-834
3993
8126091
-3
-2
-1
-1340
-840
4006
8127116
-2
-5
1
-1351
-854
3987
8128141
6
-3
2
-1347
-843
4008
8129166
-7
-4
1
-1349
-855
3979
8130191
-1
-2
1
-1345
-847
4010
8123008
3
0
4
-1346
-851
4004
8124033
4
1
4
-1350
-815
3995
8125058
-8
-5
4
-1347
-844
3983
8126083
0
-7
1
-1350
-845
4006
8127108
4
-8
-1
-1343
-835
3995
8128133
-9
-9
1
-1353
-863
4003
8129158
-1
-6
2
-1350
-839
4006
8130183
3
-7
1
-1346
-844
4005
8131208
3
-5
8
-1339
-865
4001
8132233
-9
-6
13
-1358
-858
3994
8133258
-14
-5
19
-1357
-855
3993
8134283
2
-6
25
-1350
-840
3985
8135308
0
-8
20
-1345
-802
3998
8136333
-4
-10
14
-1338
-823
4018
8137358
2
-10
8
-1349
-843
4016
8138383
1
-7
-1
-1344
-809
4025
8131201
-13
2
-3
-1350
-825
4008
8132226
-5
4
-2
-1352
-834
3988
8133251
0
-2
-4
-1350
-839
3973
8134276
-9
-7
-4
-1345
-854
3996
8135301
-12
-8
2
-1351
-864
3996
8136326
-3
-8
9
-1345
-864
4005
8137351
1
-10
19
-1340
-860
3987
8138376
-7
-16
24
-1342
-868
3980
8139401
-6
-16
25
-1345
-846
4011
8140426
-9
-10
25
-1349
-822
4025
8141451
-33
-12
34
-1388
-759
3997
8142476
-80
-13
32
-1409
-745
4022
8143501
-106
19
36
-1338
-841
4136
8144526
-153
77
86
-1311
-1037
3948
8145551
199
71
150
-1121
-1295
4097
8146576
385
63
102
-1462
-580
4181
8139393
-150
98
140
-1432
-723
3893
8140418
-145
94
89
-1415
-908
3749
8141443
115
29
22
-1388
-689
3763
8142468
106
-21
-32
-1402
-534
3932
8143493
-115
-56
-82
-1359
-781
4009
8144518
-175
-53
-106
-1344
-872
4134
8145543
-65
-27
-78
-1367
-921
4057
8146568
53
-29
-63
-1473
-850
3827
8147593
48
-40
-38
-1404
-852
3919
8148618
-26
-42
-15
-1308
-979
4067
8149643
-14
-37
-21
-1299
-940
4117
8150668
-8
-13
-13
-1337
-900
4052
8151693
49
5
4
-1383
-840
3978
8152718
75
2
5
-1397
-739
3923
8153743
48
-21
-5
-1377
-733
3934
8154768
31
-37
-13
-1351
-811
4028
8147584
26
-28
-20
-1339
-857
4063
8148609
47
0
-37
-1330
-806
4119
8149634
60
22
-44
-1333
-822
4042
8150659
75
28
-50
-1371
-802
3964
8151684
28
18
-44
-1390
-827
3913
8152709
14
-5
-29
-1384
-818
3948
8153734
4
-15
-12
-1350
-869
4000
8154759
6
-15
-5
-1368
-882
3988
8155784
5
-12
4
-1375
-842
3976
8156809
-6
-15
22
-1362
-852
3971
8157834
-2
-22
28
-1351
-818
3987
8158859
-5
-22
26
-1343
-813
4028
8159884
-6
-21
23
-1347
-814
4022
8160909
0
-21
20
-1351
-804
3999
8161934
-2
-17
18
-1345
-820
4011
8162959
-2
-15
12
-1344
-821
4032
8155776
3
-8
8
-1345
-818
4030
8156801
1
1
8
-1338
-793
4023
8157826
-9
11
-3
-1342
-767
4031
8158851
-20
15
-14
-1350
-807
4024
8159876
2
20
-18
-1350
-828
4019
8160901
12
23
-15
-1352
-843
3983
8161926
8
19
-10
-1367
-850
3972
8162951
7
13
-5
-1368
-839
3978
8163976
2
8
2
-1368
-833
3970
8165001
6
3
11
-1363
-832
3983
8166026
0
-1
16
-1361
-835
3997
8167051
5
-3
17
-1364
-815
4000
8168076
9
-5
15
-1363
-801
3982
8169101
4
-10
11
-1365
-794
3984
8170126
-6
-9
7
-1364
-798
4028
8171151
-3
-6
4
-1357
-810
4002
8163969
4
-8
1
-1354
-809
3986
8164994
-1
-6
2
-1347
-824
4023
8166019
1
-4
2
-1353
-817
4005
8167044
2
1
4
-1355
-828
4017
8168069
4
8
5
-1361
-832
4004
8169094
5
11
5
-1362
-817
3999
8170119
9
11
5
-1370
-803
4000
8171144
6
8
6
-1367
-799
3989
8172169
3
4
2
-1367
-799
3985
8173194
8
0
0
-1370
-813
3986
8174219
14
-6
-1
-1363
-807
3989
8175244
4
-6
-2
-1360
-814
4016
8176269
-3
-2
1
-1364
-824
4010
8177294
-2
1
8
-1367
-816
4005
8178319
4
3
13
-1368
-813
3991
8179344
3
1
13
-1363
-811
3997
8172160
1
2
10
-1364
-817
3995
8173185
4
1
9
-1366
-800
3998
8174210
4
-1
9
-1364
-795
3995
8175235
4
1
5
-1369
-807
3998
8176260
3
3
2
-1372
-801
4020
8177285
7
8
0
-1369
-793
4015
8178310
13
10
0
-1365
-798
4006
8179335
3
9
-1
-1372
-807
3986
8180360
5
8
-4
-1376
-810
3981
8181385
8
4
-2
-1376
-818
3975
8182410
13
0
-1
-1376
-800
3988
8183435
4
-3
-1
-1368
-800
4001
8184460
2
-8
2
-1373
-804
3995
8185485
-6
-9
8
-1379
-813
3997
8186510
-20
-6
16
-1377
-836
4019
8187535
-36
-4
27
-1379
-827
3979
8180352
-63
1
26
-1426
-703
4001
8181377
-137
39
39
-1359
-816
4102
8182402
-211
51
68
-1472
-829
3745
8183427
-82
57
129
-1316
-1021
4115
8184452
154
56
124
-1059
-1093
4451
8185477
-54
64
66
-1557
-646
4032
8186502
-240
114
127
-1484
-907
3735
8187527
-22
115
96
-1433
-905
3805
8188552
140
61
46
-1394
-688
3862
8189577
10
17
-21
-1394
-619
3931
8190602
-134
-11
-55
-1434
-736
4011
8191627
-50
-23
-62
-1416
-843
4064
8192652
107
-11
-36
-1441
-850
3946
8193677
125
-27
-63
-1545
-657
3848
8194702
25
-53
-87
-1455
-873
3906
8195727
18
-47
-58
-1414
-985
3962
8188543
69
-46
-46
-1407
-806
4023
8189568
65
-39
-42
-1378
-823
4058
8190593
37
-26
-28
-1390
-898
3946
8191618
37
-36
-8
-1448
-858
3879
8192643
-9
-47
11
-1431
-825
3959
8193668
25
-42
17
-1374
-820
4070
8194693
46
-30
33
-1365
-804
4060
8195718
-3
-21
30
-1383
-833
4002
8196743
-14
-12
21
-1375
-821
4000
8197768
8
-2
10
-1392
-762
4035
8198793
8
6
-2
-1391
-737
4026
8199818
0
15
-5
-1393
-782
3999
8200843
4
14
-8
-1391
-824
3970
8201868
17
7
-14
-1396
-818
3963
8202893
0
4
-13
-1407
-838
3957
8203918
4
-3
-7
-1415
-829
3980
8196736
7
-10
3
-1401
-795
3966
8197761
-5
-14
11
-1386
-832
3987
8198786
-2
-14
14
-1389
-837
3984
8199811
3
-11
11
-1393
-807
3997
8200836
3
-4
14
-1388
-790
4011
8201861
-7
-2
14
-1393
-799
4000
8202886
-1
0
9
-1400
-778
3989
8203911
-4
-8
-2
-1401
-800
3975
8204936
-3
-4
-3
-1386
-803
4025
8205961
-16
3
1
-1399
-812
3988
8206986
-14
6
5
-1397
-829
3977
8208011
5
-1
6
-1401
-817
3935
8209036
5
-12
1
-1408
-797
3963
8210061
-16
-16
6
-1396
-821
3985
8211086
-16
-23
10
-1408
-819
3967
8212111
-2
-24
9
-1387
-806
3989
8204928
-6
-24
7
-1387
-800
4005
8205953
-12
-19
6
-1382
-798
4013
8206978
-25
-13
13
-1376
-815
4006
8208003
-20
-8
13
-1385
-824
3980
8209028
-7
-9
10
-1388
-829
3984
8210053
-6
-14
10
-1387
-833
3981
8211078
-8
-20
8
-1398
-838
3971
8212103
-5
-16
7
-1374
-810
4037
8213128
-6
-9
10
-1383
-788
4027
8214153
-13
-6
17
-1381
-817
3991
8215178
-11
-7
15
-1384
-814
3979
8216203
-12
-7
5
-1385
-808
3989
8217228
-6
-10
2
-1385
-811
3992
8218253
-9
-13
3
-1382
-824
3994
8219278
-6
-9
5
-1370
-831
4011
8220303
-3
-4
6
-1373
-832
4006
8213120
-1
-3
6
-1387
-816
4001
8214145
-3
0
9
-1389
-821
3992
8215170
-2
-3
11
-1386
-812
3973
8216195
-10
-8
9
-1385
-818
3975
8217220
-14
-12
6
-1384
-818
3991
8218245
-5
-13
5
-1376
-804
3996
8219270
-3
-11
4
-1378
-814
3983
8220295
-8
-10
4
-1365
-830
4006
8221320
-7
-5
3
-1375
-828
4011
8222345
1
-2
3
-1377
-820
3990
8223370
4
-3
3
-1375
-827
3988
8224395
-4
-5
4
-1379
-827
4000
8225420
-8
-6
5
-1378
-834
3989
8226445
-3
-3
7
-1383
-823
3992
8227470
-5
1
7
-1381
-814
3989
8228495
-8
-6
4
-1387
-810
3971
8221312
-5
-9
4
-1375
-836
3991
8222337
0
-6
6
-1370
-831
4004
8223362
-6
-4
6
-1370
-817
4001
8224387
-7
-6
8
-1376
-823
3983
8225412
-4
-7
8
-1385
-820
3985
8226437
-9
-12
9
-1381
-822
3974
8227462
-15
-16
15
-1393
-850
3979
8228487
-6
-20
25
-1402
-838
3981
8229512
-31
-21
32
-1420
-829
3982
8230537
-145
12
44
-1361
-936
4075
8231562
-179
65
92
-1351
-984
4056
8232587
17
86
85
-1302
-755
4081
8233612
164
49
65
-1274
-778
4041
8234637
-55
59
40
-1540
-681
4092
8235662
-233
72
64
-1400
-967
3836
8236687
27
58
6
-1433
-825
3734
8229537
143
3
-40
-1420
-727
3743
8230562
59
-58
-86
-1455
-665
3914
8231587
-82
-68
-117
-1387
-774
4070
8232612
-92
-36
-126
-1330
-878
4219
8233637
-51
10
-106
-1294
-1050
4198
8234662
36
25
-70
-1446
-960
3889
8235687
99
21
-56
-1490
-739
3864
8236712
2
16
-28
-1368
-852
3988
8237737
-28
20
-22
-1381
-924
4026
8238762
20
17
-22
-1385
-943
3976
8239787
75
14
-9
-1407
-895
3941
8240812
68
0
2
-1441
-793
3942
8241837
16
-14
6
-1436
-819
3925
8242862
14
-26
1
-1423
-838
3920
8243887
44
-41
-2
-1405
-774
3962
8244912
27
-42
-7
-1383
-799
4040
8237695
-1
-34
-13
-1375
-871
4015
8238720
14
-25
-17
-1377
-863
3998
8239745
31
-15
-16
-1380
-840
4004
8240770
15
-4
-15
-1389
-831
3999
8241795
3
7
-10
-1385
-845
4014
8242820
9
18
-6
-1385
-849
4000
8243845
23
22
-7
-1395
-832
3990
8244870
9
20
-5
-1401
-822
3972
8245895
-3
9
-6
-1409
-820
3952
8246920
0
5
-7
-1396
-832
3985
8247945
4
6
-7
-1396
-835
3998
8248970
7
4
-7
-1402
-825
3978
8249995
7
-1
-11
-1410
-819
3942
8251020
3
-12
-11
-1413
-829
3943
8252045
2
-22
-8
-1408
-836
3983
8253070
-6
-23
-1
-1387
-852
3984
8245889
-5
-20
2
-1376
-865
4009
8246914
0
-12
4
-1385
-860
4010
8247939
11
-7
3
-1385
-824
4006
8248964
12
0
2
-1382
-813
4012
8249989
-3
4
0
-1404
-814
3981
8251014
0
5
-4
-1404
-808
3992
8252039
-3
5
-4
-1392
-818
3981
8253064
-7
-1
-7
-1401
-825
3970
8254089
-11
-7
-6
-1396
-854
3974
8255114
-8
-12
-2
-1402
-855
3975
8256139
-5
-10
3
-1385
-837
3996
8257164
-12
-8
8
-1384
-858
3976
8258189
-4
-4
6
-1395
-838
4003
8259214
-3
-1
7
-1400
-836
3993
8260239
0
-1
8
-1392
-817
3981
8261264
-5
-2
6
-1386
-825
3990
8254080
-7
-4
2
-1390
-830
3996
8255105
-2
-1
0
-1396
-826
3990
8256130
3
0
-1
-1391
-840
3984
8257155
6
1
-2
-1394
-833
3994
8258180
-4
4
-3
-1398
-835
3980
8259205
-3
7
2
-1393
-854
3984
8260230
7
6
6
-1401
-856
3971
8261255
11
3
7
-1401
-828
3970
8262280
4
1
8
-1410
-834
3979
8263305
1
-3
7
-1412
-829
3975
8264330
-1
-6
6
-1400
-830
3980
8265355
-4
-7
3
-1398
-825
3992
8266380
-5
-5
1
-1402
-825
3980
8267405
-4
-3
2
-1398
-837
3982
8268430
-4
-6
5
-1398
-838
3983
8269455
-7
-8
6
-1402
-843
3980
8262272
-5
-8
6
-1406
-837
3967
8263297
-8
-12
8
-1395
-829
3980
8264322
-7
-16
7
-1397
-828
3977
8265347
-6
-18
4
-1389
-824
3987
8266372
-7
-13
4
-1386
-837
4011
8267397
-12
-8
5
-1392
-842
4004
8268422
-8
-6
7
-1390
-832
3991
8269447
-7
-7
7
-1384
-848
3979
8270472
0
-8
5
-1383
-839
3990
8271497
-1
-6
8
-1391
-841
3997
8272522
-6
-1
9
-1394
-840
3988
8273547
-12
5
7
-1390
-829
3975
8274572
-6
3
7
-1397
-828
3962
8275597
0
-4
7
-1403
-820
3959
8276622
-7
-9
4
-1390
-830
3986
8277647
-18
-11
3
-1391
-847
3981
8270464
-6
-12
3
-1396
-841
3977
8271489
0
-13
9
-1389
-852
3978
8272514
-10
-15
9
-1386
-847
3982
8273539
-9
-11
9
-1392
-834
3998
8274564
-12
-5
13
-1391
-832
3989
8275589
-16
-5
14
-1396
-789
3968
8276614
-46
-23
10
-1436
-722
3909
8277639
-106
-66
32
-1423
-810
3935
8278664
-158
-60
101
-1321
-999
4139
8279689
-133
48
151
-1294
-1217
4360
8280714
-119
189
194
-1310
-1148
4192
8281739
-154
273
221
-1253
-958
4153
8282764
9
174
255
-1516
-963
3805
8283789
-35
185
207
-1509
-540
3925
8284814
-200
169
190
-1428
-825
3696
8285839
30
87
59
-1586
-675
3645
8278655
127
2
-43
-1594
-524
3757
8279680
41
-64
-86
-1609
-561
3797
8280705
-69
-111
-129
-1533
-759
3891
8281730
-101
-103
-142
-1395
-930
4101
8282755
-89
-71
-124
-1359
-1112
4152
8283780
15
-47
-101
-1468
-1112
3971
8284805
81
-28
-75
-1491
-918
3898
8285830
11
-20
-42
-1449
-919
3918
8286855
20
-27
-29
-1415
-945
3991
8287880
42
-27
-18
-1409
-959
4006
8288905
37
-25
-1
-1448
-934
3956
8289930
51
-26
-6
-1481
-857
3889
8290955
78
-34
0
-1463
-816
3911
8291980
59
-38
9
-1432
-828
3967
8293005
35
-39
3
-1404
-885
4021
8294030
41
-34
-1
-1402
-913
4013
8286848
47
-24
1
-1421
-889
3967
8287873
35
-21
-3
-1437
-834
3951
8288898
7
-17
-1
-1430
-819
3982
8289923
-17
-11
6
-1412
-872
4011
8290948
1
-3
3
-1401
-871
4006
8291973
10
2
-3
-1414
-861
3962
8292998
7
1
-7
-1425
-867
3948
8294023
11
-3
-8
-1434
-874
3961
8295048
18
-2
-3
-1422
-861
3982
8296073
5
6
4
-1419
-880
3991
8297098
3
11
9
-1429
-868
3974
8298123
12
9
10
-1433
-846
3951
8299148
11
5
8
-1440
-807
3952
8300173
0
1
1
-1435
-814
3966
8301198
0
-4
-3
-1419
-852
3974
8302223
14
-7
-8
-1426
-847
3967
8295040
14
-12
-10
-1417
-857
3973
8296065
7
-8
-9
-1423
-877
3979
8297090
11
-1
-6
-1424
-862
3990
8298115
6
4
2
-1419
-864
3974
8299140
16
7
3
-1424
-850
3981
8300165
19
11
0
-1423
-834
3974
8301190
14
7
-4
-1427
-831
3951
8302215
13
0
-11
-1439
-814
3946
8303240
6
-6
-20
-1441
-820
3948
8304265
7
-12
-29
-1444
-818
3933
8305290
17
-22
-36
-1431
-823
3945
8306315
23
-32
-46
-1428
-816
3952
8307340
28
-43
-56
-1440
-805
3930
8308365
26
-58
-65
-1441
-799
3921
8309390
58
-71
-71
-1409
-838
3942
8310415
107
-78
-75
-1403
-840
3978
8303231
112
-81
-75
-1390
-830
3990
8304256
64
-75
-66
-1379
-833
4025
8305281
-13
-69
-54
-1385
-840
4004
8306306
-46
-61
-46
-1359
-875
4015
8307331
-13
-47
-35
-1339
-903
4062
8308356
20
-34
-27
-1335
-903
4061
8309381
12
-17
-24
-1335
-870
4045
8310406
-5
0
-16
-1344
-867
4051
8311431
10
13
-8
-1355
-853
4034
8312456
17
25
0
-1356
-837
4026
8313481
18
37
1
-1347
-840
4068
8314506
-4
48
0
-1347
-874
4033
8315531
12
49
2
-1389
-846
3953
8316556
29
39
-4
-1415
-761
3911
8317581
4
20
-7
-1414
-761
3947
8318606
-17
13
-7
-1395
-791
4001
8311425
-20
10
0
-1377
-858
3985
8312450
-26
8
12
-1380
-900
3964
8313475
-28
10
16
-1401
-897
3976
8314500
-19
9
29
-1414
-878
3952
8315525
-68
13
58
-1433
-849
3944
8316550
-129
47
81
-1410
-914
4105
8317575
-118
106
80
-1395
-848
4129
8318600
-143
110
53
-1369
-662
4009
8319625
90
50
52
-1234
-902
3976
8320650
105
26
31
-1616
-861
3969
8321675
-172
12
75
-1489
-984
3647
8322700
-98
9
19
-1448
-816
3820
8323725
-53
-12
-39
-1332
-745
4054
8324750
-55
-6
-56
-1343
-782
4202
8325775
-83
23
-41
-1358
-941
4204
8326800
-51
48
-22
-1449
-1056
3915
8319617
144
36
-55
-1586
-774
3651
8320642
156
-7
-70
-1508
-682
3744
8321667
40
-65
-77
-1444
-796
3923
8322692
-4
-91
-71
-1386
-943
4052
8323717
39
-79
-49
-1373
-1003
4048
8324742
55
-57
-30
-1413
-967
3972
8325767
38
-33
-8
-1422
-938
3994
8326792
13
-15
11
-1406
-912
4014
8327817
25
-4
25
-1383
-868
4017
8328842
30
11
37
-1368
-870
4029
8329867
22
15
35
-1391
-839
4001
8330892
13
17
24
-1415
-811
3985
8331917
17
13
14
-1428
-784
3969
8332942
10
6
6
-1435
-797
3935
8333967
-2
-4
1
-1430
-828
3942
8334992
-6
-7
2
-1419
-853
3965
8327807
-10
-18
1
-1420
-866
3940
8328832
-4
-16
3
-1400
-872
3988
8329857
-9
-16
9
-1416
-910
3977
8330882
3
-14
12
-1402
-853
3977
8331907
12
-7
15
-1398
-850
4000
8332932
7
-8
14
-1418
-844
3978
8333957
3
-5
8
-1415
-796
3980
8334982
-13
-4
6
-1413
-838
3964
8336007
9
-3
2
-1399
-843
3991
8337032
26
-4
-5
-1408
-818
3977
8338057
1
-8
-6
-1407
-839
3970
8339082
-11
-9
-3
-1403
-870
3978
8340107
1
-9
0
-1411
-868
3958
8341132
7
-11
0
-1420
-845
3973
8342157
3
-8
5
-1406
-864
3991
8343182
0
-8
12
-1409
-854
3966
8335999
-4
-9
13
-1398
-846
3987
8337024
2
-9
12
-1408
-847
3984
8338049
1
-12
9
-1410
-835
3962
8339074
-3
-14
6
-1412
-824
3980
8340099
-7
-18
3
-1411
-842
3974
8341124
-5
-16
3
-1386
-839
4002
8342149
-16
-14
5
-1397
-866
3985
8343174
-5
-12
6
-1394
-861
3989
8344199
-2
-16
8
-1407
-849
3967
8345224
-10
-16
10
-1398
-847
3978
8346249
-9
-12
14
-1398
-861
3996
8347274
2
-11
11
-1398
-843
3991
8348299
2
-13
9
-1397
-834
3963
8349324
-6
-14
10
-1400
-847
3979
8350349
-6
-13
11
-1398
-833
3995
8351374
-12
-9
7
-1390
-844
3996
8344192
-6
-5
4
-1391
-854
3987
8345217
1
-8
1
-1397
-850
3980
8346242
-2
-12
-1
-1394
-840
3985
8347267
-17
-9
2
-1399
-854
4000
8348292
-13
-4
3
-1398
-849
3989
8349317
-7
-3
5
-1396
-845
3974
8350342
-13
-8
8
-1399
-854
3961
8351367
-16
-15
6
-1395
-857
3960
8352392
-10
-16
6
-1396
-863
3983
8353417
-9
-16
10
-1385
-856
3992
8354442
-6
-15
13
-1387
-853
3994
8355467
-8
-10
12
-1378
-856
3995
8356492
-9
-5
8
-1397
-842
3991
8357517
-7
-4
6
-1394
-839
3989
8358542
-7
-3
6
-1388
-841
3993
8359567
-10
-4
2
-1391
-843
3973
8352384
-14
-7
0
-1389
-853
3961
8353409
-4
-8
1
-1389
-869
3990
8354434
2
-7
2
-1382
-855
3989
8355459
-12
-8
7
-1395
-859
3974
8356484
-28
-13
16
-1413
-865
3983
8357509
-67
-25
29
-1436
-847
3951
8358534
-102
4
27
-1372
-888
4113
8359559
-146
101
40
-1348
-1040
4096
8360584
39
86
104
-1322
-899
4019
8361609
283
40
86
-1245
-772
4242
8362634
-47
79
116
-1543
-828
4044
8363659
-104
56
163
-1514
-1018
3510
8364684
75
5
90
-1518
-822
3518
8365709
51
-57
6
-1441
-598
3873
8366734
-121
-94
-51
-1397
-631
4065
8367759
-206
-94
-86
-1332
-790
4154
8360576
-118
-29
-93
-1286
-926
4287
8361601
7
19
-79
-1368
-1090
4065
8362626
125
21
-57
-1534
-857
3765
8363651
45
18
-32
-1446
-811
3890
8364676
-6
15
-35
-1354
-962
4071
8365701
42
0
-32
-1379
-969
3964
8366726
95
-2
-13
-1417
-875
3933
8367751
59
-7
-1
-1427
-827
3928
8368776
8
-10
-1
-1431
-848
3980
8369801
19
-11
-1
-1414
-860
3978
8370826
25
-14
2
-1416
-847
3967
8371851
13
-13
7
-1399
-841
4000
8372876
11
-11
8
-1396
-843
4008
8373901
7
-13
-2
-1391
-852
3972
8374926
12
-6
-8
-1384
-863
3997
8375951
2
-2
-7
-1407
-864
3990
8368767
9
4
-2
-1394
-848
4009
8369792
9
9
7
-1401
-873
3969
8370817
7
11
6
-1400
-853
3976
8371842
10
17
7
-1400
-848
3999
8372867
0
16
6
-1409
-850
3967
8373892
2
11
3
-1415
-824
3946
8374917
7
2
0
-1419
-840
3980
8375942
6
0
0
-1414
-823
3956
8376967
-10
-6
-5
-1417
-867
3945
8377992
10
-3
-3
-1391
-861
4016
8379017
9
1
2
-1413
-863
3980
8380042
12
2
7
-1411
-850
3966
8381067
9
2
10
-1408
-854
3971
8382092
-1
-5
9
-1416
-840
3960
8383117
-7
-10
6
-1416
-847
3971
8384142
5
-7
3
-1408
-832
3992
8376960
2
-4
2
-1409
-841
3983
8377985
-9
1
1
-1414
-858
3982
8379010
-1
6
0
-1413
-845
3983
8380035
0
3
1
-1412
-859
3978
8381060
5
0
2
-1415
-853
3984
8382085
-7
-4
4
-1413
-834
3970
8383110
-10
0
8
-1407
-864
3990
8384135
3
0
7
-1411
-851
3973
8385160
2
-2
6
-1417
-843
3971
8386185
0
-4
8
-1413
-853
3975
8387210
-1
-4
10
-1412
-837
3976
8388235
-2
-2
9
-1407
-839
3978
8389260
0
-3
6
-1411
-859
3974
8390285
7
-5
3
-1413
-844
3983
8391310
5
-2
4
-1419
-844
3992
8392335
-2
3
5
-1413
-839
3991
8385152
-6
6
4
-1418
-832
3984
8386177
-6
7
7
-1411
-844
3968
8387202
-2
1
7
-1412
-851
3962
8388227
-3
-8
3
-1416
-849
3958
8389252
-3
-8
3
-1424
-848
3982
8390277
-6
-6
6
-1412
-857
3985
8391302
0
-7
8
-1405
-862
3981
8392327
0
-7
7
-1416
-852
3979
8393352
-3
0
5
-1419
-833
3976
8394377
4
4
7
-1418
-839
3971
8395402
6
2
5
-1417
-829
3973
8396427
-5
0
-1
-1408
-830
3975
8397452
-10
-4
-3
-1419
-854
3954
8398477
-2
-4
-4
-1414
-856
3992
8399502
-1
-2
0
-1416
-853
3982
8400527
-7
-4
4
-1418
-862
3954
8393343
4
0
4
-1415
-854
3977
8394368
7
1
6
-1418
-850
3979
8395393
-2
-3
11
-1412
-858
3959
8396418
6
-7
13
-1413
-847
3974
8397443
4
-5
11
-1422
-837
3974
8398468
-5
-3
7
-1417
-833
3975
8399493
-7
-3
7
-1420
-830
3982
8400518
-4
-5
5
-1420
-842
3973
8401543
-5
-7
2
-1421
-843
3961
8402568
-4
-10
5
-1418
-853
3974
8403593
-24
-15
18
-1432
-872
3965
8404618
-41
-19
27
-1494
-784
3960
8405643
-75
2
10
-1399
-879
4139
8406668
-159
82
26
-1353
-996
3951
8407693
58
33
69
-1400
-955
3775
8408718
216
-30
67
-1419
-835
4036
8401536
-38
13
91
-1519
-782
4134
8402561
-118
34
121
-1405
-862
3918
8403586
37
27
68
-1372
-820
3867
8404611
75
-2
0
-1422
-639
3909
8405636
-75
-33
-59
-1459
-659
3918
8406661
-168
-32
-93
-1405
-825
4094
8407686
-121
10
-70
-1334
-987
4306
8408711
-6
39
-29
-1494
-992
3898
8409736
87
24
-35
-1513
-762
3698
8410761
1
-9
-28
-1427
-878
3823
8411786
11
-45
-44
-1421
-974
3958
8412811
49
-51
-32
-1424
-910
4011
8413836
1
-36
6
-1424
-966
3990
8414861
19
-26
19
-1414
-914
3977
8415886
33
-25
20
-1422
-811
3957
8416911
8
-27
23
-1420
-827
3992
8409729
9
-17
20
-1406
-833
4037
8410754
5
-6
8
-1413
-825
3997
8411779
9
-5
-1
-1411
-829
3965
8412804
-9
-17
-7
-1417
-845
3955
8413829
-3
-20
-12
-1403
-872
3998
8414854
13
-14
-10
-1409
-882
3989
8415879
0
-6
-2
-1429
-885
3964
8416904
6
-3
4
-1420
-864
3960
8417929
4
-6
11
-1406
-886
3959
8418954
0
-14
15
-1413
-871
3950
8419979
0
-16
13
-1398
-850
3996
8421004
3
-12
16
-1404
-848
3985
8422029
-6
-9
16
-1422
-840
3967
8423054
-5
-2
10
-1411
-837
3986
8424079
1
-4
7
-1413
-845
3957
8425104
-4
-11
5
-1403
-830
3970
8417919
-9
-14
0
-1404
-843
3985
8418944
-9
-17
4
-1408
-880
3948
8419969
-4
-20
5
-1415
-871
3952
8420994
-2
-17
4
-1400
-867
4016
8422019
6
-9
9
-1402
-862
3998
8423044
-6
-7
11
-1410
-852
3979
8424069
-4
0
11
-1387
-851
3998
8425094
0
2
9
-1401
-867
3962
8426119
12
-1
4
-1412
-842
3956
8427144
6
-5
2
-1402
-856
3993
8428169
1
-1
2
-1399
-854
4020
8429194
-6
8
1
-1401
-843
3983
8430219
-11
6
4
-1416
-860
3948
8431244
2
2
10
-1417
-850
3981
8432269
-2
-2
10
-1408
-871
3970
8433294
-7
-1
8
-1406
-866
3972
8426112
3
0
9
-1402
-864
3979
8427137
14
0
9
-1407
-851
3981
8428162
7
6
11
-1403
-847
4005
8429187
-2
11
11
-1418
-853
3979
8430212
6
15
7
-1409
-848
3969
8431237
19
15
7
-1407
-822
3972
8432262
-1
11
3
-1426
-839
3955
8433287
-6
4
-2
-1424
-841
3936
8434312
3
0
-3
-1414
-854
3959
8435337
13
-2
-2
-1417
-854
3984
8436362
6
-3
-1
-1419
-851
3971
8437387
5
-1
1
-1414
-852
3985
8438412
4
3
5
-1415
-852
3986
8439437
3
6
7
-1421
-859
3977
8440462
4
7
6
-1422
-853
3967
8441487
8
5
5
-1424
-828
3970
8434304
5
5
4
-1424
-843
3979
8435329
5
3
2
-1430
-839
3951
8436354
11
-3
-1
-1424
-826
3959
8437379
2
-5
-1
-1425
-848
3969
8438404
6
-8
-4
-1418
-857
3959
8439429
12
-9
-2
-1414
-843
3970
8440454
2
-9
1
-1420
-860
3967
8441479
4
-10
4
-1421
-858
3980
8442504
6
-7
9
-1419
-847
3984
8443529
4
-9
15
-1423
-861
3960
8444554
0
-5
20
-1426
-851
3981
8445579
-39
-1
20
-1471
-772
3971
8446604
-101
15
17
-1415
-841
4091
8447629
-156
76
50
-1344
-963
4097
8448654
-27
56
74
-1451
-819
3844
8449679
206
-5
39
-1325
-911
3972
8442734
49
14
-10
-1595
-683
4045
8443759
-245
19
52
-1484
-812
3684
8444784
-92
1
13
-1432
-891
3820
8445809
112
-38
-41
-1376
-771
3968
8446834
-4
-46
-87
-1394
-769
4072
8447859
-189
-14
-109
-1367
-892
4128
8448884
-117
38
-94
-1366
-925
4211
8449909
38
62
-48
-1455
-1013
3989
8450934
109
48
-20
-1555
-893
3706
8451959
42
32
-23
-1448
-870
3867
8452984
-5
18
-30
-1422
-947
3959
8454009
35
-15
-23
-1473
-860
3901
8455034
34
-24
4
-1454
-888
3943
8456059
9
-27
14
-1457
-935
3933
8457084
27
-31
9
-1429
-876
3950
8458109
15
-28
13
-1429
-849
3997
8450688
4
-19
13
-1436
-830
4016
8451713
12
-15
5
-1429
-831
3999
8452738
13
-8
2
-1416
-848
3999
8453763
-2
-11
-1
-1433
-879
3954
8454788
13
-5
-5
-1412
-862
4010
8455813
-1
3
0
-1425
-888
3968
8456838
3
9
4
-1428
-875
3961
8457863
2
10
7
-1441
-883
3939
8458888
2
-1
6
-1442
-864
3923
8459913
9
-3
6
-1429
-847
3975
8460938
-4
-13
8
-1445
-879
3915
8461963
1
-18
7
-1426
-850
3984
8462988
-3
-12
7
-1431
-845
4001
8464013
-5
-10
7
-1434
-847
3952
8465038
6
-9
4
-1429
-859
3971
8466063
5
-7
4
-1439
-871
3957
8458880
11
-10
2
-1438
-867
3940
8459905
14
-10
3
-1421
-860
3988
8460930
4
-8
5
-1421
-866
3981
8461955
-2
-7
4
-1417
-862
3981
8462980
3
-1
7
-1430
-877
3971
8464005
12
2
6
-1431
-847
3975
8465030
3
5
3
-1428
-842
3976
8466055
-8
3
2
-1431
-844
3958
8467080
-3
2
3
-1430
-848
3950
8468105
-3
-3
2
-1431
-869
3953
8469130
-8
-12
3
-1430
-876
3960
8470155
-6
-12
5
-1420
-875
3973
8471180
0
-11
9
-1428
-881
3952
8472205
1
-10
12
-1419
-871
3977
8473230
-3
-8
11
-1427
-861
3980
8474255
-11
-3
10
-1428
-858
3962
8467073
-1
-2
8
-1423
-842
3978
8468098
-2
-4
6
-1436
-843
3960
8469123
-10
-8
3
-1438
-842
3944
8470148
-9
-10
1
-1431
-850
3964
8471173
-1
-14
0
-1421
-859
3973
8472198
-2
-16
1
-1427
-867
3978
8473223
-9
-13
5
-1421
-889
3984
8474248
-6
-9
7
-1422
-890
3985
8475273
1
-7
10
-1425
-884
3944
8476298
4
-7
9
-1428
-863
3965
8477323
1
-5
8
-1420
-843
3992
8478348
-4
-6
7
-1420
-847
3971
8479373
-2
-10
5
-1424
-847
3955
8480398
-5
-10
0
-1431
-846
3969
8481423
-9
-8
-1
-1425
-852
3966
8482448
-9
-12
0
-1419
-873
3959
8475264
-7
-15
2
-1421
-880
3961
8476289
-5
-14
3
-1422
-865
3971
8477314
-11
-14
7
-1419
-884
3963
8478339
-1
-13
7
-1419
-865
3976
8479364
-2
-12
5
-1414
-854
3967
8480389
-6
-12
4
-1423
-848
3976
8481414
-8
-12
6
-1422
-846
3989
8482439
-15
-8
7
-1416
-859
3975
8483464
-19
-10
9
-1413
-884
3963
8484489
-10
-16
17
-1409
-901
3963
8485514
8
-15
21
-1427
-876
3970
8486539
-30
-11
28
-1440
-867
4047
8487564
-124
32
35
-1398
-875
4115
8488589
-183
81
52
-1464
-814
3896
8489614
-23
49
51
-1362
-880
3905
8490639
264
-30
62
-1319
-1014
4111
8483455
54
8
54
-1549
-777
4093
8484480
-144
30
109
-1477
-1038
3617
8485505
50
-17
44
-1483
-885
3617
8486530
133
-77
-12
-1430
-669
3909
8487555
-12
-98
-44
-1434
-688
4065
8488580
-156
-84
-63
-1344
-882
4134
8489605
-87
-24
-77
-1295
-896
4239
8490630
28
9
-76
-1371
-917
4062
8491655
74
-4
-53
-1502
-850
3797
8492680
6
-7
-28
-1468
-867
3874
8493705
-26
2
-20
-1363
-1023
4033
8494730
61
0
-23
-1377
-918
4006
8495755
81
4
-10
-1401
-863
3983
8496780
31
6
7
-1436
-877
3962
8497805
8
2
10
-1423
-847
3968
8498830
7
2
11
-1413
-864
3969
8491648
32
-1
8
-1409
-842
3969
8492673
24
-14
2
-1425
-816
3950
8493698
9
-15
-2
-1414
-820
3996
8494723
-7
-11
-3
-1402
-869
3993
8495748
6
-3
-5
-1390
-878
3999
8496773
8
1
-5
-1410
-867
3982
8497798
4
-1
0
-1418
-853
3970
8498823
-4
2
5
-1408
-872
3993
8499848
10
10
8
-1405
-878
3999
8500873
12
14
9
-1410
-871
3974
8501898
4
9
11
-1421
-859
3956
8502923
2
7
13
-1417
-834
3958
8503948
-7
6
11
-1415
-856
3974
8504973
-1
4
9
-1419
-845
3981
8505998
3
4
7
-1410
-845
3976
8507023
9
5
6
-1417
-855
3985
8499840
4
5
0
-1419
-845
3969
8500865
1
6
-1
-1423
-838
3966
8501890
-2
9
3
-1422
-859
3980
8502915
5
5
4
-1426
-864
3972
8503940
3
-2
1
-1424
-857
3952
8504965
-7
-2
3
-1420
-870
3961
8505990
5
-3
3
-1417
-858
3974
8507015
9
-2
1
-1412
-845
3983
8508040
1
4
0
-1415
-852
3997
8509065
0
8
0
-1421
-838
3978
8510090
3
9
-2
-1425
-848
3966
8511115
7
10
-1
-1436
-844
3971
8512140
-1
6
-5
-1432
-848
3952
8513165
-4
1
-4
-1423
-858
3954
8514190
5
-6
-3
-1432
-850
3942
8515215
4
-11
0
-1425
-858
3969
8508031
-6
-12
5
-1427
-862
3977
8509056
-5
-9
7
-1430
-867
3952
8510081
5
-8
8
-1420
-860
3980
8511106
5
-11
8
-1425
-844
3978
8512131
0
-7
9
-1419
-841
3975
8513156
-3
-3
7
-1421
-860
3978
8514181
9
-4
2
-1428
-834
3984
8515206
6
-1
-1
-1427
-849
3982
8516231
2
2
-1
-1426
-850
3976
8517256
1
4
-1
-1416
-834
3984
8518281
-4
3
-1
-1427
-859
3951
8519306
4
-4
0
-1427
-855
3958
8520331
-4
-4
3
-1420
-849
3976
8521356
-10
-3
5
-1430
-865
3960
8522381
1
-8
4
-1424
-859
3961
8523406
5
-12
5
-1428
-846
3975
8516224
-1
-11
8
-1422
-835
3993
8517249
-14
-5
10
-1420
-856
3975
8518274
3
-3
7
-1417
-847
3972
8519299
10
1
5
-1412
-841
3983
8520324
3
0
3
-1431
-834
3970
8521349
-6
3
2
-1425
-834
3972
8522374
-8
2
2
-1437
-836
3970
8523399
-2
2
1
-1430
-844
3967
8524424
1
0
4
-1429
-856
3942
8525449
-2
-6
5
-1427
-866
3952
8526474
-2
-13
5
-1428
-857
3975
8527499
-2
-12
7
-1419
-861
3986
8528524
0
-6
9
-1418
-853
3977
8529549
4
-5
7
-1423
-842
3968
8530574
-1
-6
5
-1430
-835
3975
8531599
1
1
2
-1419
-832
3995
8524416
6
5
-1
-1420
-834
3970
8525441
-6
4
0
-1424
-852
4004
8526466
-76
-1
3
-1508
-831
3978
8527491
-193
29
-45
-1374
-901
4049
8528516
-141
84
3
-1365
-948
4000
8529541
93
22
119
-1381
-1183
3848
8530566
340
-2
110
-1506
-846
4034
8531591
-11
54
113
-1543
-646
3983
8532616
-156
31
121
-1466
-844
3717
8533641
90
-43
26
-1430
-646
3749
8534666
104
-94
-46
-1417
-573
3949
8535691
-111
-118
-108
-1411
-748
4098
8536716
-224
-53
-146
-1293
-920
4388
8537741
-157
36
-80
-1359
-1156
4174
8538766
121
49
-18
-1587
-967
3666
8539791
191
20
-37
-1524
-747
3667
8532607
35
-25
-32
-1437
-903
3909
8533632
5
-58
-11
-1404
-911
4034
8534657
8
-49
3
-1384
-907
4051
8535682
19
-17
20
-1397
-957
4058
8536707
66
-9
17
-1424
-831
3990
8537732
28
-9
13
-1443
-768
3936
8538757
-3
-20
9
-1429
-812
3959
8539782
2
-16
7
-1406
-827
4014
8540807
-2
-9
4
-1401
-843
4005
8541832
5
-7
1
-1409
-843
3986
8542857
9
-17
-3
-1407
-850
3976
8543882
5
-14
2
-1430
-855
3987
8544907
5
-6
1
-1425
-843
3989
8545932
-5
7
4
-1409
-873
3985
8546957
3
-9
7
-1429
-852
3912
8547982
2
-17
5
-1409
-832
3988
8540800
-17
-14
11
-1411
-884
3996
8541825
0
-15
13
-1407
-854
3988
8542850
6
-9
16
-1408
-834
3980
8543875
-3
-17
13
-1444
-820
3923
8544900
-12
-9
8
-1399
-823
4039
8545925
-17
4
7
-1398
-860
4013
8546950
3
6
3
-1406
-825
3957
8547975
1
4
-1
-1411
-828
3970
8549000
-6
-7
2
-1427
-845
3941
8550025
-14
-21
2
-1418
-850
3945
8551050
-13
-19
5
-1402
-873
4015
8552075
-8
-15
9
-1404
-877
3984
8553100
5
-12
9
-1405
-849
3973
8554125
5
-12
7
-1403
-842
3990
8555150
-4
-13
10
-1407
-844
3986
8556175
-10
-10
9
-1405
-841
4002
8548992
-11
-9
8
-1407
-847
3968
8550017
-9
-12
9
-1405
-848
3964
8551042
-22
-10
17
-1403
-864
3997
8552067
-33
-7
27
-1404
-896
3977
8553092
-16
0
29
-1402
-913
3972
8554117
4
2
26
-1412
-858
3976
8555142
3
-3
26
-1419
-796
3972
8556167
-8
-6
25
-1410
-817
3978
8557192
-10
-10
19
-1410
-825
3973
8558217
-6
-11
6
-1408
-823
3986
8559242
-2
-11
-1
-1412
-836
3978
8560267
0
-12
-3
-1410
-842
3973
8561292
-8
-7
-4
-1397
-861
3982
8562317
0
-5
-5
-1392
-864
3993
8563342
7
-1
0
-1394
-878
3993
8564367
11
1
5
-1417
-874
3974
8557184
6
2
6
-1411
-850
3985
8558209
-6
3
7
-1409
-846
3988
8559234
-2
1
8
-1415
-835
3959
8560259
-1
-2
8
-1407
-837
3969
8561284
-8
-6
7
-1404
-853
3979
8562309
-7
-4
5
-1407
-855
3990
8563334
3
0
2
-1402
-861
3993
8564359
11
2
1
-1407
-847
3983
8565384
1
7
2
-1409
-847
3985
8566409
1
14
3
-1401
-850
3999
8567434
5
15
2
-1412
-846
3965
8568459
6
14
1
-1420
-835
3965
8569484
-4
12
-2
-1422
-842
3970
8570509
-6
8
-2
-1419
-843
3960
8571534
-1
3
-2
-1417
-856
3961
8572559
9
0
-2
-1407
-855
3978
8565376
11
-1
0
-1422
-852
3980
8566401
6
4
0
-1423
-859
3986
8567426
5
9
3
-1421
-854
3974
8568451
7
8
5
-1419
-852
3971
8569476
9
2
6
-1424
-849
3967
8570501
0
-8
4
-1431
-845
3954
8571526
-4
-11
3
-1419
-844
3984
8572551
-6
-5
5
-1417
-846
3993
8573576
-13
1
6
-1418
-872
3980
8574601
-6
3
11
-1420
-862
3970
8575626
-6
10
8
-1413
-855
3985
8576651
-12
16
14
-1424
-873
3986
8577676
-5
21
12
-1427
-793
3993
8578701
-20
25
3
-1425
-773
4000
8579726
-97
34
-2
-1447
-840
3992
8580751
-121
74
-15
-1470
-809
4035
8573567
-142
132
-6
-1463
-990
3951
8574592
67
112
42
-1162
-1036
4134
8575617
307
13
18
-1589
-836
4003
8576642
-101
39
55
-1614
-751
3645
8577667
-131
5
39
-1539
-914
3528
8578692
-32
-93
-21
-1430
-829
3780
8579717
-112
-117
-87
-1348
-679
4218
8580742
-240
-27
-68
-1215
-962
4694
8581767
-60
41
30
-1457
-1162
4024
8582792
220
39
24
-1691
-583
3441
8583817
87
2
-7
-1493
-779
3658
8584842
-3
-63
-38
-1427
-1052
3978
8585867
95
-78
-41
-1424
-812
4075
8586892
28
-39
-9
-1412
-904
4055
8587917
15
-19
2
-1427
-988
3983
8588942
63
-12
-8
-1441
-816
3951
8581887
8
1
-4
-1444
-862
3956
8582912
15
4
-1
-1423
-900
3995
8583937
41
1
3
-1426
-809
3997
8584962
5
3
5
-1438
-856
3966
8585987
12
2
2
-1427
-852
3974
8587012
16
-4
-2
-1428
-837
3963
8588037
9
-5
1
-1442
-870
3946
8589062
15
-9
2
-1448
-853
3971
8590087
7
-3
3
-1435
-859
3979
8591112
8
-1
6
-1434
-877
3948
8592137
25
-2
8
-1422
-860
3977
8593162
8
-9
9
-1437
-855
3965
8594187
0
-6
11
-1436
-847
3977
8595212
-2
-7
12
-1460
-846
3916
8596237
3
-9
8
-1431
-825
3986
8597262
-2
-3
6
-1426
-854
3997
8589952
4
-8
4
-1448
-839
3942
8590977
3
-7
2
-1426
-830
3975
8592002
0
-10
2
-1447
-847
3944
8593027
-2
-12
-2
-1443
-834
3953
8594052
-3
-10
-3
-1422
-859
3990
8595077
11
-7
0
-1432
-857
3982
8596102
15
-8
4
-1422
-843
3995
8597127
6
-6
8
-1426
-858
3987
8598152
2
-2
9
-1428
-862
3971
8599177
9
7
10
-1428
-849
3982
8600202
21
9
10
-1437
-829
3973
8601227
1
7
9
-1445
-807
3955
8602252
-20
-1
9
-1448
-829
3937
8603277
-16
-10
9
-1442
-840
3944
8604302
-4
-21
5
-1441
-848
3950
8605327
-5
-26
4
-1440
-849
3960
8598144
-15
-26
8
-1431
-862
3972
8599169
-4
-22
9
-1424
-860
3986
8600194
3
-18
11
-1412
-872
4000
8601219
-1
-9
14
-1424
-849
3993
8602244
-7
-1
14
-1425
-835
3988
8603269
-7
-1
13
-1434
-835
3952
8604294
-2
-7
7
-1436
-820
3948
8605319
-4
-14
1
-1429
-815
3948
8606344
-8
-19
-2
-1426
-830
3951
8607369
-5
-24
-2
-1419
-841
3974
8608394
-9
-29
0
-1424
-866
3981
8609419
-8
-25
1
-1409
-868
3997
8610444
-6
-18
4
-1410
-875
4013
8611469
-5
-7
10
-1409
-868
4009
8612494
-3
2
13
-1408
-855
3979
8613519
-5
7
16
-1417
-848
3970
8606336
-3
10
14
-1427
-840
3985
8607361
-3
6
13
-1428
-828
3973
8608386
-10
1
11
-1431
-832
3953
8609411
-12
-5
8
-1432
-841
3946
8610436
-8
-13
4
-1431
-853
3947
8611461
-8
-19
3
-1423
-845
3966
8612486
-13
-20
5
-1419
-853
3973
8613511
-12
-22
6
-1417
-863
3968
8614536
1
-13
6
-1417
-850
4015
8615561
-4
-3
5
-1417
-850
4004
8616586
-9
1
7
-1419
-847
3963
8617611
-8
0
6
-1426
-844
3956
8618636
-3
-6
2
-1420
-852
3983
8619661
1
-7
0
-1415
-848
3977
8620686
1
-5
3
-1411
-862
3974
8621711
-6
-7
3
-1419
-861
3968
8614528
-10
-10
2
-1419
-849
3967
8615553
-9
-11
3
-1422
-839
3963
8616578
-9
-11
6
-1418
-838
3975
8617603
-14
-14
7
-1414
-857
3968
8618628
-12
-17
5
-1411
-862
3958
8619653
-3
-15
3
-1411
-868
3994
8620678
10
-13
4
-1415
-869
3991
8621703
9
-9
5
-1414
-857
3992
8622728
0
-1
5
-1402
-845
4007
8623753
-1
8
4
-1407
-848
3996
8624778
4
11
4
-1418
-844
3967
8625803
4
11
3
-1420
-834
3946
8626828
-1
6
1
-1427
-856
3961
8627853
-1
0
1
-1430
-867
3976
8628878
-14
-7
2
-1442
-865
3956
8629903
-28
-13
2
-1435
-854
4015
8622719
-42
26
12
-1399
-860
4164
8623744
-90
84
42
-1449
-933
3910
8624769
35
63
35
-1336
-888
3919
8625794
268
-12
71
-1359
-876
4218
8626819
-60
29
113
-1555
-755
4060
8627844
-150
59
154
-1431
-1057
3739
8628869
52
19
97
-1464
-952
3581
8629894
116
-35
23
-1509
-577
3776
8630919
-81
-74
-40
-1477
-566
3897
8631944
-210
-102
-100
-1420
-721
3997
8632969
-112
-38
-106
-1261
-853
4500
8633994
-19
44
-86
-1271
-1084
4281
8635019
148
51
-80
-1582
-909
3649
8636044
171
33
-55
-1533
-697
3816
8637069
-21
16
-28
-1422
-933
3997
8638094
-9
-3
-38
-1411
-1014
3965
8630912
83
1
-12
-1413
-933
3955
8631937
86
5
12
-1440
-856
3963
8632962
48
-14
13
-1464
-837
3889
8633987
22
-37
11
-1461
-796
3921
8635012
2
-28
17
-1425
-828
4034
8636037
11
-24
11
-1418
-831
4024
8637062
30
-9
6
-1391
-809
4049
8638087
17
-1
7
-1414
-822
3986
8639112
9
-2
-1
-1438
-799
3959
8640137
3
-10
-8
-1436
-835
3945
8641162
7
-8
-5
-1433
-856
3995
8642187
11
3
1
-1413
-850
4019
8643212
7
9
4
-1405
-867
4000
8644237
7
9
8
-1428
-855
3956
8645262
13
10
15
-1426
-833
3976
8646287
14
13
25
-1438
-829
3981
8639104
-2
5
30
-1452
-841
3933
8640129
1
-6
25
-1455
-817
3910
8641154
14
-19
16
-1462
-804
3907
8642179
28
-39
9
-1454
-779
3918
8643204
22
-58
3
-1433
-775
3948
8644229
-13
-67
-7
-1418
-786
3960
8645254
-31
-67
-16
-1411
-817
3994
8646279
-22
-62
-23
-1402
-812
4017
8647304
-18
-52
-25
-1395
-823
4006
8648329
-9
-38
-23
-1379
-866
4024
8649354
7
-27
-21
-1366
-852
4049
8650379
10
-15
-17
-1366
-826
4043
8651404
1
-2
-12
-1400
-843
4019
8652429
11
15
-8
-1388
-837
4027
8653454
17
30
-3
-1368
-829
4041
8654479
8
40
-2
-1378
-825
4035
8647296
3
47
-6
-1398
-819
4018
8648321
-2
57
-6
-1423
-806
3980
8649346
-1
58
-8
-1437
-804
3940
8650371
-4
52
-14
-1440
-814
3939
8651396
5
39
-18
-1435
-808
3930
8652421
8
28
-17
-1432
-826
3946
8653446
9
15
-12
-1432
-849
3950
8654471
15
4
-4
-1423
-860
3960
8655496
4
5
4
-1428
-877
3978
8656521
9
15
6
-1427
-884
4005
8657546
30
24
7
-1432
-846
3995
8658571
21
34
8
-1437
-810
3977
8659596
16
44
9
-1441
-814
3976
8660621
45
45
2
-1451
-798
3973
8661646
39
36
1
-1459
-755
3951
8662671
7
28
5
-1459
-789
3940
8655489
-8
12
7
-1471
-820
3932
8656514
3
-6
9
-1462
-827
3925
8657539
3
-17
13
-1465
-826
3935
8658564
-3
-21
17
-1456
-831
3952
8659589
10
-25
22
-1455
-854
3969
8660614
36
-27
30
-1437
-824
3965
8661639
3
-28
26
-1453
-788
3960
8662664
-30
-26
25
-1458
-782
3967
8663689
-31
-32
23
-1456
-802
3952
8664714
8
-42
24
-1448
-795
3940
8665739
14
-50
17
-1452
-793
3939
8666764
-17
-59
2
-1452
-785
3951
8667789
-26
-58
-7
-1432
-786
3989
8668814
-12
-56
-11
-1418
-800
3998
8669839
2
-54
-16
-1413
-789
4003
8670864
-8
-50
-21
-1404
-793
4005
8663680
-22
-46
-21
-1403
-822
4002
8664705
-16
-39
-20
-1391
-847
4020
8665730
7
-26
-17
-1390
-853
4040
8666755
23
-12
-15
-1391
-847
4034
8667780
11
8
-10
-1386
-838
4046
8668805
4
26
-5
-1384
-830
4046
8669830
18
39
0
-1398
-827
4028
8670855
26
44
4
-1406
-817
3996
8671880
16
50
5
-1422
-807
3982
8672905
8
49
5
-1437
-802
3970
8673930
7
43
4
-1438
-804
3940
8674955
4
35
5
-1434
-802
3945
8675980
8
26
6
-1429
-823
3973
8677005
17
17
8
-1432
-823
3980
8678030
10
13
11
-1441
-817
3982
8679055
1
16
13
-1442
-803
3976
8671872
2
24
13
-1449
-795
3976
8672897
10
26
12
-1449
-795
3980
8673922
15
22
8
-1449
-788
3964
8674947
5
14
4
-1453
-775
3941
8675972
-5
10
3
-1452
-791
3942
8676997
2
3
-1
-1450
-805
3965
8678022
10
-1
-5
-1455
-792
3965
8679047
-3
-1
-2
-1454
-802
3961
8680072
-4
-1
-2
-1444
-816
3979
8681097
7
0
-2
-1445
-804
3989
8682122
0
0
-1
-1457
-797
3979
8683147
-13
-2
3
-1464
-806
3948
8684172
-11
-6
4
-1450
-813
3969
8685197
-2
-8
5
-1451
-798
3981
8686222
-1
-12
5
-1449
-795
3959
8687247
-1
-13
8
-1446
-804
3969
8680064
-4
-14
10
-1451
-811
3979
8681089
-6
-15
10
-1443
-804
3981
8682114
-7
-11
9
-1434
-805
3983
8683139
-4
-7
9
-1442
-804
3984
8684164
0
-7
7
-1442
-794
3981
8685189
-2
-4
7
-1441
-805
3986
8686214
-2
0
6
-1445
-799
3974
8687239
-6
4
4
-1441
-797
3976
8688264
-3
5
4
-1453
-814
3981
8689289
6
2
2
-1459
-800
3967
8690314
3
2
1
-1452
-805
3955
8691339
-3
3
1
-1453
-813
3965
8692364
4
-4
0
-1450
-810
3970
8693389
7
-8
0
-1448
-798
3964
8694414
0
-6
2
-1447
-803
3965
8695439
-1
-5
3
-1450
-806
3974
8688256
-3
-7
3
-1453
-799
3965
8689281
-2
-8
3
-1440
-799
3968
8690306
5
-7
3
-1437
-806
3997
8691331
7
-8
3
-1447
-798
3966
8692356
-2
-6
2
-1447
-797
3973
8693381
-7
-2
4
-1444
-794
3987
8694406
-2
-1
4
-1446
-799
3972
8695431
1
1
6
-1440
-808
3971
8696456
2
0
5
-1448
-800
3984
8697481
-4
1
5
-1445
-810
3963
8698506
-3
-1
8
-1444
-822
3965
8699531
4
0
9
-1445
-815
3999
8700556
0
3
10
-1453
-810
3982
8701581
-3
7
12
-1455
-804
3966
8702606
3
8
10
-1458
-787
3955
8703631
0
3
5
-1459
-782
3958
8696448
-1
-2
2
-1458
-778
3965
8697473
-3
-9
1
-1457
-787
3960
8698498
-3
-14
3
-1452
-799
3978
8699523
-7
-16
4
-1447
-822
3976
8700548
-6
-11
6
-1442
-825
3986
8701573
-2
-6
8
-1448
-825
3976
8702598
1
-5
9
-1452
-809
3970
8703623
0
-4
10
-1452
-793
3977
8704648
-4
-6
9
-1447
-794
3973
8705673
-3
-8
9
-1454
-791
3973
8706698
0
-9
5
-1454
-799
3954
8707723
6
-12
2
-1453
-788
3974
8708748
-5
-15
2
-1457
-798
3965
8709773
-14
-18
6
-1449
-815
3954
8710798
-13
-21
10
-1442
-822
3962
8711823
-14
-27
14
-1447
-823
3948
8704640
-20
-35
15
-1453
-812
3941
8705665
-19
-43
12
-1456
-787
3939
8706690
-6
-45
4
-1444
-781
3976
8707715
4
-43
-8
-1418
-757
4012
8708740
-5
-37
-12
-1403
-759
4035
8709765
-15
-22
-8
-1396
-803
4063
8710790
-12
-7
-4
-1399
-827
4029
8711815
-7
9
3
-1410
-846
4008
8712840
4
23
10
-1419
-855
3993
8713865
9
28
15
-1428
-841
3967
8714890
7
28
16
-1427
-809
3974
8715915
0
23
17
-1441
-788
3948
8716940
5
20
15
-1445
-770
3976
8717965
6
15
10
-1446
-768
3963
8718990
4
9
9
-1443
-793
3958
8720015
6
4
5
-1435
-812
3984
8712831
7
5
3
-1437
-816
3982
8713856
10
11
2
-1448
-820
3985
8714881
16
17
1
-1445
-807
3989
8715906
14
21
1
-1446
-795
3992
8716931
11
23
2
-1452
-787
3974
8717956
5
21
1
-1456
-785
3965
8718981
6
19
0
-1458
-788
3962
8720006
5
14
-1
-1462
-798
3955
8721031
6
10
-1
-1460
-800
3957
8722056
6
6
0
-1456
-812
3966
8723081
8
4
1
-1456
-804
3966
8724106
10
2
3
-1458
-799
3966
8725131
9
4
3
-1459
-795
3970
8726156
7
5
5
-1465
-789
3972
8727181
0
5
7
-1456
-795
3968
8728206
3
6
5
-1463
-791
3968
8721040
6
4
4
-1470
-790
3961
8722065
4
6
2
-1465
-784
3967
8723090
0
6
2
-1465
-788
3961
8724115
2
3
3
-1465
-798
3960
8725140
7
-3
3
-1476
-791
3965
8726165
-1
-7
4
-1476
-788
3954
8727190
-8
-9
5
-1468
-800
3958
8728215
0
-10
5
-1469
-798
3965
8729240
4
-15
3
-1463
-791
3966
8730265
-3
-14
5
-1460
-793
3971
8731290
-3
-14
5
-1460
-782
3972
8732315
-1
-14
1
-1459
-791
3971
8733340
5
-14
0
-1457
-790
3970
8734365
6
-11
-1
-1449
-797
3995
8735390
10
-5
-1
-1450
-804
3997
8736415
2
-2
1
-1460
-786
3972
8729216
-10
-2
0
-1472
-764
3948
8730241
-14
-5
1
-1469
-804
3948
8731266
-2
-17
1
-1464
-802
3942
8732291
-2
-22
-1
-1455
-790
3959
8733316
-7
-24
2
-1450
-812
3975
8734341
0
-27
6
-1447
-799
3978
8735366
1
-24
7
-1439
-786
4003
8736391
-9
-16
8
-1440
-793
3990
8737416
-4
-6
6
-1441
-789
4001
8738441
4
0
6
-1442
-780
3994
8739466
-1
3
4
-1446
-776
3975
8740491
-6
5
1
-1452
-793
3973
8741516
0
1
-1
-1457
-790
3955
8742541
4
-4
-2
-1458
-787
3960
8743566
-4
-6
1
-1454
-800
3955
8744591
-6
-11
2
-1449
-811
3963
8737407
0
-15
4
-1450
-807
3985
8738432
3
-13
7
-1444
-801
3988
8739457
-1
-8
10
-1436
-809
3985
8740482
-1
-4
12
-1440
-793
3985
8741507
1
-2
9
-1449
-778
3982
8742532
-1
2
6
-1447
-770
3982
8743557
-5
3
5
-1449
-778
3973
8744582
1
0
1
-1453
-775
3973
8745607
0
-2
0
-1454
-784
3967
8746632
-5
-2
1
-1452
-803
3963
8747657
-4
-8
2
-1448
-798
3965
8748682
-5
-9
6
-1444
-806
3986
8749707
-2
-9
8
-1451
-809
3972
8750732
3
-9
8
-1445
-795
3969
8751757
1
-4
9
-1439
-784
3989
8752782
0
-2
8
-1446
-780
3986
8745601
-4
1
8
-1451
-775
3983
8746626
-7
0
6
-1456
-780
3959
8747651
-2
-4
3
-1451
-790
3962
8748676
6
-7
0
-1450
-786
3975
8749701
5
-8
-1
-1457
-785
3976
8750726
-6
-5
-1
-1449
-785
3978
8751751
-9
-7
-1
-1453
-779
3968
8752776
-3
-9
3
-1447
-790
3973
8753801
-3
-13
5
-1449
-792
3963
8754826
-10
-15
3
-1447
-802
3965
8755851
-8
-14
3
-1441
-810
3984
8756876
-1
-13
6
-1438
-805
3988
8757901
-1
-13
8
-1440
-797
3980
8758926
-3
-10
10
-1438
-788
3994
8759951
-3
-4
10
-1439
-787
3989
8760976
