Device = VHR-0009
time_stamp = 1779782111597
sample_rate = 50
Data format = INT16
TYPE = 6-AXIS IMU RAW DATA
126
-65
-42
2001
726
3604
83072
96
-78
-26
2030
792
3594
84097
49
-82
19
2020
864
3488
85122
-34
-54
69
1958
792
3450
86147
-44
-39
85
2034
647
3494
87172
67
-27
102
2064
561
3559
88197
155
-21
110
2013
585
3549
89222
153
-31
96
2053
631
3513
90247
102
-38
75
2074
598
3570
91272
60
-44
69
2049
538
3600
92297
43
-55
62
2021
547
3579
93322
50
-77
42
2054
583
3565
94347
32
-83
25
2069
600
3533
95372
22
-88
15
2060
621
3520
96397
31
-96
3
2098
615
3512
97422
48
-92
2
2096
638
3489
98447
62
-87
1
2068
675
3504
91264
49
-91
2
2101
674
3467
92289
34
-86
11
2111
697
3428
93314
-3
-73
16
2130
694
3420
94339
-22
-69
10
2144
633
3443
95364
4
-66
5
2157
599
3415
96389
29
-56
0
2147
648
3399
97414
3
-45
-17
2150
673
3422
98439
-10
-39
-22
2129
652
3446
99464
3
-39
-23
2143
655
3442
100489
22
-37
-24
2156
656
3447
101514
34
-35
-25
2140
694
3471
102539
38
-40
-18
2122
720
3473
103564
31
-43
-5
2124
734
3464
104589
10
-42
6
2131
725
3475
105614
7
-41
18
2119
682
3478
106639
37
-42
33
2113
665
3469
99456
59
-48
41
2161
707
3432
100481
28
-42
40
2180
695
3403
101506
8
-34
37
2163
670
3391
102531
11
-25
40
2167
701
3348
103556
8
-11
41
2203
702
3343
104581
-2
10
37
2191
654
3341
105606
11
28
32
2165
643
3348
106631
27
38
21
2169
648
3383
107656
20
47
7
2175
634
3436
108681
5
51
-2
2148
631
3461
109706
-7
43
-12
2143
643
3466
110731
-21
39
-24
2134
635
3490
111756
-29
31
-34
2129
646
3493
112781
-26
26
-38
2112
677
3495
113806
-25
14
-37
2137
678
3491
114831
-21
7
-35
2133
692
3487
107648
-15
1
-32
2118
713
3483
108673
-12
-1
-25
2106
724
3476
109698
-13
-8
-16
2140
734
3471
110723
-15
-12
-9
2134
715
3485
111748
-11
-15
-4
2119
701
3474
112773
3
-19
2
2118
700
3466
113798
-2
-22
4
2137
704
3463
114823
-13
-25
6
2150
680
3447
115848
-15
-24
6
2147
659
3429
116873
-8
-19
0
2157
653
3418
117898
-9
-15
-5
2153
662
3399
118923
-12
-5
-10
2137
662
3412
119948
-1
2
-12
2146
659
3431
120973
19
8
-9
2150
679
3430
121998
16
10
-7
2149
704
3423
123023
-4
12
-11
2153
675
3416
115840
-18
18
-22
2139
641
3445
116865
-6
21
-28
2122
639
3445
117890
11
23
-31
2120
685
3456
118915
13
22
-27
2121
721
3467
119940
-3
21
-23
2131
749
3465
120965
-19
17
-20
2129
737
3474
121990
-8
11
-13
2118
731
3482
123015
9
4
-4
2117
745
3484
124040
-3
-2
5
2121
757
3468
125065
-26
-3
11
2107
691
3476
126090
-15
-9
8
2110
649
3508
127115
14
-16
7
2119
673
3491
128140
14
-23
4
2129
710
3460
129165
-18
-26
1
2124
705
3467
130190
-31
-29
-1
2121
669
3481
131215
-7
-31
2
2129
675
3453
124032
10
-28
4
2132
701
3438
125057
-2
-23
6
2142
704
3428
126082
-8
-17
10
2126
682
3434
127107
9
-16
10
2139
677
3441
128132
13
-13
7
2153
695
3431
129157
-4
-9
5
2131
695
3435
130182
-8
-12
2
2144
681
3450
131207
3
-12
1
2148
681
3439
132232
8
-9
-2
2143
707
3421
133257
-3
-5
-2
2132
710
3441
134282
0
-4
1
2128
705
3472
135307
4
-7
8
2148
724
3439
136332
-6
-4
12
2138
734
3425
137357
-13
-4
13
2141
706
3445
138382
-1
-4
17
2136
681
3451
139407
16
-3
19
2139
692
3434
132224
5
-1
12
2149
679
3452
133249
-5
-2
9
2144
653
3461
134274
12
-5
6
2133
655
3462
135299
15
-5
0
2134
690
3460
136324
-1
-7
-5
2141
690
3450
137349
-6
-7
-6
2136
669
3457
138374
8
-8
-7
2137
706
3451
139399
13
-9
-6
2146
727
3436
140424
-2
-8
-7
2148
726
3449
141449
-10
-10
-3
2146
707
3430
142474
0
-11
-1
2144
710
3437
143499
5
-9
3
2139
719
3429
144524
3
-6
4
2127
704
3444
145549
7
-6
6
2143
705
3441
146574
4
-3
6
2136
704
3444
147599
-3
-3
2
2145
683
3442
140614
-4
-1
1
2145
684
3429
141639
-3
1
-2
2142
683
3421
142664
-8
4
-8
2143
673
3432
143689
-8
7
-13
2150
660
3437
144714
5
10
-19
2137
664
3433
145739
16
10
-24
2149
707
3438
146764
5
11
-24
2140
737
3440
147789
-5
15
-20
2132
723
3444
148814
7
13
-17
2144
731
3455
149839
11
10
-13
2139
759
3452
150864
-4
8
-8
2122
740
3451
151889
-11
6
-7
2126
703
3457
152914
1
4
-9
2123
695
3470
153939
12
-1
-5
2112
724
3491
154964
7
-6
-2
2124
734
3482
155989
0
-12
2
2129
740
3461
148608
-6
-15
4
2118
738
3462
149633
-6
-19
6
2127
722
3463
150658
2
-22
10
2135
708
3452
151683
6
-19
12
2131
724
3430
152708
-1
-16
13
2142
713
3431
153733
-4
-12
9
2135
676
3428
154758
14
-9
5
2140
704
3426
155783
11
-5
6
2140
730
3415
156808
-9
0
2
2137
716
3438
157833
-9
-3
-1
2140
695
3464
158858
4
-6
0
2136
709
3455
159883
11
-9
0
2144
738
3430
160908
-3
-10
1
2142
740
3444
161933
-15
-11
1
2131
705
3459
162958
-1
-13
3
2129
699
3456
163983
10
-15
3
2131
718
3443
156800
6
-15
2
2142
725
3429
157825
-8
-12
1
2141
710
3438
158850
-9
-12
-1
2146
702
3436
159875
0
-11
-1
2140
710
3429
160900
5
-10
-1
2147
715
3426
161925
3
-6
0
2139
716
3424
162950
2
-6
0
2148
728
3425
163975
-5
-5
-2
2149
725
3427
165000
-14
-3
-7
2136
710
3440
166025
-1
-5
-7
2148
717
3430
167050
2
0
-3
2131
724
3425
168075
-1
3
-2
2132
721
3437
169100
1
2
-6
2149
713
3438
170125
0
5
-6
2134
718
3424
171150
2
3
-9
2135
736
3446
172175
-7
2
-11
2127
733
3471
164993
1
-5
-7
2124
744
3474
166018
6
-9
3
2135
766
3469
167043
5
-14
11
2134
764
3457
168068
-4
-18
14
2134
749
3456
169093
-5
-21
19
2126
731
3446
170118
4
-23
24
2127
721
3429
171143
6
-19
23
2142
712
3433
172168
4
-16
19
2145
693
3420
173193
6
-14
14
2149
676
3407
174218
11
-10
4
2153
696
3420
175243
5
-9
-3
2159
717
3417
176268
-11
-4
-6
2142
714
3422
177293
-4
-3
-8
2140
712
3437
178318
14
-3
-3
2145
743
3423
179343
6
0
-2
2153
778
3431
180368
-12
-1
1
2147
752
3434
173183
-9
-5
6
2138
719
3450
174208
6
-6
10
2143
740
3438
175233
3
-6
11
2133
731
3440
176258
-3
-8
10
2145
714
3444
177283
-3
-9
10
2149
703
3431
178308
-5
-10
5
2154
711
3434
179333
-6
-11
-1
2156
720
3428
180358
-4
-10
-2
2150
730
3427
181383
-2
-9
1
2153
752
3414
182408
-5
-6
4
2153
749
3406
183433
-5
-1
8
2136
729
3426
184458
4
-2
11
2144
726
3441
185483
10
-4
13
2157
728
3434
186508
-2
-3
12
2145
733
3427
187533
-16
-4
7
2145
695
3432
188558
-9
0
4
2137
672
3429
181376
11
1
2
2148
708
3427
182401
9
1
-1
2152
720
3421
183426
-6
0
-7
2158
721
3421
184451
-12
4
-9
2137
727
3434
185476
-4
2
-8
2136
743
3454
186501
5
-1
-1
2146
762
3445
187526
-5
1
9
2142
752
3448
188551
-11
-4
11
2151
723
3444
189576
-4
-6
10
2144
718
3441
190601
4
-10
9
2145
733
3447
191626
-1
-10
9
2143
725
3430
192651
-4
-11
9
2145
713
3416
193676
-1
-10
7
2149
700
3415
194701
-3
-7
5
2151
698
3416
195726
0
-3
0
2154
716
3418
196751
-3
1
0
2147
726
3418
189568
-2
2
-2
2151
711
3446
190593
12
2
2
2148
740
3426
191618
7
3
4
2144
762
3437
192643
-16
-2
3
2147
738
3445
193668
-15
-4
4
2126
711
3450
194693
4
-7
6
2142
717
3446
195718
6
-9
8
2149
739
3430
196743
-9
-10
7
2147
720
3435
197768
-10
-12
2
2144
694
3456
198793
0
-13
0
2140
713
3453
199818
2
-15
2
2148
751
3421
200843
-15
-16
3
2155
751
3419
201868
-18
-12
4
2143
716
3426
202893
11
-12
9
2138
721
3436
203918
17
-12
14
2164
735
3432
204943
0
-11
15
2157
706
3436
197759
-2
-14
11
2148
697
3439
198784
4
-16
7
2153
698
3437
199809
-4
-13
2
2148
704
3423
200834
0
-14
0
2157
709
3412
201859
2
-13
-2
2164
727
3398
202884
-2
-9
-4
2158
739
3409
203909
-5
-5
-2
2153
720
3412
204934
4
-3
1
2150
726
3426
205959
4
-5
4
2164
746
3435
206984
-6
-5
8
2164
732
3420
208009
-4
-7
6
2160
718
3409
209034
-3
-7
2
2149
717
3435
210059
-2
-7
4
2146
712
3431
211084
5
-9
6
2161
715
3417
212109
2
-7
5
2157
709
3410
213134
-2
-5
0
2155
711
3430
205952
6
-5
-2
2154
716
3435
206977
9
-6
-1
2161
743
3411
208002
-6
-3
-1
2162
742
3405
209027
-8
-3
0
2159
714
3429
210052
7
-5
0
2160
721
3432
211077
11
-5
1
2160
747
3409
212102
-7
-5
-1
2165
740
3416
213127
-14
-4
2
2151
719
3417
214152
-2
-2
3
2157
708
3411
215177
8
2
0
2154
723
3418
216202
7
3
-1
2156
730
3418
217227
3
4
0
2154
724
3425
218252
-2
3
0
2152
730
3443
219277
-4
1
-4
2153
728
3439
220302
-7
-4
-1
2152
733
3420
221327
-4
-6
2
2160
741
3420
214144
-3
-4
3
2152
744
3423
215169
-3
-3
3
2148
722
3423
216194
6
-3
6
2163
737
3416
217219
2
-2
5
2154
733
3411
218244
-6
1
5
2145
712
3429
219269
2
-1
4
2150
717
3434
220294
7
-3
6
2150
722
3418
221319
0
-6
2
2160
738
3415
222344
-10
-3
-2
2148
727
3424
223369
-5
-5
-2
2143
735
3433
224394
0
-7
1
2158
756
3426
225419
-3
-6
7
2160
743
3421
226444
-6
-5
5
2158
730
3420
227469
-2
-5
4
2155
725
3432
228494
1
-6
6
2141
723
3419
229519
0
-5
5
2159
727
3414
222336
1
-3
3
2154
718
3428
223361
8
-3
2
2148
723
3420
224386
5
-3
1
2150
737
3421
225411
-2
-5
-2
2152
738
3437
226436
-5
-6
0
2156
718
3427
227461
3
-5
1
2145
739
3411
228486
3
-6
-1
2153
750
3408
229511
-8
-4
-5
2168
734
3416
230536
-8
-3
-1
2160
729
3416
231561
-1
0
2
2155
742
3422
232586
1
1
3
2157
740
3422
233611
0
1
2
2149
729
3428
234636
6
0
2
2152
725
3428
235661
3
-2
1
2157
731
3429
236686
-11
-5
-1
2156
726
3425
237711
-12
-7
-4
2157
716
3430
230528
-7
-8
-7
2162
746
3403
231553
-14
-6
-7
2150
745
3405
232578
-18
-1
-5
2151
722
3421
233603
3
2
0
2141
727
3448
234628
18
-1
8
2147
751
3439
235653
5
-2
9
2164
752
3432
236678
-11
-5
6
2156
713
3444
237703
0
-8
5
2139
706
3452
238728
16
-13
3
2165
742
3420
239753
-2
-11
3
2157
744
3410
240778
-11
-10
0
2154
716
3419
241803
-1
-7
1
2152
727
3417
242828
7
-8
1
2148
751
3412
243853
-4
-7
2
2163
748
3419
244878
-11
-5
5
2163
726
3423
245903
-1
-4
6
2155
724
3420
238720
0
-5
4
2160
741
3426
239745
-13
-6
1
2153
721
3426
240770
-5
-8
0
2160
717
3434
241795
2
-9
0
2162
744
3412
242820
-6
-7
1
2153
738
3396
243845
-15
-4
1
2153
733
3408
244870
-3
-4
0
2162
729
3421
245895
3
-1
4
2163
724
3404
246920
5
2
4
2152
743
3408
247945
-5
0
0
2161
731
3410
248970
-9
2
-3
2156
721
3420
249995
2
1
-3
2156
738
3428
251020
6
2
1
2154
740
3423
252045
4
3
3
2142
747
3418
253070
-2
6
6
2148
744
3415
254095
-9
8
7
2155
738
3427
246912
-9
8
10
2155
745
3416
247937
-7
9
10
2157
743
3406
248962
-4
8
5
2167
734
3408
249987
-13
10
1
2155
735
3418
251012
-20
12
1
2134
714
3436
252037
-5
9
2
2141
706
3447
253062
11
11
8
2139
731
3436
254087
7
7
5
2152
749
3449
255112
-11
4
3
2145
729
3454
256137
-7
-2
6
2123
717
3455
257162
3
-5
7
2141
737
3451
258187
-8
-10
5
2157
745
3446
259212
-28
-12
6
2140
729
3441
260237
-21
-16
2
2146
734
3429
261262
-18
-16
1
2147
724
3430
262287
-13
-16
5
2135
728
3448
255104
-7
-21
7
2156
746
3434
256129
-14
-19
9
2158
724
3439
257154
-6
-21
5
2155
706
3432
258179
1
-26
2
2154
716
3425
259204
-9
-26
-2
2153
719
3427
260229
-12
-24
-4
2151
716
3431
261254
-4
-22
-2
2157
724
3421
262279
1
-21
2
2169
741
3397
263304
-7
-21
-1
2174
742
3396
264329
-12
-16
-1
2166
730
3398
265354
-2
-13
-2
2165
727
3406
266379
5
-11
0
2172
738
3400
267404
2
-5
3
2168
757
3386
268429
-2
-1
6
2158
742
3395
269454
-2
1
5
2169
716
3414
270479
12
5
6
2152
724
3419
263296
14
4
6
2158
716
3421
264321
13
4
6
2160
710
3430
265346
9
2
2
2154
724
3440
266371
4
-4
0
2152
725
3450
267396
-1
-7
0
2149
731
3450
268421
-3
-11
0
2151
741
3439
269446
-7
-15
0
2156
738
3424
270471
-10
-18
1
2160
731
3421
271496
-3
-17
3
2165
734
3415
272521
6
-14
3
2164
738
3403
273546
7
-13
5
2163
743
3406
274571
5
-10
10
2155
728
3407
275596
12
-10
10
2185
740
3400
276621
4
-8
8
2179
737
3390
277646
-4
-4
3
2156
717
3401
278671
5
-3
1
2167
715
3411
271488
13
-1
3
2153
732
3413
272513
10
-1
2
2163
750
3416
273538
-2
-1
4
2169
741
3426
274563
-2
-3
3
2170
734
3419
275588
6
-5
2
2167
759
3418
276613
-4
-6
3
2165
751
3421
277638
-4
-5
7
2156
718
3424
278663
12
-6
8
2157
726
3417
279688
13
-7
6
2170
733
3410
280713
3
-6
4
2164
725
3416
281738
-1
-7
1
2158
724
3406
282763
-1
-5
-1
2164
736
3406
283788
2
-5
0
2167
747
3408
284813
3
-5
2
2170
761
3411
285838
-2
-4
3
2175
755
3412
286863
-5
-4
3
2166
736
3412
279770
1
-3
5
2165
738
3410
280795
2
-3
6
2171
734
3407
281820
-2
0
5
2166
727
3413
282845
2
-1
4
2161
721
3425
283870
5
-3
3
2162
722
3427
284895
1
-4
3
2156
750
3418
285920
-7
-7
0
2164
739
3421
286945
-1
-8
0
2159
740
3429
287970
4
-11
3
2168
762
3414
288995
-2
-10
6
2170
756
3407
290020
-5
-8
7
2167
736
3409
291045
1
-7
8
2165
732
3400
292070
8
-8
8
2169
731
3396
293095
4
-6
7
2165
732
3403
294120
-3
0
6
2155
720
3409
295145
3
-2
3
2167
721
3408
287872
5
0
0
2169
733
3409
288897
1
-1
-3
2164
753
3404
289922
-9
-1
-3
2161
743
3421
290947
-4
-2
0
2159
743
3432
291972
3
-7
3
2164
752
3421
292997
-2
-8
7
2166
752
3398
294022
-8
-7
6
2165
733
3410
295047
-5
-8
5
2165
717
3406
296072
4
-9
5
2167
723
3405
297097
5
-7
5
2168
743
3401
298122
2
-6
3
2166
739
3410
299147
-3
-6
0
2180
733
3402
300172
0
-4
-2
2161
734
3422
301197
13
-8
-3
2173
756
3420
302222
10
-7
3
2166
773
3419
303247
3
-10
5
2162
775
3425
296065
-1
-15
9
2169
765
3425
297090
-2
-17
14
2165
750
3419
298115
4
-19
19
2166
757
3400
299140
-1
-19
18
2181
740
3383
300165
-8
-14
16
2180
711
3371
301190
-4
-8
9
2179
715
3365
302215
-2
0
5
2182
734
3373
303240
-10
6
5
2182
741
3379
304265
-11
12
6
2181
745
3375
305290
-12
20
4
2176
748
3384
306315
-12
23
1
2170
735
3404
307340
-4
23
0
2167
723
3425
308365
-2
20
-3
2158
731
3448
309390
-15
13
-7
2154
724
3456
310415
-19
5
-10
2159
717
3450
311440
-12
-2
-13
2156
744
3445
304257
-10
-9
-11
2162
766
3426
305282
-12
-11
-7
2163
758
3416
306307
-4
-9
-1
2168
759
3403
307332
9
-9
4
2173
766
3398
308357
5
-5
8
2179
772
3377
309382
-5
1
11
2174
774
3367
310407
-15
10
14
2172
774
3376
311432
-8
17
21
2159
756
3385
312457
6
22
26
2175
735
3391
313482
11
28
27
2163
729
3417
314507
3
24
20
2155
685
3460
315532
9
16
11
2151
656
3479
316557
21
5
-1
2133
669
3491
317582
13
-10
-18
2147
685
3487
318607
1
-21
-25
2144
709
3471
319632
-12
-30
-30
2156
748
3437
312449
-19
-31
-31
2163
764
3416
313474
-7
-31
-23
2164
785
3400
314499
8
-26
-10
2167
811
3388
315524
7
-23
2
2172
829
3375
316549
-6
-15
10
2178
793
3383
317574
-6
-10
16
2169
746
3385
318599
2
-8
16
2173
731
3380
319624
-4
-3
11
2181
711
3387
320649
-7
0
1
2163
690
3408
321674
4
1
-7
2160
718
3414
322699
2
4
-8
2160
756
3406
323724
-13
3
-9
2162
756
3425
324749
-12
1
-8
2155
753
3443
325774
-1
-2
-2
2158
762
3431
326799
7
-5
5
2158
775
3432
327824
1
-7
9
2161
782
3432
320640
-3
-12
15
2158
764
3420
321665
-7
-13
15
2155
730
3415
322690
3
-15
13
2172
720
3408
323715
4
-15
12
2179
729
3394
324740
-5
-10
7
2165
737
3396
325765
-13
-6
3
2168
715
3392
326790
-7
-1
-1
2162
703
3402
327815
13
1
-2
2164
742
3400
328840
8
1
-4
2173
773
3397
329865
-17
2
-3
2173
755
3422
330890
-8
-5
-11
2216
741
3442
331915
1
11
6
2044
763
3427
332940
14
-18
0
2196
824
3457
333965
-15
-18
20
2240
715
3422
334990
-7
-13
23
2110
754
3424
336015
3
-26
9
2177
791
3406
328832
-27
-20
11
2193
703
3401
329857
1
-17
19
2164
686
3377
330882
28
-13
13
2166
770
3411
331907
3
-12
7
2201
718
3393
332932
-12
-2
9
2138
705
3389
333957
16
-11
-4
2216
749
3405
334982
-1
3
2
2171
726
3384
336007
-5
1
-2
2166
758
3394
337032
1
1
-4
2198
753
3393
338057
1
7
3
2160
761
3404
339082
2
5
2
2184
778
3398
340107
-8
7
5
2174
756
3412
341132
0
2
11
2166
733
3417
342157
12
4
12
2158
746
3430
343182
5
0
8
2175
719
3417
344207
0
0
7
2159
714
3416
337024
4
-7
4
2182
734
3411
338049
-5
-3
2
2160
728
3401
339074
-2
-2
-4
2162
743
3400
340099
1
1
-4
2176
751
3394
341124
3
3
2
2167
756
3406
342149
6
0
3
2175
761
3410
343174
4
2
1
2170
743
3414
344199
1
3
-1
2161
750
3402
345224
2
-1
1
2169
758
3413
346249
0
-3
6
2172
736
3415
347274
5
-1
4
2151
738
3431
348299
8
-6
-2
2180
739
3419
349324
-5
-3
-3
2154
729
3406
350349
-1
-10
-5
2166
747
3415
351374
-4
-9
-4
2170
736
3402
352399
-8
-6
-4
2148
713
3397
345217
1
-6
-14
2175
728
3433
346242
7
-8
-14
2175
759
3405
347267
2
-11
-13
2185
815
3377
348292
-35
-6
-10
2176
800
3382
349317
-30
-2
-7
2163
727
3397
350342
16
7
1
2162
740
3391
351367
26
14
6
2177
782
3378
352392
-12
27
16
2197
710
3364
353417
1
60
21
2167
674
3357
354442
43
66
-17
2158
752
3428
355467
36
48
10
2141
723
3432
356492
19
25
-10
2117
738
3527
357517
24
-13
10
2156
794
3469
358542
27
-14
23
2121
810
3457
359567
2
-23
5
2148
775
3463
360592
-61
-37
7
2161
803
3454
353559
-15
-56
38
2119
702
3430
354584
67
-55
42
2169
860
3375
355609
40
-38
22
2173
854
3402
356634
-27
-19
29
2191
748
3291
357659
30
9
28
2169
747
3339
358684
14
22
15
2186
709
3405
359709
24
23
16
2148
721
3447
360734
30
10
12
2154
728
3420
361759
20
3
-2
2176
736
3420
362784
-4
1
-7
2157
769
3415
363809
-13
2
-12
2137
764
3447
364834
-2
-6
-11
2148
769
3465
365859
1
-13
-9
2150
791
3441
366884
6
-20
-3
2165
808
3416
367909
8
-20
3
2176
818
3395
368934
5
-13
13
2154
804
3382
361600
7
-10
13
2163
788
3409
362625
8
-11
18
2173
774
3405
363650
7
-9
24
2164
738
3402
364675
10
-7
20
2162
744
3406
365700
8
-6
14
2156
738
3421
366725
3
-9
9
2165
743
3422
367750
1
-14
8
2165
749
3405
368775
5
-14
7
2170
754
3413
369800
13
-13
9
2164
773
3408
370825
14
-14
11
2169
790
3401
371850
11
-17
14
2186
791
3391
372875
11
-17
18
2183
781
3385
373900
9
-13
17
2163
778
3394
374925
6
-11
15
2167
758
3398
375950
4
-10
12
2175
738
3397
376975
7
-12
10
2186
752
3403
369792
3
-13
8
2173
760
3387
370817
2
-15
1
2183
779
3380
371842
-6
-12
-2
2182
787
3379
372867
-4
-11
1
2174
767
3382
373892
10
-10
8
2173
774
3378
374917
12
-5
10
2181
776
3394
375942
7
-1
9
2172
761
3417
376967
18
-6
11
2173
755
3415
377992
27
-10
9
2180
784
3395
379017
10
-9
8
2188
775
3384
380042
1
-7
7
2172
749
3388
381067
9
-7
5
2187
765
3399
382092
10
-8
6
2184
787
3391
383117
8
-7
8
2179
773
3376
384142
11
-4
10
2183
776
3368
385167
10
1
10
2193
793
3369
377983
1
6
12
2179
766
3372
379008
10
8
9
2178
747
3383
380033
20
7
6
2184
780
3386
381058
6
9
4
2180
762
3374
382083
4
9
-2
2192
763
3373
383108
2
13
-6
2184
777
3382
384133
1
16
-8
2160
782
3390
385158
5
16
-7
2172
793
3393
386183
-6
21
0
2168
778
3385
387208
-1
27
5
2184
789
3378
388233
8
23
-4
2185
797
3390
389258
5
18
-11
2168
805
3402
390283
4
15
-8
2164
847
3429
391308
-12
10
-1
2158
828
3416
392333
-14
6
6
2146
770
3444
393358
11
2
15
2142
784
3447
386177
13
-5
17
2143
780
3453
387202
6
-15
12
2159
735
3453
388227
11
-21
7
2143
735
3443
389252
9
-30
0
2150
750
3450
390277
6
-38
-4
2165
730
3442
391302
16
-43
-9
2164
777
3412
392327
4
-51
-21
2195
808
3405
393352
-14
-49
-21
2168
805
3387
394377
-4
-53
-17
2178
833
3379
395402
-7
-49
-10
2203
836
3349
396427
-13
-41
3
2191
828
3326
397452
-7
-33
9
2198
823
3344
398477
0
-27
11
2203
790
3346
399502
6
-23
7
2219
790
3327
400527
-1
-17
2
2205
783
3325
401552
-14
-9
-7
2185
754
3350
394369
-9
-4
-15
2205
751
3369
395394
3
1
-13
2199
775
3363
396419
6
8
-10
2180
797
3367
397444
-2
8
-12
2190
812
3399
398469
1
4
-10
2176
814
3410
399494
6
-3
-3
2178
843
3389
400519
-2
-7
4
2198
840
3386
401544
-8
-11
13
2190
820
3374
402569
3
-11
21
2183
809
3366
403594
4
-10
21
2198
804
3375
404619
-1
-11
26
2199
795
3349
405644
-2
-9
31
2211
759
3349
406669
-15
1
29
2217
786
3380
407694
-44
5
40
2184
749
3339
408719
-32
4
57
2188
661
3342
409744
-29
2
51
2206
803
3474
402560
-133
-8
34
2155
812
3514
403585
-148
-20
28
2148
652
3373
404610
-29
-16
20
2252
723
3202
405635
25
23
51
2241
739
3211
406660
-112
52
23
2312
885
3367
407685
-424
82
38
2226
1001
3504
408710
-779
81
48
2100
645
3458
409735
-738
68
33
2124
401
3493
410760
-642
59
-12
2169
700
3548
411785
-763
53
1
2157
712
3577
412810
-964
58
5
2111
388
3581
413835
-996
43
-4
2175
271
3540
414860
-840
9
15
2205
497
3594
415885
-796
-20
48
2115
547
3674
416910
-851
-56
39
2079
223
3704
417935
-773
-92
42
2153
104
3548
410753
-663
-101
45
2208
33
3466
411778
-567
-96
35
2219
-19
3399
412803
-478
-85
28
2221
-98
3392
413828
-391
-76
10
2225
-126
3386
414853
-261
-57
-5
2216
-42
3452
415878
-207
-47
-15
2231
56
3478
416903
-192
-43
7
2253
-49
3344
417928
-108
-14
15
2284
-131
3307
418953
-14
13
2
2243
-167
3425
419978
31
24
-12
2241
-88
3511
421003
-21
32
-20
2208
6
3499
422028
-94
41
-20
2224
-58
3477
423053
-96
45
-25
2216
-146
3550
424078
-16
27
-19
2175
-80
3607
425103
28
4
-12
2167
-58
3625
426128
46
-12
-9
2194
-54
3576
418945
83
-19
4
2211
22
3490
419970
68
-14
14
2225
10
3517
420995
7
-14
11
2231
-23
3534
422020
-59
-13
6
2207
-28
3551
423045
-76
-21
5
2189
-85
3545
424070
-28
-27
8
2208
-81
3492
425095
11
-24
11
2242
-64
3439
426120
12
-11
8
2242
-89
3441
427145
30
0
5
2213
-97
3495
428170
32
2
-1
2202
-54
3508
429195
22
3
-5
2219
-67
3507
430220
24
5
-9
2219
-55
3523
431245
54
3
-6
2223
-36
3506
432270
66
7
-3
2213
-12
3496
433295
47
12
-4
2222
-14
3508
434320
27
19
-2
2199
0
3513
427135
1
22
3
2219
2
3501
428160
-18
25
9
2215
-51
3535
429185
-7
19
7
2191
-46
3563
430210
4
13
11
2191
-14
3549
431235
-50
17
3
2213
-25
3518
432260
-87
16
6
2197
-11
3529
433285
-92
11
13
2194
-32
3533
434310
-79
9
13
2193
-50
3552
435335
-55
-2
18
2179
-5
3559
436360
-51
-11
22
2207
-28
3520
437385
-42
-8
30
2212
-86
3505
438410
-9
-7
33
2182
-72
3560
439435
4
-16
34
2188
-35
3556
440460
-38
-18
28
2204
-105
3530
441485
-56
-17
17
2207
-125
3500
442510
-32
-14
11
2211
-137
3476
435328
1
-10
7
2214
-134
3501
436353
7
-3
2
2209
-64
3501
437378
-14
3
-6
2209
-88
3517
438403
-10
3
-5
2200
-88
3524
439428
5
3
-3
2195
-72
3516
440453
12
5
-3
2216
-51
3506
441478
-8
18
0
2199
-45
3500
442503
-51
35
-2
2237
-76
3506
443528
-97
71
-13
2303
6
3450
444553
-83
91
21
2240
-25
3420
445578
-269
110
21
2201
-214
3601
446603
-247
103
-39
1939
-399
4095
447628
644
-82
-63
1811
-505
4028
448653
361
-194
26
2547
757
3382
449678
-473
-7
67
2169
189
2799
450703
-270
48
94
2337
-814
2808
443520
320
105
31
2233
-52
3546
444545
30
73
-17
2044
379
4251
445570
-555
-28
-77
2011
-448
3981
446595
-247
-107
-34
2205
-463
3299
447620
112
-39
32
2203
362
3125
448645
-56
34
13
2256
-89
3578
449670
-174
19
-11
2250
-411
3745
450695
-68
-35
29
2079
-46
3646
451720
-24
-65
32
2136
-110
3564
452745
1
-55
19
2187
-324
3586
453770
46
-55
4
2175
-177
3606
454795
12
-71
8
2222
-86
3506
455820
-14
-58
24
2236
-140
3405
456845
2
-30
19
2210
-136
3464
457870
2
-26
8
2207
-155
3528
458895
9
-28
3
2206
-232
3522
451712
62
-26
7
2220
-178
3472
452737
82
-17
17
2244
-93
3408
453762
19
6
7
2237
-127
3476
454787
-35
15
-7
2209
-195
3535
455812
-20
10
-11
2186
-201
3560
456837
28
-3
-6
2186
-140
3553
457862
40
-13
0
2193
-148
3503
458887
35
-8
-2
2235
-145
3493
459912
9
4
-7
2216
-137
3553
460937
-4
-5
-6
2195
-147
3559
461962
24
-15
1
2198
-119
3542
462987
31
-17
0
2206
-102
3535
464012
22
-17
3
2217
-107
3507
465037
27
-19
11
2228
-114
3503
466062
8
-19
11
2204
-144
3537
467087
-20
-18
2
2211
-149
3539
459904
-4
-23
10
2206
-129
3502
460929
3
-20
7
2227
-124
3482
461954
-4
-13
-4
2249
-150
3491
462979
-3
-6
-4
2213
-146
3488
464004
4
-3
-4
2214
-119
3510
465029
-5
-2
-3
2218
-125
3499
466054
-10
0
-5
2221
-135
3488
467079
2
4
-5
2218
-124
3521
468104
13
3
2
2201
-122
3532
469129
21
-2
1
2213
-114
3534
470154
7
-3
5
2217
-109
3517
471179
-11
-4
7
2222
-126
3509
472204
-10
-3
5
2225
-152
3523
473229
7
-3
3
2206
-144
3514
474254
7
-4
3
2209
-120
3518
475279
0
-9
-1
2218
-136
3523
468096
3
-8
-2
2220
-126
3495
469121
0
-1
-3
2225
-116
3485
470146
-5
2
-4
2222
-114
3504
471171
-11
7
-2
2224
-118
3493
472196
-28
22
-6
2239
-89
3488
473221
-51
48
-15
2274
-66
3422
474246
-98
74
-4
2246
-88
3452
475271
-247
72
-26
2225
-328
3511
476296
-58
51
-65
2061
-340
4000
477321
440
-69
-59
2015
-181
3891
478346
73
-134
29
2391
531
3505
479371
-675
5
27
2094
-60
3108
480396
-324
42
52
2401
-936
2873
481421
398
96
85
2209
48
3377
482446
70
66
10
2147
422
4006
483471
-647
20
-42
2133
-453
3950
476288
-364
-72
2
2062
-678
3495
477313
166
-91
27
2221
-22
3254
478338
85
-25
6
2313
-67
3413
479363
-55
-13
8
2277
-357
3604
480388
-9
-23
19
2122
-195
3630
481413
5
-43
27
2184
-174
3484
482438
-8
-24
17
2228
-210
3509
483463
7
-16
-1
2223
-300
3555
484488
54
-25
-3
2215
-226
3560
485513
29
-34
1
2203
-126
3526
486538
1
-28
19
2239
-183
3364
487563
45
-2
31
2246
-176
3413
488588
17
10
3
2242
-282
3573
489613
13
-1
-6
2203
-274
3563
490638
54
-8
4
2186
-172
3493
491663
56
-7
6
2223
-209
3446
484481
28
13
-8
2232
-199
3521
485506
-7
12
-6
2209
-206
3558
486531
-8
2
-4
2208
-196
3545
487556
15
-7
-4
2209
-167
3534
488581
37
-10
5
2207
-148
3507
489606
36
-9
12
2211
-191
3511
490631
12
-4
2
2229
-209
3544
491656
-7
-7
4
2200
-193
3554
492681
-14
-15
0
2204
-237
3519
493706
15
-13
-10
2228
-230
3487
494731
30
-8
-12
2246
-159
3479
495756
0
-2
-15
2209
-153
3539
496781
-19
-8
-15
2205
-165
3538
497806
-6
-11
-6
2214
-174
3506
498831
19
-10
-4
2225
-167
3533
499856
18
-12
-2
2233
-158
3521
492715
8
-15
3
2229
-173
3511
493740
0
-14
1
2215
-168
3533
494765
-8
-16
-1
2222
-189
3520
495790
3
-16
2
2230
-201
3487
496815
12
-12
-1
2237
-176
3502
497840
6
-10
1
2218
-171
3511
498865
1
-7
-2
2229
-172
3506
499890
7
-8
0
2236
-168
3497
500915
12
-10
3
2233
-167
3480
501940
13
-4
3
2234
-165
3510
502965
3
0
0
2220
-180
3507
503990
5
-2
1
2218
-182
3483
505015
8
4
1
2235
-190
3485
506040
10
10
-2
2232
-172
3520
507065
5
5
-3
2212
-181
3542
508090
24
-4
-3
2224
-171
3537
500865
31
-8
1
2226
-105
3527
501890
-7
-8
5
2211
-137
3527
502915
-8
-10
10
2226
-186
3523
503940
17
-14
12
2225
-152
3520
504965
-4
-15
8
2218
-156
3513
505990
-23
-15
4
2236
-217
3495
507015
6
-14
8
2220
-179
3488
508040
5
-11
4
2238
-147
3503
509065
-24
-1
0
2257
-157
3490
510090
-50
34
-5
2296
-129
3418
511115
-60
81
-8
2269
-69
3403
512140
-126
72
2
2198
-235
3562
513165
-308
49
-39
2206
-589
3628
514190
58
30
-54
2088
-284
3773
515215
547
-68
-37
1964
76
3684
516240
67
-109
30
2615
337
3423
509057
-669
46
62
2065
-63
3138
510082
-328
58
68
2319
-1072
3021
511107
339
91
45
2229
-23
3604
512132
-44
42
-22
2053
366
4237
513157
-650
-65
-56
2089
-517
3846
514182
-204
-136
23
2180
-651
3178
515207
252
-79
16
2277
35
3225
516232
49
-30
-8
2386
-157
3401
517257
-42
4
16
2273
-399
3445
518282
28
15
18
2180
-132
3524
519307
-23
14
10
2193
-198
3525
520332
17
10
16
2217
-358
3544
521357
131
2
20
2207
-273
3537
522382
129
0
22
2244
-167
3468
523407
25
14
22
2238
-214
3506
524432
-19
13
13
2195
-254
3581
517247
25
-2
15
2177
-237
3577
518272
51
-12
13
2216
-259
3508
519297
90
-9
25
2243
-223
3466
520322
105
4
27
2215
-146
3531
521347
36
0
16
2229
-207
3542
522372
-14
6
17
2202
-253
3506
523397
-20
10
9
2199
-260
3509
524422
-21
10
-3
2206
-301
3551
525447
21
0
0
2182
-285
3587
526472
60
-21
-2
2198
-227
3561
527497
67
-26
0
2220
-203
3516
528522
42
-22
-3
2229
-138
3514
529547
7
-19
11
2211
-161
3502
530572
-8
-8
38
2207
-194
3413
531597
-28
23
57
2236
-172
3374
532622
-54
53
64
2279
-151
3441
525440
-53
70
86
2241
-189
3505
526465
-5
60
95
2227
-139
3532
527490
3
55
93
2230
-62
3491
528515
-48
64
107
2169
-183
3500
529540
-36
61
118
2173
-293
3550
530565
-21
53
121
2217
-176
3516
531590
-92
58
117
2210
-203
3463
532615
-112
69
90
2200
-336
3462
533640
-40
72
57
2199
-362
3500
534665
17
68
20
2199
-319
3554
535690
-1
67
-8
2208
-287
3562
536715
-26
69
-9
2166
-345
3561
537740
-3
66
-14
2099
-331
3626
538765
9
60
-16
2059
-291
3668
539790
-2
49
-17
2050
-310
3746
540815
-16
21
-12
2067
-324
3760
533633
-1
-17
2
2095
-276
3722
534658
-34
-45
11
2105
-299
3713
535683
-57
-72
18
2108
-345
3717
536708
-32
-105
26
2137
-312
3689
537733
-28
-129
23
2148
-282
3602
538758
-39
-133
20
2166
-343
3507
539783
-23
-128
11
2172
-377
3493
540808
-21
-128
-8
2196
-380
3519
541833
-38
-121
-16
2220
-377
3483
542858
-38
-110
-21
2208
-325
3438
543883
-30
-98
-30
2237
-310
3434
544908
-24
-75
-30
2257
-298
3429
545933
-40
-56
-38
2250
-284
3470
546958
-80
-42
-39
2248
-297
3443
547983
-75
-28
-29
2258
-314
3442
549008
-108
-1
-30
2315
-178
3429
541824
-232
61
-25
2392
-69
3216
542849
-360
116
26
2232
-336
3221
543874
-285
121
15
2074
-739
3870
544899
438
1
-23
1975
-586
4005
545924
328
-126
96
2365
658
3554
546949
-526
2
111
2178
-91
3209
547974
-430
38
132
2281
-1027
3081
548999
74
36
121
2084
-390
3828
550024
-205
-49
8
2151
-399
4007
551049
-320
-123
-11
2150
-744
3712
552074
-39
-169
-3
2206
-512
3325
553099
-13
-131
-14
2278
-393
3170
554124
-40
-76
-51
2272
-740
3379
555149
124
-74
-74
2327
-646
3460
556174
171
-67
-64
2277
-366
3426
557199
136
-61
-62
2241
-353
3465
550016
176
-61
-58
2258
-326
3474
551041
226
-65
-31
2239
-263
3535
552066
198
-66
-13
2262
-220
3535
553091
193
-79
14
2273
-279
3562
554116
177
-98
27
2306
-269
3546
555141
125
-107
35
2314
-194
3510
556166
68
-122
39
2296
-283
3481
557191
55
-133
26
2305
-321
3470
558216
36
-133
19
2334
-317
3457
559241
15
-129
27
2325
-358
3430
560266
7
-127
29
2316
-373
3379
561291
17
-119
32
2328
-381
3301
562316
28
-92
22
2348
-381
3349
563341
23
-81
4
2378
-370
3381
564366
11
-75
-3
2393
-337
3332
565391
5
-62
-6
2382
-334
3299
558208
16
-42
-15
2400
-312
3321
559233
30
-31
-18
2393
-278
3333
560258
36
-21
-11
2376
-294
3317
561283
30
-8
-16
2393
-276
3305
562308
19
9
-14
2382
-292
3327
563333
20
23
-12
2365
-321
3376
564358
48
27
-6
2362
-328
3389
565383
88
26
-6
2358
-326
3383
566408
103
31
-7
2379
-274
3363
567433
51
42
-9
2374
-247
3348
568458
-16
56
-14
2366
-302
3361
569483
-22
64
-21
2353
-319
3408
570508
17
64
-21
2328
-326
3453
571533
68
51
-26
2316
-287
3478
572558
87
38
-31
2325
-254
3482
573583
93
25
-33
2335
-231
3475
566399
101
11
-30
2328
-216
3451
567424
98
0
-30
2339
-190
3452
568449
52
-1
-37
2345
-187
3456
569474
16
-3
-31
2324
-180
3446
570499
-4
-6
-22
2323
-167
3434
571524
-25
-5
-12
2336
-177
3431
572549
-31
-6
-3
2339
-209
3429
573574
-16
-5
6
2343
-228
3411
574599
-7
-2
7
2338
-219
3409
575624
-23
1
1
2330
-250
3429
576649
-18
-1
-1
2339
-270
3417
577674
4
-3
-2
2333
-233
3419
578699
-8
0
-9
2337
-220
3408
579724
-23
4
-12
2334
-236
3433
580749
-29
2
-15
2330
-246
3446
581774
-11
0
-6
2334
-208
3425
574592
-6
2
-1
2331
-201
3414
575617
-10
2
1
2355
-217
3401
576642
-6
10
5
2340
-210
3400
577667
-12
14
2
2335
-200
3414
578692
-27
11
2
2320
-220
3444
579717
-38
10
-1
2346
-241
3435
580742
-30
7
2
2321
-234
3434
581767
-25
4
1
2321
-207
3437
582792
-62
13
1
2337
-207
3428
583817
-103
26
5
2361
-221
3421
584842
-138
53
0
2394
-178
3431
585867
-273
84
16
2368
-244
3366
586892
-250
90
26
2130
-305
3743
587917
416
-61
39
2159
-757
3514
588942
369
-82
61
2528
304
3326
589967
-269
26
67
2332
1
2979
582784
-255
73
75
2405
-828
3092
583809
61
81
36
2186
-262
3839
584834
-270
-12
-59
2142
-225
4185
585859
-319
-123
-68
2159
-569
3693
586884
65
-169
-8
2336
-413
3148
587909
166
-107
-7
2422
33
3168
588934
-42
-60
-17
2408
-406
3311
589959
-40
-42
-35
2373
-547
3409
590984
49
-39
-39
2331
-168
3462
592009
-9
-38
-39
2319
-212
3467
593034
-1
-43
-38
2316
-383
3420
594059
104
-47
-27
2351
-284
3329
595084
123
-34
-21
2389
-189
3326
596109
45
-17
-24
2402
-272
3360
597134
34
-9
-18
2369
-290
3400
598159
69
-7
-10
2316
-217
3432
590976
64
-8
-11
2336
-220
3459
592001
77
-13
-5
2362
-241
3443
593026
81
-18
2
2360
-204
3425
594051
44
-25
8
2366
-237
3391
595076
19
-21
2
2364
-236
3437
596101
-27
-20
-4
2354
-217
3426
597126
-47
-24
-6
2335
-289
3435
598151
2
-34
-7
2360
-289
3397
599176
30
-30
-8
2365
-211
3376
600201
-8
-24
-8
2368
-240
3379
601226
-6
-23
-7
2384
-246
3364
602251
8
-18
-8
2376
-223
3360
603276
13
-11
-10
2372
-252
3342
604301
24
1
-10
2371
-225
3365
605326
14
11
-6
2382
-218
3354
606351
12
20
-2
2370
-215
3412
599168
6
16
-4
2347
-230
3440
600193
21
5
1
2358
-232
3414
601218
32
2
5
2365
-199
3415
602243
3
0
-1
2367
-206
3414
603268
-3
-6
2
2371
-235
3394
604293
21
-6
6
2357
-191
3393
605318
9
-4
2
2358
-223
3399
606343
-2
-2
-5
2374
-225
3397
607368
-4
-2
-1
2352
-211
3396
608393
-3
-1
2
2362
-235
3387
609418
6
5
2
2357
-230
3401
610443
10
4
-1
2355
-203
3419
611468
12
1
1
2358
-213
3406
612493
15
-1
3
2362
-202
3400
613518
-8
3
1
2370
-195
3387
614543
-28
6
3
2352
-222
3403
607359
-6
4
3
2352
-255
3410
608384
22
5
3
2361
-214
3405
609409
3
6
0
2359
-202
3409
610434
-10
4
-1
2359
-230
3391
611459
0
7
1
2348
-223
3408
612484
2
4
-2
2359
-216
3416
613509
1
3
2
2341
-192
3418
614534
-5
-1
1
2348
-211
3414
615559
2
-2
6
2365
-220
3397
616584
-5
1
7
2357
-196
3418
617609
-20
-1
7
2347
-218
3418
618634
-8
-4
10
2348
-236
3398
619659
5
-1
9
2377
-234
3372
620684
7
9
15
2370
-216
3368
621709
-21
12
9
2356
-175
3442
622734
-72
7
3
2350
-242
3475
615552
-71
18
0
2376
-223
3476
616577
-64
44
7
2438
-76
3288
617602
-233
106
41
2389
-108
3181
618627
-237
130
4
2232
-717
3539
619652
383
4
-49
2178
-643
3687
620677
341
-71
6
2462
484
3456
621702
-461
21
36
2318
129
3326
622727
-437
28
97
2326
-910
3293
623752
51
-6
102
2159
-134
3726
624777
-192
-93
-25
2241
-262
3919
625802
-234
-188
-43
2418
-705
3331
626827
54
-162
28
2371
60
3004
627852
-54
-76
38
2397
-107
3248
628877
-120
-37
19
2438
-563
3424
629902
64
-45
22
2327
-379
3402
630927
126
-52
4
2380
-238
3322
623744
64
-29
0
2448
-307
3223
624769
46
9
5
2408
-367
3225
625794
73
41
-7
2399
-327
3369
626819
51
43
-20
2357
-217
3546
627844
-17
18
-4
2330
-254
3475
628869
-14
2
3
2344
-347
3389
629894
68
-2
7
2381
-338
3324
630919
82
11
-4
2389
-279
3424
631944
22
3
-6
2368
-271
3476
632969
-19
-8
-4
2345
-251
3435
633994
-18
-11
-1
2354
-293
3423
635019
17
-16
-1
2363
-284
3391
636044
24
-12
-3
2388
-272
3356
637069
14
-8
-4
2378
-276
3388
638094
0
-11
-5
2364
-275
3397
639119
14
-12
2
2380
-292
3361
631935
39
-6
6
2369
-254
3365
632960
30
0
1
2366
-255
3365
633985
18
7
1
2386
-283
3368
635010
18
16
7
2377
-252
3390
636035
4
13
6
2363
-282
3386
637060
24
13
6
2371
-264
3367
638085
15
17
3
2368
-255
3387
639110
10
21
6
2362
-260
3388
640135
17
23
3
2368
-254
3409
641160
5
27
0
2359
-267
3396
642185
10
28
5
2343
-262
3399
643210
10
30
6
2346
-260
3402
644235
14
33
12
2353
-263
3398
645260
19
33
13
2367
-252
3409
646285
9
33
9
2349
-253
3425
647310
7
29
5
2347
-264
3408
640128
18
29
2
2355
-263
3430
641153
20
28
2
2342
-240
3431
642178
9
23
1
2323
-254
3435
643203
7
19
0
2335
-236
3436
644228
-4
19
2
2336
-222
3422
645253
-15
18
3
2342
-256
3426
646278
-14
20
1
2335
-254
3438
647303
-5
16
8
2330
-250
3409
648328
3
23
9
2336
-261
3390
649353
12
41
9
2338
-292
3400
650378
17
35
7
2323
-231
3477
651403
-27
18
4
2312
-204
3515
652428
-41
-2
7
2285
-307
3517
653453
19
-19
9
2303
-294
3483
654478
31
-27
9
2320
-231
3425
655503
-2
-25
8
2336
-248
3415
648320
-24
-20
6
2334
-282
3431
649345
-15
-20
4
2327
-279
3435
650370
5
-18
5
2330
-243
3424
651395
7
-17
2
2327
-239
3430
652420
-5
-15
0
2343
-263
3416
653445
-16
-14
1
2346
-251
3411
654470
-18
-13
7
2336
-256
3403
655495
-16
-11
3
2337
-242
3418
656520
-38
4
-5
2369
-243
3409
657545
-69
32
-7
2412
-222
3346
658570
-77
59
34
2350
-168
3268
659595
-217
96
4
2339
-454
3291
660620
57
83
-27
2163
-484
3649
661645
558
-36
1
2342
-354
3606
662670
-1
-27
-7
2315
424
3616
663695
-500
-2
23
2283
-509
3266
656511
-107
14
43
2264
-566
3342
657536
26
-29
-14
2223
3
3855
658561
-249
-90
-54
2326
-352
3596
659586
-11
-124
25
2304
-477
3351
660611
91
-109
24
2399
98
3173
661636
-139
-49
27
2396
-349
3208
662661
-48
-18
12
2402
-589
3333
663686
130
-8
13
2347
-239
3407
664711
43
-6
5
2339
-260
3421
665736
-3
-3
-8
2331
-386
3436
666761
33
-6
-21
2330
-328
3440
667786
43
-2
-23
2347
-326
3401
668811
86
-5
-11
2368
-294
3360
669836
110
5
-7
2363
-187
3406
670861
33
8
-15
2336
-225
3486
671886
-4
-4
-13
2323
-289
3500
664704
28
-17
-5
2321
-262
3465
665729
30
-22
1
2367
-227
3408
666754
-10
-20
-6
2360
-256
3433
667779
-25
-27
-10
2347
-290
3423
668804
12
-28
-9
2338
-261
3424
669829
15
-31
-17
2353
-271
3410
670854
1
-29
-16
2366
-258
3379
671879
5
-21
-9
2356
-246
3391
672904
16
-13
-6
2350
-276
3396
673929
37
-12
-4
2350
-252
3412
674954
31
-14
-2
2335
-235
3442
675979
10
-23
0
2344
-267
3437
677004
15
-29
5
2367
-253
3403
678029
4
-27
-1
2369
-216
3417
679054
-18
-30
-5
2363
-242
3391
680079
6
-30
-2
2364
-234
3369
672896
12
-25
-4
2392
-225
3346
673921
9
-15
-6
2386
-237
3350
674946
7
-4
-6
2358
-249
3388
675971
20
-2
0
2357
-245
3388
676996
17
3
4
2368
-226
3413
678021
-1
-1
4
2372
-250
3421
679046
7
-6
5
2348
-248
3415
680071
6
-11
-3
2362
-233
3419
681096
-5
-14
-4
2375
-244
3415
682121
-7
-17
-2
2376
-200
3396
683146
-16
-15
4
2377
-213
3374
684171
-8
-11
6
2369
-221
3386
685196
-14
-7
6
2383
-234
3380
686221
-10
-4
13
2373
-264
3383
687246
-1
-2
12
2363
-265
3395
688271
3
-2
10
2361
-258
3396
681088
3
-5
8
2363
-283
3394
682113
9
-3
0
2375
-279
3404
683138
12
-4
-1
2361
-237
3405
684163
-7
-7
-6
2376
-230
3388
685188
-6
-5
-3
2373
-240
3372
686213
10
-2
-4
2379
-202
3387
687238
0
-1
1
2390
-183
3392
688263
-17
5
10
2363
-219
3382
689288
1
9
14
2364
-239
3379
690313
10
11
14
2388
-241
3358
691338
3
15
16
2386
-259
3369
692363
5
19
14
2358
-268
3407
693388
-1
15
6
2355
-258
3420
694413
-14
14
2
2357
-266
3430
695438
-2
8
0
2350
-266
3428
696463
12
4
0
2358
-245
3411
689280
12
4
0
2353
-218
3411
690305
-2
4
0
2364
-220
3410
691330
-8
2
7
2359
-227
3405
692355
1
0
13
2363
-225
3394
693380
2
6
13
2366
-249
3398
694405
0
13
12
2374
-252
3417
695430
-15
25
9
2367
-245
3512
696455
-15
9
1
2334
-285
3580
697480
-108
1
29
2274
-283
3592
698505
-41
7
-13
2366
-467
3336
699530
224
57
-13
2385
-59
3216
700555
48
61
-38
2360
68
3228
701580
-103
16
10
2531
-519
3281
702605
-212
54
-3
2243
-340
3327
703630
-112
58
-36
2320
-469
3355
704655
63
85
-37
2324
-69
3482
697471
-77
50
8
2175
226
3856
698496
-505
-77
-33
2172
-637
3895
699521
-229
-184
-61
2380
-812
3237
700546
250
-146
-21
2357
133
3140
701571
97
-98
-20
2482
-71
3348
702596
-112
-63
-13
2445
-485
3396
703621
-11
-48
11
2275
-248
3382
704646
29
-44
-10
2395
-200
3259
705671
90
-15
5
2451
-239
3237
706696
115
8
17
2398
-134
3356
707721
35
23
13
2378
-179
3462
708746
-6
17
23
2353
-289
3444
709771
37
8
40
2345
-291
3365
710796
50
11
32
2388
-299
3371
711821
65
15
35
2382
-211
3385
712846
-1
18
26
2349
-277
3465
705918
-20
2
19
2343
-367
3431
706943
31
0
13
2349
-281
3432
707968
32
-1
13
2344
-268
3437
708993
-7
-9
-1
2369
-315
3409
710018
10
-11
0
2373
-270
3403
711043
14
-11
-2
2351
-238
3431
712068
11
-20
-5
2355
-255
3400
713093
24
-18
-1
2366
-225
3388
714118
12
-12
7
2357
-215
3395
715143
-14
-17
10
2379
-266
3369
716168
-4
-16
10
2383
-269
3381
717193
15
-14
11
2370
-230
3382
718218
13
-2
15
2375
-216
3387
719243
7
-1
19
2354
-245
3405
720268
-4
-8
18
2373
-266
3395
721293
33
-6
31
2390
-203
3355
713857
28
4
42
2367
-196
3366
714882
1
13
41
2377
-256
3368
715907
30
19
48
2361
-218
3398
716932
8
20
46
2369
-274
3396
717957
0
22
45
2368
-287
3372
718982
-11
23
39
2368
-288
3405
720007
-21
19
29
2360
-337
3394
721032
15
21
23
2343
-315
3418
722057
31
17
17
2345
-285
3428
723082
11
11
12
2348
-296
3431
724107
-7
8
5
2349
-294
3448
725132
2
0
7
2341
-270
3433
726157
12
-3
9
2353
-243
3420
727182
2
0
7
2359
-243
3430
728207
-14
2
6
2348
-275
3425
729232
-12
-1
3
2355
-266
3405
722049
-10
-8
5
2364
-260
3405
723074
-14
-10
5
2358
-270
3397
724099
-13
-1
4
2360
-258
3371
725124
-15
11
4
2362
-244
3385
726149
-32
20
-2
2361
-276
3385
727174
-37
34
-5
2381
-264
3348
728199
-63
60
-12
2398
-188
3379
729224
-165
83
-16
2408
-160
3450
730249
-278
107
-3
2380
-406
3327
731274
128
86
66
2185
-410
3510
732299
656
-38
41
2172
-264
3968
733324
-227
-45
-39
2476
460
3457
734349
-636
12
63
2181
-876
3092
735374
-53
7
14
2416
-1090
3152
736399
353
31
27
2383
245
3410
737424
-41
41
50
2237
150
3507
730241
-227
5
29
2210
-502
3651
731266
-109
-57
13
2357
-480
3508
732291
-51
-84
27
2260
-334
3640
733316
-19
-124
25
2340
-422
3316
734341
3
-78
14
2397
-239
3253
735366
-71
-36
1
2383
-356
3406
736391
-31
-50
0
2353
-464
3414
737416
100
-54
7
2314
-339
3549
738441
46
-63
-17
2301
-309
3479
739466
-84
-66
-36
2386
-381
3335
740491
-56
-43
-30
2421
-414
3263
741516
112
-21
-10
2389
-355
3265
742541
129
-1
-18
2391
-198
3312
743566
9
13
-19
2390
-220
3342
744591
-36
23
-8
2384
-296
3392
745616
14
20
7
2342
-296
3429
738433
59
12
13
2350
-267
3424
739458
61
8
19
2362
-283
3448
740483
26
0
14
2352
-294
3448
741508
-6
-7
15
2362
-302
3410
742533
-9
-7
18
2342
-357
3449
743558
13
-16
14
2344
-358
3423
744583
33
-23
12
2362
-295
3369
745608
7
-16
8
2371
-293
3392
746633
-21
-16
-1
2359
-345
3405
747658
-6
-23
-9
2366
-350
3391
748683
41
-23
-5
2359
-283
3343
749708
39
-8
-3
2393
-197
3372
750733
-24
1
2
2366
-275
3419
751758
-15
-3
2
2352
-349
3392
752783
29
-3
6
2368
-291
3409
753808
17
-8
2
2364
-282
3401
746623
2
-5
1
2372
-293
3384
747648
1
0
3
2359
-278
3411
748673
-3
-3
3
2358
-345
3398
749698
34
-1
4
2367
-297
3371
750723
23
0
-1
2364
-265
3406
751748
-5
-4
-4
2370
-311
3403
752773
12
-5
1
2368
-288
3382
753798
0
-2
-2
2377
-273
3385
754823
-17
5
-3
2374
-284
3374
755848
-29
20
-6
2383
-262
3356
756873
-77
41
-14
2391
-262
3407
757898
-150
66
-28
2454
-338
3303
758923
-63
97
-26
2432
-354
3211
759948
47
96
1
2290
-348
3416
760973
50
74
0
2287
-232
3830
761998
155
-10
-6
2083
-43
3799
754816
-98
-93
61
2450
236
3528
755841
-606
-33
94
2271
-309
3252
756866
-312
-28
88
2369
-1278
3151
757891
206
-1
71
2408
-353
3175
758916
131
-4
73
2321
64
3447
759941
-287
-19
0
2311
-412
3708
760966
-295
-70
5
2245
-655
3580
761991
54
-126
17
2303
-624
3324
763016
210
-105
-17
2507
-218
3118
764041
-10
-23
-4
2437
-136
3194
765066
-92
7
14
2378
-457
3421
766091
6
-5
2
2356
-499
3455
767116
60
-16
10
2348
-349
3357
768141
67
0
9
2376
-297
3314
769166
22
22
-9
2406
-306
3367
770191
-18
32
1
2373
-408
3355
763008
-7
37
-4
2348
-420
3420
764033
23
25
-13
2367
-441
3403
765058
88
19
-3
2350
-336
3441
766083
25
15
-13
2334
-276
3479
767108
-24
-2
-10
2342
-400
3451
768133
30
-15
-2
2350
-341
3442
769158
35
-17
9
2363
-277
3429
770183
11
-21
16
2351
-366
3423
771208
32
-27
19
2340
-364
3419
772233
22
-30
12
2373
-365
3381
773258
2
-27
7
2374
-370
3358
774283
5
-25
0
2374
-385
3346
775308
29
-11
0
2390
-327
3354
776333
20
-1
2
2362
-323
3384
777358
-7
-3
-10
2370
-383
3393
778383
23
-4
-3
2362
-366
3392
771200
33
0
-2
2358
-340
3360
772225
15
8
-4
2387
-326
3361
773250
5
17
-2
2371
-319
3399
774275
-1
13
-7
2348
-365
3434
775300
28
3
-6
2347
-354
3422
776325
48
-2
-1
2346
-304
3412
777350
33
-4
-1
2364
-307
3400
778375
14
-7
-2
2372
-316
3424
779400
2
-9
2
2354
-340
3406
780425
6
-7
2
2360
-315
3412
781450
-2
-9
3
2353
-328
3410
782475
-6
-12
5
2346
-342
3411
783500
2
-15
3
2374
-332
3405
784525
-1
-12
0
2369
-317
3412
785550
-16
-15
-1
2357
-334
3405
786575
-1
-23
0
2373
-357
3366
779392
17
-18
1
2384
-335
3358
780417
5
-9
-4
2379
-314
3388
781442
-16
-8
-8
2363
-332
3393
782467
-2
-10
-10
2375
-376
3413
783492
35
-13
-8
2360
-289
3416
784517
6
-15
-9
2367
-290
3393
785542
-10
-13
-4
2376
-318
3374
786567
4
-9
3
2370
-282
3381
787592
-23
2
0
2407
-282
3367
788617
-62
46
-12
2490
-213
3265
789642
-159
129
3
2436
-151
3248
790667
-295
141
-5
2282
-739
3465
791692
153
22
-76
2047
-902
4120
792717
738
-177
-12
2411
39
3839
793742
-294
-142
88
2311
841
3053
794767
-536
-29
56
2350
-1345
2685
787584
166
59
-23
2665
-950
2886
788609
413
108
27
2409
374
3325
789634
-167
76
18
2305
129
3706
790659
-524
27
-13
2256
-586
3862
791684
-166
-56
22
2115
-606
3543
792709
227
-88
12
2397
-228
3242
793734
65
-36
11
2533
5
3311
794759
-199
-18
31
2390
-585
3384
795784
-17
-33
42
2336
-584
3359
796809
121
-22
35
2326
-189
3459
797834
-20
-15
5
2360
-395
3453
798859
9
-19
5
2362
-483
3409
799884
69
-26
11
2388
-343
3333
800909
24
-15
8
2395
-334
3338
801934
-22
-7
0
2387
-365
3372
802959
-10
-1
-3
2356
-394
3392
795776
58
-5
4
2362
-359
3361
796801
59
0
2
2386
-306
3354
797826
4
7
3
2394
-329
3406
798851
-27
13
4
2368
-353
3422
799876
-1
6
10
2347
-382
3400
800901
30
-1
5
2374
-385
3392
801926
18
0
2
2372
-334
3390
802951
-7
1
1
2364
-355
3404
803976
15
0
5
2359
-359
3443
805001
21
-4
-1
2355
-356
3434
806026
14
-9
-7
2359
-362
3414
807051
8
-14
-6
2371
-333
3382
808076
6
-16
0
2368
-331
3389
809101
4
-17
1
2374
-330
3395
810126
12
-16
2
2373
-337
3394
811151
26
-15
2
2369
-320
3402
803968
11
-16
4
2378
-314
3369
804993
4
-15
11
2384
-341
3362
806018
11
-13
9
2391
-342
3367
807043
17
-7
8
2374
-336
3389
808068
15
-4
7
2369
-355
3385
809093
21
-2
3
2369
-349
3391
810118
15
-1
-1
2370
-337
3405
811143
12
-3
-2
2362
-353
3397
812168
25
-7
-1
2376
-333
3383
813193
11
-4
-2
2384
-311
3379
814218
-4
-4
-6
2366
-327
3407
815243
5
-8
-2
2376
-316
3394
816268
14
-8
5
2369
-301
3385
817293
4
-9
4
2380
-316
3379
818318
-2
-6
4
2387
-328
3372
819343
2
-3
7
2369
-337
3400
812160
4
-4
4
2379
-323
3386
813185
5
-2
3
2376
-343
3381
814210
-1
-2
-7
2382
-326
3399
815235
-20
-4
-10
2375
-304
3415
816260
-50
-2
-7
2380
-289
3408
817285
-97
7
-7
2394
-268
3387
818310
-104
7
1
2373
-353
3381
819335
-92
6
-2
2383
-338
3358
820360
-102
19
-3
2384
-335
3370
821385
-98
42
-18
2416
-309
3346
822410
-196
83
-24
2427
-274
3304
823435
-327
124
-36
2322
-577
3447
824460
188
-28
-51
2033
-796
3918
825485
582
-167
-13
2553
-274
3572
826510
-293
-82
22
2332
460
3092
827535
-429
18
13
2416
-1280
2725
820352
248
96
-11
2598
-674
2835
821377
367
142
25
2404
403
3430
822402
-303
119
-1
2256
44
3997
823427
-487
14
12
2094
-538
3986
824452
-7
-112
63
2195
-769
3425
825477
213
-92
20
2467
-100
3154
826502
-25
-38
23
2496
-284
3273
827527
-149
-16
23
2430
-664
3469
828552
-34
-31
41
2266
-448
3532
829577
44
-55
26
2292
-336
3383
830602
118
-44
13
2383
-374
3328
831627
69
-22
-6
2441
-380
3313
832652
-1
-7
8
2407
-399
3298
833677
18
-7
19
2372
-443
3306
834702
54
8
4
2390
-390
3360
835727
46
18
0
2348
-367
3400
828544
45
22
-5
2369
-404
3380
829569
75
18
2
2361
-363
3408
830594
31
12
-4
2380
-384
3384
831619
20
15
-1
2357
-392
3406
832644
46
7
-4
2349
-361
3434
833669
42
2
-9
2356
-339
3439
834694
42
-4
-4
2355
-342
3417
835719
40
-5
-1
2366
-323
3429
836744
16
-6
0
2366
-304
3413
837769
2
-8
6
2348
-334
3403
838794
-1
-16
7
2384
-402
3370
839819
41
-10
11
2381
-321
3365
840844
4
-5
2
2353
-342
3440
841869
-19
-13
-5
2358
-416
3399
842894
26
-13
2
2357
-344
3370
843919
6
-12
0
2359
-307
3401
836735
-22
-9
2
2372
-352
3393
837760
11
-5
8
2351
-375
3396
838785
26
-9
5
2376
-330
3363
839810
3
-5
-2
2378
-349
3368
840835
-7
-1
-7
2363
-361
3398
841860
-2
-3
-8
2357
-338
3413
842885
2
-1
-6
2350
-346
3412
843910
17
-10
-6
2361
-346
3410
844935
28
-14
-2
2371
-300
3397
845960
13
-13
4
2370
-298
3392
846985
-9
-7
6
2369
-337
3396
848010
18
-13
9
2367
-357
3381
849035
53
-16
13
2378
-314
3373
850060
37
-14
10
2371
-323
3388
851085
25
-13
12
2384
-338
3365
852110
12
-1
11
2371
-301
3410
845073
-34
-2
3
2368
-343
3420
846098
-29
-6
1
2371
-391
3386
847123
25
-7
2
2366
-344
3395
848148
23
-7
1
2369
-308
3387
849173
3
-8
-1
2364
-330
3400
850198
10
-11
-1
2376
-311
3388
851223
0
-10
-2
2380
-309
3401
852248
7
-14
-1
2370
-341
3423
853273
7
-13
4
2384
-363
3438
854298
4
4
-16
2385
-381
3430
855323
31
32
-23
2401
-423
3360
856348
166
83
-13
2385
-281
3322
857373
547
2
10
2139
-296
3381
858398
650
-70
0
2628
-166
3396
859423
-188
37
-17
2364
280
3177
860448
-407
61
-26
2390
-1085
2997
853121
200
90
-17
2457
-466
3178
854146
299
119
-1
2319
482
3416
855171
-250
118
-20
2279
103
3795
856196
-486
42
-30
2199
-362
4031
857221
-188
-89
48
2153
-561
3649
858246
196
-155
58
2367
-320
3327
859271
101
-110
46
2458
96
3301
860296
-199
-73
41
2397
-391
3383
861321
-102
-75
44
2378
-544
3363
862346
88
-71
39
2352
-275
3369
863371
62
-66
20
2391
-286
3304
864396
23
-43
3
2413
-351
3288
865421
24
-24
2
2430
-340
3278
866446
57
-2
9
2412
-271
3286
867471
31
15
-6
2394
-272
3370
868496
2
26
-13
2383
-308
3367
861313
56
26
-6
2354
-263
3406
862338
48
17
-6
2386
-242
3403
863363
26
19
5
2385
-245
3389
864388
6
25
0
2363
-259
3461
865413
-20
11
-10
2336
-295
3502
866438
6
-12
-5
2334
-288
3472
867463
39
-27
-3
2360
-238
3422
868488
13
-32
-5
2381
-233
3404
869513
-25
-36
-10
2380
-279
3394
870538
-14
-44
-8
2387
-321
3361
871563
40
-37
1
2405
-293
3291
872588
54
-15
5
2428
-187
3300
873613
-23
3
-1
2392
-219
3371
874638
-61
4
-7
2355
-315
3445
875663
4
-8
-1
2348
-316
3430
876688
53
-20
-3
2379
-231
3381
869505
34
-15
-4
2409
-236
3325
870530
-2
-2
-9
2414
-242
3368
871555
-33
-1
-7
2374
-273
3402
872580
-5
-8
-4
2376
-282
3381
873605
34
-9
-2
2392
-224
3382
874630
15
-8
0
2381
-206
3366
875655
-13
-7
2
2381
-245
3402
876680
-6
-9
5
2378
-263
3426
877705
17
-18
10
2380
-243
3398
878730
15
-20
13
2396
-221
3360
879755
-12
-15
13
2406
-234
3348
880780
-24
-8
15
2398
-267
3342
881805
-8
-3
12
2392
-296
3351
882830
8
3
8
2398
-268
3363
883855
8
7
5
2386
-262
3360
884880
4
9
-3
2401
-283
3352
877697
7
15
-7
2394
-269
3372
878722
8
15
-10
2376
-266
3393
879747
9
10
-12
2383
-240
3399
880772
4
6
-8
2371
-246
3419
881797
6
-3
-6
2370
-218
3430
882822
3
-11
0
2387
-223
3384
883847
-9
-12
3
2388
-250
3388
884872
-43
-2
-6
2407
-246
3432
885897
-80
25
-13
2418
-262
3409
886922
-139
61
-6
2404
-215
3307
887947
-95
99
8
2340
-264
3391
888972
208
12
-32
2185
-399
3634
889997
262
-54
-19
2617
-239
3431
891022
-269
4
24
2270
190
3292
892047
-356
-1
7
2374
-1097
3105
893072
162
36
-14
2444
-482
3182
885889
170
61
-16
2392
345
3277
886914
-142
81
11
2408
-93
3251
887939
-128
72
49
2304
-214
3547
888964
-238
18
2
2288
-108
3888
889989
-294
-50
36
2199
-347
3735
891014
10
-131
59
2250
-487
3452
892039
159
-151
74
2490
-172
3215
893064
-64
-86
50
2432
-159
3351
894089
-238
-73
38
2386
-587
3327
895114
-16
-68
28
2375
-568
3320
896139
124
-62
12
2425
-290
3292
897164
67
-40
2
2412
-332
3263
898189
20
-6
-16
2430
-396
3239
899214
11
34
-15
2447
-371
3159
900239
75
64
-6
2400
-295
3284
901264
101
60
-14
2407
-228
3448
894081
44
48
-4
2372
-145
3511
895106
-15
28
4
2324
-236
3526
896131
-18
1
5
2363
-342
3454
897156
27
-12
17
2377
-302
3400
898181
40
-19
25
2386
-327
3382
899206
17
-14
11
2383
-308
3438
900231
-16
-21
0
2365
-316
3423
901256
10
-26
0
2369
-319
3371
902281
36
-21
-4
2393
-294
3349
903306
24
-13
-7
2395
-267
3363
904331
4
-14
-4
2400
-281
3367
905356
6
-16
-5
2391
-294
3379
906381
25
-19
3
2390
-297
3327
907406
51
-7
8
2408
-265
3319
908431
21
8
2
2407
-278
3358
909456
-7
16
1
2390
-306
3356
902271
20
14
2
2374
-303
3388
903296
27
10
-3
2387
-300
3390
904321
34
8
-7
2374
-269
3409
905346
41
-2
-8
2370
-291
3400
906371
56
-6
-1
2390
-253
3384
907396
27
-1
-3
2390
-209
3418
908421
-17
-5
-2
2367
-267
3417
909446
-2
-10
0
2363
-284
3395
910471
25
-17
1
2393
-263
3375
911496
29
-15
4
2397
-252
3368
912521
-8
-8
0
2399
-250
3372
913546
-26
-5
3
2381
-279
3371
914571
6
-4
4
2388
-252
3380
915596
11
-2
-2
2398
-236
3367
916621
-10
-1
-2
2388
-294
3348
917646
5
7
-1
2389
-249
3344
910464
6
15
2
2385
-238
3372
911489
2
16
9
2370
-253
3396
912514
6
10
11
2367
-229
3420
913539
-10
2
8
2393
-271
3407
914564
1
-3
10
2378
-254
3399
915589
-9
-4
8
2385
-250
3386
916614
-18
-6
10
2383
-284
3388
917639
-7
-10
7
2380
-269
3400
918664
-9
-9
3
2379
-278
3379
919689
7
-8
0
2379
-276
3377
920714
14
-2
-4
2413
-229
3423
921739
-59
13
-11
2393
-295
3495
922764
-27
19
9
2382
-353
3411
923789
0
47
39
2363
-188
3399
924814
112
14
15
2251
-263
3437
925839
213
-36
47
2547
-249
3173
918864
-143
33
23
2377
127
3264
919889
-263
26
35
2421
-756
3209
920914
13
48
26
2358
-318
3363
921939
-12
14
38
2261
136
3665
922964
-240
-31
41
2327
-329
3454
923989
-93
-61
3
2227
-500
3797
925014
37
-156
-32
2420
-408
3398
926039
9
-114
-3
2441
-194
3092
927064
-62
-56
-10
2461
-347
3235
928089
-6
-31
-7
2444
-427
3310
929114
66
-19
-2
2362
-231
3380
930139
-19
-12
-29
2426
-216
3399
931164
-23
-8
-14
2410
-284
3374
932189
31
-10
13
2404
-279
3293
933214
36
5
24
2424
-252
3284
934239
17
22
17
2394
-323
3371
926849
2
21
1
2409
-307
3431
927874
-4
6
10
2378
-307
3394
928899
28
-4
11
2368
-327
3384
929924
38
-4
6
2395
-271
3387
930949
-7
-2
0
2396
-311
3399
931974
-3
-9
-3
2395
-325
3401
932999
27
-14
2
2397
-269
3369
934024
16
-11
4
2408
-272
3336
935049
10
-5
3
2405
-291
3362
936074
24
-5
5
2402
-282
3361
937099
40
-3
8
2402
-280
3353
938124
38
-2
5
2392
-292
3379
939149
21
-3
2
2401
-267
3353
940174
14
0
5
2402
-283
3364
941199
21
6
5
2413
-310
3342
942224
29
10
3
2384
-230
3416
935041
-19
2
-5
2371
-313
3418
936066
-3
-7
-8
2383
-285
3386
937091
18
-9
3
2393
-235
3355
938116
6
-3
6
2413
-271
3366
939141
-3
-5
2
2394
-277
3390
940166
-5
-10
3
2392
-258
3356
941191
8
-9
11
2379
-276
3372
942216
12
-7
4
2397
-289
3368
943241
4
-6
4
2403
-263
3358
944266
-5
-4
5
2396
-279
3380
945291
7
-8
5
2390
-280
3374
946316
9
-7
4
2403
-264
3388
947341
-1
-8
1
2403
-273
3384
948366
5
-11
4
2400
-256
3364
949391
-1
-12
5
2408
-270
3375
950416
-11
-9
4
2408
-302
3368
943232
8
-6
3
2392
-268
3365
944257
1
-7
0
2411
-259
3352
945282
-13
-6
0
2407
-287
3361
946307
3
-3
2
2401
-263
3367
947332
12
6
5
2387
-262
3370
948357
12
7
3
2401
-266
3358
949382
15
6
4
2413
-232
3355
950407
3
7
11
2404
-259
3338
951432
3
13
9
2401
-297
3337
952457
26
14
9
2394
-273
3343
953482
19
19
7
2395
-232
3391
954507
-19
16
6
2387
-276
3397
955532
-12
13
6
2382
-300
3410
956557
1
11
3
2380
-248
3439
957582
-30
12
-2
2397
-257
3413
958607
-42
38
-5
2466
-217
3324
951423
-140
96
-8
2415
-198
3326
952448
-115
97
-19
2300
-659
3612
953473
371
-36
-21
2077
-413
3825
954498
555
-162
33
2547
104
3385
955523
-369
-37
22
2418
386
2950
956548
-367
16
51
2486
-1322
2568
957573
306
91
-18
2543
-407
3105
958598
181
86
-35
2361
492
3790
959623
-435
26
-53
2240
-141
3936
960648
-272
-57
-2
2145
-507
3619
961673
163
-102
34
2385
-299
3296
962698
121
-62
24
2518
86
3247
963723
-106
-31
48
2445
-404
3273
964748
-27
-17
43
2423
-510
3339
965773
70
-7
31
2349
-236
3423
966798
-21
-8
-3
2350
-308
3446
959617
-12
-15
-3
2386
-352
3372
960642
55
-18
6
2409
-287
3358
961667
32
-14
1
2430
-303
3332
962692
14
-4
-6
2404
-278
3343
963717
-1
2
-13
2378
-209
3413
964742
-13
0
-10
2383
-273
3389
965767
36
-1
3
2392
-269
3350
966792
54
-1
10
2409
-227
3329
967817
13
9
8
2422
-259
3353
968842
-10
19
6
2382
-281
3402
969867
-6
13
-3
2366
-309
3434
970892
10
2
-10
2365
-302
3433
971917
26
-8
-11
2368
-288
3379
972942
48
-12
-6
2410
-235
3340
973967
34
-6
-2
2407
-243
3336
974992
19
1
-8
2397
-269
3372
967808
13
6
-12
2376
-223
3399
968833
-2
3
-11
2377
-240
3405
969858
4
3
2
2392
-212
3382
970883
-10
4
3
2385
-219
3407
971908
-26
-2
4
2405
-268
3367
972933
7
-1
10
2381
-228
3390
973958
1
-8
7
2381
-246
3390
974983
-3
-6
12
2397
-265
3342
976008
16
0
12
2376
-277
3398
977033
5
-4
2
2396
-285
3382
978058
2
-3
3
2382
-245
3359
979083
-9
1
-3
2392
-255
3374
980108
-2
1
-3
2381
-265
3369
981133
23
1
1
2389
-224
3388
982158
12
1
1
2384
-238
3388
983183
4
1
5
2382
-235
3367
976000
-4
2
4
2384
-214
3410
977025
-8
-5
5
2374
-251
3407
978050
17
-7
11
2372
-251
3397
979075
14
-7
7
2380
-240
3396
980100
-6
-11
6
2380
-272
3385
981125
-2
-13
2
2386
-281
3389
982150
12
-16
-1
2383
-250
3400
983175
15
-15
-2
2379
-241
3376
984200
18
-12
2
2401
-231
3359
985225
8
-10
1
2403
-205
3361
986250
-18
-9
0
2393
-233
3377
987275
4
-9
5
2384
-242
3387
988300
14
-8
6
2385
-203
3382
989325
-13
-8
2
2393
-247
3379
990350
-6
-11
3
2388
-270
3369
991375
-1
-8
4
2395
-223
3371
984228
-19
0
-2
2396
-242
3391
985253
-7
-10
-1
2407
-247
3475
986278
-32
-15
8
2406
-217
3342
987303
-28
15
37
2430
-328
3192
988328
199
65
8
2418
-441
3231
989353
271
49
-38
2260
-28
4056
990378
189
-113
-61
2206
-254
3941
991403
12
-155
6
2396
-337
2856
992428
105
-29
-34
2502
-435
2531
993453
124
72
-105
2690
-156
2991
994478
-11
90
-60
2401
178
3486
995503
-204
50
-31
2283
-32
3602
996528
-200
24
-42
2289
-63
3644
997553
-166
-8
-13
2293
-10
3647
998578
-119
-65
10
2331
-343
3548
999603
28
-89
47
2459
-229
3294
992384
-9
-51
68
2437
51
3249
993409
-176
-27
50
2419
-345
3351
994434
-105
-23
30
2369
-461
3414
995459
18
-33
18
2374
-267
3391
996484
49
-40
12
2409
-285
3351
997509
57
-40
4
2428
-290
3293
998534
32
-21
-7
2435
-196
3283
999559
-22
0
-12
2419
-265
3318
1000584
21
3
-6
2407
-254
3288
1001609
80
11
2
2429
-109
3308
1002634
12
27
-1
2430
-172
3394
1003659
-15
26
3
2378
-256
3418
1004684
22
13
5
2377
-212
3432
1005709
17
1
7
2397
-214
3392
1006734
-4
-3
6
2403
-221
3404
1007759
-9
-5
11
2383
-239
3372
1000576
7
-9
5
2397
-222
3410
1001601
-7
-17
2
2408
-206
3372
1002626
3
-16
10
2392
-211
3358
1003651
4
-17
5
2407
-230
3368
1004676
1
-17
3
2415
-227
3338
1005701
15
-15
4
2411
-204
3345
1006726
12
-8
6
2419
-199
3329
1007751
-2
-2
4
2399
-219
3365
1008776
1
-6
3
2410
-245
3356
1009801
28
-1
6
2421
-184
3350
1010826
4
7
7
2404
-192
3361
1011851
-12
4
4
2402
-230
3360
1012876
4
3
4
2398
-230
3384
1013901
12
1
3
2397
-210
3372
1014926
-4
-1
2
2398
-216
3394
1015951
-7
-2
4
2402
-212
3396
1008768
-1
-6
5
2402
-211
3382
1009793
0
-5
3
2412
-196
3364
1010818
-18
-1
3
2411
-197
3354
1011843
-21
-1
4
2416
-228
3345
1012868
9
-3
7
2391
-213
3354
1013893
2
2
4
2404
-189
3352
1014918
-40
11
1
2422
-208
3382
1015943
-69
34
-3
2468
-170
3353
1016968
-128
73
4
2405
-134
3355
1017993
-243
84
-22
2324
-541
3467
1019018
34
51
-82
2280
-430
3810
1020043
349
-97
-44
2211
243
3735
1021068
-266
-146
40
2665
455
3095
1022093
-886
22
65
2339
-534
2712
1023118
-365
66
-5
2535
-1404
2880
1024143
379
79
24
2514
-273
3178
1016960
205
78
19
2308
475
3729
1017985
-468
37
-35
2304
20
3802
1019010
-526
-20
37
2181
-596
3625
1020035
-61
-95
48
2309
-725
3470
1021060
109
-105
11
2476
-97
3350
1022085
-130
-88
30
2447
-163
3369
1023110
-245
-89
39
2418
-590
3355
1024135
18
-93
42
2356
-593
3342
1025160
150
-83
11
2424
-303
3275
1026185
72
-54
3
2477
-303
3195
1027210
28
-25
8
2490
-379
3153
1028235
25
0
9
2473
-352
3251
1029260
3
14
3
2397
-344
3352
1030285
10
16
-10
2401
-386
3371
1031310
62
15
-6
2430
-362
3318
1032335
89
24
6
2430
-289
3293
1025152
31
35
6
2443
-340
3339
1026177
-17
36
1
2412
-386
3382
1027202
11
25
-4
2389
-356
3410
1028227
32
15
-8
2404
-306
3438
1029252
11
8
-3
2379
-313
3446
1030277
-4
-8
-2
2392
-340
3420
1031302
3
-17
3
2419
-313
3361
1032327
-6
-16
12
2427
-312
3320
1033352
-9
-9
9
2431
-350
3308
1034377
6
-1
7
2431
-357
3310
1035402
23
4
8
2421
-343
3299
1036427
31
14
6
2421
-324
3340
1037452
-3
23
0
2411
-349
3374
1038477
-2
15
-3
2393
-358
3386
1039502
15
8
-5
2389
-337
3407
1040527
20
1
-7
2405
-338
3379
1033344
30
-3
2
2413
-306
3343
1034369
26
-1
8
2404
-278
3383
1035394
-3
-2
8
2410
-324
3397
1036419
9
-3
13
2385
-314
3394
1037444
2
-8
9
2407
-305
3364
1038469
-13
-11
10
2416
-350
3323
1039494
11
-6
11
2418
-332
3332
1040519
2
1
6
2413
-315
3367
1041544
-11
2
3
2402
-351
3352
1042569
18
3
3
2398
-324
3354
1043594
16
5
1
2403
-305
3344
1044619
-5
9
-1
2411
-332
3357
1045644
-10
8
-5
2396
-332
3396
1046669
-11
-3
-6
2398
-326
3401
1047694
8
-11
-1
2407
-319
3364
1048719
3
-9
-3
2409
-283
3369
1041535
-31
1
-1
2425
-304
3390
1042560
-46
18
-2
2465
-281
3346
1043585
-100
50
32
2445
-332
3271
1044610
-146
120
27
2486
-755
3025
1045635
346
148
24
2248
-479
3482
1046660
861
-45
-33
2231
-84
3987
1047685
12
-100
17
2510
558
3556
1048710
-512
-10
50
2133
-776
3105
1049735
-7
-31
-36
2570
-828
2978
1050760
316
16
22
2478
242
3212
1051785
-117
48
12
2376
32
3447
1052810
-272
34
8
2357
-366
3591
1053835
-124
-15
55
2282
-200
3670
1054860
-67
-81
78
2285
-421
3544
1055885
22
-99
59
2435
-544
3292
1056910
58
-68
48
2483
-229
3225
1049728
-57
-44
45
2429
-384
3325
1050753
-81
-35
22
2383
-549
3372
1051778
50
-31
3
2363
-410
3390
1052803
78
-36
-14
2395
-299
3332
1053828
26
-19
-19
2471
-358
3184
1054853
31
29
-16
2493
-309
3129
1055878
31
62
-15
2432
-248
3350
1056903
-1
50
-17
2374
-291
3563
1057928
6
20
-8
2331
-251
3538
1058953
-6
-7
3
2356
-225
3439
1059978
-12
-25
16
2404
-298
3336
1061003
16
-25
32
2446
-318
3266
1062028
15
-14
40
2431
-301
3332
1063053
-20
-4
25
2384
-349
3427
1064078
-21
-13
12
2367
-413
3380
1065103
15
-17
4
2394
-378
3351
1058019
21
-12
-9
2415
-342
3339
1059044
9
-3
-14
2423
-324
3323
1060069
3
1
-17
2403
-309
3351
1061094
0
0
-17
2404
-279
3351
1062119
6
2
-8
2394
-276
3357
1063144
9
4
-3
2406
-289
3372
1064169
5
4
1
2409
-303
3378
1065194
15
2
12
2405
-317
3346
1066219
13
4
7
2407
-283
3385
1067244
-31
4
0
2397
-329
3385
1068269
-1
-2
3
2373
-344
3392
1069294
34
-9
5
2421
-289
3336
1070319
10
-1
2
2409
-286
3363
1071344
-32
-4
-8
2398
-357
3381
1072369
-11
-5
-6
2396
-317
3360
1073394
5
-2
-4
2396
-308
3373
1066112
0
-2
-6
2406
-298
3345
1067137
-12
5
-4
2410
-276
3359
1068162
-20
4
-2
2405
-327
3354
1069187
2
4
-1
2403
-315
3356
1070212
13
9
-2
2398
-273
3382
1071237
9
6
5
2403
-303
3363
1072262
20
6
6
2397
-299
3379
1073287
-2
4
1
2390
-305
3405
1074312
-10
-1
3
2391
-332
3389
1075337
15
-9
5
2389
-295
3382
1076362
2
-11
2
2410
-287
3339
1077387
-8
-5
2
2404
-307
3367
1078412
4
-9
1
2392
-285
3413
1079437
7
-10
4
2396
-263
3369
1080462
-2
-5
7
2402
-288
3337
1081487
-2
-1
12
2408
-305
3336
1074304
18
4
21
2400
-274
3340
1075329
1
7
19
2394
-297
3395
1076354
-16
2
13
2387
-344
3404
1077379
-12
2
6
2415
-310
3408
1078404
-53
24
-10
2455
-254
3385
1079429
-201
59
-10
2368
-367
3499
1080454
-161
56
-19
2370
-650
3220
1081479
382
33
14
2278
-219
3395
1082504
346
-34
-8
2555
167
3451
1083529
-602
8
-4
2418
111
3395
1084554
-628
11
59
2241
-1190
3177
1085579
196
-9
45
2409
-757
3203
1086604
379
3
22
2411
341
3399
1087629
-164
9
12
2383
-105
3453
1088654
-303
-15
19
2308
-589
3699
1089679
-105
-93
15
2262
-492
3638
1082496
88
-124
23
2375
-387
3254
1083521
144
-91
30
2487
-120
3124
1084546
-22
-33
12
2517
-450
3218
1085571
-69
-2
3
2445
-613
3262
1086596
95
-1
13
2350
-346
3330
1087621
84
10
-17
2401
-261
3388
1088646
24
21
-20
2399
-391
3380
1089671
66
20
-4
2403
-316
3399
1090696
47
16
8
2408
-248
3374
1091721
-12
13
9
2421
-351
3353
1092746
2
19
2
2395
-363
3371
1093771
47
11
12
2379
-290
3377
1094796
20
4
8
2404
-336
3401
1095821
12
-4
11
2395
-368
3397
1096846
11
1
5
2393
-333
3401
1097871
17
0
5
2376
-324
3389
1090688
10
-11
-9
2394
-372
3374
1091713
24
-11
-3
2413
-355
3309
1092738
26
-6
0
2397
-280
3374
1093763
-18
-7
-1
2419
-284
3362
1094788
-6
2
11
2383
-329
3346
1095813
19
0
1
2407
-335
3376
1096838
5
-1
6
2401
-284
3356
1097863
-11
0
9
2393
-352
3352
1098888
16
6
6
2405
-364
3343
1099913
21
10
5
2400
-295
3356
1100938
-2
11
6
2400
-350
3377
1101963
-7
7
-3
2383
-358
3407
1102988
-1
-2
-6
2385
-335
3375
1104013
6
-5
-5
2388
-335
3369
1105038
7
-3
-4
2406
-310
3381
1106063
2
-1
0
2389
-307
3373
1098880
9
-1
1
2395
-331
3362
1099905
19
2
1
2397
-297
3361
1100930
5
3
2
2399
-312
3357
1101955
-6
1
5
2400
-328
3358
1102980
3
2
8
2391
-312
3388
1104005
-4
1
4
2378
-331
3377
1105030
-7
-2
1
2400
-333
3371
1106055
-1
-3
0
2394
-322
3366
1107080
-6
-3
-5
2388
-323
3362
1108105
-8
-2
-9
2386
-350
3373
1109130
4
-3
-12
2379
-339
3399
1110155
14
-11
-9
2384
-306
3417
1111180
8
-20
-5
2409
-318
3401
1112205
1
-11
-12
2447
-301
3388
1113230
-47
46
-24
2454
-220
3277
1114255
-126
105
-20
2446
-428
3135
1107072
125
94
-10
2182
-566
3762
1108097
763
-87
-34
2295
-544
3573
1109122
253
-88
-17
2514
767
3360
1110147
-541
-27
1
2331
-392
3135
1111172
-209
-9
6
2493
-1179
3051
1112197
356
27
41
2350
191
3296
1113222
-23
6
13
2377
213
3536
1114247
-335
-14
-2
2350
-410
3640
1115272
-167
-62
43
2347
-422
3431
1116297
80
-86
61
2309
-341
3477
1117322
34
-92
26
2496
-247
3207
1118347
-48
-30
41
2439
-237
3201
1119372
-4
-10
38
2428
-382
3318
1120397
19
-9
20
2400
-411
3356
1121422
8
-2
7
2398
-388
3374
1122447
30
2
0
2394
-364
3364
1115264
58
5
-14
2422
-323
3333
1116289
58
11
-15
2420
-256
3344
1117314
16
16
-10
2397
-212
3424
1118339
-9
5
-5
2388
-289
3431
1119364
31
-8
3
2383
-295
3415
1120389
30
-21
8
2395
-253
3391
1121414
1
-24
11
2418
-295
3366
1122439
-3
-18
15
2411
-312
3376
1123464
15
-18
16
2402
-269
3342
1124489
29
-16
18
2417
-231
3332
1125514
1
-10
8
2418
-323
3347
1126539
-2
-10
2
2420
-348
3318
1127564
16
-4
4
2410
-287
3326
1128589
10
2
3
2404
-303
3364
1129614
-2
10
2
2399
-282
3378
1130639
-3
4
-1
2396
-309
3398
1123456
6
-5
-3
2414
-290
3371
1124481
13
-8
-1
2399
-235
3381
1125506
-9
-8
2
2404
-262
3368
1126531
-10
-8
5
2396
-311
3377
1127556
9
-13
5
2414
-297
3363
1128581
13
-11
9
2414
-279
3341
1129606
-12
-12
2
2408
-313
3376
1130631
-18
-16
-4
2396
-305
3362
1131656
8
-14
-3
2405
-308
3361
1132681
27
-10
-7
2417
-277
3342
1133706
12
-7
-1
2417
-205
3342
1134731
-20
-4
-2
2408
-266
3350
1135756
6
-4
3
2418
-276
3339
1136781
13
-3
1
2419
-238
3361
1137806
-14
-3
4
2424
-275
3353
1138831
4
-2
9
2402
-302
3348
1131648
19
-2
5
2416
-273
3361
1132673
-7
0
2
2418
-279
3376
1133698
-20
-4
2
2403
-309
3376
1134723
2
-7
-1
2402
-298
3372
1135748
-4
-5
-6
2421
-284
3382
1136773
-34
14
-12
2438
-357
3342
1137798
0
27
-11
2425
-348
3317
1138823
21
33
-4
2438
-101
3329
1139848
-74
54
0
2412
-84
3333
1140873
-188
64
7
2380
-408
3382
1141898
-22
74
7
2438
-556
3298
1142923
206
76
-6
2238
-13
3664
1143948
227
-25
-15
2452
-330
3620
1144973
-307
-37
32
2339
-6
3388
1145998
-315
-28
25
2277
-1101
2910
1147023
237
24
-50
2625
-645
2785
1139840
286
103
-51
2488
409
3248
1140865
-227
81
-29
2325
125
3745
1141890
-468
17
-37
2190
-254
4081
1142915
-280
-70
12
2162
-523
3593
1143940
232
-140
32
2339
-459
3383
1144965
204
-139
38
2642
170
3075
1145990
-151
-48
88
2424
-275
3193
1147015
-159
-29
47
2461
-738
3280
1148040
96
-13
38
2398
-440
3305
1149065
149
-4
26
2367
-242
3353
1150090
34
9
0
2413
-331
3376
1151115
-2
10
-8
2419
-404
3389
1152140
31
2
-7
2395
-326
3399
1153165
40
3
-12
2404
-285
3380
1154190
67
2
-1
2392
-259
3359
1155215
36
2
-8
2403
-234
3386
1148032
-18
0
-3
2414
-292
3382
1149057
-10
-3
4
2398
-313
3404
1150082
21
-14
5
2408
-298
3389
1151107
55
-14
19
2403
-236
3342
1152132
46
-12
27
2404
-234
3338
1153157
16
-6
24
2439
-337
3313
1154182
36
9
23
2394
-315
3348
1155207
21
11
10
2397
-316
3363
1156232
-3
11
1
2394
-335
3385
1157257
-8
4
-6
2418
-345
3383
1158282
14
4
-8
2375
-344
3392
1159307
36
-4
-22
2397
-287
3411
1160332
19
-8
-20
2407
-238
3359
1161357
9
-9
-14
2402
-263
3370
1162382
8
-10
-3
2407
-241
3349
1163407
10
-9
7
2403
-245
3349
1156223
-4
0
4
2405
-259
3371
1157248
-3
4
5
2394
-290
3377
1158273
23
-7
8
2398
-297
3380
1159298
25
-16
6
2412
-286
3385
1160323
-10
-13
3
2382
-267
3385
1161348
-15
-18
3
2403
-287
3360
1162373
3
-16
6
2414
-290
3342
1163398
1
-12
2
2422
-265
3345
1164423
-9
-10
3
2413
-267
3363
1165448
7
-5
5
2404
-302
3368
1166473
26
-6
4
2409
-271
3332
1167498
12
-2
2
2423
-272
3332
1168523
0
6
2
2404
-299
3371
1169548
7
5
-2
2401
-297
3373
1170573
8
5
-7
2396
-286
3377
1171598
10
-1
-8
2413
-286
3357
1164416
11
-1
-7
2402
-263
3372
1165441
6
-1
-7
2405
-238
3370
1166466
-7
1
-5
2399
-255
3365
1167491
-2
0
-1
2406
-255
3348
1168516
-11
7
1
2445
-185
3323
1169541
-36
31
-2
2464
-159
3303
1170566
-118
70
29
2417
-288
3463
1171591
-224
126
-21
2360
-554
3406
1172616
231
18
-52
2038
-488
3821
1173641
761
-175
-43
2534
-414
3564
1174666
-93
-105
24
2514
757
3041
1175691
-506
2
46
2352
-965
2773
1176716
66
66
-20
2648
-731
2893
1177741
396
119
44
2374
548
3317
1178766
-178
92
9
2317
126
3815
1179791
-474
22
-15
2262
-484
3982
1172608
-151
-96
50
2149
-532
3600
1173633
161
-131
50
2455
-300
3203
1174658
118
-75
44
2511
-24
3142
1175683
-92
-30
31
2491
-406
3266
1176708
-65
-11
33
2412
-463
3408
1177733
-2
-11
18
2294
-344
3472
1178758
-9
-32
-18
2406
-369
3357
1179783
57
-22
-4
2436
-240
3271
1180808
76
3
9
2422
-157
3286
1181833
-5
13
2
2432
-271
3318
1182858
-39
17
-13
2418
-371
3348
1183883
26
17
-12
2398
-293
3357
1184908
78
37
4
2419
-142
3344
1185933
43
40
24
2358
-199
3376
1186958
-11
23
7
2434
-362
3373
1187983
19
23
7
2378
-321
3398
1180800
27
10
-2
2390
-317
3396
1181825
34
3
-1
2372
-267
3425
1182850
-8
-4
-15
2365
-269
3458
1183875
-19
-21
-17
2375
-316
3443
1184900
30
-36
-12
2396
-232
3399
1185925
36
-40
1
2414
-173
3352
1186950
-8
-27
6
2407
-191
3357
1187975
-33
-23
6
2402
-264
3359
1189000
-3
-26
10
2404
-277
3352
1190025
20
-28
16
2413
-250
3327
1191050
-1
-19
10
2427
-277
3326
1192075
-11
-6
7
2407
-294
3338
1193100
7
-3
1
2405
-291
3335
1194125
13
-3
-5
2406
-287
3355
1195150
7
-8
-8
2408
-261
3352
1196175
5
-6
-9
2406
-238
3373
1188992
1
-5
-10
2405
-253
3375
1190017
10
-6
-4
2392
-231
3354
1191042
15
-8
-1
2418
-227
3351
1192067
8
-2
4
2412
-242
3367
1193092
-2
-2
4
2407
-234
3380
1194117
-5
-4
8
2397
-273
3370
1195142
13
-7
8
2412
-272
3347
1196167
13
-3
5
2416
-230
3351
1197192
0
-2
4
2411
-242
3373
1198217
-4
1
4
2420
-250
3316
1199242
1
8
0
2408
-245
3344
1200267
-15
7
-7
2385
-301
3422
1201292
-12
-11
-6
2390
-250
3404
1202317
-7
-21
2
2413
-240
3340
1203342
0
-6
0
2438
-210
3314
1204367
-52
32
-8
2463
-231
3300
1197184
-86
68
-14
2484
-244
3273
1198209
-68
87
20
2421
-219
3393
1199234
-172
104
-8
2292
-360
3755
1200259
156
-14
-4
2165
-216
3689
1201284
296
-97
83
2477
115
3206
1202309
-347
-12
37
2452
-153
3055
1203334
-310
16
46
2469
-1119
2992
1204359
218
43
41
2417
-210
3290
1205384
51
30
23
2307
177
3696
1206409
-374
-7
-31
2330
-319
3671
1207434
-275
-41
1
2276
-502
3487
1208459
82
-103
10
2362
-512
3450
1209484
123
-100
13
2525
-107
3217
1210509
-83
-35
28
2419
-125
3208
1211534
-73
-23
31
2425
-527
3237
1212559
95
-9
16
2424
-347
3338
1205376
21
7
-1
2418
-226
3366
1206401
-26
19
7
2398
-417
3325
1207426
66
23
-2
2401
-377
3368
1208451
52
24
-14
2419
-259
3370
1209476
-4
29
-6
2395
-315
3341
1210501
9
34
-6
2401
-301
3373
1211526
14
31
-11
2387
-277
3414
1212551
14
16
-3
2380
-315
3412
1213576
34
6
0
2394
-274
3411
1214601
15
-2
2
2394
-268
3375
1215626
-5
-6
5
2387
-313
3371
1216651
-1
-3
1
2389
-288
3419
1217676
-4
-4
4
2390
-280
3393
1218701
0
-11
3
2370
-336
3384
1219726
9
-12
-1
2417
-308
3323
1220751
16
1
6
2382
-281
3363
1213568
-10
-1
-3
2397
-317
3378
1214593
1
-3
-3
2402
-298
3379
1215618
26
-8
-3
2396
-285
3372
1216643
23
-2
0
2415
-263
3315
1217668
-4
11
-1
2394
-266
3383
1218693
-26
9
-2
2388
-321
3385
1219718
4
6
2
2373
-300
3391
1220743
26
2
4
2391
-283
3392
1221768
13
4
4
2393
-259
3374
1222793
-17
4
1
2391
-295
3381
1223818
-17
2
0
2386
-316
3386
1224843
-2
-1
2
2384
-291
3386
1225868
5
0
4
2394
-294
3359
1226893
1
10
4
2397
-290
3358
1227918
-3
8
6
2387
-263
3376
1228943
-12
3
9
2379
-274
3383
1221760
-14
-1
12
2383
-325
3387
1222785
7
-4
9
2395
-297
3407
1223810
4
-5
8
2378
-294
3396
1224835
-2
-12
6
2375
-319
3388
1225860
7
-14
3
2393
-304
3381
1226885
-1
-12
1
2380
-295
3370
1227910
-3
-12
-2
2392
-293
3381
1228935
4
-15
0
2387
-273
3371
1229960
0
-14
1
2403
-279
3365
1230985
-10
-7
0
2402
-283
3377
1232010
-20
-1
0
2419
-245
3380
1233035
-54
24
0
2491
-193
3228
1234060
-120
68
25
2422
-289
3285
1235085
-214
93
2
2345
-517
3391
1236110
199
-12
-62
2007
-474
3870
1237135
641
-154
-36
2614
-401
3487
1229952
-290
-38
15
2417
894
3241
1230977
-516
-22
100
2290
-1081
3108
1232002
51
-1
31
2544
-769
3170
1233027
216
20
50
2287
282
3594
1234052
-267
-51
-32
2341
-153
3758
1235077
-263
-121
6
2314
-688
3484
1236102
99
-127
46
2424
-413
3180
1237127
111
-76
36
2477
0
3145
1238152
-72
-44
21
2476
-401
3210
1239177
-14
-24
7
2472
-623
3291
1240202
96
-13
-1
2406
-313
3341
1241227
17
-5
-25
2406
-257
3350
1242252
-18
2
-32
2419
-366
3355
1243277
48
8
-22
2415
-310
3352
1244302
72
5
-9
2419
-263
3358
1245327
36
1
-10
2438
-269
3323
1238145
13
7
-4
2422
-258
3346
1239170
3
6
0
2408
-317
3361
1240195
12
3
-2
2419
-308
3368
1241220
15
0
2
2417
-267
3392
1242245
-10
-4
5
2407
-275
3386
1243270
-17
-9
8
2411
-341
3367
1244295
16
-11
7
2405
-310
3381
1245320
6
-19
6
2423
-277
3359
1246345
-10
-19
13
2425
-335
3334
1247370
10
-16
8
2423
-306
3331
1248395
0
-16
3
2429
-289
3317
1249420
3
-13
9
2441
-301
3328
1250445
3
-1
12
2409
-291
3371
1251470
-15
-7
6
2414
-323
3371
1252495
-13
-11
8
2417
-313
3345
1253520
15
-11
11
2410
-280
3328
1246335
7
-5
1
2450
-318
3329
1247360
7
6
5
2425
-315
3356
1248385
17
12
10
2413
-276
3339
1249410
-7
8
7
2431
-305
3342
1250435
-37
8
-3
2419
-333
3334
1251460
1
9
-1
2411
-312
3322
1252485
56
9
6
2428
-276
3337
1253510
25
13
4
2441
-269
3358
1254535
-29
18
7
2410
-285
3389
1255560
-18
11
7
2398
-330
3389
1256585
16
-4
5
2398
-303
3385
1257610
9
-10
3
2413
-274
3397
1258635
-5
-13
10
2412
-284
3360
1259660
1
-14
16
2418
-314
3342
1260685
-4
-12
13
2421
-313
3340
1261710
-14
-8
4
2413
-329
3362
1254528
11
-11
5
2397
-328
3351
1255553
19
-12
-1
2433
-299
3331
1256578
-5
-5
-6
2425
-304
3332
1257603
-3
-5
-5
2414
-322
3343
1258628
28
-6
-1
2414
-292
3359
1259653
24
-6
-4
2420
-256
3350
1260678
7
-5
-3
2412
-281
3336
1261703
21
-5
1
2408
-290
3348
1262728
35
-4
3
2417
-267
3355
1263753
33
-8
10
2423
-295
3331
1264778
34
0
12
2420
-284
3344
1265803
16
2
8
2434
-302
3353
1266828
0
-1
1
2412
-322
3376
1267853
0
-9
-3
2401
-314
3391
1268878
17
-12
-1
2414
-275
3385
1269903
17
-11
5
2413
-220
3367
1262720
-33
-7
2
2431
-283
3361
1263745
-43
-5
0
2442
-407
3327
1264770
24
8
-13
2435
-509
3336
1265795
-14
36
-29
2428
-378
3411
1266820
-25
75
22
2357
-54
3477
1267845
341
-7
37
2228
-303
3341
1268870
366
-40
53
2714
296
3078
1269895
-309
71
71
2363
210
3199
1270920
-346
40
64
2520
-1280
3152
1271945
177
67
52
2379
-113
3439
1272970
-105
35
15
2258
190
3746
1273995
-429
-37
-32
2233
-768
3762
1275020
-15
-124
-37
2355
-629
3315
1276045
175
-102
-24
2518
-26
3102
1277070
14
-40
2
2528
-174
3202
1278095
-83
-12
-1
2407
-406
3341
1271252
-44
-8
-9
2408
-391
3343
1272277
46
0
-5
2404
-180
3354
1273302
42
-3
9
2424
-165
3314
1274327
-7
6
19
2455
-278
3267
1275352
10
31
29
2442
-354
3298
1276377
66
32
27
2420
-338
3345
1277402
34
33
8
2422
-295
3373
1278427
-19
31
3
2396
-341
3405
1279452
15
23
9
2364
-341
3406
1280477
38
9
-5
2400
-290
3448
1281502
8
-3
-2
2416
-284
3349
1282527
37
-3
8
2392
-270
3369
1283552
3
-6
-5
2417
-250
3389
1284577
-20
-8
6
2399
-271
3350
1285602
25
-13
11
2390
-337
3379
1286627
38
-14
0
2426
-270
3370
1279104
7
-9
6
2408
-262
3332
1280129
-1
-9
5
2405
-326
3344
1281154
22
-7
5
2433
-301
3286
1282179
33
14
6
2418
-268
3327
1283204
-7
21
-5
2414
-303
3397
1284229
-12
16
-7
2386
-340
3375
1285254
35
10
-8
2396
-280
3354
1286279
39
9
-7
2393
-246
3351
1287304
14
11
-9
2423
-243
3354
1288329
6
14
-2
2396
-259
3405
1289354
9
6
2
2370
-266
3411
1290379
18
-7
0
2395
-287
3389
1291404
43
-12
5
2402
-257
3385
1292429
27
-14
5
2401
-216
3393
1293454
-7
-17
7
2404
-271
3357
1294479
9
-11
11
2406
-306
3345
1287297
25
-6
14
2413
-244
3347
1288322
-15
-3
5
2413
-275
3364
1289347
-28
-2
1
2402
-338
3382
1290372
5
-6
-2
2377
-282
3390
1291397
8
-10
-4
2400
-257
3383
1292422
-4
-9
-4
2416
-268
3357
1293447
-2
-8
3
2398
-232
3342
1294472
-11
-8
4
2422
-258
3346
1295497
-5
-2
4
2420
-271
3361
1296522
0
2
5
2382
-250
3370
1297547
-13
0
1
2411
-282
3371
1298572
-18
2
-3
2407
-305
3374
1299597
-6
0
-2
2395
-285
3358
1300622
12
-4
4
2385
-275
3364
1301647
3
-3
3
2402
-240
3360
1302672
-5
-2
-8
2481
-270
3388
1295487
-11
10
4
2300
-279
3373
1296512
23
-6
-2
2394
-203
3349
1297537
27
-9
6
2497
-278
3326
1298562
-6
7
13
2386
-218
3338
1299587
-55
13
2
2369
-247
3391
1300612
-10
10
7
2407
-343
3396
1301637
48
7
14
2396
-250
3368
1302662
-3
11
5
2396
-235
3375
1303687
-27
14
-1
2449
-306
3402
1304712
-12
41
-9
2447
-228
3347
1305737
-65
104
12
2447
-246
3340
1306762
-335
158
-13
2234
-617
3869
1307787
465
-79
-61
1890
-1114
3875
1308812
629
-220
4
2814
953
3153
1309837
-370
-21
119
2300
734
2701
1310862
-465
27
50
2643
-1492
2742
1303681
220
107
50
2505
-229
3319
1304706
144
72
85
2236
326
3530
1305731
-272
31
21
2367
-454
3588
1306756
-134
-9
22
2229
-396
3866
1307781
-91
-93
18
2213
-397
3578
1308806
15
-121
14
2488
-546
3200
1309831
101
-61
0
2512
-99
3256
1310856
-86
-32
-3
2389
-296
3329
1311881
-87
-30
-14
2399
-540
3350
1312906
48
-27
-19
2380
-298
3447
1313931
41
-38
-23
2363
-153
3435
1314956
-16
-50
-14
2420
-268
3336
1315981
-10
-39
-4
2451
-354
3248
1317006
40
-18
-5
2449
-278
3205
1318031
43
10
-12
2467
-215
3248
1319056
14
25
-1
2414
-273
3355
1311872
7
21
2
2369
-276
3422
1312897
15
9
-5
2395
-289
3415
1313922
34
11
1
2404
-284
3384
1314947
38
8
6
2418
-271
3359
1315972
15
6
9
2403
-239
3413
1316997
-33
-2
3
2380
-263
3466
1318022
-28
-21
3
2369
-317
3419
1319047
14
-35
2
2408
-302
3364
1320072
20
-36
3
2430
-260
3318
1321097
-3
-21
6
2430
-221
3323
1322122
-32
-16
3
2416
-306
3347
1323147
-11
-13
1
2424
-289
3323
1324172
-14
-4
2
2423
-216
3294
1325197
-36
8
0
2427
-335
3320
1326222
31
6
9
2413
-341
3338
1327247
72
6
9
2425
-214
3357
1320065
-5
14
6
2413
-215
3371
1321090
-46
16
4
2398
-322
3386
1322115
11
5
5
2390
-314
3392
1323140
31
-6
3
2406
-229
3358
1324165
-8
-7
4
2415
-269
3365
1325190
-11
-8
5
2401
-318
3385
1326215
10
-9
6
2396
-266
3394
1327240
-2
-14
5
2400
-270
3373
1328265
-9
-18
0
2427
-272
3331
1329290
-2
-13
5
2423
-276
3325
1330315
0
-9
7
2407
-283
3350
1331340
-3
-5
4
2419
-269
3356
1332365
-2
-2
7
2410
-290
3348
1333390
2
-1
0
2424
-303
3342
1334415
9
2
1
2410
-280
3336
1335440
6
8
0
2410
-281
3363
1328256
0
5
-1
2411
-269
3365
1329281
-1
0
1
2409
-279
3372
1330306
1
-1
2
2411
-270
3382
1331331
4
-2
2
2405
-263
3370
1332356
4
-4
4
2409
-264
3355
1333381
-10
-4
6
2421
-290
3356
1334406
-2
-4
8
2417
-291
3364
1335431
10
-6
7
2397
-261
3379
1336456
1
-8
3
2404
-294
3352
1337481
9
-5
1
2417
-276
3347
1338506
1
-5
2
2418
-258
3357
1339531
-15
-1
3
2414
-294
3361
1340556
12
-3
5
2403
-275
3355
1341581
18
-4
3
2411
-236
3379
1342606
-12
-6
3
2405
-257
3367
1343631
-7
-6
6
2412
-288
3339
1336447
11
-3
9
2407
-245
3351
1337472
-15
4
7
2429
-248
3350
1338497
-74
35
-6
2473
-213
3328
1339522
-80
62
4
2429
-246
3369
1340547
-70
68
-12
2359
-633
3405
1341572
123
58
-42
2457
-872
3222
1342597
361
46
-55
2215
263
3812
1343622
174
-59
-24
2410
308
3467
1344647
-426
-39
42
2376
66
3376
1345672
-386
-41
35
2333
-914
3189
1346697
69
-22
22
2542
-557
3060
1347722
139
10
45
2442
216
3303
1348747
-272
-1
39
2373
-168
3498
1349772
-436
-13
16
2323
-504
3529
1350797
-205
-59
26
2290
-495
3435
1351822
124
-109
5
2412
-425
3356
1344640
96
-86
-5
2548
-165
3205
1345665
-87
-28
12
2422
-298
3208
1346690
-59
-6
1
2450
-525
3281
1347715
73
5
1
2440
-335
3316
1348740
100
20
4
2403
-230
3325
1349765
59
24
-4
2419
-342
3379
1350790
35
22
-6
2415
-311
3388
1351815
25
16
7
2394
-283
3390
1352840
16
9
12
2417
-345
3400
1353865
27
-1
11
2397
-274
3439
1354890
-6
-13
18
2404
-293
3368
1355915
12
-11
26
2411
-363
3351
1356940
23
-7
14
2415
-337
3367
1357965
2
-15
9
2420
-320
3358
1358990
0
-16
10
2408
-331
3373
1360015
6
-8
2
2410
-348
3342
1352832
19
-11
0
2411
-315
3322
1353857
7
-8
-2
2443
-278
3307
1354882
4
3
10
2424
-315
3311
1355907
-6
11
-1
2426
-280
3397
1356932
-31
10
3
2393
-292
3433
1357957
-11
-6
12
2362
-352
3375
1358982
23
-11
4
2443
-306
3310
1360007
38
4
20
2435
-243
3247
1361032
-10
21
12
2435
-352
3322
1362057
-41
18
-8
2414
-409
3389
1363082
7
5
-8
2382
-331
3390
1364107
37
3
-4
2390
-243
3403
1365132
-11
1
-9
2398
-317
3388
1366157
-9
-7
-5
2406
-336
3372
1367182
5
-13
2
2401
-287
3365
1368207
-2
-13
3
2415
-290
3350
1361024
2
-10
5
2409
-305
3347
1362049
7
-11
6
2410
-312
3360
1363074
-1
-11
3
2423
-317
3345
1364099
-3
-6
3
2422
-327
3334
1365124
5
-4
2
2411
-320
3348
1366149
23
-3
4
2426
-333
3313
1367174
33
10
-2
2425
-275
3365
1368199
-10
12
-6
2410
-313
3378
1369224
-6
7
-3
2404
-341
3379
1370249
25
2
0
2393
-268
3376
1371274
8
-3
0
2421
-282
3347
1372299
2
-2
2
2426
-301
3328
1373324
9
1
5
2412
-288
3359
1374349
14
4
13
2396
-295
3370
1375374
2
5
9
2398
-302
3392
1376399
-11
2
7
2394
-311
3375
1369216
-6
1
6
2409
-327
3366
1370241
13
1
6
2415
-314
3337
1371266
22
7
5
2409
-263
3344
1372291
-4
7
3
2400
-305
3355
1373316
2
6
4
2408
-337
3353
1374341
20
8
3
2395
-304
3373
1375366
14
9
0
2405
-301
3370
1376391
11
10
1
2400
-300
3384
1377416
11
7
0
2401
-293
3369
1378441
7
8
-2
2406
-305
3375
1379466
7
5
0
2398
-299
3379
1380491
1
7
-1
2414
-238
3437
1381516
-8
4
-5
2423
-193
3467
1382541
-6
8
76
2462
-308
3098
1383566
35
95
53
2457
-900
3083
1384591
393
183
-82
2425
-669
3242
1377408
399
131
-153
2140
680
4292
1378433
27
-127
-11
2324
200
3952
1379458
-487
-104
92
2198
-441
2933
1380483
-81
-44
32
2445
-751
2756
1381508
202
18
-4
2634
-38
3179
1382533
-55
34
30
2435
-26
3374
1383558
-212
9
58
2314
-308
3633
1384583
-293
-23
21
2162
-233
3837
1385608
-217
-106
16
2291
-512
3323
1386633
183
-103
39
2524
-437
3159
1387658
100
-41
14
2511
-12
3359
1388683
-224
-30
16
2372
-498
3400
1389708
-91
-39
6
2365
-512
3354
1390733
88
-31
-3
2387
-271
3307
1391758
87
-12
-17
2437
-250
3363
1392783
-15
-5
-21
2413
-290
3396
1385599
-76
-1
-20
2442
-372
3215
1386624
-11
46
-13
2467
-245
3103
1387649
-25
80
-30
2397
-248
3390
1388674
-65
47
-35
2349
-434
3647
1389699
-8
-4
-16
2301
-342
3617
1390724
41
-54
4
2345
-236
3428
1391749
41
-67
11
2434
-262
3308
1392774
11
-52
12
2441
-275
3304
1393799
0
-34
23
2440
-318
3291
1394824
18
-22
18
2406
-315
3359
1395849
0
-20
2
2408
-343
3376
1396874
14
-15
8
2395
-330
3313
1397899
26
-1
1
2444
-315
3256
1398924
24
12
-6
2439
-318
3291
1399949
-1
17
-15
2427
-299
3367
1400974
-7
11
-8
2386
-306
3381
1393793
23
5
-8
2400
-278
3354
1394818
24
9
-7
2413
-234
3382
1395843
-10
9
2
2395
-256
3415
1396868
-8
2
13
2390
-317
3397
1397893
22
-6
11
2395
-298
3397
1398918
11
-12
6
2404
-289
3362
1399943
-3
-11
10
2404
-323
3348
1400968
6
-9
8
2403
-317
3366
1401993
8
-10
4
2411
-299
3357
1403018
3
-10
1
2391
-288
3362
1404043
-4
-10
-2
2432
-291
3364
1405068
-3
-7
5
2410
-323
3341
1406093
6
0
7
2396
-272
3340
1407118
-2
1
1
2421
-274
3380
1408143
-12
-1
4
2411
-319
3326
1409168
12
8
6
2388
-295
3389
1401984
4
-1
0
2400
-319
3403
1403009
-1
-8
5
2397
-276
3353
1404034
-5
-5
4
2397
-285
3369
1405059
-5
-10
-1
2419
-320
3359
1406084
2
-8
5
2417
-264
3328
1407109
6
-1
8
2406
-295
3352
1408134
0
0
4
2402
-299
3364
1409159
-7
0
6
2401
-288
3358
1410184
2
-2
10
2407
-315
3370
1411209
12
-6
5
2410
-289
3380
1412234
-9
-8
2
2410
-284
3360
1413259
-14
-5
3
2398
-314
3345
1414284
12
-2
9
2404
-284
3352
1415309
8
0
6
2408
-281
3365
1416334
-11
-1
1
2417
-319
3370
1417359
-5
-4
-2
2402
-315
3374
1410375
16
-8
1
2400
-299
3359
1411400
12
-4
1
2415
-262
3376
1412425
-19
1
-2
2393
-288
3382
1413450
-9
-4
-2
2392
-296
3381
1414475
10
-11
4
2416
-285
3358
1415500
4
-8
5
2418
-260
3343
1416525
-28
4
3
2419
-251
3327
1417550
-91
57
-9
2517
-83
3190
1418575
-180
123
2
2506
21
3147
1419600
-357
109
31
2349
-1003
3443
1420625
205
44
-67
2240
-1217
3805
1421650
1199
-149
-127
1907
-317
4075
1422675
292
-237
-140
2812
1248
3438
1423700
-787
-110
23
2134
-274
3082
1424725
-371
-113
-49
2559
-1666
2915
1425750
495
-39
-23
2541
205
3050
1418368
198
-14
11
2461
686
3214
1419393
-334
9
29
2535
-162
3428
1420418
-333
14
82
2258
-141
3699
1421443
-179
-66
106
2308
-497
3377
1422468
114
-68
85
2542
-323
3132
1423493
95
-15
81
2508
-142
3245
1424518
-122
7
57
2460
-697
3464
1425543
-32
-17
50
2293
-542
3660
1426568
1
-77
9
2318
-381
3373
1427593
-1
-71
-11
2545
-273
2928
1428618
85
16
-2
2552
-142
3008
1429643
44
61
-13
2499
-376
3245
1430668
17
69
-28
2444
-396
3295
1431693
74
69
-16
2416
-157
3280
1432718
51
76
-12
2435
-152
3358
1433743
0
76
-6
2406
-237
3524
1426560
0
51
12
2364
-225
3518
1427585
17
21
30
2364
-252
3475
1428610
4
-2
26
2417
-349
3370
1429635
16
-3
31
2408
-292
3350
1430660
-11
0
27
2401
-273
3392
1431685
-36
-5
16
2405
-352
3403
1432710
4
-11
12
2410
-343
3356
1433735
35
-12
5
2403
-292
3347
1434760
-1
-7
-3
2451
-319
3305
1435785
10
9
1
2411
-305
3320
1436810
17
9
-6
2431
-268
3306
1437835
14
24
1
2431
-227
3312
1438860
-10
28
-3
2389
-287
3402
1439885
1
20
-5
2401
-305
3364
1440910
37
21
3
2386
-234
3392
1441935
4
15
-4
2404
-279
3422
1434752
-8
12
5
2397
-259
3371
1435777
20
8
15
2399
-304
3369
1436802
9
1
6
2406
-269
3387
1437827
-22
-4
0
2391
-315
3416
1438852
13
-9
0
2381
-320
3412
1439877
35
-13
-1
2384
-247
3391
1440902
2
-19
-4
2412
-292
3353
1441927
5
-16
-2
2413
-286
3348
1442952
4
-11
-5
2410
-240
3365
1443977
13
-7
4
2375
-254
3339
1445002
22
-4
1
2436
-259
3337
1446027
19
-1
5
2402
-270
3304
1447052
35
4
10
2439
-287
3292
1448077
31
26
6
2396
-254
3361
1449102
4
26
6
2383
-278
3365
1450127
15
22
2
2386
-308
3402
1442945
43
15
0
2378
-253
3419
1443970
22
7
-3
2408
-235
3385
1444995
8
9
-1
2393
-266
3376
1446020
6
5
0
2404
-252
3356
1447045
8
5
-2
2399
-254
3381
1448070
18
3
2
2374
-270
3385
1449095
21
3
1
2389
-232
3389
1450120
7
3
-2
2407
-259
3398
1451145
13
3
1
2389
-254
3385
1452170
15
-1
4
2373
-253
3382
1453195
15
-7
-2
2404
-241
3399
1454220
26
-6
3
2389
-225
3396
1455245
26
-16
1
2390
-229
3402
1456270
17
-23
-1
2410
-209
3379
1457295
-2
-22
3
2391
-223
3359
1458320
-1
-19
4
2396
-267
3331
1451135
14
-8
9
2407
-261
3286
1452160
26
11
16
2424
-240
3246
1453185
26
34
19
2430
-285
3239
1454210
46
59
10
2419
-244
3301
1455235
38
73
6
2404
-187
3354
1456260
28
76
5
2379
-244
3352
1457285
54
83
8
2388
-187
3352
1458310
42
91
17
2383
-143
3368
1459335
18
96
34
2342
-208
3399
1460360
53
95
45
2329
-197
3465
1461385
74
81
55
2351
-111
3482
1462410
43
65
65
2358
-167
3411
1463435
20
68
78
2345
-163
3373
1464460
-15
78
87
2334
-202
3410
1465485
-2
78
97
2343
-198
3412
1466510
9
83
107
2319
-185
3402
1459329
7
89
105
2350
-193
3370
1460354
12
98
104
2390
-179
3319
1461379
-31
118
102
2334
-205
3367
1462404
-98
141
97
2246
-330
3402
1463429
-88
149
91
2291
-344
3376
1464454
-64
170
97
2266
-377
3325
1465479
-54
209
86
2256
-390
3387
1466504
-54
232
51
2189
-356
3607
1467529
-33
203
42
2131
-503
3642
1468554
82
172
38
2155
-473
3575
1469579
123
157
31
2186
-364
3521
1470604
31
159
-9
2209
-376
3617
1471629
5
140
-51
2153
-393
3758
1472654
106
98
-52
2148
-309
3633
1473679
201
81
-49
2134
-180
3595
1474704
132
70
-66
2160
-191
3583
1467520
-3
71
-82
2173
-198
3615
1468545
-80
60
-69
2093
-193
3692
1469570
-83
40
-40
2061
-261
3673
1470595
-52
32
-24
2119
-197
3548
1471620
-36
43
-21
2187
-138
3455
1472645
-6
61
-6
2168
-206
3440
1473670
38
89
2
2155
-178
3454
1474695
71
107
15
2147
-137
3551
1475720
54
115
40
2103
-199
3560
1476745
54
125
44
2105
-230
3538
1477770
68
136
52
2124
-223
3567
1478795
64
143
54
2062
-304
3683
1479820
101
118
53
2013
-334
3694
1480845
124
96
47
2010
-285
3690
1481870
107
83
22
2028
-354
3721
1482895
115
64
0
2030
-387
3741
1475711
152
38
-23
1983
-268
3872
1476736
183
-22
-39
1992
-229
3935
1477761
212
-89
-47
1980
-229
3850
1478786
206
-133
-48
1993
-123
3735
1479811
100
-147
-58
2056
-7
3701
1480836
-47
-152
-68
2080
11
3744
1481861
-126
-179
-51
2105
-115
3696
1482886
-102
-200
-42
2058
-188
3609
1483911
-32
-208
-32
2065
-70
3587
1484936
-52
-207
-13
2161
-108
3513
1485961
-93
-183
-16
2019
-185
3451
1486986
-43
-192
-200
2117
-117
3465
1488011
-153
-138
-141
2532
-61
3473
1489036
-320
16
110
2171
-230
3520
1490061
-62
-149
148
1866
-897
3509
1491086
377
-205
55
2430
121
3514
1483904
81
-111
-14
2170
158
3552
1484929
-129
-129
-28
2184
-405
3505
1485954
7
-127
-22
2233
-164
3539
1486979
-15
-132
-25
2233
-121
3513
1488004
-33
-133
-24
2242
-241
3474
1489029
20
-124
-24
2258
-144
3472
1490054
9
-121
-20
2264
-81
3457
1491079
-20
-117
-15
2281
-141
3427
1492104
-7
-107
-10
2302
-165
3410
1493129
4
-93
-2
2287
-151
3389
1494154
-2
-76
-5
2312
-226
3353
1495179
-114
0
-50
2317
-133
3390
1496204
-58
-18
-30
2332
-126
3410
1497229
-47
-20
-23
2296
-197
3414
1498254
-31
-18
-19
2314
-207
3422
1499279
4
-28
-42
2336
-128
3433
1492096
-3
15
-17
2264
-160
3458
1493121
-6
17
-29
2402
-133
3462
1494146
-43
64
-112
2147
-65
3420
1495171
63
-21
-132
2256
-159
3453
1496196
101
-3
-104
2262
-54
3483
1497221
14
60
-119
2340
-118
3495
1498246
39
19
-60
2331
-166
3449
1499271
80
27
-76
2282
-178
3448
1500296
45
-29
-33
2274
-159
3434
1501321
31
10
-16
2216
-120
3431
1502346
17
-35
3
2170
-92
3460
1503371
-61
-65
-40
2408
-71
3449
1504396
-91
36
-90
2412
-97
3415
1505421
-8
65
-52
2158
-96
3422
1506446
6
-11
14
2323
-63
3425
1507471
-21
-35
39
2249
-78
3447
1500287
-28
-55
-5
2397
-91
3428
1501312
12
27
-22
2270
-128
3484
1502337
16
65
-35
2341
-216
3467
1503362
129
121
-29
2246
-17
3474
1504387
221
121
39
2206
8
3537
1505412
63
74
9
2184
-33
3562
1506437
-122
39
-76
2292
-88
3528
1507462
-112
11
-70
2224
-55
3523
1508487
-118
-43
-31
2246
102
3522
1509512
-158
-86
104
2230
-197
3478
1510537
-104
-135
142
2129
-317
3496
1511562
-109
-104
6
2298
-108
3510
1512587
-72
-56
-43
2345
-79
3481
1513612
15
-36
6
2351
-180
3456
1514637
29
-35
68
2246
-217
3460
1515662
