Device = VHR-0009
time_stamp = 1779871720463
sample_rate = 50
Data format = INT16
TYPE = 6-AXIS IMU RAW DATA
-3
-6
3
-775
2042
3544
3851392
-6
-6
2
-778
2056
3552
3852417
-16
-2
-4
-788
2042
3554
3853442
-14
-5
-7
-788
2036
3538
3854467
-3
-13
-10
-798
2035
3533
3855492
-7
-18
-12
-785
2049
3542
3856517
-15
-20
-10
-798
2022
3542
3857542
-7
-28
-13
-790
2026
3526
3858567
-7
-34
-14
-781
2032
3521
3859592
-13
-37
-7
-783
2044
3584
3860617
-32
-30
-3
-794
2028
3618
3861642
-22
-26
-6
-792
1998
3584
3862667
10
-30
-7
-778
2022
3515
3863692
11
-28
-2
-777
2063
3547
3864717
-29
-18
2
-781
2048
3599
3865742
-42
-5
4
-812
1991
3582
3866767
-14
-4
-1
-814
2017
3547
3859584
-18
-4
-2
-804
2041
3532
3860609
-45
-5
0
-799
2074
3559
3861634
-97
-7
4
-804
2045
3577
3862659
-131
-8
0
-798
2067
3587
3863684
-156
-4
3
-777
1998
3567
3864709
-157
1
12
-789
1933
3561
3865734
-92
-2
6
-795
1909
3584
3866759
-15
-14
-4
-783
1976
3617
3867784
-8
-16
-6
-765
2002
3619
3868809
-44
-10
-1
-786
1972
3608
3869834
-34
-14
1
-785
1978
3618
3870859
-20
-17
8
-791
1933
3617
3871884
-8
-15
5
-785
1971
3621
3872909
-13
-11
5
-780
1967
3629
3873934
-27
-8
6
-771
1948
3620
3874959
-23
-5
7
-780
1978
3602
3867777
-40
-2
8
-789
1949
3588
3868802
-55
0
4
-791
1968
3599
3869827
-67
-3
1
-790
1997
3559
3870852
-98
-4
10
-791
1983
3554
3871877
-196
-7
23
-815
1981
3578
3872902
-375
-16
47
-877
2066
3560
3873927
-507
4
80
-941
1949
3538
3874952
-461
68
56
-834
1598
3513
3875977
62
26
145
-345
1627
4123
3877002
510
-20
160
-798
2315
4381
3878027
-237
39
45
-794
2203
3668
3879052
-478
22
99
-696
1252
2848
3880077
-164
-54
95
-711
1464
3087
3881102
-12
-113
0
-704
1995
3671
3882127
-141
-58
-112
-635
2234
4183
3883152
-461
68
56
-834
1598
3513
3875977
62
26
145
-345
1627
4123
3877002
510
-20
160
-798
2315
4381
3878027
-237
39
45
-794
2203
3668
3879052
-478
22
99
-696
1252
2848
3880077
-164
-54
95
-711
1464
3087
3881102
-12
-113
0
-704
1995
3671
3882127
-141
-58
-112
-635
2234
4183
3883152
-594
52
-82
-522
1699
4680
3875968
-449
73
-16
-766
963
4117
3876993
440
21
-148
-1029
1890
3208
3878018
491
-26
-173
-824
2532
3192
3879043
1
-17
-52
-710
1684
3584
3880068
72
1
-50
-813
1518
3888
3881093
149
6
-81
-814
1870
3909
3882118
-1
39
-63
-819
1817
3700
3883143
-3
36
-26
-798
1730
3642
3884168
62
34
26
-798
1692
3696
3885193
92
41
47
-844
1769
3727
3886218
1
56
29
-851
1869
3700
3887243
-70
63
16
-848
1801
3681
3888268
-32
47
15
-821
1857
3648
3889293
9
27
27
-811
1860
3586
3890318
31
7
26
-818
1832
3565
3891343
19
-8
5
-814
1879
3563
3884161
3
-19
-3
-784
1855
3625
3885186
5
-26
6
-777
1777
3694
3886211
18
-33
12
-807
1747
3705
3887236
35
-34
5
-800
1820
3697
3888261
30
-35
6
-794
1835
3693
3889286
26
-41
16
-796
1773
3701
3890311
55
-41
17
-785
1814
3722
3891336
69
-32
17
-804
1844
3752
3892361
64
-23
15
-818
1849
3738
3893386
67
-18
17
-850
1874
3687
3894411
73
-28
22
-854
1878
3678
3895436
95
-44
32
-806
1919
3670
3896461
82
-34
54
-783
1941
3585
3897486
75
-23
72
-771
1841
3612
3898511
91
-11
64
-757
1832
3713
3899536
92
4
45
-757
1904
3717
3892352
61
11
29
-754
1908
3634
3893377
70
10
28
-749
1886
3595
3894402
107
7
29
-736
1878
3588
3895427
132
-4
34
-748
1974
3568
3896452
91
1
41
-735
1943
3627
3897477
47
20
39
-734
1902
3705
3898502
50
36
40
-753
1918
3723
3899527
41
44
41
-778
1898
3674
3900552
26
27
34
-802
1928
3554
3901577
14
-11
30
-792
2001
3530
3902602
-9
-33
30
-768
1974
3596
3903627
-14
-40
26
-760
1900
3626
3904652
-12
-47
16
-761
1904
3596
3905677
-9
-42
8
-754
1942
3573
3906702
-9
-29
7
-758
1942
3654
3907727
-28
-21
8
-755
1918
3657
3900544
-30
-20
3
-753
1932
3630
3901569
-33
-16
4
-757
1950
3611
3902594
-50
-13
6
-771
1917
3616
3903619
-35
-23
-5
-755
1945
3628
3904644
-38
-30
-7
-746
1968
3622
3905669
-50
-39
-2
-750
1926
3623
3906694
-34
-56
-5
-728
1943
3622
3907719
-29
-63
-4
-702
1969
3567
3908744
-50
-70
-3
-711
1948
3585
3909769
-61
-76
3
-699
1871
3644
3910794
-13
-75
-2
-696
1856
3728
3911819
3
-65
-16
-668
1912
3705
3912844
-33
-48
-20
-684
1922
3603
3913869
-66
-41
-25
-698
1917
3566
3914894
-100
-37
-27
-709
1896
3626
3915919
-73
-36
-28
-708
1840
3694
3908737
-1
-46
-32
-699
1896
3686
3909762
-7
-45
-28
-697
1924
3627
3910787
-31
-43
-21
-693
1860
3652
3911812
-36
-40
-18
-701
1851
3718
3912837
-48
-35
-24
-703
1871
3732
3913862
-69
-34
-26
-694
1876
3685
3914887
-166
-32
-16
-691
1904
3652
3915912
-242
-34
13
-738
1875
3575
3916937
-244
-36
44
-822
1821
3586
3917962
-247
-9
0
-720
1660
3545
3918987
75
-22
-35
-430
1753
3841
3920012
310
-85
82
-552
1896
3864
3921037
-24
9
-47
-681
2299
4202
3922062
-397
47
-63
-621
1411
3666
3923087
-144
31
-74
-683
1648
3394
3924112
72
-16
-74
-629
2062
3396
3916927
60
-75
-114
-700
1982
3753
3917952
-277
-31
-129
-524
1761
4554
3918977
-535
76
-52
-736
1219
4187
3920002
39
49
-131
-976
1655
3315
3921027
245
-26
-118
-770
2218
3277
3922052
-75
-29
-15
-733
1678
3532
3923077
28
-30
-5
-758
1552
3768
3924102
180
-30
-33
-741
1894
3871
3925127
50
-8
-11
-736
1727
3809
3926152
26
9
-1
-757
1683
3758
3927177
20
16
13
-766
1714
3760
3928202
17
22
13
-768
1734
3802
3929227
41
25
13
-754
1776
3798
3930252
29
29
19
-738
1809
3654
3931277
47
34
18
-721
1822
3601
3932302
56
33
23
-718
1817
3691
3925120
19
39
16
-727
1838
3759
3926145
14
41
7
-733
1860
3716
3927170
35
35
11
-721
1792
3648
3928195
55
28
12
-745
1790
3672
3929220
46
18
9
-764
1818
3685
3930245
27
6
9
-760
1789
3696
3931270
15
4
14
-759
1799
3695
3932295
-15
1
14
-790
1769
3700
3933320
3
-10
10
-766
1717
3725
3934345
31
-16
6
-761
1771
3737
3935370
42
-20
6
-759
1853
3735
3936395
26
-23
19
-735
1762
3731
3937420
45
-18
35
-750
1769
3709
3938445
81
-11
36
-746
1854
3721
3939470
48
-2
45
-752
1817
3695
3940495
37
5
41
-754
1834
3700
3933313
35
14
40
-755
1905
3736
3934338
6
27
43
-762
1870
3725
3935363
-2
25
44
-774
1855
3620
3936388
15
16
36
-751
1874
3617
3937413
38
12
47
-735
1860
3701
3938438
16
15
48
-748
1857
3704
3939463
0
17
37
-731
1864
3680
3940488
14
17
40
-739
1871
3672
3941513
24
13
41
-739
1849
3668
3942538
29
7
34
-716
1886
3647
3943563
3
8
32
-721
1872
3652
3944588
0
8
28
-727
1867
3693
3945613
21
11
20
-730
1852
3707
3946638
58
13
8
-700
1854
3688
3947663
76
23
1
-707
1906
3677
3948688
42
32
1
-704
1883
3703
3941503
3
41
1
-739
1825
3703
3942528
11
40
-11
-759
1800
3653
3943553
31
29
-17
-760
1853
3615
3944578
21
12
-8
-741
1838
3625
3945603
21
-5
8
-743
1853
3638
3946628
24
-23
24
-737
1853
3647
3947653
17
-34
36
-728
1844
3637
3948678
33
-47
37
-701
1874
3643
3949703
33
-48
40
-694
1916
3661
3950728
12
-38
42
-713
1898
3633
3951753
2
-29
30
-722
1926
3615
3952778
-16
-20
20
-729
1901
3634
3953803
-18
-9
8
-732
1872
3629
3954828
-19
-2
-9
-758
1898
3627
3955853
-25
1
-26
-760
1891
3642
3956878
-20
-6
-30
-734
1843
3677
3949709
-5
-14
-28
-711
1872
3697
3950734
-26
-12
-19
-719
1878
3669
3951759
-38
-18
-15
-714
1857
3644
3952784
-44
-27
-3
-710
1847
3662
3953809
-58
-34
8
-729
1845
3637
3954834
-111
-45
22
-780
1852
3499
3955859
-110
-61
19
-839
1785
3450
3956884
-21
-50
6
-772
1723
3706
3957909
41
11
-4
-679
1835
3987
3958934
278
-25
15
-407
1857
4004
3959959
106
17
-18
-865
2397
4055
3960984
-384
5
5
-628
1598
3372
3962009
-233
-29
14
-690
1591
3091
3963034
12
-98
21
-593
1862
3507
3964059
35
-106
12
-700
2222
3877
3965084
-141
-60
-91
-645
2034
3870
3957889
-286
2
-86
-540
1666
4222
3958914
-229
72
-6
-718
1347
4132
3959939
135
96
-105
-975
1865
3581
3960964
97
47
-130
-785
2082
3412
3961989
-37
14
-41
-740
1747
3497
3963014
81
-7
0
-743
1676
3728
3964039
127
-6
5
-749
1751
3796
3965064
32
-3
16
-761
1729
3743
3966089
-3
-3
25
-743
1694
3695
3967114
29
-5
35
-727
1798
3690
3968139
29
2
41
-726
1838
3687
3969164
40
11
41
-738
1844
3664
3970189
39
12
31
-750
1869
3673
3971214
18
5
17
-741
1890
3694
3972239
6
1
7
-729
1859
3692
3973264
31
1
4
-726
1855
3691
3966080
54
8
-3
-727
1896
3681
3967105
22
8
0
-751
1885
3656
3968130
-1
-3
-2
-738
1849
3632
3969155
12
-10
-3
-735
1822
3677
3970180
15
-14
-9
-736
1836
3689
3971205
20
-7
-1
-732
1786
3700
3972230
33
-2
1
-717
1840
3689
3973255
-9
7
3
-747
1839
3676
3974280
-19
10
6
-751
1821
3690
3975305
-7
2
6
-754
1854
3658
3976330
5
-7
9
-737
1818
3682
3977355
51
-12
11
-720
1863
3728
3978380
32
-8
9
-728
1891
3699
3979405
15
-3
1
-714
1887
3685
3980430
22
1
-1
-728
1842
3696
3981455
20
-2
-1
-739
1823
3669
3974272
19
-5
-5
-725
1850
3662
3975297
14
-2
0
-732
1833
3666
3976322
6
0
4
-741
1821
3690
3977347
4
1
4
-726
1843
3695
3978372
-5
1
10
-728
1849
3681
3979397
3
0
19
-717
1837
3670
3980422
5
3
19
-738
1876
3656
3981447
-21
7
13
-747
1859
3638
3982472
-39
7
7
-741
1813
3614
3983497
-35
3
6
-742
1813
3618
3984522
-36
-4
12
-753
1821
3634
3985547
-41
-9
17
-762
1830
3657
3986572
-30
-14
15
-755
1833
3683
3987597
-11
-16
12
-733
1856
3720
3988622
-20
-7
19
-716
1834
3745
3989647
-18
3
22
-702
1846
3755
3982464
-12
12
18
-690
1855
3756
3983489
-10
19
14
-686
1856
3717
3984514
-17
27
11
-703
1865
3706
3985539
-16
24
2
-703
1841
3680
3986564
2
16
-4
-707
1855
3676
3987589
7
10
-6
-703
1876
3682
3988614
-15
8
-6
-715
1845
3687
3989639
-5
4
-6
-718
1817
3683
3990664
11
-1
-5
-731
1844
3679
3991689
1
-5
-1
-727
1838
3684
3992714
6
-5
4
-721
1840
3672
3993739
4
0
9
-735
1839
3647
3994764
-6
11
13
-748
1828
3645
3995789
-17
22
10
-780
1840
3645
3996814
-27
29
-1
-788
1842
3634
3997839
-47
29
-9
-802
1841
3678
3990656
-45
24
-15
-811
1807
3693
3991681
-17
10
-18
-814
1819
3697
3992706
-4
-4
-18
-784
1822
3715
3993731
5
-14
-7
-756
1824
3731
3994756
4
-14
4
-729
1812
3749
3995781
-10
-11
9
-710
1817
3740
3996806
-6
-4
12
-704
1812
3731
3997831
-3
3
7
-730
1853
3691
3998856
-25
6
-1
-747
1839
3647
3999881
-36
3
-2
-769
1817
3664
4000906
-52
-10
10
-785
1762
3643
4001931
13
-32
15
-800
1806
3603
4002956
70
-48
14
-812
1946
3659
4003981
-41
-52
16
-765
1783
3622
4005006
-80
-37
-3
-762
1919
3532
4006031
-124
-31
48
-674
1900
3688
3998849
-31
1
93
-487
1581
4170
3999874
62
64
35
-874
1881
4282
4000899
-258
80
-42
-729
1839
3667
4001924
-217
39
-28
-824
1666
3081
4002949
32
-73
-53
-731
1815
3148
4003974
148
-131
-78
-668
1912
3511
4004999
108
-94
-94
-628
1950
4142
4006024
-182
20
-51
-608
1757
4464
4007049
-242
127
-21
-863
1388
3934
4008074
48
98
-87
-877
1777
3509
4009099
65
49
-41
-802
1861
3440
4010124
32
25
9
-809
1744
3651
4011149
57
18
16
-788
1727
3792
4012174
59
25
11
-822
1731
3734
4013199
71
11
-3
-791
1785
3687
4014224
54
1
3
-759
1807
3701
4007040
43
-5
6
-765
1821
3689
4008065
47
-8
10
-751
1819
3718
4009090
42
-4
15
-776
1827
3717
4010115
35
-2
8
-766
1797
3693
4011140
44
-3
5
-766
1814
3683
4012165
33
-3
0
-771
1813
3691
4013190
13
-4
-5
-769
1801
3692
4014215
20
-2
-8
-770
1801
3696
4015240
15
-2
-7
-763
1837
3715
4016265
-6
3
-4
-780
1779
3702
4017290
6
1
-3
-784
1808
3687
4018315
14
-3
0
-770
1826
3697
4019340
-1
0
0
-785
1813
3682
4020365
7
-4
1
-778
1801
3677
4021390
16
-6
7
-774
1829
3692
4022415
4
-4
8
-784
1823
3684
4015232
7
-6
9
-790
1827
3684
4016257
7
-11
12
-791
1807
3692
4017282
11
-11
14
-780
1812
3725
4018307
5
-6
15
-769
1845
3691
4019332
-7
-6
15
-758
1815
3692
4020357
8
-6
9
-746
1832
3727
4021382
7
-2
1
-739
1855
3697
4022407
-7
0
-3
-759
1838
3654
4023432
2
-6
-4
-762
1844
3669
4024457
-6
-11
-3
-786
1838
3678
4025482
-3
-17
-4
-787
1825
3672
4026507
12
-22
-4
-801
1825
3681
4027532
12
-25
-4
-797
1811
3664
4028557
9
-26
-3
-795
1801
3670
4029582
5
-25
0
-781
1796
3703
4030607
-6
-20
7
-778
1792
3715
4023501
2
-17
9
-780
1796
3712
4024526
-5
-11
5
-775
1831
3677
4025551
-16
-6
4
-770
1829
3686
4026576
-9
-6
7
-764
1827
3701
4027601
-1
-8
7
-769
1825
3698
4028626
0
-10
4
-754
1830
3679
4029651
-2
-9
2
-760
1839
3677
4030676
-10
-9
5
-768
1820
3690
4031701
-5
-11
6
-769
1807
3683
4032726
9
-15
7
-768
1823
3698
4033751
9
-14
8
-756
1835
3702
4034776
-2
-13
9
-763
1826
3682
4035801
-4
-12
10
-785
1813
3687
4036826
7
-12
11
-759
1802
3707
4037851
6
-8
12
-758
1808
3693
4038876
2
-6
13
-751
1824
3674
4031617
-5
-5
13
-757
1800
3689
4032642
-5
-5
2
-745
1839
3695
4033667
-16
-2
-2
-740
1831
3674
4034692
-6
-6
-1
-737
1853
3676
4035717
3
-5
-5
-733
1873
3724
4036742
9
5
-30
-730
1881
3704
4037767
13
14
-60
-721
1889
3702
4038792
0
26
-72
-728
1844
3724
4039817
-8
36
-73
-757
1817
3716
4040842
-34
33
-73
-754
1806
3655
4041867
-65
20
-53
-774
1851
3608
4042892
-155
-8
16
-844
1792
3582
4043917
-199
-30
60
-872
1611
3449
4044942
-91
-56
23
-854
1844
3220
4045967
33
-74
118
-547
1899
4155
4046992
55
-46
208
-639
1615
4722
4039808
-401
77
-36
-874
2160
4120
4040833
-619
53
25
-756
1259
2845
4041858
-46
-50
29
-810
1398
2917
4042883
268
-153
-49
-703
1921
3629
4043908
-15
-88
-89
-598
2115
4433
4044933
-475
65
-42
-642
1582
4553
4045958
-207
120
-7
-882
1129
3792
4046983
339
45
-61
-908
1782
3345
4048008
278
-7
-21
-814
1867
3445
4049033
79
-7
2
-804
1782
3740
4050058
-11
-1
5
-765
1733
3817
4051083
9
2
21
-766
1623
3726
4052108
109
-5
37
-781
1619
3662
4053133
153
-24
33
-742
1698
3692
4054158
100
-38
19
-702
1874
3756
4055183
-50
-32
9
-732
1884
3756
4048000
-145
-42
8
-772
1791
3684
4049025
-130
-95
6
-724
1812
3686
4050050
-155
-137
25
-700
1782
3680
4051075
-132
-171
71
-761
1637
3785
4052100
-65
-215
106
-704
1612
3961
4053125
-46
-226
122
-598
1702
3974
4054150
-70
-202
129
-530
1678
3934
4055175
-75
-167
138
-488
1651
3866
4056200
-71
-137
134
-508
1723
3809
4057225
-102
-109
103
-512
1743
3823
4058250
-143
-90
67
-566
1770
3831
4059275
-155
-96
38
-586
1731
3798
4060300
-85
-106
8
-589
1756
3734
4061325
-26
-104
-2
-681
1748
3705
4062350
-29
-108
-35
-670
1677
3675
4063375
-26
-107
-70
-680
1698
3679
4056192
-37
-106
-84
-685
1695
3741
4057217
-45
-97
-91
-680
1666
3722
4058242
-31
-97
-93
-700
1659
3687
4059267
-33
-104
-92
-702
1667
3708
4060292
-45
-109
-91
-685
1611
3794
4061317
-36
-114
-96
-602
1578
3816
4062342
-21
-109
-84
-613
1600
3816
4063367
-9
-114
-67
-581
1586
3862
4064392
-7
-108
-50
-511
1624
3880
4065417
-23
-87
-32
-501
1612
3877
4066442
-25
-68
-30
-501
1661
3849
4067467
-27
-50
-33
-495
1687
3858
4068492
-50
-30
-34
-547
1618
3860
4069517
-13
-32
-41
-525
1579
3850
4070542
35
-35
-47
-524
1638
3825
4071567
17
-26
-51
-572
1576
3831
4064384
7
-19
-52
-554
1522
3896
4065409
9
-6
-49
-522
1549
3923
4066434
10
8
-34
-491
1516
3904
4067459
28
22
-16
-461
1540
3869
4068484
26
42
-7
-473
1639
3838
4069509
-4
52
-7
-472
1623
3829
4070534
-24
52
-9
-484
1677
3812
4071559
-32
51
2
-521
1647
3788
4072584
10
39
15
-564
1618
3847
4073609
60
18
12
-569
1677
3909
4074634
59
10
3
-536
1730
3908
4075659
24
14
6
-495
1690
3865
4076684
8
23
17
-503
1673
3846
4077709
6
31
12
-511
1701
3818
4078734
-1
39
-3
-546
1707
3766
4079759
-1
38
-15
-601
1672
3774
4072576
20
30
-28
-613
1640
3783
4073601
38
27
-41
-627
1643
3765
4074626
35
30
-50
-644
1657
3761
4075651
16
32
-41
-616
1605
3811
4076676
16
39
-14
-580
1540
3867
4077701
22
55
5
-570
1559
3830
4078726
9
70
19
-632
1556
3803
4079751
-5
67
21
-631
1603
3812
4080776
-18
65
29
-618
1603
3826
4081801
6
73
35
-612
1600
3784
4082826
17
78
36
-675
1632
3750
4083851
-3
61
23
-671
1663
3832
4084876
-21
48
17
-594
1643
3891
4085901
9
49
29
-546
1657
3860
4086926
10
52
42
-614
1713
3820
4087951
-29
38
31
-645
1691
3865
4080769
-16
22
22
-569
1709
3937
4081794
21
23
45
-536
1699
3894
4082819
43
31
61
-542
1723
3754
4083844
15
51
53
-655
1764
3682
4084869
-38
56
21
-707
1678
3695
4085894
-33
50
-2
-719
1636
3759
4086919
38
38
-3
-699
1600
3842
4087944
125
41
-4
-650
1650
3860
4088969
131
79
-8
-657
1688
3808
4089994
77
113
-20
-655
1670
3706
4091019
14
137
-26
-678
1694
3644
4092044
-42
151
-27
-759
1635
3660
4093069
-31
136
-35
-786
1614
3736
4094094
-31
108
-30
-772
1719
3773
4095119
-134
87
11
-842
1683
3754
4096144
-227
62
42
-904
1559
3782
4088960
-222
52
22
-782
1584
3458
4089985
43
65
63
-531
1473
3781
4091010
390
19
132
-523
1563
4361
4092035
-57
79
-14
-727
2056
4328
4093060
-500
95
-19
-675
1238
3407
4094085
-90
35
12
-690
1596
3565
4095110
56
-21
-18
-741
1833
3864
4096135
-93
-24
-104
-723
1734
4053
4097160
-350
47
-112
-633
1526
4394
4098185
-327
95
-64
-809
1156
4077
4099210
122
26
-139
-955
1670
3347
4100235
217
-36
-106
-781
1926
3403
4101260
32
-34
-41
-741
1465
3820
4102285
78
-31
-57
-746
1414
4006
4103310
129
-15
-85
-752
1634
3898
4104335
42
0
-77
-760
1694
3701
4097153
26
-5
-39
-738
1559
3658
4098178
84
-10
2
-743
1510
3778
4099203
94
-6
7
-772
1540
3849
4100228
67
4
-4
-767
1643
3858
4101253
9
16
6
-775
1613
3809
4102278
-10
13
10
-783
1636
3730
4103303
-1
7
12
-774
1662
3743
4104328
14
3
16
-774
1625
3809
4105353
3
9
6
-779
1604
3856
4106378
-13
16
-9
-785
1609
3815
4107403
10
14
-13
-768
1636
3773
4108428
28
15
-8
-773
1669
3791
4109453
11
25
-5
-775
1668
3778
4110478
5
28
0
-800
1640
3745
4111503
8
27
7
-809
1657
3761
4112528
-8
31
14
-814
1641
3780
4105344
-6
36
18
-833
1601
3784
4106369
16
37
17
-841
1647
3793
4107394
7
40
21
-847
1630
3802
4108419
3
43
22
-836
1609
3798
4109444
6
46
22
-815
1619
3814
4110469
-11
50
26
-811
1604
3824
4111494
-12
50
21
-805
1590
3806
4112519
-5
49
16
-806
1624
3776
4113544
-28
49
16
-793
1590
3760
4114569
-26
43
14
-795
1607
3789
4115594
-17
36
11
-800
1626
3820
4116619
-25
32
8
-805
1627
3806
4117644
-2
23
7
-815
1657
3814
4118669
9
9
15
-822
1632
3793
4119694
1
2
23
-824
1614
3797
4120719
-17
9
23
-842
1588
3834
4113536
-7
16
9
-829
1588
3816
4114561
10
23
9
-829
1624
3767
4115586
-6
28
19
-845
1618
3765
4116611
-22
28
16
-853
1599
3797
4117636
-12
25
6
-846
1606
3770
4118661
4
23
9
-849
1623
3767
4119686
-9
22
14
-868
1621
3782
4120711
-15
16
17
-865
1626
3777
4121736
-10
10
26
-857
1613
3794
4122761
-7
10
28
-850
1619
3793
4123786
-3
10
25
-866
1636
3770
4124811
-2
6
21
-866
1657
3759
4125836
-14
2
19
-860
1633
3794
4126861
-10
2
15
-862
1619
3811
4127886
2
3
11
-863
1609
3769
4128911
-3
1
4
-869
1638
3754
4121728
-25
-4
-1
-844
1584
3784
4122753
-12
-8
-6
-836
1609
3796
4123778
-5
-12
-3
-829
1600
3813
4124803
-3
-15
0
-833
1617
3820
4125828
-6
-16
-1
-842
1637
3795
4126853
-8
-18
-3
-837
1619
3760
4127878
-2
-19
-5
-846
1598
3768
4128903
4
-18
-6
-847
1617
3803
4129928
-4
-12
-5
-845
1609
3821
4130953
-1
-4
-4
-844
1599
3804
4131978
7
-1
-8
-851
1621
3769
4133003
3
1
-10
-845
1618
3782
4134028
4
3
-9
-844
1603
3810
4135053
0
8
-9
-849
1594
3804
4136078
-1
15
-8
-853
1613
3786
4137103
-1
25
-8
-865
1612
3796
4129920
-10
34
-14
-863
1616
3787
4130945
-14
44
-26
-867
1593
3802
4131970
-2
50
-32
-874
1584
3797
4132995
-6
54
-31
-876
1616
3774
4134020
-26
52
-25
-872
1595
3766
4135045
-26
44
-15
-884
1573
3776
4136070
-9
29
-5
-895
1591
3767
4137095
-2
9
5
-894
1626
3760
4138120
-13
-9
12
-890
1629
3758
4139145
-18
-23
15
-891
1579
3774
4140170
-33
-34
13
-894
1598
3783
4141195
-60
-49
34
-953
1542
3778
4142220
-61
-64
19
-948
1651
3781
4143245
-115
-57
11
-922
1576
3670
4144270
37
-43
7
-760
1594
3798
4145295
216
-49
43
-655
1517
3976
4138112
72
-9
-36
-966
1945
4191
4139137
-306
-18
-55
-770
1390
3568
4140162
-62
-74
-26
-869
1510
3247
4141187
122
-156
-42
-812
1829
3432
4142212
-43
-124
-57
-702
1666
4021
4143237
-349
9
-5
-716
1413
4620
4144262
-430
122
29
-961
1093
4158
4145287
3
94
-35
-1049
1569
3561
4146312
98
33
-2
-884
1696
3530
4147337
-14
18
44
-917
1510
3823
4148362
-39
19
22
-884
1514
3968
4149387
-7
28
15
-897
1459
3873
4150412
75
7
15
-888
1555
3789
4151437
64
-12
17
-845
1616
3765
4152462
28
-10
13
-834
1550
3788
4153487
25
-9
2
-853
1525
3821
4146304
14
-8
-3
-847
1541
3857
4147329
9
-5
-1
-851
1537
3851
4148354
5
-5
-4
-855
1513
3808
4149379
-2
-6
-13
-871
1511
3756
4150404
15
-17
-15
-854
1554
3772
4151429
31
-21
-9
-848
1611
3833
4152454
-6
-18
6
-862
1497
3826
4153479
-16
-19
1
-867
1532
3824
4154504
-6
-18
1
-865
1495
3834
4155529
3
-16
-2
-869
1545
3830
4156554
-4
-16
-4
-853
1564
3832
4157579
-8
-13
-3
-864
1580
3821
4158604
-14
-7
-4
-868
1531
3827
4159629
5
-3
-3
-863
1527
3824
4160654
9
-3
3
-879
1543
3805
4161679
4
-5
5
-857
1548
3820
4154496
-12
0
5
-881
1548
3832
4155521
-16
-3
-2
-859
1538
3815
4156546
-4
-5
2
-862
1523
3844
4157571
4
-8
3
-869
1560
3843
4158596
-3
-12
2
-860
1553
3833
4159621
-7
-9
3
-863
1536
3847
4160646
-2
-10
1
-854
1535
3837
4161671
3
-14
1
-844
1547
3796
4162696
-12
-9
0
-850
1539
3797
4163721
-25
-8
-8
-837
1525
3782
4164746
-16
-7
-8
-856
1547
3785
4165771
-27
-8
-2
-879
1560
3787
4166796
-25
-18
4
-890
1495
3811
4167821
2
-31
9
-877
1531
3871
4168846
0
-34
11
-854
1533
3888
4169871
2
-31
13
-825
1537
3872
4162688
6
-21
17
-801
1540
3853
4163713
7
-4
12
-822
1577
3871
4164738
-13
15
1
-826
1517
3887
4165763
-1
29
-9
-837
1500
3832
4166788
14
33
-12
-854
1531
3799
4167813
-14
37
-12
-873
1533
3788
4168838
-28
35
-12
-883
1509
3786
4169863
-3
23
-5
-880
1509
3789
4170888
1
6
4
-872
1542
3802
4171913
-10
-3
8
-850
1560
3827
4172938
-18
-7
15
-837
1534
3834
4173963
-10
-9
17
-831
1566
3837
4174988
-18
-8
17
-839
1581
3851
4176013
-24
-7
14
-847
1545
3837
4177038
-9
-6
6
-862
1531
3835
4178063
2
-8
-3
-867
1553
3848
4170880
-5
-6
-7
-863
1532
3847
4171905
1
-4
-11
-872
1530
3819
4172930
9
-11
-12
-870
1548
3792
4173955
4
-21
-11
-860
1544
3790
4174980
-9
-25
-12
-849
1515
3795
4176005
-4
-26
-9
-844
1533
3812
4177030
-10
-21
-4
-860
1491
3815
4178055
-13
-18
-7
-866
1497
3802
4179080
-28
-15
-12
-862
1503
3821
4180105
-37
-15
-11
-861
1512
3850
4181130
-23
-15
-3
-862
1493
3856
4182155
-9
-15
4
-870
1506
3854
4183180
-32
-16
7
-870
1516
3863
4184205
-73
-16
23
-906
1543
3813
4185230
-82
-31
45
-983
1498
3720
4186255
-111
-24
24
-823
1450
3672
4179072
-9
-6
79
-715
1421
3749
4180097
197
-17
136
-618
1841
4150
4181122
-63
-13
143
-994
1930
4113
4182147
-483
27
57
-744
1150
3883
4183172
-187
-9
83
-818
892
3520
4184197
102
-82
60
-796
1575
3676
4185222
-50
-97
3
-830
1682
3747
4186247
-144
-81
-90
-734
1559
3903
4187272
-278
-16
-62
-638
1482
4439
4188297
-287
68
-1
-799
1024
4415
4189322
158
60
-67
-1044
1222
3712
4190347
425
-25
-111
-916
1766
3442
4191372
199
-67
-43
-840
1673
3528
4192397
49
-78
-11
-797
1436
3830
4193422
34
-62
-20
-789
1350
3964
4194447
56
-34
-34
-804
1364
3917
4187264
103
-23
-31
-789
1423
3924
4188289
136
-13
-6
-794
1546
3953
4189314
76
10
6
-822
1554
3891
4190339
4
17
2
-837
1514
3826
4191364
-16
21
-1
-839
1500
3847
4192389
-4
22
-10
-828
1477
3857
4193414
37
12
-16
-813
1562
3867
4194439
27
5
-9
-807
1564
3876
4195464
-11
5
-3
-831
1482
3841
4196489
-12
-4
-9
-832
1461
3836
4197514
10
-16
-9
-827
1501
3851
4198539
11
-23
-3
-828
1492
3849
4199564
22
-25
-3
-818
1499
3850
4200589
11
-23
-13
-815
1531
3800
4201614
3
-17
-11
-797
1463
3815
4202639
15
-8
-6
-822
1487
3868
4195456
-5
-4
-4
-841
1500
3843
4196481
-5
-6
-5
-829
1511
3829
4197506
1
-6
-5
-828
1562
3806
4198531
-10
-6
-1
-813
1558
3835
4199556
-16
-6
11
-799
1529
3874
4200581
-3
-3
15
-824
1538
3878
4201606
-1
-5
18
-825
1541
3866
4202631
5
-4
21
-837
1524
3866
4203656
8
-4
15
-829
1519
3850
4204681
3
-1
10
-817
1504
3843
4205706
2
7
10
-814
1477
3873
4206731
7
11
15
-805
1494
3891
4207756
15
19
13
-793
1512
3869
4208781
22
27
5
-783
1556
3861
4209806
13
34
-6
-792
1530
3862
4210831
15
43
-29
-789
1513
3863
4203648
15
56
-44
-800
1563
3833
4204673
8
61
-44
-819
1529
3829
4205698
14
57
-38
-842
1504
3833
4206723
16
45
-31
-858
1503
3812
4207748
15
26
-23
-866
1507
3792
4208773
11
5
-12
-858
1457
3791
4209798
14
-6
0
-870
1463
3810
4210823
12
-13
8
-864
1500
3836
4211848
-1
-13
14
-863
1499
3803
4212873
-4
-11
8
-853
1506
3798
4213898
-15
0
-9
-864
1518
3798
4214923
-37
14
-18
-877
1482
3801
4215948
-47
20
-20
-877
1495
3822
4216973
-34
18
-12
-864
1500
3841
4217998
-24
15
-3
-872
1505
3834
4219023
-30
9
-4
-879
1499
3826
4211840
-25
0
-1
-864
1514
3854
4212865
-13
-9
9
-858
1513
3874
4213890
-9
-18
14
-856
1506
3865
4214915
-9
-20
9
-854
1522
3853
4215940
-18
-18
7
-854
1521
3849
4216965
-20
-15
7
-846
1509
3870
4217990
-18
-9
5
-853
1499
3844
4219015
-12
0
3
-865
1501
3806
4220040
-19
6
1
-873
1520
3807
4221065
-34
6
-1
-898
1464
3821
4222090
-17
-2
-4
-886
1470
3850
4223115
-8
-4
-4
-886
1491
3842
4224140
-23
-4
6
-874
1485
3821
4225165
-33
-6
20
-870
1476
3830
4226190
-34
-9
28
-883
1446
3828
4227215
-32
-13
24
-867
1457
3826
4220033
-37
-15
22
-857
1437
3830
4221058
-31
-14
26
-844
1471
3835
4222083
-39
-8
33
-831
1490
3851
4223108
-56
3
36
-837
1486
3878
4224133
-69
12
32
-844
1468
3865
4225158
-63
14
22
-852
1499
3828
4226183
-77
6
16
-849
1522
3820
4227208
-109
-2
31
-868
1498
3802
4228233
-139
-19
58
-1002
1488
3727
4229258
-181
-7
49
-889
1341
3755
4230283
-51
51
63
-710
1125
4027
4231308
353
26
100
-629
1389
4222
4232333
285
15
11
-1034
2305
4285
4233358
-555
55
-48
-787
1298
3653
4234383
-218
-10
-21
-842
936
3501
4235408
154
-135
-29
-810
1722
3691
4228224
-19
-135
-68
-735
1826
3961
4229249
-400
-35
-56
-682
1275
4447
4230274
-364
29
-27
-921
862
4081
4231299
101
-3
-99
-962
1407
3721
4232324
134
-36
-64
-879
1516
3648
4233349
56
-51
-46
-902
1285
3747
4234374
101
-73
-57
-826
1403
3856
4235399
72
-61
-46
-830
1418
3878
4236424
50
-44
-27
-849
1302
3914
4237449
89
-38
-14
-841
1357
3930
4238474
95
-29
-5
-847
1442
3933
4239499
61
-15
0
-849
1468
3904
4240524
42
-10
-2
-832
1432
3886
4241549
42
-5
-1
-817
1416
3905
4242574
27
2
-10
-833
1412
3898
4243599
24
4
-22
-827
1414
3895
4236705
27
6
-19
-822
1426
3920
4237730
27
5
-9
-828
1427
3937
4238755
32
-2
-4
-826
1460
3948
4239780
26
-2
-1
-831
1452
3913
4240805
52
1
-5
-828
1463
3864
4241830
55
2
-9
-832
1476
3848
4242855
37
6
-10
-836
1466
3858
4243880
33
7
-14
-846
1471
3835
4244905
29
10
-14
-844
1453
3831
4245930
22
14
-9
-847
1438
3834
4246955
19
16
-4
-853
1450
3844
4247980
3
15
-3
-861
1441
3834
4249005
-7
12
3
-868
1452
3830
4250030
-7
4
16
-858
1422
3859
4251055
10
-3
22
-863
1469
3860
4252080
3
-5
27
-843
1483
3852
4244612
-8
-8
27
-840
1476
3824
4245637
1
-13
22
-842
1449
3834
4246662
4
-16
18
-829
1439
3854
4247687
-8
-13
5
-826
1455
3831
4248712
-12
-9
-4
-834
1454
3817
4249737
-21
-11
-4
-847
1446
3843
4250762
-31
-18
-6
-840
1449
3881
4251787
-27
-25
-4
-831
1419
3892
4252812
-3
-30
1
-804
1444
3883
4253837
-5
-28
6
-804
1470
3856
4254862
-24
-19
2
-813
1457
3870
4255887
-40
-9
-6
-841
1398
3880
4256912
-21
-12
-19
-831
1403
3879
4257937
-5
-11
-18
-837
1427
3866
4258962
-9
-10
-11
-829
1427
3866
4259987
-31
-10
-10
-823
1411
3861
4252800
-37
-9
-15
-831
1393
3867
4253825
-34
-11
-22
-849
1406
3899
4254850
-36
-18
-20
-828
1414
3903
4255875
-31
-24
-6
-807
1417
3912
4256900
-24
-27
6
-817
1422
3916
4257925
-17
-25
7
-832
1464
3915
4258950
-15
-22
-2
-826
1461
3895
4259975
-8
-19
-8
-828
1454
3893
4261000
-11
-13
-8
-842
1450
3897
4262025
-4
-9
-11
-847
1428
3883
4263050
5
-7
-12
-841
1431
3888
4264075
2
0
-7
-817
1410
3900
4265100
-3
12
2
-838
1400
3892
4266125
-9
22
4
-847
1404
3888
4267150
-19
29
2
-864
1416
3884
4268175
-27
30
1
-852
1421
3870
4260991
-24
22
6
-854
1414
3849
4262016
-1
8
8
-858
1442
3831
4263041
1
-6
10
-853
1423
3824
4264066
-12
-15
7
-861
1403
3806
4265091
-11
-29
3
-933
1455
3756
4266116
-58
-52
6
-911
1470
3777
4267141
-148
16
19
-753
1173
3986
4268166
133
86
69
-534
1154
4368
4269191
574
5
93
-1003
1700
4209
4270216
-263
25
-78
-892
1927
3783
4271241
-489
-25
-59
-885
1046
2940
4272266
44
-160
-84
-733
1499
3382
4273291
121
-165
-71
-634
1537
4148
4274316
-143
-43
-60
-717
1451
4684
4275341
-230
68
-63
-844
1131
4295
4276366
20
82
-94
-963
1291
3672
4269184
104
23
-74
-880
1443
3555
4270209
12
12
-24
-892
1418
3826
4271234
-54
28
-29
-901
1295
4032
4272259
-10
34
-38
-889
1324
4016
4273284
38
31
-24
-897
1346
3920
4274309
44
25
-14
-880
1384
3873
4275334
22
17
-3
-869
1397
3897
4276359
25
3
11
-870
1389
3918
4277384
40
-10
20
-872
1395
3896
4278409
49
-11
17
-845
1423
3888
4279434
33
-3
9
-849
1380
3876
4280459
33
1
1
-841
1393
3884
4281484
14
4
-3
-851
1389
3864
4282509
23
4
-7
-840
1376
3892
4283534
18
3
-6
-856
1411
3872
4284559
8
-1
0
-858
1397
3872
4277376
-5
-2
6
-858
1416
3872
4278401
-14
-3
11
-886
1379
3842
4279426
31
-17
15
-854
1409
3900
4280451
38
-17
20
-864
1461
3947
4281476
7
-12
15
-864
1430
3913
4282501
27
-14
13
-877
1448
3872
4283526
35
-13
10
-879
1447
3865
4284551
10
-4
5
-865
1431
3868
4285576
-12
6
5
-863
1364
3849
4286601
-6
13
4
-882
1373
3838
4287626
-14
17
7
-889
1374
3828
4288651
-28
17
12
-874
1330
3809
4289676
-7
13
21
-867
1392
3854
4290701
-57
14
36
-871
1424
3921
4291726
-92
19
49
-874
1314
3911
4292751
-6
5
47
-876
1425
3917
4285568
9
-1
39
-864
1477
3897
4286593
-14
-6
27
-853
1464
3887
4287618
-22
-10
18
-841
1423
3911
4288643
7
-13
7
-821
1405
3944
4289668
23
-10
4
-829
1410
3941
4290693
9
2
6
-847
1393
3917
4291718
2
8
4
-860
1382
3908
4292743
15
3
1
-852
1355
3928
4293768
26
4
-4
-832
1411
3942
4294793
-3
15
-3
-844
1390
3912
4295818
-6
17
-4
-852
1379
3866
4296843
12
13
0
-851
1392
3882
4297868
18
5
3
-864
1425
3869
4298893
20
-4
5
-859
1431
3840
4299918
22
-10
7
-858
1422
3835
4300943
22
-13
-1
-858
1429
3846
4293760
22
-13
-9
-862
1423
3836
4294785
18
-14
-13
-861
1418
3849
4295810
11
-12
-14
-864
1394
3849
4296835
6
-7
-7
-870
1398
3862
4297860
-5
-2
-1
-872
1395
3868
4298885
-4
2
6
-879
1415
3863
4299910
-15
7
10
-885
1417
3861
4300935
-18
7
9
-876
1418
3868
4301960
-15
6
7
-886
1442
3885
4302985
-15
9
6
-898
1440
3881
4304010
-20
7
7
-899
1436
3873
4305035
-11
3
9
-892
1434
3889
4306060
2
1
9
-877
1421
3888
4307085
6
1
10
-879
1416
3896
4308110
3
3
8
-868
1419
3917
4309135
1
11
4
-867
1401
3886
4301952
-4
16
-2
-860
1415
3866
4302977
-12
18
-2
-859
1395
3884
4304002
-14
13
1
-870
1381
3888
4305027
3
7
3
-878
1411
3868
4306052
0
1
9
-876
1397
3850
4307077
-1
-7
19
-885
1366
3866
4308102
4
-15
26
-901
1391
3875
4309127
8
-19
26
-894
1428
3858
4310152
9
-19
26
-879
1418
3889
4311177
8
-14
21
-878
1442
3905
4312202
7
-8
13
-842
1452
3882
4313227
9
4
10
-846
1438
3872
4314252
-2
17
1
-863
1433
3886
4315277
-29
25
-9
-882
1398
3850
4316302
-36
19
-10
-892
1380
3812
4317327
-41
3
1
-952
1473
3715
4310145
-85
-16
14
-963
1438
3783
4311170
-159
24
25
-835
1161
3768
4312195
126
52
114
-662
1221
4076
4313220
456
6
168
-779
1595
4216
4314245
-154
102
31
-947
1811
4300
4315270
-541
119
16
-840
970
3650
4316295
-80
53
14
-926
1372
3576
4317320
110
-10
-32
-919
1578
3665
4318345
14
-50
-126
-911
1709
3761
4319370
-209
-46
-134
-766
1559
4094
4320395
-250
12
-77
-799
982
4272
4321420
88
30
-82
-982
1069
4046
4322445
243
10
-110
-1013
1547
3779
4323470
74
-6
-80
-990
1436
3628
4324495
36
-36
-57
-947
1289
3693
4325520
73
-60
-37
-925
1373
3824
4318337
64
-58
-24
-910
1404
3898
4319362
55
-43
-10
-899
1363
3928
4320387
33
-30
1
-904
1370
3894
4321412
10
-21
6
-912
1421
3881
4322437
6
-17
13
-906
1414
3899
4323462
8
-8
22
-913
1376
3883
4324487
0
-6
14
-914
1405
3864
4325512
-9
-5
16
-899
1385
3896
4326537
-1
1
16
-907
1374
3926
4327562
-2
6
13
-899
1414
3904
4328587
-8
12
14
-900
1423
3887
4329612
-7
9
16
-902
1420
3885
4330637
2
1
19
-892
1395
3898
4331662
10
1
17
-897
1418
3903
4332687
-4
1
9
-881
1410
3859
4333712
1
1
9
-881
1400
3864
4326528
-1
0
13
-896
1412
3886
4327553
-15
-5
11
-896
1415
3865
4328578
-11
-10
13
-895
1414
3860
4329603
-10
-11
20
-902
1365
3850
4330628
7
-13
16
-897
1411
3843
4331653
-9
-14
14
-895
1376
3847
4332678
-2
-12
5
-893
1385
3870
4333703
-3
-9
-2
-892
1412
3879
4334728
-17
-6
1
-904
1392
3895
4335753
-12
-6
3
-888
1380
3909
4336778
3
-4
9
-897
1390
3933
4337803
4
-1
7
-886
1404
3909
4338828
1
7
9
-886
1416
3906
4339853
-11
13
8
-880
1405
3899
4340878
-4
18
5
-902
1382
3867
4341903
9
17
1
-903
1426
3857
4334720
-10
13
3
-906
1405
3851
4335745
5
10
3
-895
1392
3881
4336770
-2
12
-1
-911
1411
3853
4337795
-12
8
-3
-896
1384
3832
4338820
5
6
2
-890
1401
3879
4339845
-11
10
4
-900
1402
3881
4340870
-23
9
4
-904
1378
3868
4341895
-6
4
5
-901
1397
3885
4342920
-4
1
7
-905
1417
3893
4343945
-12
0
5
-902
1386
3886
4344970
5
-2
8
-909
1420
3890
4345995
-4
-1
7
-905
1424
3893
4347020
-5
-5
3
-894
1419
3893
4348045
5
-12
7
-883
1405
3891
4349070
15
-20
6
-881
1413
3873
4350095
17
-25
4
-888
1412
3877
4342912
-1
-25
-2
-902
1396
3869
4343937
2
-26
-13
-897
1371
3847
4344962
15
-25
-15
-902
1388
3871
4345987
3
-20
-13
-911
1374
3886
4347012
-5
-14
-9
-918
1351
3865
4348037
-7
-7
-7
-930
1370
3840
4349062
-16
-1
-6
-934
1395
3870
4350087
-27
4
-1
-930
1385
3892
4351112
-9
3
4
-922
1395
3877
4352137
-2
4
6
-915
1425
3861
4353162
-23
10
3
-909
1422
3876
4354187
-33
11
0
-900
1378
3890
4355212
-14
11
-4
-880
1383
3899
4356237
-10
16
-4
-887
1417
3897
4357262
-25
21
-5
-883
1388
3880
4358287
-25
21
-8
-888
1382
3882
4351103
-18
19
-5
-892
1383
3887
4352128
-19
16
-5
-920
1383
3867
4353153
-18
7
-13
-914
1402
3875
4354178
-16
1
-15
-909
1392
3899
4355203
-13
-5
-9
-923
1366
3912
4356228
-8
-13
-6
-919
1382
3909
4357253
-6
-13
-1
-922
1374
3930
4358278
12
-11
-1
-910
1388
3925
4359303
15
-5
-1
-916
1411
3910
4360328
4
4
-5
-915
1401
3890
4361353
-1
8
-12
-914
1385
3870
4362378
8
8
-21
-913
1406
3872
4363403
13
4
-27
-913
1390
3867
4364428
1
4
-31
-920
1399
3851
4365453
-11
1
-27
-932
1352
3862
4366478
1
-7
-17
-930
1352
3877
4359297
6
-14
-8
-927
1361
3852
4360322
2
-18
-5
-927
1373
3863
4361347
-14
-20
0
-934
1348
3874
4362372
-10
-20
2
-931
1348
3880
4363397
-2
-17
6
-930
1376
3874
4364422
-21
-12
9
-936
1387
3888
4365447
-66
-8
17
-942
1381
3932
4366472
-147
-15
37
-1033
1386
3816
4367497
-132
-16
36
-947
1269
3855
4368522
-148
38
22
-926
1301
3739
4369547
9
75
62
-807
1419
3928
4370572
168
78
134
-805
1408
4230
4371597
-92
131
27
-1043
1537
4354
4372622
-404
135
-2
-895
1063
3777
4373647
-125
68
8
-970
1242
3477
4374672
46
-28
-9
-911
1426
3584
4367489
-57
-84
-47
-884
1537
3825
4368514
-239
-61
-43
-766
1409
4282
4369539
-347
30
7
-854
1048
4410
4370564
-115
56
-15
-1092
915
3872
4371589
182
-4
-60
-1045
1414
3610
4372614
56
-35
8
-946
1292
3740
4373639
1
-40
27
-944
1151
3923
4374664
89
-43
3
-945
1290
3943
4375689
81
-37
-8
-960
1296
3875
4376714
59
-42
-12
-928
1303
3879
4377739
57
-37
-9
-910
1301
3927
4378764
59
-23
-10
-934
1269
3949
4379789
70
-16
-17
-939
1294
3911
4380814
67
-18
-18
-938
1328
3889
4381839
34
-19
-13
-934
1334
3910
4382864
4
-12
-8
-948
1292
3911
4375864
12
-10
-10
-948
1266
3939
4376889
16
-9
-12
-939
1327
3950
4377914
-7
-6
-1
-933
1279
3945
4378939
6
-4
9
-930
1320
3960
4379964
0
-2
15
-944
1331
3932
4380989
-2
0
15
-928
1344
3935
4382014
0
3
13
-935
1356
3938
4383039
12
7
9
-935
1352
3922
4384064
15
12
8
-929
1315
3914
4385089
15
14
2
-945
1325
3892
4386114
13
12
-2
-935
1302
3900
4387139
12
13
4
-947
1295
3882
4388164
4
9
12
-952
1299
3859
4389189
0
6
22
-944
1291
3881
4390214
-2
1
22
-940
1318
3887
4391239
-7
-4
20
-937
1328
3878
4383872
1
-8
19
-922
1332
3892
4384897
4
-8
21
-917
1335
3919
4385922
4
-4
16
-916
1340
3935
4386947
0
0
10
-927
1326
3911
4387972
2
-1
6
-931
1327
3922
4388997
2
0
9
-924
1316
3920
4390022
1
2
12
-932
1312
3903
4391047
-2
1
11
-940
1331
3901
4392072
-9
1
12
-939
1315
3904
4393097
3
-3
11
-933
1323
3899
4394122
5
-5
10
-932
1323
3885
4395147
-2
-5
9
-931
1320
3883
4396172
-10
-4
10
-936
1316
3889
4397197
-4
-3
9
-925
1316
3899
4398222
2
-3
12
-936
1327
3892
4399247
-12
-3
9
-928
1334
3873
4392064
-19
-1
12
-935
1295
3901
4393089
-3
-4
9
-932
1308
3916
4394114
-3
-4
11
-939
1316
3900
4395139
-3
-4
10
-927
1326
3914
4396164
-12
1
12
-923
1310
3935
4397189
-16
3
9
-935
1307
3927
4398214
-8
1
7
-919
1319
3927
4399239
-4
2
7
-922
1336
3922
4400264
-18
5
8
-926
1324
3912
4401289
-24
5
7
-918
1304
3902
4402314
-11
4
5
-915
1338
3900
4403339
-10
2
5
-927
1344
3888
4404364
-9
-3
4
-935
1320
3897
4405389
1
-8
-5
-938
1309
3907
4406414
0
-8
-14
-939
1312
3912
4407439
-10
-9
-10
-941
1288
3931
4400255
-4
-10
1
-948
1286
3933
4401280
14
-13
8
-950
1314
3924
4402305
2
-9
11
-939
1329
3910
4403330
-8
-5
10
-933
1322
3909
4404355
8
-5
6
-940
1313
3915
4405380
22
-4
6
-936
1314
3890
4406405
7
3
6
-953
1325
3888
4407430
-12
7
1
-944
1308
3893
4408455
-1
5
3
-930
1289
3875
4409480
6
4
4
-936
1334
3861
4410505
-19
7
5
-952
1319
3864
4411530
-27
4
7
-950
1281
3881
4412555
-10
-4
7
-939
1311
3910
4413580
-58
-14
21
-968
1326
3899
4414605
-59
-32
27
-1073
1200
3923
4415630
-6
-14
-10
-946
1245
4084
4408448
-4
32
28
-917
1129
3708
4409473
384
-48
63
-668
1639
3753
4410498
197
-66
93
-1053
1828
4244
4411523
-417
-40
-2
-840
904
3895
4412548
-123
-89
-3
-903
982
3469
4413573
188
-172
-15
-815
1547
3535
4414598
54
-166
-56
-811
1472
3826
4415623
-131
-113
-94
-756
1410
4243
4416648
-279
5
-61
-757
1336
4521
4417673
-236
111
-15
-959
1017
4327
4418698
-4
123
-60
-1079
1277
3945
4419723
10
85
-66
-1018
1377
3675
4420748
11
45
-28
-987
1234
3730
4421773
79
10
-11
-943
1255
3898
4422798
71
2
-3
-954
1270
3929
4423823
46
-5
-5
-927
1269
3885
4416641
42
-6
14
-894
1284
3917
4417666
20
-1
27
-906
1254
3931
4418691
7
4
20
-893
1285
3889
4419716
4
4
13
-916
1309
3871
4420741
5
-1
8
-901
1311
3900
4421766
-5
0
3
-905
1265
3925
4422791
21
-2
1
-898
1278
3942
4423816
10
6
-1
-917
1328
3949
4424841
-24
10
-6
-924
1274
3924
4425866
-15
3
-5
-937
1302
3935
4426891
-6
-8
1
-941
1305
3936
4427916
8
-13
5
-946
1306
3915
4428941
14
-18
6
-938
1341
3933
4429966
6
-15
5
-923
1298
3934
4430991
21
-8
4
-919
1289
3946
4432016
19
2
0
-934
1307
3933
4424832
0
12
-2
-934
1313
3910
4425857
-12
17
3
-940
1273
3900
4426882
-1
16
8
-939
1272
3886
4427907
6
13
14
-940
1293
3879
4428932
-6
12
18
-937
1306
3888
4429957
-17
9
21
-932
1291
3888
4430982
-3
3
21
-932
1295
3886
4432007
0
-3
17
-924
1312
3886
4433032
4
-7
8
-918
1327
3911
4434057
1
-7
5
-905
1325
3912
4435082
-10
-5
2
-918
1311
3922
4436107
-9
-2
-4
-926
1285
3936
4437132
2
-3
-5
-934
1293
3929
4438157
-2
-4
-2
-929
1288
3922
4439182
-2
-4
3
-929
1265
3919
4440207
0
-2
4
-932
1299
3920
4433024
-11
-2
4
-927
1301
3916
4434049
-8
-3
5
-932
1304
3911
4435074
-13
-3
9
-947
1307
3873
4436099
-10
-8
9
-937
1313
3875
4437124
-6
-10
9
-937
1307
3899
4438149
-3
-10
5
-932
1307
3908
4439174
-5
-7
5
-919
1278
3915
4440199
-10
-2
4
-919
1279
3938
4441224
-11
1
6
-919
1279
3943
4442249
-2
1
10
-928
1293
3923
4443274
-3
1
11
-927
1307
3922
4444299
-14
3
10
-927
1301
3931
4445324
-3
2
8
-915
1295
3926
4446349
12
1
9
-926
1314
3930
4447374
7
2
4
-920
1306
3923
4448399
6
6
-2
-913
1279
3917
4441215
9
11
-4
-914
1281
3907
4442240
-1
13
-1
-934
1290
3892
4443265
-14
7
0
-936
1291
3893
4444290
-16
1
-3
-933
1283
3893
4445315
-6
-8
-3
-932
1293
3885
4446340
-3
-18
5
-927
1319
3911
4447365
-8
-24
10
-931
1311
3901
4448390
-6
-29
5
-925
1317
3900
4449415
-6
-29
-1
-938
1302
3905
4450440
7
-32
-5
-940
1292
3924
4451465
18
-32
-5
-930
1293
3939
4452490
13
-21
-9
-923
1286
3936
4453515
-2
-7
-7
-930
1274
3944
4454540
-11
7
0
-931
1265
3920
4455565
-16
15
4
-956
1298
3902
4456590
-48
13
12
-959
1342
3883
4449409
-91
-1
41
-1060
1313
3771
4450434
-49
-41
44
-1031
1286
3765
4451459
-51
8
20
-836
1177
3843
4452484
97
60
70
-688
1085
4174
4453509
392
0
69
-964
1748
4260
4454534
-221
45
-56
-985
1749
4086
4455559
-389
31
-76
-901
717
3461
4456584
121
-94
-61
-918
1191
3352
4457609
250
-158
-59
-820
1501
3644
4458634
13
-140
-71
-821
1385
4008
4459659
-234
-88
-84
-813
1425
4369
4460684
-443
14
-42
-807
1052
4533
4461709
-309
98
-26
-1037
717
4159
4462734
142
65
-81
-1069
1202
3798
4463759
125
23
-75
-1033
1560
3610
4464784
-30
-10
-27
-933
1258
3764
4457600
-16
-25
8
-924
1048
4039
4458625
88
-26
-5
-930
1162
4062
4459650
118
-17
-15
-912
1297
3983
4460675
60
-7
-1
-898
1328
3946
4461700
2
-1
15
-911
1241
3903
4462725
24
-5
15
-926
1258
3945
4463750
32
-4
10
-916
1317
3975
4464775
13
2
2
-947
1250
3927
4465800
30
-2
-1
-919
1265
3932
4466825
22
1
7
-928
1278
3942
4467850
18
6
8
-932
1244
3924
4468875
15
9
3
-947
1259
3887
4469900
-7
9
1
-949
1255
3876
4470925
-10
5
4
-953
1227
3900
4471950
-2
-2
8
-957
1265
3899
4472975
-3
-9
16
-948
1265
3933
4465791
-1
-14
25
-943
1245
3966
4466816
20
-13
22
-916
1267
3998
4467841
30
-2
13
-888
1312
3974
4468866
8
10
14
-880
1294
3967
4469891
-4
24
12
-893
1274
3966
4470916
-3
30
6
-920
1279
3931
4471941
5
25
5
-921
1278
3914
4472966
9
16
11
-918
1280
3904
4473991
-1
10
21
-948
1258
3887
4475016
4
-1
20
-944
1262
3886
4476041
8
-9
19
-941
1271
3882
4477066
3
-14
20
-939
1281
3894
4478091
-15
-16
22
-934
1280
3916
4479116
-8
-19
19
-940
1271
3938
4480141
7
-20
16
-933
1268
3928
4481166
12
-17
13
-925
1278
3928
4473985
-2
-11
11
-929
1272
3941
4475010
-7
-6
4
-932
1273
3958
4476035
3
-2
2
-928
1257
3953
4477060
14
-1
6
-938
1278
3918
4478085
-2
-2
9
-939
1288
3915
4479110
-9
-2
11
-938
1259
3920
4480135
4
-4
7
-931
1276
3916
4481160
6
-7
7
-918
1288
3927
4482185
-3
-6
11
-933
1289
3920
4483210
2
-6
11
-918
1275
3908
4484235
3
-3
13
-925
1289
3915
4485260
-8
0
16
-930
1285
3924
4486285
-5
-2
16
-935
1275
3919
4487310
9
-5
15
-932
1287
3909
4488335
9
-5
15
-925
1272
3916
4489360
-1
-4
12
-922
1269
3916
4482176
-10
-4
12
-917
1234
3918
4483201
1
-4
15
-913
1246
3918
4484226
4
-3
18
-911
1287
3911
4485251
-11
1
19
-915
1276
3901
4486276
-21
4
13
-920
1270
3905
4487301
-14
5
6
-921
1276
3917
4488326
-9
1
-2
-933
1280
3918
4489351
-15
-5
-8
-917
1279
3924
4490376
-17
-6
-3
-922
1249
3953
4491401
-6
-9
0
-927
1265
3951
4492426
-11
-11
2
-922
1293
3944
4493451
-23
-10
7
-924
1236
3950
4494476
3
-13
5
-925
1273
3930
4495501
22
-15
10
-915
1279
3901
4496526
41
-11
1
-911
1301
3923
4497551
-25
-7
-6
-934
1412
3882
4490367
-137
-21
25
-1019
1315
3746
4491392
-146
-18
40
-973
1157
3879
4492417
-70
60
61
-784
935
4125
4493442
299
81
101
-673
1136
4240
4494467
386
55
36
-1146
1857
4221
4495492
-403
82
-26
-913
1184
3642
4496517
-189
14
-25
-980
907
3300
4497542
240
-104
-34
-861
1502
3623
4498567
121
-88
-50
-849
1487
3978
4499592
-153
-23
-71
-831
1393
4424
4500617
-335
56
-34
-868
988
4442
4501642
-82
81
-55
-1038
1040
3948
4502667
152
46
-49
-1061
1470
3727
4503692
-5
25
-12
-1017
1279
3708
4504717
15
-7
-2
-967
1108
3847
4505742
100
-28
0
-932
1292
4001
4498560
53
-15
9
-948
1277
3996
4499585
14
-12
3
-938
1219
3933
4500610
34
-21
-1
-927
1294
3874
4501635
44
-25
1
-921
1312
3872
4502660
31
-21
1
-936
1301
3897
4503685
9
-21
-9
-943
1259
3894
4504710
25
-22
-12
-921
1256
3927
4505735
22
-18
-11
-932
1258
3921
4506760
14
-14
-5
-930
1234
3959
4507785
-8
-1
7
-948
1254
3998
4508810
-21
7
14
-959
1246
3961
4509835
3
5
17
-943
1285
3913
4510860
8
3
15
-944
1316
3859
4511885
4
-4
7
-937
1308
3895
4512910
-6
-5
-2
-944
1288
3941
4513935
-3
-7
-11
-944
1271
3920
4506752
4
-14
-10
-932
1290
3916
4507777
1
-13
8
-933
1244
3951
4508802
4
-9
15
-950
1240
3960
4509827
16
-4
16
-937
1269
3938
4510852
2
4
22
-935
1271
3929
4511877
-9
8
24
-925
1248
3931
4512902
7
12
27
-931
1252
3948
4513927
26
15
28
-945
1250
3923
4514952
14
15
24
-943
1308
3847
4515977
-18
12
29
-942
1263
3831
4517002
4
4
30
-939
1307
3938
4518027
-3
7
25
-936
1319
3963
4519052
-12
9
16
-939
1293
3906
4520077
7
2
9
-944
1296
3889
4521102
14
-4
6
-941
1295
3923
4522127
14
-5
3
-930
1301
3930
4514944
5
-5
3
-944
1271
3907
4515969
5
-5
1
-942
1268
3911
4516994
4
-4
-1
-939
1282
3905
4518019
0
-4
0
-928
1279
3916
4519044
-6
-1
4
-933
1274
3921
4520069
-7
-1
3
-945
1270
3907
4521094
2
-2
0
-942
1311
3919
4522119
-11
-1
3
-945
1294
3903
4523144
-8
-4
0
-941
1289
3902
4524169
4
-6
2
-940
1289
3906
4525194
4
-7
6
-941
1286
3924
4526219
-4
-5
6
-947
1286
3933
4527244
-4
-2
4
-948
1275
3906
4528269
-1
-1
4
-943
1283
3904
4529294
-3
-1
7
-939
1285
3921
4530319
-10
2
9
-949
1289
3927
4523137
-2
1
7
-941
1280
3930
4524162
3
-1
8
-938
1297
3921
4525187
-10
-1
6
-940
1299
3921
4526212
-7
-1
6
-935
1276
3914
4527237
10
-3
4
-938
1289
3923
4528262
12
-1
1
-934
1293
3908
4529287
-5
3
-1
-943
1271
3906
4530312
-13
3
-5
-948
1284
3912
4531337
-12
-2
-2
-955
1257
3918
4532362
1
-8
0
-952
1284
3916
4533387
0
-10
4
-944
1293
3926
4534412
-2
-9
4
-941
1289
3925
4535437
-2
-7
1
-933
1297
3920
4536462
0
-5
-2
-925
1278
3930
4537487
-2
-2
-2
-933
1270
3908
4538512
0
-1
-3
-933
1278
3903
4531328
-8
1
-2
-933
1263
3909
4532353
-19
2
10
-939
1254
3919
4533378
-17
-2
18
-946
1266
3912
4534403
-5
-5
20
-953
1311
3894
4535428
-15
-7
16
-951
1303
3895
4536453
-21
-7
8
-948
1294
3912
4537478
-14
-8
3
-944
1301
3920
4538503
-9
-9
0
-945
1296
3923
4539528
-21
-10
-1
-957
1284
3902
4540553
-40
-16
11
-997
1298
3867
4541578
-62
-14
13
-1035
1211
3994
4542603
-129
34
15
-918
1048
4051
4543628
7
56
54
-957
1157
3742
4544653
348
15
73
-730
1635
4240
4545678
152
31
79
-1080
1531
4475
4546703
-317
38
-36
-970
1010
3628
4539520
-79
-74
-10
-941
1137
2949
4540545
190
-200
14
-823
1367
3319
4541570
101
-203
-6
-815
1282
3927
4542595
-23
-153
-44
-784
1373
4356
4543620
-174
-52
-36
-789
1456
4489
4544645
-263
59
-29
-885
1194
4296
4545670
-137
110
-17
-971
1058
4024
4546695
-37
119
-27
-1086
1286
3891
4547720
-67
95
-14
-1052
1229
3842
4548745
8
65
-9
-1022
1182
3882
4549770
104
38
-5
-985
1217
3895
4550795
120
6
-5
-949
1305
3867
4551820
82
-5
8
-908
1358
3895
4552845
17
6
20
-912
1255
3908
4553870
30
2
12
-923
1196
3913
4554895
55
3
7
-925
1264
3913
4547713
22
11
-3
-944
1257
3878
4548738
8
7
-14
-925
1255
3885
4549763
-6
4
-13
-934
1256
3927
4550788
-11
-2
-13
-943
1243
3917
4551813
8
-14
-8
-941
1259
3910
4552838
15
-24
1
-945
1309
3920
4553863
-4
-26
2
-938
1287
3935
4554888
-10
-23
2
-940
1269
3949
4555913
2
-20
-1
-951
1278
3951
4556938
13
-13
5
-949
1275
3985
4557963
10
1
2
-966
1273
3961
4558988
1
14
-7
-964
1290
3918
4560013
-5
17
-3
-969
1275
3895
4561038
-7
13
4
-971
1262
3883
4562063
2
8
12
-966
1266
3905
4563088
-2
5
12
-958
1282
3910
4555903
-11
3
11
-952
1284
3901
4556928
-5
2
15
-934
1269
3919
4557953
1
4
17
-948
1299
3931
4558978
-10
6
11
-946
1278
3907
4560003
-3
4
6
-947
1275
3918
4561028
4
0
6
-939
1282
3921
4562053
-1
-3
7
-944
1265
3914
4563078
-8
-6
11
-938
1241
3928
4564103
-3
-10
17
-946
1237
3944
4565128
-10
-7
14
-944
1267
3929
4566153
-20
-4
13
-946
1269
3928
4567178
-7
-5
9
-948
1296
3925
4568203
4
-8
8
-943
1294
3916
4569228
-1
-9
5
-953
1276
3909
4570253
-2
-11
4
-954
1285
3913
4571278
-2
-10
8
-956
1259
3922
4564096
-2
-14
9
-971
1270
3932
4565121
-3
-29
5
-960
1247
3932
4566146
6
-38
7
-944
1259
3908
4567171
9
-28
19
-936
1264
3914
4568196
0
-13
26
-939
1276
3938
4569221
-7
-1
20
-933
1271
3942
4570246
-2
13
13
-927
1271
3945
4571271
-5
21
12
-939
1282
3930
4572296
-12
14
12
-937
1273
3922
4573321
-10
14
10
-937
1280
3912
4574346
-13
16
13
-949
1271
3930
4575371
-7
15
15
-952
1278
3914
4576396
0
11
18
-957
1284
3880
4577421
-3
5
14
-954
1274
3901
4578446
-6
-1
6
-947
1261
3925
4579471
7
-6
5
-947
1263
3939
4572288
12
-12
14
-938
1275
3951
4573313
-3
-7
16
-941
1274
3944
4574338
2
-8
13
-934
1257
3939
4575363
16
-12
10
-931
1279
3932
4576388
15
-18
5
-926
1298
3932
4577413
1
-20
7
-942
1261
3920
4578438
2
-24
8
-936
1241
3906
4579463
4
-25
10
-938
1265
3896
4580488
-4
-21
12
-928
1273
3876
4581513
-12
-8
17
-940
1283
3871
4582538
-26
-8
19
-937
1340
3911
4583563
-77
-11
34
-944
1229
3977
4584588
-113
-3
51
-995
1177
4030
4585613
-85
14
39
-981
1205
3876
4586638
66
16
40
-972
1231
3674
4587663
182
5
53
-779
1491
3976
4580479
105
13
110
-740
1271
4279
4581504
-172
77
33
-1059
1413
4292
4582529
-319
77
-25
-921
938
3637
4583554
42
6
-10
-1001
1171
3420
4584579
170
-80
-37
-889
1462
3624
4585604
-14
-105
-70
-882
1489
3970
4586629
-252
-71
-80
-845
1404
4287
4587654
-355
5
-56
-829
915
4350
4588679
-12
48
-43
-991
882
4035
4589704
232
30
-68
-1072
1403
3762
4590729
46
3
-42
-1006
1333
3725
4591754
-56
-6
-10
-988
1116
3903
4592779
43
-21
1
-951
1173
4026
4593804
90
-18
-1
-945
1273
3958
4594829
46
-10
1
-954
1249
3874
4595854
35
-15
2
-926
1224
3893
4588813
54
-14
-6
-923
1255
3925
4589838
64
-9
-8
-912
1277
3969
4590863
22
2
-1
-929
1281
3985
4591888
-15
10
3
-939
1202
3969
4592913
5
7
1
-939
1228
3909
4593938
23
3
3
-941
1244
3905
4594963
15
3
4
-947
1282
3910
4595988
-7
1
7
-941
1237
3918
4597013
-12
-4
9
-945
1224
3930
4598038
-17
-8
4
-956
1248
3940
4599063
4
-11
5
-940
1267
3961
4600088
18
-10
10
-938
1305
3965
4601113
7
-8
7
-940
1283
3953
4602138
3
-4
-2
-953
1293
3923
4603163
7
-5
-7
-950
1240
3876
4604188
37
-12
-7
-926
1263
3904
4596864
10
-6
3
-934
1248
3938
4597889
-24
0
7
-943
1203
3928
4598914
-12
4
12
-942
1223
3940
4599939
-4
9
17
-957
1250
3918
4600964
-4
4
15
-957
1291
3894
4601989
-5
-2
12
-958
1266
3890
4603014
21
-9
3
-934
1296
3941
4604039
3
-2
0
-929
1313
3973
4605064
-7
2
-5
-935
1227
3939
4606089
43
-4
-8
-939
1314
3915
4607114
22
-5
-2
-946
1280
3885
4608139
2
-6
-6
-956
1244
3911
4609164
6
-12
-12
-948
1239
3941
4610189
8
-8
-8
-947
1225
3946
4611214
11
-2
-3
-942
1226
3938
4612239
-4
6
6
-943
1242
3909
4605055
-15
10
13
-957
1219
3894
4606080
-7
3
12
-944
1284
3927
4607105
-14
2
15
-941
1275
3931
4608130
-12
2
12
-938
1271
3899
4609155
-7
0
6
-941
1288
3902
4610180
-13
-1
6
-943
1280
3933
4611205
-18
-1
8
-949
1250
3938
4612230
-8
-2
6
-964
1232
3939
4613255
2
-4
3
-962
1256
3935
4614280
-1
-4
6
-952
1266
3949
4615305
2
-5
9
-947
1264
3940
4616330
5
-4
10
-944
1278
3935
4617355
-5
0
11
-945
1268
3928
4618380
-2
1
6
-947
1253
3927
4619405
5
4
-1
-941
1289
3927
4620430
-5
10
-3
-935
1255
3915
4613248
-6
15
-6
-944
1231
3902
4614273
-10
16
-11
-942
1246
3908
4615298
-16
14
-7
-951
1242
3908
4616323
-13
5
1
-959
1245
3903
4617348
-14
-3
7
-954
1253
3913
4618373
-11
-11
11
-955
1254
3923
4619398
-14
-17
10
-952
1277
3872
4620423
-35
-25
20
-961
1238
3859
4621448
-60
-29
10
-1000
1260
3778
4622473
-25
-18
-8
-948
1310
3888
4623498
-67
41
-13
-915
1291
4109
4624523
-113
90
16
-1028
1265
3961
4625548
30
104
15
-831
1448
4272
4626573
146
86
64
-930
982
4228
4627598
-139
100
-25
-1107
1293
3984
4628623
-202
52
-37
-997
970
3317
4621440
90
-22
-29
-987
1327
3521
4622465
73
-65
-35
-877
1323
3953
4623490
-71
-33
-49
-864
1381
4272
4624515
-265
39
-36
-900
1213
4301
4625540
-157
72
-19
-966
851
4065
4626565
168
50
-39
-1072
1191
3864
4627590
138
11
-21
-1083
1345
3697
4628615
19
-15
3
-1048
1175
3733
4629640
37
-40
12
-979
1115
3922
4630665
68
-41
7
-980
1208
3981
4631690
63
-40
7
-990
1276
3929
4632715
33
-35
16
-966
1232
3902
4633740
42
-30
20
-1004
1210
3905
4634765
33
-29
11
-1004
1234
3922
4635790
7
-23
2
-993
1258
3966
4636815
0
-13
-1
-983
1250
3972
4629632
12
-7
-3
-991
1273
3922
4630657
9
-10
3
-978
1229
3938
4631682
17
-5
8
-972
1250
3979
4632707
9
2
7
-990
1242
3946
4633732
16
4
16
-970
1231
3970
4634757
7
13
21
-979
1251
3989
4635782
1
19
21
-970
1235
3950
4636807
31
18
24
-977
1247
3925
4637832
25
23
26
-979
1292
3897
4638857
-6
24
29
-992
1258
3887
4639882
-4
20
28
-987
1231
3894
4640907
8
16
24
-1007
1260
3865
4641932
4
8
19
-1000
1269
3853
4642957
-11
0
20
-981
1239
3914
4643982
-7
-3
25
-984
1227
3923
4645007
2
-5
25
-997
1258
3922
4637824
1
-5
21
-994
1266
3923
4638849
-2
-3
11
-985
1274
3924
4639874
-2
-3
2
-972
1289
3902
4640899
0
-1
2
-979
1265
3934
4641924
-1
3
3
-981
1248
3958
4642949
-2
3
1
-984
1255
3922
4643974
-4
0
6
-988
1260
3895
4644999
-4
-3
14
-984
1249
3920
4646024
-4
-3
17
-991
1260
3916
4647049
-2
-1
17
-1000
1268
3911
4648074
-2
-4
14
-992
1276
3905
4649099
-8
-7
10
-995
1266
3910
4650124
-4
-7
9
-989
1250
3913
4651149
-1
-7
12
-1006
1262
3908
4652174
-7
-11
13
-1001
1246
3915
4653199
4
-16
13
-985
1239
3919
4646015
17
-14
13
-975
1261
3937
4647040
-2
-8
15
-980
1253
3936
4648065
-5
-4
17
-981
1243
3950
4649090
1
0
14
-980
1260
3930
4650115
2
1
11
-975
1273
3921
4651140
-1
-1
8
-979
1258
3905
4652165
-1
-2
9
-983
1256
3910
4653190
4
-5
12
-982
1275
3903
4654215
4
-4
22
-973
1262
3906
4655240
-4
1
31
-972
1225
3914
4656265
-9
4
31
-981
1205
3919
4657290
-5
3
24
-982
1261
3915
4658315
-8
5
22
-973
1274
3907
4659340
-3
6
24
-976
1231
3905
4660365
11
7
19
-975
1270
3928
4661390
2
6
12
-972
1290
3930
4654208
-15
8
10
-972
1270
3920
4655233
-5
5
8
-978
1254
3905
4656258
15
-3
2
-979
1269
3893
4657283
8
-7
0
-978
1258
3891
4658308
-8
-10
1
-976
1250
3893
4659333
-20
-15
0
-983
1255
3880
4660358
-58
-23
16
-1021
1314
3831
4661383
-104
-31
43
-1099
1234
3872
4662408
-101
-3
53
-982
1147
3833
4663433
15
57
81
-763
1164
4167
4664458
357
-12
124
-826
1120
4132
4665483
-63
55
-9
-1102
2048
4465
4666508
-566
111
-36
-957
674
3730
4667533
47
27
-51
-1068
997
3527
4668558
325
-56
-51
-950
1476
3565
4669583
159
-64
-54
-956
1440
3777
4662401
-73
-73
-81
-923
1350
3992
4663426
-216
-56
-74
-904
1237
4171
4664451
-249
14
-38
-939
977
4253
4665476
-98
35
-27
-1137
984
3920
4666501
98
-11
-47
-1091
1398
3681
4667526
33
-27
2
-1009
1299
3761
4668551
-7
-18
26
-989
1139
3968
4669576
32
-12
17
-989
1212
4043
4670601
38
-3
4
-1000
1249
3973
4671626
21
-4
-9
-1001
1214
3862
4672651
29
-23
-18
-988
1271
3838
4673676
36
-36
-18
-957
1277
3898
4674701
38
-32
-16
-957
1215
3962
4675726
47
-31
-19
-955
1207
3993
4676751
32
-21
-18
-958
1243
3949
4677776
10
-11
-9
-973
1215
3936
4670592
3
-10
2
-979
1194
3950
4671617
16
-13
7
-984
1233
3947
4672642
17
-13
11
-977
1252
3936
4673667
9
-10
8
-993
1266
3894
4674692
15
-12
10
-961
1262
3946
4675717
-1
-6
11
-995
1266
3969
4676742
-6
-4
4
-988
1249
3941
4677767
15
-3
3
-992
1270
3919
4678792
12
-4
10
-986
1258
3915
4679817
7
-4
13
-987
1234
3913
4680842
16
-6
11
-969
1257
3931
4681867
-5
-3
12
-951
1245
3913
4682892
-14
4
20
-958
1231
3876
4683917
-10
7
23
-954
1233
3885
4684942
-34
19
22
-967
1223
3942
4685967
-57
30
15
-968
1218
3995
4678784
-63
31
7
-981
1282
3984
4679809
-59
30
-1
-983
1285
3930
4680834
-44
24
-6
-994
1249
3904
4681859
-10
11
-8
-986
1240
3926
4682884
11
3
-10
-979
1218
3926
4683909
24
-3
-9
-974
1224
3909
4684934
15
-9
1
-975
1203
3910
4685959
8
-9
7
-981
1179
3911
4686984
16
-6
8
-977
1207
3918
4688009
13
-1
7
-973
1225
3914
4689034
-9
5
6
-984
1244
3905
4690059
-23
8
-1
-994
1237
3890
4691084
-12
7
-9
-1004
1254
3897
4692109
-3
0
-10
-1009
1255
3907
4693134
-4
-7
-7
-1004
1248
3924
4694159
0
-10
0
-986
1219
3958
4686977
8
-6
5
-977
1217
3983
4688002
11
2
6
-976
1234
3980
4689027
3
11
4
-974
1246
3981
4690052
-3
16
3
-974
1254
3977
4691077
-2
19
4
-981
1236
3952
4692102
6
16
3
-987
1257
3934
4693127
2
12
0
-1002
1243
3900
4694152
5
3
-3
-1003
1231
3882
4695177
13
-6
1
-986
1223
3917
4696202
14
-9
7
-988
1221
3918
4697227
8
-11
7
-989
1227
3881
4698252
0
-12
7
-996
1229
3890
4699277
-1
-9
5
-1004
1236
3911
4700302
1
-7
0
-999
1246
3909
4701327
1
-9
-2
-1001
1258
3911
4702352
1
-9
0
-1001
1238
3903
4695167
17
-14
3
-1003
1253
3933
4696192
21
-19
2
-1010
1261
3939
4697217
20
-21
-3
-997
1270
3921
4698242
14
-19
-2
-987
1237
3943
4699267
19
-20
2
-992
1227
3958
4700292
16
-14
-2
-980
1241
3940
4701317
-4
-6
2
-990
1198
3895
4702342
2
-6
6
-992
1232
3888
4703367
-15
-8
11
-1029
1230
3924
4704392
-65
-16
10
-1075
1179
3919
4705417
-95
-3
-3
-998
1172
3946
4706442
-12
20
0
-964
1188
3875
4707467
139
8
20
-920
1553
4071
4708492
40
-2
27
-827
1502
4184
4709517
-351
9
-55
-1178
1523
3988
4710542
-663
-53
-70
-877
932
3285
4703360
-226
-134
-24
-958
865
3359
4704385
89
-188
-43
-867
1077
3937
4705410
11
-152
-75
-908
1228
4158
4706435
-141
-80
-85
-830
1268
4258
4707460
-265
24
-26
-886
1139
4365
4708485
-246
101
4
-1024
791
4164
4709510
-11
116
0
-1116
979
3992
4710535
0
97
19
-1130
1176
3904
4711560
-57
68
29
-1074
1058
3897
4712585
27
46
54
-1016
1084
3965
4713610
81
34
66
-1016
1103
3970
4714635
94
20
53
-997
1146
3957
4715660
76
10
41
-969
1167
4003
4716685
42
9
26
-969
1173
4006
4717710
38
6
18
-961
1156
3956
4718735
40
2
19
-958
1140
3926
4711552
39
1
15
-966
1108
3930
4712577
41
-5
7
-966
1112
3951
4713602
29
-8
6
-973
1109
3938
4714627
28
-16
8
-973
1142
3945
4715652
28
-23
10
-982
1153
3936
4716677
44
-30
11
-975
1158
3955
4717702
39
-30
12
-991
1182
3969
4718727
32
-26
10
-995
1152
3973
4719752
47
-25
8
-999
1181
3956
4720777
54
-23
10
-989
1153
3963
4721802
54
-18
13
-989
1192
3979
4722827
29
-14
15
-979
1170
3952
4723852
27
-11
6
-944
1187
3948
4724877
27
-8
5
-938
1198
3961
4725902
22
-11
7
-947
1210
3946
4726927
11
-19
11
-950
1173
3922
4719745
30
-26
8
-940
1177
3946
4720770
36
-24
3
-948
1187
3955
4721795
25
-19
-6
-959
1188
3919
4722820
18
-18
-13
-969
1190
3920
4723845
7
-20
-17
-962
1191
3941
4724870
-2
-23
-15
-976
1166
3951
4725895
12
-27
-9
-979
1165
3951
4726920
25
-28
-2
-982
1165
3930
4727945
27
-28
5
-984
1175
3961
4728970
18
-22
11
-994
1191
3968
4729995
19
-17
15
-979
1176
3987
4731020
37
-9
13
-960
1206
3978
4732045
34
5
11
-956
1216
3953
4733070
17
16
9
-955
1224
3949
4734095
12
23
9
-960
1227
3932
4735120
8
24
7
-975
1213
3907
4727970
2
17
4
-970
1220
3930
4728995
1
9
2
-967
1207
3929
4730020
20
1
7
-945
1187
3932
4731045
30
-1
14
-946
1203
3931
4732070
14
0
14
-963
1220
3942
4733095
3
-1
9
-974
1218
3935
4734120
12
-5
5
-966
1214
3926
4735145
20
-8
1
-955
1218
3933
4736170
22
-6
-1
-960
1236
3918
4737195
13
-4
-3
-956
1222
3926
4738220
3
-3
-6
-960
1209
3914
4739245
-4
-5
-4
-972
1199
3914
4740270
1
-8
-1
-973
1216
3926
4741295
6
-10
3
-974
1211
3941
4742320
4
-11
2
-966
1231
3954
4743345
-1
-5
1
-960
1221
3955
4736128
2
0
2
-963
1208
3954
4737153
0
2
7
-965
1223
3974
4738178
-3
6
13
-965
1212
3972
4739203
1
10
10
-976
1225
3944
4740228
-10
13
8
-972
1239
3942
4741253
-16
13
13
-967
1214
3937
4742278
-3
11
13
-960
1221
3908
4743303
5
9
10
-949
1235
3891
4744328
-31
3
10
-973
1247
3883
4745353
-98
-15
17
-1001
1231
3722
4746378
-6
-33
35
-1049
1134
3730
4747403
26
3
67
-998
1092
4126
4748428
-94
114
64
-864
904
4388
4749453
246
84
99
-767
1254
4122
4750478
356
29
17
-1232
2139
4194
4751503
-453
32
-3
-839
869
3523
4744321
-115
-52
36
-990
824
3288
4745346
255
-149
18
-892
1430
3694
4746371
121
-134
-23
-896
1336
3974
4747396
-88
-104
-69
-850
1351
4146
4748421
-255
-34
-56
-837
1357
4303
4749446
-261
51
-33
-899
969
4333
4750471
-45
90
-49
-1089
940
4073
4751496
115
59
-94
-1141
1349
3704
4752521
48
5
-64
-1082
1341
3574
4753546
47
-50
-12
-976
1124
3836
4754571
72
-54
5
-960
1143
4040
4755596
57
-31
-7
-974
1216
4017
4756621
42
-24
-7
-956
1195
3919
4757646
51
-25
3
-944
1252
3918
4758671
27
-18
10
-942
1230
3959
4759696
16
-5
6
-961
1216
3975
4752512
15
3
-3
-958
1250
3990
4753537
-1
14
-6
-957
1225
3981
4754562
5
20
-7
-975
1198
3953
4755587
30
16
-10
-974
1253
3907
4756612
19
13
-9
-978
1245
3934
4757637
2
11
-9
-977
1232
3948
4758662
10
10
-2
-963
1204
3951
4759687
22
3
8
-974
1209
3952
4760712
16
1
11
-973
1212
3924
4761737
21
-1
13
-963
1213
3896
4762762
32
-5
24
-964
1267
3906
4763787
7
-7
33
-963
1238
3949
4764812
15
-7
31
-963
1234
3931
4765837
20
-8
23
-962
1221
3902
4766862
15
-6
11
-958
1261
3891
4767887
-3
-4
4
-965
1278
3939
4760704
-16
-1
6
-972
1253
3956
4761729
-12
0
7
-971
1233
3923
4762754
9
0
8
-982
1235
3899
4763779
2
-3
3
-983
1240
3892
4764804
-2
-5
0
-978
1249
3934
4765829
-5
-4
2
-959
1250
3942
4766854
-6
0
2
-958
1259
3923
4767879
-3
3
4
-966
1253
3918
4768904
-3
3
0
-961
1261
3920
4769929
-4
3
0
-966
1245
3943
4770954
1
2
3
-969
1221
3952
4771979
7
0
4
-982
1247
3924
4773004
0
-1
8
-986
1237
3913
4774029
-2
-6
9
-980
1240
3934
4775054
-1
-7
9
-968
1239
3940
4776079
7
-5
10
-956
1246
3933
4768896
3
0
14
-970
1252
3920
4769921
-11
1
11
-971
1255
3934
4770946
-22
3
10
-976
1223
3916
4771971
-2
-3
7
-974
1230
3924
4772996
5
-6
8
-969
1281
3940
4774021
-9
-5
15
-976
1235
3928
4775046
14
-8
13
-960
1275
3962
4776071
7
-4
16
-964
1251
3948
4777096
3
-1
15
-968
1268
3930
4778121
0
0
14
-962
1287
3930
4779146
2
0
11
-972
1247
3926
4780171
15
-3
6
-971
1242
3916
4781196
25
-4
7
-966
1263
3916
4782221
5
1
12
-980
1256
3893
4783246
-11
-3
12
-980
1235
3879
4784271
-6
-13
15
-982
1227
3894
4777088
14
-28
14
-968
1236
3875
4778113
23
-42
14
-942
1253
3898
4779138
15
-43
16
-930
1221
3943
4780163
10
-34
14
-936
1245
3962
4781188
-4
-17
10
-937
1267
3968
4782213
-21
-4
9
-953
1257
3961
4783238
-23
4
7
-957
1241
3957
4784263
-5
6
5
-957
1265
3940
4785288
-6
6
5
-974
1266
3912
4786313
-9
-1
3
-963
1271
3903
4787338
-7
-8
8
-954
1237
3905
4788363
5
-13
9
-947
1233
3921
4789388
-33
-15
13
-959
1257
3936
4790413
-101
-25
32
-1046
1144
3825
4791438
10
-54
16
-1102
1234
3983
4792463
-51
-19
-16
-871
1449
4053
4785279
-70
93
74
-660
1200
4070
4786304
392
23
233
-938
1138
3980
4787329
-266
71
53
-1028
1738
4195
4788354
-802
80
87
-916
600
3508
4789379
-175
-24
61
-986
964
3469
4790404
283
-108
-11
-932
1412
3653
4791429
221
-138
-89
-884
1379
3863
4792454
19
-91
-108
-754
1498
4404
4793479
-255
38
-78
-868
1249
4520
4794504
-158
102
-81
-1068
877
4085
4795529
147
63
-118
-1111
1188
3733
4796554
93
19
-68
-1020
1165
3735
4797579
3
7
-19
-1017
1031
3916
4798604
69
-7
-14
-982
1151
3969
4799629
85
-13
2
-968
1187
3919
4800654
81
-16
24
-947
1209
3933
4793474
67
-13
39
-935
1230
3944
4794499
64
-7
29
-947
1268
3930
4795524
49
-3
15
-956
1300
3943
4796549
26
0
3
-945
1285
3950
4797574
28
1
2
-943
1240
3961
4798599
27
2
-3
-959
1247
3931
4799624
19
-2
-8
-952
1211
3934
4800649
26
-5
-8
-954
1242
3936
4801674
21
-12
0
-960
1224
3931
4802699
21
-14
4
-953
1255
3957
4803724
9
-8
6
-971
1244
3946
4804749
17
-12
0
-961
1229
3910
4805774
30
-13
-5
-954
1290
3911
4806799
19
-15
-6
-946
1277
3932
4807824
23
-20
-8
-943
1225
3927
4808849
45
-20
-14
-944
1263
3926
4801762
28
-12
-16
-948
1268
3920
4802787
-1
-9
-13
-959
1245
3929
4803812
-4
-6
-7
-948
1239
3938
4804837
-7
1
4
-959
1205
3909
4805862
-4
3
6
-967
1237
3899
4806887
-9
1
5
-968
1246
3881
4807912
-14
0
0
-969
1263
3877
4808937
-20
-5
-3
-971
1266
3891
4809962
-18
-9
-2
-959
1260
3943
4810987
-9
-9
-2
-942
1245
3962
4812012
-2
-7
-1
-949
1255
3968
4813037
2
-4
-2
-949
1283
3971
4814062
1
0
0
-942
1256
3963
4815087
8
3
1
-933
1260
3970
4816112
11
6
2
-951
1245
3956
4817137
13
6
-3
-954
1267
3929
4809855
4
5
1
-952
1243
3937
4810880
6
3
3
-949
1234
3935
4811905
15
3
1
-961
1259
3918
4812930
0
4
-6
-963
1254
3886
4813955
-17
1
-9
-968
1212
3870
4814980
-5
-7
-8
-964
1232
3893
4816005
2
-17
-3
-962
1229
3894
4817030
14
-21
-2
-961
1276
3902
4818055
-1
-19
1
-955
1282
3920
4819080
-14
-16
5
-959
1248
3937
4820105
-6
-12
3
-966
1260
3944
4821130
-7
-4
1
-975
1268
3953
4822155
-3
-2
-3
-972
1264
3952
4823180
3
4
-2
-966
1276
3939
4824205
-7
10
3
-983
1273
3930
4825230
-3
9
5
-977
1238
3937
4818049
7
8
5
-970
1252
3924
4819074
1
8
9
-967
1250
3909
4820099
-6
7
16
-962
1243
3928
4821124
7
6
14
-961
1270
3928
4822149
-2
8
10
-957
1279
3908
4823174
-18
13
-2
-946
1271
3905
4824199
-25
20
-13
-955
1250
3901
4825224
-11
17
-19
-958
1236
3931
4826249
1
14
-25
-959
1243
3927
4827274
-1
14
-30
-962
1249
3915
4828299
-18
12
-25
-957
1214
3928
4829324
-36
11
-5
-974
1186
3960
4830349
-25
2
7
-996
1177
3913
4831374
-8
-9
12
-1023
1316
3876
4832399
-115
-15
34
-1049
1383
3791
4833424
-249
-10
50
-1018
1290
3386
4826241
-20
-11
176
-829
940
3742
4827266
336
31
239
-606
992
4687
4828291
54
133
120
-1155
1747
4864
4829316
-675
203
14
-1009
968
3794
4830341
-220
139
3
-1051
1014
3446
4831366
184
80
6
-948
1337
3730
4832391
174
68
-49
-995
1417
3947
4833416
-16
75
-94
-952
1381
4200
4834441
-176
84
-96
-1038
1185
4212
4835466
-95
54
-99
-1019
974
3922
4836491
192
13
-95
-1105
1157
3750
4837516
274
-52
-71
-1080
1285
3727
4838541
83
-79
-33
-1084
1124
3715
4839566
52
-102
-36
-1036
1210
3859
4840591
52
-105
-21
-1010
1209
3905
4841616
61
-103
-3
-997
1172
3869
4834432
64
-97
11
-977
1171
3873
4835457
41
-80
11
-991
1221
3925
4836482
-13
-59
-2
-988
1257
3971
4837507
-27
-34
-7
-995
1282
4008
4838532
-10
-17
-1
-1007
1279
4004
4839557
-10
-3
-1
-1019
1250
3975
4840582
-18
3
-15
-1028
1235
3954
4841607
-4
6
-28
-1014
1240
3947
4842632
12
8
-31
-1014
1271
3927
4843657
4
7
-26
-1013
1245
3914
4844682
2
3
-16
-998
1236
3928
4845707
3
5
-3
-1000
1239
3941
4846732
7
6
7
-1013
1226
3927
4847757
6
4
7
-1006
1237
3907
4848782
1
7
4
-999
1267
3917
4849807
-10
10
6
-1005
1256
3915
4842624
-4
8
8
-1011
1230
3906
4843649
4
4
9
-1025
1237
3918
4844674
0
2
6
-1018
1224
3901
4845699
6
-3
4
-1007
1225
3878
4846724
8
-8
9
-1005
1247
3914
4847749
-6
-8
12
-997
1237
3938
4848774
-3
-5
10
-997
1235
3917
4849799
3
-3
7
-991
1248
3910
4850824
-4
0
9
-997
1248
3916
4851849
-14
3
11
-1005
1233
3931
4852874
-15
7
8
-1022
1220
3890
4853899
-2
5
4
-1007
1261
3896
4854924
-16
-1
4
-1023
1247
3910
4855949
-13
-4
0
-1007
1222
3908
4856974
1
-6
-1
-1014
1233
3911
4857999
-6
-11
-1
-1005
1244
3934
4850816
-10
-11
0
-1001
1246
3949
4851841
-2
-9
5
-1000
1221
3965
4852866
4
-6
7
-1004
1228
3949
4853891
1
-3
8
-1008
1245
3923
4854916
-2
-1
8
-1011
1226
3928
4855941
7
-5
6
-1016
1241
3924
4856966
3
-9
5
-1011
1245
3904
4857991
-7
-11
5
-1003
1240
3897
4859016
0
-17
5
-1017
1227
3895
4860041
12
-24
2
-1006
1242
3898
4861066
-15
-25
-4
-1002
1259
3894
4862091
-57
-19
-9
-1007
1234
3856
4863116
-68
-20
-4
-1074
1237
3840
4864141
-48
-41
-1
-1102
1182
3920
4865166
8
-61
-3
-1067
1226
3971
4866191
28
-58
-2
-1012
1193
3982
4859008
27
-33
-5
-943
1209
4019
4860033
14
5
-3
-926
1217
4020
4861058
-12
36
-10
-931
1240
3979
4862083
-39
50
-13
-932
1228
3960
4863108
-41
50
-16
-937
1203
3922
4864133
-30
39
-25
-959
1242
3858
4865158
-42
21
-33
-971
1257
3832
4866183
-54
-4
-36
-984
1209
3847
4867208
-27
-33
-39
-975
1197
3874
4868233
-23
-57
-28
-967
1204
3923
4869258
-63
-68
-8
-971
1185
3980
4870283
-115
-65
2
-1016
1215
3996
4871308
-163
-52
-5
-1054
1319
3975
4872333
-184
-23
-6
-970
1191
3926
4873358
59
5
12
-703
1070
4239
4874383
278
-22
36
-1115
1304
4184
4867200
-220
2
-75
-997
1396
3862
4868225
-272
-26
-42
-1030
771
3332
4869250
99
-117
-46
-941
1109
3648
4870275
105
-116
-54
-901
1206
3989
4871300
-79
-70
-78
-905
1279
4210
4872325
-303
15
-60
-932
1297
4291
4873350
-390
93
-31
-974
850
4295
4874375
-228
123
-18
-1109
812
4064
4875400
24
87
-46
-1145
999
3809
4876425
64
48
-39
-1096
1192
3829
4877450
35
15
-17
-1049
1199
3945
4878475
41
-3
8
-1005
1147
4014
4879500
59
-11
35
-1002
1027
3955
4880525
76
-14
28
-1016
1037
3867
4881550
81
-22
8
-998
1181
3878
4882575
36
-22
8
-993
1197
3905
4875392
6
-16
1
-999
1107
3917
4876417
18
-20
-28
-1035
1116
3914
4877442
44
-27
-55
-999
1114
3960
4878467
34
-21
-53
-978
1096
4001
4879492
5
-12
-37
-990
1063
3971
4880517
6
-14
-20
-998
1099
4009
4881542
-14
-6
1
-1012
1086
4068
4882567
-30
4
7
-1038
1089
4041
4883592
-5
0
16
-1020
1157
4020
4884617
2
-2
33
-1033
1136
3991
4885642
8
-4
28
-1033
1126
3989
4886667
9
-1
16
-1027
1140
4020
4887692
12
3
10
-1007
1148
3997
4888717
19
4
16
-1005
1140
3954
4889742
6
8
22
-1013
1123
3946
4890767
-1
8
28
-1015
1113
3937
4883585
-5
2
32
-1009
1088
3926
4884610
5
-6
36
-989
1137
3921
4885635
-24
-8
43
-977
1138
3948
4886660
-55
2
35
-993
1085
3934
4887685
4
0
17
-980
1118
3939
4888710
15
5
9
-970
1178
3974
4889735
-30
14
8
-987
1113
3951
4890760
-41
11
8
-1003
1111
3916
4891785
-38
2
9
-1023
1128
3922
4892810
-30
-9
7
-1043
1160
3945
4893835
-15
-21
0
-1039
1151
3914
4894860
6
-34
-13
-1021
1151
3925
4895885
3
-38
-27
-986
1115
3986
4896910
-2
-32
-29
-964
1070
4048
4897935
18
-22
-16
-967
1038
4076
4898960
33
-13
-2
-981
1075
4052
4891777
12
-2
5
-980
1096
4009
4892802
-6
9
11
-982
1100
3997
4893827
-11
16
12
-984
1110
3999
4894852
-13
20
11
-987
1122
3983
4895877
-3
17
11
-998
1106
3958
4896902
12
5
8
-998
1122
3958
4897927
17
-2
8
-979
1128
3975
4898952
17
-2
11
-990
1126
3956
4899977
10
-5
14
-997
1117
3939
4901002
13
-11
17
-980
1132
3956
4902027
15
-10
19
-987
1135
3960
4903052
10
-10
19
-985
1142
3950
4904077
4
-9
19
-980
1150
3952
4905102
-7
-6
19
-983
1121
3948
4906127
-7
-1
14
-989
1138
3941
4907152
-14
4
8
-987
1139
3952
4899967
-18
8
6
-1003
1122
3948
4900992
-18
7
6
-1004
1125
3934
4902017
-35
7
10
-1027
1091
3882
4903042
-39
-2
9
-1049
1064
3918
4904067
-61
-20
3
-1047
1033
3921
4905092
-46
-45
-13
-1038
1069
3870
4906117
-31
-62
-8
-1052
1231
3889
4907142
-92
-47
-15
-1037
1231
3810
4908167
-25
-15
-7
-795
1144
4179
4909192
239
-40
90
-765
832
4261
4910217
153
-27
-21
-1162
1564
4350
4911242
-306
-38
-54
-874
787
3588
4912267
-14
-105
-12
-976
978
3414
4913292
121
-168
-9
-808
1284
3884
4914317
-72
-131
-34
-889
1236
4069
4915342
-170
-99
-81
-826
1244
4281
4908160
-272
6
-22
-791
991
4639
4909185
-274
119
8
-1052
713
4314
4910210
30
102
-37
-1157
983
3800
4911235
119
45
-24
-1044
1201
3713
4912260
-1
17
28
-1008
1006
3930
4913285
11
12
31
-985
966
4046
4914310
61
16
24
-985
1054
4017
4915335
48
22
18
-971
1057
3973
4916360
35
21
14
-958
1105
3953
4917385
44
23
10
-952
1138
3938
4918410
34
25
8
-974
1107
3917
4919435
24
20
1
-987
1092
3947
4920460
13
15
-12
-986
1071
3961
4921485
21
8
-25
-970
1064
3967
4922510
33
-5
-21
-970
1095
3961
4923535
30
-17
-9
-970
1078
3987
4916352
23
-19
1
-973
1094
4024
4917377
11
-14
3
-968
1095
4029
4918402
18
-5
1
-965
1077
4013
4919427
28
-1
-12
-989
1140
3956
4920452
10
-2
-18
-984
1168
3972
4921477
-12
-6
-9
-993
1102
3999
4922502
-6
-6
-14
-988
1075
3996
4923527
0
-3
-12
-992
1041
3983
4924552
5
-4
-3
-996
1065
3976
4925577
-5
-5
11
-1001
1075
3981
4926602
-7
-13
22
-991
1060
3945
4927627
-2
-20
27
-979
1112
3949
4928652
-5
-20
27
-980
1125
3975
4929677
-9
-19
22
-975
1122
4008
4930702
-6
-17
17
-980
1114
3999
4931727
0
-15
14
-975
1127
3985
4924545
-10
-12
10
-988
1110
3977
4925570
-9
-11
6
-994
1114
3970
4926595
-8
-13
7
-1016
1084
3987
4927620
6
-16
6
-1018
1081
3985
4928645
8
-19
10
-1002
1071
3966
4929670
6
-19
18
-991
1084
3972
4930695
4
-17
24
-977
1094
3976
4931720
0
-8
32
-948
1080
3947
4932745
-8
10
41
-958
1121
3900
4933770
-23
30
37
-973
1132
3894
4934795
-45
47
21
-1030
1145
3852
4935820
-69
48
-2
-1032
1100
3912
4936845
-61
40
-20
-1030
1032
3959
4937870
-24
24
-36
-994
1053
4018
4938895
-19
18
-43
-923
1058
4062
4939920
-25
15
-42
-863
1047
4094
4932736
-24
12
-37
-824
1065
4091
4933761
-22
10
-27
-829
1067
4073
4934786
-23
6
-20
-857
1073
4050
4935811
-21
0
-22
-905
1085
3990
4936836
-15
-10
-33
-927
1067
3942
4937861
2
-19
-46
-958
1054
3941
4938886
5
-25
-57
-975
1031
3961
4939911
7
-27
-67
-967
1047
3996
4940936
5
-22
-68
-974
1074
4015
4941961
4
-19
-69
-982
1055
4019
4942986
24
-16
-73
-985
1050
4018
4944011
33
-5
-68
-1010
1066
4009
4945036
23
9
-61
-1015
1049
4004
4946061
2
24
-54
-1028
1019
3986
4947086
-2
34
-50
-1046
993
3967
4948111
12
41
-56
-1040
1035
3955
4940928
5
49
-52
-1051
1040
3957
4941953
4
54
-49
-1046
1057
3943
4942978
6
58
-48
-1037
1045
3947
4944003
0
66
-51
-1054
1069
3964
4945028
-8
74
-53
-1042
1020
4023
4946053
-4
86
-56
-1036
1025
4033
4947078
-19
108
-62
-1033
1035
3997
4948103
-49
130
-81
-1032
1025
3885
4949128
-55
143
-99
-1027
971
3870
4950153
-58
174
-124
-1074
1035
3944
4951178
-103
227
-169
-1131
1031
3991
4952203
-153
296
-226
-1174
949
3990
4953228
-186
362
-291
-1217
908
3887
4954253
-206
416
-360
-1272
962
3751
4955278
-227
441
-404
-1256
854
3638
4956303
-187
442
-401
-1296
917
3725
4949119
-180
427
-387
-1340
997
3915
4950144
-238
411
-373
-1393
871
3956
4951169
-223
376
-352
-1461
762
3867
4952194
-142
328
-321
-1476
783
3873
4953219
-96
300
-283
-1515
713
3894
4954244
-58
276
-256
-1603
711
3794
4955269
22
74
-142
-1939
582
3896
4956294
268
-289
59
-1421
1273
4853
4957319
-82
-132
153
-1414
1531
4574
4958344
-264
-10
119
-1582
95
3639
4959369
40
-22
-106
-1466
661
3473
4960394
-16
-8
-115
-1620
1037
3716
4961419
-85
-19
-55
-1612
842
3959
4962444
-163
-2
-30
-1604
639
4078
4963469
-153
7
-37
-1514
672
4009
4964494
-65
16
21
-1659
797
3925
4957312
-18
-3
46
-1567
853
3881
4958337
-17
12
32
-1506
871
3875
4959362
-17
19
-3
-1453
853
3950
4960387
9
25
-31
-1433
864
4090
4961412
42
40
-69
-1440
903
4161
4962437
79
56
-123
-1433
937
4152
4963462
116
90
-175
-1515
994
4116
4964487
136
118
-231
-1535
974
4053
4965512
146
140
-284
-1513
844
3984
4966537
183
164
-320
-1602
779
3960
4967562
210
170
-350
-1609
773
3924
4968587
193
183
-350
-1672
737
3877
4969612
191
182
-338
-1672
683
3833
4970637
208
175
-312
-1702
671
3759
4971662
183
157
-292
-1724
646
3692
4972687
187
137
-289
-1747
723
3731
4965504
202
120
-279
-1771
747
3788
4966529
206
108
-263
-1780
778
3804
4967554
212
106
-253
-1772
844
3822
4968579
195
122
-246
-1787
856
3806
4969604
188
136
-239
-1804
825
3822
4970629
155
149
-219
-1818
777
3817
4971654
124
161
-199
-1856
781
3783
4972679
110
158
-178
-1831
771
3753
4973704
62
148
-147
-1819
611
3664
4974729
26
130
-143
-1829
511
3583
4975754
101
113
-162
-1874
713
3613
4976779
109
95
-148
-1916
796
3699
4977804
63
80
-102
-1938
741
3745
4978829
65
70
-60
-1983
773
3747
4979854
62
66
-35
-2005
740
3666
4980879
60
63
-30
-2023
728
3584
4973695
52
52
-33
-2002
791
3592
4974720
30
39
-38
-1958
855
3665
4975745
-25
25
-35
-1937
850
3629
4976770
-64
4
-30
-1927
817
3590
4977795
-63
-17
-21
-1943
752
3603
4978820
-36
-42
-8
-1955
723
3587
4979845
-7
-68
17
-1976
717
3595
4980870
-3
-86
44
-1972
709
3653
4981895
-20
-90
61
-1962
715
3699
4982920
-29
-88
78
-1952
768
3713
4983945
-68
-80
99
-1946
797
3716
4984970
-107
-76
113
-1943
845
3757
4985995
-130
-73
114
-1917
826
3777
4987020
-110
-75
109
-1893
818
3750
4988045
-66
-80
97
-1859
884
3758
4989070
-65
-77
82
-1829
846
3774
4981888
-67
-68
62
-1829
843
3797
4982913
-57
-62
44
-1826
831
3826
4983938
-29
-57
31
-1802
816
3838
4984963
-2
-53
20
-1792
821
3842
4985988
6
-45
8
-1805
829
3825
4987013
-2
-35
0
-1823
822
3797
4988038
-4
-24
-4
-1841
809
3792
4989063
8
-17
-3
-1838
782
3811
4990088
21
-11
-8
-1829
801
3793
4991113
13
-8
-13
-1824
825
3758
4992138
-7
-9
-16
-1811
817
3737
4993163
-12
-16
-18
-1782
799
3733
4994188
-5
-27
-19
-1789
809
3751
4995213
-3
-33
-20
-1823
828
3779
4996238
-3
-34
-21
-1826
854
3795
4997263
-11
-21
-28
-1832
850
3787
4990079
-1
-6
-36
-1839
862
3822
4991104
22
10
-42
-1845
858
3874
4992129
38
26
-48
-1834
840
3843
4993154
45
38
-55
-1835
823
3810
4994179
40
43
-66
-1823
791
3787
4995204
46
43
-72
-1840
750
3770
4996229
47
38
-71
-1857
761
3736
4997254
25
35
-61
-1868
739
3725
4998279
4
30
-49
-1881
727
3721
4999304
-3
24
-34
-1895
714
3687
5000329
15
14
-21
-1900
724
3701
5001354
17
6
-6
-1903
782
3724
5002379
-8
2
6
-1910
785
3713
5003404
-19
-6
12
-1904
760
3709
5004429
-5
-18
12
-1878
764
3727
5005454
10
-25
12
-1854
788
3750
4998272
2
-22
13
-1849
802
3761
4999297
-4
-17
13
-1857
814
3793
5000322
-2
-13
10
-1857
801
3798
5001347
10
-7
5
-1854
805
3808
5002372
21
-2
0
-1845
801
3809
5003397
21
5
-3
-1830
801
3790
5004422
11
14
-7
-1844
813
3771
5005447
9
19
-11
-1849
826
3751
5006472
5
19
-10
-1855
826
3728
5007497
7
14
-9
-1868
823
3718
5008522
8
7
-8
-1877
827
3711
5009547
5
5
-7
-1882
811
3720
5010572
5
5
-10
-1874
810
3753
5011597
11
4
-9
-1865
801
3775
5012622
14
5
-6
-1866
802
3748
5013647
4
7
-8
-1867
808
3735
5006464
-5
10
-11
-1877
771
3758
5007489
6
8
-9
-1892
783
3762
5008514
10
4
-4
-1893
773
3747
5009539
7
3
-5
-1900
780
3737
5010564
8
1
-3
-1889
765
3725
5011589
13
-3
1
-1887
782
3745
5012614
12
-5
4
-1882
789
3761
5013639
10
-5
4
-1882
798
3750
5014664
9
-4
5
-1879
825
3736
5015689
0
-3
7
-1878
811
3748
5016714
-2
-3
9
-1877
808
3751
5017739
-2
-2
10
-1877
809
3756
5018764
1
0
12
-1877
810
3764
5019789
-2
3
13
-1879
814
3748
5020814
-7
4
12
-1869
801
3721
5021839
-1
3
13
-1878
802
3726
5014655
-1
1
13
-1883
817
3731
5015680
-8
-5
15
-1883
799
3732
5016705
-17
-11
15
-1900
785
3714
5017730
-18
-17
14
-1906
789
3733
5018755
-14
-19
18
-1894
791
3751
5019780
-10
-17
22
-1887
804
3763
5020805
-10
-16
22
-1859
813
3751
5021830
-17
-12
20
-1868
815
3752
5022855
-18
-12
15
-1864
807
3734
5023880
-9
-17
13
-1861
805
3743
5024905
0
-21
11
-1865
801
3748
5025930
2
-24
11
-1878
805
3749
5026955
-5
-24
11
-1882
822
3748
5027980
-12
-22
12
-1879
822
3741
5029005
-20
-19
16
-1870
823
3746
5030030
-28
-16
18
-1874
816
3759
5022849
-27
-15
14
-1871
828
3754
5023874
-13
-20
11
-1848
818
3753
5024899
-5
-20
7
-1838
828
3752
5025924
-9
-19
0
-1837
810
3770
5026949
-6
-16
-5
-1844
789
3803
5027974
7
-12
-6
-1850
809
3805
5028999
5
-6
-6
-1848
809
3801
5030024
-7
3
-7
-1860
802
3784
5031049
-7
9
-9
-1859
789
3780
5032074
-1
13
-8
-1859
809
3770
5033099
-7
15
-10
-1855
818
3752
5034124
-13
12
-10
-1858
786
3729
5035149
-2
6
-9
-1877
759
3720
5036174
7
-4
-6
-1870
758
3709
5037199
0
-12
2
-1886
760
3716
5038224
