Device = VHR-0009
time_stamp = 1779699426472
sample_rate = 50
Data format = INT16
TYPE = 6-AXIS IMU RAW DATA
20
3
-12
-821
500
4166
58496
19
-6
-2
-806
527
4161
59521
4
-5
8
-793
540
4176
60546
-8
1
12
-815
541
4190
61571
-1
-2
9
-813
573
4176
62596
0
1
6
-816
578
4169
63621
-1
1
2
-816
565
4179
64646
5
0
0
-816
570
4175
65671
14
-4
-3
-801
566
4184
66696
12
-3
-3
-795
536
4179
67721
13
-1
-5
-801
518
4164
68746
15
-7
-8
-803
547
4165
69771
1
-6
-13
-792
540
4163
70796
-8
-8
-7
-803
544
4160
71821
-12
-11
-4
-814
545
4173
72846
-7
-12
-2
-800
552
4181
73871
-1
-12
0
-810
567
4182
66688
-7
-8
-1
-801
560
4180
67713
-13
-4
0
-770
547
4222
68738
-42
3
7
-754
531
4216
69763
-58
22
14
-813
493
4171
70788
0
17
7
-825
456
4234
71813
65
3
11
-797
546
4226
72838
35
16
15
-795
612
4176
73863
-13
44
14
-826
573
4199
74888
-10
38
16
-851
569
4141
75913
14
20
6
-830
585
4093
76938
17
8
-1
-818
608
4116
77963
4
0
-3
-825
566
4127
78988
6
-10
-6
-828
552
4145
80013
5
-16
-5
-829
542
4167
81038
-2
-18
-2
-825
525
4179
82063
-3
-15
4
-822
524
4192
74880
-8
-12
7
-813
548
4185
75905
-15
-10
10
-805
545
4167
76930
-2
-13
7
-808
554
4162
77955
12
-19
1
-802
590
4186
78980
9
-18
-8
-801
577
4184
80005
14
-14
-16
-806
576
4202
81030
8
-7
-19
-813
552
4196
82055
4
-3
-18
-829
523
4170
83080
5
-2
-12
-833
535
4158
84105
0
-5
-2
-832
525
4161
85130
-5
-11
6
-819
522
4146
86155
-5
-17
13
-808
533
4161
87180
-5
-16
17
-822
547
4173
88205
0
-21
12
-813
567
4190
89230
-4
-17
6
-795
571
4183
90255
-9
-11
6
-799
590
4203
83072
-19
-4
1
-797
569
4192
84097
-12
-2
0
-800
566
4182
85122
1
-3
-2
-800
577
4188
86147
-1
-1
-3
-795
562
4173
87172
0
-3
-3
-802
552
4174
88197
-2
-3
-6
-793
547
4158
89222
-1
-7
-6
-791
533
4169
90247
1
-10
-5
-795
522
4163
91272
0
-11
1
-802
540
4173
92297
-9
-9
8
-815
536
4169
93322
-12
-9
16
-816
556
4171
94347
-8
-8
20
-819
573
4184
95372
-6
-7
16
-815
577
4175
96397
2
-6
13
-794
573
4180
97422
-2
-4
9
-793
576
4177
98447
-10
-1
5
-804
549
4185
91264
2
-6
2
-797
540
4185
92289
9
-9
0
-793
568
4176
93314
-3
-3
-1
-785
573
4175
94339
-12
0
-1
-783
574
4177
95364
-4
-3
-7
-774
575
4187
96389
12
-6
-18
-768
569
4188
97414
15
-5
-29
-783
570
4186
98439
10
-1
-35
-805
569
4175
99464
3
0
-39
-828
536
4165
100489
8
-3
-33
-844
516
4178
101514
9
-5
-23
-848
514
4160
102539
8
-6
-10
-832
519
4166
103564
-5
-4
3
-831
530
4159
104589
-17
-2
14
-826
524
4166
105614
-13
-5
26
-818
521
4168
106639
-4
-11
31
-816
567
4167
99456
-10
-12
28
-811
576
4155
100481
-18
-13
20
-794
554
4164
101506
-19
-15
18
-785
546
4180
102531
-19
-18
19
-786
556
4174
103556
-20
-16
20
-781
548
4183
104581
-17
-12
22
-789
541
4195
105606
-13
-13
21
-790
547
4189
106631
-11
-12
22
-790
541
4177
107656
-12
-8
20
-797
534
4190
108681
-10
-9
15
-802
526
4181
109706
-5
-10
13
-785
528
4185
110731
-6
-10
18
-793
536
4190
111756
-11
-8
18
-805
542
4185
112781
-13
-5
18
-807
538
4191
113806
-11
-3
18
-805
548
4188
114831
-10
-2
16
-792
570
4176
107647
-15
1
13
-795
551
4185
108672
-6
0
9
-802
539
4185
109697
4
-4
6
-789
531
4187
110722
5
-4
7
-770
533
4194
111747
-7
0
9
-779
521
4183
112772
-10
2
11
-796
518
4172
113797
-6
-1
15
-806
531
4168
114822
-5
-6
16
-799
541
4166
115847
-7
-8
13
-789
539
4178
116872
-8
-9
12
-781
547
4179
117897
-8
-11
11
-777
546
4190
118922
-7
-11
13
-784
543
4186
119947
-10
-8
11
-804
542
4175
120972
-8
-7
9
-801
518
4193
121997
3
-9
12
-791
527
4199
123022
-1
-6
15
-779
547
4188
115840
-13
1
17
-779
532
4179
116865
-7
0
16
-790
518
4182
117890
9
-8
12
-804
532
4180
118915
8
-15
1
-796
542
4179
119940
-4
-13
-8
-793
525
4168
120965
-12
-12
-5
-797
520
4188
121990
-21
-10
1
-794
510
4193
123015
-17
-12
7
-789
522
4184
124040
-14
-13
11
-782
556
4190
125065
-17
-9
12
-772
560
4188
126090
-8
-10
9
-769
560
4194
127115
6
-13
0
-763
563
4210
128140
20
-14
-12
-761
575
4220
129165
17
-5
-23
-753
567
4224
130190
11
6
-25
-769
543
4219
131215
8
14
-26
-788
521
4186
124033
7
16
-25
-800
521
4157
125058
6
12
-19
-813
517
4147
126083
4
2
-12
-811
514
4131
127108
2
-9
-6
-802
517
4139
128133
1
-17
0
-798
513
4160
129158
4
-24
4
-785
510
4184
130183
5
-27
4
-774
511
4213
131208
2
-21
5
-767
520
4214
132233
-9
-11
5
-771
536
4208
133258
-17
-3
8
-777
533
4195
134283
-11
-3
7
-780
548
4186
135308
1
-7
3
-765
564
4186
136333
7
-7
-1
-776
577
4182
137358
5
-7
-6
-779
569
4186
138383
2
-5
-9
-776
557
4194
139408
3
-4
-13
-778
538
4194
132224
6
-3
-15
-797
529
4177
133249
4
-5
-15
-793
532
4177
134274
1
-5
-12
-786
508
4180
135299
0
-5
-5
-774
523
4182
136324
-3
-5
4
-776
526
4188
137349
1
-5
7
-779
530
4196
138374
5
-7
3
-781
542
4189
139399
3
-8
-9
-764
528
4192
140424
4
-3
-12
-767
540
4209
141449
-5
5
-10
-774
545
4211
142474
-7
9
-10
-778
549
4199
143499
1
12
-12
-789
562
4189
144524
5
16
-19
-801
557
4187
145549
15
17
-23
-800
542
4187
146574
23
14
-21
-788
548
4178
147599
8
16
-15
-798
541
4165
140596
-5
15
-12
-804
514
4168
141621
-27
4
-4
-777
504
4197
142646
-68
13
15
-785
447
4164
143671
-65
20
28
-830
420
4141
144696
2
5
25
-810
476
4209
145721
24
-1
28
-796
540
4223
146746
13
8
32
-816
535
4200
147771
37
5
30
-794
529
4199
148796
57
-5
21
-786
624
4141
149821
20
6
1
-777
626
4200
150846
-24
19
4
-817
539
4249
151871
-19
7
5
-828
491
4112
152896
12
-2
1
-807
521
4112
153921
25
-4
8
-827
528
4160
154946
48
-17
7
-817
556
4169
155971
55
-20
1
-800
612
4211
148609
25
-2
-5
-801
562
4234
149634
19
14
-4
-811
534
4250
150659
15
28
-3
-803
542
4229
151684
7
43
-2
-816
531
4186
152709
4
49
-2
-819
550
4158
153734
0
43
5
-820
543
4139
154759
0
28
12
-815
536
4122
155784
7
17
14
-823
539
4132
156809
9
2
15
-806
539
4171
157834
-4
-1
16
-805
552
4195
158859
-23
8
13
-834
562
4194
159884
-22
18
4
-854
529
4213
160909
0
21
-4
-841
529
4237
161934
-1
29
-8
-816
564
4221
162959
-21
44
-5
-799
578
4193
163984
-33
57
1
-811
577
4182
156800
-16
55
0
-821
583
4160
157825
13
43
-8
-828
600
4145
158850
25
35
-11
-852
589
4124
159875
34
27
-12
-888
553
4120
160900
44
14
-12
-899
512
4139
161925
47
6
-3
-882
499
4142
162950
17
10
18
-891
516
4145
163975
-20
18
37
-890
492
4158
165000
-22
14
54
-879
494
4146
166025
-20
7
68
-875
562
4124
167050
-42
7
80
-873
569
4129
168075
-42
0
85
-870
536
4145
169100
-11
-13
81
-859
550
4162
170125
6
-17
74
-847
568
4190
171150
1
-13
64
-834
552
4205
172175
3
-10
52
-823
552
4213
164993
6
-2
38
-829
590
4204
166018
-2
7
23
-851
606
4175
167043
0
9
14
-875
591
4159
168068
16
1
5
-877
572
4155
169093
31
-5
1
-860
574
4166
170118
26
-6
3
-836
574
4180
171143
2
9
7
-869
553
4176
172168
3
1
17
-855
549
4166
173193
5
6
12
-882
578
4116
174218
1
-2
-1
-821
612
4203
175243
-1
18
20
-896
534
4187
176268
15
-4
13
-866
606
4153
177293
1
11
16
-864
527
4163
178318
13
9
22
-880
557
4174
179343
4
4
24
-864
569
4176
180368
-4
8
25
-859
530
4146
173183
9
-1
25
-844
579
4175
174208
-2
4
15
-838
554
4186
175233
11
4
18
-839
578
4192
176258
8
9
21
-835
607
4184
177283
-5
20
17
-848
591
4183
178308
9
20
11
-845
589
4192
179333
23
24
3
-855
604
4175
180358
26
24
-1
-868
606
4175
181383
15
28
-7
-864
582
4155
182408
11
32
-6
-878
581
4133
183433
3
30
-3
-894
582
4126
184458
-1
23
2
-892
580
4129
185483
11
12
10
-909
578
4152
186508
22
6
9
-904
598
4146
187533
17
8
14
-906
602
4154
188558
3
13
12
-899
598
4160
181376
4
15
15
-898
586
4162
182401
8
11
15
-891
604
4129
183426
-3
12
14
-895
602
4110
184451
-7
3
12
-898
577
4132
185476
5
-13
8
-886
548
4119
186501
22
-28
10
-877
549
4123
187526
21
-35
15
-865
582
4150
188551
8
-34
24
-872
605
4163
189576
-1
-29
22
-868
617
4177
190601
-7
-20
16
-889
662
4176
191626
-13
-13
7
-913
667
4160
192651
-8
-11
-4
-908
623
4159
193676
18
-18
-9
-903
619
4165
194701
21
-20
-17
-868
607
4158
195726
9
-11
-11
-857
589
4163
196751
1
-9
2
-876
587
4136
189568
-5
-10
11
-904
602
4117
190593
-18
-18
10
-908
599
4128
191618
-21
-27
2
-893
583
4131
192643
-10
-39
0
-865
594
4151
193668
-25
-36
-4
-842
606
4157
194693
-37
-26
1
-859
616
4191
195718
-44
-16
-6
-881
610
4153
196743
-23
-25
-6
-872
622
4145
197768
-12
-25
-8
-878
601
4150
198793
2
-35
-10
-874
591
4147
199818
4
-35
-13
-861
580
4162
200843
-6
-32
-11
-836
559
4177
201868
-15
-31
-3
-847
556
4169
202893
-27
-28
-1
-844
543
4154
203918
-24
-30
-3
-844
561
4158
204943
-26
-33
-3
-841
578
4164
197759
-23
-36
0
-830
586
4176
198784
-17
-35
-2
-829
571
4191
199809
-2
-34
-12
-810
584
4203
200834
-2
-27
-21
-819
613
4207
201859
-19
-11
-28
-837
587
4204
202884
-12
-3
-32
-852
571
4216
203909
4
-3
-42
-844
573
4202
204934
14
2
-48
-829
585
4195
205959
13
11
-51
-825
574
4193
206984
11
15
-51
-825
563
4183
208009
18
16
-49
-838
557
4179
209034
22
15
-50
-834
561
4165
210059
15
17
-49
-847
554
4157
211084
9
15
-47
-851
547
4152
212109
4
11
-43
-855
551
4136
213134
2
6
-38
-861
544
4132
205952
7
-4
-29
-859
553
4145
206977
13
-11
-23
-855
568
4153
208002
11
-13
-21
-842
584
4155
209027
2
-9
-20
-864
580
4169
210052
1
-11
-29
-851
578
4178
211077
9
-11
-34
-837
592
4196
212102
5
-4
-39
-850
610
4203
213127
-2
8
-47
-852
607
4193
214152
0
16
-52
-870
600
4185
215177
8
20
-58
-855
592
4184
216202
14
22
-57
-848
590
4170
217227
14
21
-58
-848
597
4165
218252
15
20
-65
-867
596
4158
219277
24
15
-77
-861
600
4173
220302
27
15
-89
-867
601
4169
221327
22
17
-99
-866
603
4181
214145
19
24
-114
-865
620
4200
215170
20
32
-132
-846
600
4205
216195
54
44
-144
-859
571
4196
217220
77
45
-164
-839
687
4102
218245
53
86
-185
-891
593
4126
219270
60
105
-196
-952
673
4276
220295
-8
138
-205
-997
563
4162
221320
55
141
-235
-997
496
4059
222345
145
119
-253
-995
718
4155
223370
73
146
-251
-1028
701
4232
224395
39
144
-238
-1021
590
4102
225420
86
128
-236
-1046
515
3977
226445
146
104
-238
-1044
536
4038
227470
148
113
-245
-1044
537
4118
228495
120
118
-242
-1068
574
3975
229520
39
116
-244
-1112
525
3860
222335
55
126
-244
-1184
491
4089
223360
43
100
-235
-1178
806
4447
224385
-122
119
-208
-1158
901
4454
225410
-490
130
-176
-1140
950
4365
226435
-1229
270
-199
-911
490
4303
227460
-1158
294
-31
-861
-287
3967
228485
-313
62
44
-1412
193
3640
229510
-384
-84
-125
-1180
244
3448
230535
-139
-195
-172
-1309
-202
3075
231560
766
-401
-287
-1176
168
3322
232585
863
-316
-233
-803
766
5432
233610
68
-7
63
-1259
290
5377
234635
-25
4
93
-1433
561
4120
235660
-64
1
11
-1142
441
3843
236685
-54
22
22
-1135
157
4179
237710
58
-54
51
-1109
328
4289
230528
89
-90
59
-1043
446
4149
231553
78
-91
32
-1000
478
3984
232578
87
-71
2
-997
490
3994
233603
43
-37
-11
-1053
465
4145
234628
37
-26
-25
-1067
470
4212
235653
76
-25
-34
-1095
553
4186
236678
55
-12
-48
-1101
546
4162
237703
39
2
-58
-1107
488
4168
238728
48
-4
-60
-1110
506
4151
239753
29
6
-62
-1120
455
4126
240778
27
11
-65
-1127
427
4156
241803
47
7
-68
-1116
438
4163
242828
48
8
-61
-1112
406
4131
243853
55
17
-48
-1100
376
4143
244878
58
26
-28
-1099
416
4176
245903
36
41
-7
-1113
439
4151
238720
29
45
8
-1143
442
4101
239745
48
22
12
-1140
465
4066
240770
43
9
12
-1138
462
4074
241795
25
7
12
-1127
449
4137
242820
34
5
19
-1123
442
4122
243845
37
1
21
-1103
447
4128
244870
36
3
21
-1086
494
4129
245895
15
0
23
-1084
511
4097
246920
11
0
15
-1087
514
4120
247945
18
-3
4
-1099
554
4136
248970
-4
2
-9
-1133
534
4102
249995
-12
-1
-22
-1139
504
4076
251020
-1
-11
-25
-1142
500
4098
252045
-7
-10
-21
-1136
462
4111
253070
5
-10
-13
-1142
476
4150
254095
4
-3
0
-1130
494
4160
246912
-7
9
8
-1127
489
4136
247937
3
7
9
-1119
502
4142
248962
17
3
5
-1115
487
4139
249987
16
3
-1
-1106
439
4108
251012
23
2
-3
-1092
469
4139
252037
19
11
-2
-1100
497
4163
253062
6
17
-2
-1117
478
4127
254087
18
13
-3
-1131
492
4116
255112
30
11
-14
-1132
501
4142
256137
23
14
-22
-1124
493
4132
257162
20
18
-24
-1120
486
4124
258187
22
18
-19
-1127
507
4109
259212
13
15
-15
-1140
515
4073
260237
8
13
-12
-1150
522
4091
261262
8
7
-9
-1160
532
4090
262287
6
-3
-7
-1165
543
4070
255104
-3
-7
-4
-1160
513
4073
256129
11
-16
0
-1159
513
4124
257154
20
-18
5
-1147
508
4136
258179
16
-13
6
-1126
513
4147
259204
3
4
6
-1135
492
4165
260229
7
12
2
-1115
543
4162
261254
0
32
1
-1168
533
4163
262279
13
24
-17
-1123
550
4032
263304
31
22
-13
-1177
533
4160
264329
27
20
-39
-1117
535
4108
265354
27
22
-34
-1125
530
4112
266379
27
23
-43
-1131
523
4094
267404
23
16
-53
-1151
530
4084
268429
11
11
-63
-1145
485
4073
269454
14
-3
-65
-1152
510
4057
270479
5
-7
-59
-1182
491
4064
263295
7
-20
-48
-1170
495
4081
264320
7
-23
-31
-1199
490
4068
265345
8
-30
-19
-1191
503
4071
266370
24
-33
-11
-1186
485
4056
267395
39
-38
-6
-1175
513
4093
268420
52
-30
-2
-1183
456
4089
269445
138
-27
-1
-1197
451
4025
270470
204
-24
-11
-1154
563
4147
271495
121
8
-15
-1185
665
4263
272520
15
14
-12
-1145
702
4198
273545
-65
18
11
-1201
576
4175
274570
-199
27
-11
-1242
461
4265
275595
-326
19
-46
-999
700
4198
276620
-192
-2
49
-877
483
4002
277645
189
-108
114
-1398
283
3615
278670
192
-235
-52
-1125
395
3394
271488
336
-180
-144
-1130
286
3777
272513
330
-116
-156
-905
811
5096
273538
-181
107
26
-1117
853
5174
274563
-283
157
104
-1435
774
4038
275588
-187
116
20
-1142
448
3751
276613
-84
94
28
-1129
385
4007
277638
-12
40
31
-1099
583
4214
278663
-21
17
46
-1089
526
4092
279688
45
-27
56
-1111
496
3871
280713
90
-51
51
-1116
540
3885
281738
30
-30
40
-1149
531
4083
282763
42
-21
35
-1162
563
4183
283788
98
-24
35
-1170
616
4168
284813
90
-9
26
-1171
587
4124
285838
77
2
13
-1152
578
4116
286863
78
7
-1
-1133
581
4122
279759
76
9
-9
-1105
579
4118
280784
50
17
-9
-1100
602
4121
281809
14
33
-4
-1120
585
4138
282834
0
39
2
-1157
582
4118
283859
-3
38
7
-1185
595
4082
284884
14
22
12
-1183
585
4042
285909
16
13
14
-1172
594
4042
286934
0
3
19
-1162
576
4028
287959
13
-9
20
-1161
568
4071
288984
21
-20
19
-1158
595
4113
290009
17
-11
18
-1168
570
4118
291034
33
-15
15
-1175
584
4105
292059
22
-9
9
-1156
583
4115
293084
4
4
13
-1134
605
4146
294109
-12
23
18
-1139
589
4128
295134
-10
28
26
-1171
630
4084
287872
-10
24
19
-1177
621
4058
288897
11
13
12
-1158
646
4097
289922
10
15
10
-1160
610
4109
290947
16
10
4
-1169
613
4094
291972
27
-1
-2
-1153
616
4069
292997
21
0
0
-1157
629
4093
294022
14
-1
3
-1184
637
4053
295047
8
-7
-5
-1180
616
4017
296072
-6
-7
-2
-1173
588
4044
297097
-7
-7
0
-1184
576
4098
298122
-2
-9
4
-1170
603
4106
299147
-16
-1
12
-1187
601
4090
300172
-14
0
8
-1181
581
4100
301197
4
-6
3
-1159
609
4111
302222
-6
-1
5
-1149
617
4103
303247
-23
7
5
-1144
596
4101
296065
-13
3
7
-1155
579
4075
297090
9
-10
5
-1169
607
4049
298115
3
-16
4
-1168
616
4053
299140
-13
-21
3
-1170
613
4057
300165
-17
-25
4
-1160
603
4100
301190
-15
-21
7
-1167
617
4129
302215
-12
-15
10
-1168
630
4119
303240
1
-11
8
-1175
637
4108
304265
4
-9
3
-1167
630
4106
305290
2
1
-4
-1156
620
4137
306315
4
7
-5
-1143
597
4127
307340
7
11
-4
-1141
585
4092
308365
-4
15
-8
-1150
586
4074
309390
-4
12
-11
-1162
578
4072
310415
22
-2
-15
-1160
653
4107
311440
-1
1
-16
-1159
627
4104
304256
-13
11
-17
-1165
580
4095
305281
3
8
-15
-1173
602
4076
306306
14
11
-14
-1176
570
4024
307331
33
9
-11
-1176
567
3965
308356
9
20
-12
-1197
634
4119
309381
-124
44
4
-1316
523
4267
310406
-204
43
-56
-1367
472
4286
311431
-221
47
-160
-859
802
4644
312456
-139
72
21
-1054
626
4232
313481
-231
-2
-25
-1328
689
3708
314506
-238
-33
-123
-1223
-19
2915
315531
247
-189
-201
-1262
483
3169
316556
159
-159
-210
-885
721
4941
317581
-65
16
14
-1221
682
5247
318606
4
2
68
-1429
888
4026
319631
-168
4
-4
-1162
582
3610
312449
-353
60
11
-1163
253
4063
313474
-309
56
20
-1189
300
4356
314499
-131
24
39
-1156
397
4189
315524
2
3
56
-1157
408
3891
316549
56
-8
62
-1180
419
3876
317574
50
-8
50
-1195
384
4086
318599
90
-27
43
-1172
453
4200
319624
116
-35
39
-1175
575
4201
320649
92
-19
25
-1182
570
4163
321674
46
-1
13
-1187
506
4126
322699
30
9
1
-1175
501
4134
323724
26
11
3
-1165
540
4127
324749
14
18
4
-1166
483
4109
325774
14
14
6
-1189
460
4079
326799
12
9
-5
-1194
465
4071
327824
23
0
-4
-1183
523
4119
320640
-16
9
6
-1201
472
4081
321665
-8
1
9
-1209
499
4079
322690
-18
-6
11
-1206
492
4065
323715
-7
-14
10
-1206
481
4082
324740
13
-27
11
-1170
548
4118
325765
-8
-16
13
-1177
515
4108
326790
-1
-13
5
-1173
511
4130
327815
-5
-2
1
-1180
522
4151
328840
-7
11
0
-1180
518
4166
329865
1
12
3
-1182
517
4118
330890
-6
15
1
-1180
506
4076
331915
-5
12
-1
-1173
485
4062
332940
0
2
1
-1179
468
4069
333965
-5
-7
6
-1183
461
4077
334990
-6
-11
13
-1205
476
4098
336015
3
-17
17
-1216
485
4118
328832
5
-16
17
-1215
504
4116
329857
-1
-10
17
-1202
502
4121
330882
-10
-1
17
-1194
503
4104
331907
-15
3
19
-1199
489
4108
332932
-6
-2
19
-1188
494
4093
333957
-3
-8
17
-1157
493
4093
334982
4
-9
17
-1147
509
4118
336007
8
-12
11
-1153
536
4129
337032
-9
-6
2
-1160
511
4114
338057
-20
-2
-6
-1191
478
4080
339082
-17
-11
-15
-1199
427
4055
340107
-3
-25
-12
-1192
438
4070
341132
-4
-32
0
-1214
511
4052
342157
6
-31
4
-1168
452
4138
343182
24
-34
27
-1165
506
4147
344207
13
-27
33
-1165
473
4111
337024
13
-29
28
-1145
514
4122
338049
-4
-15
21
-1163
517
4147
339074
-9
-7
22
-1171
538
4123
340099
-16
-2
24
-1181
545
4097
341124
-21
-2
25
-1193
516
4090
342149
-12
-9
26
-1180
496
4105
343174
-4
-9
32
-1176
475
4101
344199
2
-10
40
-1160
504
4119
345224
-8
-3
47
-1154
506
4135
346249
0
-1
47
-1155
506
4136
347274
16
4
38
-1144
508
4148
348299
19
14
25
-1142
526
4152
349324
6
26
12
-1146
518
4130
350349
2
30
4
-1146
504
4105
351374
1
28
-3
-1152
496
4090
352399
12
23
-9
-1160
526
4105
345217
19
22
-8
-1173
505
4123
346242
29
15
-13
-1179
521
4092
347267
29
16
-13
-1181
527
4101
348292
21
25
-2
-1196
510
4112
349317
24
27
8
-1211
504
4092
350342
35
27
12
-1216
516
4079
351367
25
32
16
-1204
514
4092
352392
12
37
20
-1195
514
4105
353417
18
31
23
-1186
532
4080
354442
8
26
24
-1192
533
4074
355467
-32
30
22
-1251
542
4155
356492
-153
53
3
-1317
537
4396
357517
-255
116
-52
-1016
408
4531
358542
288
20
128
-1102
197
3624
359567
388
-138
107
-1370
1110
3502
360592
-206
-80
-40
-1076
180
3355
353553
206
-165
-49
-1343
120
3559
354578
612
-216
-146
-1106
885
4639
355603
144
-1
-30
-1073
912
5254
356628
-113
145
104
-1377
781
4473
357653
-138
120
56
-1310
742
3756
358678
-198
132
-19
-1173
513
3882
359703
-137
105
-24
-1181
466
4104
360728
0
46
-8
-1155
545
4088
361753
33
16
11
-1143
599
3990
362778
-18
16
22
-1189
530
3923
363803
3
-15
22
-1205
544
3983
364828
50
-38
19
-1218
563
4061
365853
89
-52
22
-1237
619
4076
366878
74
-37
14
-1231
635
4114
367903
34
-14
7
-1249
598
4141
368928
21
-6
-6
-1241
578
4128
361601
44
3
-12
-1221
592
4134
362626
34
13
-11
-1192
583
4090
363651
22
21
-9
-1193
603
4067
364676
11
23
-4
-1198
629
4088
365701
-34
28
5
-1220
569
4039
366726
12
6
6
-1233
591
4044
367751
30
-14
5
-1209
644
4048
368776
6
-16
6
-1201
595
4005
369801
18
-16
5
-1214
622
4101
370826
14
-10
8
-1220
635
4126
371851
8
2
4
-1234
601
4079
372876
20
-1
-1
-1232
638
4092
373901
1
9
-8
-1227
605
4083
374926
-3
10
-6
-1212
586
4056
375951
-2
7
4
-1230
569
4033
376976
-4
2
9
-1235
592
4037
369792
-9
-6
17
-1232
608
4063
370817
-30
-12
26
-1233
544
4034
371842
14
-22
20
-1228
581
4085
372867
45
-29
16
-1215
675
4135
373892
1
-9
12
-1215
613
4077
374917
-6
-1
8
-1209
559
4065
375942
3
-6
16
-1192
612
4107
376967
-18
4
21
-1216
535
4059
377992
12
-11
19
-1222
643
4093
379017
-8
-7
14
-1216
619
4060
380042
-9
-3
11
-1210
611
4083
381067
-4
-2
15
-1200
638
4117
382092
-7
2
20
-1213
613
4057
383117
8
-6
16
-1219
624
4039
384142
4
-5
11
-1219
621
4090
385167
4
-4
13
-1221
615
4094
377983
8
-3
11
-1222
622
4068
379008
-1
-3
7
-1216
628
4057
380033
-9
-2
5
-1216
600
4062
381058
8
-8
3
-1212
607
4099
382083
13
-14
3
-1196
631
4090
383108
-6
-2
2
-1203
618
4083
384133
-8
3
1
-1223
619
4092
385158
-7
4
-3
-1209
618
4089
386183
-9
7
-2
-1211
613
4060
387208
2
5
2
-1225
618
4062
388233
8
1
4
-1223
634
4068
389258
-5
2
7
-1209
606
4048
390283
-1
0
10
-1215
582
4071
391308
4
-9
13
-1226
620
4060
392333
-3
-9
7
-1231
595
4058
393358
4
-16
4
-1209
628
4088
386176
-9
-8
9
-1217
601
4080
387201
-8
-6
13
-1224
598
4082
388226
0
-7
15
-1217
623
4081
389251
11
-6
17
-1212
643
4093
390276
6
4
18
-1213
649
4113
391301
2
12
12
-1217
643
4094
392326
20
7
3
-1208
634
4070
393351
24
2
-9
-1197
637
4072
394376
7
5
-17
-1191
605
4068
395401
7
4
-15
-1209
581
4062
396426
11
-2
-8
-1220
585
4071
397451
0
1
-1
-1236
586
4067
398476
4
-2
6
-1236
606
4073
399501
0
0
12
-1236
621
4067
400526
21
-1
14
-1249
602
4006
401551
53
-18
8
-1222
669
4071
394369
24
-11
2
-1215
652
4093
395394
16
-7
-9
-1195
639
4086
396419
27
-4
-14
-1229
637
4057
397444
29
-18
-20
-1225
727
4068
398469
-62
-14
-11
-1261
701
4167
399494
-180
35
-35
-1254
536
4334
400519
-128
57
-40
-1076
497
4103
401544
138
-43
46
-1142
690
3719
402569
-30
-73
-9
-1332
844
3842
403594
-90
-83
-78
-1173
201
3562
404619
388
-184
-67
-1220
403
3896
405644
396
-103
-51
-1084
868
4942
406669
-4
129
40
-1388
862
4693
407694
-73
136
-1
-1307
898
3922
408719
-126
139
-23
-1165
646
3786
409744
-71
119
-16
-1199
526
3987
402559
42
48
-22
-1166
631
4065
403584
26
16
-6
-1185
666
3995
404609
-27
1
7
-1230
585
3904
405634
-11
-33
11
-1259
589
3924
406659
16
-51
14
-1261
563
4036
407684
64
-68
31
-1259
668
4145
408709
31
-44
40
-1260
714
4149
409734
-11
-10
40
-1275
689
4110
410759
-13
7
32
-1261
692
4099
411784
1
8
17
-1222
669
4084
412809
11
5
10
-1207
653
4070
413834
0
5
0
-1181
606
4021
414859
12
1
-2
-1188
624
4052
415884
-7
1
10
-1216
591
4023
416909
3
-3
17
-1231
633
4073
417934
2
-4
31
-1252
708
4074
410752
-15
3
34
-1262
679
4032
411777
15
-4
29
-1251
746
4084
412802
-2
-3
18
-1237
726
4046
413827
-2
5
3
-1241
670
4054
414852
18
-2
-5
-1225
722
4096
415877
-12
10
-11
-1228
668
4048
416902
-17
10
-12
-1236
615
4014
417927
14
-2
-11
-1223
643
4065
418952
10
-11
-5
-1225
666
4041
419977
-12
-2
0
-1233
617
4057
421002
13
-11
4
-1237
663
4083
422027
16
-14
2
-1225
694
4065
423052
1
-5
0
-1222
678
4062
424077
9
-6
-5
-1240
686
4064
425102
13
-10
-13
-1231
674
4054
426127
8
-9
-17
-1226
646
4064
418944
20
-16
-9
-1231
654
4052
419969
8
-16
-1
-1236
640
4042
420994
10
-15
2
-1236
631
4051
422019
24
-17
5
-1233
685
4088
423044
0
-5
2
-1246
687
4070
424069
-5
-4
-4
-1241
698
4049
425094
-11
-6
-6
-1228
686
4041
426119
-9
-8
-6
-1222
683
4056
427144
-3
-6
-4
-1216
682
4066
428169
0
-5
-6
-1222
676
4076
429194
-1
-3
-9
-1208
657
4080
430219
0
0
-7
-1217
642
4064
431244
-3
-2
-3
-1240
643
4048
432269
-3
-2
0
-1239
633
4055
433294
1
-10
3
-1241
654
4053
434319
5
-11
7
-1238
644
4058
427135
3
-10
10
-1231
658
4085
428160
-11
-3
15
-1222
656
4079
429185
-12
1
20
-1229
662
4053
430210
-6
-2
20
-1233
692
4042
431235
-5
-1
13
-1220
675
4064
432260
4
0
10
-1222
684
4089
433285
4
3
4
-1219
682
4072
434310
3
3
1
-1221
679
4053
435335
1
7
1
-1236
671
4051
436360
1
5
0
-1239
673
4040
437385
2
2
-1
-1242
652
4043
438410
12
-4
0
-1228
669
4064
439435
-1
-1
3
-1225
655
4044
440460
-4
-4
5
-1233
640
4014
441485
2
-14
3
-1229
647
4014
442510
-5
-15
3
-1249
651
4081
435328
0
-14
7
-1245
653
4092
436353
5
-18
15
-1240
688
4071
437378
-46
-10
26
-1257
588
4015
438403
-5
-34
29
-1330
748
4121
439428
-113
-8
-4
-1217
692
4267
440453
-159
25
8
-1012
632
4132
441478
31
-6
71
-1163
735
3931
442503
-120
-25
4
-1321
950
3959
443528
-189
-30
-47
-1216
213
3525
444553
237
-228
-51
-1290
358
3284
445578
429
-201
-178
-1047
746
4469
446603
131
36
-97
-1171
972
5453
447628
-74
131
39
-1435
894
4336
448653
-131
96
-5
-1200
758
3521
449678
-164
122
-16
-1165
402
3779
450703
22
50
-8
-1174
531
4125
443521
68
-12
14
-1151
731
4101
444546
-24
-3
35
-1212
628
3943
445571
-19
-28
28
-1224
658
3943
446596
-12
-32
19
-1248
626
4016
447621
43
-44
19
-1252
655
4100
448646
69
-44
20
-1246
742
4135
449671
27
-4
12
-1242
684
4123
450696
35
10
7
-1225
721
4107
451721
-20
35
-2
-1219
639
4051
452746
1
38
-6
-1239
609
4080
453771
31
20
-3
-1204
696
4083
454796
-14
31
7
-1204
646
4024
455821
-22
23
18
-1226
615
3983
456846
8
-8
20
-1241
655
3973
457871
14
-30
21
-1222
667
4007
458896
3
-24
23
-1229
685
4084
451712
11
-24
31
-1251
701
4083
452737
-4
-19
24
-1248
700
4062
453762
-8
-16
15
-1250
707
4066
454787
0
-18
2
-1227
689
4058
455812
2
-13
-5
-1199
703
4112
456837
-3
1
2
-1201
664
4097
457862
-13
5
6
-1212
643
4044
458887
-9
8
7
-1232
645
4041
459912
5
-5
6
-1223
681
4051
460937
-14
-2
7
-1217
656
4036
461962
-5
-7
12
-1227
641
4031
462987
17
-21
13
-1223
689
4067
464012
-10
-14
13
-1220
692
4064
465037
-17
-11
12
-1210
678
4035
466062
-11
-10
12
-1221
695
4074
467087
-27
-8
16
-1217
673
4097
459905
-13
4
13
-1228
633
4056
460930
24
5
1
-1222
720
4069
461955
-7
13
-2
-1204
665
4073
462980
-5
6
8
-1213
645
4084
464005
3
0
13
-1227
668
4075
465030
-1
-2
11
-1216
673
4063
466055
-7
2
14
-1225
679
4076
467080
-11
0
19
-1234
668
4041
468105
-8
-5
16
-1224
670
4021
469130
-1
-9
16
-1207
683
4074
470155
-9
-7
21
-1199
687
4066
471180
-15
-5
27
-1214
700
4045
472205
-14
-3
28
-1232
591
4026
473230
20
-19
19
-1228
703
4089
474255
-10
1
11
-1227
706
4109
475280
-15
15
16
-1243
654
4070
468096
5
11
15
-1237
696
4045
469121
-13
17
14
-1226
677
4030
470146
-6
12
10
-1222
646
4027
471171
17
-5
10
-1208
703
4057
472196
-7
1
8
-1208
657
4053
473221
-7
0
6
-1215
640
4051
474246
5
-11
2
-1215
671
4060
475271
-2
-9
1
-1218
684
4060
476296
-5
8
-5
-1234
673
4068
477321
5
14
-8
-1248
683
4071
478346
8
7
-2
-1236
678
4058
479371
6
7
4
-1250
686
4055
480396
-5
8
6
-1238
671
4051
481421
10
2
7
-1224
668
4037
482446
17
-5
5
-1226
691
4037
483471
0
-3
2
-1230
669
4058
476288
-5
-4
0
-1222
667
4027
477313
-2
-4
-1
-1236
670
4025
478338
-1
0
-7
-1243
691
4071
479363
-15
5
-11
-1229
658
4045
480388
-31
4
-8
-1300
739
4105
481413
-131
20
-31
-1262
712
4269
482438
-152
80
-17
-1140
428
3964
483463
109
-32
80
-1076
729
3911
484488
-27
-34
63
-1358
860
4057
485513
-171
-24
-26
-1239
460
3866
486538
138
-135
-15
-1273
472
3577
487563
456
-208
-94
-1149
639
3950
488588
307
-60
-96
-1059
1016
5052
489613
-139
183
24
-1443
851
4638
490638
-234
163
6
-1363
782
3787
491663
-212
124
-30
-1176
584
3690
484480
-80
74
-17
-1213
498
3931
485505
55
-16
-7
-1175
612
4017
486530
46
-50
11
-1176
678
4001
487555
-20
-47
19
-1207
631
3971
488580
-8
-48
16
-1268
596
4012
489605
52
-71
19
-1271
656
4059
490630
60
-66
19
-1258
675
4106
491655
60
-40
19
-1255
714
4137
492680
17
-9
13
-1241
711
4112
493705
-7
20
8
-1240
689
4110
494730
10
26
6
-1218
706
4090
495755
-4
25
1
-1197
710
4006
496780
-9
22
-2
-1209
674
3981
497805
8
-3
1
-1217
704
3983
498830
-1
-12
5
-1230
674
3999
499855
16
-23
13
-1254
684
4065
492716
9
-26
17
-1242
714
4075
493741
-13
-8
14
-1244
652
4065
494766
7
-8
11
-1253
672
4116
495791
-3
-3
2
-1232
673
4092
496816
-10
3
-4
-1208
652
4056
497841
2
-1
-3
-1209
700
4074
498866
-18
4
1
-1217
687
4017
499891
-18
1
5
-1222
649
4005
500916
14
-15
9
-1228
708
4060
501941
3
-8
8
-1234
703
4069
502966
3
-3
7
-1232
684
4060
503991
6
-3
5
-1240
694
4056
505016
4
-1
0
-1235
692
4055
506041
-5
1
0
-1233
675
4053
507066
-2
1
4
-1235
678
4071
508091
-7
4
4
-1234
671
4064
500864
-2
4
3
-1226
675
4059
501889
-3
3
8
-1223
691
4060
502914
-11
6
13
-1229
679
4059
503939
2
2
12
-1238
688
4041
504964
12
-8
4
-1232
696
4037
505989
3
-1
-1
-1230
691
4086
507014
12
0
-1
-1235
670
4054
508039
16
-3
-3
-1223
683
4049
509064
10
7
-1
-1231
680
4080
510089
8
7
-2
-1238
677
4046
511114
13
9
-5
-1239
698
4056
512139
3
13
-3
-1259
689
4047
513164
-4
13
-4
-1247
659
4023
514189
13
3
-2
-1247
692
4047
515214
6
-4
1
-1243
699
4006
516239
-5
-3
-1
-1248
677
4024
509057
5
-7
0
-1255
694
4077
510082
1
-8
0
-1247
673
4027
511107
7
-10
2
-1240
687
4038
512132
2
-9
7
-1245
693
4056
513157
-1
-7
9
-1241
680
4057
514182
1
-7
10
-1230
670
4057
515207
3
-4
12
-1240
697
4057
516232
-11
1
11
-1243
698
4040
517257
-14
-3
17
-1235
706
4020
518282
-10
-5
21
-1238
700
4051
519307
-7
-9
22
-1243
740
4059
520332
-19
1
19
-1241
704
4045
521357
-10
-1
16
-1236
712
4054
522382
-14
0
8
-1236
694
4039
523407
-9
-3
3
-1236
681
4038
524432
-9
-5
3
-1240
667
4042
517247
-10
-6
5
-1250
656
4044
518272
-2
-11
5
-1250
658
4042
519297
1
-15
7
-1242
673
4031
520322
0
-15
2
-1231
670
4044
521347
13
-19
1
-1228
684
4061
522372
24
-19
-3
-1222
701
4081
523397
38
-5
-9
-1239
685
4081
524422
108
-7
-16
-1242
717
4057
525447
86
-2
-33
-1215
766
4072
526472
35
12
-30
-1249
717
4031
527497
0
3
-20
-1254
699
4012
528522
-113
2
4
-1416
643
4037
529547
-220
-18
-46
-1288
696
4253
530572
-197
83
14
-876
361
4444
531597
209
2
211
-1371
989
4282
532622
-245
41
52
-1258
875
3674
525440
-231
27
19
-1162
316
3102
526465
273
-159
-11
-1297
448
3310
527490
516
-254
-75
-1252
730
3952
528515
378
-160
-67
-1174
797
4894
529540
234
-19
-6
-1147
1022
5184
530565
53
118
27
-1358
1045
4245
531590
-139
168
-48
-1211
850
3672
532615
-192
174
-62
-1151
637
3785
533640
-52
108
-35
-1171
596
4003
534665
71
39
-16
-1203
682
3973
535690
51
9
-9
-1233
772
3920
536715
-28
13
-6
-1300
693
3920
537740
-19
-15
-7
-1304
646
4000
538765
18
-46
10
-1293
713
4024
539790
-11
-40
22
-1288
689
4029
540815
9
-35
27
-1293
747
4097
533632
2
-25
29
-1273
800
4091
534657
-31
-4
25
-1237
725
4017
535682
5
-12
18
-1219
720
4032
536707
26
-19
11
-1203
775
4051
537732
-9
-4
8
-1226
710
4015
538757
-8
3
10
-1249
716
4057
539782
10
2
15
-1266
798
4056
540807
-22
11
14
-1282
729
3980
541832
22
-5
1
-1271
801
4024
542857
11
-7
-7
-1241
820
4062
543882
-19
8
-9
-1246
743
4006
544907
0
-1
-11
-1231
740
4018
545932
2
-4
-11
-1235
728
4045
546957
-3
0
-11
-1250
704
4050
547982
5
-2
-9
-1240
712
4015
549007
-1
0
-6
-1253
708
4043
541825
4
0
-4
-1265
725
4049
542850
5
-2
-1
-1257
745
4026
543875
1
1
0
-1253
743
4020
544900
9
-4
-4
-1246
741
4017
545925
14
-10
-6
-1242
762
4019
546950
-2
-7
-5
-1246
718
4009
547975
-2
-11
0
-1249
727
4032
549000
-9
-11
6
-1277
731
4005
550025
-14
-14
10
-1272
693
3985
551050
12
-24
13
-1271
744
4068
552075
3
-20
16
-1252
750
4051
553100
-2
-13
14
-1221
770
4058
554125
-12
-4
13
-1229
790
4063
555150
-30
4
8
-1236
721
4010
556175
13
-12
-4
-1252
777
4041
557200
5
-17
-20
-1235
780
4030
550016
-17
-6
-22
-1248
738
4017
551041
-11
-10
-13
-1264
722
4008
552066
-3
-16
-5
-1251
711
4020
553091
-8
-16
4
-1255
719
4067
554116
-5
-16
12
-1257
703
4043
555141
-1
-13
11
-1243
737
4059
556166
-4
-3
11
-1228
735
4076
557191
1
-4
8
-1223
750
4033
558216
-2
-6
7
-1224
750
4026
559241
-8
-2
3
-1230
721
4025
560266
8
-8
-1
-1235
746
4046
561291
-1
-9
-3
-1239
733
4051
562316
1
-6
-5
-1239
731
4044
563341
3
-3
-4
-1239
735
4051
564366
-1
2
1
-1237
723
4074
565391
-2
7
7
-1261
738
4036
558208
-8
12
8
-1268
728
4020
559233
-7
12
7
-1271
717
4018
560258
6
0
9
-1263
732
4008
561283
-1
-2
10
-1245
735
4003
562308
-9
-3
12
-1252
745
4000
563333
-9
-13
15
-1252
741
4002
564358
-5
-19
13
-1258
744
4001
565383
-2
-24
9
-1251
750
4030
566408
-11
-21
6
-1253
717
4044
567433
-3
-22
10
-1247
717
4054
568458
-6
-19
11
-1225
719
4045
569483
-12
-15
15
-1224
719
4036
570508
-10
-17
15
-1223
716
4038
571533
6
-25
14
-1223
731
4041
572558
13
-29
8
-1213
753
4036
573583
2
-28
5
-1219
763
4036
566400
-18
-29
8
-1227
792
4095
567425
-98
-8
0
-1354
685
4186
568450
-151
48
-63
-1151
661
4237
569475
-31
18
24
-1013
777
3934
570500
5
-35
74
-1329
980
3841
571525
-288
20
-42
-1208
603
3792
572550
-20
-39
4
-1273
359
3758
573575
254
-191
29
-1265
718
3971
574600
173
-125
11
-1223
687
4191
575625
155
-17
4
-1227
787
4506
576650
120
78
14
-1280
1073
4519
577675
-46
154
-20
-1226
838
4037
578700
-52
139
-44
-1151
690
3867
579725
13
94
-47
-1158
661
3928
580750
32
43
-40
-1170
675
3957
581775
-3
11
-15
-1195
669
3971
574592
-26
-22
14
-1254
665
3950
575617
-29
-56
24
-1283
668
3958
576642
8
-79
32
-1280
734
4041
577667
-5
-77
40
-1274
746
4025
578692
-5
-48
28
-1275
727
4066
579717
30
-36
22
-1252
786
4145
580742
-3
-11
20
-1227
770
4091
581767
-16
12
12
-1217
749
4077
582792
0
18
10
-1212
789
4093
583817
-14
22
8
-1202
755
4008
584842
-5
15
4
-1196
720
4004
585867
11
-1
0
-1197
756
4034
586892
2
-8
-4
-1201
721
3999
587917
8
-9
-3
-1228
728
4056
588942
3
-9
2
-1236
742
4077
589967
-8
0
3
-1244
698
4043
582784
6
0
8
-1251
738
4057
583809
-5
10
13
-1254
726
4040
584834
-4
9
16
-1255
714
4007
585859
-1
-4
18
-1230
747
3987
586884
-13
-6
20
-1211
729
4023
587909
-3
-12
24
-1218
744
4044
588934
-1
-20
17
-1211
778
4017
589959
-10
-15
1
-1211
780
4063
590984
-10
-14
-7
-1238
784
4088
592009
-15
-10
-15
-1227
746
4051
593034
-9
2
-12
-1237
729
4088
594059
2
9
-9
-1249
712
4079
595084
5
11
-7
-1234
716
4038
596109
-8
18
0
-1228
689
4031
597134
2
13
11
-1231
697
4019
598159
2
3
18
-1235
716
4011
590977
-8
-2
23
-1231
716
3996
592002
-4
-9
27
-1236
719
4029
593027
-1
-16
29
-1234
746
4038
594052
-9
-14
25
-1224
755
4040
595077
-6
-12
23
-1218
773
4052
596102
-7
-7
19
-1213
785
4055
597127
-5
-2
11
-1222
785
4063
598152
0
0
2
-1227
760
4049
599177
11
1
-8
-1222
759
4074
600202
-3
11
-9
-1232
735
4069
601227
-6
18
-7
-1251
701
4031
602252
6
12
-7
-1239
719
4029
603277
2
10
-6
-1239
709
4023
604302
6
3
-6
-1237
728
4034
605327
0
-1
-4
-1235
728
4014
606352
3
-5
-5
-1233
726
4026
599168
8
-7
-3
-1226
755
4039
600193
-1
-7
-3
-1239
752
4037
601218
2
-5
-4
-1240
748
4040
602243
12
-4
-6
-1240
748
4054
603268
13
-3
-8
-1232
760
4054
604293
6
3
-6
-1232
741
4043
605318
7
5
-7
-1236
721
4051
606343
11
6
-9
-1246
733
4040
607368
9
3
-12
-1248
751
4014
608393
-6
1
-15
-1251
731
3991
609418
-5
-7
-12
-1249
725
3990
610443
-4
-14
-3
-1257
739
4030
611468
-11
-14
6
-1269
720
4029
612493
-2
-17
12
-1259
736
4019
613518
-6
-18
16
-1245
751
4020
614543
-9
-16
17
-1234
737
4059
607360
-2
-19
19
-1223
741
4039
608385
1
-17
17
-1226
743
4051
609410
-5
-10
10
-1228
742
4073
610435
-1
-7
6
-1224
716
4037
611460
17
-8
3
-1199
741
4057
612485
7
2
0
-1215
763
4060
613510
5
9
-2
-1225
753
4083
614535
10
7
-2
-1239
764
4052
615560
3
11
-8
-1228
753
4017
616585
7
8
-9
-1241
748
4021
617610
2
-4
-10
-1238
743
4005
618635
-39
-3
3
-1282
699
4078
619660
-92
-4
-4
-1393
717
4203
620685
-117
12
-63
-1109
709
4128
621710
-26
21
7
-984
673
4057
622735
-53
14
62
-1369
924
3945
615552
-236
38
-47
-1247
457
3586
616577
174
-106
-18
-1338
382
3269
617602
467
-221
-52
-1284
812
3771
618627
160
-36
-36
-1190
774
5170
619652
23
156
56
-1447
903
5218
620677
44
162
24
-1336
1140
4087
621702
-65
206
-48
-1143
956
3556
622727
-146
201
-53
-1152
779
3768
623752
-84
142
-30
-1183
694
4066
624777
35
57
-13
-1223
685
3915
625802
47
-15
-18
-1232
722
3711
626827
6
-45
-32
-1222
655
3729
627852
-14
-65
-18
-1251
612
3913
628877
-5
-91
0
-1264
647
4067
629902
29
-96
19
-1291
715
4126
630927
11
-78
27
-1323
771
4093
623744
-15
-43
14
-1355
751
4104
624769
17
-32
2
-1337
803
4151
625794
5
-6
-6
-1314
770
4081
626819
12
8
-15
-1293
730
4040
627844
21
13
-20
-1259
743
4045
628869
-6
26
-11
-1254
696
4011
629894
-9
26
1
-1268
693
3992
630919
-4
12
14
-1268
747
3981
631944
-15
6
23
-1295
743
3946
632969
6
-19
22
-1279
789
3960
633994
0
-28
18
-1267
780
4004
635019
3
-32
16
-1262
793
4056
636044
-10
-23
12
-1266
756
4051
637069
-6
-15
3
-1268
753
4071
638094
-8
-7
-1
-1267
770
4076
639119
-24
7
-2
-1277
721
4032
631935
-7
4
-1
-1269
725
4012
632960
-1
-3
3
-1267
743
4014
633985
-16
-3
7
-1273
695
4009
635010
-4
-12
10
-1276
706
4032
636035
-2
-15
14
-1266
721
4026
637060
-8
-10
21
-1279
724
4020
638085
-8
-10
27
-1282
735
4038
639110
-4
-10
29
-1271
741
4031
640135
7
-14
30
-1253
768
4024
641160
9
-13
28
-1248
767
4040
642185
-1
-12
26
-1244
785
4024
643210
-11
-8
19
-1246
766
4017
644235
-2
-10
14
-1271
785
4033
645260
-8
-15
2
-1273
766
3998
646285
-22
-17
-9
-1263
719
4015
647310
-10
-22
-8
-1257
707
4071
640129
-13
-17
-4
-1235
733
4080
641154
-26
-1
3
-1256
739
4060
642179
-20
6
9
-1271
745
4042
643204
-13
8
8
-1257
739
4030
644229
8
-2
6
-1259
741
3997
645254
15
-10
2
-1235
753
4010
646279
-1
-5
4
-1252
731
4049
647304
-7
-6
5
-1260
692
4016
648329
-8
-7
10
-1270
694
4041
649354
-8
-10
19
-1279
714
4013
650379
-9
-14
19
-1268
759
4029
651404
-21
-11
22
-1267
763
4030
652429
-24
-14
20
-1264
751
4024
653454
-12
-18
17
-1252
741
4019
654479
-12
-15
16
-1252
748
4055
655504
-21
-8
16
-1273
718
4046
648320
-17
-11
14
-1259
724
4026
649345
-27
-6
18
-1256
718
4026
650370
-15
-12
24
-1252
713
4023
651395
5
-20
26
-1238
745
4044
652420
2
-14
21
-1231
754
4074
653445
9
-12
8
-1205
796
4088
654470
6
0
-11
-1208
782
4066
655495
19
11
-25
-1222
791
4082
656520
22
19
-37
-1234
754
4060
657545
16
29
-44
-1238
746
4064
658570
17
38
-42
-1266
713
4030
659595
16
34
-38
-1269
708
4003
660620
7
35
-27
-1284
708
4042
661645
-20
25
-12
-1310
724
4104
662670
-131
59
-25
-1356
582
4162
663695
-141
51
-34
-1265
701
3901
656513
-99
-55
30
-1004
749
3879
657538
-151
-46
95
-1377
842
3897
658563
-272
-44
-5
-1301
536
3752
659588
81
-180
0
-1325
391
3436
660613
384
-265
-117
-1244
863
3663
661638
169
-89
-175
-1015
893
5053
662663
-91
148
24
-1382
709
5176
663688
-12
119
49
-1465
922
3873
664713
-66
100
-49
-1147
745
3651
665738
-121
139
-32
-1221
480
4057
666763
6
58
-11
-1249
611
4095
667788
39
-3
6
-1213
700
3904
668813
-2
-26
22
-1246
640
3779
669838
4
-54
19
-1258
657
3882
670863
25
-65
24
-1289
642
4049
671888
88
-77
28
-1291
708
4112
664704
93
-66
25
-1262
780
4117
665729
20
-18
16
-1284
726
4111
666754
11
2
6
-1276
724
4102
667779
16
10
1
-1243
730
4064
668804
5
19
1
-1229
709
4044
669829
11
19
4
-1232
717
4022
670854
6
15
6
-1236
725
4005
671879
2
13
10
-1247
698
4017
672904
31
-6
8
-1250
759
4018
673929
12
-6
4
-1244
765
4024
674954
-2
0
1
-1269
738
4025
675979
11
-8
-2
-1270
763
4017
677004
3
-3
-7
-1263
747
4038
678029
11
-6
-9
-1266
756
4053
679054
3
-2
-13
-1262
726
4042
680079
-2
4
-10
-1251
708
4057
672896
-2
7
-6
-1260
691
4033
673921
9
0
-10
-1267
711
4043
674946
-4
2
-9
-1263
731
4026
675971
-19
6
0
-1270
674
3994
676996
10
-5
4
-1275
741
4056
678021
1
-7
7
-1260
752
4027
679046
-5
-5
6
-1258
731
4020
680071
9
-4
4
-1260
758
4078
681096
7
-4
0
-1257
723
4023
682121
9
-1
-5
-1259
728
4052
683146
3
5
-4
-1280
723
4069
684171
1
6
-7
-1272
708
4021
685196
0
9
-3
-1275
711
4028
686221
3
9
2
-1278
735
4045
687246
3
8
3
-1264
744
4015
688271
1
10
3
-1261
741
4031
681089
3
10
2
-1260
760
4043
682114
-5
9
-1
-1269
729
3999
683139
2
3
-5
-1273
724
4003
684164
3
-4
-6
-1280
723
4016
685189
-4
-6
-5
-1269
691
4016
686214
-3
-4
7
-1284
687
4030
687239
-1
-5
15
-1289
708
4023
688264
1
-7
16
-1280
729
4037
689289
-1
-3
17
-1267
733
4043
690314
7
-5
13
-1246
762
4035
691339
5
0
4
-1253
774
4041
692364
0
5
-4
-1264
753
4034
693389
3
5
-12
-1274
751
4026
694414
5
4
-17
-1286
728
4021
695439
9
4
-15
-1288
717
4014
696464
9
2
-9
-1282
706
4011
689280
7
-1
0
-1282
704
4024
690305
4
1
7
-1284
707
4025
691330
10
1
11
-1286
740
4021
692355
0
2
8
-1298
727
4017
693380
-4
-3
1
-1276
734
3998
694405
-6
-6
-1
-1271
736
4009
695430
-6
-8
0
-1267
743
4028
696455
-3
-8
0
-1278
740
4031
697480
4
-9
0
-1275
755
4037
698505
-2
-3
1
-1278
749
4041
699530
-3
1
2
-1282
716
4026
700555
14
-2
2
-1278
723
4040
701580
11
1
4
-1284
737
4034
702605
-1
5
3
-1282
725
4017
703630
0
4
5
-1283
728
4014
704655
-7
3
7
-1290
730
3995
697471
-11
-1
9
-1296
731
3989
698496
-27
-10
17
-1311
768
4041
699521
-110
-9
16
-1413
845
4096
700546
-246
76
-14
-1215
521
4245
701571
-23
47
93
-1033
596
3958
702596
141
-64
160
-1403
1080
3921
703621
-425
50
6
-1265
524
3826
704646
-33
-55
34
-1418
305
3379
705671
470
-247
-24
-1236
766
3802
706696
196
-78
-15
-1124
868
4779
707721
-49
156
40
-1337
852
4992
708746
-5
169
43
-1455
994
4121
709771
-67
148
-37
-1243
814
3602
710796
-63
119
-42
-1220
648
3715
711821
27
43
-36
-1215
647
3955
712846
40
-12
-8
-1227
690
3986
705931
16
-43
13
-1268
698
3902
706956
1
-59
17
-1317
672
3889
707981
9
-73
18
-1335
680
4010
709006
33
-68
28
-1348
706
4143
710031
36
-48
31
-1336
742
4124
711056
28
-18
22
-1320
790
4092
712081
-13
15
8
-1313
770
4072
713106
-21
25
1
-1297
752
4032
714131
-16
17
-3
-1268
741
3974
715156
-10
15
-3
-1271
715
3991
716181
-5
4
1
-1272
738
4016
717206
-18
-2
10
-1280
696
3974
718231
0
-15
18
-1282
712
3988
719256
0
-27
25
-1280
733
3979
720281
-5
-25
25
-1296
716
4031
721306
6
-30
23
-1303
763
4072
713856
-14
-21
16
-1283
742
4019
714881
-19
-7
11
-1296
749
4049
715906
-27
-5
11
-1300
726
4031
716931
-21
-4
8
-1300
688
4016
717956
-3
-12
13
-1276
741
4024
718981
-20
-6
18
-1273
702
4003
720006
-8
-12
21
-1259
736
4044
721031
-12
-9
26
-1282
749
4031
722056
-16
-10
19
-1281
731
4001
723081
2
-15
8
-1270
769
4063
724106
-2
-8
4
-1275
742
4059
725131
10
-9
-2
-1280
743
4015
726156
6
-6
-6
-1260
744
4040
727181
2
-1
-8
-1278
701
4024
728206
15
-8
-9
-1273
748
4064
729231
-5
5
-6
-1276
716
4037
722047
4
3
-3
-1284
714
4006
723072
4
-2
-4
-1283
728
4000
724097
2
-4
-4
-1288
724
4013
725122
5
-10
-1
-1275
742
4027
726147
2
-2
2
-1276
741
4026
727172
11
-3
2
-1272
761
4031
728197
5
1
-1
-1278
754
4040
729222
5
2
-5
-1279
718
4012
730247
22
-10
-8
-1277
732
4019
731272
9
-7
-11
-1275
732
4067
732297
-6
0
-10
-1291
705
4011
733322
-9
-6
-8
-1295
727
3972
734347
-15
-6
-3
-1289
712
4009
735372
-4
-14
2
-1292
737
4019
736397
-4
-14
8
-1287
742
4009
737422
-3
-13
10
-1271
758
4035
730240
-5
-11
10
-1259
737
4038
731265
4
-11
4
-1260
738
4037
732290
0
-5
-2
-1271
740
4055
733315
-3
0
-6
-1262
726
4036
734340
-1
1
-6
-1275
723
4018
735365
-1
0
-6
-1281
728
4023
736390
-3
-1
-5
-1288
724
4023
737415
-2
-3
-1
-1296
719
4003
738440
-1
-9
4
-1272
733
4013
739465
-2
-7
8
-1267
732
4030
740490
2
-6
8
-1282
745
4046
741515
5
-6
0
-1283
759
4036
742540
5
-5
-10
-1275
741
4027
743565
13
-5
-14
-1278
715
4009
744590
35
-12
-16
-1275
704
3987
745615
35
-1
-17
-1270
735
4017
738432
2
28
-13
-1287
714
4122
739457
26
39
-1
-1319
685
4063
740482
69
7
-1
-1285
759
3921
741507
50
0
-4
-1272
787
3942
742532
-6
9
-2
-1261
776
4103
743557
-12
13
10
-1300
708
4092
744582
-13
-9
19
-1305
778
4023
745607
-90
-11
0
-1397
905
4126
746632
-271
65
-36
-1148
653
4285
747657
-167
106
109
-1169
584
4071
748682
30
-32
195
-1293
917
3735
749707
-328
-14
75
-1381
661
3514
750732
-153
-79
2
-1331
9
3369
751757
506
-327
26
-1360
643
3719
752782
468
-274
-37
-1121
984
4444
753807
215
24
-18
-1277
982
5111
746623
11
138
3
-1433
1155
4576
747648
-146
201
-61
-1319
854
3865
748673
-88
184
-82
-1244
673
3812
749698
16
113
-73
-1181
702
3965
750723
53
53
-40
-1194
711
3943
751748
22
6
-21
-1216
693
3863
752773
-18
-25
-12
-1256
688
3877
753798
-17
-56
-7
-1300
675
3883
754823
29
-92
-2
-1306
725
3948
755848
23
-83
14
-1328
773
4094
756873
-17
-49
21
-1360
752
4103
757898
7
-34
12
-1347
778
4100
758923
15
-22
10
-1311
829
4105
759948
-17
8
8
-1288
772
4035
760973
-13
11
6
-1268
717
3948
761998
17
-2
2
-1249
749
3967
754816
-4
3
5
-1251
764
4003
755841
-19
7
9
-1282
722
4029
756866
12
-6
11
-1282
780
4032
757891
-3
-4
9
-1281
766
4008
758916
-7
-2
6
-1288
754
4013
759941
3
-8
2
-1278
757
4019
760966
4
-12
1
-1269
775
4024
761991
-25
-9
0
-1275
734
4002
763016
-26
-4
3
-1298
717
4023
764041
-24
-6
7
-1295
703
4005
765066
-9
-10
15
-1295
740
4004
766091
-1
-13
27
-1292
791
4018
767116
-9
-16
29
-1294
777
3960
768141
-2
-20
17
-1277
795
4013
769166
5
-21
13
-1279
811
4085
770191
-4
-18
4
-1270
758
4018
763009
10
-17
-6
-1273
747
4032
764034
5
-17
-13
-1271
740
4059
765059
-11
-7
-17
-1254
694
4055
766084
5
-2
-9
-1263
744
4091
767109
-12
8
-2
-1277
739
4030
768134
-6
11
1
-1272
749
4010
769159
1
5
1
-1267
773
4008
770184
0
0
3
-1253
747
3998
771209
5
-9
8
-1262
734
3987
772234
11
-21
12
-1272
734
4004
773259
5
-25
16
-1284
744
4020
774284
-7
-21
16
-1283
727
4031
775309
-2
-21
22
-1278
769
4062
776334
-27
-8
27
-1280
750
4047
777359
-23
-2
29
-1278
771
4064
778384
-16
1
29
-1271
784
4030
771200
-7
2
21
-1253
794
4037
772225
-8
3
14
-1248
808
4038
773250
-16
9
7
-1254
759
4031
774275
0
5
-1
-1259
745
4046
775300
9
3
-6
-1261
727
4035
776325
6
6
-5
-1261
719
4025
777350
5
7
-3
-1279
721
4031
778375
-1
5
-1
-1283
717
4011
779400
0
3
4
-1286
717
4009
780425
-1
0
9
-1286
732
4009
781450
-1
-6
14
-1286
743
4001
782475
6
-10
14
-1276
767
4042
783500
-1
-8
15
-1268
763
4038
784525
0
-1
11
-1263
771
4047
785550
-4
7
9
-1274
774
4044
786575
-2
9
7
-1273
758
4013
779392
3
5
5
-1268
758
4016
780417
3
5
5
-1278
765
4016
781442
3
-2
3
-1278
750
3976
782467
4
-11
4
-1270
724
3987
783492
8
-12
9
-1291
727
4046
784517
0
-13
11
-1286
731
4042
785542
-12
-9
12
-1285
750
4042
786567
-48
-8
19
-1347
775
4092
787592
-120
22
-42
-1291
814
4273
788617
-195
100
-40
-1163
693
3986
789642
-17
-12
77
-1214
713
3699
790667
21
-92
53
-1314
850
3793
791692
-91
-69
-33
-1260
614
3932
792717
111
-125
-8
-1302
556
3903
793742
223
-155
-31
-1231
861
4170
794767
112
-14
-53
-1154
855
4548
787585
9
116
16
-1462
852
4259
788610
-33
105
-40
-1291
830
3993
789635
-16
118
-38
-1246
686
3989
790660
51
80
-27
-1254
714
3977
791685
33
46
-17
-1217
752
3927
792710
-14
31
3
-1245
717
3890
793735
11
-9
12
-1287
679
3882
794760
54
-52
11
-1293
789
3980
795785
12
-46
16
-1317
761
4024
796810
19
-45
15
-1325
747
4044
797835
45
-41
9
-1312
808
4102
798860
-4
-13
8
-1310
763
4062
799885
-11
-2
6
-1297
723
4042
800910
13
-7
6
-1253
780
4052
801935
-16
7
11
-1244
771
4008
802960
-20
9
14
-1253
763
3989
795777
-2
-4
11
-1265
814
3981
796802
-9
-10
7
-1270
802
3963
797827
-6
-15
5
-1282
776
4015
798852
10
-25
1
-1287
784
4042
799877
12
-22
-6
-1277
779
4045
800902
-2
-7
-8
-1281
756
4065
801927
-2
2
-6
-1277
751
4059
802952
-6
12
-5
-1278
730
4018
803977
3
6
-5
-1285
744
3998
805002
-7
1
-10
-1281
722
3988
806027
-4
-6
-5
-1277
732
3997
807052
-2
-12
9
-1280
758
3996
808077
-10
-16
18
-1282
769
3971
809102
1
-19
17
-1287
791
4030
810127
5
-21
15
-1283
834
4054
811152
-12
-9
7
-1275
790
4014
803968
0
-6
0
-1272
793
4034
804993
-1
-4
-7
-1265
789
4043
806018
-12
3
-11
-1268
740
4020
807043
-4
-3
-13
-1261
737
4007
808068
-7
-1
-10
-1269
732
4029
809093
-13
-1
-2
-1281
726
4013
810118
-8
-6
6
-1282
734
3991
811143
0
-8
11
-1273
764
4040
812168
-3
-5
15
-1262
762
4030
813193
0
-1
15
-1275
770
4025
814218
0
-4
7
-1283
768
4002
815243
-1
-7
-2
-1270
773
4034
816268
-7
-1
-2
-1278
746
4023
817293
-2
-7
-1
-1280
744
3989
818318
-6
-8
4
-1269
741
4015
819343
-4
-8
9
-1274
749
4022
812159
0
-12
9
-1284
764
4022
813184
2
-9
7
-1278
782
4036
814209
3
-6
2
-1269
770
4031
815234
7
-3
-1
-1266
778
4037
816259
0
4
1
-1272
767
4022
817284
4
5
1
-1277
759
4021
818309
6
4
-2
-1276
758
3992
819334
6
2
-3
-1279
751
3994
820359
6
-4
1
-1272
759
4007
821384
-3
-5
9
-1271
750
4008
822409
2
-5
13
-1281
736
4033
823434
11
-8
15
-1293
768
4012
824459
9
-9
8
-1289
758
3991
825484
16
-9
3
-1264
785
4002
826509
13
-2
3
-1266
808
4057
827534
-5
9
1
-1272
813
4069
820352
-4
17
0
-1285
763
3994
821377
19
3
-5
-1271
801
3976
822402
7
0
-8
-1253
774
4002
823427
7
-5
-4
-1267
739
3973
824452
18
-18
-1
-1277
759
4007
825477
-11
-7
2
-1290
746
4045
826502
-16
-7
9
-1297
749
4032
827527
-43
-10
22
-1325
816
4077
828552
-126
10
-18
-1375
777
4241
829577
-235
99
-73
-1184
728
4191
830602
-80
23
81
-1157
761
3578
831627
38
-117
103
-1250
925
3600
832652
-307
-33
-2
-1293
566
3965
833677
-25
-115
33
-1408
373
3747
834702
310
-298
16
-1291
823
3697
835727
143
-134
-53
-1111
871
4636
828544
39
85
-19
-1354
849
4950
829569
22
85
-12
-1352
891
4073
830594
-24
93
-54
-1179
712
3690
831619
1
99
-51
-1165
623
4050
832644
35
54
-21
-1189
683
4130
833669
43
11
8
-1218
756
3907
834694
1
-8
12
-1243
783
3895
835719
-27
-22
15
-1306
703
3898
836744
29
-67
7
-1290
742
4005
837769
37
-67
20
-1287
756
4092
838794
32
-45
24
-1301
749
4068
839819
34
-27
15
-1283
806
4097
840844
-12
4
17
-1281
783
4069
841869
-27
10
15
-1258
726
3987
842894
10
-7
12
-1237
770
3982
843919
-4
-12
11
-1238
768
3976
836735
-25
-12
7
-1236
711
3988
837760
-7
-24
15
-1241
776
4017
838785
-28
-20
20
-1247
756
3995
839810
-16
-18
20
-1261
781
4046
840835
-5
-19
19
-1268
813
4053
841860
-15
-14
10
-1246
771
4023
842885
0
-8
3
-1228
775
4092
843910
-5
0
2
-1229
765
4072
844935
-13
8
0
-1229
725
4011
845960
-10
3
0
-1241
731
4008
846985
-10
-5
0
-1240
714
3999
848010
-3
-9
5
-1253
747
4045
849035
-12
-10
10
-1255
746
4020
850060
-13
-12
13
-1250
742
4010
851085
-6
-15
13
-1252
779
4038
852110
-12
-14
12
-1258
778
4022
845094
-7
-10
5
-1243
780
4051
846119
-7
-3
-1
-1233
770
4068
847144
-6
2
-5
-1236
738
4034
848169
-1
2
-5
-1237
750
4026
849194
-3
0
-1
-1243
746
4025
850219
-6
-1
0
-1240
734
4021
851244
4
-6
0
-1243
736
4027
852269
2
-9
1
-1238
743
4030
853294
3
-10
2
-1244
743
4013
854319
8
-13
0
-1230
765
4052
855344
-3
-7
1
-1242
759
4060
856369
-6
-2
1
-1256
762
4024
857394
0
-1
-2
-1254
785
4039
858419
1
0
-3
-1254
764
4021
859444
10
-5
-7
-1237
762
4034
860469
9
-5
-6
-1233
743
4044
853120
5
-4
-7
-1238
733
4023
854145
2
-4
-8
-1251
742
4018
855170
-7
-5
-10
-1261
748
4017
856195
-13
-8
-12
-1258
743
4015
857220
-9
-14
-6
-1251
758
4012
858245
-11
-18
-4
-1238
771
4005
859270
-11
-20
-5
-1243
760
4010
860295
1
-21
-7
-1241
775
4049
861320
0
-16
-9
-1232
772
4028
862345
-15
-15
-15
-1231
756
3964
863370
-6
-18
-29
-1226
749
4039
864395
-2
-16
-31
-1241
734
4082
865420
-9
-15
-33
-1232
718
4034
866445
-3
-16
-33
-1234
705
4028
867470
4
-16
-23
-1252
717
4059
868495
-4
-11
-18
-1251
707
4045
861313
4
-6
-12
-1254
704
4054
862338
1
-5
-3
-1236
754
4072
863363
-8
8
-4
-1239
748
4089
864388
5
4
0
-1233
771
4074
865413
-8
8
0
-1232
731
3980
866438
6
-1
-4
-1246
716
3939
867463
20
-17
-3
-1243
708
3938
868488
8
-22
-1
-1239
725
4024
869513
-47
-14
7
-1323
743
3983
870538
-91
-45
-24
-1378
928
4160
871563
-255
70
-91
-1113
631
4487
872588
-117
81
32
-943
637
4308
873613
-22
-17
119
-1368
1037
3835
874638
-486
41
-35
-1238
602
3464
875663
-334
-95
-34
-1317
217
3169
876688
209
-305
-149
-1254
576
3434
869504
247
-222
-242
-900
1053
5208
870529
-184
108
-24
-1312
688
5428
871554
-120
131
64
-1554
795
3953
872579
-213
98
-54
-1164
712
3553
873604
-337
147
-46
-1188
323
3972
874629
-121
78
-6
-1255
332
4180
875654
61
-16
20
-1226
562
3956
876679
41
-50
33
-1202
575
3812
877704
9
-64
30
-1220
606
3891
878729
97
-81
32
-1264
580
4016
879754
225
-107
27
-1253
669
4158
880779
205
-75
18
-1228
723
4201
881804
125
-16
1
-1240
685
4204
882829
97
19
-15
-1237
686
4169
883854
50
34
-25
-1205
698
4108
884879
-12
50
-21
-1200
616
4038
877696
-3
37
-11
-1214
595
4003
878721
-3
15
0
-1221
629
3959
879746
-20
4
13
-1240
599
3966
880771
26
-23
27
-1266
691
4016
881796
2
-26
29
-1265
716
4029
882821
-20
-13
22
-1278
665
4069
883846
23
-22
7
-1256
711
4106
884871
17
-4
-6
-1248
672
4088
885896
3
8
-16
-1222
630
4102
886921
6
17
-13
-1208
627
4110
887946
-11
25
-5
-1208
607
4037
888971
-20
27
1
-1223
593
4018
889996
3
8
12
-1242
636
4012
891021
4
-8
19
-1235
668
3992
892046
-1
-10
21
-1254
692
4036
893071
1
-15
21
-1267
680
4053
885888
0
-16
13
-1264
688
4033
886913
-3
-16
6
-1257
689
4044
887938
-11
-9
4
-1258
654
4060
888963
-4
-6
5
-1247
683
4089
889988
-20
2
8
-1248
644
4039
891013
-15
0
11
-1222
619
4047
892038
7
-5
14
-1219
653
4068
893063
3
-8
13
-1222
671
4038
894088
-4
-6
6
-1219
674
4060
895113
-9
-6
0
-1232
668
4058
896138
-3
-10
-2
-1231
662
4032
897163
-3
-12
0
-1250
652
4050
898188
1
-13
3
-1258
637
4062
899213
15
-18
3
-1236
676
4079
900238
-12
0
8
-1238
670
4100
901263
-19
10
13
-1260
638
4044
894081
-4
1
9
-1244
660
4022
895106
-9
-6
7
-1238
656
4023
896131
-7
-14
6
-1217
656
4050
897156
-3
-15
12
-1224
653
4085
898181
-8
-8
15
-1238
666
4098
899206
-6
1
11
-1231
664
4095
900231
2
2
9
-1229
687
4074
901256
-6
11
4
-1224
675
4072
902281
-10
15
-1
-1231
652
4048
903306
-3
8
-7
-1239
651
4036
904331
-5
5
-7
-1239
626
4037
905356
-4
1
-2
-1256
598
4040
906381
8
-6
6
-1254
619
4059
907406
3
-6
15
-1259
638
4058
908431
-6
-2
23
-1255
639
4054
909456
4
-3
24
-1238
676
4076
902271
-2
1
17
-1238
691
4078
903296
-2
5
9
-1228
673
4054
904321
6
1
2
-1218
682
4042
905346
1
4
-4
-1227
678
4063
906371
-3
6
-7
-1241
656
4039
907396
7
-2
-9
-1252
629
3984
908421
18
-12
-5
-1241
632
4033
909446
5
-7
3
-1260
630
4027
910471
4
-4
8
-1257
601
4003
911496
-9
0
17
-1254
646
4068
912521
-22
16
29
-1293
597
4113
913546
5
-5
29
-1338
712
4201
914571
-102
33
-43
-1235
744
4389
915596
-197
111
-68
-1113
693
4226
916621
-83
48
35
-1177
559
3818
917646
23
-58
62
-1191
635
3675
910464
-103
-50
4
-1334
662
3735
911489
-22
-122
-18
-1239
462
3694
912514
293
-211
-14
-1294
624
3578
913539
505
-205
-136
-1058
845
4304
914564
212
22
-10
-1297
584
5083
915589
71
81
34
-1449
886
4598
916614
-33
125
-61
-1179
863
3983
917639
-104
184
-48
-1199
623
3888
918664
-24
134
-24
-1184
504
3941
919689
55
48
5
-1180
655
3909
920714
15
9
29
-1208
688
3873
921739
0
-29
36
-1233
721
3915
922764
3
-60
34
-1259
699
3921
923789
37
-73
24
-1290
705
4024
924814
58
-79
18
-1286
754
4118
925839
18
-56
12
-1294
685
4088
918656
27
-40
5
-1260
727
4147
919681
10
-11
11
-1250
724
4142
920706
-24
6
9
-1235
698
4051
921731
-8
2
4
-1220
714
4036
922756
-10
-5
6
-1209
740
4012
923781
-34
-5
5
-1215
674
3975
924806
9
-24
2
-1215
722
4055
925831
6
-26
4
-1218
750
4082
926856
-29
-6
3
-1234
654
4025
927881
23
-15
-4
-1226
730
4083
928906
12
-11
-1
-1234
742
4056
929931
-1
3
-4
-1237
700
4039
930956
8
7
-5
-1240
702
4082
931981
7
7
-5
-1242
687
4048
933006
18
6
-13
-1240
709
4078
934031
5
13
-20
-1207
724
4089
926848
-4
23
-23
-1212
717
4060
927873
7
30
-30
-1217
734
4082
928898
12
29
-34
-1236
752
4042
929923
7
26
-42
-1251
711
3983
930948
18
27
-43
-1268
729
4059
931973
11
30
-33
-1287
691
4020
932998
14
22
-26
-1286
662
3967
934023
29
9
-14
-1286
687
3998
935048
10
1
-6
-1277
662
3988
936073
4
-7
4
-1285
672
4014
937098
-4
-14
15
-1287
688
4009
938123
-20
-13
21
-1282
666
4047
939148
-10
-13
27
-1271
708
4065
940173
-12
-10
31
-1259
730
4049
941198
-14
-2
30
-1258
736
4070
942223
-9
4
26
-1249
741
4072
935040
-4
11
17
-1249
730
4059
936065
1
18
7
-1256
724
4062
937090
5
18
0
-1250
702
4032
938115
8
15
2
-1255
698
4026
939140
5
11
5
-1269
701
4015
940165
1
3
5
-1269
698
3999
941190
2
-2
1
-1279
692
4018
942215
9
-10
0
-1272
709
4036
943240
-2
-7
0
-1272
707
4041
944265
-5
-4
1
-1267
709
4042
945290
-6
2
3
-1276
717
4063
946315
-6
7
3
-1283
731
4033
947340
1
5
0
-1273
733
4016
948365
5
7
-1
-1266
743
4053
949390
2
8
-1
-1262
713
4017
950415
8
2
-1
-1264
686
3999
943232
9
-4
1
-1262
681
4017
944257
6
-8
6
-1272
675
4016
945282
-3
-9
10
-1282
664
4026
946307
-6
-15
13
-1275
684
3992
947332
-3
-19
23
-1286
679
3964
948357
0
-22
25
-1286
719
3969
949382
5
-12
19
-1272
757
4104
950407
10
10
22
-1298
770
4079
951432
8
28
4
-1265
763
4005
952457
15
52
-12
-1273
761
4068
953482
58
56
-19
-1286
728
4078
954507
48
39
-29
-1262
792
4054
955532
-38
43
-31
-1288
773
4031
956557
-148
9
-24
-1420
779
4195
957582
-328
50
-90
-1191
602
4366
958607
-162
21
71
-969
509
4071
951423
0
-110
235
-1392
1091
3953
952448
-443
-39
79
-1350
474
3305
953473
-73
-217
24
-1265
147
2917
954498
405
-457
-60
-1239
691
3361
955523
298
-372
-96
-1150
768
4460
956548
84
-124
-44
-1071
598
5680
957573
125
21
94
-1363
1012
5033
958598
20
105
42
-1363
1068
3820
959623
-155
186
-48
-1176
637
3720
960648
-89
186
-46
-1200
561
4131
961673
39
127
-31
-1180
646
4085
962698
74
85
-12
-1149
676
3842
963723
9
77
0
-1182
700
3859
964748
-48
68
7
-1260
589
3876
965773
37
-3
10
-1272
638
3942
966798
71
-38
24
-1271
719
4075
959616
18
-34
39
-1284
703
4092
960641
8
-30
38
-1287
681
4048
961666
27
-37
38
-1260
747
4082
962691
-20
-35
41
-1254
715
3989
963716
-6
-33
39
-1236
666
3954
964741
33
-39
36
-1227
807
4135
965766
-20
-7
30
-1244
753
4114
966791
-29
-1
18
-1245
740
4020
967816
-6
-3
9
-1245
779
4031
968841
-20
-2
4
-1238
768
4031
969866
-20
-2
-2
-1237
713
4020
970891
14
-11
-5
-1228
788
4112
971916
-19
7
-9
-1230
731
4071
972941
-7
8
-14
-1238
703
4026
973966
9
5
-14
-1237
715
4059
974991
-5
12
-13
-1240
661
4048
967809
6
7
-13
-1230
662
4034
968834
-7
3
-8
-1233
674
3989
969859
-24
-2
-4
-1261
623
3981
970884
1
-27
0
-1251
665
4022
971909
-2
-37
10
-1248
672
4004
972934
-7
-40
15
-1234
670
4001
973959
11
-40
19
-1258
772
4111
974984
-14
-28
19
-1270
777
4074
976009
-19
-23
7
-1258
732
4025
977034
5
-25
-4
-1240
751
4083
978059
-11
-16
-6
-1232
712
4061
979084
-7
-11
-3
-1226
690
4041
980109
4
-16
-1
-1213
727
4048
981134
-11
-12
-2
-1206
689
4012
982159
0
-19
-7
-1202
685
4057
983184
12
-28
-8
-1209
731
4073
976000
-17
-20
-11
-1220
692
4016
977025
-16
-23
-13
-1220
666
4026
978050
-3
-31
-14
-1217
685
4071
979075
-12
-31
-9
-1230
691
4028
980100
-25
-26
-1
-1236
669
4012
981125
-10
-33
7
-1237
686
4071
982150
-6
-36
10
-1215
687
4056
983175
-17
-34
10
-1205
671
4014
984200
-15
-34
12
-1201
681
4072
985225
2
-35
13
-1200
666
4139
986250
22
-34
14
-1187
687
4093
987275
-3
-14
12
-1193
707
4084
988300
-22
4
11
-1209
693
4108
989325
-12
8
12
-1219
699
4087
990350
-2
8
10
-1208
720
4061
991375
-2
14
10
-1208
714
4065
984257
7
11
8
-1190
714
4049
985282
2
11
5
-1188
693
4047
986307
-2
12
5
-1198
685
4053
987332
-2
8
6
-1192
690
4030
988357
-6
5
7
-1193
705
4025
989382
-7
-1
8
-1213
693
4024
990407
1
-14
4
-1223
700
4034
991432
-4
-18
-1
-1221
694
4022
992457
-7
-19
-1
-1214
673
4058
993482
-3
-18
6
-1207
674
4099
994507
0
-17
12
-1201
680
4061
995532
-3
-12
15
-1202
704
4078
996557
-13
0
17
-1211
685
4084
997582
-4
0
14
-1205
701
4074
998607
-4
3
11
-1190
705
4066
999632
-4
9
9
-1192
703
4046
992384
5
6
3
-1191
712
4004
993409
7
2
-8
-1185
694
4005
994434
20
6
-13
-1201
735
4179
995459
4
17
-11
-1214
721
4125
996484
6
20
-15
-1207
703
4044
997509
2
14
-20
-1208
728
4015
998534
-70
3
-22
-1270
818
3955
999559
-214
37
-63
-1228
745
4170
1000584
-148
52
-24
-1074
352
3914
1001609
228
-112
89
-1173
585
3858
1002634
23
-95
-5
-1296
923
4199
1003659
-141
-48
-57
-1287
433
3755
1004684
225
-159
-93
-1213
604
3694
1005709
202
-71
-86
-941
763
4878
1006734
-78
174
91
-1412
595
4821
1007759
5
120
50
-1402
943
3941
1000577
-67
101
-31
-1079
824
3707
1001602
-106
121
-17
-1148
575
3870
1002627
74
17
-16
-1147
703
3933
1003652
99
-39
-20
-1132
813
3945
1004677
19
-41
-9
-1194
691
3934
1005702
14
-52
-2
-1266
585
3978
1006727
86
-86
4
-1283
663
4093
1007752
66
-79
11
-1278
683
4137
1008777
40
-48
13
-1266
650
4115
1009802
46
-31
19
-1240
732
4148
1010827
2
5
27
-1222
701
4114
1011852
-7
15
26
-1183
675
4055
1012877
22
15
29
-1151
790
4098
1013902
-24
39
26
-1171
746
4028
1014927
-10
27
12
-1187
707
3991
1015952
26
3
-1
-1186
744
4050
1008769
11
-1
-4
-1200
696
4054
1009794
-1
0
-2
-1220
671
4004
1010819
-1
-12
2
-1232
715
3996
1011844
4
-22
2
-1214
722
4044
1012869
-7
-24
8
-1234
716
4018
1013894
11
-32
5
-1239
748
4046
1014919
-6
-29
0
-1229
727
4062
1015944
-4
-23
-2
-1215
696
4087
1016969
12
-18
4
-1198
756
4113
1017994
-14
6
11
-1213
723
4069
1019019
-9
13
9
-1214
742
4069
1020044
-4
15
6
-1205
750
4060
1021069
-1
14
3
-1203
715
4025
1022094
3
8
3
-1203
696
4028
1023119
-2
4
2
-1208
682
4025
1024144
-2
-2
8
-1201
671
4048
1016959
-1
-4
18
-1206
656
4057
1017984
4
-9
24
-1224
655
4034
1019009
5
-11
21
-1214
713
4059
1020034
-23
-2
29
-1220
718
4038
1021059
-21
-5
32
-1235
719
4032
1022084
-2
-15
28
-1218
761
4053
1023109
-11
-13
27
-1213
743
4009
1024134
-1
-17
26
-1213
774
4018
1025159
-2
-22
29
-1202
797
4010
1026184
-26
-28
17
-1226
839
3974
1027209
-24
-38
-6
-1195
766
4030
1028234
4
-64
-33
-1164
741
4014
1029259
11
-71
-51
-1125
720
4077
1030284
6
-61
-42
-1127
690
4138
1031309
9
-49
-30
-1149
658
4132
1032334
15
-32
-24
-1158
705
4176
1025153
-2
-5
-15
-1194
700
4139
1026178
-5
13
-10
-1212
730
4103
1027203
-6
24
-7
-1210
735
4072
1028228
9
21
-12
-1182
725
4044
1029253
23
12
-15
-1162
757
4039
1030278
-1
15
-16
-1172
719
4028
1031303
-2
12
-16
-1189
706
4040
1032328
-4
9
-10
-1191
684
4027
1033353
4
0
-2
-1186
691
4018
1034378
3
-7
8
-1192
715
4033
1035403
-5
-13
13
-1189
718
4041
1036428
-1
-16
14
-1199
731
4072
1037453
1
-13
13
-1208
737
4073
1038478
0
-11
5
-1202
751
4079
1039503
-12
-1
-1
-1199
714
4073
1040528
-6
2
-6
-1186
705
4077
1033344
-4
6
-5
-1180
710
4061
1034369
-9
9
0
-1187
715
4022
1035394
-42
8
6
-1204
738
4012
1036419
-64
25
-10
-1180
695
4108
1037444
-27
41
15
-1204
638
4106
1038469
-26
10
39
-1277
746
4006
1039494
-159
12
4
-1294
760
4030
1040519
-205
2
-28
-1088
583
4008
1041544
38
-82
56
-1010
558
4163
1042569
-132
-29
63
-1339
852
4337
1043594
-212
16
-5
-1223
363
3780
1044619
223
-102
-39
-1285
537
3407
1045644
348
-85
-207
-1038
941
4230
1046669
-79
142
-105
-893
777
5416
1047694
-141
264
122
-1487
610
4422
1048719
94
130
55
-1316
828
3506
1041536
-46
140
-23
-1145
682
3673
1042561
-70
115
-7
-1249
596
3946
1043586
55
13
10
-1202
637
3964
1044611
90
-53
33
-1208
724
3916
1045636
38
-71
33
-1231
730
3946
1046661
45
-79
26
-1248
673
4030
1047686
123
-98
29
-1270
687
4075
1048711
128
-99
19
-1246
733
4074
1049736
96
-60
10
-1231
777
4153
1050761
42
-17
6
-1227
768
4178
1051786
-8
21
0
-1208
721
4120
1052811
13
35
-7
-1197
723
4080
1053836
39
39
-12
-1192
779
4061
1054861
6
51
-21
-1191
739
4019
1055886
7
48
-25
-1212
714
4025
1056911
29
29
-26
-1225
774
3994
1049728
-12
31
-25
-1249
721
3980
1050753
-6
21
-21
-1276
681
3990
1051778
26
-5
-14
-1258
739
4011
1052803
-17
0
0
-1270
694
3968
1053828
-1
-15
11
-1267
674
3998
1054853
13
-27
20
-1254
757
4055
1055878
-28
-9
29
-1260
694
4053
1056903
-4
-16
37
-1252
700
4039
1057928
8
-24
33
-1239
768
4035
1058953
-19
-8
24
-1226
744
4082
1059978
-18
-7
20
-1220
736
4043
1061003
-10
-10
16
-1215
749
4031
1062028
-18
-6
15
-1217
767
4063
1063053
-25
-6
12
-1223
729
4011
1064078
2
-17
7
-1211
763
4052
1065103
-5
-9
6
-1232
748
4081
1058052
-6
-4
1
-1233
708
4042
1059077
19
-5
-4
-1215
751
4088
1060102
2
5
-6
-1221
730
4063
1061127
-10
9
-7
-1237
681
4031
1062152
13
3
-5
-1245
728
4060
1063177
1
4
1
-1243
726
4020
1064202
-6
3
6
-1237
705
4018
1065227
3
-4
13
-1238
737
4036
1066252
-5
-6
14
-1243
729
4020
1067277
-7
-10
14
-1241
724
4018
1068302
-13
-9
17
-1244
726
4060
1069327
-21
-6
20
-1238
703
4046
1070352
-14
-8
21
-1238
708
4026
1071377
-8
-15
23
-1226
728
4028
1072402
-11
-14
26
-1229
725
4048
1073427
-7
-16
27
-1216
734
4058
1066112
-8
-11
25
-1217
749
4070
1067137
-16
-7
19
-1228
731
4052
1068162
-7
-7
10
-1227
750
4072
1069187
-11
-4
5
-1220
740
4060
1070212
-11
-3
3
-1227
729
4042
1071237
-7
-4
2
-1227
720
4039
1072262
-5
-8
2
-1229
718
4045
1073287
-8
-9
3
-1234
708
4033
1074312
-5
-11
7
-1232
707
4036
1075337
-6
-12
9
-1232
721
4054
1076362
-7
-11
12
-1221
714
4054
1077387
3
-12
14
-1228
721
4047
1078412
0
-13
8
-1215
725
4061
1079437
-12
-10
3
-1209
727
4048
1080462
-19
-7
3
-1216
720
4045
1081487
-17
-9
3
-1216
717
4043
1074314
-13
-11
3
-1220
719
4048
1075339
-10
-9
9
-1227
728
4065
1076364
12
-16
7
-1207
825
4112
1077389
-11
4
-14
-1220
770
4051
1078414
-3
10
-28
-1198
780
4108
1079439
0
22
-34
-1238
677
4070
1080464
17
11
-42
-1192
713
4045
1081489
12
28
-33
-1239
671
3994
1082514
16
23
-41
-1207
683
4027
1083539
-3
44
-32
-1259
640
4091
1084564
2
37
-23
-1276
675
4022
1085589
-22
45
-21
-1316
716
4037
1086614
-86
41
-51
-1393
881
4167
1087639
-197
91
-89
-1089
695
4418
1088664
-160
101
116
-1125
510
3841
1089689
80
-42
167
-1278
625
3673
1082496
-173
-47
0
-1351
795
3763
1083521
-78
-106
-59
-1244
465
3731
1084546
407
-259
-58
-1242
688
3743
1085571
358
-187
-118
-1069
988
4578
1086596
-43
100
-33
-1231
654
5039
1087621
7
143
25
-1496
794
4161
1088646
4
83
-46
-1186
856
3680
1089671
-82
120
-38
-1188
556
3848
1090696
20
48
-13
-1209
608
3978
1091721
48
-11
14
-1190
689
3943
1092746
-6
-39
39
-1231
691
3901
1093771
-5
-67
45
-1250
706
3948
1094796
17
-89
48
-1269
748
4015
1095821
23
-94
33
-1252
749
4062
1096846
60
-83
21
-1263
799
4147
1097871
15
-50
5
-1267
770
4125
1090688
-25
-22
-7
-1252
673
4073
1091713
4
-15
-3
-1237
673
4093
1092738
3
-14
8
-1221
685
4039
1093763
-17
-5
16
-1203
660
4015
1094788
-6
3
28
-1217
727
4088
1095813
-11
7
35
-1211
761
4072
1096838
-13
4
34
-1223
746
3998
1097863
18
-14
21
-1212
821
4007
1098888
-2
-15
7
-1202
808
4019
1099913
-17
-19
-5
-1197
732
4004
1100938
12
-30
-14
-1196
762
4079
1101963
2
-21
-15
-1217
757
4099
1102988
-24
-5
-17
-1235
688
4055
1104013
-5
-3
-13
-1236
676
4076
1105038
2
-4
-8
-1216
708
4062
1106063
-14
9
-2
-1220
663
4044
1098880
9
2
5
-1207
721
4080
1099905
-4
8
10
-1217
712
4034
1100930
7
4
7
-1218
729
4020
1101955
9
-3
4
-1218
742
4017
1102980
8
-10
2
-1223
740
4035
1104005
-2
-7
4
-1231
725
4070
1105030
5
-4
6
-1236
708
4063
1106055
10
-7
4
-1205
753
4053
1107080
-9
3
6
-1214
724
4037
1108105
-2
3
5
-1214
742
4075
1109130
-5
7
2
-1218
764
4067
1110155
-14
14
1
-1226
733
4019
1111180
4
6
-4
-1227
746
4039
1112205
8
2
-5
-1222
738
4039
1113230
3
0
-7
-1217
711
4027
1114255
5
-1
-5
-1218
703
4048
1107072
6
-2
-1
-1217
685
4044
1108097
10
-4
2
-1235
716
4053
1109122
-3
-2
2
-1247
716
4039
1110147
-13
-5
3
-1235
703
4012
1111172
-1
-5
6
-1224
727
4054
1112197
0
-5
14
-1220
769
4069
1113222
-8
1
14
-1231
739
4026
1114247
7
0
9
-1231
774
4063
1115272
1
3
2
-1214
762
4041
1116297
2
5
-5
-1203
732
4038
1117322
16
5
-6
-1215
757
4093
1118347
4
7
-7
-1221
736
4026
1119372
5
7
-12
-1220
718
4040
1120397
7
7
-9
-1241
737
4051
1121422
-3
8
-8
-1254
716
4009
1122447
-2
4
-6
-1241
728
4016
1115265
-2
3
2
-1239
719
4051
1116290
-3
2
9
-1236
710
4032
1117315
4
2
11
-1227
732
4041
1118340
2
6
11
-1242
749
4062
1119365
1
7
6
-1246
748
4037
1120390
-2
7
1
-1237
728
4028
1121415
0
5
0
-1240
713
4038
1122440
-1
2
1
-1238
713
4030
1123465
-4
2
8
-1238
712
4029
1124490
0
-2
10
-1233
726
4033
1125515
1
-2
10
-1232
745
4041
1126540
2
-4
4
-1240
753
4045
1127565
13
-5
-4
-1235
744
4071
1128590
18
-1
-10
-1227
757
4083
1129615
4
14
-13
-1235
748
4064
1130640
6
19
-15
-1248
726
4024
1123456
19
14
-15
-1247
727
4023
1124481
16
11
-10
-1249
713
4018
1125506
20
4
-5
-1253
716
4014
1126531
16
1
-1
-1250
725
4024
1127556
4
6
6
-1269
721
4022
1128581
-20
-2
10
-1283
712
4002
1129606
-93
-10
15
-1378
850
4012
1130631
-270
56
-40
-1259
740
4230
1131656
-130
49
60
-919
594
4087
1132681
69
-52
229
-1314
953
3938
1133706
-483
80
70
-1346
551
3709
1134731
-152
8
40
-1345
261
3579
1135756
416
-220
30
-1286
713
3738
1136781
335
-184
2
-1230
674
4043
1137806
132
-23
-39
-1168
799
4968
1138831
86
113
-4
-1186
1064
5105
1131649
-13
202
6
-1373
941
4042
1132674
-54
170
-72
-1185
843
3602
1133699
-66
134
-85
-1137
663
3669
1134724
28
52
-54
-1168
581
3866
1135749
53
-23
-11
-1200
625
3933
1136774
19
-70
29
-1265
664
3850
1137799
20
-106
42
-1301
663
3842
1138824
39
-123
50
-1331
687
4002
1139849
54
-123
53
-1346
690
4128
1140874
102
-105
47
-1325
790
4198
1141899
64
-58
36
-1291
831
4191
1142924
11
1
21
-1252
795
4154
1143949
17
29
11
-1200
838
4109
1144974
5
49
1
-1178
812
4040
1145999
7
50
-6
-1188
822
4004
1147024
-13
40
-12
-1196
791
3936
1139841
-2
18
-18
-1229
759
3918
1140866
17
-10
-18
-1256
786
3982
1141891
-2
-18
-14
-1270
740
3985
1142916
1
-30
-8
-1268
713
3972
1143941
21
-39
-3
-1273
777
4059
1144966
-11
-20
5
-1276
756
4096
1145991
-28
-8
10
-1272
692
3993
1147016
21
-18
3
-1258
768
4031
1148041
5
-10
-3
-1233
805
4086
1149066
-27
3
1
-1233
719
4004
1150091
-3
-12
4
-1206
746
3998
1151116
0
-15
8
-1211
784
4037
1152141
-17
-11
11
-1234
759
4008
1153166
-7
-14
12
-1249
754
4017
1154191
19
-26
6
-1242
834
4046
1155216
-9
-19
-3
-1239
770
4021
1148033
-1
-15
-5
-1241
763
4060
1149058
3
-11
-8
-1237
779
4058
1150083
-9
-3
-11
-1227
741
4024
1151108
-5
0
-7
-1223
762
4055
1152133
-12
1
-4
-1235
751
4015
1153158
-6
-4
-3
-1240
750
3997
1154183
1
-13
0
-1232
761
4011
1155208
-6
-15
4
-1231
736
4008
1156233
3
-17
7
-1229
767
4059
1157258
0
-15
9
-1231
775
4054
1158283
-5
-11
6
-1235
749
4029
1159308
4
-8
2
-1236
765
4055
1160333
3
-7
0
-1239
780
4054
1161358
-2
-4
-3
-1233
757
4027
1162383
-4
0
-3
-1227
766
4049
1163408
-6
5
0
-1232
736
4036
1156223
9
-4
2
-1218
775
4015
1157248
-8
-1
6
-1230
755
4005
1158273
-5
-6
3
-1243
736
4031
1159298
7
-15
0
-1233
780
4033
1160323
-12
-7
4
-1240
746
4021
1161348
-2
-6
9
-1244
761
4067
1162373
-3
-5
12
-1238
768
4037
1163398
-3
-2
11
-1238
753
4031
1164423
-2
-4
11
-1224
760
4048
1165448
-1
-3
9
-1214
749
4033
1166473
3
-5
7
-1225
763
4019
1167498
-1
-5
-1
-1230
758
4040
1168523
-7
-5
-4
-1220
757
4035
1169548
-8
-1
-1
-1234
742
4037
1170573
-1
-2
3
-1236
768
4047
1171598
-1
1
4
-1228
782
4048
1164416
-1
7
3
-1243
779
4031
1165441
8
4
-3
-1233
769
4040
1166466
8
4
-5
-1218
755
4035
1167491
9
5
-5
-1226
755
4030
1168516
10
4
-7
-1233
753
4036
1169541
4
6
-3
-1240
737
4038
1170566
3
3
2
-1241
725
4036
1171591
0
4
7
-1243
740
4025
1172616
0
1
13
-1250
751
4007
1173641
1
-2
17
-1242
769
4010
1174666
-2
0
23
-1247
765
4037
1175691
2
-3
23
-1246
755
4011
1176716
21
-11
18
-1243
804
4037
1177741
-15
-12
9
-1268
861
4091
1178766
-140
17
-16
-1356
739
4310
1179791
-207
123
-77
-1123
459
4268
1172608
97
42
73
-968
669
4090
1173633
55
-46
140
-1410
1097
3691
1174658
-324
-11
22
-1222
431
3248
1175683
81
-182
65
-1314
461
3205
1176708
479
-324
-9
-1245
816
3643
1177733
506
-205
-58
-1114
1004
4931
1178758
248
14
9
-1208
1131
5559
1179783
14
143
40
-1457
1245
4321
1180808
-160
185
-66
-1228
1002
3520
1181833
-157
193
-91
-1118
646
3736
1182858
40
113
-68
-1108
660
4056
1183883
102
48
-39
-1116
783
3933
1184908
23
39
-24
-1173
799
3856
1185933
-45
32
-8
-1277
711
3867
1186958
-14
-20
-1
-1332
680
3916
1187983
36
-77
8
-1306
771
4032
1180800
5
-78
29
-1320
800
4032
1181825
-27
-71
37
-1315
749
3978
1182850
7
-64
39
-1285
805
4037
1183875
-8
-42
46
-1244
848
4100
1184900
-37
-6
48
-1229
781
4083
1185925
10
-1
40
-1202
887
4090
1186950
-18
22
29
-1196
880
4040
1187975
-30
33
19
-1211
825
3990
1189000
-10
17
9
-1206
841
3981
1190025
-2
1
7
-1220
841
3963
1191050
-15
-9
3
-1240
800
3971
1192075
5
-27
-1
-1241
840
3994
1193100
-13
-22
-4
-1241
812
4030
1194125
-10
-18
-3
-1258
795
4059
1195150
-2
-17
-4
-1252
831
4047
1196175
-23
-2
-8
-1256
796
4046
1188992
-8
2
-7
-1241
752
4065
1190017
7
-2
1
-1229
793
4015
1191042
-14
4
1
-1207
781
3986
1192067
-6
3
9
-1221
784
4027
1193092
4
-11
9
-1216
820
4000
1194117
-11
-12
7
-1219
796
3988
1195142
2
-15
6
-1233
816
4040
1196167
2
-18
5
-1236
813
4018
1197192
-7
-14
2
-1242
793
4011
1198217
0
-11
4
-1249
821
4077
1199242
-14
-1
4
-1255
806
4021
1200267
-7
-1
0
-1235
815
4010
1201292
-4
-1
4
-1234
813
4010
1202317
-9
-4
4
-1237
800
4012
1203342
-8
-7
5
-1239
785
4003
1204367
-1
-13
2
-1258
773
4011
1197215
1
-19
-3
-1252
777
4045
1198240
-3
-12
-4
-1237
775
4054
1199265
-6
-3
4
-1214
787
4046
1200290
-14
9
16
-1223
814
4056
1201315
-22
15
21
-1229
827
4006
1202340
-13
8
17
-1219
822
3985
1203365
4
-4
12
-1214
834
4019
1204390
-8
-7
11
-1196
799
3992
1205415
-2
-11
11
-1195
784
4015
1206440
8
-20
10
-1199
807
4032
1207465
-7
-15
6
-1203
789
4026
1208490
-1
-13
11
-1208
812
4049
1209515
-5
-11
10
-1233
811
4024
1210540
-5
-9
2
-1239
824
4032
1211565
-6
-6
2
-1257
816
4027
1212590
5
-7
0
-1236
802
4043
1205375
5
-4
0
-1227
809
4062
1206400
1
5
0
-1226
788
4049
1207425
8
10
-1
-1230
805
4041
1208450
0
19
-2
-1225
802
4037
1209475
3
16
-4
-1223
813
4011
1210500
2
13
-6
-1223
812
3998
1211525
3
8
-7
-1221
801
3999
1212550
11
1
-8
-1217
816
4014
1213575
6
1
-7
-1231
798
4030
1214600
10
-1
-5
-1235
780
4027
1215625
12
-1
-4
-1245
792
4033
1216650
3
7
2
-1254
782
4046
1217675
3
10
4
-1247
800
4022
1218700
3
13
4
-1244
802
4025
1219725
3
14
6
-1240
798
4015
1220750
10
8
8
-1239
794
4001
1213568
29
2
10
-1239
786
3984
1214593
44
-4
12
-1220
814
4011
1215618
25
10
9
-1228
847
4063
1216643
17
24
-1
-1269
817
4006
1217668
30
24
-20
-1260
829
4037
1218693
22
27
-27
-1273
878
4063
1219718
-37
22
-25
-1338
898
4066
1220743
-171
34
-80
-1291
880
4198
1221768
-263
166
-66
-1082
472
4110
1222793
9
29
140
-1152
864
3964
1223818
-174
-16
107
-1332
1068
4016
1224843
-459
89
11
-1352
363
3611
1225868
25
-123
39
-1353
524
3288
1226893
361
-291
-19
-1221
769
3470
1227918
349
-224
-73
-1157
888
4360
1228943
119
-21
-49
-1130
858
5395
1221760
31
113
48
-1458
1095
4701
1222785
-53
145
-28
-1325
1064
3675
1223810
-144
177
-73
-1196
721
3621
1224835
-57
123
-58
-1201
583
3900
1225860
79
36
-26
-1187
691
3964
1226885
49
12
0
-1224
749
3895
1227910
-14
4
15
-1286
721
3862
1228935
1
-24
21
-1332
750
3955
1229960
29
-48
26
-1327
813
4063
1230985
27
-51
26
-1323
773
4035
1232010
63
-52
16
-1299
843
4073
1233035
-1
-18
9
-1285
833
4105
1234060
-40
3
11
-1289
737
4005
1235085
8
-12
8
-1248
778
3990
1236110
1
-7
15
-1221
820
4035
1237135
-30
10
24
-1247
761
3990
1229952
-3
-6
25
-1262
800
3981
1230977
11
-14
25
-1272
857
4013
1232002
-11
-9
24
-1281
815
4010
1233027
8
-14
18
-1281
813
3999
1234052
13
-20
12
-1265
857
4024
1235077
-14
-4
6
-1261
771
4023
1236102
17
-10
-1
-1260
817
4041
1237127
6
-6
-11
-1246
813
4024
1238152
-9
1
-14
-1247
777
4018
1239177
-5
1
-11
-1256
794
4033
1240202
-10
0
-8
-1271
795
3993
1241227
-8
-2
-3
-1273
803
3995
1242252
-7
0
5
-1285
796
4018
1243277
8
-8
6
-1274
807
3997
1244302
8
-13
7
-1251
804
3992
1245327
1
-6
9
-1263
791
4043
1238145
1
-7
10
-1263
790
4011
1239170
-11
-7
11
-1263
774
4006
1240195
-8
-5
17
-1282
782
4039
1241220
-12
-6
17
-1271
794
4021
1242245
-21
-3
22
-1276
795
3991
1243270
-20
-5
31
-1276
782
3989
1244295
-10
-11
34
-1255
801
4025
1245320
-7
-13
35
-1244
822
4000
1246345
-8
-13
30
-1245
807
4011
1247370
2
-12
23
-1252
844
4075
1248395
-7
-4
15
-1256
816
4018
1249420
-1
-5
5
-1252
791
4019
1250445
7
-3
3
-1249
807
4067
1251470
-9
4
1
-1262
774
4013
1252495
-8
7
0
-1266
768
4011
1253520
-1
3
5
-1272
794
4025
1246335
-11
1
9
-1273
784
3977
1247360
-6
-4
12
-1277
799
4002
1248385
-8
-6
15
-1267
796
4019
1249410
-1
-9
11
-1249
816
4019
1250435
1
-6
9
-1247
818
4030
1251460
0
-2
6
-1247
806
4039
1252485
10
2
-1
-1249
808
4044
1253510
7
7
-4
-1244
815
4051
1254535
-3
16
-4
-1256
783
4024
1255560
4
13
-4
-1276
794
4005
1256585
3
7
-5
-1280
795
3975
1257610
-3
1
-8
-1271
773
3998
1258635
4
-8
-1
-1271
769
4003
1259660
-4
-9
8
-1266
780
4009
1260685
-5
-6
17
-1274
801
4021
1261710
-4
-4
21
-1271
804
4018
1254528
6
-5
19
-1260
819
4016
1255553
8
-1
12
-1234
846
4061
1256578
0
8
7
-1238
819
4044
1257603
9
5
-3
-1241
814
4021
1258628
4
8
-12
-1242
809
4035
1259653
0
14
-16
-1267
795
4029
1260678
-1
13
-16
-1274
782
3994
1261703
-2
12
-10
-1285
789
4000
1262728
-3
13
-5
-1300
770
3997
1263753
4
3
-2
-1285
793
3980
1264778
7
2
3
-1280
785
4000
1265803
8
-3
4
-1278
797
4021
1266828
0
0
5
-1273
790
4020
1267853
4
0
8
-1277
793
4027
1268878
4
-1
6
-1272
789
4007
1269903
10
-6
7
-1275
803
3993
1262720
8
-9
4
-1271
816
3999
1263745
3
-7
2
-1263
815
4010
1264770
1
-5
3
-1278
817
4016
1265795
3
-3
0
-1290
800
4002
1266820
16
-5
-5
-1283
809
4020
1267845
4
-1
-7
-1271
804
4022
1268870
-1
4
-4
-1279
788
4000
1269895
-1
1
2
-1276
805
3989
1270920
-3
-1
8
-1289
787
3969
1271945
5
-15
11
-1284
793
3973
1272970
1
-18
15
-1282
791
4021
1273995
11
-18
18
-1285
809
4043
1275020
-7
-14
19
-1262
838
4051
1276045
-69
-8
14
-1373
888
4160
1277070
-209
68
-74
-1245
766
4386
1278095
-167
125
-1
-1147
529
3840
1270913
170
-105
107
-1242
933
3601
1271938
-149
-78
3
-1294
982
3802
1272963
-180
-28
13
-1321
326
3640
1273988
255
-245
60
-1359
721
3586
1275013
304
-253
-12
-1177
1008
4185
1276038
61
3
-17
-1187
852
5152
1277063
74
141
21
-1477
1072
4671
1278088
21
133
-67
-1208
1064
3761
1279113
-64
178
-78
-1134
711
3685
1280138
14
132
-69
-1174
669
3996
1281163
46
69
-43
-1197
710
3968
1282188
20
26
-6
-1240
709
3815
1283213
5
-12
19
-1294
745
3813
1284238
1
-41
30
-1341
783
3957
1285263
3
-62
43
-1354
799
4014
1286288
37
-76
38
-1350
851
4029
1279105
33
-59
25
-1316
922
4112
1280130
-34
-7
16
-1320
817
4105
1281155
-5
0
1
-1281
822
4095
1282180
17
4
-4
-1229
873
4069
1283205
-28
26
-7
-1217
810
3986
1284230
-4
15
-9
-1214
815
3969
1285255
-4
7
-3
-1238
839
3978
1286280
-28
7
1
-1288
783
3958
1287305
9
-20
-2
-1298
824
3962
1288330
-1
-21
-4
-1305
816
3989
1289355
8
-26
-6
-1301
846
4010
1290380
0
-16
-6
-1285
827
4035
1291405
-10
-2
1
-1286
801
4038
1292430
-8
6
1
-1281
788
4016
1293455
-11
9
8
-1284
789
4001
1294480
-13
11
12
-1279
793
4000
1287296
-3
4
18
-1264
810
4018
1288321
-10
2
20
-1259
801
3973
1289346
6
-7
14
-1268
854
3995
1290371
-8
-5
7
-1273
848
3998
1291396
-16
-3
4
-1280
823
4012
1292421
0
-7
0
-1289
840
4012
1293446
-8
-7
-5
-1287
822
3993
1294471
-5
-2
-7
-1292
800
4036
1295496
2
-2
-5
-1271
799
4029
1296521
-7
4
-1
-1270
785
4004
1297546
-4
4
6
-1279
798
3996
1298571
-5
2
9
-1295
801
3990
1299596
2
-7
7
-1287
818
4005
1300621
5
-9
5
-1279
813
4008
1301646
2
-6
6
-1282
817
4008
1302671
-3
-1
5
-1283
814
4017
1295491
-5
-2
5
-1278
814
4002
1296516
-10
1
3
-1275
805
4004
1297541
-1
-3
3
-1275
820
4020
1298566
-1
-2
3
-1274
805
4004
1299591
5
-1
2
-1278
815
4009
1300616
5
2
2
-1278
816
4031
1301641
1
6
5
-1283
807
4026
1302666
-1
9
8
-1295
813
3988
1303691
-1
8
6
-1291
812
3975
1304716
4
1
5
-1287
817
3990
1305741
-1
-6
7
-1284
817
3986
1306766
-6
-6
8
-1283
805
3977
1307791
-4
-11
9
-1279
810
4000
1308816
-8
-11
10
-1282
800
3994
1309841
-8
-14
12
-1291
814
3985
1310866
-13
-14
17
-1285
794
4000
1303681
-10
-12
23
-1290
806
4037
1304706
-10
-10
27
-1283
815
4001
1305731
-10
-10
29
-1279
822
3999
1306756
-7
-13
25
-1263
832
3994
1307781
-10
-13
18
-1243
814
4010
1308806
-7
-15
16
-1265
802
4006
1309831
-8
-17
9
-1277
809
4019
1310856
-17
-12
6
-1286
805
4017
1311881
-16
-12
10
-1289
809
4008
1312906
-25
-10
15
-1281
796
3998
1313931
-26
-8
16
-1282
803
3987
1314956
-20
-11
15
-1278
807
4004
1315981
-14
-15
16
-1269
817
4012
1317006
-16
-16
14
-1269
787
4020
1318031
-7
-19
9
-1273
790
4022
1319056
-4
-19
4
-1264
799
4041
1311872
-11
-12
2
-1250
797
4034
1312897
10
-6
6
-1264
801
3992
1313922
7
-7
3
-1250
818
4023
1314947
-8
7
-2
-1267
781
4003
1315972
11
1
-5
-1250
852
4078
1316997
1
11
0
-1257
844
4082
1318022
-9
18
3
-1274
834
4018
1319047
-6
12
-3
-1276
821
3965
1320072
1
1
-10
-1277
804
3971
1321097
3
-13
-9
-1263
802
3986
1322122
-5
-16
-2
-1272
782
3966
1323147
-3
-24
7
-1272
769
3987
1324172
2
-28
12
-1277
779
3998
1325197
9
-26
17
-1282
802
4047
1326222
1
-19
18
-1266
811
4077
1327247
0
-8
18
-1263
794
4034
1320064
8
-5
13
-1235
838
4062
1321089
-13
12
9
-1242
826
4038
1322114
-11
8
1
-1258
823
3993
1323139
-20
0
-6
-1275
863
4025
1324164
-75
9
-18
-1364
831
4135
1325189
-213
101
-72
-1218
731
4259
1326214
-73
51
17
-1136
675
3723
1327239
62
-91
84
-1234
957
3837
1328264
-356
23
2
-1347
746
4035
1329289
-104
-27
-2
-1361
498
3758
1330314
219
-199
-8
-1271
791
3674
1331339
139
-148
-52
-1206
803
4069
1332364
-12
12
-47
-1236
682
4696
1333389
77
73
17
-1383
929
4481
1334414
51
91
-22
-1299
955
3872
1335439
6
105
-50
-1204
747
3814
1328256
41
67
-46
-1214
693
3954
1329281
82
8
-29
-1197
715
3916
1330306
59
-11
-6
-1229
767
3962
1331331
-12
1
9
-1294
704
4000
1332356
9
-19
17
-1334
719
3991
1333381
34
-37
21
-1317
818
4058
1334406
-11
-17
26
-1324
770
4056
1335431
5
-15
22
-1314
803
4063
1336456
15
-8
20
-1282
855
4066
1337481
-20
10
17
-1259
817
3985
1338506
-7
1
9
-1247
800
3954
1339531
12
-8
3
-1241
829
4013
1340556
-6
-4
2
-1258
800
3998
1341581
-4
-9
0
-1275
756
3990
1342606
20
-19
-3
-1274
804
4027
1343631
3
-10
0
-1291
816
4037
1336447
-15
3
-3
-1298
752
3997
1337472
30
-9
-7
-1277
855
4053
1338497
-7
15
-8
-1274
815
4037
1339522
-7
20
-10
-1283
785
4003
1340547
5
10
-10
-1268
803
3988
1341572
-11
9
-9
-1268
747
3956
1342597
16
-9
-5
-1274
797
4001
1343622
3
-8
4
-1283
780
4004
1344647
-3
-7
10
-1281
774
3990
1345672
-4
-7
13
-1288
785
4018
1346697
5
-9
16
-1294
813
4026
1347722
-1
-6
12
-1286
815
4013
1348747
-6
2
8
-1301
800
4021
1349772
-2
-7
-1
-1275
786
3984
1350797
-1
-7
-5
-1255
797
4006
1351822
-4
-3
3
-1267
803
4037
1344640
-9
-1
7
-1275
792
3985
1345665
2
-4
8
-1282
826
4007
1346690
-11
-3
8
-1295
811
4000
1347715
-4
-5
0
-1277
782
3988
1348740
18
-15
-3
-1267
802
4034
1349765
4
-7
0
-1274
773
4032
1350790
1
-5
0
-1283
760
4012
1351815
9
-2
2
-1274
808
4049
1352840
-9
13
4
-1286
802
4008
1353865
-14
12
3
-1288
791
3972
1354890
0
3
2
-1288
818
3985
1355915
1
-6
4
-1284
812
3975
1356940
-2
-13
4
-1261
787
3977
1357965
8
-13
5
-1274
811
4049
1358990
-1
-8
2
-1287
802
4039
1360015
-1
-2
-1
-1290
795
4002
1352832
-2
-2
-1
-1286
797
4013
1353857
-5
2
-2
-1292
775
4009
1354882
1
-3
0
-1273
785
3989
1355907
3
-5
1
-1269
788
3998
1356932
5
-8
4
-1274
812
4029
1357957
-10
-5
7
-1284
783
3978
1358982
3
-12
6
-1289
820
4006
1360007
3
-13
4
-1288
812
3999
1361032
-1
-12
-1
-1280
793
4006
1362057
1
-11
1
-1275
795
4029
1363082
-5
-5
2
-1270
777
4023
1364107
-3
-1
5
-1271
789
4013
1365132
-9
-1
8
-1276
800
3983
1366157
-10
-4
7
-1278
798
3994
1367182
2
-12
7
-1289
816
3988
1368207
1
-17
1
-1283
792
3984
1361023
-1
-19
-5
-1276
793
4012
1362048
-4
-17
-3
-1266
780
4027
1363073
-6
-13
5
-1277
773
4027
1364098
-10
-10
12
-1276
788
4032
1365123
-6
-4
13
-1279
791
4037
1366148
-2
-2
11
-1271
822
4023
1367173
-15
6
11
-1265
812
4003
1368198
-8
2
9
-1270
802
3984
1369223
6
-6
3
-1266
802
3999
1370248
1
-6
2
-1269
781
4023
1371273
-1
-6
4
-1266
763
4016
1372298
5
-2
8
-1278
771
4029
1373323
1
2
10
-1287
785
4034
1374348
-3
7
10
-1280
798
4023
1375373
-8
13
12
-1287
798
4010
1376398
0
8
10
-1274
817
3999
1369216
-5
7
6
-1273
811
3993
1370241
1
1
3
-1276
798
4001
1371266
2
-1
0
-1272
787
3981
1372291
7
-3
0
-1282
781
4002
1373316
8
-3
4
-1279
793
4029
1374341
1
2
8
-1290
772
4014
1375366
7
3
11
-1294
768
3998
1376391
14
-2
12
-1279
808
4014
1377416
-4
2
12
-1276
800
4010
1378441
-7
3
16
-1286
800
4019
1379466
-29
-6
12
-1297
881
4020
1380491
-30
12
-15
-1253
720
3998
1381516
-9
6
16
-1341
942
4119
1382541
-259
84
-13
-1322
730
4097
1383566
-105
21
22
-1122
679
3881
1384591
57
-77
100
-1261
916
3939
1377408
-361
19
14
-1361
674
3991
1378433
-178
-31
29
-1353
403
3640
1379458
230
-225
32
-1302
716
3661
1380483
242
-210
-63
-1209
856
4050
1381508
53
-30
-93
-1118
867
4809
1382533
-55
151
16
-1407
857
4661
1383558
38
121
-3
-1361
1013
3910
1384583
-67
143
-59
-1169
737
3798
1385608
-40
130
-35
-1263
619
3880
1386633
61
31
-21
-1215
702
3797
1387658
58
-22
4
-1230
708
3783
1388683
31
-51
26
-1284
724
3915
1389708
11
-71
42
-1346
669
3971
1390733
101
-109
39
-1339
791
4053
1391758
97
-97
34
-1310
882
4133
1392783
8
-44
30
-1317
836
4089
1385600
-5
-11
17
-1294
774
4079
1386625
32
-2
9
-1249
864
4098
1387650
-19
25
5
-1233
803
4021
1388675
-8
29
1
-1232
774
4001
1389700
16
11
-5
-1220
836
4005
1390725
-17
14
-8
-1248
778
3966
1391750
-3
-4
-9
-1270
734
3945
1392775
32
-27
-8
-1277
809
4015
1393800
0
-18
-5
-1280
772
4028
1394825
-4
-11
0
-1298
756
4029
1395850
15
-16
-2
-1279
816
4038
1396875
-12
1
-1
-1283
793
4026
1397900
-7
-1
-1
-1270
759
4007
1398925
18
-10
-1
-1253
822
4022
1399950
-6
-2
3
-1252
796
4007
1400975
-3
-4
5
-1270
789
3988
1393793
4
-11
4
-1270
815
4018
1394818
-3
-6
2
-1270
778
4024
1395843
8
-7
2
-1275
803
4034
1396868
-6
-1
4
-1272
786
4014
1397893
-6
1
4
-1268
776
3998
1398918
4
-7
4
-1262
785
4007
1399943
6
-6
5
-1284
780
4022
1400968
3
-8
0
-1275
795
4014
1401993
-11
-2
-2
-1272
773
4026
1403018
-3
-3
2
-1283
795
4021
1404043
-16
-1
4
-1282
788
3998
1405068
-4
-4
6
-1274
793
4012
1406093
3
-9
7
-1254
816
4031
1407118
-13
-3
7
-1260
762
3994
1408143
10
-4
2
-1258
785
4061
1409168
8
-2
2
-1267
806
4048
1401984
-8
8
2
-1273
768
3993
1403009
-5
5
3
-1279
773
4019
1404034
9
-3
0
-1281
801
4019
1405059
-2
0
-2
-1275
789
4013
1406084
1
1
1
-1280
786
4002
1407109
5
-3
2
-1273
799
4022
1408134
-5
1
6
-1286
781
4017
1409159
3
0
4
-1287
793
4017
1410184
4
3
3
-1276
808
4032
1411209
-2
10
0
-1282
798
4016
1412234
4
7
-1
-1281
803
4004
1413259
0
6
-4
-1274
787
3992
1414284
5
-1
-5
-1279
797
4001
1415309
4
-3
-3
-1273
784
4008
1416334
5
-4
-1
-1270
782
4022
1417359
4
-2
2
-1282
780
4025
1410430
4
-3
4
-1281
793
4014
1411455
5
-2
2
-1283
807
4020
1412480
-1
2
2
-1285
807
4025
1413505
-3
7
0
-1286
786
4003
1414530
2
2
-1
-1279
796
3993
1415555
-1
2
0
-1281
796
4002
1416580
2
1
3
-1282
798
3997
1417605
1
0
4
-1289
805
3993
1418630
-2
-2
5
-1283
806
3996
1419655
0
-5
5
-1279
787
4006
1420680
9
-10
5
-1285
792
4008
1421705
3
-10
1
-1288
796
4016
1422730
-7
-6
-2
-1281
789
4001
1423755
-9
-5
4
-1287
791
4005
1424780
-9
-6
7
-1288
806
4015
1425805
-8
-6
8
-1287
809
3999
1418368
-3
-6
7
-1284
811
4007
1419393
0
-7
6
-1274
813
4012
1420418
3
-9
5
-1274
805
4008
1421443
4
-7
2
-1281
798
4026
1422468
1
-5
0
-1291
781
4033
1423493
4
-4
-3
-1273
779
4018
1424518
0
-1
-1
-1275
789
4020
1425543
-12
6
3
-1286
772
4016
1426568
-9
5
6
-1293
790
3993
1427593
-7
-1
10
-1291
804
3975
1428618
-5
-6
14
-1288
785
3985
1429643
15
-14
13
-1284
804
4020
1430668
12
-12
8
-1266
807
4055
1431693
6
-3
7
-1272
794
4038
1432718
7
4
5
-1271
784
4039
1433743
2
12
5
-1286
778
4024
1426560
1
12
3
-1294
792
3998
1427585
-7
10
6
-1302
830
4012
1428610
-72
3
3
-1403
933
4058
1429635
-223
96
-80
-1181
628
4323
1430660
-81
105
62
-1201
525
3797
1431685
114
-91
112
-1294
1058
3746
1432710
-245
0
-7
-1304
772
3912
1433735
-78
-23
23
-1389
499
3690
1434760
223
-199
33
-1304
857
3743
1435785
160
-166
2
-1249
792
3949
1436810
116
-57
-5
-1211
758
4664
1437835
122
55
36
-1392
1042
4658
1438860
7
120
-29
-1322
1004
3988
1439885
-88
167
-68
-1214
761
3808
1440910
-6
127
-53
-1228
671
3867
1441935
80
36
-33
-1216
730
3873
1434752
27
0
-7
-1257
712
3823
1435777
-8
-30
15
-1315
738
3914
1436802
-13
-54
35
-1364
715
3955
1437827
24
-80
45
-1365
779
4010
1438852
24
-73
50
-1334
893
4114
1439877
-24
-28
51
-1343
823
4084
1440902
-1
-22
35
-1299
840
4059
1441927
7
-11
20
-1247
901
4062
1442952
-36
11
12
-1234
822
4010
1443977
-19
2
2
-1240
781
3965
1445002
11
-21
-8
-1223
873
4003
1446027
-37
-5
-7
-1270
779
3967
1447052
-14
-21
-8
-1292
785
3974
1448077
-4
-27
-5
-1299
815
4019
1449102
-30
-12
3
-1319
750
4035
1450127
4
-15
4
-1299
774
4020
1442944
10
-16
4
-1268
826
4035
1443969
-24
9
5
-1276
774
4035
1444994
-6
3
5
-1268
787
3993
1446019
-2
-5
1
-1255
794
3980
1447044
-3
-8
2
-1264
799
3994
1448069
-6
-11
2
-1279
775
3987
1449094
11
-20
3
-1277
803
4018
1450119
-4
-18
5
-1283
776
4010
1451144
1
-14
4
-1280
790
4041
1452169
3
-10
7
-1273
827
4049
1453194
-13
4
8
-1272
801
4001
1454219
5
1
3
-1267
843
4014
1455244
-4
3
-2
-1274
828
4007
1456269
-2
-1
-9
-1277
800
3985
1457294
12
-11
-12
-1265
825
4008
1458319
-9
-4
-8
-1282
759
3994
1451135
5
-13
-4
-1283
783
3987
1452160
0
-16
3
-1271
776
4004
1453185
1
-14
9
-1278
758
4025
1454210
6
-16
11
-1286
807
4027
1455235
-19
-5
8
-1281
781
4007
1456260
-8
-8
7
-1276
803
4013
1457285
-10
-10
8
-1267
814
4007
1458310
-13
-6
7
-1258
827
4013
1459335
-8
-5
6
-1261
815
4024
1460360
0
-6
3
-1263
818
4030
1461385
1
-5
-3
-1255
805
4004
1462410
12
-5
-9
-1251
814
4024
1463435
4
1
-12
-1265
795
4028
1464460
2
3
-14
-1277
760
4004
1465485
4
4
-12
-1281
767
4024
1466510
-6
6
-3
-1277
758
4004
1459328
-8
4
5
-1283
773
3975
1460353
-5
-2
14
-1291
796
3983
1461378
0
-7
17
-1281
808
4016
1462403
1
-7
16
-1275
833
4016
1463428
-8
-2
15
-1268
824
4019
1464453
2
-3
5
-1261
822
4013
1465478
10
-3
-4
-1258
822
4041
1466503
5
4
-9
-1263
801
4037
1467528
4
8
-11
-1267
787
4027
1468553
1
12
-10
-1287
785
4009
1469578
2
10
-8
-1291
772
3985
1470603
7
4
-3
-1289
774
3979
1471628
12
1
2
-1289
797
4011
1472653
3
3
7
-1291
795
4011
1473678
2
3
11
-1289
795
4000
1474703
1
-2
12
-1280
796
3989
1467520
1
-6
12
-1282
796
4002
1468545
3
-10
14
-1276
794
3991
1469570
7
-10
14
-1277
795
4013
1470595
6
-7
15
-1282
816
4049
1471620
-1
-1
15
-1286
808
4012
1472645
-10
0
14
-1282
850
4041
1473670
-89
4
9
-1396
911
4209
1474695
-249
82
-51
-1266
782
4326
1475720
-250
171
18
-971
437
4252
1476745
128
-11
163
-1382
843
3801
1477770
-338
-2
7
-1386
818
3113
1478795
-50
-133
14
-1335
246
2755
1479820
538
-358
-32
-1304
888
3693
1480845
335
-206
-54
-1222
1106
5268
1481870
49
78
-30
-1193
968
5756
1482895
-23
220
6
-1453
1149
4469
1475711
-159
253
-84
-1398
1035
3299
1476736
-165
191
-134
-1147
670
3299
1477761
17
80
-91
-1114
457
3766
1478786
157
-30
-30
-1166
713
4016
1479811
66
-38
-1
-1249
731
3917
1480836
-24
-23
22
-1361
714
3950
1481861
-12
-39
40
-1433
702
4002
1482886
61
-68
45
-1434
766
4046
1483911
78
-70
38
-1372
799
4063
1484936
62
-45
30
-1338
850
4076
1485961
-19
-12
23
-1303
804
4015
1486986
-27
12
21
-1272
802
4058
1488011
-25
18
24
-1254
807
4027
1489036
-9
15
23
-1251
829
3971
1490061
1
0
17
-1244
864
3947
1491086
-13
-3
11
-1275
825
3938
1483905
8
-17
5
-1298
861
3988
1484930
-9
-14
0
-1312
837
3990
1485955
-2
-12
-7
-1317
797
4019
1486980
14
-17
-14
-1306
850
4017
1488005
-23
5
-18
-1313
771
4000
1489030
-8
7
-14
-1323
778
4033
1490055
-14
3
-7
-1296
769
3972
1491080
-15
4
4
-1295
739
3971
1492105
-5
-8
15
-1299
786
3984
1493130
-13
-5
20
-1303
751
3983
1494155
17
-20
22
-1284
810
4004
1495180
2
-5
14
-1281
800
4002
1496205
-2
0
6
-1292
800
4027
1497230
-3
-7
7
-1299
806
4018
1498255
-9
-6
9
-1309
816
4037
1499280
-20
-2
9
-1308
818
3999
1492096
-15
-3
7
-1306
832
3998
1493121
-21
-3
7
-1291
811
3985
1494146
-15
-6
4
-1277
793
3994
1495171
-5
-8
1
-1271
803
4016
1496196
-5
-3
1
-1287
809
4028
1497221
-9
-2
-1
-1300
800
4016
1498246
-10
2
-4
-1299
798
4003
1499271
-9
7
-3
-1311
782
4013
1500296
-4
4
-2
-1314
780
3988
1501321
-5
4
3
-1307
773
3972
1502346
-10
3
12
-1308
765
3982
1503371
-8
-3
17
-1304
766
3978
1504396
-4
-12
21
-1300
786
3991
1505421
-11
-11
24
-1291
784
3994
1506446
-14
-9
28
-1294
796
3991
1507471
-28
-4
29
-1306
815
3991
1500287
-28
-1
30
-1304
850
3991
1501312
-17
7
34
-1297
759
4052
1502337
0
7
31
-1301
844
4075
1503362
-22
24
17
-1302
798
3979
1504387
-14
24
0
-1300
818
3979
1505412
-6
18
-9
-1281
842
3991
1506437
-18
19
-1
-1265
736
3978
1507462
-16
24
3
-1307
752
3984
1508487
-12
28
2
-1331
765
3994
1509512
-8
23
9
-1317
761
4003
1510537
-11
28
24
-1371
761
4072
1511562
-15
21
18
-1320
769
3980
1512587
3
14
36
-1336
775
4006
1513612
3
15
23
-1302
765
3977
1514637
19
4
27
-1303
818
4014
1515662
1
7
12
-1302
791
3977
1508480
-2
7
5
-1314
805
3992
1509505
1
-4
-2
-1328
884
3985
1510530
-66
-14
13
-1396
894
3903
1511555
-178
32
-15
-1378
664
4199
1512580
-120
91
-24
-1120
570
4339
1513605
126
-6
120
-1256
915
3967
1514630
-271
25
72
-1428
1031
3798
1515655
-342
81
-23
-1383
271
3458
1516680
272
-203
-26
-1452
638
3304
1517705
320
-243
-185
-1041
969
4253
1518730
-105
59
-89
-1119
757
5365
1519755
-120
184
99
-1857
861
4276
1520780
-42
48
-41
-1407
980
3350
1521805
-79
37
-77
-1136
545
3568
1522830
57
-42
-30
-1248
668
4053
1523855
60
-102
-6
-1214
731
4153
1516673
18
-92
24
-1275
686
4054
1517698
10
-74
27
-1325
721
4000
1518723
39
-72
24
-1355
742
3975
1519748
78
-71
18
-1362
766
4037
1520773
66
-52
7
-1349
861
4045
1521798
35
-13
-8
-1311
795
4075
1522823
7
-10
-12
-1302
779
3984
1523848
30
-17
-22
-1266
794
3966
1524873
18
-19
-19
-1265
819
3993
1525898
-24
-10
-22
-1269
719
4029
1526923
17
-27
-18
-1290
768
4011
1527948
-5
-26
-14
-1293
772
3979
1528973
-17
-14
-8
-1308
693
4011
1529998
26
-31
1
-1293
772
4042
1531023
-3
-17
4
-1283
767
4025
1532048
-18
-5
11
-1301
726
4028
1524864
12
-12
12
-1310
783
4016
1525889
-7
-1
11
-1316
774
3999
1526914
-24
1
11
-1322
726
3983
1527939
-18
-12
11
-1299
746
3968
1528964
-37
-18
20
-1299
765
3941
1529989
-46
-36
27
-1269
706
3949
1531014
-16
-69
33
-1249
766
3962
1532039
-22
-77
32
-1209
758
4040
1533064
-10
-73
35
-1217
769
4094
1534089
5
-64
31
-1228
775
4118
1535114
-5
-39
22
-1271
732
4073
1536139
-1
-27
12
-1290
699
4028
1537164
-17
-12
18
-1301
708
4007
1538189
-20
-9
43
-1300
755
4040
1539214
-29
-1
63
-1317
735
4019
1540239
-18
-8
68
-1266
768
4025
1533056
0
-8
71
-1211
755
4065
1534081
-12
-4
68
-1185
723
4027
1535106
-24
5
66
-1205
742
4039
1536131
-10
-7
67
-1210
758
4028
1537156
-15
-8
62
-1250
751
4005
1538181
0
-21
57
-1228
794
4050
1539206
0
-10
55
-1264
747
4058
1540231
23
-22
44
-1218
816
4068
1541256
5
4
37
-1229
744
4056
1542281
25
-1
27
-1184
818
4087
1543306
24
14
15
-1190
834
4076
1544331
15
25
-3
-1199
849
4072
1545356
11
40
-19
-1223
818
4045
1546381
15
37
-32
-1238
785
3995
1547406
15
32
-34
-1260
738
3975
1548431
13
26
-21
-1282
709
3989
1541247
7
24
5
-1301
685
4000
1542272
2
18
33
-1298
714
3995
1543297
-15
20
64
-1315
762
4026
1544322
-1
7
82
-1312
761
3906
1545347
-4
-3
82
-1294
734
3846
1546372
9
-23
90
-1270
766
3991
1547397
8
-49
86
-1241
893
4057
1548422
-19
-62
65
-1178
872
3969
1549447
-18
-71
38
-1177
935
3921
1550472
-33
-72
-5
-1183
924
3977
1551497
0
-69
-35
-1183
782
4138
1552522
58
-68
-38
-1197
773
4191
1553547
57
-35
-33
-1164
676
4203
1554572
28
-34
-39
-1241
766
4074
1555597
-8
-19
-23
-1248
695
4020
1556622
-4
40
-16
-1141
784
4040
1549440
-51
191
-11
-1270
809
4054
1550465
-35
97
3
-1381
751
4009
1551490
46
-56
34
-1202
771
3974
1552515
36
-3
19
-1169
862
3953
1553540
-62
109
-74
-1187
824
3976
1554565
-82
124
-49
-1324
790
3996
1555590
-65
41
-62
-1278
718
3978
1556615
-35
0
-51
-1357
832
4037
1557640
-68
-11
-105
-1192
716
4023
1558665
-80
60
-62
-1292
734
4038
1559690
-70
62
-52
-1305
712
4031
1560715
-45
43
-14
-1285
718
4023
1561740
-34
34
-8
-1332
689
4025
1562765
-13
2
-38
-1230
771
4007
1563790
-34
32
-12
-1285
735
4003
1564815
-7
-1
10
-1258
611
3984
1557632
63
-60
45
-1295
703
4021
1558657
87
-89
22
-1254
747
4010
1559682
31
3
-40
-1290
804
4068
1560707
-33
45
-14
-1312
721
4030
1561732
20
-25
72
-1306
710
4013
1562757
34
-36
52
-1274
813
4025
1563782
-19
2
28
-1259
793
4023
1564807
-41
23
25
-1261
725
4034
1565832
-18
11
43
-1290
697
4032
1566857
33
-36
86
-1278
695
4019
1567882
56
-60
143
-1280
751
4025
1568907
43
-53
149
-1261
764
4001
1569932
10
-9
130
-1273
773
4021
1570957
-16
8
94
-1297
784
4019
1571982
-23
7
32
-1310
775
4043
1573007
-1
-32
-2
-1297
690
4038
1565825
84
-107
33
-1236
737
4039
1566850
87
-85
64
-1223
821
4057
1567875
22
-28
45
-1236
807
4053
1568900
-22
-2
11
-1242
808
4042
1569925
-29
6
-19
-1226
777
4027
1570950
0
-9
-4
-1232
807
4032
1571975
9
-12
0
-1241
777
4035
1573000
